# Allpix Squared ASCII data - https://cern.ch/allpix-squared

=== 1 ===
=== 2 ===
=== 3 ===
=== 4 ===
=== 5 ===
=== 6 ===
=== 7 ===
=== 8 ===
=== 9 ===
=== 10 ===
=== 11 ===
=== 12 ===
=== 13 ===
=== 14 ===
=== 15 ===
=== 16 ===
=== 17 ===
--- mydetector ---
PixelHit 505, 897, 6.3413, 0
PixelHit 505, 898, 1.09001, 0
PixelHit 506, 895, 1.47914, 0
PixelHit 506, 896, 34.0949, 0
PixelHit 506, 897, 172.061, 0
PixelHit 506, 898, 4.85896, 0
PixelHit 507, 895, 10.9705, 0
PixelHit 507, 896, 106.096, 0
PixelHit 507, 897, 19.9139, 0
PixelHit 508, 893, 3.01611, 0
PixelHit 508, 894, 50.8243, 0
PixelHit 508, 895, 14.0793, 0
PixelHit 508, 896, 14.9432, 0
PixelHit 509, 892, 2.40671, 0
PixelHit 509, 893, 37.9269, 0
PixelHit 509, 894, 203.895, 0
PixelHit 509, 895, 39.467, 0
PixelHit 510, 892, 27.7692, 0
PixelHit 510, 893, 53.5282, 0
PixelHit 510, 894, 18.9151, 0
PixelHit 510, 895, 3.05887, 0
PixelHit 511, 890, 0.82188, 0
PixelHit 511, 891, 15.0331, 0
PixelHit 511, 892, 69.9337, 0
PixelHit 511, 893, 19.4815, 0
PixelHit 512, 890, 2.89212, 0
PixelHit 512, 891, 17.1539, 0
PixelHit 512, 892, 19.4986, 0
PixelHit 512, 893, 1.27608, 0
PixelHit 513, 888, 3.16204, 0
PixelHit 513, 889, 17.1123, 0
PixelHit 513, 890, 16.5007, 0
PixelHit 513, 891, 2.1267, 0
PixelHit 513, 892, 1.13681, 0
PixelHit 514, 887, 11.7388, 0
PixelHit 514, 888, 46.0615, 0
PixelHit 514, 889, 53.1421, 0
PixelHit 514, 890, 10.0685, 0
PixelHit 515, 886, 0.735441, 0
PixelHit 515, 887, 12.1632, 0
PixelHit 515, 888, 38.5944, 0
PixelHit 515, 889, 41.6692, 0
PixelHit 515, 890, 3.27187, 0
PixelHit 516, 884, 1.26283, 0
PixelHit 516, 885, 4.02843, 0
PixelHit 516, 886, 6.25629, 0
PixelHit 516, 887, 7.19945, 0
PixelHit 516, 888, 4.19653, 0
PixelHit 517, 882, 2.35399, 0
PixelHit 517, 883, 4.83478, 0
PixelHit 517, 884, 4.29794, 0
PixelHit 517, 885, 22.9926, 0
PixelHit 517, 886, 29.8549, 0
PixelHit 517, 887, 7.45208, 0
PixelHit 517, 888, 1.68018, 0
PixelHit 518, 881, 2.28462, 0
PixelHit 518, 882, 5.84459, 0
PixelHit 518, 883, 25.8296, 0
PixelHit 518, 884, 40.194, 0
PixelHit 518, 885, 24.3949, 0
PixelHit 518, 886, 17.8934, 0
PixelHit 518, 887, 5.7803, 0
PixelHit 519, 880, 4.60574, 0
PixelHit 519, 881, 6.07848, 0
PixelHit 519, 882, 28.2883, 0
PixelHit 519, 883, 122.247, 0
PixelHit 519, 884, 90.397, 0
PixelHit 519, 885, 27.9902, 0
PixelHit 520, 879, 3.46169, 0
PixelHit 520, 880, 12.2604, 0
PixelHit 520, 881, 70.5535, 0
PixelHit 520, 882, 163.162, 0
PixelHit 520, 883, 131.483, 0
PixelHit 520, 884, 77.9121, 0
PixelHit 520, 885, 20.435, 0
PixelHit 521, 878, 1.54889, 0
PixelHit 521, 879, 7.43971, 0
PixelHit 521, 880, 20.3815, 0
PixelHit 521, 881, 158.533, 0
PixelHit 521, 882, 258.668, 0
PixelHit 521, 883, 136.367, 0
PixelHit 521, 884, 21.1548, 0
PixelHit 522, 879, 7.42843, 0
PixelHit 522, 880, 37.8835, 0
PixelHit 522, 881, 101.451, 0
PixelHit 522, 882, 113.903, 0
PixelHit 522, 883, 52.1839, 0
PixelHit 522, 884, 6.32839, 0
PixelHit 522, 885, 1.67921, 0
PixelHit 523, 877, 5.82777, 0
PixelHit 523, 878, 11.0666, 0
PixelHit 523, 879, 17.9478, 0
PixelHit 523, 880, 16.8983, 0
PixelHit 523, 881, 22.4957, 0
PixelHit 523, 882, 13.3174, 0
PixelHit 523, 883, 5.56899, 0
PixelHit 524, 876, 2.27821, 0
PixelHit 524, 877, 10.5245, 0
PixelHit 524, 878, 19.9018, 0
PixelHit 524, 879, 16.9912, 0
PixelHit 524, 880, 15.0048, 0
PixelHit 524, 881, 4.59367, 0
PixelHit 525, 875, 5.99735, 0
PixelHit 525, 876, 11.4045, 0
PixelHit 525, 877, 8.0184, 0
PixelHit 525, 878, 19.0747, 0
PixelHit 525, 879, 16.8236, 0
PixelHit 525, 880, 6.46345, 0
PixelHit 526, 873, 2.16022, 0
PixelHit 526, 874, 3.93912, 0
PixelHit 526, 875, 15.2095, 0
PixelHit 526, 876, 31.1211, 0
PixelHit 526, 877, 23.6458, 0
PixelHit 526, 878, 12.2048, 0
PixelHit 526, 879, 4.24778, 0
PixelHit 527, 872, 5.14758, 0
PixelHit 527, 873, 13.1002, 0
PixelHit 527, 874, 20.2507, 0
PixelHit 527, 875, 20.1557, 0
PixelHit 527, 876, 24.3675, 0
PixelHit 527, 877, 16.5419, 0
PixelHit 527, 878, 6.05744, 0
PixelHit 527, 880, 1.37615, 0
PixelHit 528, 871, 2.57864, 0
PixelHit 528, 872, 18.5791, 0
PixelHit 528, 873, 31.2281, 0
PixelHit 528, 874, 58.5438, 0
PixelHit 528, 875, 35.2525, 0
PixelHit 528, 876, 18.2072, 0
PixelHit 528, 877, 9.32584, 0
PixelHit 528, 878, 4.10794, 0
PixelHit 529, 869, 1.26561, 0
PixelHit 529, 870, 4.41107, 0
PixelHit 529, 871, 6.344, 0
PixelHit 529, 872, 26.9901, 0
PixelHit 529, 873, 46.6855, 0
PixelHit 529, 874, 89.2148, 0
PixelHit 529, 875, 45.7349, 0
PixelHit 529, 876, 9.62811, 0
PixelHit 529, 877, 4.08977, 0
PixelHit 530, 869, 5.43601, 0
PixelHit 530, 870, 10.9248, 0
PixelHit 530, 871, 20.3038, 0
PixelHit 530, 872, 25.3773, 0
PixelHit 530, 873, 33.8501, 0
PixelHit 530, 874, 45.6604, 0
PixelHit 530, 875, 26.2141, 0
PixelHit 530, 876, 2.06383, 0
PixelHit 531, 868, 4.99107, 0
PixelHit 531, 869, 16.4653, 0
PixelHit 531, 870, 43.961, 0
PixelHit 531, 871, 51.6618, 0
PixelHit 531, 872, 57.7081, 0
PixelHit 531, 873, 22.0533, 0
PixelHit 531, 874, 9.24999, 0
PixelHit 531, 875, 1.79373, 0
PixelHit 532, 866, 1.61104, 0
PixelHit 532, 867, 2.0072, 0
PixelHit 532, 868, 4.4384, 0
PixelHit 532, 869, 15.9049, 0
PixelHit 532, 870, 46.0499, 0
PixelHit 532, 871, 71.6171, 0
PixelHit 532, 872, 40.9199, 0
PixelHit 532, 873, 16.2565, 0
PixelHit 533, 868, 5.84475, 0
PixelHit 533, 869, 20.6059, 0
PixelHit 533, 870, 37.0531, 0
PixelHit 533, 871, 27.191, 0
PixelHit 533, 872, 18.8995, 0
PixelHit 533, 873, 12.4674, 0
PixelHit 533, 874, 2.35319, 0
PixelHit 534, 866, 4.02396, 0
PixelHit 534, 867, 7.78617, 0
PixelHit 534, 868, 13.1421, 0
PixelHit 534, 869, 20.1284, 0
PixelHit 534, 870, 18.9314, 0
PixelHit 534, 871, 3.18381, 0
PixelHit 534, 872, 4.94246, 0
PixelHit 535, 863, 0.86873, 0
PixelHit 535, 864, 1.43445, 0
PixelHit 535, 865, 3.6307, 0
PixelHit 535, 866, 13.274, 0
PixelHit 535, 867, 11.7408, 0
PixelHit 535, 868, 6.52352, 0
PixelHit 535, 869, 8.9639, 0
PixelHit 535, 870, 3.34199, 0
PixelHit 535, 871, 2.60208, 0
PixelHit 536, 863, 5.47759, 0
PixelHit 536, 864, 9.35614, 0
PixelHit 536, 865, 20.8433, 0
PixelHit 536, 866, 23.4233, 0
PixelHit 536, 867, 22.1001, 0
PixelHit 536, 868, 10.4835, 0
PixelHit 536, 869, 7.12139, 0
PixelHit 536, 870, 2.63015, 0
PixelHit 537, 861, 1.35284, 0
PixelHit 537, 862, 4.50529, 0
PixelHit 537, 863, 10.6309, 0
PixelHit 537, 864, 17.7475, 0
PixelHit 537, 865, 25.1247, 0
PixelHit 537, 866, 34.1203, 0
PixelHit 537, 867, 24.7393, 0
PixelHit 537, 868, 4.14695, 0
PixelHit 537, 869, 1.03529, 0
PixelHit 538, 861, 3.71423, 0
PixelHit 538, 862, 9.00834, 0
PixelHit 538, 863, 18.6734, 0
PixelHit 538, 864, 26.0865, 0
PixelHit 538, 865, 22.1744, 0
PixelHit 538, 866, 18.165, 0
PixelHit 538, 868, 8.07654, 0
PixelHit 538, 869, 2.11543, 0
PixelHit 539, 860, 1.34711, 0
PixelHit 539, 861, 7.73752, 0
PixelHit 539, 862, 9.45927, 0
PixelHit 539, 863, 18.4844, 0
PixelHit 539, 864, 24.8319, 0
PixelHit 539, 865, 17.5315, 0
PixelHit 539, 866, 9.97038, 0
PixelHit 540, 859, 1.17569, 0
PixelHit 540, 861, 10.192, 0
PixelHit 540, 862, 7.50029, 0
PixelHit 540, 863, 13.8042, 0
PixelHit 540, 864, 12.1229, 0
PixelHit 540, 865, 10.4927, 0
PixelHit 540, 866, 2.12859, 0
PixelHit 540, 867, 1.81992, 0
PixelHit 541, 860, 2.74928, 0
PixelHit 541, 862, 3.82047, 0
PixelHit 541, 863, 9.36436, 0
PixelHit 541, 864, 7.14506, 0
PixelHit 541, 865, 2.4181, 0
PixelHit 542, 862, 2.13198, 0
PixelHit 542, 864, 3.06097, 0
PixelHit 543, 861, 1.74223, 0
PixelHit 979, 1693, 4.85574, 0
PixelHit 979, 1694, 14.9014, 0
PixelHit 979, 1695, 18.8269, 0
PixelHit 980, 1692, 14.4204, 0
PixelHit 980, 1693, 58.7586, 0
PixelHit 980, 1694, 16.6539, 0
PixelHit 981, 1690, 2.82966, 0
PixelHit 981, 1691, 10.8789, 0
PixelHit 981, 1692, 26.2157, 0
PixelHit 981, 1693, 6.24955, 0
PixelHit 982, 1688, 2.00113, 0
PixelHit 982, 1689, 30.8327, 0
PixelHit 982, 1690, 57.465, 0
PixelHit 982, 1691, 6.44184, 0
PixelHit 982, 1692, 2.96818, 0
PixelHit 983, 1687, 3.41062, 0
PixelHit 983, 1688, 28.289, 0
PixelHit 983, 1689, 193.085, 0
PixelHit 983, 1690, 106.921, 0
PixelHit 983, 1691, 5.7822, 0
PixelHit 984, 1686, 13.5208, 0
PixelHit 984, 1687, 41.2059, 0
PixelHit 984, 1688, 43.3916, 0
PixelHit 984, 1689, 46.2152, 0
PixelHit 984, 1690, 19.0644, 0
PixelHit 985, 1685, 16.7935, 0
PixelHit 985, 1686, 49.1953, 0
PixelHit 985, 1687, 89.2015, 0
PixelHit 985, 1688, 26.3835, 0
PixelHit 985, 1689, 2.23935, 0
PixelHit 986, 1683, 1.44709, 0
PixelHit 986, 1684, 14.7061, 0
PixelHit 986, 1685, 31.8799, 0
PixelHit 986, 1686, 54.1357, 0
PixelHit 986, 1687, 20.7549, 0
PixelHit 986, 1688, 3.46741, 0
PixelHit 987, 1681, 5.12477, 0
PixelHit 987, 1682, 12.3321, 0
PixelHit 987, 1683, 11.3431, 0
PixelHit 987, 1684, 22.5944, 0
PixelHit 987, 1685, 21.3767, 0
PixelHit 987, 1686, 9.61583, 0
PixelHit 987, 1687, 2.25977, 0
PixelHit 988, 1679, 1.37476, 0
PixelHit 988, 1680, 3.84947, 0
PixelHit 988, 1681, 20.0342, 0
PixelHit 988, 1682, 45.8194, 0
PixelHit 988, 1683, 20.1103, 0
PixelHit 988, 1684, 13.2785, 0
PixelHit 988, 1685, 7.67055, 0
PixelHit 989, 1678, 1.2532, 0
PixelHit 989, 1679, 7.12332, 0
PixelHit 989, 1680, 21.9459, 0
PixelHit 989, 1681, 62.5579, 0
PixelHit 989, 1682, 62.7857, 0
PixelHit 989, 1683, 9.05375, 0
PixelHit 989, 1684, 1.78593, 0
PixelHit 990, 1677, 1.56487, 0
PixelHit 990, 1678, 7.43182, 0
PixelHit 990, 1679, 21.6699, 0
PixelHit 990, 1680, 41.3638, 0
PixelHit 990, 1681, 40.8083, 0
PixelHit 990, 1682, 14.9506, 0
PixelHit 990, 1683, 5.92175, 0
PixelHit 991, 1675, 2.37225, 0
PixelHit 991, 1676, 5.83731, 0
PixelHit 991, 1677, 20.3631, 0
PixelHit 991, 1678, 35.4542, 0
PixelHit 991, 1679, 38.256, 0
PixelHit 991, 1680, 31.1184, 0
PixelHit 991, 1681, 8.40371, 0
PixelHit 991, 1682, 4.95037, 0
PixelHit 991, 1683, 2.08377, 0
PixelHit 992, 1674, 0.571852, 0
PixelHit 992, 1675, 4.48217, 0
PixelHit 992, 1676, 15.6762, 0
PixelHit 992, 1677, 30.6091, 0
PixelHit 992, 1678, 39.9945, 0
PixelHit 992, 1679, 12.8682, 0
PixelHit 992, 1680, 8.95456, 0
PixelHit 992, 1681, 4.20241, 0
PixelHit 993, 1674, 6.33312, 0
PixelHit 993, 1675, 9.86086, 0
PixelHit 993, 1676, 23.4514, 0
PixelHit 993, 1677, 25.2918, 0
PixelHit 993, 1678, 22.3834, 0
PixelHit 993, 1679, 6.70024, 0
PixelHit 994, 1672, 1.98392, 0
PixelHit 994, 1673, 7.44627, 0
PixelHit 994, 1674, 5.26634, 0
PixelHit 994, 1675, 9.62734, 0
PixelHit 994, 1676, 11.9566, 0
PixelHit 994, 1677, 7.04608, 0
PixelHit 994, 1678, 7.16095, 0
PixelHit 995, 1671, 3.66677, 0
PixelHit 995, 1672, 7.27768, 0
PixelHit 995, 1673, 8.32717, 0
PixelHit 995, 1674, 13.9568, 0
PixelHit 995, 1675, 13.1352, 0
PixelHit 995, 1676, 2.44406, 0
PixelHit 995, 1677, 2.13307, 0
PixelHit 996, 1669, 2.65373, 0
PixelHit 996, 1670, 3.17386, 0
PixelHit 996, 1671, 29.1387, 0
PixelHit 996, 1672, 19.9063, 0
PixelHit 996, 1673, 4.59218, 0
PixelHit 996, 1674, 13.1847, 0
PixelHit 996, 1675, 3.876, 0
PixelHit 996, 1676, 0.794526, 0
PixelHit 997, 1668, 3.37836, 0
PixelHit 997, 1669, 7.97434, 0
PixelHit 997, 1670, 14.3196, 0
PixelHit 997, 1671, 22.152, 0
PixelHit 997, 1672, 17.4506, 0
PixelHit 997, 1673, 13.9616, 0
PixelHit 997, 1675, 3.44553, 0
PixelHit 998, 1667, 1.86347, 0
PixelHit 998, 1668, 10.4049, 0
PixelHit 998, 1669, 22.0898, 0
PixelHit 998, 1670, 19.7584, 0
PixelHit 998, 1671, 14.6878, 0
PixelHit 998, 1672, 11.6803, 0
PixelHit 999, 1664, 1.37272, 0
PixelHit 999, 1665, 1.01417, 0
PixelHit 999, 1666, 3.94773, 0
PixelHit 999, 1667, 10.1128, 0
PixelHit 999, 1668, 19.7375, 0
PixelHit 999, 1669, 28.9988, 0
PixelHit 999, 1670, 17.8769, 0
PixelHit 999, 1671, 13.4698, 0
PixelHit 999, 1672, 5.2221, 0
PixelHit 999, 1673, 1.76806, 0
PixelHit 999, 1674, 2.66316, 0
PixelHit 1000, 1663, 3.09693, 0
PixelHit 1000, 1664, 5.60962, 0
PixelHit 1000, 1665, 5.15923, 0
PixelHit 1000, 1666, 10.2957, 0
PixelHit 1000, 1667, 15.8996, 0
PixelHit 1000, 1668, 15.3509, 0
PixelHit 1000, 1669, 16.7604, 0
PixelHit 1000, 1670, 6.75216, 0
PixelHit 1000, 1671, 3.22861, 0
PixelHit 1001, 1662, 6.08062, 0
PixelHit 1001, 1663, 12.9337, 0
PixelHit 1001, 1664, 38.8959, 0
PixelHit 1001, 1665, 30.2028, 0
PixelHit 1001, 1666, 9.83655, 0
PixelHit 1001, 1667, 4.60575, 0
PixelHit 1001, 1668, 8.58667, 0
PixelHit 1001, 1669, 3.82582, 0
PixelHit 1002, 1661, 6.13526, 0
PixelHit 1002, 1662, 13.5554, 0
PixelHit 1002, 1663, 37.9956, 0
PixelHit 1002, 1664, 53.1269, 0
PixelHit 1002, 1665, 47.2082, 0
PixelHit 1002, 1666, 18.6631, 0
PixelHit 1002, 1667, 4.3196, 0
PixelHit 1003, 1660, 1.27919, 0
PixelHit 1003, 1661, 5.42513, 0
PixelHit 1003, 1662, 32.9664, 0
PixelHit 1003, 1663, 54.5823, 0
PixelHit 1003, 1664, 62.2875, 0
PixelHit 1003, 1665, 49.057, 0
PixelHit 1003, 1666, 15.8563, 0
PixelHit 1003, 1667, 4.37, 0
PixelHit 1003, 1668, 1.75824, 0
PixelHit 1004, 1658, 4.17697, 0
PixelHit 1004, 1659, 3.19533, 0
PixelHit 1004, 1660, 5.68979, 0
PixelHit 1004, 1661, 5.68436, 0
PixelHit 1004, 1662, 24.608, 0
PixelHit 1004, 1663, 39.9581, 0
PixelHit 1004, 1664, 43.5251, 0
PixelHit 1004, 1665, 19.0906, 0
PixelHit 1004, 1666, 5.81013, 0
PixelHit 1004, 1667, 2.54661, 0
PixelHit 1005, 1658, 8.57486, 0
PixelHit 1005, 1659, 8.47838, 0
PixelHit 1005, 1660, 10.4831, 0
PixelHit 1005, 1661, 11.4502, 0
PixelHit 1005, 1662, 5.27674, 0
PixelHit 1005, 1663, 8.2753, 0
PixelHit 1005, 1664, 10.7, 0
PixelHit 1005, 1665, 7.37406, 0
PixelHit 1005, 1666, 1.04373, 0
PixelHit 1006, 1656, 6.71836, 0
PixelHit 1006, 1657, 12.1834, 0
PixelHit 1006, 1658, 11.698, 0
PixelHit 1006, 1659, 17.7071, 0
PixelHit 1006, 1660, 17.3707, 0
PixelHit 1006, 1661, 6.23425, 0
PixelHit 1006, 1662, 1.43014, 0
PixelHit 1006, 1663, 5.00872, 0
PixelHit 1006, 1664, 2.82073, 0
PixelHit 1006, 1665, 0.852398, 0
PixelHit 1007, 1655, 7.27086, 0
PixelHit 1007, 1656, 13.6363, 0
PixelHit 1007, 1657, 20.5044, 0
PixelHit 1007, 1658, 22.2293, 0
PixelHit 1007, 1659, 16.4391, 0
PixelHit 1007, 1660, 10.1659, 0
PixelHit 1007, 1661, 5.8849, 0
PixelHit 1007, 1662, 3.03528, 0
PixelHit 1008, 1654, 1.54849, 0
PixelHit 1008, 1655, 14.2716, 0
PixelHit 1008, 1656, 23.0032, 0
PixelHit 1008, 1657, 21.8458, 0
PixelHit 1008, 1658, 19.8618, 0
PixelHit 1008, 1659, 4.59374, 0
PixelHit 1008, 1660, 7.33477, 0
PixelHit 1008, 1661, 3.2355, 0
PixelHit 1009, 1653, 3.89459, 0
PixelHit 1009, 1654, 2.87716, 0
PixelHit 1009, 1655, 7.50594, 0
PixelHit 1009, 1656, 31.6417, 0
PixelHit 1009, 1657, 24.1463, 0
PixelHit 1009, 1658, 13.0825, 0
PixelHit 1009, 1659, 6.70613, 0
PixelHit 1009, 1661, 1.52474, 0
PixelHit 1010, 1654, 3.73794, 0
PixelHit 1010, 1655, 10.7669, 0
PixelHit 1010, 1656, 14.317, 0
PixelHit 1010, 1657, 8.66342, 0
PixelHit 1010, 1658, 4.79618, 0
PixelHit 1011, 1655, 3.00711, 0
PixelHit 1011, 1656, 2.72795, 0
PixelHit 1011, 1657, 4.28445, 0
PixelHit 1011, 1658, 2.59685, 0
PixelHit 1011, 1660, 1.50919, 0
PixelHit 1012, 1657, 2.32301, 0
=== 18 ===
=== 19 ===
=== 20 ===
--- mydetector ---
PixelHit 1175, 903, 7.86329, 0
PixelHit 1175, 904, 15.23, 0
PixelHit 1176, 902, 12.0413, 0
PixelHit 1176, 903, 94.0655, 0
PixelHit 1176, 904, 12.7603, 0
PixelHit 1176, 905, 0.845081, 0
PixelHit 1177, 901, 33.3884, 0
PixelHit 1177, 902, 81.142, 0
PixelHit 1177, 903, 13.9546, 0
PixelHit 1178, 899, 0.907562, 0
PixelHit 1178, 900, 19.3148, 0
PixelHit 1178, 901, 58.4147, 0
PixelHit 1178, 902, 17.2162, 0
PixelHit 1179, 897, 0.255891, 0
PixelHit 1179, 898, 6.45513, 0
PixelHit 1179, 899, 25.014, 0
PixelHit 1179, 900, 23.7054, 0
PixelHit 1179, 901, 8.92542, 0
PixelHit 1180, 897, 9.21059, 0
PixelHit 1180, 898, 40.9729, 0
PixelHit 1180, 899, 42.994, 0
PixelHit 1180, 900, 5.97957, 0
PixelHit 1180, 901, 3.15572, 0
PixelHit 1181, 895, 2.03444, 0
PixelHit 1181, 896, 11.9526, 0
PixelHit 1181, 897, 26.3297, 0
PixelHit 1181, 898, 38.6899, 0
PixelHit 1181, 899, 11.1022, 0
PixelHit 1182, 894, 5.0125, 0
PixelHit 1182, 895, 12.5316, 0
PixelHit 1182, 896, 38.0956, 0
PixelHit 1182, 897, 35.1081, 0
PixelHit 1182, 898, 4.91569, 0
PixelHit 1183, 892, 2.11803, 0
PixelHit 1183, 893, 3.10766, 0
PixelHit 1183, 894, 18.0193, 0
PixelHit 1183, 895, 36.4157, 0
PixelHit 1183, 896, 22.832, 0
PixelHit 1183, 897, 7.85842, 0
PixelHit 1184, 892, 6.41339, 0
PixelHit 1184, 893, 22.6786, 0
PixelHit 1184, 894, 45.2637, 0
PixelHit 1184, 895, 21.0489, 0
PixelHit 1184, 896, 5.2201, 0
PixelHit 1185, 891, 7.80166, 0
PixelHit 1185, 892, 16.5242, 0
PixelHit 1185, 893, 41.0505, 0
PixelHit 1185, 894, 23.3563, 0
PixelHit 1185, 895, 8.16372, 0
PixelHit 1185, 896, 3.10859, 0
PixelHit 1186, 889, 3.11474, 0
PixelHit 1186, 890, 9.12512, 0
PixelHit 1186, 891, 30.139, 0
PixelHit 1186, 892, 36.1053, 0
PixelHit 1186, 893, 15.7168, 0
PixelHit 1186, 894, 9.44672, 0
PixelHit 1187, 889, 4.35298, 0
PixelHit 1187, 890, 25.9231, 0
PixelHit 1187, 891, 26.4184, 0
PixelHit 1187, 892, 18.2924, 0
PixelHit 1188, 887, 2.29784, 0
PixelHit 1188, 888, 5.0808, 0
PixelHit 1188, 889, 24.5174, 0
PixelHit 1188, 890, 15.1128, 0
PixelHit 1188, 891, 21.6251, 0
PixelHit 1188, 892, 4.25179, 0
PixelHit 1189, 886, 1.88897, 0
PixelHit 1189, 887, 2.67638, 0
PixelHit 1189, 888, 10.0347, 0
PixelHit 1189, 889, 17.0252, 0
PixelHit 1189, 890, 8.77839, 0
PixelHit 1189, 891, 6.22499, 0
PixelHit 1190, 885, 0.46953, 0
PixelHit 1190, 886, 3.75472, 0
PixelHit 1190, 887, 9.7658, 0
PixelHit 1190, 888, 9.3243, 0
PixelHit 1190, 889, 7.88081, 0
PixelHit 1191, 883, 3.71004, 0
PixelHit 1191, 884, 3.67927, 0
PixelHit 1191, 885, 8.05237, 0
PixelHit 1191, 886, 11.655, 0
PixelHit 1191, 887, 7.7172, 0
PixelHit 1191, 888, 5.04898, 0
PixelHit 1192, 881, 2.30219, 0
PixelHit 1192, 882, 3.76442, 0
PixelHit 1192, 883, 19.7672, 0
PixelHit 1192, 884, 19.106, 0
PixelHit 1192, 885, 15.0356, 0
PixelHit 1192, 886, 6.25391, 0
PixelHit 1193, 881, 6.0695, 0
PixelHit 1193, 882, 14.7936, 0
PixelHit 1193, 883, 41.4384, 0
PixelHit 1193, 884, 32.8499, 0
PixelHit 1193, 885, 16.0935, 0
PixelHit 1193, 886, 0.753949, 0
PixelHit 1194, 880, 7.65194, 0
PixelHit 1194, 881, 12.1838, 0
PixelHit 1194, 882, 34.7216, 0
PixelHit 1194, 883, 38.3127, 0
PixelHit 1194, 884, 33.5272, 0
PixelHit 1194, 885, 16.2362, 0
PixelHit 1194, 886, 2.90456, 0
PixelHit 1195, 878, 2.3489, 0
PixelHit 1195, 880, 7.90672, 0
PixelHit 1195, 881, 17.6884, 0
PixelHit 1195, 882, 34.7873, 0
PixelHit 1195, 883, 24.6155, 0
PixelHit 1195, 884, 17.2806, 0
PixelHit 1195, 885, 8.95615, 0
PixelHit 1196, 877, 2.08508, 0
PixelHit 1196, 878, 12.4068, 0
PixelHit 1196, 879, 11.8731, 0
PixelHit 1196, 880, 14.2459, 0
PixelHit 1196, 881, 8.51413, 0
PixelHit 1196, 882, 13.9203, 0
PixelHit 1196, 883, 9.58775, 0
PixelHit 1197, 875, 0.636738, 0
PixelHit 1197, 876, 3.50429, 0
PixelHit 1197, 877, 4.34416, 0
PixelHit 1197, 878, 17.672, 0
PixelHit 1197, 879, 25.9319, 0
PixelHit 1197, 880, 17.1608, 0
PixelHit 1197, 881, 5.59015, 0
PixelHit 1197, 882, 8.76407, 0
PixelHit 1197, 883, 2.66368, 0
PixelHit 1198, 874, 0.20719, 0
PixelHit 1198, 875, 5.67289, 0
PixelHit 1198, 876, 8.3122, 0
PixelHit 1198, 877, 12.2927, 0
PixelHit 1198, 878, 25.6555, 0
PixelHit 1198, 879, 25.8831, 0
PixelHit 1198, 880, 20.8915, 0
PixelHit 1198, 881, 4.52286, 0
PixelHit 1199, 874, 2.15785, 0
PixelHit 1199, 875, 13.9247, 0
PixelHit 1199, 876, 17.1493, 0
PixelHit 1199, 877, 18.4039, 0
PixelHit 1199, 878, 25.9057, 0
PixelHit 1199, 879, 9.09697, 0
PixelHit 1199, 880, 10.4895, 0
PixelHit 1200, 873, 5.33486, 0
PixelHit 1200, 874, 8.30824, 0
PixelHit 1200, 875, 16.1275, 0
PixelHit 1200, 876, 29.5013, 0
PixelHit 1200, 877, 26.4781, 0
PixelHit 1200, 878, 9.22639, 0
PixelHit 1201, 871, 1.99563, 0
PixelHit 1201, 872, 7.86462, 0
PixelHit 1201, 873, 7.38701, 0
PixelHit 1201, 874, 12.4861, 0
PixelHit 1201, 875, 12.3805, 0
PixelHit 1201, 876, 20.4808, 0
PixelHit 1201, 877, 7.7777, 0
PixelHit 1201, 880, 2.63236, 0
PixelHit 1202, 870, 3.57376, 0
PixelHit 1202, 871, 5.85015, 0
PixelHit 1202, 872, 8.19204, 0
PixelHit 1202, 873, 9.08078, 0
PixelHit 1202, 874, 20.4529, 0
PixelHit 1202, 875, 12.1666, 0
PixelHit 1202, 876, 8.0676, 0
PixelHit 1202, 877, 8.33551, 0
PixelHit 1202, 878, 1.71653, 0
PixelHit 1202, 879, 1.79729, 0
PixelHit 1203, 869, 1.85237, 0
PixelHit 1203, 870, 4.08418, 0
PixelHit 1203, 871, 8.91784, 0
PixelHit 1203, 872, 15.2658, 0
PixelHit 1203, 873, 20.6121, 0
PixelHit 1203, 874, 18.5898, 0
PixelHit 1203, 875, 9.7442, 0
PixelHit 1203, 876, 4.49509, 0
PixelHit 1204, 869, 4.81125, 0
PixelHit 1204, 870, 10.1953, 0
PixelHit 1204, 871, 9.24576, 0
PixelHit 1204, 872, 12.554, 0
PixelHit 1204, 873, 17.8249, 0
PixelHit 1204, 874, 8.9365, 0
PixelHit 1204, 875, 6.61228, 0
PixelHit 1205, 866, 1.59889, 0
PixelHit 1205, 867, 1.93903, 0
PixelHit 1205, 869, 7.69036, 0
PixelHit 1205, 870, 7.72192, 0
PixelHit 1205, 871, 10.9772, 0
PixelHit 1205, 872, 11.4582, 0
PixelHit 1205, 873, 10.597, 0
PixelHit 1205, 874, 3.65966, 0
PixelHit 1205, 875, 1.50978, 0
PixelHit 1206, 868, 5.03439, 0
PixelHit 1206, 869, 5.63979, 0
PixelHit 1206, 870, 5.28176, 0
PixelHit 1206, 871, 7.62718, 0
PixelHit 1206, 872, 2.92045, 0
PixelHit 1206, 873, 1.3642, 0
PixelHit 1206, 876, 1.41284, 0
PixelHit 1207, 867, 0.66447, 0
PixelHit 1207, 869, 6.21506, 0
PixelHit 1207, 870, 5.64652, 0
PixelHit 1207, 871, 2.5662, 0
PixelHit 1207, 872, 3.33772, 0
PixelHit 1208, 868, 3.72177, 0
PixelHit 1208, 869, 1.13301, 0
=== 21 ===
=== 22 ===
=== 23 ===
=== 24 ===
=== 25 ===
=== 26 ===
=== 27 ===
=== 28 ===
=== 29 ===
=== 30 ===
=== 31 ===
=== 32 ===
=== 33 ===
=== 34 ===
=== 35 ===
=== 36 ===
=== 37 ===
=== 38 ===
=== 39 ===
=== 40 ===
=== 41 ===
=== 42 ===
=== 43 ===
=== 44 ===
=== 45 ===
=== 46 ===
=== 47 ===
=== 48 ===
=== 49 ===
=== 50 ===
=== 51 ===
=== 52 ===
=== 53 ===
=== 54 ===
=== 55 ===
=== 56 ===
=== 57 ===
=== 58 ===
=== 59 ===
=== 60 ===
=== 61 ===
=== 62 ===
=== 63 ===
=== 64 ===
=== 65 ===
=== 66 ===
=== 67 ===
=== 68 ===
=== 69 ===
=== 70 ===
=== 71 ===
=== 72 ===
=== 73 ===
--- mydetector ---
PixelHit 1252, 1847, 11.1904, 0
PixelHit 1252, 1848, 3.40646, 0
PixelHit 1253, 1845, 1.70274, 0
PixelHit 1253, 1846, 60.2149, 0
PixelHit 1253, 1847, 126.145, 0
PixelHit 1253, 1848, 11.5224, 0
PixelHit 1254, 1844, 7.04832, 0
PixelHit 1254, 1845, 11.9584, 0
PixelHit 1254, 1846, 14.7383, 0
PixelHit 1254, 1847, 10.4252, 0
PixelHit 1255, 1841, 1.72283, 0
PixelHit 1255, 1842, 1.17998, 0
PixelHit 1255, 1843, 18.3084, 0
PixelHit 1255, 1844, 32.9951, 0
PixelHit 1255, 1845, 12.8637, 0
PixelHit 1255, 1846, 0.235459, 0
PixelHit 1256, 1838, 1.80731, 0
PixelHit 1256, 1840, 1.88494, 0
PixelHit 1256, 1841, 4.99083, 0
PixelHit 1256, 1842, 17.1608, 0
PixelHit 1256, 1843, 20.4715, 0
PixelHit 1256, 1844, 15.1642, 0
PixelHit 1257, 1839, 7.81223, 0
PixelHit 1257, 1840, 7.98604, 0
PixelHit 1257, 1841, 5.29985, 0
PixelHit 1257, 1842, 32.055, 0
PixelHit 1257, 1843, 9.90744, 0
PixelHit 1257, 1844, 3.77912, 0
PixelHit 1258, 1837, 1.44087, 0
PixelHit 1258, 1838, 11.6146, 0
PixelHit 1258, 1839, 25.468, 0
PixelHit 1258, 1840, 37.9613, 0
PixelHit 1258, 1841, 3.77952, 0
PixelHit 1258, 1842, 2.29158, 0
PixelHit 1259, 1835, 2.16203, 0
PixelHit 1259, 1836, 5.14491, 0
PixelHit 1259, 1837, 26.0897, 0
PixelHit 1259, 1838, 53.4282, 0
PixelHit 1259, 1839, 36.166, 0
PixelHit 1259, 1840, 16.4772, 0
PixelHit 1259, 1841, 1.33996, 0
PixelHit 1260, 1832, 3.02832, 0
PixelHit 1260, 1835, 7.958, 0
PixelHit 1260, 1836, 23.5676, 0
PixelHit 1260, 1837, 60.8833, 0
PixelHit 1260, 1838, 57.6839, 0
PixelHit 1260, 1839, 13.346, 0
PixelHit 1261, 1832, 1.94706, 0
PixelHit 1261, 1834, 17.3784, 0
PixelHit 1261, 1835, 41.9884, 0
PixelHit 1261, 1836, 36.439, 0
PixelHit 1261, 1837, 24.654, 0
PixelHit 1261, 1838, 7.45325, 0
PixelHit 1261, 1839, 2.26403, 0
PixelHit 1262, 1830, 0.82851, 0
PixelHit 1262, 1831, 2.79946, 0
PixelHit 1262, 1832, 6.62254, 0
PixelHit 1262, 1833, 26.147, 0
PixelHit 1262, 1834, 49.851, 0
PixelHit 1262, 1835, 45.7548, 0
PixelHit 1262, 1836, 14.6196, 0
PixelHit 1262, 1837, 4.84449, 0
PixelHit 1263, 1830, 6.24589, 0
PixelHit 1263, 1831, 13.7797, 0
PixelHit 1263, 1832, 18.0532, 0
PixelHit 1263, 1833, 32.7536, 0
PixelHit 1263, 1834, 41.9938, 0
PixelHit 1263, 1835, 11.6541, 0
PixelHit 1263, 1836, 1.48725, 0
PixelHit 1264, 1828, 2.18619, 0
PixelHit 1264, 1829, 7.27329, 0
PixelHit 1264, 1830, 22.4986, 0
PixelHit 1264, 1831, 33.2432, 0
PixelHit 1264, 1832, 47.7564, 0
PixelHit 1264, 1833, 15.1701, 0
PixelHit 1264, 1834, 7.19969, 0
PixelHit 1264, 1836, 3.17389, 0
PixelHit 1265, 1827, 5.58404, 0
PixelHit 1265, 1828, 3.83422, 0
PixelHit 1265, 1829, 20.3567, 0
PixelHit 1265, 1830, 33.512, 0
PixelHit 1265, 1831, 37.1812, 0
PixelHit 1265, 1832, 12.1194, 0
PixelHit 1265, 1833, 8.46192, 0
PixelHit 1266, 1826, 7.22755, 0
PixelHit 1266, 1827, 12.4241, 0
PixelHit 1266, 1828, 32.2935, 0
PixelHit 1266, 1829, 23.4538, 0
PixelHit 1266, 1830, 27.07, 0
PixelHit 1266, 1831, 18.1933, 0
PixelHit 1266, 1832, 2.52314, 0
PixelHit 1267, 1824, 5.44265, 0
PixelHit 1267, 1825, 10.9402, 0
PixelHit 1267, 1826, 4.86877, 0
PixelHit 1267, 1827, 20.3799, 0
PixelHit 1267, 1828, 31.185, 0
PixelHit 1267, 1829, 23.3752, 0
PixelHit 1267, 1830, 10.1185, 0
PixelHit 1268, 1823, 1.01254, 0
PixelHit 1268, 1824, 7.17608, 0
PixelHit 1268, 1825, 32.3115, 0
PixelHit 1268, 1826, 22.3436, 0
PixelHit 1268, 1827, 9.69923, 0
PixelHit 1268, 1828, 14.3819, 0
PixelHit 1268, 1829, 6.19475, 0
PixelHit 1269, 1821, 2.75289, 0
PixelHit 1269, 1822, 7.84072, 0
PixelHit 1269, 1823, 5.61577, 0
PixelHit 1269, 1824, 22.6833, 0
PixelHit 1269, 1825, 17.2887, 0
PixelHit 1269, 1826, 18.2279, 0
PixelHit 1269, 1827, 8.18277, 0
PixelHit 1269, 1828, 3.49287, 0
PixelHit 1270, 1820, 6.00972, 0
PixelHit 1270, 1821, 4.41358, 0
PixelHit 1270, 1822, 3.92044, 0
PixelHit 1270, 1823, 27.3806, 0
PixelHit 1270, 1824, 20.6271, 0
PixelHit 1270, 1825, 14.4005, 0
PixelHit 1270, 1826, 4.49143, 0
PixelHit 1271, 1815, 2.53833, 0
PixelHit 1271, 1818, 4.26891, 0
PixelHit 1271, 1819, 6.73, 0
PixelHit 1271, 1820, 9.91941, 0
PixelHit 1271, 1821, 10.7192, 0
PixelHit 1271, 1822, 14.673, 0
PixelHit 1271, 1823, 19.006, 0
PixelHit 1271, 1824, 11.4483, 0
PixelHit 1271, 1825, 7.65498, 0
PixelHit 1272, 1816, 1.24552, 0
PixelHit 1272, 1817, 3.84278, 0
PixelHit 1272, 1818, 6.35278, 0
PixelHit 1272, 1819, 17.5772, 0
PixelHit 1272, 1820, 24.3337, 0
PixelHit 1272, 1821, 19.465, 0
PixelHit 1272, 1822, 10.2583, 0
PixelHit 1272, 1823, 10.3797, 0
PixelHit 1272, 1824, 3.724, 0
PixelHit 1273, 1815, 0.0113689, 0
PixelHit 1273, 1816, 6.90751, 0
PixelHit 1273, 1817, 14.6159, 0
PixelHit 1273, 1818, 20.5663, 0
PixelHit 1273, 1819, 27.871, 0
PixelHit 1273, 1820, 19.4072, 0
PixelHit 1273, 1821, 13.0081, 0
PixelHit 1273, 1822, 2.0371, 0
PixelHit 1273, 1823, 2.24877, 0
PixelHit 1274, 1814, 3.5654, 0
PixelHit 1274, 1815, 8.72998, 0
PixelHit 1274, 1816, 15.7549, 0
PixelHit 1274, 1817, 23.1543, 0
PixelHit 1274, 1818, 31.2031, 0
PixelHit 1274, 1819, 17.5026, 0
PixelHit 1274, 1820, 14.4811, 0
PixelHit 1274, 1821, 2.79726, 0
PixelHit 1274, 1822, -0.130672, 0
PixelHit 1275, 1810, 1.53928, 0
PixelHit 1275, 1812, 1.64943, 0
PixelHit 1275, 1813, 5.23327, 0
PixelHit 1275, 1814, 11.2513, 0
PixelHit 1275, 1815, 8.62484, 0
PixelHit 1275, 1816, 30.6978, 0
PixelHit 1275, 1817, 19.4059, 0
PixelHit 1275, 1818, 27.325, 0
PixelHit 1275, 1819, 13.6009, 0
PixelHit 1275, 1820, 4.17761, 0
PixelHit 1275, 1821, 2.81755, 0
PixelHit 1276, 1813, 10.4774, 0
PixelHit 1276, 1814, 15.0611, 0
PixelHit 1276, 1815, 28.0351, 0
PixelHit 1276, 1816, 23.7213, 0
PixelHit 1276, 1817, 11.9269, 0
PixelHit 1276, 1818, 13.1029, 0
PixelHit 1276, 1819, 4.78124, 0
PixelHit 1276, 1820, 1.65077, 0
PixelHit 1277, 1811, 3.22964, 0
PixelHit 1277, 1812, 2.23919, 0
PixelHit 1277, 1813, 7.7278, 0
PixelHit 1277, 1814, 19.123, 0
PixelHit 1277, 1815, 22.4499, 0
PixelHit 1277, 1816, 14.0706, 0
PixelHit 1277, 1817, 7.54544, 0
PixelHit 1277, 1818, 3.49844, 0
PixelHit 1277, 1819, 1.42281, 0
PixelHit 1278, 1807, 1.31322, 0
PixelHit 1278, 1809, 11.1805, 0
PixelHit 1278, 1810, 6.10002, 0
PixelHit 1278, 1811, 5.25896, 0
PixelHit 1278, 1812, 12.4424, 0
PixelHit 1278, 1813, 7.12815, 0
PixelHit 1278, 1814, 5.29762, 0
PixelHit 1278, 1815, 4.06044, 0
PixelHit 1278, 1816, 2.55622, 0
PixelHit 1278, 1817, 1.66246, 0
PixelHit 1278, 1818, 0.834916, 0
PixelHit 1279, 1805, 1.12611, 0
PixelHit 1279, 1807, 2.10418, 0
PixelHit 1279, 1808, 3.15602, 0
PixelHit 1279, 1809, 14.1318, 0
PixelHit 1279, 1810, 10.8615, 0
PixelHit 1279, 1811, 8.44715, 0
PixelHit 1279, 1812, 4.28856, 0
PixelHit 1279, 1813, 4.98622, 0
PixelHit 1279, 1814, 2.84806, 0
PixelHit 1279, 1815, 5.61388, 0
PixelHit 1280, 1804, 2.15608, 0
PixelHit 1280, 1806, 4.39825, 0
PixelHit 1280, 1807, 12.6918, 0
PixelHit 1280, 1808, 11.1714, 0
PixelHit 1280, 1809, 8.79857, 0
PixelHit 1280, 1810, 24.262, 0
PixelHit 1280, 1811, 17.3936, 0
PixelHit 1280, 1812, 5.99394, 0
PixelHit 1280, 1815, 3.04903, 0
PixelHit 1280, 1816, 0.348461, 0
PixelHit 1281, 1803, 0.810867, 0
PixelHit 1281, 1804, 0.299374, 0
PixelHit 1281, 1805, 13.493, 0
PixelHit 1281, 1806, 18.9531, 0
PixelHit 1281, 1807, 28.6038, 0
PixelHit 1281, 1808, 24.2936, 0
PixelHit 1281, 1809, 7.68707, 0
PixelHit 1281, 1810, 10.7199, 0
PixelHit 1281, 1811, 7.03351, 0
PixelHit 1281, 1812, 2.59153, 0
PixelHit 1282, 1804, 4.66669, 0
PixelHit 1282, 1805, 18.8323, 0
PixelHit 1282, 1806, 43.3402, 0
PixelHit 1282, 1807, 23.4511, 0
PixelHit 1282, 1808, 15.2735, 0
PixelHit 1282, 1809, 11.4097, 0
PixelHit 1282, 1810, 3.8649, 0
PixelHit 1282, 1812, 2.79659, 0
PixelHit 1283, 1804, 4.58143, 0
PixelHit 1283, 1805, 21.457, 0
PixelHit 1283, 1806, 29.9473, 0
PixelHit 1283, 1807, 35.3483, 0
PixelHit 1283, 1808, 19.442, 0
PixelHit 1283, 1809, 2.25072, 0
PixelHit 1284, 1804, 3.48398, 0
PixelHit 1284, 1805, 7.71361, 0
PixelHit 1284, 1806, 16.9345, 0
PixelHit 1284, 1807, 24.0846, 0
PixelHit 1284, 1808, 6.48451, 0
PixelHit 1284, 1809, 2.11352, 0
PixelHit 1285, 1804, 2.30441, 0
PixelHit 1285, 1805, 3.19539, 0
PixelHit 1285, 1806, 0.222877, 0
PixelHit 1285, 1807, 5.92225, 0
PixelHit 1285, 1809, 0.755043, 0
=== 74 ===
=== 75 ===
=== 76 ===
=== 77 ===
=== 78 ===
=== 79 ===
=== 80 ===
=== 81 ===
=== 82 ===
=== 83 ===
=== 84 ===
=== 85 ===
=== 86 ===
=== 87 ===
=== 88 ===
=== 89 ===
=== 90 ===
=== 91 ===
=== 92 ===
=== 93 ===
=== 94 ===
=== 95 ===
=== 96 ===
=== 97 ===
=== 98 ===
=== 99 ===
=== 100 ===
# 917 objects from 3 messages
