# Allpix Squared ASCII data - https://cern.ch/allpix-squared

=== 1 ===
=== 2 ===
=== 3 ===
=== 4 ===
=== 5 ===
=== 6 ===
=== 7 ===
=== 8 ===
=== 9 ===
=== 10 ===
=== 11 ===
=== 12 ===
=== 13 ===
=== 14 ===
=== 15 ===
=== 16 ===
=== 17 ===
=== 18 ===
=== 19 ===
=== 20 ===
=== 21 ===
=== 22 ===
=== 23 ===
=== 24 ===
--- mydetector ---
PixelHit 1230, 618, 2.69593, 0
PixelHit 1230, 620, 9.32703, 0
PixelHit 1231, 616, 6.46476, 0
PixelHit 1231, 617, 4.89751, 0
PixelHit 1231, 618, 26.005, 0
PixelHit 1231, 619, 49.9665, 0
PixelHit 1231, 620, 16.3603, 0
PixelHit 1232, 613, 3.30756, 0
PixelHit 1232, 615, 63.3466, 0
PixelHit 1232, 616, 58.3067, 0
PixelHit 1232, 617, 13.0407, 0
PixelHit 1232, 618, 2.99023, 0
PixelHit 1233, 608, 2.3331, 0
PixelHit 1233, 609, 2.23797, 0
PixelHit 1233, 610, 8.95282, 0
PixelHit 1233, 611, 17.7759, 0
PixelHit 1233, 612, 31.9665, 0
PixelHit 1233, 613, 15.8392, 0
PixelHit 1233, 614, 0.606509, 0
PixelHit 1233, 615, 20.6474, 0
PixelHit 1233, 616, 9.04745, 0
PixelHit 1234, 604, 2.22941, 0
PixelHit 1234, 605, 1.13541, 0
PixelHit 1234, 607, 4.11576, 0
PixelHit 1234, 608, 9.87822, 0
PixelHit 1234, 609, 32.1361, 0
PixelHit 1234, 610, 61.6587, 0
PixelHit 1234, 611, 52.6255, 0
PixelHit 1234, 612, 27.6424, 0
PixelHit 1234, 613, 10.5249, 0
PixelHit 1235, 602, 2.61464, 0
PixelHit 1235, 603, 2.29274, 0
PixelHit 1235, 604, 18.4849, 0
PixelHit 1235, 605, 41.0458, 0
PixelHit 1235, 606, 21.3957, 0
PixelHit 1235, 607, 20.5007, 0
PixelHit 1235, 608, 22.5442, 0
PixelHit 1235, 609, 18.1696, 0
PixelHit 1235, 610, 46.9842, 0
PixelHit 1235, 611, 5.90584, 0
PixelHit 1236, 600, 2.49444, 0
PixelHit 1236, 601, 6.18851, 0
PixelHit 1236, 602, 9.6526, 0
PixelHit 1236, 603, 24.3519, 0
PixelHit 1236, 604, 72.781, 0
PixelHit 1236, 605, 130.16, 0
PixelHit 1236, 606, 42.8412, 0
PixelHit 1236, 607, 14.3586, 0
PixelHit 1236, 608, 5.15819, 0
PixelHit 1237, 597, 1.38194, 0
PixelHit 1237, 599, 6.13687, 0
PixelHit 1237, 600, 20.77, 0
PixelHit 1237, 601, 28.6761, 0
PixelHit 1237, 602, 37.1936, 0
PixelHit 1237, 603, 23.592, 0
PixelHit 1237, 604, 41.3832, 0
PixelHit 1237, 605, 51.5843, 0
PixelHit 1237, 606, 24.6215, 0
PixelHit 1238, 592, 1.39824, 0
PixelHit 1238, 593, 3.12117, 0
PixelHit 1238, 595, 2.53195, 0
PixelHit 1238, 596, 11.5644, 0
PixelHit 1238, 597, 28.9765, 0
PixelHit 1238, 598, 6.44485, 0
PixelHit 1238, 599, 15.5923, 0
PixelHit 1238, 600, 37.5578, 0
PixelHit 1238, 601, 32.6419, 0
PixelHit 1238, 602, 23.8452, 0
PixelHit 1238, 603, 6.20828, 0
PixelHit 1238, 604, 7.16905, 0
PixelHit 1238, 605, 5.76273, 0
PixelHit 1239, 590, 4.60157, 0
PixelHit 1239, 591, 3.6524, 0
PixelHit 1239, 592, 4.53532, 0
PixelHit 1239, 594, 10.2853, 0
PixelHit 1239, 595, 16.4148, 0
PixelHit 1239, 596, 40.1471, 0
PixelHit 1239, 597, 48.5222, 0
PixelHit 1239, 598, 24.8719, 0
PixelHit 1239, 599, 11.1885, 0
PixelHit 1239, 600, 14.795, 0
PixelHit 1239, 601, 7.51873, 0
PixelHit 1239, 602, 3.82836, 0
PixelHit 1239, 603, 1.45381, 0
PixelHit 1240, 587, 2.96908, 0
PixelHit 1240, 589, 4.20814, 0
PixelHit 1240, 590, 14.4897, 0
PixelHit 1240, 591, 30.4688, 0
PixelHit 1240, 592, 27.1903, 0
PixelHit 1240, 593, 20.1326, 0
PixelHit 1240, 594, 20.3545, 0
PixelHit 1240, 595, 13.6539, 0
PixelHit 1240, 596, 33.2524, 0
PixelHit 1240, 597, 23.6183, 0
PixelHit 1240, 598, 6.89156, 0
PixelHit 1240, 599, 2.68709, 0
PixelHit 1241, 584, 1.1654, 0
PixelHit 1241, 586, 8.28285, 0
PixelHit 1241, 587, 3.92073, 0
PixelHit 1241, 588, 1.67062, 0
PixelHit 1241, 589, 9.24937, 0
PixelHit 1241, 590, 35.0282, 0
PixelHit 1241, 591, 83.4168, 0
PixelHit 1241, 592, 51.1828, 0
PixelHit 1241, 593, 23.5269, 0
PixelHit 1241, 594, 21.1644, 0
PixelHit 1241, 595, 1.51805, 0
PixelHit 1241, 597, 7.62867, 0
PixelHit 1242, 579, 1.98127, 0
PixelHit 1242, 580, 1.58109, 0
PixelHit 1242, 584, 5.84065, 0
PixelHit 1242, 585, 3.02943, 0
PixelHit 1242, 586, 24.1401, 0
PixelHit 1242, 587, 25.4107, 0
PixelHit 1242, 588, 22.2072, 0
PixelHit 1242, 589, 9.8543, 0
PixelHit 1242, 590, 29.014, 0
PixelHit 1242, 591, 58.0896, 0
PixelHit 1242, 592, 40.4565, 0
PixelHit 1242, 593, 9.53314, 0
PixelHit 1242, 594, 11.7766, 0
PixelHit 1243, 578, -0.74149, 0
PixelHit 1243, 579, 9.36138, 0
PixelHit 1243, 580, 5.20824, 0
PixelHit 1243, 581, 12.7915, 0
PixelHit 1243, 582, 8.64592, 0
PixelHit 1243, 583, 5.31529, 0
PixelHit 1243, 584, 3.47216, 0
PixelHit 1243, 585, 13.2512, 0
PixelHit 1243, 586, 36.5531, 0
PixelHit 1243, 587, 45.0303, 0
PixelHit 1243, 588, 33.2444, 0
PixelHit 1243, 589, 10.5731, 0
PixelHit 1243, 590, 6.15319, 0
PixelHit 1243, 591, 8.61771, 0
PixelHit 1243, 592, 5.621, 0
PixelHit 1243, 593, 4.9541, 0
PixelHit 1244, 574, 1.06445, 0
PixelHit 1244, 575, 1.50072, 0
PixelHit 1244, 576, 1.88042, 0
PixelHit 1244, 577, 4.47207, 0
PixelHit 1244, 578, 7.33708, 0
PixelHit 1244, 579, 17.6015, 0
PixelHit 1244, 580, 37.3763, 0
PixelHit 1244, 581, 45.1672, 0
PixelHit 1244, 582, 29.7722, 0
PixelHit 1244, 583, 11.8523, 0
PixelHit 1244, 584, 9.23637, 0
PixelHit 1244, 585, 4.41879, 0
PixelHit 1244, 586, 19.7305, 0
PixelHit 1244, 587, 20.387, 0
PixelHit 1244, 588, 4.48295, 0
PixelHit 1244, 590, 1.74893, 0
PixelHit 1244, 591, 2.04967, 0
PixelHit 1244, 592, 2.11212, 0
PixelHit 1244, 593, 1.25122, 0
PixelHit 1245, 573, 1.26595, 0
PixelHit 1245, 574, 2.52665, 0
PixelHit 1245, 575, 7.76938, 0
PixelHit 1245, 576, 19.1414, 0
PixelHit 1245, 577, 29.2603, 0
PixelHit 1245, 578, 21.1952, 0
PixelHit 1245, 579, 39.8828, 0
PixelHit 1245, 580, 82.0447, 0
PixelHit 1245, 581, 74.1261, 0
PixelHit 1245, 582, 45.387, 0
PixelHit 1245, 583, 23.6334, 0
PixelHit 1245, 584, 6.47526, 0
PixelHit 1245, 585, 0.0813129, 0
PixelHit 1245, 586, 2.19243, 0
PixelHit 1245, 587, 4.08481, 0
PixelHit 1245, 589, 3.41042, 0
PixelHit 1246, 571, 3.65817, 0
PixelHit 1246, 572, 1.23715, 0
PixelHit 1246, 574, 5.77155, 0
PixelHit 1246, 575, 24.2451, 0
PixelHit 1246, 576, 33.3473, 0
PixelHit 1246, 577, 38.271, 0
PixelHit 1246, 578, 41.0922, 0
PixelHit 1246, 579, 21.8056, 0
PixelHit 1246, 580, 55.3569, 0
PixelHit 1246, 581, 48.2129, 0
PixelHit 1246, 582, 23.575, 0
PixelHit 1246, 583, 4.75449, 0
PixelHit 1246, 584, 1.48551, 0
PixelHit 1247, 568, 2.92744, 0
PixelHit 1247, 569, 2.92529, 0
PixelHit 1247, 570, 4.02536, 0
PixelHit 1247, 571, 4.19532, 0
PixelHit 1247, 572, 11.7648, 0
PixelHit 1247, 573, 26.601, 0
PixelHit 1247, 574, 23.8024, 0
PixelHit 1247, 575, 35.1324, 0
PixelHit 1247, 576, 53.7435, 0
PixelHit 1247, 577, 48.597, 0
PixelHit 1247, 578, 26.9928, 0
PixelHit 1247, 579, 15.6197, 0
PixelHit 1247, 580, 18.7509, 0
PixelHit 1247, 581, 12.4627, 0
PixelHit 1247, 582, 3.12952, 0
PixelHit 1247, 583, 2.4432, 0
PixelHit 1248, 563, 1.33995, 0
PixelHit 1248, 566, 2.2004, 0
PixelHit 1248, 567, 3.96837, 0
PixelHit 1248, 568, 7.38455, 0
PixelHit 1248, 570, 7.21907, 0
PixelHit 1248, 571, 17.0998, 0
PixelHit 1248, 572, 24.0746, 0
PixelHit 1248, 573, 24.0708, 0
PixelHit 1248, 574, 21.3145, 0
PixelHit 1248, 575, 24.9084, 0
PixelHit 1248, 576, 21.3987, 0
PixelHit 1248, 577, 14.7628, 0
PixelHit 1248, 578, 11.6017, 0
PixelHit 1248, 580, 3.12279, 0
PixelHit 1248, 582, 1.88348, 0
PixelHit 1249, 563, 0.286634, 0
PixelHit 1249, 564, 3.64374, 0
PixelHit 1249, 565, 4.56675, 0
PixelHit 1249, 566, 10.2317, 0
PixelHit 1249, 567, 16.4482, 0
PixelHit 1249, 568, 19.3414, 0
PixelHit 1249, 569, 11.1851, 0
PixelHit 1249, 570, 6.38987, 0
PixelHit 1249, 571, 10.1933, 0
PixelHit 1249, 572, 15.0608, 0
PixelHit 1249, 573, 15.6993, 0
PixelHit 1249, 574, 15.8917, 0
PixelHit 1249, 575, 9.24546, 0
PixelHit 1249, 576, 9.58848, 0
PixelHit 1249, 578, 9.19697, 0
PixelHit 1250, 560, 0.364454, 0
PixelHit 1250, 561, 0.956527, 0
PixelHit 1250, 562, 8.50495, 0
PixelHit 1250, 563, 13.4779, 0
PixelHit 1250, 564, 12.7934, 0
PixelHit 1250, 565, 4.9616, 0
PixelHit 1250, 566, 21.5638, 0
PixelHit 1250, 567, 21.2413, 0
PixelHit 1250, 568, 18.6815, 0
PixelHit 1250, 569, 7.77666, 0
PixelHit 1250, 570, 3.67095, 0
PixelHit 1250, 572, 6.53434, 0
PixelHit 1250, 573, 3.53581, 0
PixelHit 1250, 574, 3.42672, 0
PixelHit 1250, 575, 2.71661, 0
PixelHit 1250, 577, 0.693555, 0
PixelHit 1251, 561, 10.4716, 0
PixelHit 1251, 562, 12.2014, 0
PixelHit 1251, 563, 10.0033, 0
PixelHit 1251, 564, 17.4005, 0
PixelHit 1251, 565, 15.656, 0
PixelHit 1251, 566, 15.4156, 0
PixelHit 1251, 567, 22.2713, 0
PixelHit 1251, 568, 7.17101, 0
PixelHit 1251, 569, 5.34611, 0
PixelHit 1251, 570, 1.20668, 0
PixelHit 1251, 572, 2.2874, 0
PixelHit 1251, 573, 0.947964, 0
PixelHit 1251, 574, 2.6132, 0
PixelHit 1251, 576, 0.893319, 0
PixelHit 1252, 559, 2.24278, 0
PixelHit 1252, 560, 8.591, 0
PixelHit 1252, 561, 3.50709, 0
PixelHit 1252, 562, 10.4915, 0
PixelHit 1252, 563, 14.3399, 0
PixelHit 1252, 564, 7.92345, 0
PixelHit 1252, 565, 9.28222, 0
PixelHit 1252, 566, 10.0498, 0
PixelHit 1252, 567, 2.57078, 0
PixelHit 1252, 568, 3.57834, 0
PixelHit 1252, 569, 4.69481, 0
PixelHit 1253, 559, 3.39098, 0
PixelHit 1253, 560, 8.28715, 0
PixelHit 1253, 561, 11.251, 0
PixelHit 1253, 562, 16.2993, 0
PixelHit 1253, 563, 2.71139, 0
PixelHit 1253, 564, 10.9867, 0
PixelHit 1253, 565, 2.12527, 0
PixelHit 1253, 568, 2.15331, 0
PixelHit 1254, 560, 2.6865, 0
PixelHit 1254, 561, 4.24651, 0
PixelHit 1254, 562, 5.91308, 0
PixelHit 1254, 563, 0.538084, 0
PixelHit 1255, 561, 1.22723, 0
PixelHit 1255, 563, 2.39844, 0
=== 25 ===
=== 26 ===
=== 27 ===
=== 28 ===
=== 29 ===
=== 30 ===
=== 31 ===
=== 32 ===
=== 33 ===
=== 34 ===
=== 35 ===
=== 36 ===
=== 37 ===
=== 38 ===
=== 39 ===
=== 40 ===
=== 41 ===
=== 42 ===
=== 43 ===
=== 44 ===
=== 45 ===
=== 46 ===
=== 47 ===
=== 48 ===
=== 49 ===
=== 50 ===
=== 51 ===
=== 52 ===
=== 53 ===
=== 54 ===
=== 55 ===
--- mydetector ---
PixelHit 1484, 1126, 1.77518, 0
PixelHit 1484, 1127, 3.82132, 0
PixelHit 1484, 1128, 6.53516, 0
PixelHit 1484, 1129, 21.2168, 0
PixelHit 1484, 1130, 26.8053, 0
PixelHit 1484, 1131, 29.726, 0
PixelHit 1485, 1124, 5.15819, 0
PixelHit 1485, 1125, 7.11913, 0
PixelHit 1485, 1126, 55.6275, 0
PixelHit 1485, 1127, 187.599, 0
PixelHit 1485, 1128, 46.0384, 0
PixelHit 1485, 1129, 42.2618, 0
PixelHit 1485, 1130, 4.78711, 0
PixelHit 1485, 1131, 1.84635, 0
PixelHit 1486, 1119, 0.759987, 0
PixelHit 1486, 1120, 1.55684, 0
PixelHit 1486, 1122, 13.0058, 0
PixelHit 1486, 1123, 51.611, 0
PixelHit 1486, 1124, 123.346, 0
PixelHit 1486, 1125, 19.1576, 0
PixelHit 1486, 1126, 52.4557, 0
PixelHit 1486, 1127, 55.9501, 0
PixelHit 1486, 1128, 3.26343, 0
PixelHit 1487, 1116, 3.40678, 0
PixelHit 1487, 1117, 12.7393, 0
PixelHit 1487, 1118, 20.3622, 0
PixelHit 1487, 1119, 36.0799, 0
PixelHit 1487, 1120, 18.1936, 0
PixelHit 1487, 1121, 16.8403, 0
PixelHit 1487, 1122, 18.512, 0
PixelHit 1487, 1123, 34.3458, 0
PixelHit 1487, 1124, 54.8967, 0
PixelHit 1487, 1125, 5.97867, 0
PixelHit 1488, 1109, 1.10992, 0
PixelHit 1488, 1111, 1.79479, 0
PixelHit 1488, 1114, 1.16462, 0
PixelHit 1488, 1115, 27.487, 0
PixelHit 1488, 1116, 76.7554, 0
PixelHit 1488, 1117, 85.45, 0
PixelHit 1488, 1118, 73.9879, 0
PixelHit 1488, 1119, 87.9123, 0
PixelHit 1488, 1120, 51.9455, 0
PixelHit 1488, 1121, 15.3608, 0
PixelHit 1488, 1122, 4.95887, 0
PixelHit 1489, 1108, 8.99638, 0
PixelHit 1489, 1109, 4.90333, 0
PixelHit 1489, 1110, 6.11191, 0
PixelHit 1489, 1111, 13.2296, 0
PixelHit 1489, 1112, 19.5234, 0
PixelHit 1489, 1113, 7.78289, 0
PixelHit 1489, 1114, 18.8474, 0
PixelHit 1489, 1115, 52.9737, 0
PixelHit 1489, 1116, 162.593, 0
PixelHit 1489, 1117, 118.022, 0
PixelHit 1489, 1118, 50.4025, 0
PixelHit 1489, 1119, 24.0972, 0
PixelHit 1489, 1120, 2.00019, 0
PixelHit 1490, 1105, 1.22618, 0
PixelHit 1490, 1106, 0.915973, 0
PixelHit 1490, 1107, 28.2442, 0
PixelHit 1490, 1108, 99.0331, 0
PixelHit 1490, 1109, 79.0574, 0
PixelHit 1490, 1110, 41.1161, 0
PixelHit 1490, 1111, 67.0397, 0
PixelHit 1490, 1112, 34.9966, 0
PixelHit 1490, 1113, 25.8969, 0
PixelHit 1490, 1114, 35.0996, 0
PixelHit 1490, 1115, 28.728, 0
PixelHit 1490, 1116, 34.9794, 0
PixelHit 1490, 1117, 16.3578, 0
PixelHit 1491, 1101, 1.17228, 0
PixelHit 1491, 1102, 2.32819, 0
PixelHit 1491, 1103, 5.83422, 0
PixelHit 1491, 1104, 14.7243, 0
PixelHit 1491, 1105, 21.6497, 0
PixelHit 1491, 1106, 16.6741, 0
PixelHit 1491, 1107, 145.498, 0
PixelHit 1491, 1108, 369.266, 0
PixelHit 1491, 1109, 253.511, 0
PixelHit 1491, 1110, 71.9456, 0
PixelHit 1491, 1111, 54.6281, 0
PixelHit 1491, 1112, 33.2765, 0
PixelHit 1491, 1113, 14.4545, 0
PixelHit 1491, 1114, 5.45471, 0
PixelHit 1491, 1115, 2.11556, 0
PixelHit 1492, 1099, 3.72782, 0
PixelHit 1492, 1100, 7.14494, 0
PixelHit 1492, 1101, 11.33, 0
PixelHit 1492, 1102, 26.4378, 0
PixelHit 1492, 1103, 32.2311, 0
PixelHit 1492, 1104, 87.8946, 0
PixelHit 1492, 1105, 91.4075, 0
PixelHit 1492, 1106, 38.7396, 0
PixelHit 1492, 1107, 117.74, 0
PixelHit 1492, 1108, 312.855, 0
PixelHit 1492, 1109, 210.292, 0
PixelHit 1492, 1110, 57.3731, 0
PixelHit 1492, 1111, 9.49843, 0
PixelHit 1492, 1112, 5.36171, 0
PixelHit 1492, 1113, 3.07263, 0
PixelHit 1492, 1114, 1.68523, 0
PixelHit 1492, 1116, 0.188699, 0
PixelHit 1493, 1095, 3.48274, 0
PixelHit 1493, 1098, 4.97754, 0
PixelHit 1493, 1099, 9.36663, 0
PixelHit 1493, 1100, 30.4683, 0
PixelHit 1493, 1101, 65.4448, 0
PixelHit 1493, 1102, 93.8866, 0
PixelHit 1493, 1103, 69.6519, 0
PixelHit 1493, 1104, 101.24, 0
PixelHit 1493, 1105, 94.3932, 0
PixelHit 1493, 1106, 34.8264, 0
PixelHit 1493, 1107, 24.4114, 0
PixelHit 1493, 1108, 50.2411, 0
PixelHit 1493, 1109, 41.4825, 0
PixelHit 1493, 1110, 6.07755, 0
PixelHit 1494, 1092, 2.97343, 0
PixelHit 1494, 1093, 5.91551, 0
PixelHit 1494, 1094, 4.19321, 0
PixelHit 1494, 1095, 3.71967, 0
PixelHit 1494, 1096, 9.16812, 0
PixelHit 1494, 1097, 5.77519, 0
PixelHit 1494, 1098, 12.2113, 0
PixelHit 1494, 1099, 24.6109, 0
PixelHit 1494, 1100, 54.5728, 0
PixelHit 1494, 1101, 69.5753, 0
PixelHit 1494, 1102, 87.6115, 0
PixelHit 1494, 1103, 57.7208, 0
PixelHit 1494, 1104, 41.5427, 0
PixelHit 1494, 1105, 25.9649, 0
PixelHit 1494, 1106, 10.6827, 0
PixelHit 1494, 1108, 2.244, 0
PixelHit 1494, 1109, 2.61458, 0
PixelHit 1495, 1091, 10.3568, 0
PixelHit 1495, 1092, 26.1906, 0
PixelHit 1495, 1093, 23.4847, 0
PixelHit 1495, 1094, 25.9922, 0
PixelHit 1495, 1095, 30.3087, 0
PixelHit 1495, 1096, 15.758, 0
PixelHit 1495, 1097, 8.3756, 0
PixelHit 1495, 1098, 12.2229, 0
PixelHit 1495, 1099, 14.3542, 0
PixelHit 1495, 1100, 26.9086, 0
PixelHit 1495, 1101, 35.3925, 0
PixelHit 1495, 1102, 25.009, 0
PixelHit 1495, 1103, 15.1776, 0
PixelHit 1495, 1104, 4.86753, 0
PixelHit 1496, 1087, 1.80714, 0
PixelHit 1496, 1088, 1.01317, 0
PixelHit 1496, 1089, 2.79704, 0
PixelHit 1496, 1090, 13.2284, 0
PixelHit 1496, 1091, 34.8762, 0
PixelHit 1496, 1092, 53.6478, 0
PixelHit 1496, 1093, 86.5093, 0
PixelHit 1496, 1094, 30.6167, 0
PixelHit 1496, 1095, 31.2429, 0
PixelHit 1496, 1096, 21.7079, 0
PixelHit 1496, 1097, 9.22571, 0
PixelHit 1496, 1098, 2.42254, 0
PixelHit 1496, 1099, 4.89815, 0
PixelHit 1496, 1100, 5.85607, 0
PixelHit 1496, 1101, 3.71831, 0
PixelHit 1496, 1102, 2.6499, 0
PixelHit 1497, 1082, 3.43874, 0
PixelHit 1497, 1084, 6.56636, 0
PixelHit 1497, 1085, 5.57509, 0
PixelHit 1497, 1087, 7.63043, 0
PixelHit 1497, 1088, 9.32816, 0
PixelHit 1497, 1089, 13.8761, 0
PixelHit 1497, 1090, 8.71888, 0
PixelHit 1497, 1091, 38.4903, 0
PixelHit 1497, 1092, 77.6498, 0
PixelHit 1497, 1093, 78.2203, 0
PixelHit 1497, 1094, 31.0506, 0
PixelHit 1497, 1095, 8.57628, 0
PixelHit 1497, 1096, 10.242, 0
PixelHit 1498, 1080, 1.94161, 0
PixelHit 1498, 1081, 1.5554, 0
PixelHit 1498, 1082, 8.45255, 0
PixelHit 1498, 1083, 9.86424, 0
PixelHit 1498, 1084, 16.6155, 0
PixelHit 1498, 1085, 20.9257, 0
PixelHit 1498, 1086, 2.48427, 0
PixelHit 1498, 1087, 3.40663, 0
PixelHit 1498, 1088, 6.2972, 0
PixelHit 1498, 1089, 8.67833, 0
PixelHit 1498, 1090, 13.2849, 0
PixelHit 1498, 1091, 20.1011, 0
PixelHit 1498, 1092, 28.7835, 0
PixelHit 1498, 1093, 32.6754, 0
PixelHit 1498, 1094, 14.3633, 0
PixelHit 1498, 1095, 4.1783, 0
PixelHit 1498, 1096, 1.46984, 0
PixelHit 1499, 1074, 4.96463, 0
PixelHit 1499, 1075, 1.01057, 0
PixelHit 1499, 1077, 1.65146, 0
PixelHit 1499, 1078, 4.05385, 0
PixelHit 1499, 1081, 5.9041, 0
PixelHit 1499, 1082, 11.0402, 0
PixelHit 1499, 1083, 11.4161, 0
PixelHit 1499, 1084, 25.5741, 0
PixelHit 1499, 1085, 11.6404, 0
PixelHit 1499, 1086, 10.9129, 0
PixelHit 1499, 1087, 5.13231, 0
PixelHit 1499, 1088, 5.12219, 0
PixelHit 1499, 1089, 3.61676, 0
PixelHit 1499, 1091, 3.99009, 0
PixelHit 1499, 1092, 3.56012, 0
PixelHit 1499, 1094, 1.3993, 0
PixelHit 1500, 1073, 5.08899, 0
PixelHit 1500, 1074, 5.56264, 0
PixelHit 1500, 1075, 9.67245, 0
PixelHit 1500, 1076, 9.21915, 0
PixelHit 1500, 1077, 12.8854, 0
PixelHit 1500, 1078, 18.9103, 0
PixelHit 1500, 1079, 7.13075, 0
PixelHit 1500, 1080, 4.69595, 0
PixelHit 1500, 1081, 5.62395, 0
PixelHit 1500, 1082, 17.2843, 0
PixelHit 1500, 1083, 15.7353, 0
PixelHit 1500, 1084, 22.7134, 0
PixelHit 1500, 1085, 16.2735, 0
PixelHit 1500, 1086, 4.6496, 0
PixelHit 1500, 1087, 0.910439, 0
PixelHit 1500, 1088, 1.02034, 0
PixelHit 1501, 1068, 3.16615, 0
PixelHit 1501, 1069, 1.1509, 0
PixelHit 1501, 1070, 2.84295, 0
PixelHit 1501, 1071, 4.38868, 0
PixelHit 1501, 1072, 4.44809, 0
PixelHit 1501, 1073, 17.3628, 0
PixelHit 1501, 1074, 15.6549, 0
PixelHit 1501, 1075, 43.0976, 0
PixelHit 1501, 1076, 26.3564, 0
PixelHit 1501, 1077, 18.5769, 0
PixelHit 1501, 1078, 14.9742, 0
PixelHit 1501, 1079, 14.3629, 0
PixelHit 1501, 1080, 4.71249, 0
PixelHit 1501, 1081, 4.14783, 0
PixelHit 1501, 1082, 4.2933, 0
PixelHit 1501, 1083, 7.99235, 0
PixelHit 1501, 1084, 5.97348, 0
PixelHit 1501, 1085, 5.8876, 0
PixelHit 1502, 1067, 1.36506, 0
PixelHit 1502, 1070, 8.33932, 0
PixelHit 1502, 1071, 7.43167, 0
PixelHit 1502, 1072, 19.3866, 0
PixelHit 1502, 1073, 30.7871, 0
PixelHit 1502, 1074, 69.6471, 0
PixelHit 1502, 1075, 64.1899, 0
PixelHit 1502, 1076, 46.614, 0
PixelHit 1502, 1077, 31.1538, 0
PixelHit 1502, 1078, 14.5513, 0
PixelHit 1502, 1079, 8.41522, 0
PixelHit 1502, 1080, 7.08799, 0
PixelHit 1502, 1081, 3.84815, 0
PixelHit 1502, 1082, 3.14672, 0
PixelHit 1502, 1084, 2.45481, 0
PixelHit 1503, 1069, 15.2696, 0
PixelHit 1503, 1070, 17.0809, 0
PixelHit 1503, 1071, 19.103, 0
PixelHit 1503, 1072, 20.2811, 0
PixelHit 1503, 1073, 29.0824, 0
PixelHit 1503, 1074, 60.516, 0
PixelHit 1503, 1075, 54.0455, 0
PixelHit 1503, 1076, 17.1018, 0
PixelHit 1503, 1077, 18.8116, 0
PixelHit 1503, 1078, 10.2048, 0
PixelHit 1503, 1079, 4.72667, 0
PixelHit 1504, 1069, 15.4418, 0
PixelHit 1504, 1070, 21.5046, 0
PixelHit 1504, 1071, 20.3664, 0
PixelHit 1504, 1072, 19.2863, 0
PixelHit 1504, 1073, 15.9793, 0
PixelHit 1504, 1074, 22.9704, 0
PixelHit 1504, 1075, 16.9792, 0
PixelHit 1504, 1076, 7.91663, 0
PixelHit 1504, 1077, 1.91185, 0
PixelHit 1505, 1068, 2.35995, 0
PixelHit 1505, 1069, 3.72988, 0
PixelHit 1505, 1070, 10.428, 0
PixelHit 1505, 1071, 11.8715, 0
PixelHit 1505, 1072, 2.66291, 0
PixelHit 1505, 1073, 10.4167, 0
PixelHit 1505, 1074, 8.38746, 0
PixelHit 1505, 1076, 2.5076, 0
PixelHit 1505, 1080, 1.08895, 0
PixelHit 1506, 1069, 4.23013, 0
PixelHit 1506, 1070, 2.88973, 0
PixelHit 1506, 1075, 0.921701, 0
PixelHit 1507, 1069, 1.33841, 0
=== 56 ===
=== 57 ===
=== 58 ===
=== 59 ===
=== 60 ===
=== 61 ===
--- mydetector ---
PixelHit 1155, 1076, 2.05666, 0
PixelHit 1155, 1077, 17.0932, 0
PixelHit 1155, 1078, 78.6913, 0
PixelHit 1156, 1071, 2.34053, 0
PixelHit 1156, 1073, 4.25049, 0
PixelHit 1156, 1074, 21.3611, 0
PixelHit 1156, 1075, 12.0406, 0
PixelHit 1156, 1076, 5.7225, 0
PixelHit 1156, 1077, 3.64744, 0
PixelHit 1156, 1078, 3.80182, 0
PixelHit 1157, 1069, 4.36634, 0
PixelHit 1157, 1070, 18.8051, 0
PixelHit 1157, 1071, 49.9154, 0
PixelHit 1157, 1072, 35.5895, 0
PixelHit 1157, 1073, 13.5063, 0
PixelHit 1157, 1074, 17.4691, 0
PixelHit 1157, 1075, 7.28282, 0
PixelHit 1157, 1076, 1.92974, 0
PixelHit 1158, 1065, 1.0557, 0
PixelHit 1158, 1066, 4.11983, 0
PixelHit 1158, 1067, 3.92089, 0
PixelHit 1158, 1068, 14.3829, 0
PixelHit 1158, 1069, 66.2887, 0
PixelHit 1158, 1070, 90.6634, 0
PixelHit 1158, 1071, 113.843, 0
PixelHit 1158, 1072, 20.6586, 0
PixelHit 1158, 1073, 2.92792, 0
PixelHit 1158, 1074, 1.99469, 0
PixelHit 1159, 1062, 2.32024, 0
PixelHit 1159, 1063, 2.40931, 0
PixelHit 1159, 1064, 4.80028, 0
PixelHit 1159, 1065, 28.7818, 0
PixelHit 1159, 1066, 52.4934, 0
PixelHit 1159, 1067, 17.479, 0
PixelHit 1159, 1068, 24.2496, 0
PixelHit 1159, 1069, 48.9068, 0
PixelHit 1159, 1070, 27.178, 0
PixelHit 1159, 1071, 9.67445, 0
PixelHit 1160, 1061, 4.0054, 0
PixelHit 1160, 1062, 21.1761, 0
PixelHit 1160, 1063, 50.7919, 0
PixelHit 1160, 1064, 30.3044, 0
PixelHit 1160, 1065, 72.0209, 0
PixelHit 1160, 1066, 78.1762, 0
PixelHit 1160, 1067, 21.6968, 0
PixelHit 1160, 1069, 3.64042, 0
PixelHit 1161, 1057, 3.45349, 0
PixelHit 1161, 1058, 7.03917, 0
PixelHit 1161, 1059, 3.94914, 0
PixelHit 1161, 1060, 3.14817, 0
PixelHit 1161, 1061, 20.5681, 0
PixelHit 1161, 1062, 51.2675, 0
PixelHit 1161, 1063, 95.9069, 0
PixelHit 1161, 1064, 30.2849, 0
PixelHit 1161, 1065, 21.7409, 0
PixelHit 1161, 1066, 8.71714, 0
PixelHit 1161, 1067, 1.73089, 0
PixelHit 1162, 1055, 0.527047, 0
PixelHit 1162, 1056, 2.53837, 0
PixelHit 1162, 1057, 15.084, 0
PixelHit 1162, 1058, 32.6733, 0
PixelHit 1162, 1059, 12.4581, 0
PixelHit 1162, 1060, 11.3596, 0
PixelHit 1162, 1061, 14.2205, 0
PixelHit 1162, 1062, 11.7993, 0
PixelHit 1162, 1063, 21.4027, 0
PixelHit 1162, 1064, 8.15837, 0
PixelHit 1163, 1051, 1.9724, 0
PixelHit 1163, 1052, 3.63508, 0
PixelHit 1163, 1053, 6.34033, 0
PixelHit 1163, 1054, 12.1021, 0
PixelHit 1163, 1056, 13.982, 0
PixelHit 1163, 1057, 23.9489, 0
PixelHit 1163, 1058, 41.1363, 0
PixelHit 1163, 1059, 24.5295, 0
PixelHit 1163, 1060, 3.4637, 0
PixelHit 1163, 1061, -0.300509, 0
PixelHit 1163, 1062, 0.639511, 0
PixelHit 1164, 1049, 3.77824, 0
PixelHit 1164, 1050, 5.55074, 0
PixelHit 1164, 1051, 14.3478, 0
PixelHit 1164, 1052, 20.9464, 0
PixelHit 1164, 1053, 28.671, 0
PixelHit 1164, 1054, 22.659, 0
PixelHit 1164, 1055, 10.8858, 0
PixelHit 1164, 1056, 12.2596, 0
PixelHit 1164, 1057, 20.2146, 0
PixelHit 1164, 1058, 17.3472, 0
PixelHit 1164, 1059, 5.18119, 0
PixelHit 1165, 1044, 1.91905, 0
PixelHit 1165, 1046, 2.87533, 0
PixelHit 1165, 1047, 4.82506, 0
PixelHit 1165, 1048, 8.2438, 0
PixelHit 1165, 1049, 14.2432, 0
PixelHit 1165, 1050, 28.8607, 0
PixelHit 1165, 1051, 43.1842, 0
PixelHit 1165, 1052, 54.047, 0
PixelHit 1165, 1053, 31.5463, 0
PixelHit 1165, 1054, 19.4665, 0
PixelHit 1165, 1055, 5.09835, 0
PixelHit 1165, 1056, 1.00276, 0
PixelHit 1165, 1058, 5.44885, 0
PixelHit 1166, 1041, 1.44632, 0
PixelHit 1166, 1042, 2.66718, 0
PixelHit 1166, 1043, 10.7659, 0
PixelHit 1166, 1044, 13.3272, 0
PixelHit 1166, 1045, 7.63909, 0
PixelHit 1166, 1046, 7.98844, 0
PixelHit 1166, 1047, 23.3012, 0
PixelHit 1166, 1048, 41.5286, 0
PixelHit 1166, 1049, 48.3882, 0
PixelHit 1166, 1050, 23.988, 0
PixelHit 1166, 1051, 26.9462, 0
PixelHit 1166, 1052, 27.1428, 0
PixelHit 1166, 1053, 11.4235, 0
PixelHit 1166, 1054, 4.01197, 0
PixelHit 1167, 1041, 2.39021, 0
PixelHit 1167, 1042, 13.1967, 0
PixelHit 1167, 1043, 46.4029, 0
PixelHit 1167, 1044, 73.1124, 0
PixelHit 1167, 1045, 49.5835, 0
PixelHit 1167, 1046, 21.8794, 0
PixelHit 1167, 1047, 34.6689, 0
PixelHit 1167, 1048, 21.8402, 0
PixelHit 1167, 1049, 37.5769, 0
PixelHit 1167, 1050, 16.6224, 0
PixelHit 1167, 1051, 5.19647, 0
PixelHit 1167, 1052, 1.25291, 0
PixelHit 1167, 1053, 0.329418, 0
PixelHit 1168, 1036, 0.435774, 0
PixelHit 1168, 1037, 2.83213, 0
PixelHit 1168, 1040, 10.614, 0
PixelHit 1168, 1041, 4.55287, 0
PixelHit 1168, 1042, 28.6672, 0
PixelHit 1168, 1043, 83.9717, 0
PixelHit 1168, 1044, 116.435, 0
PixelHit 1168, 1045, 65.8379, 0
PixelHit 1168, 1046, 23.6387, 0
PixelHit 1168, 1047, 14.9775, 0
PixelHit 1168, 1048, 12.9372, 0
PixelHit 1168, 1049, 6.79414, 0
PixelHit 1168, 1050, 1.10197, 0
PixelHit 1169, 1033, 3.30177, 0
PixelHit 1169, 1034, 3.10396, 0
PixelHit 1169, 1035, 3.60187, 0
PixelHit 1169, 1036, 2.14574, 0
PixelHit 1169, 1037, 3.04799, 0
PixelHit 1169, 1038, 8.98914, 0
PixelHit 1169, 1039, 10.823, 0
PixelHit 1169, 1040, 12.5013, 0
PixelHit 1169, 1041, 8.68502, 0
PixelHit 1169, 1042, 20.9748, 0
PixelHit 1169, 1043, 68.1898, 0
PixelHit 1169, 1044, 82.3966, 0
PixelHit 1169, 1045, 48.015, 0
PixelHit 1169, 1046, 21.9032, 0
PixelHit 1169, 1047, 1.11461, 0
PixelHit 1170, 1032, 2.03892, 0
PixelHit 1170, 1034, 6.77653, 0
PixelHit 1170, 1035, 4.12225, 0
PixelHit 1170, 1036, 8.84215, 0
PixelHit 1170, 1037, 11.2056, 0
PixelHit 1170, 1038, 16.7252, 0
PixelHit 1170, 1039, 17.1715, 0
PixelHit 1170, 1040, 12.1751, 0
PixelHit 1170, 1041, 7.49015, 0
PixelHit 1170, 1042, 8.37321, 0
PixelHit 1170, 1043, 15.2451, 0
PixelHit 1170, 1044, 17.5835, 0
PixelHit 1170, 1045, 8.36457, 0
PixelHit 1170, 1046, 2.38947, 0
PixelHit 1170, 1047, 2.14891, 0
PixelHit 1171, 1026, 3.14078, 0
PixelHit 1171, 1028, 2.91955, 0
PixelHit 1171, 1029, 3.55828, 0
PixelHit 1171, 1030, 3.03592, 0
PixelHit 1171, 1031, 3.09018, 0
PixelHit 1171, 1032, 6.80554, 0
PixelHit 1171, 1033, 5.64945, 0
PixelHit 1171, 1034, 11.4235, 0
PixelHit 1171, 1035, 10.9784, 0
PixelHit 1171, 1036, 20.5675, 0
PixelHit 1171, 1037, 8.49285, 0
PixelHit 1171, 1038, 13.5646, 0
PixelHit 1171, 1039, 10.8485, 0
PixelHit 1171, 1040, 4.9272, 0
PixelHit 1171, 1043, 1.43278, 0
PixelHit 1172, 1026, 1.12833, 0
PixelHit 1172, 1027, 4.95214, 0
PixelHit 1172, 1028, 9.18305, 0
PixelHit 1172, 1029, 4.96643, 0
PixelHit 1172, 1030, 13.4982, 0
PixelHit 1172, 1031, 7.89769, 0
PixelHit 1172, 1032, 8.13164, 0
PixelHit 1172, 1033, 13.0494, 0
PixelHit 1172, 1034, 8.16036, 0
PixelHit 1172, 1035, 19.9836, 0
PixelHit 1172, 1036, 16.7581, 0
PixelHit 1172, 1037, 9.73214, 0
PixelHit 1172, 1038, 1.15222, 0
PixelHit 1172, 1039, 1.94092, 0
PixelHit 1172, 1040, 1.92892, 0
PixelHit 1172, 1044, 0.33266, 0
PixelHit 1173, 1024, 1.06576, 0
PixelHit 1173, 1026, 5.23752, 0
PixelHit 1173, 1027, 11.1398, 0
PixelHit 1173, 1028, 15.0708, 0
PixelHit 1173, 1029, 13.4029, 0
PixelHit 1173, 1030, 16.3849, 0
PixelHit 1173, 1031, 20.3288, 0
PixelHit 1173, 1032, 10.9896, 0
PixelHit 1173, 1033, 11.1306, 0
PixelHit 1173, 1034, 5.58937, 0
PixelHit 1173, 1035, 11.5433, 0
PixelHit 1173, 1036, 4.59493, 0
PixelHit 1173, 1037, 3.11181, 0
PixelHit 1173, 1038, 2.42143, 0
PixelHit 1173, 1039, 2.36373, 0
PixelHit 1174, 1022, 1.55244, 0
PixelHit 1174, 1023, 3.86982, 0
PixelHit 1174, 1024, 9.47293, 0
PixelHit 1174, 1025, 3.91062, 0
PixelHit 1174, 1026, 14.4929, 0
PixelHit 1174, 1027, 10.4735, 0
PixelHit 1174, 1028, 30.5021, 0
PixelHit 1174, 1029, 25.6437, 0
PixelHit 1174, 1030, 27.1469, 0
PixelHit 1174, 1031, 12.7686, 0
PixelHit 1174, 1032, 5.50207, 0
PixelHit 1174, 1033, 4.3568, 0
PixelHit 1174, 1034, 2.81027, 0
PixelHit 1174, 1035, 0.903111, 0
PixelHit 1175, 1019, 3.07768, 0
PixelHit 1175, 1020, 9.52923, 0
PixelHit 1175, 1021, 3.51716, 0
PixelHit 1175, 1022, 10.6304, 0
PixelHit 1175, 1023, 4.80776, 0
PixelHit 1175, 1024, 12.2776, 0
PixelHit 1175, 1025, 13.0185, 0
PixelHit 1175, 1026, 18.2082, 0
PixelHit 1175, 1027, 10.3591, 0
PixelHit 1175, 1028, 21.7457, 0
PixelHit 1175, 1029, 16.7495, 0
PixelHit 1175, 1030, 9.34163, 0
PixelHit 1175, 1032, 2.7598, 0
PixelHit 1176, 1017, 4.85456, 0
PixelHit 1176, 1018, 8.89122, 0
PixelHit 1176, 1019, 26.4066, 0
PixelHit 1176, 1020, 19.9349, 0
PixelHit 1176, 1021, 9.25161, 0
PixelHit 1176, 1022, 18.4083, 0
PixelHit 1176, 1023, 7.04672, 0
PixelHit 1176, 1024, 8.45734, 0
PixelHit 1176, 1025, 20.3265, 0
PixelHit 1176, 1026, 14.776, 0
PixelHit 1176, 1027, 5.33048, 0
PixelHit 1176, 1028, 8.04704, 0
PixelHit 1176, 1029, 3.61252, 0
PixelHit 1176, 1030, 1.93314, 0
PixelHit 1176, 1032, 2.77655, 0
PixelHit 1177, 1015, 0.125561, 0
PixelHit 1177, 1017, 7.91458, 0
PixelHit 1177, 1018, 27.0734, 0
PixelHit 1177, 1019, 56.8401, 0
PixelHit 1177, 1020, 37.5319, 0
PixelHit 1177, 1021, 28.1892, 0
PixelHit 1177, 1022, 19.8744, 0
PixelHit 1177, 1023, 17.3202, 0
PixelHit 1177, 1024, 10.721, 0
PixelHit 1177, 1025, 7.62991, 0
PixelHit 1177, 1026, 1.89942, 0
PixelHit 1178, 1015, 1.01471, 0
PixelHit 1178, 1016, 3.34694, 0
PixelHit 1178, 1017, 9.75268, 0
PixelHit 1178, 1018, 21.904, 0
PixelHit 1178, 1019, 49.2688, 0
PixelHit 1178, 1020, 47.3551, 0
PixelHit 1178, 1021, 20.3264, 0
PixelHit 1178, 1022, 9.51278, 0
PixelHit 1178, 1023, 4.44408, 0
PixelHit 1178, 1024, 7.72916, 0
PixelHit 1178, 1025, 2.39047, 0
PixelHit 1179, 1016, 1.97241, 0
PixelHit 1179, 1017, 3.95107, 0
PixelHit 1179, 1018, 13.4955, 0
PixelHit 1179, 1019, 27.2396, 0
PixelHit 1179, 1020, 15.9891, 0
PixelHit 1179, 1021, 7.3452, 0
PixelHit 1179, 1022, 3.71365, 0
PixelHit 1180, 1017, 5.41349, 0
PixelHit 1180, 1018, 2.64466, 0
PixelHit 1180, 1019, 4.6136, 0
PixelHit 1180, 1020, 8.75809, 0
PixelHit 1180, 1021, 2.4618, 0
PixelHit 1279, 1363, 1.80186, 0
PixelHit 1279, 1365, 0.890659, 0
PixelHit 1279, 1366, 3.46592, 0
PixelHit 1279, 1367, 4.67811, 0
PixelHit 1280, 1360, 2.31123, 0
PixelHit 1280, 1361, 2.49845, 0
PixelHit 1280, 1362, 1.65081, 0
PixelHit 1280, 1363, 26.1435, 0
PixelHit 1280, 1364, 55.4937, 0
PixelHit 1280, 1365, 13.1452, 0
PixelHit 1280, 1366, 4.82377, 0
PixelHit 1280, 1367, 3.27208, 0
PixelHit 1281, 1356, 0.516611, 0
PixelHit 1281, 1358, 3.97709, 0
PixelHit 1281, 1359, 3.66092, 0
PixelHit 1281, 1360, 32.8724, 0
PixelHit 1281, 1361, 13.7774, 0
PixelHit 1281, 1362, 16.6553, 0
PixelHit 1281, 1363, 58.0379, 0
PixelHit 1281, 1364, 13.9731, 0
PixelHit 1281, 1365, 2.5408, 0
PixelHit 1282, 1355, 2.027, 0
PixelHit 1282, 1356, 4.32875, 0
PixelHit 1282, 1357, 33.6824, 0
PixelHit 1282, 1358, 55.8806, 0
PixelHit 1282, 1359, 45.7643, 0
PixelHit 1282, 1360, 31.77, 0
PixelHit 1282, 1361, 23.1281, 0
PixelHit 1282, 1362, 4.03133, 0
PixelHit 1282, 1363, 1.51266, 0
PixelHit 1283, 1352, 3.52835, 0
PixelHit 1283, 1353, 4.25598, 0
PixelHit 1283, 1355, 4.01841, 0
PixelHit 1283, 1356, 29.3512, 0
PixelHit 1283, 1357, 49.0821, 0
PixelHit 1283, 1358, 59.1091, 0
PixelHit 1283, 1359, 10.4349, 0
PixelHit 1283, 1360, 4.54596, 0
PixelHit 1284, 1348, 4.63376, 0
PixelHit 1284, 1352, 19.0286, 0
PixelHit 1284, 1353, 9.88746, 0
PixelHit 1284, 1354, 1.6702, 0
PixelHit 1284, 1355, 1.37388, 0
PixelHit 1284, 1356, 11.7266, 0
PixelHit 1284, 1357, 5.88595, 0
PixelHit 1284, 1359, 2.59317, 0
PixelHit 1285, 1344, 1.86823, 0
PixelHit 1285, 1346, 11.5512, 0
PixelHit 1285, 1347, 18.1924, 0
PixelHit 1285, 1348, 11.7711, 0
PixelHit 1285, 1349, 9.91312, 0
PixelHit 1285, 1350, 6.46842, 0
PixelHit 1285, 1351, 2.48875, 0
PixelHit 1285, 1352, 8.63441, 0
PixelHit 1285, 1353, 5.54096, 0
PixelHit 1285, 1354, 2.18011, 0
PixelHit 1286, 1342, 1.87266, 0
PixelHit 1286, 1343, 2.4279, 0
PixelHit 1286, 1344, 6.34764, 0
PixelHit 1286, 1345, 13.4395, 0
PixelHit 1286, 1346, 44.5558, 0
PixelHit 1286, 1347, 65.4281, 0
PixelHit 1286, 1348, 48.9194, 0
PixelHit 1286, 1349, 26.3191, 0
PixelHit 1286, 1350, 11.1013, 0
PixelHit 1286, 1351, 2.10507, 0
PixelHit 1286, 1353, 1.60369, 0
PixelHit 1287, 1340, 4.05557, 0
PixelHit 1287, 1342, 7.53649, 0
PixelHit 1287, 1343, 7.84318, 0
PixelHit 1287, 1344, 26.2342, 0
PixelHit 1287, 1345, 27.409, 0
PixelHit 1287, 1346, 38.5926, 0
PixelHit 1287, 1347, 54.4949, 0
PixelHit 1287, 1348, 23.1918, 0
PixelHit 1287, 1349, 6.63046, 0
PixelHit 1287, 1350, 3.13991, 0
PixelHit 1288, 1332, 3.2839, 0
PixelHit 1288, 1334, 1.09741, 0
PixelHit 1288, 1337, 1.71637, 0
PixelHit 1288, 1338, 3.87835, 0
PixelHit 1288, 1339, 8.07818, 0
PixelHit 1288, 1340, 6.12637, 0
PixelHit 1288, 1341, 12.2343, 0
PixelHit 1288, 1342, 9.48817, 0
PixelHit 1288, 1343, 10.9473, 0
PixelHit 1288, 1344, 18.7003, 0
PixelHit 1288, 1345, 15.2032, 0
PixelHit 1288, 1346, 11.9817, 0
PixelHit 1288, 1347, 15.3917, 0
PixelHit 1288, 1348, 4.22752, 0
PixelHit 1289, 1330, 1.79582, 0
PixelHit 1289, 1331, 7.61429, 0
PixelHit 1289, 1332, 16.0976, 0
PixelHit 1289, 1333, 12.2701, 0
PixelHit 1289, 1334, 9.56231, 0
PixelHit 1289, 1335, 6.56131, 0
PixelHit 1289, 1336, 9.70377, 0
PixelHit 1289, 1337, 11.7786, 0
PixelHit 1289, 1338, 13.0004, 0
PixelHit 1289, 1339, 3.56368, 0
PixelHit 1289, 1340, 9.43484, 0
PixelHit 1289, 1341, 15.7753, 0
PixelHit 1289, 1342, 4.68934, 0
PixelHit 1289, 1343, 6.14129, 0
PixelHit 1289, 1345, 5.39736, 0
PixelHit 1290, 1327, 2.08293, 0
PixelHit 1290, 1328, 0.00217242, 0
PixelHit 1290, 1329, 4.52848, 0
PixelHit 1290, 1330, 25.076, 0
PixelHit 1290, 1331, 74.3655, 0
PixelHit 1290, 1332, 150.263, 0
PixelHit 1290, 1333, 133.591, 0
PixelHit 1290, 1334, 58.6461, 0
PixelHit 1290, 1335, 20.4034, 0
PixelHit 1290, 1336, 13.4707, 0
PixelHit 1290, 1337, 20.6398, 0
PixelHit 1290, 1338, 12.0807, 0
PixelHit 1290, 1339, 5.78246, 0
PixelHit 1290, 1340, 4.81627, 0
PixelHit 1290, 1341, 4.21772, 0
PixelHit 1290, 1342, 4.39508, 0
PixelHit 1291, 1320, 1.88015, 0
PixelHit 1291, 1324, 6.01591, 0
PixelHit 1291, 1325, 0.89465, 0
PixelHit 1291, 1326, 5.47927, 0
PixelHit 1291, 1328, 5.17327, 0
PixelHit 1291, 1329, 31.8183, 0
PixelHit 1291, 1330, 116.053, 0
PixelHit 1291, 1331, 275.362, 0
PixelHit 1291, 1332, 475.244, 0
PixelHit 1291, 1333, 317.674, 0
PixelHit 1291, 1334, 108.218, 0
PixelHit 1291, 1335, 43.6442, 0
PixelHit 1291, 1336, 25.8846, 0
PixelHit 1291, 1337, 10.8401, 0
PixelHit 1291, 1338, 6.9992, 0
PixelHit 1291, 1339, 3.48033, 0
PixelHit 1291, 1340, 1.44163, 0
PixelHit 1291, 1341, 1.53869, 0
PixelHit 1292, 1323, 10.7463, 0
PixelHit 1292, 1324, 18.1796, 0
PixelHit 1292, 1325, 33.6948, 0
PixelHit 1292, 1326, 25.9443, 0
PixelHit 1292, 1327, 15.4287, 0
PixelHit 1292, 1328, 17.3654, 0
PixelHit 1292, 1329, 73.6672, 0
PixelHit 1292, 1330, 224.41, 0
PixelHit 1292, 1331, 401.409, 0
PixelHit 1292, 1332, 426.099, 0
PixelHit 1292, 1333, 260.9, 0
PixelHit 1292, 1334, 81.8637, 0
PixelHit 1292, 1335, 17.761, 0
PixelHit 1292, 1336, 5.70576, 0
PixelHit 1293, 1322, 4.59392, 0
PixelHit 1293, 1323, 23.549, 0
PixelHit 1293, 1324, 85.4906, 0
PixelHit 1293, 1325, 148.721, 0
PixelHit 1293, 1326, 156.346, 0
PixelHit 1293, 1327, 48.6351, 0
PixelHit 1293, 1328, 28.703, 0
PixelHit 1293, 1329, 57.9486, 0
PixelHit 1293, 1330, 168.222, 0
PixelHit 1293, 1331, 253.371, 0
PixelHit 1293, 1332, 192.136, 0
PixelHit 1293, 1333, 93.4234, 0
PixelHit 1293, 1334, 26.1445, 0
PixelHit 1293, 1335, 5.35836, 0
PixelHit 1294, 1314, 1.0708, 0
PixelHit 1294, 1317, 1.3143, 0
PixelHit 1294, 1318, 3.46873, 0
PixelHit 1294, 1319, 1.22311, 0
PixelHit 1294, 1320, 7.9929, 0
PixelHit 1294, 1321, 5.98302, 0
PixelHit 1294, 1322, 12.5156, 0
PixelHit 1294, 1323, 32.5334, 0
PixelHit 1294, 1324, 135.067, 0
PixelHit 1294, 1325, 245.361, 0
PixelHit 1294, 1326, 218.548, 0
PixelHit 1294, 1327, 84.7784, 0
PixelHit 1294, 1328, 19.8678, 0
PixelHit 1294, 1329, 14.2411, 0
PixelHit 1294, 1330, 49.8006, 0
PixelHit 1294, 1331, 68.276, 0
PixelHit 1294, 1332, 31.0257, 0
PixelHit 1294, 1333, 6.89919, 0
PixelHit 1295, 1312, 6.11163, 0
PixelHit 1295, 1313, 1.7923, 0
PixelHit 1295, 1314, 2.99777, 0
PixelHit 1295, 1316, 3.43878, 0
PixelHit 1295, 1317, 6.54324, 0
PixelHit 1295, 1318, 5.87971, 0
PixelHit 1295, 1319, 9.55798, 0
PixelHit 1295, 1320, 14.4762, 0
PixelHit 1295, 1321, 17.0983, 0
PixelHit 1295, 1322, 19.5511, 0
PixelHit 1295, 1323, 41.2386, 0
PixelHit 1295, 1324, 92.7491, 0
PixelHit 1295, 1325, 167.272, 0
PixelHit 1295, 1326, 145.707, 0
PixelHit 1295, 1327, 33.8159, 0
PixelHit 1295, 1328, 4.73542, 0
PixelHit 1295, 1330, 8.57533, 0
PixelHit 1295, 1331, 3.61454, 0
PixelHit 1296, 1311, 5.3094, 0
PixelHit 1296, 1312, 15.1272, 0
PixelHit 1296, 1313, 18.7857, 0
PixelHit 1296, 1314, 23.6913, 0
PixelHit 1296, 1315, 9.96389, 0
PixelHit 1296, 1316, 8.11276, 0
PixelHit 1296, 1317, 17.309, 0
PixelHit 1296, 1318, 18.5571, 0
PixelHit 1296, 1319, 16.9192, 0
PixelHit 1296, 1320, 19.2355, 0
PixelHit 1296, 1321, 18.8682, 0
PixelHit 1296, 1322, 20.553, 0
PixelHit 1296, 1323, 15.3067, 0
PixelHit 1296, 1324, 25.0168, 0
PixelHit 1296, 1325, 39.1079, 0
PixelHit 1296, 1326, 36.4566, 0
PixelHit 1296, 1327, 8.10603, 0
PixelHit 1296, 1328, 4.63315, 0
PixelHit 1297, 1311, 32.0629, 0
PixelHit 1297, 1312, 45.5055, 0
PixelHit 1297, 1313, 75.1627, 0
PixelHit 1297, 1314, 72.2618, 0
PixelHit 1297, 1315, 35.1175, 0
PixelHit 1297, 1316, 17.5565, 0
PixelHit 1297, 1317, 18.0518, 0
PixelHit 1297, 1318, 15.8976, 0
PixelHit 1297, 1319, 8.95032, 0
PixelHit 1297, 1320, 15.6928, 0
PixelHit 1297, 1321, 11.944, 0
PixelHit 1297, 1322, 6.16965, 0
PixelHit 1297, 1323, 3.65403, 0
PixelHit 1297, 1324, 4.85721, 0
PixelHit 1297, 1325, 9.27336, 0
PixelHit 1297, 1326, 4.42818, 0
PixelHit 1298, 1305, 1.30638, 0
PixelHit 1298, 1306, 7.96551, 0
PixelHit 1298, 1307, 8.80933, 0
PixelHit 1298, 1308, 7.38384, 0
PixelHit 1298, 1309, 4.38403, 0
PixelHit 1298, 1310, 12.5168, 0
PixelHit 1298, 1311, 43.1659, 0
PixelHit 1298, 1312, 105.223, 0
PixelHit 1298, 1313, 138.196, 0
PixelHit 1298, 1314, 94.4354, 0
PixelHit 1298, 1315, 45.9528, 0
PixelHit 1298, 1316, 20.9351, 0
PixelHit 1298, 1317, 8.4732, 0
PixelHit 1298, 1318, 7.5584, 0
PixelHit 1298, 1319, 6.16976, 0
PixelHit 1298, 1320, 4.17573, 0
PixelHit 1298, 1323, 2.97952, 0
PixelHit 1299, 1305, 8.36884, 0
PixelHit 1299, 1306, 16.1589, 0
PixelHit 1299, 1307, 22.5053, 0
PixelHit 1299, 1308, 22.5761, 0
PixelHit 1299, 1309, 18.6701, 0
PixelHit 1299, 1310, 24.3779, 0
PixelHit 1299, 1311, 45.8219, 0
PixelHit 1299, 1312, 124.731, 0
PixelHit 1299, 1313, 114.797, 0
PixelHit 1299, 1314, 90.7467, 0
PixelHit 1299, 1315, 25.2564, 0
PixelHit 1299, 1316, 7.74165, 0
PixelHit 1299, 1317, 4.81465, 0
PixelHit 1299, 1318, 6.48826, 0
PixelHit 1299, 1321, 1.39961, 0
PixelHit 1300, 1304, 3.66852, 0
PixelHit 1300, 1305, 15.1135, 0
PixelHit 1300, 1306, 26.4547, 0
PixelHit 1300, 1307, 24.3045, 0
PixelHit 1300, 1308, 35.3931, 0
PixelHit 1300, 1309, 17.3306, 0
PixelHit 1300, 1310, 20.34, 0
PixelHit 1300, 1311, 23.0053, 0
PixelHit 1300, 1312, 49.7183, 0
PixelHit 1300, 1313, 43.3967, 0
PixelHit 1300, 1314, 30.3834, 0
PixelHit 1300, 1315, 10.696, 0
PixelHit 1300, 1316, 4.94765, 0
PixelHit 1301, 1303, 3.68289, 0
PixelHit 1301, 1304, 6.68841, 0
PixelHit 1301, 1305, 17.9443, 0
PixelHit 1301, 1306, 17.8691, 0
PixelHit 1301, 1307, 21.7066, 0
PixelHit 1301, 1308, 19.8058, 0
PixelHit 1301, 1309, 19.1486, 0
PixelHit 1301, 1310, 11.302, 0
PixelHit 1301, 1311, 2.31014, 0
PixelHit 1301, 1312, 9.6708, 0
PixelHit 1301, 1313, 8.71504, 0
PixelHit 1301, 1314, 10.3119, 0
PixelHit 1301, 1315, 4.92039, 0
PixelHit 1302, 1303, 1.17738, 0
PixelHit 1302, 1304, 4.83887, 0
PixelHit 1302, 1305, 4.13264, 0
PixelHit 1302, 1306, 16.2986, 0
PixelHit 1302, 1307, 10.2222, 0
PixelHit 1302, 1308, 7.42822, 0
PixelHit 1302, 1311, 2.72702, 0
PixelHit 1302, 1312, 1.8704, 0
PixelHit 1302, 1313, 1.54906, 0
PixelHit 1303, 1304, 0.707012, 0
PixelHit 1303, 1305, 3.94254, 0
PixelHit 1303, 1306, 2.47866, 0
PixelHit 1304, 1307, 1.74615, 0
=== 62 ===
=== 63 ===
=== 64 ===
=== 65 ===
=== 66 ===
=== 67 ===
=== 68 ===
=== 69 ===
=== 70 ===
=== 71 ===
=== 72 ===
=== 73 ===
=== 74 ===
=== 75 ===
=== 76 ===
=== 77 ===
=== 78 ===
=== 79 ===
=== 80 ===
=== 81 ===
=== 82 ===
=== 83 ===
=== 84 ===
=== 85 ===
=== 86 ===
=== 87 ===
=== 88 ===
=== 89 ===
=== 90 ===
=== 91 ===
=== 92 ===
=== 93 ===
=== 94 ===
=== 95 ===
=== 96 ===
=== 97 ===
=== 98 ===
=== 99 ===
=== 100 ===
# 1180 objects from 3 messages
