# Allpix Squared ASCII data - https://cern.ch/allpix-squared

=== 1 ===
=== 2 ===
=== 3 ===
--- mydetector ---
PixelHit 1427, 1021, 2.76373, 0
PixelHit 1427, 1022, 2.68518, 0
PixelHit 1428, 1021, 35.8804, 0
PixelHit 1428, 1022, 99.8904, 0
PixelHit 1428, 1023, 1.3093, 0
PixelHit 1429, 1020, 1.00434, 0
PixelHit 1429, 1021, 13.6206, 0
PixelHit 1429, 1022, 13.6601, 0
PixelHit 1430, 1020, 7.44049, 0
PixelHit 1430, 1021, 28.4066, 0
PixelHit 1430, 1022, 4.16716, 0
PixelHit 1431, 1019, 2.72805, 0
PixelHit 1431, 1020, 42.2196, 0
PixelHit 1431, 1021, 31.2204, 0
PixelHit 1432, 1019, 9.7642, 0
PixelHit 1432, 1020, 84.7458, 0
PixelHit 1432, 1021, 40.8145, 0
PixelHit 1432, 1022, 3.69333, 0
PixelHit 1433, 1019, 10.3677, 0
PixelHit 1433, 1020, 27.428, 0
PixelHit 1433, 1021, 6.44315, 0
PixelHit 1434, 1018, 4.94957, 0
PixelHit 1434, 1019, 9.83267, 0
PixelHit 1434, 1020, 4.90567, 0
PixelHit 1435, 1018, 4.23705, 0
PixelHit 1435, 1019, 25.8977, 0
PixelHit 1435, 1020, 4.81932, 0
PixelHit 1436, 1017, 5.50017, 0
PixelHit 1436, 1018, 27.0173, 0
PixelHit 1436, 1019, 36.369, 0
PixelHit 1436, 1020, 7.88711, 0
PixelHit 1437, 1016, 1.37248, 0
PixelHit 1437, 1017, 6.65562, 0
PixelHit 1437, 1018, 49.0301, 0
PixelHit 1437, 1019, 36.5565, 0
PixelHit 1437, 1020, 2.88273, 0
PixelHit 1438, 1017, 33.6607, 0
PixelHit 1438, 1018, 54.5824, 0
PixelHit 1438, 1019, 20.9946, 0
PixelHit 1438, 1020, 1.78999, 0
PixelHit 1439, 1016, 12.9488, 0
PixelHit 1439, 1017, 25.4887, 0
PixelHit 1439, 1018, 28.8362, 0
PixelHit 1439, 1019, 14.2087, 0
PixelHit 1440, 1014, 0.758613, 0
PixelHit 1440, 1015, 2.9079, 0
PixelHit 1440, 1016, 19.5, 0
PixelHit 1440, 1017, 57.3416, 0
PixelHit 1440, 1018, 34.3612, 0
PixelHit 1440, 1019, 2.54835, 0
PixelHit 1441, 1015, 6.09439, 0
PixelHit 1441, 1016, 39.0854, 0
PixelHit 1441, 1017, 36.7171, 0
PixelHit 1441, 1018, 17.012, 0
PixelHit 1441, 1019, 3.14023, 0
PixelHit 1442, 1015, 13.7243, 0
PixelHit 1442, 1016, 25.4069, 0
PixelHit 1442, 1017, 29.1193, 0
PixelHit 1442, 1018, 3.75413, 0
PixelHit 1442, 1019, 0.694999, 0
PixelHit 1443, 1014, 3.42307, 0
PixelHit 1443, 1015, 14.8654, 0
PixelHit 1443, 1016, 21.6299, 0
PixelHit 1443, 1017, 10.8775, 0
PixelHit 1443, 1018, 2.00474, 0
PixelHit 1444, 1013, 3.64011, 0
PixelHit 1444, 1014, 21.1642, 0
PixelHit 1444, 1015, 30.2751, 0
PixelHit 1444, 1016, 33.1183, 0
PixelHit 1444, 1017, 7.55715, 0
PixelHit 1444, 1018, 2.0319, 0
PixelHit 1445, 1013, 10.6461, 0
PixelHit 1445, 1014, 41.3696, 0
PixelHit 1445, 1015, 97.5357, 0
PixelHit 1445, 1016, 40.1405, 0
PixelHit 1445, 1017, 12.3919, 0
PixelHit 1446, 1013, 13.6606, 0
PixelHit 1446, 1014, 50.6858, 0
PixelHit 1446, 1015, 122.419, 0
PixelHit 1446, 1016, 53.4104, 0
PixelHit 1446, 1017, 4.01224, 0
PixelHit 1447, 1013, 9.28645, 0
PixelHit 1447, 1014, 25.4043, 0
PixelHit 1447, 1015, 33.6716, 0
PixelHit 1447, 1016, 11.8563, 0
PixelHit 1447, 1017, 6.27874, 0
PixelHit 1448, 1012, 3.13134, 0
PixelHit 1448, 1013, 6.00431, 0
PixelHit 1448, 1014, 17.267, 0
PixelHit 1448, 1015, 13.3473, 0
PixelHit 1448, 1017, 0.64444, 0
PixelHit 1449, 1011, 6.98259, 0
PixelHit 1449, 1012, 10.8947, 0
PixelHit 1449, 1013, 18.0062, 0
PixelHit 1449, 1014, 16.5139, 0
PixelHit 1449, 1015, 9.3505, 0
PixelHit 1450, 1009, -0.124966, 0
PixelHit 1450, 1010, 1.46865, 0
PixelHit 1450, 1011, 8.16743, 0
PixelHit 1450, 1012, 26.6141, 0
PixelHit 1450, 1013, 25.3176, 0
PixelHit 1450, 1014, 26.9038, 0
PixelHit 1450, 1015, 5.43023, 0
PixelHit 1451, 1010, 2.23341, 0
PixelHit 1451, 1011, 16.7849, 0
PixelHit 1451, 1012, 37.1399, 0
PixelHit 1451, 1013, 57.9276, 0
PixelHit 1451, 1014, 22.3385, 0
PixelHit 1451, 1015, 10.731, 0
PixelHit 1452, 1009, 1.93956, 0
PixelHit 1452, 1010, 6.14037, 0
PixelHit 1452, 1011, 22.4769, 0
PixelHit 1452, 1012, 73.8694, 0
PixelHit 1452, 1013, 61.7507, 0
PixelHit 1452, 1014, 31.3246, 0
PixelHit 1452, 1015, 6.0894, 0
PixelHit 1453, 1010, 1.62255, 0
PixelHit 1453, 1011, 24.1859, 0
PixelHit 1453, 1012, 31.1433, 0
PixelHit 1453, 1013, 39.2423, 0
PixelHit 1453, 1014, 13.2912, 0
PixelHit 1453, 1015, 4.03114, 0
PixelHit 1454, 1009, 1.03797, 0
PixelHit 1454, 1010, 6.20382, 0
PixelHit 1454, 1011, 16.9867, 0
PixelHit 1454, 1012, 25.8122, 0
PixelHit 1454, 1013, 16.3491, 0
PixelHit 1454, 1014, 4.17028, 0
PixelHit 1454, 1015, 2.75898, 0
PixelHit 1455, 1009, 6.67462, 0
PixelHit 1455, 1010, 16.3969, 0
PixelHit 1455, 1011, 10.1341, 0
PixelHit 1455, 1012, 21.2546, 0
PixelHit 1455, 1013, 5.43924, 0
PixelHit 1455, 1014, 1.05575, 0
PixelHit 1456, 1007, 2.97007, 0
PixelHit 1456, 1009, 7.84325, 0
PixelHit 1456, 1010, 12.9904, 0
PixelHit 1456, 1011, 13.1992, 0
PixelHit 1456, 1012, 11.1871, 0
PixelHit 1456, 1013, 4.92374, 0
PixelHit 1456, 1014, 2.0008, 0
PixelHit 1457, 1007, 1.00616, 0
PixelHit 1457, 1008, 11.6127, 0
PixelHit 1457, 1009, 24.8779, 0
PixelHit 1457, 1010, 38.9963, 0
PixelHit 1457, 1011, 28.2351, 0
PixelHit 1457, 1012, 16.1537, 0
PixelHit 1458, 1006, 2.59406, 0
PixelHit 1458, 1007, 1.72945, 0
PixelHit 1458, 1008, 16.6764, 0
PixelHit 1458, 1009, 57.7428, 0
PixelHit 1458, 1010, 80.4951, 0
PixelHit 1458, 1011, 47.9638, 0
PixelHit 1458, 1012, 23.5666, 0
PixelHit 1458, 1013, 3.48511, 0
PixelHit 1459, 1007, 5.7813, 0
PixelHit 1459, 1008, 25.8278, 0
PixelHit 1459, 1009, 63.5167, 0
PixelHit 1459, 1010, 72.3928, 0
PixelHit 1459, 1011, 57.4458, 0
PixelHit 1459, 1012, 20.6148, 0
PixelHit 1460, 1007, 3.55484, 0
PixelHit 1460, 1008, 8.25743, 0
PixelHit 1460, 1009, 36.4646, 0
PixelHit 1460, 1010, 48.8281, 0
PixelHit 1460, 1011, 25.8703, 0
PixelHit 1460, 1012, 7.10799, 0
PixelHit 1461, 1008, 11.9335, 0
PixelHit 1461, 1009, 15.883, 0
PixelHit 1461, 1010, 11.2197, 0
PixelHit 1461, 1011, 12.0825, 0
PixelHit 1462, 1007, 3.62693, 0
PixelHit 1462, 1008, 5.11873, 0
PixelHit 1462, 1009, 8.48432, 0
PixelHit 1462, 1010, 2.99107, 0
PixelHit 1462, 1011, 1.1001, 0
PixelHit 1463, 1009, 1.7579, 0
PixelHit 1463, 1010, 1.69584, 0
PixelHit 1463, 1011, 1.43985, 0
PixelHit 1464, 1010, 0.721399, 0
=== 4 ===
--- mydetector ---
PixelHit 1212, 1002, 1.4895, 0
PixelHit 1213, 1001, 5.40686, 0
PixelHit 1213, 1002, 56.8605, 0
PixelHit 1213, 1003, 0.106405, 0
PixelHit 1214, 1001, 23.1839, 0
PixelHit 1214, 1002, 36.134, 0
PixelHit 1214, 1003, 1.07686, 0
PixelHit 1215, 1000, 2.34271, 0
PixelHit 1215, 1001, 29.9278, 0
PixelHit 1215, 1002, 8.84599, 0
PixelHit 1216, 1000, 14.2625, 0
PixelHit 1216, 1001, 61.84, 0
PixelHit 1216, 1002, 2.20036, 0
PixelHit 1217, 1000, 11.0053, 0
PixelHit 1217, 1001, 26.9706, 0
PixelHit 1217, 1002, 1.06754, 0
PixelHit 1218, 999, 16.7507, 0
PixelHit 1218, 1000, 49.3034, 0
PixelHit 1218, 1001, 6.1116, 0
PixelHit 1219, 998, 1.67487, 0
PixelHit 1219, 999, 73.9132, 0
PixelHit 1219, 1000, 125.821, 0
PixelHit 1219, 1001, 28.8811, 0
PixelHit 1220, 998, 1.96121, 0
PixelHit 1220, 999, 31.2299, 0
PixelHit 1220, 1000, 61.1837, 0
PixelHit 1220, 1001, 4.99038, 0
PixelHit 1221, 998, 11.3325, 0
PixelHit 1221, 999, 29.8465, 0
PixelHit 1221, 1000, 11.1678, 0
PixelHit 1221, 1001, 3.22365, 0
PixelHit 1222, 996, 1.46799, 0
PixelHit 1222, 997, 14.2912, 0
PixelHit 1222, 998, 105.202, 0
PixelHit 1222, 999, 94.6285, 0
PixelHit 1222, 1000, 4.29281, 0
PixelHit 1223, 996, 5.11259, 0
PixelHit 1223, 997, 45.3487, 0
PixelHit 1223, 998, 215.523, 0
PixelHit 1223, 999, 137.103, 0
PixelHit 1223, 1000, 10.8063, 0
PixelHit 1224, 996, 1.27706, 0
PixelHit 1224, 997, 19.5254, 0
PixelHit 1224, 998, 85.0222, 0
PixelHit 1224, 999, 67.3147, 0
PixelHit 1224, 1000, 5.69391, 0
PixelHit 1225, 996, 4.6282, 0
PixelHit 1225, 997, 20.1268, 0
PixelHit 1225, 998, 26.7599, 0
PixelHit 1225, 999, 1.98448, 0
PixelHit 1226, 995, 7.27236, 0
PixelHit 1226, 996, 18.6154, 0
PixelHit 1226, 997, 53.5518, 0
PixelHit 1226, 998, 29.5393, 0
PixelHit 1227, 995, 8.63028, 0
PixelHit 1227, 996, 33.7108, 0
PixelHit 1227, 997, 51.099, 0
PixelHit 1227, 998, 21.0611, 0
PixelHit 1227, 999, 4.5654, 0
PixelHit 1228, 995, 15.1782, 0
PixelHit 1228, 996, 51.4276, 0
PixelHit 1228, 997, 40.6531, 0
PixelHit 1228, 998, 12.382, 0
PixelHit 1228, 999, 2.22352, 0
PixelHit 1229, 994, 0.830359, 0
PixelHit 1229, 995, 28.3433, 0
PixelHit 1229, 996, 57.3682, 0
PixelHit 1229, 997, 49.5137, 0
PixelHit 1229, 998, 14.4503, 0
PixelHit 1230, 995, 26.9639, 0
PixelHit 1230, 996, 39.0989, 0
PixelHit 1230, 997, 22.3632, 0
PixelHit 1230, 998, 5.06163, 0
PixelHit 1231, 993, 1.7126, 0
PixelHit 1231, 994, 6.0654, 0
PixelHit 1231, 995, 29.6659, 0
PixelHit 1231, 996, 17.8803, 0
PixelHit 1231, 997, 4.16736, 0
PixelHit 1232, 992, 0.97212, 0
PixelHit 1232, 993, 6.34461, 0
PixelHit 1232, 994, 14.3854, 0
PixelHit 1232, 995, 44.318, 0
PixelHit 1232, 996, 17.7208, 0
PixelHit 1232, 997, 2.93, 0
PixelHit 1233, 992, 2.15707, 0
PixelHit 1233, 993, 5.55853, 0
PixelHit 1233, 994, 29.4818, 0
PixelHit 1233, 995, 32.4069, 0
PixelHit 1233, 996, 16.6666, 0
PixelHit 1233, 997, -0.277663, 0
PixelHit 1234, 992, 4.65022, 0
PixelHit 1234, 993, 19.0624, 0
PixelHit 1234, 994, 32.7382, 0
PixelHit 1234, 995, 25.3421, 0
PixelHit 1234, 996, 5.54005, 0
PixelHit 1235, 993, 19.3733, 0
PixelHit 1235, 994, 33.755, 0
PixelHit 1235, 995, 24.7278, 0
PixelHit 1235, 996, 10.6699, 0
PixelHit 1236, 992, 7.40872, 0
PixelHit 1236, 993, 12.5541, 0
PixelHit 1236, 994, 14.2161, 0
PixelHit 1236, 995, 9.36043, 0
PixelHit 1236, 996, 9.03423, 0
PixelHit 1237, 991, 4.44854, 0
PixelHit 1237, 992, 3.43094, 0
PixelHit 1237, 993, 14.0892, 0
PixelHit 1237, 994, 15.0758, 0
PixelHit 1237, 995, 3.75908, 0
PixelHit 1238, 991, 5.89355, 0
PixelHit 1238, 992, 11.4161, 0
PixelHit 1238, 993, 13.271, 0
PixelHit 1238, 994, 10.4027, 0
PixelHit 1239, 990, 6.09516, 0
PixelHit 1239, 991, 11.5559, 0
PixelHit 1239, 992, 28.9835, 0
PixelHit 1239, 993, 21.0965, 0
PixelHit 1239, 994, 8.42403, 0
PixelHit 1239, 995, 2.5491, 0
PixelHit 1239, 996, 1.7183, 0
PixelHit 1240, 989, 2.25522, 0
PixelHit 1240, 990, 10.1535, 0
PixelHit 1240, 991, 28.4577, 0
PixelHit 1240, 992, 34.5843, 0
PixelHit 1240, 993, 21.848, 0
PixelHit 1240, 994, 7.6466, 0
PixelHit 1241, 989, 4.41068, 0
PixelHit 1241, 990, 20.2956, 0
PixelHit 1241, 991, 54.0039, 0
PixelHit 1241, 992, 61.1574, 0
PixelHit 1241, 993, 34.0851, 0
PixelHit 1241, 994, 4.60597, 0
PixelHit 1241, 995, 4.24769, 0
PixelHit 1242, 988, 1.71047, 0
PixelHit 1242, 989, 5.66745, 0
PixelHit 1242, 990, 35.1031, 0
PixelHit 1242, 991, 65.41, 0
PixelHit 1242, 992, 73.4158, 0
PixelHit 1242, 993, 35.9269, 0
PixelHit 1242, 994, 10.5342, 0
PixelHit 1243, 987, 0.656932, 0
PixelHit 1243, 988, 1.48763, 0
PixelHit 1243, 989, 9.83827, 0
PixelHit 1243, 990, 43.4635, 0
PixelHit 1243, 991, 49.9696, 0
PixelHit 1243, 992, 44.2223, 0
PixelHit 1243, 993, 22.7053, 0
PixelHit 1243, 994, 4.95663, 0
PixelHit 1244, 989, 13.8188, 0
PixelHit 1244, 990, 24.9573, 0
PixelHit 1244, 991, 38.1685, 0
PixelHit 1244, 992, 19.9694, 0
PixelHit 1244, 993, 10.5294, 0
PixelHit 1244, 994, 1.44261, 0
PixelHit 1244, 995, 3.11782, 0
PixelHit 1245, 988, 7.38728, 0
PixelHit 1245, 989, 10.6185, 0
PixelHit 1245, 990, 33.573, 0
PixelHit 1245, 991, 31.9173, 0
PixelHit 1245, 992, 28.3341, 0
PixelHit 1245, 993, 5.06459, 0
PixelHit 1246, 987, 1.52902, 0
PixelHit 1246, 988, 3.50205, 0
PixelHit 1246, 989, 13.7917, 0
PixelHit 1246, 990, 30.792, 0
PixelHit 1246, 991, 16.5406, 0
PixelHit 1246, 992, 6.28764, 0
PixelHit 1247, 986, 1.42462, 0
PixelHit 1247, 987, 6.21988, 0
PixelHit 1247, 988, 7.30836, 0
PixelHit 1247, 989, 20.7344, 0
PixelHit 1247, 990, 15.5709, 0
PixelHit 1247, 991, 10.4612, 0
PixelHit 1247, 992, 5.02807, 0
PixelHit 1248, 986, 1.27388, 0
PixelHit 1248, 987, -0.120543, 0
PixelHit 1248, 988, 6.22315, 0
PixelHit 1248, 989, 17.3363, 0
PixelHit 1248, 990, 8.86517, 0
PixelHit 1248, 991, 4.72978, 0
PixelHit 1248, 992, 1.85718, 0
PixelHit 1249, 987, 1.63013, 0
PixelHit 1249, 988, 4.15379, 0
PixelHit 1249, 989, 3.13423, 0
PixelHit 1249, 990, 7.46922, 0
PixelHit 1249, 991, 4.90627, 0
PixelHit 1249, 992, 1.34687, 0
PixelHit 1250, 988, 2.33304, 0
PixelHit 1250, 989, 6.42564, 0
PixelHit 1250, 990, 3.06336, 0
PixelHit 1251, 988, 1.56424, 0
PixelHit 1252, 989, 3.13442, 0
PixelHit 1422, 1190, 53.798, 0
PixelHit 1422, 1191, 7.48049, 0
PixelHit 1423, 1189, 1.48519, 0
PixelHit 1423, 1190, 16.845, 0
PixelHit 1423, 1191, 8.78894, 0
PixelHit 1424, 1189, 42.9581, 0
PixelHit 1424, 1190, 10.9672, 0
PixelHit 1425, 1188, 6.92565, 0
PixelHit 1425, 1189, 33.0939, 0
PixelHit 1426, 1187, 1.61127, 0
PixelHit 1426, 1188, 40.4622, 0
PixelHit 1426, 1189, 12.3093, 0
PixelHit 1427, 1187, 13.093, 0
PixelHit 1427, 1188, 30.3429, 0
PixelHit 1427, 1189, 7.19623, 0
PixelHit 1428, 1186, 4.75095, 0
PixelHit 1428, 1187, 27.8399, 0
PixelHit 1428, 1188, 19.8105, 0
PixelHit 1429, 1185, 3.06247, 0
PixelHit 1429, 1186, 9.85431, 0
PixelHit 1429, 1187, 27.7328, 0
PixelHit 1429, 1188, 10.5201, 0
PixelHit 1430, 1185, 5.21839, 0
PixelHit 1430, 1186, 16.9987, 0
PixelHit 1430, 1187, 18.1687, 0
PixelHit 1430, 1188, 1.77114, 0
PixelHit 1431, 1184, 3.3982, 0
PixelHit 1431, 1185, 27.3684, 0
PixelHit 1431, 1186, 54.3881, 0
PixelHit 1431, 1187, 13.5198, 0
PixelHit 1431, 1188, 3.14901, 0
PixelHit 1432, 1183, 2.96808, 0
PixelHit 1432, 1184, 8.69648, 0
PixelHit 1432, 1185, 27.4265, 0
PixelHit 1432, 1186, 47.8551, 0
PixelHit 1432, 1187, 6.12815, 0
PixelHit 1433, 1183, 2.33496, 0
PixelHit 1433, 1184, 25.4635, 0
PixelHit 1433, 1185, 47.4079, 0
PixelHit 1433, 1186, 21.4879, 0
PixelHit 1434, 1183, 8.96485, 0
PixelHit 1434, 1184, 48.8632, 0
PixelHit 1434, 1185, 28.9966, 0
PixelHit 1434, 1186, 12.172, 0
PixelHit 1434, 1187, 3.06375, 0
PixelHit 1435, 1183, 19.1422, 0
PixelHit 1435, 1184, 35.0069, 0
PixelHit 1435, 1185, 17.0253, 0
PixelHit 1436, 1182, 20.8671, 0
PixelHit 1436, 1183, 34.3028, 0
PixelHit 1436, 1184, 32.6302, 0
PixelHit 1436, 1185, 7.27502, 0
PixelHit 1437, 1181, 14.2145, 0
PixelHit 1437, 1182, 47.1449, 0
PixelHit 1437, 1183, 65.2245, 0
PixelHit 1437, 1184, 35.8538, 0
PixelHit 1437, 1185, 5.28659, 0
PixelHit 1438, 1180, 4.14832, 0
PixelHit 1438, 1181, 30.3119, 0
PixelHit 1438, 1182, 68.8693, 0
PixelHit 1438, 1183, 71.2761, 0
PixelHit 1438, 1184, 21.5737, 0
PixelHit 1438, 1185, 3.07938, 0
PixelHit 1439, 1180, 4.49739, 0
PixelHit 1439, 1181, 21.8172, 0
PixelHit 1439, 1182, 34.5391, 0
PixelHit 1439, 1183, 41.4699, 0
PixelHit 1439, 1184, 17.2917, 0
PixelHit 1440, 1180, 6.09052, 0
PixelHit 1440, 1181, 19.4363, 0
PixelHit 1440, 1182, 23.806, 0
PixelHit 1440, 1183, 7.42395, 0
PixelHit 1440, 1184, 1.52055, 0
PixelHit 1441, 1179, 4.21715, 0
PixelHit 1441, 1180, 7.43958, 0
PixelHit 1441, 1181, 7.61717, 0
PixelHit 1441, 1182, 8.65352, 0
PixelHit 1441, 1183, 3.60518, 0
PixelHit 1442, 1177, 2.63385, 0
PixelHit 1442, 1178, 2.70308, 0
PixelHit 1442, 1179, 16.246, 0
PixelHit 1442, 1180, 20.8096, 0
PixelHit 1442, 1181, 19.7521, 0
PixelHit 1442, 1182, 4.98083, 0
PixelHit 1443, 1177, 2.99192, 0
PixelHit 1443, 1178, 12.736, 0
PixelHit 1443, 1179, 30.2356, 0
PixelHit 1443, 1180, 35.0183, 0
PixelHit 1443, 1181, 36.4332, 0
PixelHit 1443, 1182, 6.45211, 0
PixelHit 1443, 1183, 2.76683, 0
PixelHit 1444, 1177, 5.77795, 0
PixelHit 1444, 1178, 13.7332, 0
PixelHit 1444, 1179, 44.2737, 0
PixelHit 1444, 1180, 43.3488, 0
PixelHit 1444, 1181, 31.5775, 0
PixelHit 1444, 1182, 4.08727, 0
PixelHit 1444, 1183, 2.24734, 0
PixelHit 1445, 1176, 1.99756, 0
PixelHit 1445, 1177, 7.60031, 0
PixelHit 1445, 1178, 12.0246, 0
PixelHit 1445, 1179, 25.1037, 0
PixelHit 1445, 1180, 23.0644, 0
PixelHit 1445, 1181, 8.33721, 0
PixelHit 1446, 1176, 6.44015, 0
PixelHit 1446, 1177, 9.59533, 0
PixelHit 1446, 1178, 23.3802, 0
PixelHit 1446, 1179, 26.1384, 0
PixelHit 1446, 1180, 14.0032, 0
PixelHit 1446, 1181, 6.99115, 0
PixelHit 1447, 1176, 4.06773, 0
PixelHit 1447, 1177, 18.6628, 0
PixelHit 1447, 1178, 23.4741, 0
PixelHit 1447, 1179, 28.8974, 0
PixelHit 1447, 1180, 15.137, 0
PixelHit 1447, 1181, 2.83475, 0
PixelHit 1448, 1176, 7.35186, 0
PixelHit 1448, 1177, 19.1621, 0
PixelHit 1448, 1178, 29.4209, 0
PixelHit 1448, 1179, 16.2987, 0
PixelHit 1448, 1180, 3.27179, 0
PixelHit 1449, 1174, 1.9603, 0
PixelHit 1449, 1175, 2.39717, 0
PixelHit 1449, 1176, 14.0651, 0
PixelHit 1449, 1177, 17.6892, 0
PixelHit 1449, 1178, 15.1956, 0
PixelHit 1449, 1179, 7.0776, 0
PixelHit 1449, 1180, 0.434242, 0
PixelHit 1450, 1173, 1.41102, 0
PixelHit 1450, 1174, 2.8768, 0
PixelHit 1450, 1175, 9.33012, 0
PixelHit 1450, 1176, 21.8006, 0
PixelHit 1450, 1177, 18.2195, 0
PixelHit 1450, 1178, 5.94065, 0
PixelHit 1450, 1179, 3.83198, 0
PixelHit 1450, 1180, 0.111007, 0
PixelHit 1451, 1174, 5.40637, 0
PixelHit 1451, 1175, 13.9281, 0
PixelHit 1451, 1176, 15.6406, 0
PixelHit 1451, 1177, 16.6907, 0
PixelHit 1452, 1173, 3.63321, 0
PixelHit 1452, 1174, 3.02129, 0
PixelHit 1452, 1175, 23.2758, 0
PixelHit 1452, 1176, 23.6961, 0
PixelHit 1452, 1177, 11.7875, 0
PixelHit 1452, 1178, 7.0853, 0
PixelHit 1453, 1173, 2.88942, 0
PixelHit 1453, 1174, 13.7413, 0
PixelHit 1453, 1175, 33.4934, 0
PixelHit 1453, 1176, 27.3672, 0
PixelHit 1453, 1177, 8.00306, 0
PixelHit 1453, 1178, 2.83906, 0
PixelHit 1453, 1179, 1.83149, 0
PixelHit 1454, 1173, 2.56656, 0
PixelHit 1454, 1174, 20.3736, 0
PixelHit 1454, 1175, 14.1548, 0
PixelHit 1454, 1176, 14.6429, 0
PixelHit 1454, 1178, 3.54459, 0
PixelHit 1455, 1174, 5.98178, 0
PixelHit 1455, 1175, 6.71108, 0
PixelHit 1455, 1176, 0.472369, 0
PixelHit 1456, 1175, 4.35186, 0
PixelHit 1456, 1176, 0.955539, 0
PixelHit 1464, 1388, 3.49192, 0
PixelHit 1464, 1389, 8.13728, 0
PixelHit 1464, 1390, 2.11074, 0
PixelHit 1465, 1387, 4.71343, 0
PixelHit 1465, 1388, 80.6191, 0
PixelHit 1465, 1389, 135.844, 0
PixelHit 1465, 1390, 75.6807, 0
PixelHit 1465, 1391, 5.44219, 0
PixelHit 1466, 1387, 24.947, 0
PixelHit 1466, 1388, 340.22, 0
PixelHit 1466, 1389, 169.095, 0
PixelHit 1466, 1390, 138.52, 0
PixelHit 1466, 1391, 65.6773, 0
PixelHit 1466, 1392, 10.9483, 0
PixelHit 1466, 1394, 1.37992, 0
PixelHit 1467, 1387, 3.27712, 0
PixelHit 1467, 1388, 13.4792, 0
PixelHit 1467, 1389, 13.6755, 0
PixelHit 1467, 1390, 71.0174, 0
PixelHit 1467, 1391, 70.8184, 0
PixelHit 1467, 1392, 47.2657, 0
PixelHit 1467, 1393, 8.88066, 0
PixelHit 1467, 1394, 3.53703, 0
PixelHit 1468, 1389, 0.946835, 0
PixelHit 1468, 1390, 19.6677, 0
PixelHit 1468, 1391, 61.7309, 0
PixelHit 1468, 1392, 108.48, 0
PixelHit 1468, 1393, 61.5926, 0
PixelHit 1468, 1394, 7.0099, 0
PixelHit 1468, 1395, 3.91212, 0
PixelHit 1468, 1396, 3.17439, 0
PixelHit 1468, 1401, 2.45623, 0
PixelHit 1469, 1389, 1.52514, 0
PixelHit 1469, 1390, 3.74499, 0
PixelHit 1469, 1391, 44.5268, 0
PixelHit 1469, 1392, 112.394, 0
PixelHit 1469, 1393, 148.598, 0
PixelHit 1469, 1394, 65.2628, 0
PixelHit 1469, 1395, 22.7919, 0
PixelHit 1469, 1396, 7.9977, 0
PixelHit 1469, 1397, 5.48203, 0
PixelHit 1469, 1399, 3.20024, 0
PixelHit 1469, 1400, 6.54136, 0
PixelHit 1469, 1401, 1.89142, 0
PixelHit 1470, 1391, 16.8847, 0
PixelHit 1470, 1392, 66.0183, 0
PixelHit 1470, 1393, 103.895, 0
PixelHit 1470, 1394, 86.6581, 0
PixelHit 1470, 1395, 50.0336, 0
PixelHit 1470, 1396, 43.5088, 0
PixelHit 1470, 1397, 19.6707, 0
PixelHit 1470, 1398, 5.4474, 0
PixelHit 1470, 1399, 10.8806, 0
PixelHit 1470, 1400, 8.23851, 0
PixelHit 1470, 1401, 13.3577, 0
PixelHit 1470, 1402, 6.96853, 0
PixelHit 1471, 1391, 5.24379, 0
PixelHit 1471, 1392, 13.5438, 0
PixelHit 1471, 1393, 29.697, 0
PixelHit 1471, 1394, 57.0887, 0
PixelHit 1471, 1395, 71.2969, 0
PixelHit 1471, 1396, 65.169, 0
PixelHit 1471, 1397, 50.8165, 0
PixelHit 1471, 1398, 28.0745, 0
PixelHit 1471, 1399, 36.4178, 0
PixelHit 1471, 1400, 48.8729, 0
PixelHit 1471, 1401, 19.0039, 0
PixelHit 1471, 1402, 16.1617, 0
PixelHit 1471, 1403, 1.04059, 0
PixelHit 1471, 1404, 2.16866, 0
PixelHit 1472, 1392, 3.64627, 0
PixelHit 1472, 1393, 9.66787, 0
PixelHit 1472, 1394, 30.1214, 0
PixelHit 1472, 1395, 59.3807, 0
PixelHit 1472, 1396, 77.8493, 0
PixelHit 1472, 1397, 92.0015, 0
PixelHit 1472, 1398, 89.8684, 0
PixelHit 1472, 1399, 65.9975, 0
PixelHit 1472, 1400, 35.8502, 0
PixelHit 1472, 1401, 27.0072, 0
PixelHit 1472, 1402, 9.88864, 0
PixelHit 1472, 1403, 3.27594, 0
PixelHit 1473, 1393, 4.22525, 0
PixelHit 1473, 1394, 15.1871, 0
PixelHit 1473, 1395, 42.4555, 0
PixelHit 1473, 1396, 70.9305, 0
PixelHit 1473, 1397, 84.1167, 0
PixelHit 1473, 1398, 116.147, 0
PixelHit 1473, 1399, 74.16, 0
PixelHit 1473, 1400, 41.9776, 0
PixelHit 1473, 1401, 18.5533, 0
PixelHit 1473, 1402, 9.02106, 0
PixelHit 1473, 1403, 0.739873, 0
PixelHit 1474, 1394, 0.653345, 0
PixelHit 1474, 1395, 8.46654, 0
PixelHit 1474, 1396, 30.6528, 0
PixelHit 1474, 1397, 66.6302, 0
PixelHit 1474, 1398, 63.897, 0
PixelHit 1474, 1399, 69.1068, 0
PixelHit 1474, 1400, 23.9572, 0
PixelHit 1474, 1401, 10.3121, 0
PixelHit 1474, 1402, 1.47351, 0
PixelHit 1475, 1395, 2.35213, 0
PixelHit 1475, 1396, 13.5122, 0
PixelHit 1475, 1397, 14.4159, 0
PixelHit 1475, 1398, 26.1887, 0
PixelHit 1475, 1399, 16.3896, 0
PixelHit 1475, 1400, 9.7711, 0
PixelHit 1475, 1401, 1.62667, 0
PixelHit 1476, 1395, 1.23218, 0
PixelHit 1476, 1397, 5.80209, 0
PixelHit 1476, 1398, 2.57074, 0
PixelHit 1476, 1399, 2.09787, 0
PixelHit 1476, 1400, 3.64323, 0
=== 5 ===
=== 6 ===
=== 7 ===
=== 8 ===
=== 9 ===
=== 10 ===
=== 11 ===
=== 12 ===
=== 13 ===
=== 14 ===
=== 15 ===
=== 16 ===
=== 17 ===
=== 18 ===
=== 19 ===
=== 20 ===
=== 21 ===
=== 22 ===
=== 23 ===
=== 24 ===
=== 25 ===
=== 26 ===
=== 27 ===
=== 28 ===
=== 29 ===
=== 30 ===
=== 31 ===
=== 32 ===
=== 33 ===
=== 34 ===
=== 35 ===
=== 36 ===
=== 37 ===
=== 38 ===
=== 39 ===
=== 40 ===
=== 41 ===
=== 42 ===
=== 43 ===
=== 44 ===
=== 45 ===
=== 46 ===
=== 47 ===
=== 48 ===
=== 49 ===
=== 50 ===
=== 51 ===
=== 52 ===
=== 53 ===
=== 54 ===
=== 55 ===
=== 56 ===
=== 57 ===
=== 58 ===
=== 59 ===
=== 60 ===
=== 61 ===
=== 62 ===
=== 63 ===
=== 64 ===
--- mydetector ---
PixelHit 1270, 952, 31.0319, 0
PixelHit 1270, 953, 25.4504, 0
PixelHit 1271, 952, 84.4664, 0
PixelHit 1271, 953, 7.32814, 0
PixelHit 1272, 951, 34.4155, 0
PixelHit 1272, 952, 221.931, 0
PixelHit 1272, 953, 3.86245, 0
PixelHit 1273, 951, 37.4657, 0
PixelHit 1273, 952, 58.0138, 0
PixelHit 1273, 953, 2.40752, 0
PixelHit 1274, 950, 8.86657, 0
PixelHit 1274, 951, 71.8683, 0
PixelHit 1274, 952, 19.0533, 0
PixelHit 1275, 950, 21.3426, 0
PixelHit 1275, 951, 59.6094, 0
PixelHit 1275, 952, 4.06014, 0
PixelHit 1276, 950, 22.0734, 0
PixelHit 1276, 951, 15.0477, 0
PixelHit 1277, 949, 14.5327, 0
PixelHit 1277, 950, 22.3028, 0
PixelHit 1277, 951, 12.7767, 0
PixelHit 1278, 949, 29.0878, 0
PixelHit 1278, 950, 44.5122, 0
PixelHit 1278, 951, 4.04765, 0
PixelHit 1279, 948, 9.6201, 0
PixelHit 1279, 949, 35.0308, 0
PixelHit 1279, 950, 29.2748, 0
PixelHit 1279, 951, 3.1335, 0
PixelHit 1279, 952, 1.78604, 0
PixelHit 1280, 947, 1.98171, 0
PixelHit 1280, 948, 26.6132, 0
PixelHit 1280, 949, 51.7073, 0
PixelHit 1280, 950, 23.2357, 0
PixelHit 1280, 951, 4.13789, 0
PixelHit 1281, 947, 10.2037, 0
PixelHit 1281, 948, 57.4465, 0
PixelHit 1281, 949, 67.6975, 0
PixelHit 1281, 950, 13.2129, 0
PixelHit 1282, 946, 1.1808, 0
PixelHit 1282, 947, 7.92325, 0
PixelHit 1282, 948, 47.5527, 0
PixelHit 1282, 949, 36.8065, 0
PixelHit 1282, 950, 2.84071, 0
PixelHit 1283, 946, 8.21429, 0
PixelHit 1283, 947, 64.8354, 0
PixelHit 1283, 948, 60.8512, 0
PixelHit 1283, 949, 18.1925, 0
PixelHit 1284, 944, 0.111926, 0
PixelHit 1284, 945, 5.47585, 0
PixelHit 1284, 946, 53.4551, 0
PixelHit 1284, 947, 170.442, 0
PixelHit 1284, 948, 123.7, 0
PixelHit 1284, 949, 21.7712, 0
PixelHit 1285, 945, 9.55921, 0
PixelHit 1285, 946, 117.734, 0
PixelHit 1285, 947, 329.459, 0
PixelHit 1285, 948, 237.54, 0
PixelHit 1285, 949, 26.8325, 0
PixelHit 1285, 950, 0.894697, 0
PixelHit 1286, 945, 6.13552, 0
PixelHit 1286, 946, 60.1167, 0
PixelHit 1286, 947, 132.242, 0
PixelHit 1286, 948, 103.619, 0
PixelHit 1286, 949, 13.3899, 0
PixelHit 1287, 944, 2.72465, 0
PixelHit 1287, 945, 6.1856, 0
PixelHit 1287, 946, 16.5778, 0
PixelHit 1287, 947, 24.158, 0
PixelHit 1287, 948, 5.29993, 0
PixelHit 1287, 949, 2.72717, 0
PixelHit 1288, 945, 10.6766, 0
PixelHit 1288, 946, 22.4401, 0
PixelHit 1288, 947, 10.1909, 0
PixelHit 1288, 948, 3.46268, 0
PixelHit 1289, 943, 1.80266, 0
PixelHit 1289, 944, 6.31608, 0
PixelHit 1289, 945, 22.5899, 0
PixelHit 1289, 946, 28.4173, 0
PixelHit 1289, 947, 17.2137, 0
PixelHit 1289, 948, 6.11808, 0
PixelHit 1290, 943, 1.02575, 0
PixelHit 1290, 944, 1.82018, 0
PixelHit 1290, 945, 17.5046, 0
PixelHit 1290, 946, 14.8127, 0
PixelHit 1290, 947, 3.75782, 0
PixelHit 1290, 948, -0.167426, 0
PixelHit 1291, 943, 1.43116, 0
PixelHit 1291, 944, 9.55773, 0
PixelHit 1291, 945, 7.88336, 0
PixelHit 1291, 946, 12.4128, 0
PixelHit 1291, 947, 8.334, 0
PixelHit 1292, 943, 2.20851, 0
PixelHit 1292, 944, 11.0366, 0
PixelHit 1292, 945, 8.97979, 0
PixelHit 1292, 946, 5.20207, 0
PixelHit 1292, 947, 2.87306, 0
PixelHit 1292, 952, 3.8328, 0
PixelHit 1292, 953, 16.7631, 0
PixelHit 1293, 942, 2.03686, 0
PixelHit 1293, 943, 4.70054, 0
PixelHit 1293, 944, 11.4067, 0
PixelHit 1293, 945, 13.1624, 0
PixelHit 1293, 946, 3.42279, 0
PixelHit 1293, 952, 21.8877, 0
PixelHit 1293, 953, 15.4519, 0
PixelHit 1294, 942, 5.95674, 0
PixelHit 1294, 943, 19.7323, 0
PixelHit 1294, 944, 16.098, 0
PixelHit 1294, 945, 8.39371, 0
PixelHit 1294, 951, 1.52424, 0
PixelHit 1294, 952, 22.8389, 0
PixelHit 1294, 953, 10.3732, 0
PixelHit 1295, 941, 5.47278, 0
PixelHit 1295, 942, 7.63221, 0
PixelHit 1295, 943, 21.4748, 0
PixelHit 1295, 944, 24.2473, 0
PixelHit 1295, 945, 9.69702, 0
PixelHit 1295, 946, 4.77378, 0
PixelHit 1295, 951, 4.47189, 0
PixelHit 1295, 952, 23.8646, 0
PixelHit 1296, 940, 2.13182, 0
PixelHit 1296, 941, 4.44415, 0
PixelHit 1296, 942, 13.512, 0
PixelHit 1296, 943, 29.5017, 0
PixelHit 1296, 944, 22.0683, 0
PixelHit 1296, 945, 8.56527, 0
PixelHit 1296, 949, 1.20781, 0
PixelHit 1296, 950, 8.37551, 0
PixelHit 1296, 951, 21.8052, 0
PixelHit 1296, 952, 22.387, 0
PixelHit 1297, 940, 4.98157, 0
PixelHit 1297, 941, 10.8954, 0
PixelHit 1297, 942, 30.3734, 0
PixelHit 1297, 943, 39.4273, 0
PixelHit 1297, 944, 20.6095, 0
PixelHit 1297, 945, 4.13972, 0
PixelHit 1297, 946, 0.807785, 0
PixelHit 1297, 950, 15.1664, 0
PixelHit 1297, 951, 66.715, 0
PixelHit 1297, 952, 27.3512, 0
PixelHit 1298, 940, 6.39671, 0
PixelHit 1298, 941, 30.8796, 0
PixelHit 1298, 942, 53.8773, 0
PixelHit 1298, 943, 50.4328, 0
PixelHit 1298, 944, 31.7843, 0
PixelHit 1298, 945, 7.83489, 0
PixelHit 1298, 949, 1.46604, 0
PixelHit 1298, 950, 22.2038, 0
PixelHit 1298, 951, 59.176, 0
PixelHit 1298, 952, 16.0733, 0
PixelHit 1299, 940, 10.5932, 0
PixelHit 1299, 941, 27.7083, 0
PixelHit 1299, 942, 48.0342, 0
PixelHit 1299, 943, 37.998, 0
PixelHit 1299, 944, 17.7705, 0
PixelHit 1299, 945, 8.28476, 0
PixelHit 1299, 949, 11.7403, 0
PixelHit 1299, 950, 44.4061, 0
PixelHit 1299, 951, 45.946, 0
PixelHit 1299, 952, 2.03362, 0
PixelHit 1300, 940, 4.32172, 0
PixelHit 1300, 941, 11.2097, 0
PixelHit 1300, 942, 43.5056, 0
PixelHit 1300, 943, 28.7099, 0
PixelHit 1300, 944, 18.2434, 0
PixelHit 1300, 945, 5.39312, 0
PixelHit 1300, 948, 1.81428, 0
PixelHit 1300, 949, 34.8841, 0
PixelHit 1300, 950, 96.9033, 0
PixelHit 1300, 951, 53.5486, 0
PixelHit 1300, 952, 5.85111, 0
PixelHit 1301, 940, 10.9353, 0
PixelHit 1301, 941, 16.4331, 0
PixelHit 1301, 942, 22.4828, 0
PixelHit 1301, 943, 14.8749, 0
PixelHit 1301, 944, 2.92355, 0
PixelHit 1301, 947, 0.603339, 0
PixelHit 1301, 948, 2.065, 0
PixelHit 1301, 949, 40.5435, 0
PixelHit 1301, 950, 90.2918, 0
PixelHit 1301, 951, 17.5396, 0
PixelHit 1301, 952, 2.48329, 0
PixelHit 1302, 938, 2.16242, 0
PixelHit 1302, 940, 9.39149, 0
PixelHit 1302, 941, 18.215, 0
PixelHit 1302, 942, 6.54818, 0
PixelHit 1302, 943, 3.79087, 0
PixelHit 1302, 948, 10.04, 0
PixelHit 1302, 949, 40.442, 0
PixelHit 1302, 950, 49.8909, 0
PixelHit 1302, 951, 8.98379, 0
PixelHit 1303, 938, 2.54567, 0
PixelHit 1303, 939, 1.8184, 0
PixelHit 1303, 940, 4.69227, 0
PixelHit 1303, 941, 17.9667, 0
PixelHit 1303, 942, 8.05229, 0
PixelHit 1303, 943, 4.99868, 0
PixelHit 1303, 947, 3.58295, 0
PixelHit 1303, 948, 17.7236, 0
PixelHit 1303, 949, 40.2822, 0
PixelHit 1303, 950, 29.5469, 0
PixelHit 1303, 951, 6.26912, 0
PixelHit 1304, 938, 2.73322, 0
PixelHit 1304, 939, 9.11422, 0
PixelHit 1304, 940, 10.5526, 0
PixelHit 1304, 941, 16.0866, 0
PixelHit 1304, 943, 1.48674, 0
PixelHit 1304, 947, 2.10259, 0
PixelHit 1304, 948, 24.4944, 0
PixelHit 1304, 949, 42.2282, 0
PixelHit 1304, 950, 14.8804, 0
PixelHit 1304, 951, 1.07738, 0
PixelHit 1305, 937, 1.23679, 0
PixelHit 1305, 938, 2.89627, 0
PixelHit 1305, 939, 5.64054, 0
PixelHit 1305, 940, 11.1628, 0
PixelHit 1305, 941, 13.4493, 0
PixelHit 1305, 942, 4.46629, 0
PixelHit 1305, 946, 2.16433, 0
PixelHit 1305, 947, 9.83709, 0
PixelHit 1305, 948, 30.2617, 0
PixelHit 1305, 949, 30.8954, 0
PixelHit 1305, 950, 2.56835, 0
PixelHit 1306, 939, 5.25652, 0
PixelHit 1306, 940, 6.91384, 0
PixelHit 1306, 941, 5.97126, 0
PixelHit 1306, 942, 1.57105, 0
PixelHit 1306, 946, 5.62639, 0
PixelHit 1306, 947, 26.7051, 0
PixelHit 1306, 948, 45.5476, 0
PixelHit 1306, 949, 21.8809, 0
PixelHit 1306, 950, 2.64124, 0
PixelHit 1307, 940, 2.51604, 0
PixelHit 1307, 941, 4.11904, 0
PixelHit 1307, 946, 15.3859, 0
PixelHit 1307, 947, 42.5262, 0
PixelHit 1307, 948, 54.1757, 0
PixelHit 1307, 949, 20.4321, 0
PixelHit 1307, 950, 1.88444, 0
PixelHit 1308, 945, 5.47935, 0
PixelHit 1308, 946, 32.2689, 0
PixelHit 1308, 947, 68.5339, 0
PixelHit 1308, 948, 53.1035, 0
PixelHit 1308, 949, 15.0989, 0
PixelHit 1308, 950, 0.946942, 0
PixelHit 1309, 945, 8.56663, 0
PixelHit 1309, 946, 60.6198, 0
PixelHit 1309, 947, 95.7651, 0
PixelHit 1309, 948, 46.5575, 0
PixelHit 1309, 949, 8.74241, 0
PixelHit 1309, 950, 1.44729, 0
PixelHit 1310, 943, 1.28543, 0
PixelHit 1310, 945, 10.8107, 0
PixelHit 1310, 946, 41.257, 0
PixelHit 1310, 947, 53.0207, 0
PixelHit 1310, 948, 39.8957, 0
PixelHit 1310, 949, 0.826397, 0
PixelHit 1311, 944, 4.3179, 0
PixelHit 1311, 945, 12.4116, 0
PixelHit 1311, 946, 16.5727, 0
PixelHit 1311, 947, 22.0637, 0
PixelHit 1311, 948, 8.4288, 0
PixelHit 1311, 949, 0.894609, 0
PixelHit 1312, 944, 14.0607, 0
PixelHit 1312, 945, 30.4606, 0
PixelHit 1312, 946, 31.4767, 0
PixelHit 1312, 947, 8.83723, 0
PixelHit 1312, 948, 1.97557, 0
PixelHit 1313, 944, 18.6579, 0
PixelHit 1313, 945, 36.6017, 0
PixelHit 1313, 946, 37.5447, 0
PixelHit 1313, 947, 23.4586, 0
PixelHit 1313, 948, 0.922767, 0
PixelHit 1313, 949, 0.744059, 0
PixelHit 1314, 944, 20.7414, 0
PixelHit 1314, 945, 32.0701, 0
PixelHit 1314, 946, 38.3914, 0
PixelHit 1314, 947, 4.18457, 0
PixelHit 1315, 942, 1.06829, 0
PixelHit 1315, 943, 3.24885, 0
PixelHit 1315, 944, 22.2793, 0
PixelHit 1315, 945, 19.0865, 0
PixelHit 1315, 946, 14.3395, 0
PixelHit 1315, 947, 2.49875, 0
PixelHit 1316, 942, 1.92797, 0
PixelHit 1316, 943, 8.65568, 0
PixelHit 1316, 944, 15.6435, 0
PixelHit 1316, 945, 16.8198, 0
PixelHit 1316, 946, 5.7373, 0
PixelHit 1316, 947, 3.93873, 0
PixelHit 1316, 948, 2.6589, 0
PixelHit 1317, 942, 2.68215, 0
PixelHit 1317, 943, 2.99108, 0
PixelHit 1317, 944, 10.2237, 0
PixelHit 1317, 945, 5.81404, 0
PixelHit 1317, 946, 0.602362, 0
PixelHit 1317, 947, 0.794473, 0
PixelHit 1318, 941, 1.99674, 0
PixelHit 1318, 942, 3.83278, 0
PixelHit 1318, 943, 4.22905, 0
PixelHit 1318, 944, 5.66304, 0
PixelHit 1318, 945, 3.91778, 0
PixelHit 1319, 941, 3.23283, 0
PixelHit 1319, 942, 8.54277, 0
PixelHit 1319, 943, 12.5844, 0
PixelHit 1319, 944, 3.28973, 0
PixelHit 1319, 945, 2.52571, 0
PixelHit 1320, 941, 1.90999, 0
PixelHit 1320, 942, 10.5629, 0
PixelHit 1320, 943, 20.2861, 0
PixelHit 1320, 944, 10.2447, 0
PixelHit 1320, 946, 1.42141, 0
PixelHit 1321, 940, 2.06726, 0
PixelHit 1321, 941, 8.23846, 0
PixelHit 1321, 942, 10.5272, 0
PixelHit 1321, 943, 19.4737, 0
PixelHit 1321, 944, 6.91233, 0
PixelHit 1321, 945, 7.07712, 0
PixelHit 1322, 940, 4.59243, 0
PixelHit 1322, 941, 13.4075, 0
PixelHit 1322, 942, 16.6409, 0
PixelHit 1322, 943, 8.88897, 0
PixelHit 1322, 944, 10.8596, 0
PixelHit 1323, 939, 2.53356, 0
PixelHit 1323, 940, 7.83014, 0
PixelHit 1323, 941, 18.8048, 0
PixelHit 1323, 942, 31.5678, 0
PixelHit 1323, 943, 17.1089, 0
PixelHit 1323, 944, 1.78446, 0
PixelHit 1324, 938, 1.15528, 0
PixelHit 1324, 939, 3.60269, 0
PixelHit 1324, 940, 6.57109, 0
PixelHit 1324, 941, 6.0228, 0
PixelHit 1324, 942, 23.9249, 0
PixelHit 1324, 943, 15.6491, 0
PixelHit 1325, 940, 0.915532, 0
PixelHit 1325, 941, 3.95915, 0
PixelHit 1325, 942, 7.63996, 0
PixelHit 1325, 943, 7.47083, 0
PixelHit 1325, 944, 1.54811, 0
PixelHit 1326, 940, 2.40605, 0
PixelHit 1326, 941, 3.54142, 0
PixelHit 1326, 942, 4.66989, 0
PixelHit 1326, 943, 3.12294, 0
=== 65 ===
=== 66 ===
=== 67 ===
=== 68 ===
=== 69 ===
=== 70 ===
=== 71 ===
=== 72 ===
=== 73 ===
=== 74 ===
=== 75 ===
=== 76 ===
=== 77 ===
=== 78 ===
=== 79 ===
=== 80 ===
=== 81 ===
=== 82 ===
=== 83 ===
=== 84 ===
=== 85 ===
=== 86 ===
=== 87 ===
=== 88 ===
=== 89 ===
=== 90 ===
=== 91 ===
=== 92 ===
=== 93 ===
=== 94 ===
=== 95 ===
=== 96 ===
=== 97 ===
=== 98 ===
=== 99 ===
=== 100 ===
# 994 objects from 3 messages
