# Allpix Squared ASCII data - https://cern.ch/allpix-squared

=== 1 ===
=== 2 ===
=== 3 ===
=== 4 ===
=== 5 ===
=== 6 ===
=== 7 ===
--- mydetector ---
PixelHit 1417, 1135, 4.37595, 0
PixelHit 1417, 1136, 28.3429, 0
PixelHit 1418, 1133, 13.2462, 0
PixelHit 1418, 1134, 29.4816, 0
PixelHit 1418, 1135, 45.4547, 0
PixelHit 1418, 1136, 6.61817, 0
PixelHit 1419, 1131, 1.60709, 0
PixelHit 1419, 1132, 41.3579, 0
PixelHit 1419, 1133, 155.689, 0
PixelHit 1419, 1134, 61.2658, 0
PixelHit 1419, 1135, 5.77262, 0
PixelHit 1419, 1136, 1.84735, 0
PixelHit 1420, 1129, 3.18558, 0
PixelHit 1420, 1130, 7.03618, 0
PixelHit 1420, 1131, 8.54224, 0
PixelHit 1420, 1132, 76.202, 0
PixelHit 1420, 1133, 130.007, 0
PixelHit 1420, 1134, 20.0105, 0
PixelHit 1421, 1128, 4.37229, 0
PixelHit 1421, 1129, 11.4166, 0
PixelHit 1421, 1130, 35.3033, 0
PixelHit 1421, 1131, 26.3473, 0
PixelHit 1421, 1132, 15.8265, 0
PixelHit 1421, 1133, 9.93474, 0
PixelHit 1422, 1126, 0.428819, 0
PixelHit 1422, 1127, 2.45672, 0
PixelHit 1422, 1128, 2.39655, 0
PixelHit 1422, 1129, 18.4039, 0
PixelHit 1422, 1130, 42.5555, 0
PixelHit 1422, 1131, 25.8456, 0
PixelHit 1422, 1133, 0.0732382, 0
PixelHit 1423, 1125, 2.61523, 0
PixelHit 1423, 1126, 7.15004, 0
PixelHit 1423, 1127, 13.3423, 0
PixelHit 1423, 1128, 4.50429, 0
PixelHit 1423, 1129, 13.8817, 0
PixelHit 1423, 1130, 9.88778, 0
PixelHit 1423, 1131, 8.90119, 0
PixelHit 1423, 1132, 1.04922, 0
PixelHit 1424, 1124, 8.84723, 0
PixelHit 1424, 1125, 17.2329, 0
PixelHit 1424, 1126, 30.6347, 0
PixelHit 1424, 1127, 25.9674, 0
PixelHit 1424, 1128, 11.473, 0
PixelHit 1425, 1123, 6.39322, 0
PixelHit 1425, 1124, 14.4105, 0
PixelHit 1425, 1125, 12.795, 0
PixelHit 1425, 1126, 34.7001, 0
PixelHit 1425, 1127, 19.5961, 0
PixelHit 1425, 1128, 4.76516, 0
PixelHit 1426, 1120, 0.94058, 0
PixelHit 1426, 1122, 5.92157, 0
PixelHit 1426, 1123, 7.30625, 0
PixelHit 1426, 1124, 17.0998, 0
PixelHit 1426, 1125, 19.6379, 0
PixelHit 1426, 1126, 22.19, 0
PixelHit 1426, 1127, 3.05128, 0
PixelHit 1426, 1128, 3.19576, 0
PixelHit 1426, 1129, 1.60455, 0
PixelHit 1427, 1119, 2.02992, 0
PixelHit 1427, 1120, 2.94254, 0
PixelHit 1427, 1121, 11.4874, 0
PixelHit 1427, 1122, 21.2367, 0
PixelHit 1427, 1123, 17.3605, 0
PixelHit 1427, 1124, 30.1083, 0
PixelHit 1427, 1125, 11.0937, 0
PixelHit 1428, 1120, 10.8669, 0
PixelHit 1428, 1121, 36.0329, 0
PixelHit 1428, 1122, 29.4049, 0
PixelHit 1428, 1123, 17.8828, 0
PixelHit 1428, 1124, 6.93907, 0
PixelHit 1428, 1125, 4.73887, 0
PixelHit 1429, 1116, 3.34021, 0
PixelHit 1429, 1117, 4.96995, 0
PixelHit 1429, 1118, 8.2935, 0
PixelHit 1429, 1119, 7.79016, 0
PixelHit 1429, 1120, 16.647, 0
PixelHit 1429, 1121, 30.1096, 0
PixelHit 1429, 1122, 19.9526, 0
PixelHit 1429, 1123, 7.52382, 0
PixelHit 1429, 1124, 1.49494, 0
PixelHit 1429, 1126, 0.345886, 0
PixelHit 1430, 1113, 0.615555, 0
PixelHit 1430, 1114, 1.7979, 0
PixelHit 1430, 1115, 1.81412, 0
PixelHit 1430, 1116, 7.13677, 0
PixelHit 1430, 1117, 15.0505, 0
PixelHit 1430, 1118, 23.3123, 0
PixelHit 1430, 1119, 14.8057, 0
PixelHit 1430, 1120, 11.1182, 0
PixelHit 1430, 1121, 8.29374, 0
PixelHit 1430, 1122, 7.11185, 0
PixelHit 1430, 1123, 6.63315, 0
PixelHit 1431, 1114, 3.49145, 0
PixelHit 1431, 1115, 9.42444, 0
PixelHit 1431, 1116, 10.1226, 0
PixelHit 1431, 1117, 13.4085, 0
PixelHit 1431, 1118, 20.2477, 0
PixelHit 1431, 1119, 22.1064, 0
PixelHit 1431, 1120, 8.27124, 0
PixelHit 1431, 1121, 5.16899, 0
PixelHit 1432, 1112, 2.2149, 0
PixelHit 1432, 1113, 1.13749, 0
PixelHit 1432, 1114, 10.661, 0
PixelHit 1432, 1115, 17.0539, 0
PixelHit 1432, 1116, 14.2068, 0
PixelHit 1432, 1117, 10.5508, 0
PixelHit 1432, 1118, 9.05173, 0
PixelHit 1432, 1119, 7.02915, 0
PixelHit 1433, 1112, 2.11093, 0
PixelHit 1433, 1113, 6.28192, 0
PixelHit 1433, 1114, 12.0646, 0
PixelHit 1433, 1115, 21.6585, 0
PixelHit 1433, 1116, 10.0252, 0
PixelHit 1433, 1117, 9.57338, 0
PixelHit 1433, 1118, 2.46409, 0
PixelHit 1434, 1113, 3.46342, 0
PixelHit 1434, 1114, 13.9524, 0
PixelHit 1434, 1115, 18.7823, 0
PixelHit 1434, 1116, 6.94344, 0
PixelHit 1434, 1117, 2.25934, 0
PixelHit 1434, 1118, 3.49417, 0
PixelHit 1435, 1112, 0.570346, 0
PixelHit 1435, 1113, 5.43965, 0
PixelHit 1435, 1114, 7.38516, 0
PixelHit 1435, 1115, 10.0494, 0
PixelHit 1435, 1116, 2.44767, 0
PixelHit 1435, 1117, 1.26097, 0
PixelHit 1436, 1113, 3.51854, 0
PixelHit 1436, 1114, 1.48879, 0
PixelHit 1436, 1115, 1.26232, 0
PixelHit 1437, 1113, 1.68695, 0
=== 8 ===
=== 9 ===
=== 10 ===
=== 11 ===
=== 12 ===
=== 13 ===
=== 14 ===
=== 15 ===
=== 16 ===
=== 17 ===
=== 18 ===
=== 19 ===
=== 20 ===
=== 21 ===
=== 22 ===
=== 23 ===
=== 24 ===
=== 25 ===
=== 26 ===
=== 27 ===
=== 28 ===
=== 29 ===
=== 30 ===
=== 31 ===
=== 32 ===
=== 33 ===
=== 34 ===
=== 35 ===
=== 36 ===
=== 37 ===
=== 38 ===
=== 39 ===
=== 40 ===
=== 41 ===
=== 42 ===
=== 43 ===
=== 44 ===
=== 45 ===
=== 46 ===
=== 47 ===
=== 48 ===
=== 49 ===
=== 50 ===
=== 51 ===
=== 52 ===
=== 53 ===
=== 54 ===
=== 55 ===
=== 56 ===
=== 57 ===
=== 58 ===
=== 59 ===
=== 60 ===
=== 61 ===
=== 62 ===
=== 63 ===
--- mydetector ---
PixelHit 1260, 943, 1.64917, 0
PixelHit 1260, 944, 15.3421, 0
PixelHit 1261, 942, 10.2952, 0
PixelHit 1261, 943, 29.648, 0
PixelHit 1261, 944, 7.21877, 0
PixelHit 1262, 939, 1.86189, 0
PixelHit 1262, 940, 15.6002, 0
PixelHit 1262, 941, 16.3578, 0
PixelHit 1262, 942, 71.3546, 0
PixelHit 1262, 943, 30.9952, 0
PixelHit 1263, 938, 3.32603, 0
PixelHit 1263, 939, 27.7735, 0
PixelHit 1263, 940, 193.621, 0
PixelHit 1263, 941, 193.872, 0
PixelHit 1263, 942, 27.9481, 0
PixelHit 1263, 943, 3.46294, 0
PixelHit 1264, 938, 13.9192, 0
PixelHit 1264, 939, 59.2827, 0
PixelHit 1264, 940, 203.501, 0
PixelHit 1264, 941, 200.069, 0
PixelHit 1264, 942, 13.6995, 0
PixelHit 1265, 936, 5.00705, 0
PixelHit 1265, 937, 16.2042, 0
PixelHit 1265, 938, 59.3296, 0
PixelHit 1265, 939, 109.212, 0
PixelHit 1265, 940, 50.5098, 0
PixelHit 1265, 941, 10.6361, 0
PixelHit 1265, 942, 2.2122, 0
PixelHit 1266, 936, 7.91013, 0
PixelHit 1266, 937, 33.7086, 0
PixelHit 1266, 938, 54.4129, 0
PixelHit 1266, 939, 18.1682, 0
PixelHit 1266, 940, 10.2494, 0
PixelHit 1267, 932, 2.14263, 0
PixelHit 1267, 936, 8.28968, 0
PixelHit 1267, 937, 21.0324, 0
PixelHit 1267, 938, 13.9123, 0
PixelHit 1267, 939, 8.0763, 0
PixelHit 1268, 932, 2.89314, 0
PixelHit 1268, 935, 11.7106, 0
PixelHit 1268, 936, 7.84975, 0
PixelHit 1268, 937, 1.32695, 0
PixelHit 1268, 938, 2.03305, 0
PixelHit 1268, 939, 1.891, 0
PixelHit 1269, 931, 1.25408, 0
PixelHit 1269, 932, 5.01634, 0
PixelHit 1269, 933, 9.49598, 0
PixelHit 1269, 934, 17.7585, 0
PixelHit 1269, 935, 7.1679, 0
PixelHit 1269, 936, 2.2639, 0
PixelHit 1270, 929, 2.94243, 0
PixelHit 1270, 930, 2.74305, 0
PixelHit 1270, 931, 6.75166, 0
PixelHit 1270, 932, 10.7795, 0
PixelHit 1270, 933, 16.193, 0
PixelHit 1270, 934, 14.1668, 0
PixelHit 1270, 935, 4.93695, 0
PixelHit 1270, 936, 2.98594, 0
PixelHit 1270, 937, -0.00879978, 0
PixelHit 1271, 929, 7.45964, 0
PixelHit 1271, 930, 14.4514, 0
PixelHit 1271, 931, 26.7966, 0
PixelHit 1271, 932, 17.1372, 0
PixelHit 1271, 933, 10.5149, 0
PixelHit 1271, 934, 7.34229, 0
PixelHit 1271, 935, 3.93917, 0
PixelHit 1272, 927, 1.67592, 0
PixelHit 1272, 928, 5.07414, 0
PixelHit 1272, 929, 16.579, 0
PixelHit 1272, 930, 31.8008, 0
PixelHit 1272, 931, 21.3798, 0
PixelHit 1272, 932, 16.0363, 0
PixelHit 1272, 933, 12.4262, 0
PixelHit 1273, 925, 2.40466, 0
PixelHit 1273, 926, 6.04495, 0
PixelHit 1273, 927, 16.0324, 0
PixelHit 1273, 928, 21.8159, 0
PixelHit 1273, 929, 11.0137, 0
PixelHit 1273, 930, 28.2036, 0
PixelHit 1273, 931, 16.3825, 0
PixelHit 1273, 932, 11.4443, 0
PixelHit 1273, 933, 1.53107, 0
PixelHit 1274, 924, 1.69752, 0
PixelHit 1274, 925, 5.01933, 0
PixelHit 1274, 926, 25.2954, 0
PixelHit 1274, 927, 45.9542, 0
PixelHit 1274, 928, 40.6434, 0
PixelHit 1274, 929, 24.5331, 0
PixelHit 1274, 930, 3.4073, 0
PixelHit 1274, 931, 9.34801, 0
PixelHit 1274, 932, 4.426, 0
PixelHit 1275, 923, 2.02408, 0
PixelHit 1275, 924, 6.66111, 0
PixelHit 1275, 925, 18.7423, 0
PixelHit 1275, 926, 36.6518, 0
PixelHit 1275, 927, 44.1508, 0
PixelHit 1275, 928, 55.3294, 0
PixelHit 1275, 929, 27.85, 0
PixelHit 1275, 930, 9.49804, 0
PixelHit 1276, 923, 3.18542, 0
PixelHit 1276, 924, 12.6644, 0
PixelHit 1276, 925, 28.1846, 0
PixelHit 1276, 926, 42.8587, 0
PixelHit 1276, 927, 48.9711, 0
PixelHit 1276, 928, 37.1377, 0
PixelHit 1276, 929, 18.2175, 0
PixelHit 1276, 930, 3.85021, 0
PixelHit 1277, 922, 3.56163, 0
PixelHit 1277, 923, 8.63585, 0
PixelHit 1277, 924, 17.576, 0
PixelHit 1277, 925, 25.8907, 0
PixelHit 1277, 926, 23.3495, 0
PixelHit 1277, 927, 29.2616, 0
PixelHit 1277, 928, 7.3341, 0
PixelHit 1277, 929, 4.27713, 0
PixelHit 1278, 922, 2.77249, 0
PixelHit 1278, 923, 8.23484, 0
PixelHit 1278, 924, 10.2724, 0
PixelHit 1278, 925, 13.5162, 0
PixelHit 1278, 926, 8.26533, 0
PixelHit 1278, 927, 10.2526, 0
PixelHit 1278, 928, 3.48181, 0
PixelHit 1279, 921, 2.04676, 0
PixelHit 1279, 922, 2.98053, 0
PixelHit 1279, 923, 1.27606, 0
PixelHit 1279, 924, 4.98568, 0
PixelHit 1279, 925, 4.79807, 0
PixelHit 1279, 927, 3.30605, 0
PixelHit 1280, 923, 2.17046, 0
PixelHit 1280, 925, 2.96185, 0
PixelHit 1280, 926, 0.819504, 0
PixelHit 1281, 919, 2.55088, 0
PixelHit 1282, 923, 2.46148, 0
=== 64 ===
=== 65 ===
=== 66 ===
=== 67 ===
=== 68 ===
=== 69 ===
=== 70 ===
=== 71 ===
=== 72 ===
=== 73 ===
=== 74 ===
=== 75 ===
=== 76 ===
=== 77 ===
=== 78 ===
=== 79 ===
=== 80 ===
=== 81 ===
=== 82 ===
=== 83 ===
=== 84 ===
=== 85 ===
=== 86 ===
=== 87 ===
=== 88 ===
=== 89 ===
=== 90 ===
=== 91 ===
=== 92 ===
=== 93 ===
=== 94 ===
=== 95 ===
=== 96 ===
--- mydetector ---
PixelHit 1141, 1041, 1.6319, 0
PixelHit 1142, 1040, 4.30709, 0
PixelHit 1142, 1041, 12.1475, 0
PixelHit 1143, 1038, 2.24912, 0
PixelHit 1143, 1039, 14.4023, 0
PixelHit 1143, 1040, 44.4598, 0
PixelHit 1143, 1041, 7.23948, 0
PixelHit 1144, 1037, 2.42833, 0
PixelHit 1144, 1038, 5.97817, 0
PixelHit 1144, 1039, 20.5314, 0
PixelHit 1144, 1040, 26.0944, 0
PixelHit 1145, 1036, 5.04679, 0
PixelHit 1145, 1037, 23.6031, 0
PixelHit 1145, 1038, 30.0653, 0
PixelHit 1145, 1039, 8.27067, 0
PixelHit 1146, 1035, 11.7814, 0
PixelHit 1146, 1036, 72.7322, 0
PixelHit 1146, 1037, 102.893, 0
PixelHit 1146, 1038, 28.4382, 0
PixelHit 1146, 1039, 2.37185, 0
PixelHit 1147, 1034, 22.1208, 0
PixelHit 1147, 1035, 65.626, 0
PixelHit 1147, 1036, 82.1808, 0
PixelHit 1147, 1037, 76.5082, 0
PixelHit 1147, 1038, 7.28457, 0
PixelHit 1148, 1033, 6.29838, 0
PixelHit 1148, 1034, 83.7466, 0
PixelHit 1148, 1035, 128.141, 0
PixelHit 1148, 1036, 39.0516, 0
PixelHit 1148, 1037, 12.8544, 0
PixelHit 1148, 1038, 2.43615, 0
PixelHit 1149, 1033, 5.58993, 0
PixelHit 1149, 1034, 47.2489, 0
PixelHit 1149, 1035, 39.6986, 0
PixelHit 1149, 1036, 19.0973, 0
PixelHit 1150, 1031, 3.80303, 0
PixelHit 1150, 1032, 7.73971, 0
PixelHit 1150, 1033, 1.23544, 0
PixelHit 1150, 1034, 3.63999, 0
PixelHit 1150, 1035, 4.23809, 0
PixelHit 1151, 1029, 2.65226, 0
PixelHit 1151, 1030, 4.06419, 0
PixelHit 1151, 1031, 5.95804, 0
PixelHit 1151, 1032, 6.9424, 0
PixelHit 1151, 1033, 3.05851, 0
PixelHit 1152, 1028, 2.22506, 0
PixelHit 1152, 1029, 6.93897, 0
PixelHit 1152, 1030, 5.20712, 0
PixelHit 1152, 1031, 10.1858, 0
PixelHit 1152, 1032, 8.67973, 0
PixelHit 1153, 1028, 10.9783, 0
PixelHit 1153, 1029, 18.9892, 0
PixelHit 1153, 1030, 9.26226, 0
PixelHit 1153, 1031, 3.43961, 0
PixelHit 1154, 1025, 1.9905, 0
PixelHit 1154, 1026, 8.53407, 0
PixelHit 1154, 1027, 17.6274, 0
PixelHit 1154, 1028, 18.1992, 0
PixelHit 1154, 1029, 21.4807, 0
PixelHit 1154, 1030, 14.9703, 0
PixelHit 1155, 1024, 6.76389, 0
PixelHit 1155, 1025, 13.4902, 0
PixelHit 1155, 1026, 26.335, 0
PixelHit 1155, 1027, 29.6907, 0
PixelHit 1155, 1028, 16.2548, 0
PixelHit 1155, 1029, 7.02868, 0
PixelHit 1155, 1030, 5.07188, 0
PixelHit 1156, 1023, 2.76386, 0
PixelHit 1156, 1024, 8.84655, 0
PixelHit 1156, 1025, 22.7659, 0
PixelHit 1156, 1026, 45.7978, 0
PixelHit 1156, 1027, 43.2028, 0
PixelHit 1156, 1028, 16.6607, 0
PixelHit 1156, 1029, 5.41447, 0
PixelHit 1157, 1020, 2.485, 0
PixelHit 1157, 1022, 1.15098, 0
PixelHit 1157, 1023, 6.5583, 0
PixelHit 1157, 1024, 33.3276, 0
PixelHit 1157, 1025, 29.7751, 0
PixelHit 1157, 1026, 40.3576, 0
PixelHit 1157, 1027, 23.2897, 0
PixelHit 1157, 1028, 14.1209, 0
PixelHit 1157, 1030, 0.36942, 0
PixelHit 1158, 1019, 0.473779, 0
PixelHit 1158, 1021, 4.05139, 0
PixelHit 1158, 1022, 10.2353, 0
PixelHit 1158, 1023, 22.6376, 0
PixelHit 1158, 1024, 26.7338, 0
PixelHit 1158, 1025, 32.0152, 0
PixelHit 1158, 1026, 9.6405, 0
PixelHit 1158, 1027, 11.7921, 0
PixelHit 1158, 1028, 3.36853, 0
PixelHit 1159, 1020, 7.60304, 0
PixelHit 1159, 1021, 17.8421, 0
PixelHit 1159, 1022, 24.7701, 0
PixelHit 1159, 1023, 35.6427, 0
PixelHit 1159, 1024, 18.4802, 0
PixelHit 1159, 1025, 13.8769, 0
PixelHit 1159, 1026, 7.49581, 0
PixelHit 1160, 1017, 0.854641, 0
PixelHit 1160, 1018, 4.70882, 0
PixelHit 1160, 1019, 17.5696, 0
PixelHit 1160, 1020, 24.9231, 0
PixelHit 1160, 1021, 35.9306, 0
PixelHit 1160, 1022, 34.786, 0
PixelHit 1160, 1023, 29.2735, 0
PixelHit 1160, 1024, 18.4785, 0
PixelHit 1160, 1025, 8.10413, 0
PixelHit 1160, 1026, 4.8335, 0
PixelHit 1161, 1016, 2.10895, 0
PixelHit 1161, 1017, 3.0383, 0
PixelHit 1161, 1018, 31.5518, 0
PixelHit 1161, 1019, 71.0363, 0
PixelHit 1161, 1020, 86.9829, 0
PixelHit 1161, 1021, 65.3457, 0
PixelHit 1161, 1022, 34.4712, 0
PixelHit 1161, 1023, 23.3302, 0
PixelHit 1161, 1024, 9.42719, 0
PixelHit 1161, 1025, 5.01821, 0
PixelHit 1162, 1017, 17.143, 0
PixelHit 1162, 1018, 77.9427, 0
PixelHit 1162, 1019, 175.391, 0
PixelHit 1162, 1020, 228.729, 0
PixelHit 1162, 1021, 133.615, 0
PixelHit 1162, 1022, 39.1984, 0
PixelHit 1162, 1023, 7.18615, 0
PixelHit 1162, 1024, 5.03639, 0
PixelHit 1162, 1025, 2.63467, 0
PixelHit 1163, 1015, 2.14667, 0
PixelHit 1163, 1017, 22.4815, 0
PixelHit 1163, 1018, 122.03, 0
PixelHit 1163, 1019, 281.538, 0
PixelHit 1163, 1020, 301.342, 0
PixelHit 1163, 1021, 183.847, 0
PixelHit 1163, 1022, 46.515, 0
PixelHit 1163, 1023, 8.17431, 0
PixelHit 1164, 1016, 4.52695, 0
PixelHit 1164, 1017, 17.9527, 0
PixelHit 1164, 1018, 76.4304, 0
PixelHit 1164, 1019, 190.868, 0
PixelHit 1164, 1020, 212.064, 0
PixelHit 1164, 1021, 132.565, 0
PixelHit 1164, 1022, 37.1083, 0
PixelHit 1164, 1023, 4.86764, 0
PixelHit 1165, 1016, 1.19643, 0
PixelHit 1165, 1017, 6.72695, 0
PixelHit 1165, 1018, 22.7058, 0
PixelHit 1165, 1019, 57.9555, 0
PixelHit 1165, 1020, 64.4706, 0
PixelHit 1165, 1021, 42.9206, 0
PixelHit 1165, 1022, 13.5804, 0
PixelHit 1166, 1018, 4.35345, 0
PixelHit 1166, 1019, 10.0714, 0
PixelHit 1166, 1020, 9.2038, 0
PixelHit 1166, 1021, 8.49305, 0
PixelHit 1166, 1022, 2.17187, 0
PixelHit 1167, 1020, 2.10665, 0
PixelHit 1167, 1023, 2.8403, 0
PixelHit 1296, 984, 1.96217, 0
PixelHit 1296, 985, 2.59601, 0
PixelHit 1297, 981, 0.971239, 0
PixelHit 1297, 982, 3.34919, 0
PixelHit 1297, 983, 70.329, 0
PixelHit 1297, 984, 158.626, 0
PixelHit 1298, 980, 1.18253, 0
PixelHit 1298, 981, 3.99583, 0
PixelHit 1298, 982, 33.637, 0
PixelHit 1298, 983, 45.4584, 0
PixelHit 1298, 984, 37.255, 0
PixelHit 1299, 979, 3.49839, 0
PixelHit 1299, 980, 19.8224, 0
PixelHit 1299, 981, 49.9918, 0
PixelHit 1299, 982, 30.6104, 0
PixelHit 1299, 983, 10.2513, 0
PixelHit 1300, 978, 2.69748, 0
PixelHit 1300, 979, 14.8522, 0
PixelHit 1300, 980, 64.5741, 0
PixelHit 1300, 981, 45.0285, 0
PixelHit 1300, 982, 12.076, 0
PixelHit 1301, 977, 2.39969, 0
PixelHit 1301, 978, 16.1956, 0
PixelHit 1301, 979, 35.8208, 0
PixelHit 1301, 980, 21.5004, 0
PixelHit 1301, 981, 11.2282, 0
PixelHit 1302, 975, 5.70972, 0
PixelHit 1302, 976, 9.31957, 0
PixelHit 1302, 977, 10.3003, 0
PixelHit 1302, 978, 37.8102, 0
PixelHit 1302, 979, 31.1691, 0
PixelHit 1302, 980, 4.92906, 0
PixelHit 1303, 974, 6.63364, 0
PixelHit 1303, 975, 48.1728, 0
PixelHit 1303, 976, 84.895, 0
PixelHit 1303, 977, 52.4578, 0
PixelHit 1303, 978, 8.46269, 0
PixelHit 1303, 979, 4.65017, 0
PixelHit 1304, 971, 1.56097, 0
PixelHit 1304, 972, 1.20167, 0
PixelHit 1304, 973, 1.92146, 0
PixelHit 1304, 974, 7.91377, 0
PixelHit 1304, 975, 76.4781, 0
PixelHit 1304, 976, 105.854, 0
PixelHit 1304, 977, 52.2081, 0
PixelHit 1304, 978, 5.89615, 0
PixelHit 1305, 970, 6.70628, 0
PixelHit 1305, 971, 15.1063, 0
PixelHit 1305, 972, 17.0963, 0
PixelHit 1305, 973, 11.1693, 0
PixelHit 1305, 974, 22.4159, 0
PixelHit 1305, 975, 37.1309, 0
PixelHit 1305, 976, 50.0296, 0
PixelHit 1305, 977, 19.6306, 0
PixelHit 1305, 978, 2.2733, 0
PixelHit 1306, 970, 16.9604, 0
PixelHit 1306, 971, 88.3419, 0
PixelHit 1306, 972, 126.738, 0
PixelHit 1306, 973, 72.3887, 0
PixelHit 1306, 974, 24.3727, 0
PixelHit 1306, 975, 8.5174, 0
PixelHit 1306, 976, 3.38721, 0
PixelHit 1306, 977, 3.47959, 0
PixelHit 1307, 968, 2.36372, 0
PixelHit 1307, 969, 9.56128, 0
PixelHit 1307, 970, 43.7766, 0
PixelHit 1307, 971, 181.076, 0
PixelHit 1307, 972, 312.378, 0
PixelHit 1307, 973, 148.921, 0
PixelHit 1307, 974, 33.3216, 0
PixelHit 1307, 975, 3.11424, 0
PixelHit 1308, 965, 0.251065, 0
PixelHit 1308, 966, 0.345255, 0
PixelHit 1308, 967, 6.1914, 0
PixelHit 1308, 968, 7.14232, 0
PixelHit 1308, 969, 17.2762, 0
PixelHit 1308, 970, 43.5067, 0
PixelHit 1308, 971, 148.327, 0
PixelHit 1308, 972, 221.649, 0
PixelHit 1308, 973, 112.422, 0
PixelHit 1308, 974, 19.8396, 0
PixelHit 1308, 975, 2.94607, 0
PixelHit 1309, 965, 0.948872, 0
PixelHit 1309, 966, 2.36401, 0
PixelHit 1309, 967, 11.7199, 0
PixelHit 1309, 968, 18.7076, 0
PixelHit 1309, 969, 23.5551, 0
PixelHit 1309, 970, 36.1238, 0
PixelHit 1309, 971, 65.2855, 0
PixelHit 1309, 972, 72.688, 0
PixelHit 1309, 973, 32.3933, 0
PixelHit 1309, 974, 7.01157, 0
PixelHit 1310, 965, 7.26364, 0
PixelHit 1310, 966, 10.4838, 0
PixelHit 1310, 967, 19.4144, 0
PixelHit 1310, 968, 21.1339, 0
PixelHit 1310, 969, 20.0054, 0
PixelHit 1310, 970, 22.0022, 0
PixelHit 1310, 971, 11.404, 0
PixelHit 1310, 972, 8.63123, 0
PixelHit 1310, 973, 3.33365, 0
PixelHit 1311, 961, 3.01643, 0
PixelHit 1311, 963, 1.98806, 0
PixelHit 1311, 964, 3.18625, 0
PixelHit 1311, 965, 5.3755, 0
PixelHit 1311, 966, 17.6264, 0
PixelHit 1311, 967, 28.9221, 0
PixelHit 1311, 968, 35.1467, 0
PixelHit 1311, 969, 12.8558, 0
PixelHit 1311, 970, 5.08627, 0
PixelHit 1312, 959, -0.00673474, 0
PixelHit 1312, 961, 0.77399, 0
PixelHit 1312, 962, 9.69936, 0
PixelHit 1312, 963, 13.9756, 0
PixelHit 1312, 964, 21.6304, 0
PixelHit 1312, 965, 15.9975, 0
PixelHit 1312, 966, 13.4436, 0
PixelHit 1312, 967, 31.811, 0
PixelHit 1312, 968, 9.55846, 0
PixelHit 1312, 969, 11.152, 0
PixelHit 1312, 970, 3.86921, 0
PixelHit 1313, 960, 0.0327743, 0
PixelHit 1313, 962, 24.7708, 0
PixelHit 1313, 963, 35.1177, 0
PixelHit 1313, 964, 44.8546, 0
PixelHit 1313, 965, 35.1673, 0
PixelHit 1313, 966, 16.0396, 0
PixelHit 1313, 967, 7.97999, 0
PixelHit 1313, 968, 2.91416, 0
PixelHit 1313, 969, 3.50377, 0
PixelHit 1314, 960, 4.72381, 0
PixelHit 1314, 961, 8.82508, 0
PixelHit 1314, 962, 39.1236, 0
PixelHit 1314, 963, 53.3128, 0
PixelHit 1314, 964, 43.7866, 0
PixelHit 1314, 965, 34.3957, 0
PixelHit 1314, 966, 10.691, 0
PixelHit 1314, 967, 3.33643, 0
PixelHit 1315, 961, 4.88012, 0
PixelHit 1315, 962, 27.894, 0
PixelHit 1315, 963, 32.7422, 0
PixelHit 1315, 964, 40.6523, 0
PixelHit 1315, 965, 15.1888, 0
PixelHit 1315, 966, 4.26491, 0
PixelHit 1315, 967, 0.415094, 0
PixelHit 1316, 960, 1.68156, 0
PixelHit 1316, 961, 4.03246, 0
PixelHit 1316, 962, 13.0363, 0
PixelHit 1316, 963, 25.1859, 0
PixelHit 1316, 964, 19.9472, 0
PixelHit 1316, 965, 5.47499, 0
PixelHit 1316, 966, 2.1269, 0
PixelHit 1317, 960, 2.29362, 0
PixelHit 1317, 962, 3.49298, 0
PixelHit 1317, 963, 1.43401, 0
PixelHit 1317, 964, 3.32109, 0
=== 97 ===
=== 98 ===
=== 99 ===
=== 100 ===
# 579 objects from 3 messages
