# Allpix Squared ASCII data - https://cern.ch/allpix-squared

=== 1 ===
=== 2 ===
=== 3 ===
=== 4 ===
--- mydetector ---
PixelHit 1108, 525, 1.64341, 0
PixelHit 1110, 525, 12.8667, 0
PixelHit 1110, 526, 105.703, 0
PixelHit 1111, 525, 73.5708, 0
PixelHit 1111, 526, 225.177, 0
PixelHit 1112, 525, 49.3277, 0
PixelHit 1112, 526, 28.8368, 0
PixelHit 1113, 524, 5.25438, 0
PixelHit 1113, 525, 46.2477, 0
PixelHit 1114, 524, 27.6324, 0
PixelHit 1114, 525, 71.9701, 0
PixelHit 1115, 523, 2.40215, 0
PixelHit 1115, 524, 23.6713, 0
PixelHit 1115, 525, 32.0957, 0
PixelHit 1116, 523, 7.0168, 0
PixelHit 1116, 524, 44.129, 0
PixelHit 1116, 525, 13.1323, 0
PixelHit 1117, 523, 4.76269, 0
PixelHit 1117, 524, 24.9207, 0
PixelHit 1117, 525, 2.08922, 0
PixelHit 1118, 523, 12.6276, 0
PixelHit 1118, 524, 10.8595, 0
PixelHit 1119, 522, 5.46601, 0
PixelHit 1119, 523, 17.7295, 0
PixelHit 1119, 524, 14.5233, 0
PixelHit 1120, 521, 0.391094, 0
PixelHit 1120, 522, 14.8425, 0
PixelHit 1120, 523, 21.1734, 0
PixelHit 1121, 522, 11.2198, 0
PixelHit 1121, 523, 15.6521, 0
PixelHit 1121, 524, 6.21577, 0
PixelHit 1122, 521, 3.77338, 0
PixelHit 1122, 522, 17.8515, 0
PixelHit 1122, 523, 11.333, 0
PixelHit 1123, 521, 7.33726, 0
PixelHit 1123, 522, 33.3132, 0
PixelHit 1123, 523, 6.01823, 0
PixelHit 1124, 520, 2.77979, 0
PixelHit 1124, 521, 13.2543, 0
PixelHit 1124, 522, 33.1719, 0
PixelHit 1124, 523, 3.85086, 0
PixelHit 1125, 520, 5.8359, 0
PixelHit 1125, 521, 36.4147, 0
PixelHit 1125, 522, 34.8397, 0
PixelHit 1125, 523, 3.40824, 0
PixelHit 1126, 520, 4.10767, 0
PixelHit 1126, 521, 14.1439, 0
PixelHit 1126, 522, 13.1824, 0
PixelHit 1126, 523, 1.00825, 0
PixelHit 1127, 519, 2.44954, 0
PixelHit 1127, 520, 2.44128, 0
PixelHit 1127, 521, 12.0997, 0
PixelHit 1127, 522, 5.38743, 0
PixelHit 1128, 519, 3.06621, 0
PixelHit 1128, 520, 13.5877, 0
PixelHit 1128, 521, 4.45227, 0
PixelHit 1128, 522, 6.13124, 0
PixelHit 1129, 519, 5.12717, 0
PixelHit 1129, 520, 17.8276, 0
PixelHit 1129, 521, 5.81981, 0
PixelHit 1130, 518, 1.59272, 0
PixelHit 1130, 519, 5.94064, 0
PixelHit 1130, 520, 35.069, 0
PixelHit 1130, 521, 14.6038, 0
PixelHit 1130, 522, 1.42928, 0
PixelHit 1131, 518, 3.25584, 0
PixelHit 1131, 519, 19.9262, 0
PixelHit 1131, 520, 27.1178, 0
PixelHit 1131, 521, 11.8513, 0
PixelHit 1132, 518, 6.55127, 0
PixelHit 1132, 519, 21.8062, 0
PixelHit 1132, 520, 22.4861, 0
PixelHit 1132, 521, 4.40675, 0
PixelHit 1133, 518, 13.1239, 0
PixelHit 1133, 519, 38.6389, 0
PixelHit 1133, 520, 21.3281, 0
PixelHit 1134, 517, 5.21227, 0
PixelHit 1134, 518, 20.1015, 0
PixelHit 1134, 519, 30.3928, 0
PixelHit 1134, 520, 13.5751, 0
PixelHit 1134, 521, 2.022, 0
PixelHit 1135, 516, 2.88852, 0
PixelHit 1135, 517, 9.56155, 0
PixelHit 1135, 518, 33.6266, 0
PixelHit 1135, 519, 38.2039, 0
PixelHit 1135, 520, 6.89078, 0
PixelHit 1136, 516, 1.10048, 0
PixelHit 1136, 517, 8.23318, 0
PixelHit 1136, 518, 20.251, 0
PixelHit 1136, 519, 14.8843, 0
PixelHit 1136, 520, 9.07738, 0
PixelHit 1137, 516, 3.40183, 0
PixelHit 1137, 517, 6.56349, 0
PixelHit 1137, 518, 25.7967, 0
PixelHit 1137, 519, 8.14591, 0
PixelHit 1137, 520, 1.30997, 0
PixelHit 1138, 516, 4.41211, 0
PixelHit 1138, 517, 18.8397, 0
PixelHit 1138, 518, 14.0433, 0
PixelHit 1138, 519, 3.56048, 0
PixelHit 1139, 516, 6.52908, 0
PixelHit 1139, 517, 24.0003, 0
PixelHit 1139, 518, 11.8634, 0
PixelHit 1139, 519, 1.55716, 0
PixelHit 1140, 515, 3.67116, 0
PixelHit 1140, 516, 7.05907, 0
PixelHit 1140, 517, 18.5204, 0
PixelHit 1140, 518, 10.3279, 0
PixelHit 1141, 515, 4.29211, 0
PixelHit 1141, 516, 14.28, 0
PixelHit 1141, 517, 27.0078, 0
PixelHit 1141, 518, 7.19452, 0
PixelHit 1142, 516, 20.7955, 0
PixelHit 1142, 517, 13.6639, 0
PixelHit 1142, 518, 4.22995, 0
PixelHit 1143, 514, 2.94669, 0
PixelHit 1143, 515, 5.76879, 0
PixelHit 1143, 516, 18.5738, 0
PixelHit 1143, 517, 5.21593, 0
PixelHit 1143, 518, 3.84155, 0
PixelHit 1144, 514, 2.86418, 0
PixelHit 1144, 515, 5.74494, 0
PixelHit 1144, 516, 13.0248, 0
PixelHit 1144, 517, 8.62222, 0
PixelHit 1145, 514, 9.19021, 0
PixelHit 1145, 515, 19.5842, 0
PixelHit 1145, 516, 10.9239, 0
PixelHit 1145, 517, 3.02948, 0
PixelHit 1145, 519, 3.54054, 0
PixelHit 1146, 514, 14.6093, 0
PixelHit 1146, 515, 34.6859, 0
PixelHit 1146, 516, 23.1678, 0
PixelHit 1146, 517, 11.5046, 0
PixelHit 1146, 518, 1.3908, 0
PixelHit 1147, 514, 13.8675, 0
PixelHit 1147, 515, 19.6562, 0
PixelHit 1147, 516, 23.2401, 0
PixelHit 1147, 517, 2.9732, 0
PixelHit 1148, 512, 1.67448, 0
PixelHit 1148, 513, 1.87274, 0
PixelHit 1148, 514, 13.4934, 0
PixelHit 1148, 515, 15.6424, 0
PixelHit 1148, 516, 7.882, 0
PixelHit 1148, 517, 3.40902, 0
PixelHit 1149, 514, 14.2757, 0
PixelHit 1149, 515, 8.51018, 0
PixelHit 1149, 516, 3.36211, 0
PixelHit 1150, 512, 3.77559, 0
PixelHit 1150, 513, 10.2058, 0
PixelHit 1150, 514, 10.0336, 0
PixelHit 1150, 515, 9.44173, 0
PixelHit 1151, 511, 2.35424, 0
PixelHit 1151, 512, 1.18763, 0
PixelHit 1151, 513, 6.38309, 0
PixelHit 1151, 514, 8.89465, 0
PixelHit 1151, 515, 6.16807, 0
PixelHit 1152, 512, 4.45677, 0
PixelHit 1152, 513, 8.71927, 0
PixelHit 1152, 514, 10.8066, 0
PixelHit 1152, 515, 2.25296, 0
PixelHit 1152, 516, 2.07666, 0
PixelHit 1153, 511, 1.50542, 0
PixelHit 1153, 512, 7.48974, 0
PixelHit 1153, 513, 12.5515, 0
PixelHit 1153, 514, 4.11259, 0
PixelHit 1153, 515, 3.47032, 0
PixelHit 1154, 510, 2.37013, 0
PixelHit 1154, 511, 1.94569, 0
PixelHit 1154, 512, 1.94498, 0
PixelHit 1154, 513, 9.97963, 0
PixelHit 1154, 514, 6.44695, 0
PixelHit 1154, 515, 2.81921, 0
PixelHit 1155, 511, 3.18757, 0
PixelHit 1155, 512, 8.19932, 0
PixelHit 1155, 513, 9.26002, 0
PixelHit 1155, 514, 4.60178, 0
PixelHit 1156, 510, 1.6361, 0
PixelHit 1156, 511, 6.99675, 0
PixelHit 1156, 512, 8.29401, 0
PixelHit 1156, 513, 8.60141, 0
PixelHit 1156, 515, 0.426786, 0
PixelHit 1157, 509, 3.60356, 0
PixelHit 1157, 510, 5.3839, 0
PixelHit 1157, 511, 11.6881, 0
PixelHit 1157, 512, 13.6409, 0
PixelHit 1157, 513, 8.53305, 0
PixelHit 1157, 514, 4.70036, 0
PixelHit 1158, 510, 3.9076, 0
PixelHit 1158, 511, 11.1666, 0
PixelHit 1158, 512, 10.2279, 0
PixelHit 1158, 513, 0.982219, 0
PixelHit 1159, 510, 5.76063, 0
PixelHit 1159, 511, 6.94065, 0
PixelHit 1159, 512, 6.72893, 0
PixelHit 1159, 513, 3.92101, 0
PixelHit 1159, 514, 1.86427, 0
PixelHit 1160, 509, 2.17856, 0
PixelHit 1160, 510, 5.67493, 0
PixelHit 1160, 511, 5.53404, 0
PixelHit 1160, 512, 1.40384, 0
PixelHit 1161, 509, 5.12186, 0
PixelHit 1161, 510, 4.61454, 0
PixelHit 1161, 511, 8.4403, 0
PixelHit 1161, 512, 4.66814, 0
PixelHit 1161, 513, 4.33929, 0
PixelHit 1162, 508, 2.37721, 0
PixelHit 1162, 509, 8.70528, 0
PixelHit 1162, 510, 10.0943, 0
PixelHit 1162, 511, 12.6469, 0
PixelHit 1162, 512, 8.99088, 0
PixelHit 1163, 509, 4.83393, 0
PixelHit 1163, 510, 18.4614, 0
PixelHit 1163, 511, 12.4669, 0
PixelHit 1163, 512, 6.87635, 0
PixelHit 1164, 508, 5.54619, 0
PixelHit 1164, 509, 9.29928, 0
PixelHit 1164, 510, 14.8299, 0
PixelHit 1164, 511, 11.4422, 0
PixelHit 1164, 512, 3.13214, 0
PixelHit 1165, 507, 1.54466, 0
PixelHit 1165, 508, 4.20841, 0
PixelHit 1165, 509, 11.7838, 0
PixelHit 1165, 510, 9.01605, 0
PixelHit 1165, 511, 4.82114, 0
PixelHit 1165, 512, 3.25549, 0
PixelHit 1166, 507, 3.13661, 0
PixelHit 1166, 508, 6.46655, 0
PixelHit 1166, 509, 11.7492, 0
PixelHit 1166, 510, 11.2342, 0
PixelHit 1166, 511, 4.74075, 0
PixelHit 1167, 507, 4.14093, 0
PixelHit 1167, 508, 7.44748, 0
PixelHit 1167, 509, 8.96827, 0
PixelHit 1167, 510, 7.31951, 0
PixelHit 1167, 512, 0.582826, 0
PixelHit 1168, 506, 1.89216, 0
PixelHit 1168, 507, 3.51951, 0
PixelHit 1168, 508, 4.70433, 0
PixelHit 1168, 509, 4.68207, 0
PixelHit 1168, 510, 2.53495, 0
PixelHit 1168, 511, 1.30959, 0
PixelHit 1169, 507, 2.31483, 0
PixelHit 1169, 508, 5.5356, 0
PixelHit 1169, 509, 8.42023, 0
PixelHit 1169, 510, 4.06867, 0
PixelHit 1169, 511, 3.61335, 0
PixelHit 1170, 506, 1.96044, 0
PixelHit 1170, 507, 2.91783, 0
PixelHit 1170, 508, 8.32644, 0
PixelHit 1170, 509, 6.0054, 0
PixelHit 1170, 511, 2.86114, 0
PixelHit 1171, 506, 4.69018, 0
PixelHit 1171, 507, 10.4132, 0
PixelHit 1171, 508, 14.9085, 0
PixelHit 1171, 509, 8.05069, 0
PixelHit 1172, 506, 1.96256, 0
PixelHit 1172, 507, 9.67423, 0
PixelHit 1172, 508, 6.54773, 0
PixelHit 1172, 509, 7.53489, 0
PixelHit 1172, 510, 1.52237, 0
PixelHit 1173, 507, 5.09292, 0
PixelHit 1173, 508, 5.28744, 0
PixelHit 1174, 509, 1.56183, 0
PixelHit 1175, 508, 1.74823, 0
=== 5 ===
=== 6 ===
=== 7 ===
=== 8 ===
=== 9 ===
=== 10 ===
=== 11 ===
=== 12 ===
=== 13 ===
=== 14 ===
=== 15 ===
=== 16 ===
=== 17 ===
=== 18 ===
=== 19 ===
=== 20 ===
=== 21 ===
=== 22 ===
=== 23 ===
=== 24 ===
=== 25 ===
=== 26 ===
=== 27 ===
=== 28 ===
=== 29 ===
=== 30 ===
=== 31 ===
=== 32 ===
=== 33 ===
=== 34 ===
=== 35 ===
=== 36 ===
=== 37 ===
=== 38 ===
=== 39 ===
=== 40 ===
=== 41 ===
=== 42 ===
=== 43 ===
--- mydetector ---
PixelHit 1352, 946, 3.91115, 0
PixelHit 1352, 947, 18.4487, 0
PixelHit 1353, 946, 10.2673, 0
PixelHit 1353, 947, 95.5223, 0
PixelHit 1353, 948, 2.85875, 0
PixelHit 1354, 946, 5.10733, 0
PixelHit 1354, 947, 14.5225, 0
PixelHit 1355, 946, 4.7351, 0
PixelHit 1355, 947, 3.68863, 0
PixelHit 1356, 945, 19.0588, 0
PixelHit 1356, 946, 25.9215, 0
PixelHit 1357, 944, 1.8965, 0
PixelHit 1357, 945, 64.7269, 0
PixelHit 1357, 946, 50.8625, 0
PixelHit 1357, 947, 2.39155, 0
PixelHit 1358, 944, 20.6445, 0
PixelHit 1358, 945, 151.264, 0
PixelHit 1358, 946, 26.0758, 0
PixelHit 1359, 944, 34.4084, 0
PixelHit 1359, 945, 125.857, 0
PixelHit 1359, 946, 11.9944, 0
PixelHit 1360, 942, 1.33354, 0
PixelHit 1360, 943, 4.64962, 0
PixelHit 1360, 944, 79.3644, 0
PixelHit 1360, 945, 46.1409, 0
PixelHit 1360, 946, 2.13912, 0
PixelHit 1361, 943, 11.6766, 0
PixelHit 1361, 944, 69.6354, 0
PixelHit 1361, 945, 21.0004, 0
PixelHit 1362, 941, 1.22538, 0
PixelHit 1362, 942, 1.29395, 0
PixelHit 1362, 943, 28.4002, 0
PixelHit 1362, 944, 45.9256, 0
PixelHit 1362, 945, 6.56063, 0
PixelHit 1363, 942, 5.48907, 0
PixelHit 1363, 943, 14.0865, 0
PixelHit 1363, 944, 16.0826, 0
PixelHit 1364, 942, 70.2604, 0
PixelHit 1364, 943, 90.9328, 0
PixelHit 1364, 944, 12.5852, 0
PixelHit 1365, 941, 8.82063, 0
PixelHit 1365, 942, 67.8088, 0
PixelHit 1365, 943, 127.663, 0
PixelHit 1365, 944, 10.9914, 0
PixelHit 1366, 941, 6.18017, 0
PixelHit 1366, 942, 22.1037, 0
PixelHit 1366, 943, 26.636, 0
PixelHit 1366, 944, 2.08946, 0
PixelHit 1367, 940, 1.4359, 0
PixelHit 1367, 941, 47.9437, 0
PixelHit 1367, 942, 47.0223, 0
PixelHit 1367, 943, 17.9111, 0
PixelHit 1367, 944, 1.49831, 0
PixelHit 1368, 940, 4.35989, 0
PixelHit 1368, 941, 41.7192, 0
PixelHit 1368, 942, 38.7419, 0
PixelHit 1368, 943, 9.43162, 0
PixelHit 1369, 940, 12.3867, 0
PixelHit 1369, 941, 35.0365, 0
PixelHit 1369, 942, 11.8033, 0
PixelHit 1369, 943, 1.2373, 0
PixelHit 1370, 939, 9.3259, 0
PixelHit 1370, 940, 24.5686, 0
PixelHit 1370, 941, 26.5937, 0
PixelHit 1370, 942, 8.36188, 0
PixelHit 1370, 943, -0.041584, 0
PixelHit 1371, 938, 5.93143, 0
PixelHit 1371, 939, 29.1334, 0
PixelHit 1371, 940, 99.6478, 0
PixelHit 1371, 941, 67.2101, 0
PixelHit 1371, 942, 10.4319, 0
PixelHit 1372, 938, 0.435578, 0
PixelHit 1372, 939, 50.5686, 0
PixelHit 1372, 940, 126.167, 0
PixelHit 1372, 941, 66.4535, 0
PixelHit 1372, 942, 7.09817, 0
PixelHit 1373, 937, 0.94118, 0
PixelHit 1373, 938, 1.46506, 0
PixelHit 1373, 939, 20.1285, 0
PixelHit 1373, 940, 41.4111, 0
PixelHit 1373, 941, 27.8081, 0
PixelHit 1373, 943, 3.65233, 0
PixelHit 1374, 938, 2.31383, 0
PixelHit 1374, 939, 7.99874, 0
PixelHit 1374, 940, 12.3623, 0
PixelHit 1374, 941, 3.89597, 0
PixelHit 1375, 937, 0.296163, 0
PixelHit 1375, 938, 6.74797, 0
PixelHit 1375, 939, 17.6045, 0
PixelHit 1375, 940, 6.91107, 0
PixelHit 1376, 937, 4.89026, 0
PixelHit 1376, 938, 19.0444, 0
PixelHit 1376, 939, 20.3613, 0
PixelHit 1377, 937, 3.59323, 0
PixelHit 1377, 938, 25.9516, 0
PixelHit 1377, 939, 11.3001, 0
PixelHit 1377, 940, 7.49986, 0
PixelHit 1378, 935, 1.66144, 0
PixelHit 1378, 936, 5.01344, 0
PixelHit 1378, 937, 16.0554, 0
PixelHit 1378, 938, 19.1872, 0
PixelHit 1378, 939, 9.8335, 0
PixelHit 1378, 941, 2.76919, 0
PixelHit 1379, 933, 0.430714, 0
PixelHit 1379, 935, 1.8002, 0
PixelHit 1379, 936, 19.6271, 0
PixelHit 1379, 937, 42.1014, 0
PixelHit 1379, 938, 34.1893, 0
PixelHit 1379, 939, 8.14635, 0
PixelHit 1379, 940, 1.23525, 0
PixelHit 1380, 935, 7.72526, 0
PixelHit 1380, 936, 26.9201, 0
PixelHit 1380, 937, 60.9005, 0
PixelHit 1380, 938, 51.371, 0
PixelHit 1380, 939, 13.6647, 0
PixelHit 1380, 940, 4.00096, 0
PixelHit 1381, 935, 3.61524, 0
PixelHit 1381, 936, 39.3406, 0
PixelHit 1381, 937, 66.7952, 0
PixelHit 1381, 938, 28.9344, 0
PixelHit 1381, 939, 4.82969, 0
PixelHit 1382, 934, 1.43956, 0
PixelHit 1382, 935, 10.3655, 0
PixelHit 1382, 936, 28.0321, 0
PixelHit 1382, 937, 46.6904, 0
PixelHit 1382, 938, 26.0312, 0
PixelHit 1383, 934, 3.1526, 0
PixelHit 1383, 935, 8.68605, 0
PixelHit 1383, 936, 34.4938, 0
PixelHit 1383, 937, 23.8793, 0
PixelHit 1383, 938, 6.36598, 0
PixelHit 1384, 934, 9.18381, 0
PixelHit 1384, 935, 17.988, 0
PixelHit 1384, 936, 25.7913, 0
PixelHit 1384, 937, 12.1397, 0
PixelHit 1384, 938, 2.84738, 0
PixelHit 1385, 932, 1.7564, 0
PixelHit 1385, 934, 11.0097, 0
PixelHit 1385, 935, 20.7813, 0
PixelHit 1385, 936, 24.2948, 0
PixelHit 1385, 937, 10.6366, 0
PixelHit 1386, 933, 2.1945, 0
PixelHit 1386, 934, 9.08267, 0
PixelHit 1386, 935, 19.6886, 0
PixelHit 1386, 936, 11.2324, 0
PixelHit 1386, 937, 4.67868, 0
PixelHit 1387, 932, 2.91887, 0
PixelHit 1387, 933, 14.937, 0
PixelHit 1387, 934, 24.5771, 0
PixelHit 1387, 935, 20.0983, 0
PixelHit 1387, 936, 9.34568, 0
PixelHit 1387, 937, 5.69829, 0
PixelHit 1388, 932, 4.38249, 0
PixelHit 1388, 933, 9.17794, 0
PixelHit 1388, 934, 50.4407, 0
PixelHit 1388, 935, 37.5268, 0
PixelHit 1388, 936, 10.038, 0
PixelHit 1388, 937, 3.66551, 0
PixelHit 1389, 929, 2.72175, 0
PixelHit 1389, 932, 11.698, 0
PixelHit 1389, 933, 26.1854, 0
PixelHit 1389, 934, 33.6425, 0
PixelHit 1389, 935, 20.596, 0
PixelHit 1389, 936, 4.34768, 0
PixelHit 1390, 931, 1.54686, 0
PixelHit 1390, 932, 5.85797, 0
PixelHit 1390, 933, 13.8014, 0
PixelHit 1390, 934, 21.2173, 0
PixelHit 1390, 935, 11.1943, 0
PixelHit 1390, 936, 1.93581, 0
PixelHit 1391, 931, 3.74535, 0
PixelHit 1391, 932, 7.53271, 0
PixelHit 1391, 933, 15.3477, 0
PixelHit 1391, 934, 13.4105, 0
PixelHit 1391, 935, 5.49831, 0
PixelHit 1392, 931, 6.32262, 0
PixelHit 1392, 932, 14.4469, 0
PixelHit 1392, 933, 17.4422, 0
PixelHit 1392, 934, 9.06882, 0
PixelHit 1392, 935, 1.54232, 0
PixelHit 1393, 931, 14.4686, 0
PixelHit 1393, 932, 15.0677, 0
PixelHit 1393, 933, 17.3467, 0
PixelHit 1393, 934, 8.75326, 0
PixelHit 1393, 935, 4.57817, 0
PixelHit 1394, 929, 3.45055, 0
PixelHit 1394, 931, 9.40744, 0
PixelHit 1394, 932, 16.3052, 0
PixelHit 1394, 933, 6.83542, 0
PixelHit 1394, 934, 9.71845, 0
PixelHit 1395, 929, 6.48797, 0
PixelHit 1395, 930, 2.60725, 0
PixelHit 1395, 931, 12.1814, 0
PixelHit 1395, 932, 17.5045, 0
PixelHit 1395, 933, 4.21847, 0
PixelHit 1396, 928, 1.2914, 0
PixelHit 1396, 929, 6.63598, 0
PixelHit 1396, 930, 20.1996, 0
PixelHit 1396, 931, 23.8719, 0
PixelHit 1396, 932, 23.8827, 0
PixelHit 1396, 933, 5.84098, 0
PixelHit 1396, 934, 3.48546, 0
PixelHit 1397, 928, 2.92302, 0
PixelHit 1397, 929, 5.94009, 0
PixelHit 1397, 930, 25.0654, 0
PixelHit 1397, 931, 47.2121, 0
PixelHit 1397, 932, 15.9138, 0
PixelHit 1397, 933, 6.75757, 0
PixelHit 1397, 934, 1.60656, 0
PixelHit 1398, 928, 0.833537, 0
PixelHit 1398, 929, 6.40531, 0
PixelHit 1398, 930, 28.6774, 0
PixelHit 1398, 931, 33.2345, 0
PixelHit 1398, 932, 23.2998, 0
PixelHit 1398, 933, 10.8028, 0
PixelHit 1399, 928, 3.24471, 0
PixelHit 1399, 929, 9.3845, 0
PixelHit 1399, 930, 17.9172, 0
PixelHit 1399, 931, 21.8539, 0
PixelHit 1399, 932, 13.3693, 0
PixelHit 1399, 933, 1.53904, 0
PixelHit 1399, 934, 1.00215, 0
PixelHit 1400, 927, 2.20908, 0
PixelHit 1400, 928, 4.69135, 0
PixelHit 1400, 929, 13.0904, 0
PixelHit 1400, 930, 16.179, 0
PixelHit 1400, 931, 8.20752, 0
PixelHit 1400, 932, 2.90351, 0
PixelHit 1400, 934, 0.850242, 0
PixelHit 1401, 926, 2.93209, 0
PixelHit 1401, 928, 11.3548, 0
PixelHit 1401, 929, 24.6036, 0
PixelHit 1401, 930, 24.933, 0
PixelHit 1401, 931, 6.82384, 0
PixelHit 1402, 927, 5.13834, 0
PixelHit 1402, 928, 24.423, 0
PixelHit 1402, 929, 24.6919, 0
PixelHit 1402, 930, 13.6441, 0
PixelHit 1402, 931, 7.99358, 0
PixelHit 1403, 927, 10.9592, 0
PixelHit 1403, 928, 11.5222, 0
PixelHit 1403, 929, 20.3296, 0
PixelHit 1403, 930, 14.0501, 0
PixelHit 1403, 931, 8.70036, 0
PixelHit 1404, 926, 2.56873, 0
PixelHit 1404, 927, 12.9417, 0
PixelHit 1404, 928, 21.5898, 0
PixelHit 1404, 929, 23.5711, 0
PixelHit 1404, 930, 13.7081, 0
PixelHit 1404, 931, 1.38158, 0
PixelHit 1405, 924, 0.213046, 0
PixelHit 1405, 925, 1.92629, 0
PixelHit 1405, 926, 7.89917, 0
PixelHit 1405, 927, 15.0488, 0
PixelHit 1405, 928, 26.6769, 0
PixelHit 1405, 929, 16.7561, 0
PixelHit 1405, 930, 5.33256, 0
PixelHit 1406, 925, 1.56757, 0
PixelHit 1406, 926, 7.71654, 0
PixelHit 1406, 927, 36.3425, 0
PixelHit 1406, 928, 37.5534, 0
PixelHit 1406, 929, 24.7982, 0
PixelHit 1406, 930, 5.70146, 0
PixelHit 1406, 931, 2.78483, 0
PixelHit 1407, 925, 2.24686, 0
PixelHit 1407, 926, 11.1933, 0
PixelHit 1407, 927, 23.7316, 0
PixelHit 1407, 928, 32.6282, 0
PixelHit 1407, 929, 19.3023, 0
PixelHit 1407, 930, 4.32549, 0
PixelHit 1408, 925, 7.12449, 0
PixelHit 1408, 926, 20.1305, 0
PixelHit 1408, 927, 30.845, 0
PixelHit 1408, 928, 14.9955, 0
PixelHit 1408, 929, 2.61985, 0
PixelHit 1408, 930, 2.27687, 0
PixelHit 1409, 923, 2.65266, 0
PixelHit 1409, 924, 4.47267, 0
PixelHit 1409, 925, 8.07665, 0
PixelHit 1409, 926, 29.5154, 0
PixelHit 1409, 927, 35.8428, 0
PixelHit 1409, 928, 27.2025, 0
PixelHit 1409, 929, 8.74422, 0
PixelHit 1410, 924, 4.18332, 0
PixelHit 1410, 925, 12.1294, 0
PixelHit 1410, 926, 35.4172, 0
PixelHit 1410, 927, 33.3642, 0
PixelHit 1410, 928, 18.118, 0
PixelHit 1410, 929, 5.98057, 0
PixelHit 1410, 930, 1.7824, 0
PixelHit 1411, 924, 4.13646, 0
PixelHit 1411, 925, 12.3551, 0
PixelHit 1411, 926, 14.0678, 0
PixelHit 1411, 927, 16.171, 0
PixelHit 1411, 928, 6.1535, 0
PixelHit 1411, 929, 1.21337, 0
PixelHit 1412, 926, 8.74791, 0
PixelHit 1412, 927, 4.83593, 0
=== 44 ===
=== 45 ===
=== 46 ===
=== 47 ===
=== 48 ===
=== 49 ===
=== 50 ===
=== 51 ===
=== 52 ===
=== 53 ===
=== 54 ===
=== 55 ===
=== 56 ===
=== 57 ===
=== 58 ===
=== 59 ===
=== 60 ===
=== 61 ===
=== 62 ===
=== 63 ===
=== 64 ===
=== 65 ===
=== 66 ===
=== 67 ===
=== 68 ===
=== 69 ===
=== 70 ===
=== 71 ===
=== 72 ===
=== 73 ===
=== 74 ===
=== 75 ===
=== 76 ===
=== 77 ===
=== 78 ===
=== 79 ===
=== 80 ===
=== 81 ===
=== 82 ===
=== 83 ===
=== 84 ===
=== 85 ===
=== 86 ===
=== 87 ===
=== 88 ===
=== 89 ===
=== 90 ===
=== 91 ===
=== 92 ===
=== 93 ===
=== 94 ===
=== 95 ===
=== 96 ===
=== 97 ===
=== 98 ===
=== 99 ===
=== 100 ===
# 562 objects from 2 messages
