# Allpix Squared ASCII data - https://cern.ch/allpix-squared

=== 1 ===
=== 2 ===
=== 3 ===
=== 4 ===
=== 5 ===
=== 6 ===
=== 7 ===
=== 8 ===
=== 9 ===
=== 10 ===
=== 11 ===
=== 12 ===
=== 13 ===
=== 14 ===
--- mydetector ---
PixelHit 1624, 942, 38.9631, 0
PixelHit 1624, 943, 1.37283, 0
PixelHit 1625, 941, 14.5123, 0
PixelHit 1625, 942, 68.8296, 0
PixelHit 1626, 941, 13.8344, 0
PixelHit 1626, 942, 10.1841, 0
PixelHit 1627, 940, 9.29733, 0
PixelHit 1627, 941, 65.9984, 0
PixelHit 1627, 942, 7.93654, 0
PixelHit 1628, 938, 1.203, 0
PixelHit 1628, 939, 3.62934, 0
PixelHit 1628, 940, 24.2592, 0
PixelHit 1628, 941, 29.0166, 0
PixelHit 1628, 942, 2.20017, 0
PixelHit 1629, 939, 7.42122, 0
PixelHit 1629, 940, 63.3934, 0
PixelHit 1629, 941, 21.3601, 0
PixelHit 1630, 939, 26.3223, 0
PixelHit 1630, 940, 68.7349, 0
PixelHit 1630, 941, 5.31169, 0
PixelHit 1631, 939, 9.06937, 0
PixelHit 1631, 940, 27.728, 0
PixelHit 1631, 941, 2.88664, 0
PixelHit 1632, 937, 0.396531, 0
PixelHit 1632, 938, 9.42927, 0
PixelHit 1632, 939, 18.7923, 0
PixelHit 1632, 940, 6.85306, 0
PixelHit 1633, 937, 3.0827, 0
PixelHit 1633, 938, 22.8595, 0
PixelHit 1633, 939, 26.087, 0
PixelHit 1633, 940, 7.06078, 0
PixelHit 1634, 937, 9.24095, 0
PixelHit 1634, 938, 48.715, 0
PixelHit 1634, 939, 25.962, 0
PixelHit 1634, 940, 2.89036, 0
PixelHit 1635, 937, 13.7609, 0
PixelHit 1635, 938, 44.3577, 0
PixelHit 1635, 939, 13.3978, 0
PixelHit 1635, 940, 0.817557, 0
PixelHit 1636, 935, 2.60138, 0
PixelHit 1636, 936, 10.1684, 0
PixelHit 1636, 937, 22.6052, 0
PixelHit 1636, 938, 18.5293, 0
PixelHit 1636, 939, 4.93809, 0
PixelHit 1637, 936, 2.95018, 0
PixelHit 1637, 937, 7.7501, 0
PixelHit 1637, 938, 15.9492, 0
PixelHit 1637, 939, 1.86551, 0
PixelHit 1638, 935, 2.5567, 0
PixelHit 1638, 936, 6.59372, 0
PixelHit 1638, 937, 13.6234, 0
PixelHit 1639, 935, 6.87998, 0
PixelHit 1639, 936, 14.4188, 0
PixelHit 1639, 937, 16.2963, 0
PixelHit 1639, 938, 2.02503, 0
PixelHit 1639, 939, 1.82889, 0
PixelHit 1640, 934, 0.922151, 0
PixelHit 1640, 935, 8.24723, 0
PixelHit 1640, 936, 14.5321, 0
PixelHit 1640, 937, 12.8591, 0
PixelHit 1641, 934, 7.6496, 0
PixelHit 1641, 935, 28.1891, 0
PixelHit 1641, 936, 21.7353, 0
PixelHit 1641, 937, 9.88633, 0
PixelHit 1641, 938, 2.1889, 0
PixelHit 1642, 933, 3.38542, 0
PixelHit 1642, 934, 20.8156, 0
PixelHit 1642, 935, 37.4315, 0
PixelHit 1642, 936, 21.7172, 0
PixelHit 1642, 937, 3.03622, 0
PixelHit 1643, 933, 6.46608, 0
PixelHit 1643, 934, 21.5932, 0
PixelHit 1643, 935, 38.8402, 0
PixelHit 1643, 936, 14.8043, 0
PixelHit 1643, 937, 4.80695, 0
PixelHit 1644, 932, 1.68886, 0
PixelHit 1644, 933, 13.242, 0
PixelHit 1644, 934, 26.9613, 0
PixelHit 1644, 935, 20.4689, 0
PixelHit 1644, 936, 11.2104, 0
PixelHit 1644, 937, 3.9452, 0
PixelHit 1645, 933, 14.8025, 0
PixelHit 1645, 934, 40.1939, 0
PixelHit 1645, 935, 20.0065, 0
PixelHit 1645, 936, 3.90706, 0
PixelHit 1646, 932, 5.98157, 0
PixelHit 1646, 933, 29.5582, 0
PixelHit 1646, 934, 32.5566, 0
PixelHit 1646, 935, 17.0842, 0
PixelHit 1646, 936, 1.02297, 0
PixelHit 1646, 937, 0.845109, 0
PixelHit 1647, 930, 1.08974, 0
PixelHit 1647, 931, 2.16759, 0
PixelHit 1647, 932, 11.762, 0
PixelHit 1647, 933, 24.3327, 0
PixelHit 1647, 934, 30.3936, 0
PixelHit 1647, 935, 10.2345, 0
PixelHit 1648, 931, 11.6179, 0
PixelHit 1648, 932, 32.3776, 0
PixelHit 1648, 933, 32.9733, 0
PixelHit 1648, 934, 15.8899, 0
PixelHit 1648, 935, 0.780118, 0
PixelHit 1649, 929, 0.147489, 0
PixelHit 1649, 930, 5.08918, 0
PixelHit 1649, 931, 18.0385, 0
PixelHit 1649, 932, 49.3255, 0
PixelHit 1649, 933, 45.53, 0
PixelHit 1649, 934, 13.2148, 0
PixelHit 1649, 935, 2.7544, 0
PixelHit 1650, 930, 3.3632, 0
PixelHit 1650, 931, 17.5383, 0
PixelHit 1650, 932, 19.6591, 0
PixelHit 1650, 933, 31.1319, 0
PixelHit 1650, 934, 9.12002, 0
PixelHit 1651, 929, 2.2746, 0
PixelHit 1651, 930, 1.99592, 0
PixelHit 1651, 931, 14.3683, 0
PixelHit 1651, 932, 12.0306, 0
PixelHit 1651, 933, 8.75629, 0
PixelHit 1651, 934, 0.602201, 0
PixelHit 1651, 935, 1.42916, 0
PixelHit 1652, 929, 0.630641, 0
PixelHit 1652, 930, 12.6659, 0
PixelHit 1652, 931, 15.7029, 0
PixelHit 1652, 932, 18.6362, 0
PixelHit 1652, 933, 7.21944, 0
PixelHit 1652, 935, 1.50949, 0
PixelHit 1653, 929, 2.85373, 0
PixelHit 1653, 930, 11.1855, 0
PixelHit 1653, 931, 15.4053, 0
PixelHit 1653, 932, 15.7471, 0
PixelHit 1654, 928, 3.26491, 0
PixelHit 1654, 929, 14.528, 0
PixelHit 1654, 930, 13.0659, 0
PixelHit 1654, 931, 18.2297, 0
PixelHit 1654, 932, 11.2315, 0
PixelHit 1654, 933, 3.32366, 0
PixelHit 1654, 934, 2.81808, 0
PixelHit 1655, 929, 10.5509, 0
PixelHit 1655, 930, 18.9748, 0
PixelHit 1655, 931, 16.9371, 0
PixelHit 1655, 932, 3.28034, 0
PixelHit 1655, 933, 1.29987, 0
PixelHit 1656, 928, 8.85987, 0
PixelHit 1656, 929, 8.50919, 0
PixelHit 1656, 930, 7.32681, 0
PixelHit 1656, 931, 4.73866, 0
PixelHit 1656, 932, 4.25338, 0
PixelHit 1657, 927, 4.52558, 0
PixelHit 1657, 928, 16.4017, 0
PixelHit 1657, 929, 30.7432, 0
PixelHit 1657, 930, 22.9735, 0
PixelHit 1657, 931, 5.83666, 0
PixelHit 1657, 932, 0.983478, 0
PixelHit 1658, 926, 1.50939, 0
PixelHit 1658, 927, 12.6964, 0
PixelHit 1658, 928, 30.2904, 0
PixelHit 1658, 929, 49.3684, 0
PixelHit 1658, 930, 27.0416, 0
PixelHit 1658, 931, 11.3425, 0
PixelHit 1659, 926, 4.66023, 0
PixelHit 1659, 927, 26.0691, 0
PixelHit 1659, 928, 59.8695, 0
PixelHit 1659, 929, 59.8691, 0
PixelHit 1659, 930, 32.8351, 0
PixelHit 1659, 931, 7.8943, 0
PixelHit 1660, 926, 1.495, 0
PixelHit 1660, 927, 35.3895, 0
PixelHit 1660, 928, 64.6168, 0
PixelHit 1660, 929, 49.7234, 0
PixelHit 1660, 930, 32.2422, 0
PixelHit 1660, 931, 2.97917, 0
PixelHit 1661, 926, 12.3687, 0
PixelHit 1661, 927, 29.9885, 0
PixelHit 1661, 928, 55.2494, 0
PixelHit 1661, 929, 31.7606, 0
PixelHit 1661, 930, 7.68702, 0
PixelHit 1661, 931, 4.36112, 0
PixelHit 1662, 925, 1.90691, 0
PixelHit 1662, 926, 6.90958, 0
PixelHit 1662, 927, 17.8414, 0
PixelHit 1662, 928, 28.4289, 0
PixelHit 1662, 929, 12.3343, 0
PixelHit 1662, 930, 8.96737, 0
PixelHit 1663, 925, 6.50012, 0
PixelHit 1663, 926, 6.56489, 0
PixelHit 1663, 927, 9.92192, 0
PixelHit 1663, 928, 17.1951, 0
PixelHit 1663, 929, 9.67247, 0
PixelHit 1663, 930, 3.4232, 0
PixelHit 1664, 923, 0.865063, 0
PixelHit 1664, 925, 2.40324, 0
PixelHit 1664, 926, 14.7203, 0
PixelHit 1664, 927, 13.5966, 0
PixelHit 1664, 928, 12.1156, 0
PixelHit 1664, 929, 6.33689, 0
PixelHit 1665, 924, 0.544352, 0
PixelHit 1665, 925, 3.27777, 0
PixelHit 1665, 926, 14.5408, 0
PixelHit 1665, 927, 14.5887, 0
PixelHit 1665, 928, 15.0277, 0
PixelHit 1665, 929, 2.11362, 0
PixelHit 1666, 925, 3.39648, 0
PixelHit 1666, 926, 3.02434, 0
PixelHit 1666, 927, 9.89526, 0
PixelHit 1666, 928, 4.18811, 0
PixelHit 1667, 926, 2.30508, 0
PixelHit 1668, 925, 3.29528, 0
PixelHit 2028, 238, 2.22501, 0
PixelHit 2028, 239, 20.597, 0
PixelHit 2029, 238, 46.7661, 0
PixelHit 2029, 239, 335.435, 0
PixelHit 2029, 240, 5.78806, 0
PixelHit 2030, 237, 2.11793, 0
PixelHit 2030, 238, 6.86611, 0
PixelHit 2030, 239, 7.76769, 0
PixelHit 2031, 237, 4.64561, 0
PixelHit 2031, 238, 75.1741, 0
PixelHit 2031, 239, 15.3761, 0
PixelHit 2032, 236, 3.20622, 0
PixelHit 2032, 237, 42.8909, 0
PixelHit 2032, 238, 164.456, 0
PixelHit 2032, 239, 16.5369, 0
PixelHit 2033, 237, 268.074, 0
PixelHit 2033, 238, 430.378, 0
PixelHit 2033, 239, 22.7277, 0
PixelHit 2034, 235, 3.38887, 0
PixelHit 2034, 236, 50.3425, 0
PixelHit 2034, 237, 369.912, 0
PixelHit 2034, 238, 244.08, 0
PixelHit 2034, 239, 13.0667, 0
PixelHit 2035, 236, 88.2525, 0
PixelHit 2035, 237, 537.706, 0
PixelHit 2035, 238, 198.08, 0
PixelHit 2035, 239, 7.17688, 0
PixelHit 2036, 236, 12.2862, 0
PixelHit 2036, 237, 78.9228, 0
PixelHit 2036, 238, 24.0848, 0
PixelHit 2037, 235, 6.94557, 0
PixelHit 2037, 236, 26.1993, 0
PixelHit 2037, 237, 19.5974, 0
PixelHit 2037, 238, 1.59776, 0
PixelHit 2038, 235, 8.63557, 0
PixelHit 2038, 236, 46.297, 0
PixelHit 2038, 237, 19.4417, 0
PixelHit 2039, 234, 2.4458, 0
PixelHit 2039, 235, 7.75118, 0
PixelHit 2039, 236, 25.7861, 0
PixelHit 2039, 237, 9.50792, 0
PixelHit 2040, 235, 23.0598, 0
PixelHit 2040, 236, 21.4318, 0
PixelHit 2040, 237, 7.45807, 0
PixelHit 2041, 234, 5.87262, 0
PixelHit 2041, 235, 32.6434, 0
PixelHit 2041, 236, 21.6118, 0
PixelHit 2041, 237, 7.52157, 0
PixelHit 2042, 233, 2.30084, 0
PixelHit 2042, 234, 8.09425, 0
PixelHit 2042, 235, 24.2075, 0
PixelHit 2042, 236, 14.171, 0
PixelHit 2042, 237, 2.19911, 0
PixelHit 2043, 233, 3.45742, 0
PixelHit 2043, 234, 22.6071, 0
PixelHit 2043, 235, 28.1586, 0
PixelHit 2043, 236, 11.3285, 0
PixelHit 2044, 233, 7.81414, 0
PixelHit 2044, 234, 34.6881, 0
PixelHit 2044, 235, 43.6326, 0
PixelHit 2044, 236, 4.89022, 0
PixelHit 2044, 237, 3.38784, 0
PixelHit 2045, 233, 8.06843, 0
PixelHit 2045, 234, 34.4182, 0
PixelHit 2045, 235, 37.9036, 0
PixelHit 2045, 236, 4.40921, 0
PixelHit 2045, 237, 1.25405, 0
PixelHit 2046, 232, 6.53953, 0
PixelHit 2046, 233, 28.9359, 0
PixelHit 2046, 234, 42.6386, 0
PixelHit 2046, 235, 21.0574, 0
PixelHit 2046, 236, 5.0151, 0
PixelHit 2047, 231, 2.27359, 0
PixelHit 2047, 232, 12.31, 0
PixelHit 2047, 233, 69.3418, 0
PixelHit 2047, 234, 85.7218, 0
PixelHit 2047, 235, 27.6106, 0
PixelHit 2047, 236, 3.02291, 0
PixelHit 2048, 232, 20.8907, 0
PixelHit 2048, 233, 77.4772, 0
PixelHit 2048, 234, 92.8503, 0
PixelHit 2048, 235, 37.1447, 0
PixelHit 2048, 236, 1.74364, 0
PixelHit 2049, 232, 8.78672, 0
PixelHit 2049, 233, 44.1655, 0
PixelHit 2049, 234, 27.6034, 0
PixelHit 2049, 235, 16.2253, 0
PixelHit 2049, 236, 1.21529, 0
PixelHit 2050, 232, 9.60097, 0
PixelHit 2050, 233, 5.58321, 0
PixelHit 2050, 234, 12.5704, 0
PixelHit 2050, 235, 3.80716, 0
PixelHit 2051, 231, 1.92794, 0
PixelHit 2051, 232, 8.75025, 0
PixelHit 2051, 233, 7.25882, 0
PixelHit 2051, 234, 3.77084, 0
PixelHit 2052, 231, 3.80901, 0
PixelHit 2052, 232, 13.0043, 0
PixelHit 2052, 233, 9.50312, 0
PixelHit 2053, 230, 3.30574, 0
PixelHit 2053, 231, 4.52353, 0
PixelHit 2053, 232, 10.3967, 0
PixelHit 2053, 233, 11.2473, 0
PixelHit 2053, 234, 1.00542, 0
PixelHit 2054, 230, 2.22607, 0
PixelHit 2054, 231, 2.76435, 0
PixelHit 2054, 232, 7.53609, 0
PixelHit 2054, 233, 0.27164, 0
PixelHit 2054, 234, 2.81341, 0
PixelHit 2055, 230, 4.73305, 0
PixelHit 2055, 231, 4.61472, 0
PixelHit 2055, 232, 7.83408, 0
PixelHit 2055, 233, 3.02762, 0
PixelHit 2055, 234, 1.82874, 0
PixelHit 2056, 229, 1.94606, 0
PixelHit 2056, 230, 6.02279, 0
PixelHit 2056, 231, 13.8624, 0
PixelHit 2056, 232, 11.5294, 0
PixelHit 2056, 233, 6.89685, 0
PixelHit 2057, 229, 1.06167, 0
PixelHit 2057, 230, 9.29841, 0
PixelHit 2057, 231, 13.2211, 0
PixelHit 2057, 232, 9.25687, 0
PixelHit 2057, 233, 1.9353, 0
PixelHit 2058, 227, 0.58169, 0
PixelHit 2058, 228, 2.15465, 0
PixelHit 2058, 229, 6.33304, 0
PixelHit 2058, 230, 19.9569, 0
PixelHit 2058, 231, 17.607, 0
PixelHit 2058, 232, 9.96139, 0
PixelHit 2058, 233, 0.986708, 0
PixelHit 2059, 228, 7.27429, 0
PixelHit 2059, 229, 17.7949, 0
PixelHit 2059, 230, 27.279, 0
PixelHit 2059, 231, 20.1279, 0
PixelHit 2059, 232, 5.12411, 0
PixelHit 2059, 233, 1.30197, 0
PixelHit 2060, 227, 2.88292, 0
PixelHit 2060, 228, 7.39489, 0
PixelHit 2060, 229, 20.6825, 0
PixelHit 2060, 230, 39.9476, 0
PixelHit 2060, 231, 39.2861, 0
PixelHit 2060, 232, 13.0092, 0
PixelHit 2060, 233, 3.58477, 0
PixelHit 2061, 226, 2.16489, 0
PixelHit 2061, 228, 9.02062, 0
PixelHit 2061, 229, 29.1454, 0
PixelHit 2061, 230, 35.9397, 0
PixelHit 2061, 231, 20.8831, 0
PixelHit 2061, 232, 15.6858, 0
PixelHit 2062, 227, 1.65619, 0
PixelHit 2062, 228, 14.5492, 0
PixelHit 2062, 229, 17.6093, 0
PixelHit 2062, 230, 23.5489, 0
PixelHit 2062, 231, 15.2811, 0
PixelHit 2062, 232, 5.748, 0
PixelHit 2063, 227, 2.85559, 0
PixelHit 2063, 228, 11.2756, 0
PixelHit 2063, 229, 16.3974, 0
PixelHit 2063, 230, 16.7522, 0
PixelHit 2063, 231, 3.64855, 0
PixelHit 2064, 226, 1.08054, 0
PixelHit 2064, 227, 4.36057, 0
PixelHit 2064, 228, 17.2402, 0
PixelHit 2064, 229, 20.2368, 0
PixelHit 2064, 230, 11.8782, 0
PixelHit 2064, 232, 2.011, 0
PixelHit 2065, 226, 4.28496, 0
PixelHit 2065, 227, 7.54146, 0
PixelHit 2065, 228, 11.498, 0
PixelHit 2065, 229, 20.7212, 0
PixelHit 2065, 230, 17.9674, 0
PixelHit 2065, 231, 7.26848, 0
PixelHit 2066, 225, 0.988019, 0
PixelHit 2066, 227, 3.16628, 0
PixelHit 2066, 228, 1.23928, 0
PixelHit 2066, 229, 11.4494, 0
PixelHit 2066, 230, 7.47191, 0
PixelHit 2067, 226, 2.39968, 0
PixelHit 2067, 227, 4.20338, 0
PixelHit 2067, 228, 3.11602, 0
PixelHit 2067, 229, 9.12008, 0
PixelHit 2067, 230, 4.03761, 0
PixelHit 2068, 228, 3.30855, 0
PixelHit 2068, 229, 1.78433, 0
PixelHit 2068, 230, 1.24325, 0
=== 15 ===
=== 16 ===
=== 17 ===
=== 18 ===
=== 19 ===
=== 20 ===
=== 21 ===
=== 22 ===
=== 23 ===
=== 24 ===
=== 25 ===
=== 26 ===
=== 27 ===
=== 28 ===
=== 29 ===
=== 30 ===
=== 31 ===
=== 32 ===
=== 33 ===
=== 34 ===
=== 35 ===
=== 36 ===
=== 37 ===
--- mydetector ---
PixelHit 1248, 1014, 2.75239, 0
PixelHit 1249, 1013, 13.0491, 0
PixelHit 1249, 1014, 42.8526, 0
PixelHit 1250, 1012, 4.78904, 0
PixelHit 1250, 1013, 81.5213, 0
PixelHit 1250, 1014, 5.48002, 0
PixelHit 1251, 1012, 4.32052, 0
PixelHit 1251, 1013, 69.2735, 0
PixelHit 1251, 1014, 3.50412, 0
PixelHit 1252, 1012, 28.2775, 0
PixelHit 1252, 1013, 19.9325, 0
PixelHit 1253, 1011, 15.5358, 0
PixelHit 1253, 1012, 91.1964, 0
PixelHit 1253, 1013, 11.6298, 0
PixelHit 1254, 1011, 22.435, 0
PixelHit 1254, 1012, 50.0362, 0
PixelHit 1254, 1013, 9.17149, 0
PixelHit 1255, 1010, 10.2912, 0
PixelHit 1255, 1011, 84.4597, 0
PixelHit 1255, 1012, 51.4507, 0
PixelHit 1255, 1013, 2.03684, 0
PixelHit 1256, 1010, 24.9445, 0
PixelHit 1256, 1011, 79.0485, 0
PixelHit 1256, 1012, 30.0211, 0
PixelHit 1257, 1009, 1.86235, 0
PixelHit 1257, 1010, 20.4546, 0
PixelHit 1257, 1011, 54.3496, 0
PixelHit 1257, 1012, 8.35797, 0
PixelHit 1258, 1009, 12.0848, 0
PixelHit 1258, 1010, 76.7542, 0
PixelHit 1258, 1011, 22.7546, 0
PixelHit 1258, 1012, 1.61854, 0
PixelHit 1259, 1009, 22.1844, 0
PixelHit 1259, 1010, 56.3375, 0
PixelHit 1259, 1011, 21.7373, 0
PixelHit 1260, 1009, 7.54875, 0
PixelHit 1260, 1010, 22.6018, 0
PixelHit 1260, 1011, 3.27112, 0
PixelHit 1261, 1008, 4.17201, 0
PixelHit 1261, 1009, 10.623, 0
PixelHit 1261, 1010, 5.43738, 0
PixelHit 1261, 1011, -0.0607956, 0
PixelHit 1262, 1007, 4.76052, 0
PixelHit 1262, 1008, 14.6386, 0
PixelHit 1262, 1009, 13.9136, 0
PixelHit 1262, 1010, 5.31604, 0
PixelHit 1263, 1006, 2.73921, 0
PixelHit 1263, 1007, 8.71946, 0
PixelHit 1263, 1008, 18.3395, 0
PixelHit 1263, 1009, 15.1715, 0
PixelHit 1263, 1010, 2.53241, 0
PixelHit 1264, 1006, 2.2117, 0
PixelHit 1264, 1007, 9.1684, 0
PixelHit 1264, 1008, 27.6292, 0
PixelHit 1264, 1009, 21.4581, 0
PixelHit 1264, 1010, 2.14046, 0
PixelHit 1265, 1006, 2.60168, 0
PixelHit 1265, 1007, 8.32453, 0
PixelHit 1265, 1008, 12.8855, 0
PixelHit 1265, 1009, 2.39002, 0
PixelHit 1266, 1006, 9.45678, 0
PixelHit 1266, 1007, 12.8333, 0
PixelHit 1266, 1008, 11.0731, 0
PixelHit 1266, 1009, 3.21338, 0
PixelHit 1267, 1005, 2.64592, 0
PixelHit 1267, 1006, 14.6806, 0
PixelHit 1267, 1007, 11.0426, 0
PixelHit 1267, 1008, 12.2373, 0
PixelHit 1267, 1009, 3.75687, 0
PixelHit 1268, 1004, 1.42356, 0
PixelHit 1268, 1005, 6.25042, 0
PixelHit 1268, 1006, 17.1087, 0
PixelHit 1268, 1007, 16.212, 0
PixelHit 1268, 1008, 5.35878, 0
PixelHit 1269, 1003, 0.0212373, 0
PixelHit 1269, 1004, 2.23233, 0
PixelHit 1269, 1005, 12.933, 0
PixelHit 1269, 1006, 33.659, 0
PixelHit 1269, 1007, 13.1813, 0
PixelHit 1269, 1008, 5.62704, 0
PixelHit 1270, 1005, 16.8182, 0
PixelHit 1270, 1006, 21.5448, 0
PixelHit 1270, 1007, 14.9225, 0
PixelHit 1270, 1008, 4.14478, 0
PixelHit 1271, 1003, 3.03861, 0
PixelHit 1271, 1004, 6.39655, 0
PixelHit 1271, 1005, 14.8915, 0
PixelHit 1271, 1006, 13.3808, 0
PixelHit 1272, 1003, 7.96992, 0
PixelHit 1272, 1004, 24.7241, 0
PixelHit 1272, 1005, 29.0021, 0
PixelHit 1272, 1006, 6.50488, 0
PixelHit 1273, 1002, 2.41593, 0
PixelHit 1273, 1003, 13.4338, 0
PixelHit 1273, 1004, 35.5777, 0
PixelHit 1273, 1005, 38.0695, 0
PixelHit 1273, 1006, 11.1887, 0
PixelHit 1273, 1007, 3.85638, 0
PixelHit 1274, 1002, 1.75463, 0
PixelHit 1274, 1003, 13.0208, 0
PixelHit 1274, 1004, 27.8239, 0
PixelHit 1274, 1005, 35.4734, 0
PixelHit 1274, 1006, 11.9636, 0
PixelHit 1275, 1002, 2.45834, 0
PixelHit 1275, 1003, 18.0748, 0
PixelHit 1275, 1004, 32.7402, 0
PixelHit 1275, 1005, 7.94848, 0
PixelHit 1275, 1006, 2.23203, 0
PixelHit 1275, 1007, 2.71256, 0
PixelHit 1276, 1002, 14.971, 0
PixelHit 1276, 1003, 44.848, 0
PixelHit 1276, 1004, 30.077, 0
PixelHit 1276, 1005, 12.461, 0
PixelHit 1276, 1006, 2.18377, 0
PixelHit 1277, 1001, 0.707053, 0
PixelHit 1277, 1002, 16.4429, 0
PixelHit 1277, 1003, 40.0964, 0
PixelHit 1277, 1004, 27.1991, 0
PixelHit 1277, 1005, 10.512, 0
PixelHit 1277, 1006, 3.06684, 0
PixelHit 1278, 1002, 14.5081, 0
PixelHit 1278, 1003, 27.3488, 0
PixelHit 1278, 1004, 21.7935, 0
PixelHit 1278, 1005, 4.83043, 0
PixelHit 1279, 1001, 1.69779, 0
PixelHit 1279, 1002, 9.49964, 0
PixelHit 1279, 1003, 12.3856, 0
PixelHit 1279, 1004, 2.45829, 0
PixelHit 1280, 1000, 2.90415, 0
PixelHit 1280, 1001, 7.44785, 0
PixelHit 1280, 1002, 21.947, 0
PixelHit 1280, 1003, 6.42413, 0
PixelHit 1280, 1004, 3.61151, 0
PixelHit 1280, 1005, 4.16005, 0
PixelHit 1281, 1000, 8.8713, 0
PixelHit 1281, 1001, 11.3154, 0
PixelHit 1281, 1002, 24.8272, 0
PixelHit 1281, 1003, 5.60347, 0
PixelHit 1281, 1004, 0.710277, 0
PixelHit 1282, 998, 1.92997, 0
PixelHit 1282, 999, 3.49487, 0
PixelHit 1282, 1000, 14.0829, 0
PixelHit 1282, 1001, 25.1565, 0
PixelHit 1282, 1002, 19.815, 0
PixelHit 1282, 1003, 3.08884, 0
PixelHit 1283, 999, 9.6762, 0
PixelHit 1283, 1000, 18.329, 0
PixelHit 1283, 1001, 19.847, 0
PixelHit 1283, 1002, 19.8163, 0
PixelHit 1283, 1003, 6.01668, 0
PixelHit 1283, 1004, 0.866751, 0
PixelHit 1284, 997, 1.54914, 0
PixelHit 1284, 998, 4.3363, 0
PixelHit 1284, 999, 3.98809, 0
PixelHit 1284, 1000, 6.447, 0
PixelHit 1284, 1001, 20.103, 0
PixelHit 1284, 1002, 7.67974, 0
PixelHit 1285, 999, 9.65931, 0
PixelHit 1285, 1000, 7.31732, 0
PixelHit 1285, 1001, 11.3014, 0
PixelHit 1285, 1002, 2.26624, 0
PixelHit 1286, 998, 9.37599, 0
PixelHit 1286, 999, 11.6357, 0
PixelHit 1286, 1000, 22.7334, 0
PixelHit 1286, 1001, 9.03844, 0
PixelHit 1286, 1002, 3.90948, 0
PixelHit 1287, 997, 3.81355, 0
PixelHit 1287, 998, 15.5947, 0
PixelHit 1287, 999, 23.9613, 0
PixelHit 1287, 1000, 23.4112, 0
PixelHit 1287, 1001, 10.3288, 0
PixelHit 1287, 1002, 5.02771, 0
PixelHit 1287, 1003, 1.61245, 0
PixelHit 1288, 996, 2.56885, 0
PixelHit 1288, 997, 11.0652, 0
PixelHit 1288, 998, 26.7068, 0
PixelHit 1288, 999, 44.2805, 0
PixelHit 1288, 1000, 24.1272, 0
PixelHit 1288, 1001, 9.48459, 0
PixelHit 1289, 996, 0.858, 0
PixelHit 1289, 997, 17.7317, 0
PixelHit 1289, 998, 47.916, 0
PixelHit 1289, 999, 59.7952, 0
PixelHit 1289, 1000, 40.6595, 0
PixelHit 1289, 1001, 13.1303, 0
PixelHit 1289, 1002, 2.2505, 0
PixelHit 1289, 1004, 1.99825, 0
PixelHit 1290, 996, 4.02308, 0
PixelHit 1290, 997, 19.7244, 0
PixelHit 1290, 998, 49.1217, 0
PixelHit 1290, 999, 39.497, 0
PixelHit 1290, 1000, 26.7789, 0
PixelHit 1290, 1001, 11.6699, 0
PixelHit 1291, 996, 4.10366, 0
PixelHit 1291, 997, 13.3106, 0
PixelHit 1291, 998, 26.9518, 0
PixelHit 1291, 999, 26.5344, 0
PixelHit 1291, 1000, 16.4152, 0
PixelHit 1291, 1001, 1.54797, 0
PixelHit 1292, 996, 6.70137, 0
PixelHit 1292, 997, 12.9913, 0
PixelHit 1292, 998, 13.009, 0
PixelHit 1292, 999, 9.37475, 0
PixelHit 1292, 1000, 2.74443, 0
PixelHit 1293, 996, 10.493, 0
PixelHit 1293, 997, 9.33885, 0
PixelHit 1293, 998, 14.6683, 0
PixelHit 1293, 999, 3.49338, 0
PixelHit 1293, 1000, 3.10387, 0
PixelHit 1294, 995, 4.68408, 0
PixelHit 1294, 996, 3.85545, 0
PixelHit 1294, 997, 10.4591, 0
PixelHit 1294, 998, 8.43558, 0
PixelHit 1294, 999, 0.949103, 0
PixelHit 1295, 996, 1.57858, 0
PixelHit 1295, 998, 3.1172, 0
PixelHit 1295, 999, 1.887, 0
PixelHit 1295, 1000, 3.28041, 0
PixelHit 1296, 996, 1.51732, 0
=== 38 ===
=== 39 ===
=== 40 ===
=== 41 ===
=== 42 ===
=== 43 ===
--- mydetector ---
PixelHit 1301, 960, 2.48352, 0
PixelHit 1301, 961, 6.56691, 0
PixelHit 1302, 960, 9.5737, 0
PixelHit 1302, 961, 60.6466, 0
PixelHit 1303, 960, 2.38662, 0
PixelHit 1303, 961, 13.3894, 0
PixelHit 1303, 962, 1.71882, 0
PixelHit 1304, 960, 11.368, 0
PixelHit 1304, 961, 3.85233, 0
PixelHit 1305, 958, 1.29047, 0
PixelHit 1305, 959, 2.83939, 0
PixelHit 1305, 960, 14.7297, 0
PixelHit 1306, 958, 3.11169, 0
PixelHit 1306, 959, 35.0398, 0
PixelHit 1306, 960, 30.6949, 0
PixelHit 1307, 958, 2.42284, 0
PixelHit 1307, 959, 25.3686, 0
PixelHit 1307, 960, 10.9569, 0
PixelHit 1308, 957, 0.096523, 0
PixelHit 1308, 958, 18.3153, 0
PixelHit 1308, 959, 27.0322, 0
PixelHit 1308, 960, 1.31991, 0
PixelHit 1309, 957, 11.7988, 0
PixelHit 1309, 958, 83.0966, 0
PixelHit 1309, 959, 51.2215, 0
PixelHit 1310, 957, 30.5464, 0
PixelHit 1310, 958, 91.1215, 0
PixelHit 1310, 959, 31.0565, 0
PixelHit 1311, 956, 1.63852, 0
PixelHit 1311, 957, 44.4268, 0
PixelHit 1311, 958, 71.358, 0
PixelHit 1311, 959, 12.2757, 0
PixelHit 1311, 960, 2.02639, 0
PixelHit 1312, 956, 6.63156, 0
PixelHit 1312, 957, 26.6613, 0
PixelHit 1312, 958, 20.2983, 0
PixelHit 1312, 959, 3.62613, 0
PixelHit 1313, 955, 4.26371, 0
PixelHit 1313, 956, 39.1223, 0
PixelHit 1313, 957, 59.7654, 0
PixelHit 1313, 958, 11.5902, 0
PixelHit 1313, 959, 1.60053, 0
PixelHit 1314, 954, 3.54078, 0
PixelHit 1314, 955, 48.2289, 0
PixelHit 1314, 956, 375.354, 0
PixelHit 1314, 957, 423.428, 0
PixelHit 1314, 958, 90.5026, 0
PixelHit 1314, 959, 1.93561, 0
PixelHit 1315, 954, 3.31277, 0
PixelHit 1315, 955, 110.271, 0
PixelHit 1315, 956, 625.674, 0
PixelHit 1315, 957, 748.635, 0
PixelHit 1315, 958, 137.339, 0
PixelHit 1315, 959, 4.09405, 0
PixelHit 1316, 954, 2.14383, 0
PixelHit 1316, 955, 56.4656, 0
PixelHit 1316, 956, 205.986, 0
PixelHit 1316, 957, 215.038, 0
PixelHit 1316, 958, 65.7778, 0
PixelHit 1316, 959, 1.72686, 0
PixelHit 1317, 954, 2.83894, 0
PixelHit 1317, 955, 21.7297, 0
PixelHit 1317, 956, 20.7985, 0
PixelHit 1317, 957, 19.2952, 0
PixelHit 1318, 953, 1.02409, 0
PixelHit 1318, 954, 6.27829, 0
PixelHit 1318, 955, 20.8667, 0
PixelHit 1318, 956, 13.1267, 0
PixelHit 1318, 957, 5.26425, 0
PixelHit 1319, 953, 3.07482, 0
PixelHit 1319, 954, 13.0412, 0
PixelHit 1319, 955, 19.8497, 0
PixelHit 1319, 956, 9.75316, 0
PixelHit 1320, 952, 5.20375, 0
PixelHit 1320, 953, 11.7398, 0
PixelHit 1320, 954, 27.4331, 0
PixelHit 1320, 955, 14.4026, 0
PixelHit 1320, 956, 4.28422, 0
PixelHit 1321, 950, 0.995622, 0
PixelHit 1321, 952, 9.16322, 0
PixelHit 1321, 953, 75.6524, 0
PixelHit 1321, 954, 90.7685, 0
PixelHit 1321, 955, 45.9348, 0
PixelHit 1321, 956, 7.67064, 0
PixelHit 1322, 951, 1.86423, 0
PixelHit 1322, 952, 24.1471, 0
PixelHit 1322, 953, 93.9922, 0
PixelHit 1322, 954, 117.696, 0
PixelHit 1322, 955, 56.773, 0
PixelHit 1322, 956, 6.73847, 0
PixelHit 1323, 952, 12.7723, 0
PixelHit 1323, 953, 47.9076, 0
PixelHit 1323, 954, 58.1487, 0
PixelHit 1323, 955, 26.7883, 0
PixelHit 1323, 956, 3.81754, 0
PixelHit 1324, 951, 1.77755, 0
PixelHit 1324, 952, 7.28177, 0
PixelHit 1324, 953, 17.6927, 0
PixelHit 1324, 954, 13.9059, 0
PixelHit 1325, 951, 1.80934, 0
PixelHit 1325, 952, 12.9635, 0
PixelHit 1325, 953, 10.8738, 0
PixelHit 1325, 954, 5.26811, 0
PixelHit 1326, 950, 3.32368, 0
PixelHit 1326, 951, 8.46139, 0
PixelHit 1326, 952, 18.8268, 0
PixelHit 1326, 953, 8.91055, 0
PixelHit 1326, 954, 5.63978, 0
PixelHit 1327, 950, 1.39691, 0
PixelHit 1327, 951, 12.8672, 0
PixelHit 1327, 952, 10.2739, 0
PixelHit 1327, 953, 9.00837, 0
PixelHit 1327, 954, 4.54612, 0
PixelHit 1328, 950, 4.1203, 0
PixelHit 1328, 951, 11.8717, 0
PixelHit 1328, 952, 15.4295, 0
PixelHit 1328, 953, 6.99355, 0
PixelHit 1329, 950, 6.48987, 0
PixelHit 1329, 951, 7.52609, 0
PixelHit 1329, 952, 9.12166, 0
PixelHit 1330, 949, 5.52699, 0
PixelHit 1330, 950, 10.9071, 0
PixelHit 1330, 951, 14.7765, 0
PixelHit 1330, 952, 2.25898, 0
PixelHit 1331, 948, 2.08032, 0
PixelHit 1331, 949, 10.7614, 0
PixelHit 1331, 950, 23.5395, 0
PixelHit 1331, 951, 17.4195, 0
PixelHit 1331, 952, 6.20036, 0
PixelHit 1332, 947, 2.47525, 0
PixelHit 1332, 948, 5.73497, 0
PixelHit 1332, 949, 14.6255, 0
PixelHit 1332, 950, 22.5542, 0
PixelHit 1332, 951, 13.0192, 0
PixelHit 1332, 952, 5.04517, 0
PixelHit 1333, 946, 2.67851, 0
PixelHit 1333, 947, 1.96924, 0
PixelHit 1333, 948, 12.2742, 0
PixelHit 1333, 949, 17.4728, 0
PixelHit 1333, 950, 22.2071, 0
PixelHit 1333, 951, 8.35802, 0
PixelHit 1333, 952, 2.19644, 0
PixelHit 1333, 953, 0.270091, 0
PixelHit 1334, 947, 3.84747, 0
PixelHit 1334, 948, 26.4558, 0
PixelHit 1334, 949, 31.6113, 0
PixelHit 1334, 950, 31.5778, 0
PixelHit 1334, 951, 7.96502, 0
PixelHit 1334, 952, 3.3874, 0
PixelHit 1335, 945, 1.01273, 0
PixelHit 1335, 946, 2.53855, 0
PixelHit 1335, 947, 12.0105, 0
PixelHit 1335, 948, 31.1711, 0
PixelHit 1335, 949, 45.6738, 0
PixelHit 1335, 950, 31.7489, 0
PixelHit 1335, 951, 5.90917, 0
PixelHit 1336, 947, 10.8181, 0
PixelHit 1336, 948, 45.6279, 0
PixelHit 1336, 949, 48.7164, 0
PixelHit 1336, 950, 17.1707, 0
PixelHit 1336, 951, 7.51367, 0
PixelHit 1336, 952, 0.202905, 0
PixelHit 1337, 946, 13.3293, 0
PixelHit 1337, 947, 21.4606, 0
PixelHit 1337, 948, 46.8392, 0
PixelHit 1337, 949, 41.2879, 0
PixelHit 1337, 950, 12.4872, 0
PixelHit 1338, 944, 1.59562, 0
PixelHit 1338, 945, 4.38514, 0
PixelHit 1338, 946, 17.5214, 0
PixelHit 1338, 947, 43.6848, 0
PixelHit 1338, 948, 43.7636, 0
PixelHit 1338, 949, 17.0201, 0
PixelHit 1338, 950, 5.66918, 0
PixelHit 1338, 951, 3.52201, 0
PixelHit 1339, 945, 7.2668, 0
PixelHit 1339, 946, 29.6173, 0
PixelHit 1339, 947, 68.6039, 0
PixelHit 1339, 948, 67.1576, 0
PixelHit 1339, 949, 25.9905, 0
PixelHit 1339, 950, 3.89088, 0
PixelHit 1340, 944, 1.36636, 0
PixelHit 1340, 945, 10.2497, 0
PixelHit 1340, 946, 48.2297, 0
PixelHit 1340, 947, 79.5413, 0
PixelHit 1340, 948, 55.2658, 0
PixelHit 1340, 949, 36.8228, 0
PixelHit 1340, 950, 5.88029, 0
PixelHit 1341, 945, 15.0117, 0
PixelHit 1341, 946, 38.4914, 0
PixelHit 1341, 947, 58.1626, 0
PixelHit 1341, 948, 46.6102, 0
PixelHit 1341, 949, 11.3312, 0
PixelHit 1341, 950, 5.51853, 0
PixelHit 1342, 944, 4.19511, 0
PixelHit 1342, 945, 13.1705, 0
PixelHit 1342, 946, 21.6854, 0
PixelHit 1342, 947, 29.1013, 0
PixelHit 1342, 948, 14.9997, 0
PixelHit 1342, 949, 12.3543, 0
PixelHit 1342, 950, 2.39951, 0
PixelHit 1342, 951, 1.31416, 0
PixelHit 1343, 944, 8.44047, 0
PixelHit 1343, 945, 10.1535, 0
PixelHit 1343, 946, 21.4616, 0
PixelHit 1343, 947, 14.484, 0
PixelHit 1343, 948, 9.67787, 0
PixelHit 1343, 949, 4.98966, 0
PixelHit 1344, 942, 1.25195, 0
PixelHit 1344, 943, 2.95758, 0
PixelHit 1344, 944, 16.985, 0
PixelHit 1344, 945, 30.4714, 0
PixelHit 1344, 946, 46.9244, 0
PixelHit 1344, 947, 22.3107, 0
PixelHit 1344, 948, 6.27033, 0
PixelHit 1345, 943, 2.83477, 0
PixelHit 1345, 944, 9.35104, 0
PixelHit 1345, 945, 37.6632, 0
PixelHit 1345, 946, 34.4489, 0
PixelHit 1345, 947, 25.5565, 0
PixelHit 1345, 948, 9.83849, 0
PixelHit 1346, 943, 2.91931, 0
PixelHit 1346, 944, 7.15055, 0
PixelHit 1346, 945, 21.215, 0
PixelHit 1346, 946, 23.4183, 0
PixelHit 1346, 947, 10.8198, 0
PixelHit 1347, 942, 0.702836, 0
PixelHit 1347, 943, 2.11666, 0
PixelHit 1347, 944, 2.54268, 0
PixelHit 1347, 945, 8.19142, 0
PixelHit 1347, 946, 3.48706, 0
PixelHit 1347, 947, 5.53473, 0
=== 44 ===
=== 45 ===
=== 46 ===
=== 47 ===
=== 48 ===
=== 49 ===
=== 50 ===
=== 51 ===
=== 52 ===
=== 53 ===
=== 54 ===
--- mydetector ---
PixelHit 1777, 1159, 6.00012, 0
PixelHit 1778, 1154, 1.22341, 0
PixelHit 1778, 1159, 121.377, 0
PixelHit 1778, 1160, 8.35514, 0
PixelHit 1779, 1153, 19.5156, 0
PixelHit 1779, 1154, 555.476, 0
PixelHit 1779, 1155, 41.3648, 0
PixelHit 1779, 1158, 17.8654, 0
PixelHit 1779, 1159, 56.4159, 0
PixelHit 1779, 1160, 3.8763, 0
PixelHit 1780, 1153, 42.0666, 0
PixelHit 1780, 1154, 2455.78, 0
PixelHit 1780, 1155, 455.414, 0
PixelHit 1780, 1156, 74.9014, 0
PixelHit 1780, 1157, 72.1559, 0
PixelHit 1780, 1158, 217.666, 0
PixelHit 1780, 1159, 76.8218, 0
PixelHit 1781, 1154, 64.3061, 0
PixelHit 1781, 1155, 406.859, 0
PixelHit 1781, 1156, 482.665, 0
PixelHit 1781, 1157, 495.418, 0
PixelHit 1781, 1158, 341.391, 0
PixelHit 1781, 1159, 2.49546, 0
PixelHit 1782, 1154, 1.57917, 0
PixelHit 1782, 1155, 1.72303, 0
PixelHit 1782, 1156, 13.7888, 0
PixelHit 1782, 1157, 69.024, 0
PixelHit 1782, 1158, 68.3831, 0
PixelHit 1782, 1159, 3.90022, 0
PixelHit 1783, 1156, 5.30588, 0
PixelHit 1783, 1157, 37.5283, 0
PixelHit 1783, 1158, 17.8639, 0
PixelHit 1784, 1155, 0.971915, 0
PixelHit 1784, 1156, 6.52676, 0
PixelHit 1784, 1157, 5.561, 0
PixelHit 1784, 1158, 2.57444, 0
PixelHit 1785, 1154, 2.85376, 0
PixelHit 1785, 1155, 37.5697, 0
PixelHit 1785, 1156, 58.2255, 0
PixelHit 1785, 1157, 15.6176, 0
PixelHit 1786, 1154, 6.78423, 0
PixelHit 1786, 1155, 132.599, 0
PixelHit 1786, 1156, 200.363, 0
PixelHit 1786, 1157, 25.8859, 0
PixelHit 1787, 1154, 11.6608, 0
PixelHit 1787, 1155, 101.173, 0
PixelHit 1787, 1156, 122.029, 0
PixelHit 1787, 1157, 11.7528, 0
PixelHit 1788, 1153, 0.266672, 0
PixelHit 1788, 1154, 31.102, 0
PixelHit 1788, 1155, 39.8337, 0
PixelHit 1788, 1156, 16.9814, 0
PixelHit 1788, 1157, 2.36234, 0
PixelHit 1789, 1153, 7.83823, 0
PixelHit 1789, 1154, 43.8958, 0
PixelHit 1789, 1155, 35.3439, 0
PixelHit 1789, 1156, 5.85992, 0
PixelHit 1790, 1152, 0.955647, 0
PixelHit 1790, 1153, 12.1149, 0
PixelHit 1790, 1154, 22.8439, 0
PixelHit 1790, 1155, 13.1069, 0
PixelHit 1791, 1152, 5.35663, 0
PixelHit 1791, 1153, 13.0957, 0
PixelHit 1791, 1154, 19.0287, 0
PixelHit 1792, 1151, 0.920644, 0
PixelHit 1792, 1152, 9.6, 0
PixelHit 1792, 1153, 11.3668, 0
PixelHit 1792, 1154, 9.46989, 0
PixelHit 1793, 1151, 2.85596, 0
PixelHit 1793, 1152, 16.5711, 0
PixelHit 1793, 1153, 8.2866, 0
PixelHit 1793, 1154, 9.99909, 0
PixelHit 1794, 1150, 3.79464, 0
PixelHit 1794, 1151, 8.30851, 0
PixelHit 1794, 1152, 15.7578, 0
PixelHit 1794, 1153, 11.3879, 0
PixelHit 1794, 1154, 2.33164, 0
PixelHit 1795, 1150, 2.5051, 0
PixelHit 1795, 1151, 29.6469, 0
PixelHit 1795, 1152, 35.4089, 0
PixelHit 1795, 1153, 8.80667, 0
PixelHit 1796, 1149, 4.67607, 0
PixelHit 1796, 1150, 17.7261, 0
PixelHit 1796, 1151, 41.166, 0
PixelHit 1796, 1152, 31.9733, 0
PixelHit 1796, 1153, 6.635, 0
PixelHit 1796, 1154, 2.35726, 0
PixelHit 1797, 1150, 14.9647, 0
PixelHit 1797, 1151, 34.3332, 0
PixelHit 1797, 1152, 21.3836, 0
PixelHit 1797, 1153, 4.89183, 0
PixelHit 1798, 1148, 3.17635, 0
PixelHit 1798, 1149, 3.91744, 0
PixelHit 1798, 1150, 15.9691, 0
PixelHit 1798, 1151, 18.2081, 0
PixelHit 1798, 1152, 3.64231, 0
PixelHit 1799, 1148, 1.58547, 0
PixelHit 1799, 1149, 12.1217, 0
PixelHit 1799, 1150, 16.1998, 0
PixelHit 1799, 1151, 9.68018, 0
PixelHit 1800, 1149, 3.20662, 0
PixelHit 1800, 1150, 8.27429, 0
PixelHit 1800, 1151, 7.38794, 0
PixelHit 1801, 1147, 0.558138, 0
PixelHit 1801, 1148, 2.93547, 0
PixelHit 1801, 1149, 6.46241, 0
PixelHit 1801, 1150, 2.63712, 0
PixelHit 1801, 1151, 5.26794, 0
PixelHit 1802, 1147, -0.0311294, 0
PixelHit 1802, 1148, 5.3311, 0
PixelHit 1802, 1149, 2.57067, 0
PixelHit 1802, 1150, 1.94177, 0
PixelHit 1803, 1147, 4.51962, 0
PixelHit 1803, 1148, 8.41606, 0
PixelHit 1803, 1149, 3.78009, 0
PixelHit 1804, 1146, 4.83342, 0
PixelHit 1804, 1147, 8.63259, 0
PixelHit 1804, 1148, 9.30421, 0
PixelHit 1804, 1149, 6.26532, 0
PixelHit 1805, 1144, 3.04933, 0
PixelHit 1805, 1145, 7.76736, 0
PixelHit 1805, 1146, 20.2513, 0
PixelHit 1805, 1147, 32.2661, 0
PixelHit 1805, 1148, 21.441, 0
PixelHit 1805, 1149, 2.81846, 0
PixelHit 1805, 1150, 1.76142, 0
PixelHit 1806, 1144, 4.70243, 0
PixelHit 1806, 1145, 18.5465, 0
PixelHit 1806, 1146, 52.5544, 0
PixelHit 1806, 1147, 47.5736, 0
PixelHit 1806, 1148, 24.5416, 0
PixelHit 1806, 1149, 7.48078, 0
PixelHit 1807, 1144, 3.05468, 0
PixelHit 1807, 1145, 16.6454, 0
PixelHit 1807, 1146, 44.5066, 0
PixelHit 1807, 1147, 50.0763, 0
PixelHit 1807, 1148, 27.7159, 0
PixelHit 1807, 1149, 6.02313, 0
PixelHit 1808, 1143, 2.98327, 0
PixelHit 1808, 1144, 7.48586, 0
PixelHit 1808, 1145, 11.1687, 0
PixelHit 1808, 1146, 21.4715, 0
PixelHit 1808, 1147, 33.3476, 0
PixelHit 1808, 1148, 12.8464, 0
PixelHit 1809, 1142, 1.68086, 0
PixelHit 1809, 1143, 3.65054, 0
PixelHit 1809, 1144, 10.596, 0
PixelHit 1809, 1145, 13.3804, 0
PixelHit 1809, 1146, 15.8622, 0
PixelHit 1809, 1147, 6.13999, 0
PixelHit 1809, 1148, 1.88119, 0
PixelHit 1810, 1142, 2.97758, 0
PixelHit 1810, 1143, 2.94589, 0
PixelHit 1810, 1144, 14.0877, 0
PixelHit 1810, 1145, 17.1015, 0
PixelHit 1810, 1146, 16.9645, 0
PixelHit 1810, 1147, 1.92434, 0
PixelHit 1811, 1141, 2.16533, 0
PixelHit 1811, 1143, 14.913, 0
PixelHit 1811, 1144, 19.5301, 0
PixelHit 1811, 1145, 17.3638, 0
PixelHit 1811, 1146, 6.00321, 0
PixelHit 1811, 1147, 5.08921, 0
PixelHit 1811, 1148, 2.67304, 0
PixelHit 1812, 1142, 3.8142, 0
PixelHit 1812, 1143, 18.7377, 0
PixelHit 1812, 1144, 22.8524, 0
PixelHit 1812, 1145, 26.0242, 0
PixelHit 1812, 1146, 5.39033, 0
PixelHit 1813, 1142, 9.66523, 0
PixelHit 1813, 1143, 24.0988, 0
PixelHit 1813, 1144, 31.3922, 0
PixelHit 1813, 1145, 23.3484, 0
PixelHit 1813, 1146, 10.5281, 0
PixelHit 1814, 1141, 3.46002, 0
PixelHit 1814, 1142, 13.9391, 0
PixelHit 1814, 1143, 13.9126, 0
PixelHit 1814, 1144, 36.7882, 0
PixelHit 1814, 1145, 10.8238, 0
PixelHit 1814, 1146, 4.60151, 0
PixelHit 1815, 1141, 3.99635, 0
PixelHit 1815, 1142, 15.0197, 0
PixelHit 1815, 1143, 20.6234, 0
PixelHit 1815, 1144, 11.5314, 0
PixelHit 1815, 1145, 6.87886, 0
PixelHit 1816, 1141, 7.92082, 0
PixelHit 1816, 1142, 10.4415, 0
PixelHit 1816, 1143, 6.5104, 0
PixelHit 1816, 1144, 4.84154, 0
PixelHit 1816, 1145, 2.82053, 0
PixelHit 1816, 1147, 1.33615, 0
PixelHit 1817, 1138, 2.2575, 0
PixelHit 1817, 1140, 3.33884, 0
PixelHit 1817, 1141, 5.25494, 0
PixelHit 1817, 1142, 11.9043, 0
PixelHit 1817, 1143, 6.85048, 0
PixelHit 1817, 1144, 5.28477, 0
PixelHit 1817, 1145, 1.27078, 0
PixelHit 1818, 1141, 5.80466, 0
PixelHit 1818, 1142, 5.15313, 0
PixelHit 1818, 1143, 4.0572, 0
PixelHit 1819, 1141, 1.9413, 0
PixelHit 1819, 1142, 2.35321, 0
PixelHit 1819, 1143, 3.14469, 0
PixelHit 1820, 1142, 1.53937, 0
PixelHit 1820, 1144, 1.03435, 0
PixelHit 1821, 1142, 2.09518, 0
=== 55 ===
=== 56 ===
=== 57 ===
=== 58 ===
=== 59 ===
=== 60 ===
=== 61 ===
=== 62 ===
=== 63 ===
--- mydetector ---
PixelHit 1276, 1137, 4.01151, 0
PixelHit 1276, 1138, 67.3839, 0
PixelHit 1276, 1139, 3.46968, 0
PixelHit 1277, 1137, 190.25, 0
PixelHit 1277, 1138, 324.863, 0
PixelHit 1277, 1139, 1.67263, 0
PixelHit 1278, 1136, 2.26016, 0
PixelHit 1278, 1137, 182.331, 0
PixelHit 1278, 1138, 169.663, 0
PixelHit 1279, 1136, 6.91691, 0
PixelHit 1279, 1137, 108.767, 0
PixelHit 1279, 1138, 8.85765, 0
PixelHit 1280, 1136, 25.6384, 0
PixelHit 1280, 1137, 24.4896, 0
PixelHit 1281, 1135, 8.06235, 0
PixelHit 1281, 1136, 81.9086, 0
PixelHit 1281, 1137, 14.2598, 0
PixelHit 1282, 1135, 17.3236, 0
PixelHit 1282, 1136, 78.8157, 0
PixelHit 1282, 1137, 11.7651, 0
PixelHit 1283, 1135, 19.3028, 0
PixelHit 1283, 1136, 13.8639, 0
PixelHit 1284, 1134, 8.11257, 0
PixelHit 1284, 1135, 7.41908, 0
PixelHit 1285, 1133, 7.54229, 0
PixelHit 1285, 1134, 41.4243, 0
PixelHit 1285, 1135, 40.4429, 0
PixelHit 1285, 1136, 3.71152, 0
PixelHit 1286, 1133, 12.9741, 0
PixelHit 1286, 1134, 63.6669, 0
PixelHit 1286, 1135, 37.9069, 0
PixelHit 1286, 1136, 5.32555, 0
PixelHit 1287, 1133, 10.9876, 0
PixelHit 1287, 1134, 40.0655, 0
PixelHit 1287, 1135, 27.8535, 0
PixelHit 1288, 1133, 7.7886, 0
PixelHit 1288, 1134, 9.87921, 0
PixelHit 1289, 1132, 5.34599, 0
PixelHit 1289, 1133, 12.6351, 0
PixelHit 1289, 1134, 2.54526, 0
PixelHit 1290, 1131, 2.49242, 0
PixelHit 1290, 1132, 14.9477, 0
PixelHit 1290, 1133, 13.4199, 0
PixelHit 1290, 1134, 7.47089, 0
PixelHit 1291, 1130, 1.79321, 0
PixelHit 1291, 1131, 8.28238, 0
PixelHit 1291, 1132, 12.8189, 0
PixelHit 1291, 1133, 9.47757, 0
PixelHit 1291, 1134, 0.748189, 0
PixelHit 1292, 1130, 6.48287, 0
PixelHit 1292, 1131, 20.4216, 0
PixelHit 1292, 1132, 16.1674, 0
PixelHit 1292, 1133, 7.44368, 0
PixelHit 1293, 1130, 11.9633, 0
PixelHit 1293, 1131, 51.6247, 0
PixelHit 1293, 1132, 34.064, 0
PixelHit 1293, 1133, 10.8298, 0
PixelHit 1293, 1134, 2.94843, 0
PixelHit 1294, 1130, 10.0256, 0
PixelHit 1294, 1131, 33.4187, 0
PixelHit 1294, 1132, 26.3287, 0
PixelHit 1294, 1133, 6.81992, 0
PixelHit 1295, 1128, 2.00637, 0
PixelHit 1295, 1129, 3.89226, 0
PixelHit 1295, 1130, 9.26645, 0
PixelHit 1295, 1131, 8.16506, 0
PixelHit 1295, 1132, 10.2883, 0
PixelHit 1295, 1133, 2.58235, 0
PixelHit 1296, 1129, 13.5471, 0
PixelHit 1296, 1130, 18.3017, 0
PixelHit 1296, 1131, 15.7728, 0
PixelHit 1296, 1132, 2.08078, 0
PixelHit 1297, 1128, 3.59626, 0
PixelHit 1297, 1129, 17.3208, 0
PixelHit 1297, 1130, 27.3993, 0
PixelHit 1297, 1131, 15.0978, 0
PixelHit 1297, 1132, 7.22947, 0
PixelHit 1298, 1129, 6.48547, 0
PixelHit 1298, 1130, 24.7765, 0
PixelHit 1298, 1131, 7.47601, 0
PixelHit 1299, 1127, 0.485081, 0
PixelHit 1299, 1128, 3.47013, 0
PixelHit 1299, 1129, 4.58095, 0
PixelHit 1299, 1131, 3.96367, 0
PixelHit 1300, 1126, 3.74295, 0
PixelHit 1300, 1127, 13.7816, 0
PixelHit 1300, 1128, 30.5151, 0
PixelHit 1300, 1129, 33.0329, 0
PixelHit 1300, 1130, 7.62693, 0
PixelHit 1300, 1131, 2.31843, 0
PixelHit 1301, 1126, 5.13535, 0
PixelHit 1301, 1127, 49.946, 0
PixelHit 1301, 1128, 90.2431, 0
PixelHit 1301, 1129, 86.8291, 0
PixelHit 1301, 1130, 24.5517, 0
PixelHit 1301, 1131, 2.14776, 0
PixelHit 1302, 1126, 8.18303, 0
PixelHit 1302, 1127, 53.5625, 0
PixelHit 1302, 1128, 121.254, 0
PixelHit 1302, 1129, 102.899, 0
PixelHit 1302, 1130, 21.2773, 0
PixelHit 1302, 1131, 3.14953, 0
PixelHit 1303, 1126, 6.41775, 0
PixelHit 1303, 1127, 40.9767, 0
PixelHit 1303, 1128, 64.5408, 0
PixelHit 1303, 1129, 30.3634, 0
PixelHit 1303, 1130, 12.9752, 0
PixelHit 1304, 1125, 0.629795, 0
PixelHit 1304, 1126, 14.9978, 0
PixelHit 1304, 1127, 23.6654, 0
PixelHit 1304, 1128, 31.7587, 0
PixelHit 1304, 1129, 16.6915, 0
PixelHit 1304, 1130, 3.36166, 0
PixelHit 1305, 1125, 3.94309, 0
PixelHit 1305, 1126, 13.3924, 0
PixelHit 1305, 1127, 16.4505, 0
PixelHit 1305, 1128, 16.6979, 0
PixelHit 1305, 1129, 4.23283, 0
PixelHit 1306, 1124, 2.15604, 0
PixelHit 1306, 1125, 6.90832, 0
PixelHit 1306, 1126, 10.3294, 0
PixelHit 1306, 1127, 23.0163, 0
PixelHit 1306, 1128, 6.84612, 0
PixelHit 1307, 1125, 8.99043, 0
PixelHit 1307, 1126, 14.1028, 0
PixelHit 1307, 1127, 5.42964, 0
PixelHit 1308, 1124, 3.28275, 0
PixelHit 1308, 1125, 6.02614, 0
PixelHit 1308, 1126, 17.3966, 0
PixelHit 1308, 1127, 7.94286, 0
PixelHit 1308, 1128, 2.55593, 0
PixelHit 1309, 1123, 1.46416, 0
PixelHit 1309, 1124, 13.5831, 0
PixelHit 1309, 1125, 8.25812, 0
PixelHit 1309, 1126, 8.23577, 0
PixelHit 1309, 1127, 2.6662, 0
PixelHit 1310, 1123, 5.12557, 0
PixelHit 1310, 1124, 11.6428, 0
PixelHit 1310, 1125, 17.7324, 0
PixelHit 1310, 1126, 18.0502, 0
PixelHit 1310, 1127, 3.60501, 0
PixelHit 1310, 1128, 0.107183, 0
PixelHit 1311, 1123, 5.55395, 0
PixelHit 1311, 1124, 27.9587, 0
PixelHit 1311, 1125, 18.4129, 0
PixelHit 1311, 1126, 13.4475, 0
PixelHit 1312, 1122, 4.56575, 0
PixelHit 1312, 1123, 11.025, 0
PixelHit 1312, 1124, 10.8066, 0
PixelHit 1312, 1125, 14.5869, 0
PixelHit 1312, 1126, 4.46096, 0
PixelHit 1312, 1127, 1.42487, 0
PixelHit 1313, 1121, 0.824562, 0
PixelHit 1313, 1122, 6.13245, 0
PixelHit 1313, 1123, 12.2477, 0
PixelHit 1313, 1124, 16.5594, 0
PixelHit 1313, 1125, 11.2771, 0
PixelHit 1313, 1126, 5.99806, 0
PixelHit 1314, 1121, 3.62061, 0
PixelHit 1314, 1122, 13.9618, 0
PixelHit 1314, 1123, 21.3915, 0
PixelHit 1314, 1124, 15.971, 0
PixelHit 1314, 1125, 9.33274, 0
PixelHit 1314, 1126, 2.21033, 0
PixelHit 1314, 1127, 1.44682, 0
PixelHit 1315, 1120, 2.13404, 0
PixelHit 1315, 1122, 11.5349, 0
PixelHit 1315, 1123, 17.9258, 0
PixelHit 1315, 1124, 12.7565, 0
PixelHit 1315, 1125, 3.72537, 0
PixelHit 1315, 1126, 2.05459, 0
PixelHit 1316, 1120, 2.8394, 0
PixelHit 1316, 1121, 7.71546, 0
PixelHit 1316, 1122, 7.05406, 0
PixelHit 1316, 1123, 19.1879, 0
PixelHit 1316, 1124, 8.97286, 0
PixelHit 1316, 1125, 3.8613, 0
PixelHit 1316, 1126, 1.60188, 0
PixelHit 1317, 1121, 10.8027, 0
PixelHit 1317, 1122, 9.77848, 0
PixelHit 1317, 1123, 11.403, 0
PixelHit 1317, 1124, 5.74071, 0
PixelHit 1318, 1119, 2.3531, 0
PixelHit 1318, 1120, 11.8892, 0
PixelHit 1318, 1121, 13.1156, 0
PixelHit 1318, 1122, 22.2849, 0
PixelHit 1318, 1123, 10.5768, 0
PixelHit 1318, 1125, 2.31044, 0
PixelHit 1319, 1119, 4.06036, 0
PixelHit 1319, 1120, 7.75557, 0
PixelHit 1319, 1121, 13.3567, 0
PixelHit 1319, 1122, 16.1324, 0
PixelHit 1319, 1123, 9.47326, 0
PixelHit 1319, 1124, 5.34024, 0
PixelHit 1320, 1119, 7.12554, 0
PixelHit 1320, 1120, 5.78054, 0
PixelHit 1320, 1121, 15.2555, 0
PixelHit 1320, 1122, 13.3616, 0
PixelHit 1320, 1123, 6.64177, 0
PixelHit 1321, 1119, 3.37513, 0
PixelHit 1321, 1120, 9.22139, 0
PixelHit 1321, 1121, 15.242, 0
PixelHit 1321, 1122, 5.84055, 0
PixelHit 1321, 1123, 2.44558, 0
PixelHit 1322, 1119, 0.944559, 0
PixelHit 1322, 1120, 2.84211, 0
PixelHit 1322, 1121, 4.9137, 0
PixelHit 1322, 1123, 2.40215, 0
PixelHit 1323, 1121, 1.86705, 0
PixelHit 1323, 1122, 3.51475, 0
PixelHit 1323, 1123, 1.19945, 0
PixelHit 1324, 1120, 0.289168, 0
PixelHit 1440, 1318, 2.35371, 0
PixelHit 1440, 1319, 1.58147, 0
PixelHit 1441, 1318, 110.661, 0
PixelHit 1441, 1319, 11.5379, 0
PixelHit 1442, 1318, 67.9367, 0
PixelHit 1442, 1319, 3.95849, 0
PixelHit 1443, 1316, 3.11333, 0
PixelHit 1443, 1317, 37.25, 0
PixelHit 1443, 1318, 96.1368, 0
PixelHit 1443, 1319, 1.49466, 0
PixelHit 1444, 1316, 11.7534, 0
PixelHit 1444, 1317, 161.734, 0
PixelHit 1444, 1318, 90.4597, 0
PixelHit 1444, 1319, 1.29805, 0
PixelHit 1445, 1315, 2.33226, 0
PixelHit 1445, 1316, 63.9502, 0
PixelHit 1445, 1317, 184.375, 0
PixelHit 1445, 1318, 25.9302, 0
PixelHit 1446, 1315, 21.8573, 0
PixelHit 1446, 1316, 279.248, 0
PixelHit 1446, 1317, 103.149, 0
PixelHit 1447, 1314, 2.27318, 0
PixelHit 1447, 1315, 79.0423, 0
PixelHit 1447, 1316, 294.853, 0
PixelHit 1447, 1317, 55.5939, 0
PixelHit 1448, 1223, 0.699605, 0
PixelHit 1448, 1224, 32.243, 0
PixelHit 1448, 1314, 8.97328, 0
PixelHit 1448, 1315, 113.372, 0
PixelHit 1448, 1316, 208.699, 0
PixelHit 1448, 1317, 21.9871, 0
PixelHit 1448, 1318, 2.0845, 0
PixelHit 1449, 1223, 3.74005, 0
PixelHit 1449, 1224, 20.7854, 0
PixelHit 1449, 1225, 0.863204, 0
PixelHit 1449, 1314, 5.31318, 0
PixelHit 1449, 1315, 74.7465, 0
PixelHit 1449, 1316, 145.845, 0
PixelHit 1449, 1317, 34.8253, 0
PixelHit 1449, 1318, 5.40961, 0
PixelHit 1450, 1222, 2.72989, 0
PixelHit 1450, 1223, 15.6818, 0
PixelHit 1450, 1224, 9.98136, 0
PixelHit 1450, 1314, 5.26338, 0
PixelHit 1450, 1315, 64.173, 0
PixelHit 1450, 1316, 177.045, 0
PixelHit 1450, 1317, 107.315, 0
PixelHit 1450, 1318, 10.8726, 0
PixelHit 1451, 1222, 20.8155, 0
PixelHit 1451, 1223, 100.875, 0
PixelHit 1451, 1224, 4.95177, 0
PixelHit 1451, 1315, 44.831, 0
PixelHit 1451, 1316, 221.235, 0
PixelHit 1451, 1317, 197.499, 0
PixelHit 1451, 1318, 33.2681, 0
PixelHit 1451, 1319, 6.00664, 0
PixelHit 1452, 1222, 39.9764, 0
PixelHit 1452, 1223, 68.3287, 0
PixelHit 1452, 1224, 0.351848, 0
PixelHit 1452, 1314, 1.31594, 0
PixelHit 1452, 1315, 29.9306, 0
PixelHit 1452, 1316, 125.204, 0
PixelHit 1452, 1317, 179.83, 0
PixelHit 1452, 1318, 62.0675, 0
PixelHit 1452, 1319, 7.23787, 0
PixelHit 1452, 1320, 1.77875, 0
PixelHit 1452, 1326, 2.41755, 0
PixelHit 1452, 1327, 2.47841, 0
PixelHit 1452, 1328, 1.51338, 0
PixelHit 1452, 1329, 2.4645, 0
PixelHit 1452, 1330, 2.03123, 0
PixelHit 1452, 1332, 9.63967, 0
PixelHit 1452, 1333, 14.5608, 0
PixelHit 1452, 1334, 20.1265, 0
PixelHit 1452, 1335, 10.3594, 0
PixelHit 1452, 1336, 0.789079, 0
PixelHit 1453, 1221, 12.4747, 0
PixelHit 1453, 1222, 43.3736, 0
PixelHit 1453, 1223, 6.45325, 0
PixelHit 1453, 1315, 7.82381, 0
PixelHit 1453, 1316, 57.5046, 0
PixelHit 1453, 1317, 146.558, 0
PixelHit 1453, 1318, 127.669, 0
PixelHit 1453, 1319, 38.5364, 0
PixelHit 1453, 1320, 17.8098, 0
PixelHit 1453, 1321, 9.45576, 0
PixelHit 1453, 1322, 30.4664, 0
PixelHit 1453, 1323, 21.331, 0
PixelHit 1453, 1324, 15.1132, 0
PixelHit 1453, 1325, 23.4665, 0
PixelHit 1453, 1326, 24.2685, 0
PixelHit 1453, 1327, 30.1577, 0
PixelHit 1453, 1328, 21.7135, 0
PixelHit 1453, 1329, 30.3282, 0
PixelHit 1453, 1330, 11.1921, 0
PixelHit 1453, 1331, 4.82353, 0
PixelHit 1453, 1332, 33.2861, 0
PixelHit 1453, 1333, 130.614, 0
PixelHit 1453, 1334, 164.31, 0
PixelHit 1453, 1335, 106.618, 0
PixelHit 1453, 1336, 19.5377, 0
PixelHit 1453, 1337, 2.60864, 0
PixelHit 1454, 1220, 0.577588, 0
PixelHit 1454, 1221, 41.1308, 0
PixelHit 1454, 1222, 78.5727, 0
PixelHit 1454, 1223, 1.87698, 0
PixelHit 1454, 1316, 23.2754, 0
PixelHit 1454, 1317, 118.87, 0
PixelHit 1454, 1318, 165.393, 0
PixelHit 1454, 1319, 116.883, 0
PixelHit 1454, 1320, 103.122, 0
PixelHit 1454, 1321, 176.487, 0
PixelHit 1454, 1322, 271.016, 0
PixelHit 1454, 1323, 194.931, 0
PixelHit 1454, 1324, 90.5242, 0
PixelHit 1454, 1325, 92.4795, 0
PixelHit 1454, 1326, 105.786, 0
PixelHit 1454, 1327, 119.789, 0
PixelHit 1454, 1328, 112.039, 0
PixelHit 1454, 1329, 96.8585, 0
PixelHit 1454, 1330, 54.3404, 0
PixelHit 1454, 1331, 56.2393, 0
PixelHit 1454, 1332, 154.624, 0
PixelHit 1454, 1333, 465.674, 0
PixelHit 1454, 1334, 547.833, 0
PixelHit 1454, 1335, 288.725, 0
PixelHit 1454, 1336, 57.7661, 0
PixelHit 1455, 1219, 2.14298, 0
PixelHit 1455, 1220, 6.54966, 0
PixelHit 1455, 1221, 44.4168, 0
PixelHit 1455, 1222, 26.9611, 0
PixelHit 1455, 1223, 2.45968, 0
PixelHit 1455, 1315, 1.52848, 0
PixelHit 1455, 1316, 10.1741, 0
PixelHit 1455, 1317, 51.3651, 0
PixelHit 1455, 1318, 112.47, 0
PixelHit 1455, 1319, 140.099, 0
PixelHit 1455, 1320, 188.852, 0
PixelHit 1455, 1321, 280.078, 0
PixelHit 1455, 1322, 540.841, 0
PixelHit 1455, 1323, 470.062, 0
PixelHit 1455, 1324, 169.502, 0
PixelHit 1455, 1325, 124.705, 0
PixelHit 1455, 1326, 90.765, 0
PixelHit 1455, 1327, 104.533, 0
PixelHit 1455, 1328, 157.436, 0
PixelHit 1455, 1329, 239.832, 0
PixelHit 1455, 1330, 165.724, 0
PixelHit 1455, 1331, 152.855, 0
PixelHit 1455, 1332, 297.361, 0
PixelHit 1455, 1333, 709.336, 0
PixelHit 1455, 1334, 793.175, 0
PixelHit 1455, 1335, 345.136, 0
PixelHit 1455, 1336, 50.9714, 0
PixelHit 1455, 1337, 5.76204, 0
PixelHit 1456, 1220, 14.5783, 0
PixelHit 1456, 1221, 23.1532, 0
PixelHit 1456, 1222, 5.0779, 0
PixelHit 1456, 1317, 6.37445, 0
PixelHit 1456, 1318, 26.9552, 0
PixelHit 1456, 1319, 55.5224, 0
PixelHit 1456, 1320, 90.8466, 0
PixelHit 1456, 1321, 147.759, 0
PixelHit 1456, 1322, 319.344, 0
PixelHit 1456, 1323, 259.814, 0
PixelHit 1456, 1324, 98.2706, 0
PixelHit 1456, 1325, 36.7967, 0
PixelHit 1456, 1326, 21.5206, 0
PixelHit 1456, 1327, 44.0285, 0
PixelHit 1456, 1328, 91.7062, 0
PixelHit 1456, 1329, 144.524, 0
PixelHit 1456, 1330, 163.874, 0
PixelHit 1456, 1331, 192.043, 0
PixelHit 1456, 1332, 318.541, 0
PixelHit 1456, 1333, 438.667, 0
PixelHit 1456, 1334, 409.937, 0
PixelHit 1456, 1335, 157.511, 0
PixelHit 1456, 1336, 29.2407, 0
PixelHit 1456, 1337, 5.27891, 0
PixelHit 1457, 1220, 12.2775, 0
PixelHit 1457, 1221, 18.4836, 0
PixelHit 1457, 1317, 0.68965, 0
PixelHit 1457, 1319, 14.0792, 0
PixelHit 1457, 1320, 13.0882, 0
PixelHit 1457, 1321, 20.2943, 0
PixelHit 1457, 1322, 46.4534, 0
PixelHit 1457, 1323, 39.7962, 0
PixelHit 1457, 1324, 16.3207, 0
PixelHit 1457, 1325, 2.48523, 0
PixelHit 1457, 1326, 3.98898, 0
PixelHit 1457, 1327, 4.87595, 0
PixelHit 1457, 1328, 15.5251, 0
PixelHit 1457, 1329, 47.8585, 0
PixelHit 1457, 1330, 95.1239, 0
PixelHit 1457, 1331, 113.608, 0
PixelHit 1457, 1332, 129.324, 0
PixelHit 1457, 1333, 131.195, 0
PixelHit 1457, 1334, 80.8309, 0
PixelHit 1457, 1335, 32.8549, 0
PixelHit 1457, 1336, 4.63502, 0
PixelHit 1458, 1218, 3.01265, 0
PixelHit 1458, 1219, 17.2353, 0
PixelHit 1458, 1220, 22.4536, 0
PixelHit 1458, 1221, 13.0432, 0
PixelHit 1458, 1320, 0.540991, 0
PixelHit 1458, 1322, 0.323121, 0
PixelHit 1458, 1323, 2.55894, 0
PixelHit 1458, 1324, 0.825525, 0
PixelHit 1458, 1329, 6.17106, 0
PixelHit 1458, 1330, 17.5701, 0
PixelHit 1458, 1331, 24.1609, 0
PixelHit 1458, 1332, 21.1502, 0
PixelHit 1458, 1333, 12.9344, 0
PixelHit 1458, 1334, 4.47459, 0
PixelHit 1459, 1218, 1.18976, 0
PixelHit 1459, 1219, 36.7704, 0
PixelHit 1459, 1220, 49.2475, 0
PixelHit 1459, 1221, 4.84019, 0
PixelHit 1459, 1330, 1.28347, 0
PixelHit 1459, 1331, 1.84762, 0
PixelHit 1459, 1333, 2.5695, 0
PixelHit 1460, 1218, 10.8882, 0
PixelHit 1460, 1219, 27.4879, 0
PixelHit 1460, 1220, 19.9229, 0
PixelHit 1460, 1221, 4.53462, 0
PixelHit 1461, 1217, 3.773, 0
PixelHit 1461, 1218, 8.55982, 0
PixelHit 1461, 1219, 24.9284, 0
PixelHit 1461, 1220, 9.88779, 0
PixelHit 1462, 1216, 2.27293, 0
PixelHit 1462, 1217, 13.024, 0
PixelHit 1462, 1218, 23.0016, 0
PixelHit 1462, 1219, 9.18615, 0
PixelHit 1463, 1216, 2.81706, 0
PixelHit 1463, 1217, 19.7966, 0
PixelHit 1463, 1218, 22.2453, 0
PixelHit 1463, 1219, 5.7808, 0
PixelHit 1464, 1216, 8.01327, 0
PixelHit 1464, 1217, 21.5108, 0
PixelHit 1464, 1218, 12.8443, 0
PixelHit 1465, 1215, 2.36797, 0
PixelHit 1465, 1216, 9.73165, 0
PixelHit 1465, 1217, 16.11, 0
PixelHit 1465, 1218, 3.39116, 0
PixelHit 1466, 1215, 5.33377, 0
PixelHit 1466, 1216, 14.1021, 0
PixelHit 1466, 1217, 10.0676, 0
PixelHit 1466, 1218, 3.96566, 0
PixelHit 1467, 1213, 1.39417, 0
PixelHit 1467, 1214, 2.23188, 0
PixelHit 1467, 1215, 10.8091, 0
PixelHit 1467, 1216, 12.1266, 0
PixelHit 1467, 1217, 9.58559, 0
PixelHit 1467, 1218, 3.23424, 0
PixelHit 1468, 1214, 12.8638, 0
PixelHit 1468, 1215, 20.0934, 0
PixelHit 1468, 1216, 18.2878, 0
PixelHit 1468, 1217, 7.73682, 0
PixelHit 1468, 1218, 0.44906, 0
PixelHit 1468, 1219, 1.3069, 0
PixelHit 1469, 1214, 10.5077, 0
PixelHit 1469, 1215, 29.235, 0
PixelHit 1469, 1216, 26.4537, 0
PixelHit 1469, 1217, 3.15776, 0
PixelHit 1470, 1213, 6.87865, 0
PixelHit 1470, 1214, 18.3562, 0
PixelHit 1470, 1215, 14.2667, 0
PixelHit 1470, 1216, 7.79851, 0
PixelHit 1470, 1217, 2.14102, 0
PixelHit 1471, 1213, 2.79197, 0
PixelHit 1471, 1214, 16.8233, 0
PixelHit 1471, 1215, 12.7797, 0
PixelHit 1471, 1216, 4.60369, 0
PixelHit 1472, 1212, 1.26461, 0
PixelHit 1472, 1213, 12.3024, 0
PixelHit 1472, 1214, 5.17237, 0
PixelHit 1472, 1215, 4.24395, 0
PixelHit 1473, 1212, 5.57168, 0
PixelHit 1473, 1213, 11.4784, 0
PixelHit 1473, 1214, 8.73236, 0
PixelHit 1473, 1215, 0.424871, 0
PixelHit 1473, 1216, 1.54729, 0
PixelHit 1474, 1210, 2.73847, 0
PixelHit 1474, 1211, 7.55549, 0
PixelHit 1474, 1212, 18.7479, 0
PixelHit 1474, 1213, 40.7375, 0
PixelHit 1474, 1214, 6.17204, 0
PixelHit 1474, 1215, 1.61779, 0
PixelHit 1475, 1209, 1.69023, 0
PixelHit 1475, 1210, 2.32379, 0
PixelHit 1475, 1211, 12.1304, 0
PixelHit 1475, 1212, 31.5062, 0
PixelHit 1475, 1213, 25.6264, 0
PixelHit 1475, 1214, 23.7319, 0
PixelHit 1475, 1216, 2.16019, 0
PixelHit 1476, 1210, 4.1755, 0
PixelHit 1476, 1211, 24.7106, 0
PixelHit 1476, 1212, 29.0055, 0
PixelHit 1476, 1213, 26.1054, 0
PixelHit 1476, 1214, 7.09915, 0
PixelHit 1477, 1209, 3.52168, 0
PixelHit 1477, 1210, 5.64918, 0
PixelHit 1477, 1211, 25.0569, 0
PixelHit 1477, 1212, 29.4962, 0
PixelHit 1477, 1213, 19.0416, 0
PixelHit 1477, 1214, 5.5407, 0
PixelHit 1478, 1208, 2.79869, 0
PixelHit 1478, 1209, 4.30976, 0
PixelHit 1478, 1210, 15.6976, 0
PixelHit 1478, 1211, 24.4093, 0
PixelHit 1478, 1212, 24.9129, 0
PixelHit 1478, 1213, 8.83003, 0
PixelHit 1478, 1214, -0.033512, 0
PixelHit 1479, 1209, 3.48611, 0
PixelHit 1479, 1210, 17.4905, 0
PixelHit 1479, 1211, 15.9623, 0
PixelHit 1479, 1212, 8.96575, 0
PixelHit 1479, 1213, 4.74468, 0
PixelHit 1480, 1208, 1.97874, 0
PixelHit 1480, 1209, 3.2249, 0
PixelHit 1480, 1210, 6.46762, 0
PixelHit 1480, 1211, 10.4467, 0
PixelHit 1480, 1212, 7.02517, 0
PixelHit 1481, 1208, 3.72091, 0
PixelHit 1481, 1209, 7.4806, 0
PixelHit 1481, 1210, 4.95642, 0
PixelHit 1481, 1211, 2.33571, 0
PixelHit 1482, 1207, 6.22815, 0
PixelHit 1482, 1208, 12.1375, 0
PixelHit 1482, 1209, 10.2089, 0
PixelHit 1482, 1210, 8.12296, 0
PixelHit 1482, 1211, 3.53283, 0
PixelHit 1483, 1207, 4.65952, 0
PixelHit 1483, 1208, 14.4087, 0
PixelHit 1483, 1209, 17.8435, 0
PixelHit 1483, 1210, 14.3613, 0
PixelHit 1483, 1211, 5.38305, 0
PixelHit 1484, 1206, 3.04171, 0
PixelHit 1484, 1207, 18.5199, 0
PixelHit 1484, 1208, 27.0928, 0
PixelHit 1484, 1209, 25.323, 0
PixelHit 1484, 1210, 17.1618, 0
PixelHit 1484, 1211, 0.277502, 0
PixelHit 1484, 1212, 1.9284, 0
PixelHit 1485, 1205, 4.58164, 0
PixelHit 1485, 1206, 9.8081, 0
PixelHit 1485, 1207, 29.5456, 0
PixelHit 1485, 1208, 34.024, 0
PixelHit 1485, 1209, 35.2236, 0
PixelHit 1485, 1210, 11.3569, 0
PixelHit 1486, 1204, 1.9872, 0
PixelHit 1486, 1205, 2.66914, 0
PixelHit 1486, 1206, 21.9954, 0
PixelHit 1486, 1207, 56.028, 0
PixelHit 1486, 1208, 48.6795, 0
PixelHit 1486, 1209, 30.7168, 0
PixelHit 1486, 1210, 5.76175, 0
PixelHit 1486, 1211, 1.14155, 0
PixelHit 1487, 1205, 9.69007, 0
PixelHit 1487, 1206, 24.0024, 0
PixelHit 1487, 1207, 54.3421, 0
PixelHit 1487, 1208, 56.1578, 0
PixelHit 1487, 1209, 19.7931, 0
PixelHit 1487, 1210, 4.93197, 0
PixelHit 1487, 1212, 0.191753, 0
PixelHit 1488, 1205, 7.12262, 0
PixelHit 1488, 1206, 19.3632, 0
PixelHit 1488, 1207, 43.1268, 0
PixelHit 1488, 1208, 34.9217, 0
PixelHit 1488, 1209, 20.3826, 0
PixelHit 1489, 1204, 4.87745, 0
PixelHit 1489, 1205, 8.01229, 0
PixelHit 1489, 1206, 16.7911, 0
PixelHit 1489, 1207, 21.2473, 0
PixelHit 1489, 1208, 12.1683, 0
PixelHit 1489, 1209, 2.85215, 0
PixelHit 1490, 1203, 2.22399, 0
PixelHit 1490, 1204, 7.58692, 0
PixelHit 1490, 1205, 19.9926, 0
PixelHit 1490, 1206, 33.5992, 0
PixelHit 1490, 1207, 12.9826, 0
PixelHit 1490, 1208, 4.8213, 0
PixelHit 1490, 1209, 2.41994, 0
PixelHit 1491, 1202, 2.70835, 0
PixelHit 1491, 1203, 0.413658, 0
PixelHit 1491, 1204, 7.2892, 0
PixelHit 1491, 1205, 13.359, 0
PixelHit 1491, 1206, 23.3184, 0
PixelHit 1491, 1207, 17.8569, 0
PixelHit 1491, 1208, 3.07964, 0
PixelHit 1491, 1209, 2.28434, 0
PixelHit 1492, 1204, 4.35081, 0
PixelHit 1492, 1205, 14.0382, 0
PixelHit 1492, 1206, 11.7293, 0
PixelHit 1492, 1207, 5.39511, 0
PixelHit 1492, 1208, 2.72874, 0
PixelHit 1493, 1203, 1.90412, 0
PixelHit 1493, 1205, 6.51111, 0
PixelHit 1493, 1206, 2.8002, 0
PixelHit 1493, 1207, 2.7697, 0
PixelHit 1494, 1206, -0.0874286, 0
PixelHit 1494, 1207, 1.6482, 0
PixelHit 1495, 1204, 1.14767, 0
=== 64 ===
=== 65 ===
=== 66 ===
=== 67 ===
=== 68 ===
=== 69 ===
=== 70 ===
=== 71 ===
=== 72 ===
=== 73 ===
=== 74 ===
--- mydetector ---
PixelHit 428, 1759, 3.02501, 0
PixelHit 429, 1759, 42.7495, 0
PixelHit 429, 1760, 2.26237, 0
PixelHit 430, 1758, 7.8415, 0
PixelHit 430, 1759, 8.09102, 0
PixelHit 431, 1758, 20.7848, 0
PixelHit 431, 1759, 6.91028, 0
PixelHit 432, 1757, 25.2688, 0
PixelHit 432, 1758, 50.6853, 0
PixelHit 433, 1756, 3.73052, 0
PixelHit 433, 1757, 12.9854, 0
PixelHit 433, 1758, 22.3648, 0
PixelHit 434, 1756, 24.344, 0
PixelHit 434, 1757, 76.7219, 0
PixelHit 434, 1758, 12.11, 0
PixelHit 435, 1756, 23.5944, 0
PixelHit 435, 1757, 41.9759, 0
PixelHit 435, 1758, 3.53784, 0
PixelHit 436, 1755, 28.2384, 0
PixelHit 436, 1756, 121.607, 0
PixelHit 436, 1757, 29.9447, 0
PixelHit 437, 1755, 52.2266, 0
PixelHit 437, 1756, 97.0792, 0
PixelHit 437, 1757, 14.6388, 0
PixelHit 438, 1754, 11.1663, 0
PixelHit 438, 1755, 49.0685, 0
PixelHit 438, 1756, 26.7278, 0
PixelHit 439, 1753, 2.01552, 0
PixelHit 439, 1754, 9.7224, 0
PixelHit 439, 1755, 21.0964, 0
PixelHit 439, 1756, 5.54163, 0
PixelHit 440, 1754, 10.0633, 0
PixelHit 440, 1755, 5.75366, 0
PixelHit 441, 1753, 3.76754, 0
PixelHit 441, 1754, 10.5708, 0
PixelHit 442, 1752, 2.97107, 0
PixelHit 442, 1753, 3.01348, 0
PixelHit 442, 1754, 6.47491, 0
PixelHit 442, 1755, 2.75142, 0
PixelHit 443, 1751, 2.37921, 0
PixelHit 443, 1752, 6.77873, 0
PixelHit 443, 1753, 6.66051, 0
PixelHit 443, 1754, 4.52881, 0
PixelHit 444, 1752, 7.46112, 0
PixelHit 444, 1753, 6.91046, 0
PixelHit 444, 1754, 1.63202, 0
PixelHit 444, 1756, 0.915169, 0
PixelHit 445, 1751, 5.40006, 0
PixelHit 445, 1752, 12.3454, 0
PixelHit 445, 1753, 3.53534, 0
PixelHit 445, 1754, 2.25773, 0
PixelHit 446, 1749, 1.65951, 0
PixelHit 446, 1750, 3.30208, 0
PixelHit 446, 1751, 25.3832, 0
PixelHit 446, 1752, 26.3707, 0
PixelHit 446, 1753, 9.09712, 0
PixelHit 447, 1749, 1.82282, 0
PixelHit 447, 1750, 8.37663, 0
PixelHit 447, 1751, 23.4768, 0
PixelHit 447, 1752, 22.8933, 0
PixelHit 447, 1753, 2.64426, 0
PixelHit 448, 1749, 4.74044, 0
PixelHit 448, 1750, 15.0937, 0
PixelHit 448, 1751, 10.6193, 0
PixelHit 448, 1752, 6.66446, 0
PixelHit 449, 1748, 2.53541, 0
PixelHit 449, 1749, 3.16925, 0
PixelHit 449, 1750, 27.5875, 0
PixelHit 449, 1751, 21.0003, 0
PixelHit 449, 1752, 6.47918, 0
PixelHit 450, 1749, 7.09846, 0
PixelHit 450, 1750, 19.9105, 0
PixelHit 450, 1751, 9.61006, 0
PixelHit 450, 1752, 3.55295, 0
PixelHit 451, 1747, 2.16134, 0
PixelHit 451, 1748, 5.55555, 0
PixelHit 451, 1749, 3.97194, 0
PixelHit 451, 1750, 8.16465, 0
PixelHit 451, 1751, 3.42467, 0
PixelHit 451, 1752, 3.71785, 0
PixelHit 452, 1747, 2.39501, 0
PixelHit 452, 1748, 8.50965, 0
PixelHit 452, 1749, 13.9745, 0
PixelHit 452, 1750, 3.92144, 0
PixelHit 453, 1747, 5.13463, 0
PixelHit 453, 1748, 18.4887, 0
PixelHit 453, 1749, 15.6691, 0
PixelHit 453, 1750, 8.39719, 0
PixelHit 454, 1747, 12.4478, 0
PixelHit 454, 1748, 21.0532, 0
PixelHit 454, 1749, 16.5244, 0
PixelHit 454, 1750, 7.38578, 0
PixelHit 455, 1745, 1.45017, 0
PixelHit 455, 1747, 20.8498, 0
PixelHit 455, 1748, 16.7794, 0
PixelHit 455, 1749, 16.6184, 0
PixelHit 455, 1750, 2.51967, 0
PixelHit 456, 1745, 3.69433, 0
PixelHit 456, 1746, 6.32334, 0
PixelHit 456, 1747, 20.9203, 0
PixelHit 456, 1748, 24.5187, 0
PixelHit 456, 1749, 6.33603, 0
PixelHit 456, 1750, 3.0401, 0
PixelHit 457, 1744, 3.83388, 0
PixelHit 457, 1745, 7.58732, 0
PixelHit 457, 1746, 17.6968, 0
PixelHit 457, 1747, 20.5568, 0
PixelHit 457, 1748, 19.9022, 0
PixelHit 457, 1749, 3.82301, 0
PixelHit 458, 1744, 3.95964, 0
PixelHit 458, 1745, 18.0899, 0
PixelHit 458, 1746, 43.7359, 0
PixelHit 458, 1747, 26.7383, 0
PixelHit 458, 1748, 5.5801, 0
PixelHit 459, 1744, 10.7756, 0
PixelHit 459, 1745, 33.0673, 0
PixelHit 459, 1746, 56.1301, 0
PixelHit 459, 1747, 35.2248, 0
PixelHit 459, 1748, 6.33858, 0
PixelHit 459, 1749, 1.60475, 0
PixelHit 460, 1743, 0.224903, 0
PixelHit 460, 1744, 11.8148, 0
PixelHit 460, 1745, 23.0002, 0
PixelHit 460, 1746, 28.614, 0
PixelHit 460, 1747, 21.3715, 0
PixelHit 460, 1748, 4.72042, 0
PixelHit 461, 1743, 6.16514, 0
PixelHit 461, 1744, 13.75, 0
PixelHit 461, 1745, 14.3729, 0
PixelHit 461, 1746, 30.3237, 0
PixelHit 461, 1747, 7.90707, 0
PixelHit 462, 1742, 2.11866, 0
PixelHit 462, 1743, 3.6604, 0
PixelHit 462, 1744, 11.8815, 0
PixelHit 462, 1745, 15.4747, 0
PixelHit 462, 1746, 14.7033, 0
PixelHit 462, 1747, 0.470602, 0
PixelHit 463, 1742, 3.45105, 0
PixelHit 463, 1743, 13.6636, 0
PixelHit 463, 1744, 14.7549, 0
PixelHit 463, 1745, 13.3095, 0
PixelHit 463, 1746, 7.07502, 0
PixelHit 464, 1742, 10.5739, 0
PixelHit 464, 1743, 21.5096, 0
PixelHit 464, 1744, 22.7353, 0
PixelHit 464, 1745, 9.38177, 0
PixelHit 464, 1746, 3.86967, 0
PixelHit 465, 1740, 1.71805, 0
PixelHit 465, 1742, 16.6041, 0
PixelHit 465, 1743, 39.818, 0
PixelHit 465, 1744, 34.8423, 0
PixelHit 465, 1745, 10.0885, 0
PixelHit 466, 1739, 3.5053, 0
PixelHit 466, 1741, 11.401, 0
PixelHit 466, 1742, 13.8718, 0
PixelHit 466, 1743, 19.9015, 0
PixelHit 466, 1744, 24.0892, 0
PixelHit 466, 1745, 7.45276, 0
PixelHit 466, 1746, 3.08533, 0
PixelHit 467, 1741, 2.05787, 0
PixelHit 467, 1742, 15.4246, 0
PixelHit 467, 1743, 27.5898, 0
PixelHit 467, 1744, 17.1678, 0
PixelHit 467, 1745, 0.15337, 0
PixelHit 468, 1740, 2.91439, 0
PixelHit 468, 1741, 4.18062, 0
PixelHit 468, 1744, 1.64365, 0
PixelHit 469, 1740, 4.09723, 0
PixelHit 469, 1741, 7.13668, 0
PixelHit 469, 1743, 3.44618, 0
PixelHit 470, 1739, 2.42364, 0
PixelHit 470, 1740, 6.93072, 0
PixelHit 470, 1741, 5.73321, 0
PixelHit 470, 1742, 8.69909, 0
PixelHit 470, 1743, 1.87193, 0
PixelHit 471, 1739, 18.95, 0
PixelHit 471, 1740, 23.5542, 0
PixelHit 471, 1741, 20.0151, 0
PixelHit 471, 1742, 7.95676, 0
PixelHit 471, 1743, 2.22272, 0
PixelHit 472, 1737, 0.316159, 0
PixelHit 472, 1738, 18.5693, 0
PixelHit 472, 1739, 42.1744, 0
PixelHit 472, 1740, 58.793, 0
PixelHit 472, 1741, 37.5748, 0
PixelHit 472, 1742, 22.8266, 0
PixelHit 473, 1737, 6.39795, 0
PixelHit 473, 1738, 17.7443, 0
PixelHit 473, 1739, 64.8291, 0
PixelHit 473, 1740, 86.6238, 0
PixelHit 473, 1741, 60.3633, 0
PixelHit 473, 1742, 19.8311, 0
PixelHit 473, 1743, 0.56145, 0
PixelHit 474, 1736, 3.96792, 0
PixelHit 474, 1737, 7.73372, 0
PixelHit 474, 1738, 29.4557, 0
PixelHit 474, 1739, 68.868, 0
PixelHit 474, 1740, 76.6367, 0
PixelHit 474, 1741, 44.9418, 0
PixelHit 474, 1742, 8.66113, 0
PixelHit 474, 1743, 2.22676, 0
PixelHit 475, 1736, 3.55478, 0
PixelHit 475, 1737, 4.66549, 0
PixelHit 475, 1738, 34.4939, 0
PixelHit 475, 1739, 44.4016, 0
PixelHit 475, 1740, 57.7674, 0
PixelHit 475, 1741, 7.80938, 0
PixelHit 475, 1742, 9.35012, 0
PixelHit 475, 1743, 2.42197, 0
PixelHit 476, 1736, 1.65682, 0
PixelHit 476, 1737, 15.257, 0
PixelHit 476, 1738, 36.587, 0
PixelHit 476, 1739, 40.607, 0
PixelHit 476, 1740, 27.2875, 0
PixelHit 476, 1741, 10.2292, 0
PixelHit 476, 1742, 1.42542, 0
PixelHit 476, 1743, 1.61344, 0
PixelHit 477, 1735, 1.17664, 0
PixelHit 477, 1736, 6.2082, 0
PixelHit 477, 1737, 20.1651, 0
PixelHit 477, 1738, 50.4536, 0
PixelHit 477, 1739, 38.8954, 0
PixelHit 477, 1740, 16.812, 0
PixelHit 477, 1741, 4.14902, 0
PixelHit 477, 1742, 3.73922, 0
PixelHit 478, 1735, 2.20673, 0
PixelHit 478, 1736, 13.1472, 0
PixelHit 478, 1737, 25.9041, 0
PixelHit 478, 1738, 43.6351, 0
PixelHit 478, 1739, 25.068, 0
PixelHit 478, 1740, 13.7346, 0
PixelHit 478, 1741, 1.42572, 0
PixelHit 479, 1734, 0.101147, 0
PixelHit 479, 1735, 2.73697, 0
PixelHit 479, 1736, 6.99073, 0
PixelHit 479, 1737, 12.6592, 0
PixelHit 479, 1738, 16.9051, 0
PixelHit 479, 1739, 15.9922, 0
PixelHit 479, 1740, 6.23229, 0
PixelHit 479, 1741, 2.21637, 0
PixelHit 480, 1735, 1.70805, 0
PixelHit 480, 1736, 10.9183, 0
PixelHit 480, 1737, 13.1451, 0
PixelHit 480, 1738, 15.8506, 0
PixelHit 480, 1739, 6.35488, 0
PixelHit 480, 1740, 5.40871, 0
PixelHit 481, 1736, 2.31607, 0
PixelHit 481, 1737, 7.95987, 0
PixelHit 481, 1738, 5.14598, 0
PixelHit 481, 1740, 1.17602, 0
PixelHit 2205, 1076, 13.8663, 0
PixelHit 2206, 1075, 6.22974, 0
PixelHit 2206, 1076, 31.6436, 0
PixelHit 2206, 1077, 3.48884, 0
PixelHit 2207, 1075, 16.5674, 0
PixelHit 2207, 1076, 40.9457, 0
PixelHit 2208, 1074, 12.9965, 0
PixelHit 2208, 1075, 59.3381, 0
PixelHit 2208, 1076, 1.54685, 0
PixelHit 2209, 1073, 4.47007, 0
PixelHit 2209, 1074, 24.5838, 0
PixelHit 2209, 1075, 22.8898, 0
PixelHit 2210, 1073, 11.9652, 0
PixelHit 2210, 1074, 136.165, 0
PixelHit 2210, 1075, 19.6782, 0
PixelHit 2211, 1072, 2.25991, 0
PixelHit 2211, 1073, 13.4024, 0
PixelHit 2211, 1074, 46.54, 0
PixelHit 2211, 1075, 3.13925, 0
PixelHit 2212, 1072, 16.5585, 0
PixelHit 2212, 1073, 67.8978, 0
PixelHit 2212, 1074, 24.259, 0
PixelHit 2213, 1071, 5.09118, 0
PixelHit 2213, 1072, 45.764, 0
PixelHit 2213, 1073, 80.3802, 0
PixelHit 2213, 1074, 12.4457, 0
PixelHit 2214, 1071, 3.65656, 0
PixelHit 2214, 1072, 63.6639, 0
PixelHit 2214, 1073, 56.0999, 0
PixelHit 2214, 1074, 2.62998, 0
PixelHit 2215, 1071, 9.70711, 0
PixelHit 2215, 1072, 18.4387, 0
PixelHit 2215, 1073, 6.86792, 0
PixelHit 2216, 1071, 7.79162, 0
PixelHit 2216, 1072, 7.21246, 0
PixelHit 2217, 1070, 18.0245, 0
PixelHit 2217, 1071, 19.578, 0
PixelHit 2217, 1072, 8.25338, 0
PixelHit 2218, 1069, 4.30243, 0
PixelHit 2218, 1070, 32.3006, 0
PixelHit 2218, 1071, 16.2694, 0
PixelHit 2218, 1072, 7.72598, 0
PixelHit 2219, 1069, 6.80676, 0
PixelHit 2219, 1070, 26.5904, 0
PixelHit 2219, 1071, 12.074, 0
PixelHit 2219, 1072, 2.80556, 0
PixelHit 2220, 1068, 5.35999, 0
PixelHit 2220, 1069, 14.869, 0
PixelHit 2220, 1070, 16.6506, 0
PixelHit 2220, 1071, 5.91295, 0
PixelHit 2221, 1068, 16.1213, 0
PixelHit 2221, 1069, 19.1237, 0
PixelHit 2221, 1070, 15.1697, 0
PixelHit 2221, 1071, 2.27931, 0
PixelHit 2222, 1066, 2.16607, 0
PixelHit 2222, 1067, 6.66332, 0
PixelHit 2222, 1068, 25.7621, 0
PixelHit 2222, 1069, 31.6344, 0
PixelHit 2222, 1070, 16.5575, 0
PixelHit 2222, 1071, 2.79685, 0
PixelHit 2223, 1066, 3.6496, 0
PixelHit 2223, 1067, 11.5528, 0
PixelHit 2223, 1068, 23.5148, 0
PixelHit 2223, 1069, 9.82438, 0
PixelHit 2223, 1070, 7.29178, 0
PixelHit 2224, 1066, 3.02804, 0
PixelHit 2224, 1067, 10.7984, 0
PixelHit 2224, 1068, 18.6045, 0
PixelHit 2224, 1069, 10.8557, 0
PixelHit 2224, 1070, 1.20396, 0
PixelHit 2225, 1065, 2.17526, 0
PixelHit 2225, 1066, 7.09698, 0
PixelHit 2225, 1067, 12.9644, 0
PixelHit 2225, 1068, 12.8678, 0
PixelHit 2225, 1069, 8.84015, 0
PixelHit 2226, 1065, 2.58576, 0
PixelHit 2226, 1066, 8.27959, 0
PixelHit 2226, 1067, 18.6184, 0
PixelHit 2226, 1068, 3.89002, 0
PixelHit 2226, 1069, 2.24702, 0
PixelHit 2227, 1063, 0.982169, 0
PixelHit 2227, 1064, 2.65984, 0
PixelHit 2227, 1065, 8.35823, 0
PixelHit 2227, 1066, 13.4105, 0
PixelHit 2227, 1067, 16.0805, 0
PixelHit 2227, 1068, 4.88817, 0
PixelHit 2228, 1064, 6.28029, 0
PixelHit 2228, 1065, 27.8584, 0
PixelHit 2228, 1066, 27.3619, 0
PixelHit 2228, 1067, 20.0439, 0
PixelHit 2228, 1068, 4.24405, 0
PixelHit 2228, 1069, 1.80077, 0
PixelHit 2229, 1064, 7.19198, 0
PixelHit 2229, 1065, 38.0158, 0
PixelHit 2229, 1066, 33.9643, 0
PixelHit 2229, 1067, 22.0631, 0
PixelHit 2230, 1064, 17.6439, 0
PixelHit 2230, 1065, 45.6733, 0
PixelHit 2230, 1066, 36.656, 0
PixelHit 2230, 1067, 8.9532, 0
PixelHit 2230, 1068, 1.25164, 0
PixelHit 2231, 1063, 5.64151, 0
PixelHit 2231, 1064, 22.3205, 0
PixelHit 2231, 1065, 33.8647, 0
PixelHit 2231, 1066, 20.8566, 0
PixelHit 2231, 1067, 2.4311, 0
PixelHit 2232, 1063, 13.108, 0
PixelHit 2232, 1064, 26.3952, 0
PixelHit 2232, 1065, 32.1628, 0
PixelHit 2232, 1066, 12.1484, 0
PixelHit 2232, 1068, 0.566719, 0
PixelHit 2233, 1061, 4.57789, 0
PixelHit 2233, 1062, 9.98387, 0
PixelHit 2233, 1063, 16.7038, 0
PixelHit 2233, 1064, 28.0528, 0
PixelHit 2233, 1065, 9.71476, 0
PixelHit 2233, 1066, 6.77906, 0
PixelHit 2234, 1062, 15.2384, 0
PixelHit 2234, 1063, 28.3816, 0
PixelHit 2234, 1064, 30.8901, 0
PixelHit 2234, 1065, 12.9112, 0
PixelHit 2234, 1066, 1.52003, 0
PixelHit 2235, 1060, 1.13338, 0
PixelHit 2235, 1061, 4.03388, 0
PixelHit 2235, 1062, 24.7428, 0
PixelHit 2235, 1063, 27.4679, 0
PixelHit 2235, 1064, 14.7322, 0
PixelHit 2235, 1065, 11.659, 0
PixelHit 2236, 1060, 5.99128, 0
PixelHit 2236, 1061, 15.8133, 0
PixelHit 2236, 1062, 23.8141, 0
PixelHit 2236, 1063, 34.0881, 0
PixelHit 2236, 1064, 11.8106, 0
PixelHit 2236, 1065, 7.18119, 0
PixelHit 2237, 1059, 3.34815, 0
PixelHit 2237, 1060, 6.2052, 0
PixelHit 2237, 1061, 24.8016, 0
PixelHit 2237, 1062, 26.545, 0
PixelHit 2237, 1063, 29.818, 0
PixelHit 2237, 1064, 11.274, 0
PixelHit 2237, 1065, 4.50492, 0
PixelHit 2238, 1059, 6.71121, 0
PixelHit 2238, 1060, 18.5368, 0
PixelHit 2238, 1061, 25.7849, 0
PixelHit 2238, 1062, 32.5861, 0
PixelHit 2238, 1063, 19.3165, 0
PixelHit 2238, 1064, 7.21245, 0
PixelHit 2238, 1065, 0.590036, 0
PixelHit 2239, 1059, 7.25279, 0
PixelHit 2239, 1060, 19.614, 0
PixelHit 2239, 1061, 32.5873, 0
PixelHit 2239, 1062, 23.9437, 0
PixelHit 2239, 1063, 9.2181, 0
PixelHit 2239, 1064, 9.02116, 0
PixelHit 2239, 1065, 2.58765, 0
PixelHit 2240, 1058, 3.97087, 0
PixelHit 2240, 1059, 17.2542, 0
PixelHit 2240, 1060, 38.7551, 0
PixelHit 2240, 1061, 41.8646, 0
PixelHit 2240, 1062, 33.8051, 0
PixelHit 2240, 1063, 7.21223, 0
PixelHit 2240, 1065, 0.568045, 0
PixelHit 2241, 1058, 2.65056, 0
PixelHit 2241, 1059, 18.8787, 0
PixelHit 2241, 1060, 29.1108, 0
PixelHit 2241, 1061, 41.4128, 0
PixelHit 2241, 1062, 22.1907, 0
PixelHit 2241, 1063, 4.59892, 0
PixelHit 2242, 1057, 1.22532, 0
PixelHit 2242, 1058, 7.0045, 0
PixelHit 2242, 1059, 13.0559, 0
PixelHit 2242, 1060, 14.4814, 0
PixelHit 2242, 1061, 21.9355, 0
PixelHit 2242, 1062, 8.85329, 0
PixelHit 2242, 1063, 2.56061, 0
PixelHit 2243, 1057, 2.22176, 0
PixelHit 2243, 1058, 7.20946, 0
PixelHit 2243, 1059, 9.1782, 0
PixelHit 2243, 1060, 12.7012, 0
PixelHit 2243, 1061, 8.23159, 0
PixelHit 2243, 1062, 3.26396, 0
PixelHit 2244, 1058, 3.57677, 0
PixelHit 2244, 1059, 11.4518, 0
PixelHit 2244, 1060, 8.62538, 0
PixelHit 2244, 1061, 4.51333, 0
PixelHit 2245, 1057, 4.07509, 0
PixelHit 2245, 1059, 3.12203, 0
PixelHit 2245, 1060, 0.913187, 0
PixelHit 2245, 1061, 2.65413, 0
PixelHit 2246, 1059, 2.68674, 0
PixelHit 2246, 1060, 4.49683, 0
PixelHit 2247, 1059, 1.38551, 0
=== 75 ===
=== 76 ===
=== 77 ===
=== 78 ===
=== 79 ===
=== 80 ===
--- mydetector ---
PixelHit 1194, 1181, 28.3379, 0
PixelHit 1195, 1180, 17.9504, 0
PixelHit 1195, 1181, 74.8057, 0
PixelHit 1196, 1180, 26.9615, 0
PixelHit 1196, 1181, 91.5933, 0
PixelHit 1197, 1180, 84.8627, 0
PixelHit 1197, 1181, 14.2274, 0
PixelHit 1198, 1178, 2.67787, 0
PixelHit 1198, 1179, 25.4339, 0
PixelHit 1198, 1180, 37.3975, 0
PixelHit 1198, 1181, 4.10154, 0
PixelHit 1199, 1179, 58.6738, 0
PixelHit 1199, 1180, 43.8008, 0
PixelHit 1200, 1178, 5.06041, 0
PixelHit 1200, 1179, 41.2675, 0
PixelHit 1200, 1180, 16.2022, 0
PixelHit 1201, 1178, 24.0907, 0
PixelHit 1201, 1179, 34.9848, 0
PixelHit 1201, 1180, 2.40889, 0
PixelHit 1202, 1177, 4.9343, 0
PixelHit 1202, 1178, 64.2184, 0
PixelHit 1202, 1179, 39.1032, 0
PixelHit 1202, 1180, 1.96393, 0
PixelHit 1203, 1177, 6.43751, 0
PixelHit 1203, 1178, 34.6997, 0
PixelHit 1203, 1179, 16.4081, 0
PixelHit 1204, 1177, 3.56502, 0
PixelHit 1204, 1178, 5.61833, 0
PixelHit 1205, 1176, 3.20091, 0
PixelHit 1205, 1177, 10.4304, 0
PixelHit 1205, 1178, 3.17398, 0
PixelHit 1206, 1176, 11.1964, 0
PixelHit 1206, 1177, 21.7648, 0
PixelHit 1206, 1178, 2.08544, 0
PixelHit 1207, 1175, 5.00793, 0
PixelHit 1207, 1176, 22.4842, 0
PixelHit 1207, 1177, 24.5434, 0
PixelHit 1207, 1178, 5.11258, 0
PixelHit 1208, 1175, 11.6814, 0
PixelHit 1208, 1176, 16.1831, 0
PixelHit 1208, 1177, 6.72651, 0
PixelHit 1209, 1175, 6.25209, 0
PixelHit 1209, 1176, 9.0677, 0
PixelHit 1209, 1177, 4.20633, 0
PixelHit 1210, 1174, 7.27013, 0
PixelHit 1210, 1175, 11.6655, 0
PixelHit 1210, 1176, 3.05172, 0
PixelHit 1211, 1173, 2.21482, 0
PixelHit 1211, 1174, 8.54584, 0
PixelHit 1211, 1175, 12.5943, 0
PixelHit 1211, 1176, 4.07055, 0
PixelHit 1212, 1173, 3.50883, 0
PixelHit 1212, 1174, 9.96802, 0
PixelHit 1212, 1175, 11.2267, 0
PixelHit 1212, 1176, 2.89139, 0
PixelHit 1213, 1173, 9.95632, 0
PixelHit 1213, 1174, 11.8061, 0
PixelHit 1213, 1175, 11.4707, 0
PixelHit 1214, 1172, 3.89604, 0
PixelHit 1214, 1173, 8.07968, 0
PixelHit 1214, 1174, 20.0862, 0
PixelHit 1214, 1175, 4.08784, 0
PixelHit 1215, 1171, 2.04783, 0
PixelHit 1215, 1172, 8.40221, 0
PixelHit 1215, 1173, 18.423, 0
PixelHit 1215, 1174, 16.0781, 0
PixelHit 1215, 1175, 7.07, 0
PixelHit 1216, 1172, 5.61283, 0
PixelHit 1216, 1173, 22.76, 0
PixelHit 1216, 1174, 16.3637, 0
PixelHit 1217, 1170, 1.64745, 0
PixelHit 1217, 1171, 6.44234, 0
PixelHit 1217, 1172, 17.0531, 0
PixelHit 1217, 1173, 13.8505, 0
PixelHit 1217, 1174, 8.82989, 0
PixelHit 1218, 1170, 2.06621, 0
PixelHit 1218, 1171, 12.74, 0
PixelHit 1218, 1172, 16.5626, 0
PixelHit 1218, 1173, 12.562, 0
PixelHit 1218, 1174, 4.93067, 0
PixelHit 1219, 1169, 3.37383, 0
PixelHit 1219, 1170, 3.59047, 0
PixelHit 1219, 1171, 18.3681, 0
PixelHit 1219, 1172, 29.2841, 0
PixelHit 1219, 1173, 8.05782, 0
PixelHit 1219, 1174, 6.18015, 0
PixelHit 1220, 1169, 1.16075, 0
PixelHit 1220, 1170, 26.9966, 0
PixelHit 1220, 1171, 22.6612, 0
PixelHit 1220, 1172, 34.4889, 0
PixelHit 1220, 1173, 8.56831, 0
PixelHit 1221, 1169, 7.6392, 0
PixelHit 1221, 1170, 46.6802, 0
PixelHit 1221, 1171, 63.505, 0
PixelHit 1221, 1172, 28.0647, 0
PixelHit 1221, 1173, 7.79693, 0
PixelHit 1221, 1174, 1.36944, 0
PixelHit 1222, 1169, 13.7181, 0
PixelHit 1222, 1170, 37.1191, 0
PixelHit 1222, 1171, 57.0339, 0
PixelHit 1222, 1172, 35.8089, 0
PixelHit 1222, 1173, 5.46075, 0
PixelHit 1223, 1167, 1.89599, 0
PixelHit 1223, 1169, 11.4616, 0
PixelHit 1223, 1170, 19.6508, 0
PixelHit 1223, 1171, 32.7158, 0
PixelHit 1223, 1172, 15.7617, 0
PixelHit 1224, 1167, 0.660965, 0
PixelHit 1224, 1168, 5.90854, 0
PixelHit 1224, 1169, 20.7081, 0
PixelHit 1224, 1170, 18.2281, 0
PixelHit 1224, 1171, 9.33268, 0
PixelHit 1224, 1172, 3.34353, 0
PixelHit 1225, 1167, 2.92379, 0
PixelHit 1225, 1168, 6.60661, 0
PixelHit 1225, 1169, 28.7301, 0
PixelHit 1225, 1170, 23.2156, 0
PixelHit 1225, 1171, 13.9858, 0
PixelHit 1225, 1172, 0.943536, 0
PixelHit 1226, 1166, 3.86454, 0
PixelHit 1226, 1167, 5.428, 0
PixelHit 1226, 1168, 30.6538, 0
PixelHit 1226, 1169, 25.5427, 0
PixelHit 1226, 1170, 18.9244, 0
PixelHit 1226, 1171, 8.06446, 0
PixelHit 1226, 1172, 1.06196, 0
PixelHit 1227, 1166, 4.88682, 0
PixelHit 1227, 1167, 18.2283, 0
PixelHit 1227, 1168, 46.7321, 0
PixelHit 1227, 1169, 37.84, 0
PixelHit 1227, 1170, 23.1984, 0
PixelHit 1227, 1171, 5.38192, 0
PixelHit 1228, 1166, 12.1425, 0
PixelHit 1228, 1167, 19.0711, 0
PixelHit 1228, 1168, 58.3126, 0
PixelHit 1228, 1169, 49.247, 0
PixelHit 1228, 1170, 27.5231, 0
PixelHit 1228, 1171, 5.07452, 0
PixelHit 1229, 1166, 9.31357, 0
PixelHit 1229, 1167, 22.9549, 0
PixelHit 1229, 1168, 31.9777, 0
PixelHit 1229, 1169, 25.6977, 0
PixelHit 1229, 1170, 7.59306, 0
PixelHit 1230, 1165, 2.05342, 0
PixelHit 1230, 1166, 10.0182, 0
PixelHit 1230, 1167, 22.0546, 0
PixelHit 1230, 1168, 36.8632, 0
PixelHit 1230, 1169, 15.9481, 0
PixelHit 1230, 1170, 6.23694, 0
PixelHit 1231, 1165, 2.61854, 0
PixelHit 1231, 1166, 11.3693, 0
PixelHit 1231, 1167, 17.641, 0
PixelHit 1231, 1168, 24.4252, 0
PixelHit 1231, 1169, 4.27765, 0
PixelHit 1232, 1164, 2.3138, 0
PixelHit 1232, 1165, 6.51352, 0
PixelHit 1232, 1166, 10.9379, 0
PixelHit 1232, 1167, 23.2165, 0
PixelHit 1232, 1168, 12.924, 0
PixelHit 1232, 1169, 4.11565, 0
PixelHit 1232, 1170, 1.89084, 0
PixelHit 1233, 1164, 4.18942, 0
PixelHit 1233, 1165, 8.10329, 0
PixelHit 1233, 1166, 19.6628, 0
PixelHit 1233, 1167, 17.3287, 0
PixelHit 1233, 1168, 7.5836, 0
PixelHit 1233, 1169, 2.67255, 0
PixelHit 1233, 1170, 2.56213, 0
PixelHit 1234, 1164, 1.97425, 0
PixelHit 1234, 1165, 14.1856, 0
PixelHit 1234, 1166, 20.7097, 0
PixelHit 1234, 1167, 15.4392, 0
PixelHit 1234, 1168, 13.3162, 0
PixelHit 1234, 1169, 2.87707, 0
PixelHit 1235, 1164, 7.17178, 0
PixelHit 1235, 1165, 15.4644, 0
PixelHit 1235, 1166, 27.0519, 0
PixelHit 1235, 1167, 9.99414, 0
PixelHit 1235, 1168, 2.81268, 0
PixelHit 1236, 1163, 1.54788, 0
PixelHit 1236, 1164, 13.6153, 0
PixelHit 1236, 1165, 15.8929, 0
PixelHit 1236, 1166, 26.2704, 0
PixelHit 1236, 1167, 7.49593, 0
PixelHit 1236, 1168, 2.36372, 0
PixelHit 1237, 1163, 2.94458, 0
PixelHit 1237, 1164, 11.9415, 0
PixelHit 1237, 1165, 24.0968, 0
PixelHit 1237, 1166, 14.2785, 0
PixelHit 1237, 1167, 4.57829, 0
PixelHit 1238, 1162, 0.19381, 0
PixelHit 1238, 1163, 11.0758, 0
PixelHit 1238, 1164, 11.4804, 0
PixelHit 1238, 1165, 16.7523, 0
PixelHit 1238, 1166, 7.26522, 0
PixelHit 1238, 1167, 2.53943, 0
PixelHit 1238, 1168, 0.693534, 0
PixelHit 1239, 1162, 2.86791, 0
PixelHit 1239, 1163, 11.3785, 0
PixelHit 1239, 1164, 11.7465, 0
PixelHit 1239, 1165, 7.37877, 0
PixelHit 1239, 1166, 2.95802, 0
PixelHit 1240, 1161, 1.10387, 0
PixelHit 1240, 1162, 1.95549, 0
PixelHit 1240, 1163, 7.1409, 0
PixelHit 1240, 1164, 5.38427, 0
PixelHit 1241, 1162, 2.29229, 0
PixelHit 1241, 1164, 4.93403, 0
PixelHit 1241, 1165, 0.73892, 0
PixelHit 1241, 1166, 1.36726, 0
PixelHit 1242, 1164, 3.7343, 0
=== 81 ===
=== 82 ===
=== 83 ===
=== 84 ===
=== 85 ===
=== 86 ===
=== 87 ===
=== 88 ===
=== 89 ===
=== 90 ===
=== 91 ===
=== 92 ===
=== 93 ===
=== 94 ===
=== 95 ===
=== 96 ===
=== 97 ===
=== 98 ===
=== 99 ===
=== 100 ===
# 2320 objects from 7 messages
