# Allpix Squared ASCII data - https://cern.ch/allpix-squared

=== 1 ===
=== 2 ===
=== 3 ===
=== 4 ===
=== 5 ===
=== 6 ===
=== 7 ===
=== 8 ===
=== 9 ===
=== 10 ===
=== 11 ===
=== 12 ===
=== 13 ===
=== 14 ===
=== 15 ===
=== 16 ===
=== 17 ===
=== 18 ===
=== 19 ===
=== 20 ===
=== 21 ===
=== 22 ===
=== 23 ===
=== 24 ===
=== 25 ===
=== 26 ===
=== 27 ===
=== 28 ===
=== 29 ===
=== 30 ===
=== 31 ===
=== 32 ===
=== 33 ===
--- mydetector ---
PixelHit 1137, 1043, 2.34402, 0
PixelHit 1138, 1042, 1.6599, 0
PixelHit 1138, 1043, 40.4343, 0
PixelHit 1138, 1044, 2.47304, 0
PixelHit 1139, 1041, 13.7078, 0
PixelHit 1139, 1042, 63.0962, 0
PixelHit 1139, 1043, 12.2344, 0
PixelHit 1139, 1044, 0.0978301, 0
PixelHit 1140, 1041, 56.104, 0
PixelHit 1140, 1042, 82.1606, 0
PixelHit 1140, 1043, 1.66259, 0
PixelHit 1141, 1039, 1.88772, 0
PixelHit 1141, 1040, 14.9461, 0
PixelHit 1141, 1041, 27.5795, 0
PixelHit 1141, 1042, 3.5201, 0
PixelHit 1142, 1038, 3.94716, 0
PixelHit 1142, 1039, 17.8026, 0
PixelHit 1142, 1040, 31.7544, 0
PixelHit 1142, 1041, 8.23395, 0
PixelHit 1143, 1037, 1.65804, 0
PixelHit 1143, 1038, 7.95285, 0
PixelHit 1143, 1039, 30.7369, 0
PixelHit 1143, 1040, 8.51602, 0
PixelHit 1143, 1041, 3.89199, 0
PixelHit 1144, 1036, 1.93083, 0
PixelHit 1144, 1037, 18.2453, 0
PixelHit 1144, 1038, 26.4573, 0
PixelHit 1145, 1036, 5.31631, 0
PixelHit 1145, 1037, 40.4083, 0
PixelHit 1145, 1038, 38.755, 0
PixelHit 1145, 1039, 5.49896, 0
PixelHit 1146, 1035, 6.37107, 0
PixelHit 1146, 1036, 14.4477, 0
PixelHit 1146, 1037, 17.4383, 0
PixelHit 1146, 1038, 3.7723, 0
PixelHit 1147, 1033, 1.60539, 0
PixelHit 1147, 1034, 15.7857, 0
PixelHit 1147, 1035, 35.557, 0
PixelHit 1147, 1036, 23.9762, 0
PixelHit 1147, 1037, 6.66733, 0
PixelHit 1148, 1033, 8.45875, 0
PixelHit 1148, 1034, 37.7006, 0
PixelHit 1148, 1035, 36.6228, 0
PixelHit 1148, 1036, 17.4489, 0
PixelHit 1148, 1037, 1.82184, 0
PixelHit 1149, 1032, -0.00936176, 0
PixelHit 1149, 1033, 19.9302, 0
PixelHit 1149, 1034, 48.0403, 0
PixelHit 1149, 1035, 39.6602, 0
PixelHit 1149, 1036, 12.5332, 0
PixelHit 1149, 1037, 2.87838, 0
PixelHit 1150, 1031, 4.66931, 0
PixelHit 1150, 1032, 6.30665, 0
PixelHit 1150, 1033, 31.2282, 0
PixelHit 1150, 1034, 14.0083, 0
PixelHit 1150, 1035, 6.61622, 0
PixelHit 1151, 1029, 3.3244, 0
PixelHit 1151, 1030, 2.18713, 0
PixelHit 1151, 1031, 18.8079, 0
PixelHit 1151, 1032, 17.9861, 0
PixelHit 1151, 1033, 17.8558, 0
PixelHit 1151, 1034, 5.60356, 0
PixelHit 1151, 1035, 2.17866, 0
PixelHit 1152, 1029, 2.52228, 0
PixelHit 1152, 1030, 8.2726, 0
PixelHit 1152, 1031, 32.7932, 0
PixelHit 1152, 1032, 23.4575, 0
PixelHit 1152, 1033, 2.24364, 0
PixelHit 1152, 1034, 2.2177, 0
PixelHit 1153, 1029, 9.92298, 0
PixelHit 1153, 1030, 12.5253, 0
PixelHit 1153, 1031, 14.3077, 0
PixelHit 1153, 1032, 6.44215, 0
PixelHit 1153, 1033, 3.1108, 0
PixelHit 1154, 1027, 4.35071, 0
PixelHit 1154, 1028, 5.25108, 0
PixelHit 1154, 1029, 8.97995, 0
PixelHit 1154, 1030, 11.595, 0
PixelHit 1154, 1031, 14.3801, 0
PixelHit 1154, 1032, 1.3712, 0
PixelHit 1155, 1026, 4.22115, 0
PixelHit 1155, 1027, 8.66947, 0
PixelHit 1155, 1028, 22.7871, 0
PixelHit 1155, 1029, 22.1025, 0
PixelHit 1155, 1030, 12.9811, 0
PixelHit 1155, 1031, 4.45487, 0
PixelHit 1156, 1024, -0.314483, 0
PixelHit 1156, 1025, 5.38351, 0
PixelHit 1156, 1026, 15.33, 0
PixelHit 1156, 1027, 17.6881, 0
PixelHit 1156, 1028, 13.8912, 0
PixelHit 1156, 1029, 10.4498, 0
PixelHit 1156, 1030, 7.37861, 0
PixelHit 1157, 1024, 3.23845, 0
PixelHit 1157, 1025, 24.0405, 0
PixelHit 1157, 1026, 35.0271, 0
PixelHit 1157, 1027, 38.7078, 0
PixelHit 1157, 1028, 28.7377, 0
PixelHit 1157, 1029, 5.63133, 0
PixelHit 1158, 1024, 4.89266, 0
PixelHit 1158, 1025, 35.0391, 0
PixelHit 1158, 1026, 61.484, 0
PixelHit 1158, 1027, 57.5258, 0
PixelHit 1158, 1028, 32.2573, 0
PixelHit 1158, 1029, 5.56866, 0
PixelHit 1159, 1022, 1.75388, 0
PixelHit 1159, 1023, 4.83097, 0
PixelHit 1159, 1024, 31.6918, 0
PixelHit 1159, 1025, 31.4673, 0
PixelHit 1159, 1026, 58.1594, 0
PixelHit 1159, 1027, 37.1987, 0
PixelHit 1159, 1028, 20.4421, 0
PixelHit 1159, 1030, 1.393, 0
PixelHit 1160, 1021, 2.13676, 0
PixelHit 1160, 1023, 12.6819, 0
PixelHit 1160, 1024, 19.0901, 0
PixelHit 1160, 1025, 20.7817, 0
PixelHit 1160, 1026, 31.3172, 0
PixelHit 1160, 1027, 10.7603, 0
PixelHit 1160, 1028, 4.89914, 0
PixelHit 1161, 1020, 2.90291, 0
PixelHit 1161, 1021, 5.26835, 0
PixelHit 1161, 1022, 11.6796, 0
PixelHit 1161, 1023, 29.2597, 0
PixelHit 1161, 1024, 25.1658, 0
PixelHit 1161, 1025, 19.5238, 0
PixelHit 1161, 1026, 14.2676, 0
PixelHit 1161, 1027, 6.79912, 0
PixelHit 1161, 1028, 2.02581, 0
PixelHit 1162, 1019, 4.92442, 0
PixelHit 1162, 1020, 5.44435, 0
PixelHit 1162, 1021, 16.4732, 0
PixelHit 1162, 1022, 18.7019, 0
PixelHit 1162, 1023, 32.3761, 0
PixelHit 1162, 1024, 26.369, 0
PixelHit 1162, 1025, 8.74769, 0
PixelHit 1162, 1026, 2.35986, 0
PixelHit 1162, 1028, 2.54596, 0
PixelHit 1163, 1020, 14.1155, 0
PixelHit 1163, 1021, 24.4979, 0
PixelHit 1163, 1022, 39.4017, 0
PixelHit 1163, 1023, 37.6288, 0
PixelHit 1163, 1024, 15.211, 0
PixelHit 1163, 1025, 4.50701, 0
PixelHit 1164, 1019, 1.24937, 0
PixelHit 1164, 1020, 8.2991, 0
PixelHit 1164, 1021, 40.6092, 0
PixelHit 1164, 1022, 34.091, 0
PixelHit 1164, 1023, 23.0514, 0
PixelHit 1164, 1024, 9.24758, 0
PixelHit 1165, 1019, 4.18508, 0
PixelHit 1165, 1020, 15.5606, 0
PixelHit 1165, 1021, 24.4809, 0
PixelHit 1165, 1022, 17.9819, 0
PixelHit 1165, 1023, 15.4555, 0
PixelHit 1165, 1024, 3.98725, 0
PixelHit 1165, 1025, 2.80353, 0
PixelHit 1166, 1019, 8.12362, 0
PixelHit 1166, 1020, 10.3875, 0
PixelHit 1166, 1021, 13.8409, 0
PixelHit 1166, 1022, 8.59726, 0
PixelHit 1166, 1023, 7.19858, 0
PixelHit 1167, 1018, 5.40086, 0
PixelHit 1167, 1019, 3.05648, 0
PixelHit 1167, 1020, 6.17793, 0
PixelHit 1167, 1021, 7.84036, 0
PixelHit 1167, 1022, 1.54439, 0
PixelHit 1168, 1016, 2.2842, 0
PixelHit 1168, 1019, 1.84328, 0
PixelHit 1168, 1020, 2.9508, 0
PixelHit 1168, 1021, 1.13199, 0
PixelHit 1335, 1246, 4.21944, 0
PixelHit 1335, 1247, 42.6596, 0
PixelHit 1336, 1245, 7.70997, 0
PixelHit 1336, 1246, 118.283, 0
PixelHit 1336, 1247, 55.0563, 0
PixelHit 1337, 1244, 5.47901, 0
PixelHit 1337, 1245, 59.0454, 0
PixelHit 1337, 1246, 66.992, 0
PixelHit 1337, 1247, 0.941943, 0
PixelHit 1338, 1242, 1.75651, 0
PixelHit 1338, 1243, 7.29825, 0
PixelHit 1338, 1244, 53.8564, 0
PixelHit 1338, 1245, 55.7989, 0
PixelHit 1338, 1246, 3.70814, 0
PixelHit 1339, 1242, 15.7594, 0
PixelHit 1339, 1243, 64.0643, 0
PixelHit 1339, 1244, 44.0827, 0
PixelHit 1339, 1245, 4.29889, 0
PixelHit 1340, 1240, 2.47994, 0
PixelHit 1340, 1241, 8.83795, 0
PixelHit 1340, 1242, 37.3863, 0
PixelHit 1340, 1243, 60.9725, 0
PixelHit 1340, 1244, 19.4349, 0
PixelHit 1341, 1240, 10.2808, 0
PixelHit 1341, 1241, 30.4656, 0
PixelHit 1341, 1242, 37.514, 0
PixelHit 1341, 1243, 25.2689, 0
PixelHit 1342, 1239, 9.50207, 0
PixelHit 1342, 1240, 17.4481, 0
PixelHit 1342, 1241, 22.534, 0
PixelHit 1342, 1242, 22.4756, 0
PixelHit 1342, 1243, 2.01695, 0
PixelHit 1343, 1237, 2.80163, 0
PixelHit 1343, 1238, 0.586287, 0
PixelHit 1343, 1239, 24.4112, 0
PixelHit 1343, 1240, 25.0263, 0
PixelHit 1343, 1241, 7.69932, 0
PixelHit 1344, 1237, 10.8851, 0
PixelHit 1344, 1238, 21.1537, 0
PixelHit 1344, 1239, 25.1029, 0
PixelHit 1344, 1240, 6.58146, 0
PixelHit 1344, 1241, 7.88367, 0
PixelHit 1345, 1236, 4.44068, 0
PixelHit 1345, 1237, 26.9111, 0
PixelHit 1345, 1238, 58.1419, 0
PixelHit 1345, 1239, 25.0115, 0
PixelHit 1345, 1240, 2.05706, 0
PixelHit 1346, 1235, 5.85008, 0
PixelHit 1346, 1236, 16.8077, 0
PixelHit 1346, 1237, 20.6457, 0
PixelHit 1346, 1238, 28.2299, 0
PixelHit 1346, 1239, 12.8117, 0
PixelHit 1347, 1234, 7.67869, 0
PixelHit 1347, 1235, 9.86051, 0
PixelHit 1347, 1236, 36.238, 0
PixelHit 1347, 1237, 21.3847, 0
PixelHit 1347, 1238, 6.40606, 0
PixelHit 1347, 1239, 2.19766, 0
PixelHit 1348, 1234, 9.12673, 0
PixelHit 1348, 1235, 13.463, 0
PixelHit 1348, 1236, 14.4, 0
PixelHit 1348, 1237, 3.75714, 0
PixelHit 1348, 1238, 2.74758, 0
PixelHit 1349, 1230, 1.52155, 0
PixelHit 1349, 1231, 1.98828, 0
PixelHit 1349, 1232, 4.12978, 0
PixelHit 1349, 1233, 11.7913, 0
PixelHit 1349, 1234, 5.90059, 0
PixelHit 1349, 1235, 4.49111, 0
PixelHit 1349, 1236, 4.72832, 0
PixelHit 1350, 1230, 9.61988, 0
PixelHit 1350, 1231, 27.5762, 0
PixelHit 1350, 1232, 24.8959, 0
PixelHit 1350, 1233, 26.9544, 0
PixelHit 1350, 1234, 14.7576, 0
PixelHit 1350, 1235, 6.02691, 0
PixelHit 1351, 1229, 2.95494, 0
PixelHit 1351, 1230, 38.263, 0
PixelHit 1351, 1231, 93.4656, 0
PixelHit 1351, 1232, 81.4189, 0
PixelHit 1351, 1233, 35.9078, 0
PixelHit 1351, 1234, 10.3846, 0
PixelHit 1351, 1235, 3.81222, 0
PixelHit 1352, 1228, 0.982588, 0
PixelHit 1352, 1229, 20.5435, 0
PixelHit 1352, 1230, 58.0088, 0
PixelHit 1352, 1231, 169.198, 0
PixelHit 1352, 1232, 148.053, 0
PixelHit 1352, 1233, 65.895, 0
PixelHit 1352, 1234, 9.25644, 0
PixelHit 1353, 1226, 2.25163, 0
PixelHit 1353, 1227, 5.73966, 0
PixelHit 1353, 1228, 10.3082, 0
PixelHit 1353, 1229, 26.6417, 0
PixelHit 1353, 1230, 47.6081, 0
PixelHit 1353, 1231, 102.06, 0
PixelHit 1353, 1232, 89.4379, 0
PixelHit 1353, 1233, 23.8317, 0
PixelHit 1353, 1234, 10.0194, 0
PixelHit 1354, 1226, 3.22944, 0
PixelHit 1354, 1227, 19.1169, 0
PixelHit 1354, 1228, 55.2776, 0
PixelHit 1354, 1229, 56.5419, 0
PixelHit 1354, 1230, 35.7034, 0
PixelHit 1354, 1231, 47.8522, 0
PixelHit 1354, 1232, 19.3572, 0
PixelHit 1354, 1233, 4.22416, 0
PixelHit 1354, 1234, 2.30878, 0
PixelHit 1355, 1226, 9.73292, 0
PixelHit 1355, 1227, 38.323, 0
PixelHit 1355, 1228, 90.2749, 0
PixelHit 1355, 1229, 84.3958, 0
PixelHit 1355, 1230, 48.5198, 0
PixelHit 1355, 1231, 19.3267, 0
PixelHit 1355, 1232, 3.20913, 0
PixelHit 1356, 1225, 5.39373, 0
PixelHit 1356, 1226, 9.78941, 0
PixelHit 1356, 1227, 41.3176, 0
PixelHit 1356, 1228, 82.9135, 0
PixelHit 1356, 1229, 74.8741, 0
PixelHit 1356, 1230, 40.9993, 0
PixelHit 1356, 1231, 9.63687, 0
PixelHit 1356, 1232, 2.18105, 0
PixelHit 1357, 1224, 2.76146, 0
PixelHit 1357, 1225, 3.99934, 0
PixelHit 1357, 1226, 12.8031, 0
PixelHit 1357, 1227, 26.0378, 0
PixelHit 1357, 1228, 32.3436, 0
PixelHit 1357, 1229, 29.4786, 0
PixelHit 1357, 1230, 7.56654, 0
PixelHit 1358, 1222, 2.1312, 0
PixelHit 1358, 1223, 4.59705, 0
PixelHit 1358, 1224, 9.32407, 0
PixelHit 1358, 1225, 18.0479, 0
PixelHit 1358, 1226, 14.8893, 0
PixelHit 1358, 1227, 12.3315, 0
PixelHit 1358, 1228, 6.51535, 0
PixelHit 1358, 1229, 7.38993, 0
PixelHit 1359, 1221, 1.457, 0
PixelHit 1359, 1222, 5.69688, 0
PixelHit 1359, 1223, 6.76233, 0
PixelHit 1359, 1224, 16.6144, 0
PixelHit 1359, 1225, 28.2193, 0
PixelHit 1359, 1226, 13.3283, 0
PixelHit 1359, 1227, 5.5584, 0
PixelHit 1359, 1228, 6.93796, 0
PixelHit 1360, 1221, 1.95974, 0
PixelHit 1360, 1222, 14.6199, 0
PixelHit 1360, 1223, 15.9345, 0
PixelHit 1360, 1224, 25.5039, 0
PixelHit 1360, 1225, 26.1773, 0
PixelHit 1360, 1226, 16.0178, 0
PixelHit 1360, 1227, 4.38133, 0
PixelHit 1361, 1220, 2.0093, 0
PixelHit 1361, 1222, 8.98679, 0
PixelHit 1361, 1223, 25.2894, 0
PixelHit 1361, 1224, 23.3497, 0
PixelHit 1361, 1225, 14.6934, 0
PixelHit 1361, 1226, 4.83098, 0
PixelHit 1361, 1227, 3.15017, 0
PixelHit 1362, 1220, 1.83431, 0
PixelHit 1362, 1221, 2.36886, 0
PixelHit 1362, 1222, 8.04329, 0
PixelHit 1362, 1223, 21.2655, 0
PixelHit 1362, 1224, 13.3921, 0
PixelHit 1362, 1225, 11.5367, 0
PixelHit 1362, 1226, 5.15973, 0
PixelHit 1363, 1222, 9.18116, 0
PixelHit 1363, 1223, 7.21239, 0
PixelHit 1363, 1224, 6.44206, 0
PixelHit 1363, 1225, 3.96135, 0
PixelHit 1364, 1220, 2.28048, 0
PixelHit 1364, 1223, 2.57142, 0
PixelHit 1364, 1224, 4.90776, 0
PixelHit 1364, 1225, 0.547405, 0
=== 34 ===
=== 35 ===
=== 36 ===
--- mydetector ---
PixelHit 1177, 1017, 33.8067, 0
PixelHit 1177, 1018, 7.32193, 0
PixelHit 1178, 1016, 9.87156, 0
PixelHit 1178, 1017, 40.7222, 0
PixelHit 1178, 1018, 6.60981, 0
PixelHit 1179, 1015, 4.50974, 0
PixelHit 1179, 1016, 20.5568, 0
PixelHit 1179, 1017, 12.6444, 0
PixelHit 1180, 1014, 14.376, 0
PixelHit 1180, 1015, 34.8355, 0
PixelHit 1180, 1016, 9.56008, 0
PixelHit 1181, 1013, 2.42402, 0
PixelHit 1181, 1014, 14.1082, 0
PixelHit 1181, 1015, 32.757, 0
PixelHit 1181, 1016, 4.3289, 0
PixelHit 1182, 1011, 2.17892, 0
PixelHit 1182, 1013, 15.0073, 0
PixelHit 1182, 1014, 8.50058, 0
PixelHit 1183, 1011, 8.63679, 0
PixelHit 1183, 1012, 29.3342, 0
PixelHit 1183, 1013, 28.2008, 0
PixelHit 1183, 1014, 15.677, 0
PixelHit 1184, 1009, 0.278101, 0
PixelHit 1184, 1010, 3.77464, 0
PixelHit 1184, 1011, 31.0865, 0
PixelHit 1184, 1012, 76.7832, 0
PixelHit 1184, 1013, 27.2804, 0
PixelHit 1184, 1014, 1.74127, 0
PixelHit 1185, 1010, 7.74709, 0
PixelHit 1185, 1011, 30.4694, 0
PixelHit 1185, 1012, 28.3831, 0
PixelHit 1185, 1013, 5.83883, 0
PixelHit 1186, 1010, 7.34347, 0
PixelHit 1186, 1011, 6.13696, 0
PixelHit 1186, 1012, 5.02956, 0
PixelHit 1187, 1008, 3.40772, 0
PixelHit 1187, 1010, 7.59682, 0
PixelHit 1188, 1007, 7.86214, 0
PixelHit 1188, 1008, 12.3783, 0
PixelHit 1188, 1009, 7.09701, 0
PixelHit 1188, 1010, 3.63929, 0
PixelHit 1189, 1006, 5.52094, 0
PixelHit 1189, 1007, 18.4477, 0
PixelHit 1189, 1008, 18.9859, 0
PixelHit 1189, 1009, 9.75589, 0
PixelHit 1189, 1010, 0.999185, 0
PixelHit 1190, 1005, 3.0353, 0
PixelHit 1190, 1006, 4.58728, 0
PixelHit 1190, 1007, 12.3362, 0
PixelHit 1190, 1008, 16.6861, 0
PixelHit 1190, 1009, 5.82383, 0
PixelHit 1191, 1004, 0.335696, 0
PixelHit 1191, 1005, 6.525, 0
PixelHit 1191, 1006, 6.34668, 0
PixelHit 1191, 1007, 10.9062, 0
PixelHit 1191, 1008, 3.788, 0
PixelHit 1191, 1009, 4.33671, 0
PixelHit 1191, 1010, 2.54132, 0
PixelHit 1192, 1002, 2.45966, 0
PixelHit 1192, 1003, 5.27952, 0
PixelHit 1192, 1004, 16.7077, 0
PixelHit 1192, 1005, 17.7905, 0
PixelHit 1192, 1006, 13.3769, 0
PixelHit 1192, 1007, 6.12692, 0
PixelHit 1192, 1008, 1.47853, 0
PixelHit 1193, 1002, 3.33128, 0
PixelHit 1193, 1003, 11.7869, 0
PixelHit 1193, 1004, 27.7634, 0
PixelHit 1193, 1005, 31.3014, 0
PixelHit 1193, 1006, 15.1772, 0
PixelHit 1193, 1007, 3.0149, 0
PixelHit 1194, 1001, 7.01071, 0
PixelHit 1194, 1002, 14.7933, 0
PixelHit 1194, 1003, 45.2982, 0
PixelHit 1194, 1004, 56.2085, 0
PixelHit 1194, 1005, 23.8385, 0
PixelHit 1194, 1006, 17.9143, 0
PixelHit 1194, 1007, 4.82999, 0
PixelHit 1195, 1000, 1.91436, 0
PixelHit 1195, 1001, 16.3057, 0
PixelHit 1195, 1002, 29.5747, 0
PixelHit 1195, 1003, 56.6915, 0
PixelHit 1195, 1004, 30.5556, 0
PixelHit 1195, 1005, 10.0784, 0
PixelHit 1195, 1006, 3.26268, 0
PixelHit 1196, 1000, 3.15302, 0
PixelHit 1196, 1001, 10.0826, 0
PixelHit 1196, 1002, 37.7527, 0
PixelHit 1196, 1003, 41.3389, 0
PixelHit 1196, 1004, 20.9477, 0
PixelHit 1196, 1005, 3.97908, 0
PixelHit 1197, 998, 2.08748, 0
PixelHit 1197, 999, 0.429582, 0
PixelHit 1197, 1000, 6.5682, 0
PixelHit 1197, 1001, 5.60616, 0
PixelHit 1197, 1002, 18.5724, 0
PixelHit 1197, 1003, 16.3228, 0
PixelHit 1197, 1004, 9.68456, 0
PixelHit 1197, 1005, 3.17017, 0
PixelHit 1198, 997, 2.15644, 0
PixelHit 1198, 998, 3.08422, 0
PixelHit 1198, 999, 12.6687, 0
PixelHit 1198, 1000, 12.1034, 0
PixelHit 1198, 1001, 10.0719, 0
PixelHit 1198, 1002, 4.11591, 0
PixelHit 1198, 1003, 3.78166, 0
PixelHit 1198, 1004, 2.05535, 0
PixelHit 1199, 998, 4.07756, 0
PixelHit 1199, 999, 18.0375, 0
PixelHit 1199, 1000, 20.6107, 0
PixelHit 1199, 1001, 10.1598, 0
PixelHit 1199, 1002, 1.76628, 0
PixelHit 1199, 1004, 2.03116, 0
PixelHit 1200, 995, 2.42601, 0
PixelHit 1200, 997, 11.3306, 0
PixelHit 1200, 998, 23.3072, 0
PixelHit 1200, 999, 29.7557, 0
PixelHit 1200, 1000, 30.6669, 0
PixelHit 1200, 1001, 11.9184, 0
PixelHit 1200, 1002, 4.40314, 0
PixelHit 1201, 995, 3.26085, 0
PixelHit 1201, 996, 6.22607, 0
PixelHit 1201, 997, 11.758, 0
PixelHit 1201, 998, 33.2666, 0
PixelHit 1201, 999, 22.6307, 0
PixelHit 1201, 1000, 9.08314, 0
PixelHit 1201, 1001, 1.9095, 0
PixelHit 1202, 995, 9.02057, 0
PixelHit 1202, 996, 9.1353, 0
PixelHit 1202, 997, 10.2214, 0
PixelHit 1202, 998, 15.6775, 0
PixelHit 1202, 999, 17.5937, 0
PixelHit 1202, 1000, 5.60476, 0
PixelHit 1202, 1001, 2.63343, 0
PixelHit 1203, 994, 3.04937, 0
PixelHit 1203, 995, 6.12657, 0
PixelHit 1203, 996, 19.7241, 0
PixelHit 1203, 997, 15.977, 0
PixelHit 1203, 998, 13.427, 0
PixelHit 1203, 999, 5.85096, 0
PixelHit 1204, 992, 1.8734, 0
PixelHit 1204, 993, 2.62139, 0
PixelHit 1204, 994, 6.8704, 0
PixelHit 1204, 995, 7.61308, 0
PixelHit 1204, 996, 18.4782, 0
PixelHit 1204, 997, 7.81594, 0
PixelHit 1204, 998, 5.52715, 0
PixelHit 1204, 999, 1.30773, 0
PixelHit 1205, 993, 4.42006, 0
PixelHit 1205, 994, 13.768, 0
PixelHit 1205, 995, 17.9602, 0
PixelHit 1205, 996, 14.853, 0
PixelHit 1205, 997, 3.85634, 0
PixelHit 1205, 998, 1.45655, 0
PixelHit 1206, 993, 2.42853, 0
PixelHit 1206, 994, 3.3339, 0
PixelHit 1206, 995, 5.89534, 0
PixelHit 1206, 996, 13.7944, 0
PixelHit 1206, 997, 6.19876, 0
PixelHit 1206, 998, -0.156227, 0
PixelHit 1207, 994, 3.55663, 0
PixelHit 1207, 996, 2.82929, 0
PixelHit 1208, 995, 2.50834, 0
=== 37 ===
=== 38 ===
=== 39 ===
=== 40 ===
=== 41 ===
=== 42 ===
=== 43 ===
=== 44 ===
=== 45 ===
=== 46 ===
=== 47 ===
=== 48 ===
=== 49 ===
=== 50 ===
=== 51 ===
=== 52 ===
=== 53 ===
=== 54 ===
=== 55 ===
=== 56 ===
=== 57 ===
=== 58 ===
=== 59 ===
=== 60 ===
=== 61 ===
=== 62 ===
=== 63 ===
=== 64 ===
=== 65 ===
=== 66 ===
=== 67 ===
=== 68 ===
=== 69 ===
=== 70 ===
=== 71 ===
=== 72 ===
=== 73 ===
=== 74 ===
=== 75 ===
=== 76 ===
=== 77 ===
=== 78 ===
=== 79 ===
=== 80 ===
=== 81 ===
=== 82 ===
=== 83 ===
=== 84 ===
=== 85 ===
=== 86 ===
=== 87 ===
=== 88 ===
=== 89 ===
=== 90 ===
=== 91 ===
=== 92 ===
=== 93 ===
=== 94 ===
=== 95 ===
=== 96 ===
=== 97 ===
=== 98 ===
=== 99 ===
=== 100 ===
# 509 objects from 2 messages
