# Allpix Squared ASCII data - https://cern.ch/allpix-squared

=== 1 ===
=== 2 ===
=== 3 ===
=== 4 ===
=== 5 ===
--- mydetector ---
PixelHit 1062, 1309, 1.83569, 0
PixelHit 1063, 1308, 18.0788, 0
PixelHit 1063, 1309, 98.803, 0
PixelHit 1063, 1310, 4.30063, 0
PixelHit 1064, 1307, 4.48364, 0
PixelHit 1064, 1308, 69.3021, 0
PixelHit 1064, 1309, 18.6859, 0
PixelHit 1065, 1306, 4.27438, 0
PixelHit 1065, 1307, 19.2221, 0
PixelHit 1065, 1308, 5.70892, 0
PixelHit 1066, 1305, 6.52435, 0
PixelHit 1066, 1306, 32.5752, 0
PixelHit 1066, 1307, 5.66856, 0
PixelHit 1067, 1304, 2.25592, 0
PixelHit 1067, 1305, 20.3133, 0
PixelHit 1067, 1306, 24.3346, 0
PixelHit 1067, 1307, 2.85714, 0
PixelHit 1068, 1303, 2.5469, 0
PixelHit 1068, 1304, 13.8172, 0
PixelHit 1068, 1305, 13.945, 0
PixelHit 1068, 1306, 3.26213, 0
PixelHit 1069, 1302, 4.406, 0
PixelHit 1069, 1303, 49.6681, 0
PixelHit 1069, 1304, 46.7665, 0
PixelHit 1069, 1305, 3.8481, 0
PixelHit 1070, 1302, 7.93584, 0
PixelHit 1070, 1303, 48.1656, 0
PixelHit 1070, 1304, 16.7336, 0
PixelHit 1071, 1301, 7.95484, 0
PixelHit 1071, 1302, 8.66872, 0
PixelHit 1071, 1303, 4.85931, 0
PixelHit 1071, 1304, 2.82168, 0
PixelHit 1072, 1300, 3.70482, 0
PixelHit 1072, 1301, 37.2666, 0
PixelHit 1072, 1302, 13.466, 0
PixelHit 1073, 1298, 3.49727, 0
PixelHit 1073, 1299, 18.5723, 0
PixelHit 1073, 1300, 13.2828, 0
PixelHit 1073, 1301, 18.6172, 0
PixelHit 1073, 1302, 4.83054, 0
PixelHit 1074, 1298, 20.8926, 0
PixelHit 1074, 1299, 104.898, 0
PixelHit 1074, 1300, 42.5583, 0
PixelHit 1074, 1301, 2.21072, 0
PixelHit 1075, 1296, 2.25506, 0
PixelHit 1075, 1297, 5.79757, 0
PixelHit 1075, 1298, 33.1602, 0
PixelHit 1075, 1299, 48.0846, 0
PixelHit 1075, 1300, 21.2103, 0
PixelHit 1075, 1301, 0.989791, 0
PixelHit 1076, 1295, 3.09404, 0
PixelHit 1076, 1296, 10.1108, 0
PixelHit 1076, 1297, 32.7611, 0
PixelHit 1076, 1298, 18.272, 0
PixelHit 1076, 1299, 6.59593, 0
PixelHit 1077, 1294, 3.24757, 0
PixelHit 1077, 1295, 11.0463, 0
PixelHit 1077, 1296, 25.2308, 0
PixelHit 1077, 1297, 50.4689, 0
PixelHit 1077, 1298, 13.1925, 0
PixelHit 1078, 1294, 1.55921, 0
PixelHit 1078, 1295, 33.3689, 0
PixelHit 1078, 1296, 65.5162, 0
PixelHit 1078, 1297, 18.0277, 0
PixelHit 1079, 1293, 1.24218, 0
PixelHit 1079, 1294, 9.87218, 0
PixelHit 1079, 1295, 47.4216, 0
PixelHit 1079, 1296, 35.3531, 0
PixelHit 1079, 1297, 6.2463, 0
PixelHit 1079, 1298, 1.46451, 0
PixelHit 1080, 1291, 1.42286, 0
PixelHit 1080, 1292, 3.16474, 0
PixelHit 1080, 1293, 12.2683, 0
PixelHit 1080, 1294, 12.016, 0
PixelHit 1080, 1295, 7.66001, 0
PixelHit 1080, 1296, 5.2759, 0
PixelHit 1081, 1291, 3.80811, 0
PixelHit 1081, 1292, 9.75064, 0
PixelHit 1081, 1293, 30.6435, 0
PixelHit 1081, 1294, 25.8522, 0
PixelHit 1081, 1295, 3.16788, 0
PixelHit 1082, 1290, 7.30287, 0
PixelHit 1082, 1291, 14.7333, 0
PixelHit 1082, 1292, 20.4071, 0
PixelHit 1082, 1293, 15.9763, 0
PixelHit 1082, 1294, 12.0507, 0
PixelHit 1083, 1289, 2.77581, 0
PixelHit 1083, 1290, 16.0683, 0
PixelHit 1083, 1291, 48.8129, 0
PixelHit 1083, 1292, 23.9562, 0
PixelHit 1083, 1293, 5.79934, 0
PixelHit 1083, 1294, 0.612213, 0
PixelHit 1084, 1288, 3.03827, 0
PixelHit 1084, 1289, 13.3703, 0
PixelHit 1084, 1290, 38.9847, 0
PixelHit 1084, 1291, 63.9433, 0
PixelHit 1084, 1292, 29.4346, 0
PixelHit 1084, 1293, 5.64774, 0
PixelHit 1085, 1288, 7.56387, 0
PixelHit 1085, 1289, 9.21945, 0
PixelHit 1085, 1290, 15.2739, 0
PixelHit 1085, 1291, 25.753, 0
PixelHit 1085, 1292, 3.79344, 0
PixelHit 1086, 1286, 2.87105, 0
PixelHit 1086, 1289, 8.97731, 0
PixelHit 1086, 1290, 14.365, 0
PixelHit 1086, 1291, 3.65477, 0
PixelHit 1087, 1286, 4.65187, 0
PixelHit 1087, 1287, 9.50617, 0
PixelHit 1087, 1288, 6.11916, 0
PixelHit 1087, 1289, 3.04136, 0
PixelHit 1088, 1285, 6.2193, 0
PixelHit 1088, 1286, 11.8254, 0
PixelHit 1088, 1287, 13.5347, 0
PixelHit 1088, 1288, 7.01614, 0
PixelHit 1089, 1285, 6.16792, 0
PixelHit 1089, 1286, 23.3145, 0
PixelHit 1089, 1287, 16.5813, 0
PixelHit 1089, 1288, 4.08978, 0
PixelHit 1090, 1284, 2.97294, 0
PixelHit 1090, 1285, 6.9177, 0
PixelHit 1090, 1286, 8.07713, 0
PixelHit 1090, 1287, 10.117, 0
PixelHit 1090, 1288, 3.71399, 0
PixelHit 1091, 1283, 2.83807, 0
PixelHit 1091, 1284, 5.50869, 0
PixelHit 1091, 1285, 3.86152, 0
PixelHit 1091, 1286, 8.03405, 0
PixelHit 1092, 1281, 3.39002, 0
PixelHit 1092, 1282, 4.98442, 0
PixelHit 1092, 1283, 9.7942, 0
PixelHit 1092, 1284, 10.4895, 0
PixelHit 1092, 1285, 3.88263, 0
PixelHit 1092, 1286, 1.17361, 0
PixelHit 1093, 1281, 3.3661, 0
PixelHit 1093, 1282, 8.51742, 0
PixelHit 1093, 1283, 13.0482, 0
PixelHit 1093, 1285, 1.36614, 0
PixelHit 1093, 1286, 2.57382, 0
PixelHit 1094, 1280, 3.42337, 0
PixelHit 1094, 1281, 2.21739, 0
PixelHit 1094, 1282, 7.27899, 0
PixelHit 1094, 1283, 9.06326, 0
PixelHit 1094, 1284, 0.811465, 0
PixelHit 1094, 1285, 1.78871, 0
PixelHit 1095, 1279, 6.59899, 0
PixelHit 1095, 1280, 7.18075, 0
PixelHit 1095, 1281, 2.86769, 0
PixelHit 1095, 1282, 7.9722, 0
PixelHit 1095, 1283, 3.76513, 0
PixelHit 1095, 1284, 4.5226, 0
PixelHit 1096, 1278, 6.84813, 0
PixelHit 1096, 1279, 18.8523, 0
PixelHit 1096, 1280, 10.2422, 0
PixelHit 1096, 1281, 9.94219, 0
PixelHit 1097, 1277, 3.79142, 0
PixelHit 1097, 1278, 12.7395, 0
PixelHit 1097, 1279, 29.2292, 0
PixelHit 1097, 1280, 21.7942, 0
PixelHit 1097, 1281, 8.69881, 0
PixelHit 1098, 1275, 0.478807, 0
PixelHit 1098, 1277, 9.8631, 0
PixelHit 1098, 1278, 20.5261, 0
PixelHit 1098, 1279, 16.4727, 0
PixelHit 1098, 1280, 11.6361, 0
PixelHit 1098, 1281, 2.61674, 0
PixelHit 1098, 1282, 1.02293, 0
PixelHit 1099, 1275, 2.99184, 0
PixelHit 1099, 1276, 11.823, 0
PixelHit 1099, 1277, 14.8087, 0
PixelHit 1099, 1278, 16.6661, 0
PixelHit 1099, 1279, 12.2726, 0
PixelHit 1099, 1280, 3.80726, 0
PixelHit 1099, 1281, 0.423461, 0
PixelHit 1100, 1274, 1.20454, 0
PixelHit 1100, 1275, 4.39725, 0
PixelHit 1100, 1276, 16.8323, 0
PixelHit 1100, 1277, 25.7458, 0
PixelHit 1100, 1278, 10.412, 0
PixelHit 1100, 1279, 5.45381, 0
PixelHit 1100, 1280, 3.12707, 0
PixelHit 1101, 1273, 2.74725, 0
PixelHit 1101, 1274, 6.97271, 0
PixelHit 1101, 1275, 18.2134, 0
PixelHit 1101, 1276, 22.0136, 0
PixelHit 1101, 1277, 22.3831, 0
PixelHit 1101, 1278, 3.19179, 0
PixelHit 1101, 1279, 2.85651, 0
PixelHit 1102, 1272, 0.324259, 0
PixelHit 1102, 1273, 4.67286, 0
PixelHit 1102, 1274, 8.26431, 0
PixelHit 1102, 1275, 10.2024, 0
PixelHit 1102, 1276, 11.3474, 0
PixelHit 1102, 1277, 7.01845, 0
PixelHit 1102, 1278, 2.39549, 0
PixelHit 1102, 1279, 2.11257, 0
PixelHit 1103, 1272, 1.83866, 0
PixelHit 1103, 1273, 2.47239, 0
PixelHit 1103, 1274, 8.14668, 0
PixelHit 1103, 1275, 13.3056, 0
PixelHit 1103, 1276, 3.15949, 0
PixelHit 1103, 1277, 4.01556, 0
PixelHit 1103, 1278, 2.41589, 0
PixelHit 1104, 1270, 3.78298, 0
PixelHit 1104, 1271, 3.95861, 0
PixelHit 1104, 1272, 5.54127, 0
PixelHit 1104, 1273, 15.7052, 0
PixelHit 1104, 1274, 13.2322, 0
PixelHit 1104, 1275, 7.26792, 0
PixelHit 1104, 1277, 0.710445, 0
PixelHit 1105, 1269, 2.78116, 0
PixelHit 1105, 1270, 12.0984, 0
PixelHit 1105, 1271, 30.7041, 0
PixelHit 1105, 1272, 29.9468, 0
PixelHit 1105, 1273, 12.3835, 0
PixelHit 1105, 1274, 4.15938, 0
PixelHit 1105, 1275, 3.56759, 0
PixelHit 1106, 1269, 5.89265, 0
PixelHit 1106, 1270, 26.9568, 0
PixelHit 1106, 1271, 51.9887, 0
PixelHit 1106, 1272, 46.1681, 0
PixelHit 1106, 1273, 19.6461, 0
PixelHit 1106, 1274, 4.82502, 0
PixelHit 1107, 1268, 2.51606, 0
PixelHit 1107, 1269, 7.66013, 0
PixelHit 1107, 1270, 17.4745, 0
PixelHit 1107, 1271, 42.0867, 0
PixelHit 1107, 1272, 32.0808, 0
PixelHit 1107, 1273, 6.94453, 0
PixelHit 1107, 1274, 4.55324, 0
PixelHit 1108, 1267, 5.06718, 0
PixelHit 1108, 1268, 3.13391, 0
PixelHit 1108, 1269, 7.7443, 0
PixelHit 1108, 1270, 11.8217, 0
PixelHit 1108, 1271, 17.9766, 0
PixelHit 1108, 1272, 8.79174, 0
PixelHit 1108, 1273, 4.2827, 0
PixelHit 1109, 1266, 2.50592, 0
PixelHit 1109, 1267, 13.5109, 0
PixelHit 1109, 1268, 8.30367, 0
PixelHit 1109, 1269, 13.3035, 0
PixelHit 1109, 1270, 4.45344, 0
PixelHit 1109, 1271, 4.87834, 0
PixelHit 1109, 1272, 1.67985, 0
PixelHit 1109, 1273, 2.70858, 0
PixelHit 1110, 1265, 4.89191, 0
PixelHit 1110, 1266, 6.99612, 0
PixelHit 1110, 1267, 22.767, 0
PixelHit 1110, 1268, 6.3328, 0
PixelHit 1110, 1269, 15.4666, 0
PixelHit 1110, 1270, 6.67729, 0
PixelHit 1110, 1271, 1.62857, 0
PixelHit 1111, 1265, 2.51299, 0
PixelHit 1111, 1266, 3.04766, 0
PixelHit 1111, 1267, 15.467, 0
PixelHit 1111, 1268, 23.73, 0
PixelHit 1111, 1269, 10.0722, 0
PixelHit 1111, 1270, 2.38681, 0
PixelHit 1112, 1265, 3.54526, 0
PixelHit 1112, 1266, 2.1723, 0
PixelHit 1112, 1267, 8.05389, 0
PixelHit 1112, 1268, 12.8053, 0
PixelHit 1112, 1269, 4.13191, 0
PixelHit 1113, 1263, 1.13467, 0
PixelHit 1113, 1265, 2.51593, 0
PixelHit 1113, 1266, 3.12921, 0
PixelHit 1113, 1267, 3.31551, 0
PixelHit 1113, 1268, 5.54255, 0
=== 6 ===
=== 7 ===
=== 8 ===
=== 9 ===
=== 10 ===
=== 11 ===
=== 12 ===
=== 13 ===
=== 14 ===
=== 15 ===
=== 16 ===
=== 17 ===
=== 18 ===
=== 19 ===
=== 20 ===
=== 21 ===
=== 22 ===
=== 23 ===
=== 24 ===
=== 25 ===
=== 26 ===
=== 27 ===
=== 28 ===
=== 29 ===
=== 30 ===
=== 31 ===
=== 32 ===
=== 33 ===
=== 34 ===
=== 35 ===
=== 36 ===
=== 37 ===
=== 38 ===
=== 39 ===
=== 40 ===
=== 41 ===
--- mydetector ---
PixelHit 853, 1313, 97.8008, 0
PixelHit 853, 1314, 12.6759, 0
PixelHit 854, 1311, 3.91747, 0
PixelHit 854, 1312, 53.1877, 0
PixelHit 854, 1313, 26.6831, 0
PixelHit 855, 1311, 33.5005, 0
PixelHit 855, 1312, 295.225, 0
PixelHit 855, 1313, 18.1137, 0
PixelHit 856, 1310, 2.79542, 0
PixelHit 856, 1311, 52.2029, 0
PixelHit 856, 1312, 9.18268, 0
PixelHit 857, 1309, 5.16553, 0
PixelHit 857, 1310, 27.9065, 0
PixelHit 857, 1311, 2.69097, 0
PixelHit 858, 1308, 5.59979, 0
PixelHit 858, 1309, 43.8918, 0
PixelHit 858, 1310, 14.4988, 0
PixelHit 859, 1307, 10.5311, 0
PixelHit 859, 1308, 48.1188, 0
PixelHit 859, 1309, 53.8612, 0
PixelHit 859, 1310, 4.35825, 0
PixelHit 860, 1306, 3.89045, 0
PixelHit 860, 1307, 36.0994, 0
PixelHit 860, 1308, 31.8649, 0
PixelHit 860, 1309, 7.28461, 0
PixelHit 861, 1305, 2.46165, 0
PixelHit 861, 1306, 23.9962, 0
PixelHit 861, 1307, 38.1596, 0
PixelHit 861, 1308, 11.9309, 0
PixelHit 862, 1305, 9.49828, 0
PixelHit 862, 1306, 32.8352, 0
PixelHit 862, 1307, 11.9203, 0
PixelHit 862, 1308, 1.33092, 0
PixelHit 863, 1303, 1.5576, 0
PixelHit 863, 1304, 15.7544, 0
PixelHit 863, 1305, 33.9153, 0
PixelHit 863, 1306, 12.3489, 0
PixelHit 864, 1302, 1.24433, 0
PixelHit 864, 1303, 27.8557, 0
PixelHit 864, 1304, 58.8199, 0
PixelHit 864, 1305, 34.2293, 0
PixelHit 864, 1306, 7.02128, 0
PixelHit 865, 1300, 3.34167, 0
PixelHit 865, 1303, 32.7186, 0
PixelHit 865, 1304, 57.889, 0
PixelHit 865, 1305, 9.90884, 0
PixelHit 866, 1300, 2.7019, 0
PixelHit 866, 1302, 4.56638, 0
PixelHit 866, 1303, 8.7609, 0
PixelHit 866, 1304, 8.01806, 0
PixelHit 867, 1299, 1.37344, 0
PixelHit 867, 1300, 5.30576, 0
PixelHit 867, 1301, 16.4927, 0
PixelHit 867, 1302, 8.91325, 0
PixelHit 867, 1303, 4.02133, 0
PixelHit 868, 1299, 1.98228, 0
PixelHit 868, 1300, 21.8763, 0
PixelHit 868, 1301, 24.7472, 0
PixelHit 868, 1302, 11.7856, 0
PixelHit 868, 1303, 2.30335, 0
PixelHit 869, 1298, 1.75935, 0
PixelHit 869, 1299, 3.48642, 0
PixelHit 869, 1300, 21.8481, 0
PixelHit 869, 1301, 9.64834, 0
PixelHit 869, 1302, 2.60168, 0
PixelHit 870, 1297, 1.2676, 0
PixelHit 870, 1298, 1.45847, 0
PixelHit 870, 1299, 9.79568, 0
PixelHit 870, 1300, 10.2951, 0
PixelHit 870, 1301, 4.34449, 0
PixelHit 871, 1296, 3.41234, 0
PixelHit 871, 1297, 4.74299, 0
PixelHit 871, 1298, 8.70509, 0
PixelHit 871, 1299, 13.8751, 0
PixelHit 871, 1300, 2.00001, 0
PixelHit 872, 1295, 2.90504, 0
PixelHit 872, 1296, 14.3272, 0
PixelHit 872, 1297, 27.9991, 0
PixelHit 872, 1298, 11.635, 0
PixelHit 872, 1299, 9.41565, 0
PixelHit 873, 1295, 2.2632, 0
PixelHit 873, 1296, 15.4646, 0
PixelHit 873, 1297, 38.0991, 0
PixelHit 873, 1298, 13.723, 0
PixelHit 874, 1294, 3.81062, 0
PixelHit 874, 1295, 7.70101, 0
PixelHit 874, 1296, 18.7254, 0
PixelHit 874, 1297, 12.955, 0
PixelHit 874, 1298, 3.44744, 0
PixelHit 875, 1292, 0.391665, 0
PixelHit 875, 1293, 6.20512, 0
PixelHit 875, 1294, 11.2992, 0
PixelHit 875, 1295, 1.94481, 0
PixelHit 875, 1296, 9.93619, 0
PixelHit 875, 1298, 1.33157, 0
PixelHit 876, 1292, 4.98522, 0
PixelHit 876, 1293, 19.0975, 0
PixelHit 876, 1294, 10.94, 0
PixelHit 876, 1295, 6.78675, 0
PixelHit 876, 1296, 2.48048, 0
PixelHit 877, 1291, 2.73587, 0
PixelHit 877, 1292, 4.59698, 0
PixelHit 877, 1293, 12.8178, 0
PixelHit 877, 1294, 13.4489, 0
PixelHit 877, 1295, 6.59924, 0
PixelHit 877, 1296, 0.562106, 0
PixelHit 878, 1290, 5.41143, 0
PixelHit 878, 1291, 10.3055, 0
PixelHit 878, 1292, 11.6411, 0
PixelHit 878, 1293, 7.08556, 0
PixelHit 878, 1294, 3.4482, 0
PixelHit 878, 1295, 1.00594, 0
PixelHit 879, 1289, 0.0367856, 0
PixelHit 879, 1290, 15.9368, 0
PixelHit 879, 1291, 24.3846, 0
PixelHit 879, 1292, 21.2115, 0
PixelHit 879, 1293, 4.26445, 0
PixelHit 879, 1294, 0.792556, 0
PixelHit 880, 1288, 1.35623, 0
PixelHit 880, 1289, 10.7461, 0
PixelHit 880, 1290, 11.0849, 0
PixelHit 880, 1291, 13.5333, 0
PixelHit 880, 1292, 13.06, 0
PixelHit 880, 1293, 4.26287, 0
PixelHit 881, 1288, 4.68718, 0
PixelHit 881, 1289, 14.8775, 0
PixelHit 881, 1290, 23.0489, 0
PixelHit 881, 1291, 11.0112, 0
PixelHit 881, 1292, 5.76298, 0
PixelHit 881, 1293, 2.50812, 0
PixelHit 881, 1294, 0.613127, 0
PixelHit 882, 1287, 1.11514, 0
PixelHit 882, 1288, 10.3133, 0
PixelHit 882, 1289, 13.7939, 0
PixelHit 882, 1290, 13.5369, 0
PixelHit 882, 1291, 12.0613, 0
PixelHit 882, 1293, 1.92052, 0
PixelHit 883, 1286, 8.18556, 0
PixelHit 883, 1287, 14.5327, 0
PixelHit 883, 1288, 17.2219, 0
PixelHit 883, 1289, 4.52195, 0
PixelHit 883, 1290, 8.49211, 0
PixelHit 884, 1285, 3.60239, 0
PixelHit 884, 1286, 14.2277, 0
PixelHit 884, 1287, 25.1299, 0
PixelHit 884, 1288, 11.9721, 0
PixelHit 884, 1289, 11.603, 0
PixelHit 885, 1285, 7.85008, 0
PixelHit 885, 1286, 16.5817, 0
PixelHit 885, 1287, 32.8289, 0
PixelHit 885, 1288, 22.1348, 0
PixelHit 885, 1289, 2.39157, 0
PixelHit 886, 1282, 1.71465, 0
PixelHit 886, 1283, 2.25367, 0
PixelHit 886, 1284, 3.10387, 0
PixelHit 886, 1285, 11.9419, 0
PixelHit 886, 1286, 13.9224, 0
PixelHit 886, 1287, 19.8217, 0
PixelHit 886, 1288, 7.87527, 0
PixelHit 887, 1281, 0.170457, 0
PixelHit 887, 1282, 6.77744, 0
PixelHit 887, 1283, 4.84875, 0
PixelHit 887, 1284, 16.8504, 0
PixelHit 887, 1285, 21.2894, 0
PixelHit 887, 1286, 10.5132, 0
PixelHit 887, 1287, 4.69279, 0
PixelHit 887, 1288, 2.15666, 0
PixelHit 888, 1279, 0.571777, 0
PixelHit 888, 1281, 4.83929, 0
PixelHit 888, 1282, 4.43917, 0
PixelHit 888, 1283, 16.2118, 0
PixelHit 888, 1284, 26.2419, 0
PixelHit 888, 1285, 19.0291, 0
PixelHit 888, 1286, 9.96741, 0
PixelHit 889, 1280, 1.25133, 0
PixelHit 889, 1281, 6.41179, 0
PixelHit 889, 1282, 15.9191, 0
PixelHit 889, 1283, 35.7155, 0
PixelHit 889, 1284, 21.5725, 0
PixelHit 889, 1285, 11.5448, 0
PixelHit 889, 1286, 2.15042, 0
PixelHit 890, 1278, 3.61562, 0
PixelHit 890, 1279, 2.80613, 0
PixelHit 890, 1280, 3.19095, 0
PixelHit 890, 1281, 7.70273, 0
PixelHit 890, 1282, 28.6547, 0
PixelHit 890, 1283, 19.2022, 0
PixelHit 890, 1284, 11.5484, 0
PixelHit 890, 1285, 2.41114, 0
PixelHit 890, 1288, 0.734203, 0
PixelHit 891, 1277, 1.87423, 0
PixelHit 891, 1278, 2.97938, 0
PixelHit 891, 1279, 2.58489, 0
PixelHit 891, 1280, 12.6259, 0
PixelHit 891, 1281, 14.157, 0
PixelHit 891, 1282, 11.3348, 0
PixelHit 891, 1283, 12.2954, 0
PixelHit 891, 1284, 5.49791, 0
PixelHit 891, 1285, 1.79332, 0
PixelHit 892, 1277, 1.21489, 0
PixelHit 892, 1279, 4.7553, 0
PixelHit 892, 1280, 10.3931, 0
PixelHit 892, 1281, 15.2983, 0
PixelHit 892, 1282, 16.7577, 0
PixelHit 892, 1283, 4.07478, 0
PixelHit 892, 1285, 1.73689, 0
PixelHit 893, 1276, 2.33144, 0
PixelHit 893, 1277, 3.37491, 0
PixelHit 893, 1278, 6.502, 0
PixelHit 893, 1279, 13.6213, 0
PixelHit 893, 1280, 15.114, 0
PixelHit 893, 1281, 9.19099, 0
PixelHit 893, 1283, 3.36995, 0
PixelHit 893, 1285, 2.82704, 0
PixelHit 894, 1276, 4.21747, 0
PixelHit 894, 1277, 12.36, 0
PixelHit 894, 1278, 11.8899, 0
PixelHit 894, 1279, 7.96022, 0
PixelHit 894, 1280, 12.2114, 0
PixelHit 894, 1281, 6.73418, 0
PixelHit 895, 1272, 1.15223, 0
PixelHit 895, 1274, 3.42598, 0
PixelHit 895, 1275, 5.60575, 0
PixelHit 895, 1276, 27.5808, 0
PixelHit 895, 1277, 35.5156, 0
PixelHit 895, 1278, 39.1471, 0
PixelHit 895, 1279, 23.2764, 0
PixelHit 895, 1280, 5.50469, 0
PixelHit 895, 1281, 3.20104, 0
PixelHit 896, 1273, 0.453407, 0
PixelHit 896, 1274, 4.1792, 0
PixelHit 896, 1275, 16.6434, 0
PixelHit 896, 1276, 38.0185, 0
PixelHit 896, 1277, 60.4384, 0
PixelHit 896, 1278, 47.8071, 0
PixelHit 896, 1279, 26.591, 0
PixelHit 896, 1280, 10.2807, 0
PixelHit 897, 1272, 0.525409, 0
PixelHit 897, 1273, 7.40323, 0
PixelHit 897, 1274, 5.63072, 0
PixelHit 897, 1275, 31.3269, 0
PixelHit 897, 1276, 38.866, 0
PixelHit 897, 1277, 56.7361, 0
PixelHit 897, 1278, 45.8317, 0
PixelHit 897, 1279, 17.4965, 0
PixelHit 897, 1280, 3.67608, 0
PixelHit 898, 1273, 7.11392, 0
PixelHit 898, 1274, 8.00939, 0
PixelHit 898, 1275, 38.6109, 0
PixelHit 898, 1276, 41.9202, 0
PixelHit 898, 1277, 31.1171, 0
PixelHit 898, 1278, 17.7914, 0
PixelHit 898, 1279, 1.27605, 0
PixelHit 899, 1268, 2.57988, 0
PixelHit 899, 1273, 5.78192, 0
PixelHit 899, 1274, 16.6466, 0
PixelHit 899, 1275, 24.7492, 0
PixelHit 899, 1276, 31.2741, 0
PixelHit 899, 1277, 14.3078, 0
PixelHit 899, 1278, 8.23797, 0
PixelHit 899, 1279, 2.83678, 0
PixelHit 900, 1270, 4.02661, 0
PixelHit 900, 1271, 3.24165, 0
PixelHit 900, 1272, 10.9327, 0
PixelHit 900, 1273, 18.566, 0
PixelHit 900, 1274, 27.5439, 0
PixelHit 900, 1275, 16.4499, 0
PixelHit 900, 1276, 6.58564, 0
PixelHit 900, 1277, 4.06638, 0
PixelHit 900, 1279, 1.72599, 0
PixelHit 901, 1270, 4.89922, 0
PixelHit 901, 1271, 11.2924, 0
PixelHit 901, 1272, 32.2899, 0
PixelHit 901, 1273, 37.5852, 0
PixelHit 901, 1274, 18.9082, 0
PixelHit 901, 1275, 8.26669, 0
PixelHit 901, 1276, 2.74474, 0
PixelHit 901, 1277, 2.11032, 0
PixelHit 902, 1269, 3.12918, 0
PixelHit 902, 1270, 12.2063, 0
PixelHit 902, 1271, 20.6936, 0
PixelHit 902, 1272, 42.8234, 0
PixelHit 902, 1273, 29.8656, 0
PixelHit 902, 1274, 23.597, 0
PixelHit 902, 1275, 6.98341, 0
PixelHit 903, 1269, 1.33643, 0
PixelHit 903, 1270, 23.743, 0
PixelHit 903, 1271, 39.0298, 0
PixelHit 903, 1272, 33.0091, 0
PixelHit 903, 1273, 16.8976, 0
PixelHit 903, 1274, 15.3007, 0
PixelHit 904, 1269, 4.6068, 0
PixelHit 904, 1270, 15.6426, 0
PixelHit 904, 1271, 28.1222, 0
PixelHit 904, 1272, 18.1037, 0
PixelHit 904, 1273, 11.3726, 0
PixelHit 904, 1274, 3.26514, 0
PixelHit 904, 1277, 1.99946, 0
PixelHit 905, 1268, 3.98946, 0
PixelHit 905, 1269, 3.29926, 0
PixelHit 905, 1270, 7.96011, 0
PixelHit 905, 1271, 18.3099, 0
PixelHit 905, 1272, 6.67452, 0
PixelHit 905, 1273, 7.07215, 0
PixelHit 905, 1274, 2.32439, 0
PixelHit 906, 1268, 2.27062, 0
PixelHit 906, 1269, 1.37945, 0
PixelHit 906, 1271, 3.68003, 0
PixelHit 906, 1272, 5.69923, 0
PixelHit 906, 1274, 1.94893, 0
PixelHit 907, 1269, 3.14858, 0
PixelHit 1387, 1039, 2.51058, 0
PixelHit 1387, 1040, 1.37698, 0
PixelHit 1388, 1038, 1.75822, 0
PixelHit 1388, 1039, 51.702, 0
PixelHit 1388, 1040, 4.93162, 0
PixelHit 1389, 1037, 9.6967, 0
PixelHit 1389, 1038, 231.976, 0
PixelHit 1389, 1039, 23.6874, 0
PixelHit 1390, 1036, 0.900544, 0
PixelHit 1390, 1037, 37.4371, 0
PixelHit 1390, 1038, 143.561, 0
PixelHit 1390, 1039, 5.23951, 0
PixelHit 1391, 1036, 22.1425, 0
PixelHit 1391, 1037, 51.6422, 0
PixelHit 1392, 1034, 1.86344, 0
PixelHit 1392, 1035, 4.7046, 0
PixelHit 1392, 1036, 19.5027, 0
PixelHit 1392, 1037, 5.4254, 0
PixelHit 1393, 1034, 7.36002, 0
PixelHit 1393, 1035, 14.7538, 0
PixelHit 1393, 1036, 3.24445, 0
PixelHit 1394, 1033, 3.26264, 0
PixelHit 1394, 1034, 30.5478, 0
PixelHit 1394, 1035, 12.8798, 0
PixelHit 1395, 1032, 1.43933, 0
PixelHit 1395, 1033, 8.45712, 0
PixelHit 1395, 1034, 8.80199, 0
PixelHit 1395, 1035, 3.64691, 0
PixelHit 1396, 1031, 5.79401, 0
PixelHit 1396, 1032, 11.9264, 0
PixelHit 1396, 1033, 9.87846, 0
PixelHit 1397, 1030, 2.77144, 0
PixelHit 1397, 1031, 20.3181, 0
PixelHit 1397, 1032, 22.1168, 0
PixelHit 1397, 1033, 5.01888, 0
PixelHit 1398, 1029, 2.24962, 0
PixelHit 1398, 1030, 3.6293, 0
PixelHit 1398, 1031, 17.5931, 0
PixelHit 1398, 1032, 6.73596, 0
PixelHit 1399, 1028, 2.05694, 0
PixelHit 1399, 1029, 10.9219, 0
PixelHit 1399, 1030, 12.2921, 0
PixelHit 1399, 1031, 4.26952, 0
PixelHit 1399, 1032, 1.58983, 0
PixelHit 1400, 1027, 1.51179, 0
PixelHit 1400, 1028, 11.5147, 0
PixelHit 1400, 1029, 18.6068, 0
PixelHit 1400, 1030, 8.57064, 0
PixelHit 1400, 1031, 2.79997, 0
PixelHit 1401, 1026, 3.45446, 0
PixelHit 1401, 1027, 14.6806, 0
PixelHit 1401, 1028, 28.2698, 0
PixelHit 1401, 1029, 18.4352, 0
PixelHit 1401, 1030, 7.44239, 0
PixelHit 1402, 1026, 12.2681, 0
PixelHit 1402, 1027, 23.4552, 0
PixelHit 1402, 1028, 17.5825, 0
PixelHit 1402, 1029, 12.2511, 0
PixelHit 1402, 1030, 1.10096, 0
PixelHit 1403, 1025, 5.04677, 0
PixelHit 1403, 1026, 43.4697, 0
PixelHit 1403, 1027, 27.5002, 0
PixelHit 1403, 1028, 11.3028, 0
PixelHit 1403, 1029, 0.657084, 0
PixelHit 1404, 1023, -0.0620304, 0
PixelHit 1404, 1024, 5.64268, 0
PixelHit 1404, 1025, 17.1712, 0
PixelHit 1404, 1026, 23.1045, 0
PixelHit 1404, 1027, 20.5044, 0
PixelHit 1404, 1028, 2.08489, 0
PixelHit 1405, 1012, 2.00933, 0
PixelHit 1405, 1023, 1.72463, 0
PixelHit 1405, 1024, 18.637, 0
PixelHit 1405, 1025, 13.1232, 0
PixelHit 1405, 1026, 5.6439, 0
PixelHit 1405, 1027, 5.39793, 0
PixelHit 1406, 1010, 2.79807, 0
PixelHit 1406, 1012, 3.078, 0
PixelHit 1406, 1013, 4.43415, 0
PixelHit 1406, 1022, 2.92609, 0
PixelHit 1406, 1023, 26.834, 0
PixelHit 1406, 1024, 37.7629, 0
PixelHit 1406, 1025, 21.4022, 0
PixelHit 1406, 1026, 3.52953, 0
PixelHit 1407, 1009, 2.016, 0
PixelHit 1407, 1010, 8.86645, 0
PixelHit 1407, 1011, 16.1835, 0
PixelHit 1407, 1012, 56.5874, 0
PixelHit 1407, 1013, 48.933, 0
PixelHit 1407, 1014, 19.05, 0
PixelHit 1407, 1015, 3.23037, 0
PixelHit 1407, 1016, 1.26561, 0
PixelHit 1407, 1021, 2.9484, 0
PixelHit 1407, 1022, 21.4257, 0
PixelHit 1407, 1023, 33.7823, 0
PixelHit 1407, 1024, 33.3797, 0
PixelHit 1407, 1025, 4.65685, 0
PixelHit 1408, 1009, 7.43436, 0
PixelHit 1408, 1010, 31.6033, 0
PixelHit 1408, 1011, 124.341, 0
PixelHit 1408, 1012, 245.263, 0
PixelHit 1408, 1013, 219.005, 0
PixelHit 1408, 1014, 112.561, 0
PixelHit 1408, 1015, 30.2201, 0
PixelHit 1408, 1021, 25.1961, 0
PixelHit 1408, 1022, 41.519, 0
PixelHit 1408, 1023, 31.7476, 0
PixelHit 1408, 1024, 16.673, 0
PixelHit 1408, 1025, 2.99603, 0
PixelHit 1409, 1009, 11.6155, 0
PixelHit 1409, 1010, 98.1592, 0
PixelHit 1409, 1011, 367.061, 0
PixelHit 1409, 1012, 640.652, 0
PixelHit 1409, 1013, 570.245, 0
PixelHit 1409, 1014, 263.485, 0
PixelHit 1409, 1015, 61.1709, 0
PixelHit 1409, 1016, 9.10731, 0
PixelHit 1409, 1019, 4.92102, 0
PixelHit 1409, 1020, 13.0464, 0
PixelHit 1409, 1021, 30.337, 0
PixelHit 1409, 1022, 29.3812, 0
PixelHit 1409, 1023, 11.0232, 0
PixelHit 1409, 1024, 4.16465, 0
PixelHit 1410, 1008, 3.56418, 0
PixelHit 1410, 1009, 23.6848, 0
PixelHit 1410, 1010, 171.627, 0
PixelHit 1410, 1011, 551.121, 0
PixelHit 1410, 1012, 852.652, 0
PixelHit 1410, 1013, 713.58, 0
PixelHit 1410, 1014, 306.484, 0
PixelHit 1410, 1015, 60.0866, 0
PixelHit 1410, 1016, 5.91436, 0
PixelHit 1410, 1019, 9.96873, 0
PixelHit 1410, 1020, 22.6574, 0
PixelHit 1410, 1021, 26.5316, 0
PixelHit 1410, 1022, 15.3726, 0
PixelHit 1410, 1023, 8.00735, 0
PixelHit 1411, 1009, 32.7487, 0
PixelHit 1411, 1010, 176.302, 0
PixelHit 1411, 1011, 452.434, 0
PixelHit 1411, 1012, 692.796, 0
PixelHit 1411, 1013, 470.433, 0
PixelHit 1411, 1014, 166.337, 0
PixelHit 1411, 1015, 46.2603, 0
PixelHit 1411, 1016, 4.75722, 0
PixelHit 1411, 1018, 4.89229, 0
PixelHit 1411, 1019, 18.0143, 0
PixelHit 1411, 1020, 23.1768, 0
PixelHit 1411, 1021, 13.8803, 0
PixelHit 1411, 1022, 8.72064, 0
PixelHit 1412, 1008, 2.51506, 0
PixelHit 1412, 1009, 11.2641, 0
PixelHit 1412, 1010, 88.0327, 0
PixelHit 1412, 1011, 256.383, 0
PixelHit 1412, 1012, 308.778, 0
PixelHit 1412, 1013, 172.359, 0
PixelHit 1412, 1014, 57.6479, 0
PixelHit 1412, 1015, 11.8788, 0
PixelHit 1412, 1016, 6.09891, 0
PixelHit 1412, 1018, 16.0614, 0
PixelHit 1412, 1019, 18.3271, 0
PixelHit 1412, 1020, 11.4752, 0
PixelHit 1412, 1021, 4.44815, 0
PixelHit 1413, 1009, 4.58996, 0
PixelHit 1413, 1010, 44.0814, 0
PixelHit 1413, 1011, 119.598, 0
PixelHit 1413, 1012, 159.606, 0
PixelHit 1413, 1013, 70.5205, 0
PixelHit 1413, 1014, 14.5823, 0
PixelHit 1413, 1015, 3.62504, 0
PixelHit 1413, 1016, 12.1707, 0
PixelHit 1413, 1017, 16.3725, 0
PixelHit 1413, 1018, 22.753, 0
PixelHit 1413, 1019, 13.6725, 0
PixelHit 1413, 1020, 1.69966, 0
PixelHit 1413, 1021, 2.56066, 0
PixelHit 1414, 1009, 2.28403, 0
PixelHit 1414, 1010, 30.3482, 0
PixelHit 1414, 1011, 118.01, 0
PixelHit 1414, 1012, 150.38, 0
PixelHit 1414, 1013, 70.2528, 0
PixelHit 1414, 1014, 12.7497, 0
PixelHit 1414, 1015, 11.9988, 0
PixelHit 1414, 1016, 23.9857, 0
PixelHit 1414, 1017, 39.7803, 0
PixelHit 1414, 1018, 28.4505, 0
PixelHit 1414, 1019, 8.90618, 0
PixelHit 1414, 1020, 3.97331, 0
PixelHit 1415, 1009, 2.83408, 0
PixelHit 1415, 1010, 18.9813, 0
PixelHit 1415, 1011, 98.6344, 0
PixelHit 1415, 1012, 178.882, 0
PixelHit 1415, 1013, 96.2902, 0
PixelHit 1415, 1014, 42.1541, 0
PixelHit 1415, 1015, 18.9477, 0
PixelHit 1415, 1016, 35.41, 0
PixelHit 1415, 1017, 47.1377, 0
PixelHit 1415, 1018, 16.5091, 0
PixelHit 1415, 1019, 2.41978, 0
PixelHit 1416, 1010, 7.59872, 0
PixelHit 1416, 1011, 80.7409, 0
PixelHit 1416, 1012, 154.903, 0
PixelHit 1416, 1013, 152.863, 0
PixelHit 1416, 1014, 59.3161, 0
PixelHit 1416, 1015, 37.1863, 0
PixelHit 1416, 1016, 28.5777, 0
PixelHit 1416, 1017, 20.6914, 0
PixelHit 1416, 1018, 5.277, 0
PixelHit 1417, 1009, 1.57541, 0
PixelHit 1417, 1010, 4.44413, 0
PixelHit 1417, 1011, 32.1948, 0
PixelHit 1417, 1012, 113.57, 0
PixelHit 1417, 1013, 151.65, 0
PixelHit 1417, 1014, 84.9361, 0
PixelHit 1417, 1015, 50.3799, 0
PixelHit 1417, 1016, 11.304, 0
PixelHit 1417, 1017, 4.32969, 0
PixelHit 1418, 1011, 6.26359, 0
PixelHit 1418, 1012, 39.5038, 0
PixelHit 1418, 1013, 79.7552, 0
PixelHit 1418, 1014, 60.8455, 0
PixelHit 1418, 1015, 34.7593, 0
PixelHit 1418, 1016, 8.11204, 0
PixelHit 1418, 1017, 2.78689, 0
PixelHit 1419, 1009, 3.92616, 0
PixelHit 1419, 1011, 10.2251, 0
PixelHit 1419, 1012, 26.7419, 0
PixelHit 1419, 1013, 42.9629, 0
PixelHit 1419, 1014, 36.9408, 0
PixelHit 1419, 1015, 17.2924, 0
PixelHit 1420, 1009, 0.667763, 0
PixelHit 1420, 1010, 17.5282, 0
PixelHit 1420, 1011, 25.0083, 0
PixelHit 1420, 1012, 40.4859, 0
PixelHit 1420, 1013, 32.0796, 0
PixelHit 1420, 1014, 16.0371, 0
PixelHit 1420, 1015, 5.75348, 0
PixelHit 1421, 1009, 12.0047, 0
PixelHit 1421, 1010, 20.0168, 0
PixelHit 1421, 1011, 44.364, 0
PixelHit 1421, 1012, 22.5992, 0
PixelHit 1421, 1013, 13.6622, 0
PixelHit 1421, 1014, 9.18291, 0
PixelHit 1422, 1008, 8.73341, 0
PixelHit 1422, 1009, 32.0982, 0
PixelHit 1422, 1010, 60.3696, 0
PixelHit 1422, 1011, 56.2676, 0
PixelHit 1422, 1012, 28.864, 0
PixelHit 1422, 1013, 3.59227, 0
PixelHit 1423, 1007, 7.04236, 0
PixelHit 1423, 1008, 8.09829, 0
PixelHit 1423, 1009, 27.0118, 0
PixelHit 1423, 1010, 61.1536, 0
PixelHit 1423, 1011, 37.776, 0
PixelHit 1423, 1012, 18.0492, 0
PixelHit 1423, 1013, 1.42538, 0
PixelHit 1424, 1005, 2.43933, 0
PixelHit 1424, 1006, 4.58468, 0
PixelHit 1424, 1007, 14.0369, 0
PixelHit 1424, 1008, 19.3759, 0
PixelHit 1424, 1009, 22.107, 0
PixelHit 1424, 1010, 29.2207, 0
PixelHit 1424, 1011, 10.1535, 0
PixelHit 1424, 1012, 3.6175, 0
PixelHit 1425, 1005, 3.72799, 0
PixelHit 1425, 1006, 13.0241, 0
PixelHit 1425, 1007, 20.7769, 0
PixelHit 1425, 1008, 22.1362, 0
PixelHit 1425, 1009, 11.0202, 0
PixelHit 1425, 1010, 7.50994, 0
PixelHit 1426, 1004, 3.9903, 0
PixelHit 1426, 1005, 10.1372, 0
PixelHit 1426, 1006, 20.8073, 0
PixelHit 1426, 1007, 33.5964, 0
PixelHit 1426, 1008, 29.5888, 0
PixelHit 1426, 1009, 9.67452, 0
PixelHit 1426, 1010, 3.07078, 0
PixelHit 1426, 1011, 1.18734, 0
PixelHit 1427, 1004, 9.24232, 0
PixelHit 1427, 1005, 21.3909, 0
PixelHit 1427, 1006, 32.6082, 0
PixelHit 1427, 1007, 34.0364, 0
PixelHit 1427, 1008, 22.1105, 0
PixelHit 1427, 1009, 3.52145, 0
PixelHit 1427, 1010, 2.05954, 0
PixelHit 1428, 1002, 1.66163, 0
PixelHit 1428, 1003, 9.31394, 0
PixelHit 1428, 1004, 13.8894, 0
PixelHit 1428, 1005, 28.0251, 0
PixelHit 1428, 1006, 22.7315, 0
PixelHit 1428, 1007, 14.6951, 0
PixelHit 1428, 1008, 9.35703, 0
PixelHit 1429, 1002, 2.98426, 0
PixelHit 1429, 1003, 10.4131, 0
PixelHit 1429, 1004, 20.9505, 0
PixelHit 1429, 1005, 21.5371, 0
PixelHit 1429, 1006, 14.917, 0
PixelHit 1429, 1007, 8.9005, 0
PixelHit 1429, 1008, 1.72691, 0
PixelHit 1430, 1001, 3.28425, 0
PixelHit 1430, 1002, 11.2892, 0
PixelHit 1430, 1003, 29.0673, 0
PixelHit 1430, 1004, 21.7267, 0
PixelHit 1430, 1005, 13.2688, 0
PixelHit 1430, 1006, 10.6982, 0
PixelHit 1430, 1007, 0.973122, 0
PixelHit 1431, 999, 2.50695, 0
PixelHit 1431, 1001, 9.44168, 0
PixelHit 1431, 1002, 12.7556, 0
PixelHit 1431, 1003, 30.0494, 0
PixelHit 1431, 1004, 16.9012, 0
PixelHit 1431, 1005, 12.2304, 0
PixelHit 1431, 1006, 2.76499, 0
PixelHit 1432, 998, 0.942792, 0
PixelHit 1432, 999, 3.77958, 0
PixelHit 1432, 1000, 4.88678, 0
PixelHit 1432, 1001, 12.7092, 0
PixelHit 1432, 1002, 14.5806, 0
PixelHit 1432, 1003, 9.18041, 0
PixelHit 1432, 1004, 8.81325, 0
PixelHit 1432, 1005, 5.02754, 0
PixelHit 1432, 1006, 2.12733, 0
PixelHit 1432, 1007, 2.47305, 0
PixelHit 1433, 998, 1.99354, 0
PixelHit 1433, 999, 4.03723, 0
PixelHit 1433, 1000, 11.4443, 0
PixelHit 1433, 1001, 19.8894, 0
PixelHit 1433, 1002, 15.4992, 0
PixelHit 1433, 1003, 12.1372, 0
PixelHit 1433, 1004, 5.54152, 0
PixelHit 1434, 997, 1.32691, 0
PixelHit 1434, 998, 1.94132, 0
PixelHit 1434, 999, 10.9939, 0
PixelHit 1434, 1000, 14.3471, 0
PixelHit 1434, 1001, 12.5336, 0
PixelHit 1434, 1002, 6.79326, 0
PixelHit 1434, 1003, 3.63942, 0
PixelHit 1434, 1004, 3.38107, 0
PixelHit 1435, 998, 8.13571, 0
PixelHit 1435, 999, 12.9335, 0
PixelHit 1435, 1000, 12.6395, 0
PixelHit 1435, 1001, 13.6723, 0
PixelHit 1435, 1002, 4.57585, 0
PixelHit 1436, 996, 1.66602, 0
PixelHit 1436, 997, 1.20287, 0
PixelHit 1436, 998, 11.8215, 0
PixelHit 1436, 999, 14.7773, 0
PixelHit 1436, 1000, 16.3268, 0
PixelHit 1436, 1001, 7.89919, 0
PixelHit 1436, 1002, 2.11038, 0
PixelHit 1436, 1003, 0.647169, 0
PixelHit 1437, 996, 1.78278, 0
PixelHit 1437, 998, 14.7055, 0
PixelHit 1437, 999, 3.47142, 0
PixelHit 1437, 1000, 3.73557, 0
PixelHit 1437, 1001, 1.77763, 0
PixelHit 1438, 998, 4.85501, 0
PixelHit 1438, 999, 1.56357, 0
PixelHit 1439, 999, 1.651, 0
PixelHit 1439, 1001, 1.48785, 0
=== 42 ===
=== 43 ===
=== 44 ===
=== 45 ===
=== 46 ===
=== 47 ===
=== 48 ===
=== 49 ===
=== 50 ===
=== 51 ===
=== 52 ===
=== 53 ===
=== 54 ===
=== 55 ===
=== 56 ===
=== 57 ===
=== 58 ===
=== 59 ===
=== 60 ===
--- mydetector ---
PixelHit 1675, 437, 2.56091, 0
PixelHit 1675, 439, 3.35479, 0
PixelHit 1676, 437, 7.43622, 0
PixelHit 1676, 438, 124.049, 0
PixelHit 1676, 439, 11.4762, 0
PixelHit 1677, 436, 3.40649, 0
PixelHit 1677, 437, 39.8986, 0
PixelHit 1677, 438, 10.2339, 0
PixelHit 1678, 436, 41.219, 0
PixelHit 1678, 437, 37.0933, 0
PixelHit 1679, 435, 58.3706, 0
PixelHit 1679, 436, 38.5437, 0
PixelHit 1679, 437, 2.29844, 0
PixelHit 1680, 433, 2.39887, 0
PixelHit 1680, 434, 16.6047, 0
PixelHit 1680, 435, 52.5753, 0
PixelHit 1680, 436, 11.6496, 0
PixelHit 1681, 432, 3.6803, 0
PixelHit 1681, 433, 14.2642, 0
PixelHit 1681, 434, 41.8519, 0
PixelHit 1681, 435, 6.06066, 0
PixelHit 1681, 436, 2.76704, 0
PixelHit 1682, 432, 23.2336, 0
PixelHit 1682, 433, 72.3251, 0
PixelHit 1682, 434, 12.3943, 0
PixelHit 1682, 435, 1.24522, 0
PixelHit 1683, 431, 3.40174, 0
PixelHit 1683, 432, 39.4104, 0
PixelHit 1683, 433, 40.3122, 0
PixelHit 1683, 434, 3.49018, 0
PixelHit 1684, 429, 1.22632, 0
PixelHit 1684, 430, 6.41983, 0
PixelHit 1684, 431, 10.2342, 0
PixelHit 1684, 432, 6.91172, 0
PixelHit 1685, 429, 12.0796, 0
PixelHit 1685, 430, 32.1542, 0
PixelHit 1685, 431, 17.2238, 0
PixelHit 1685, 432, 2.29392, 0
PixelHit 1686, 428, 5.47541, 0
PixelHit 1686, 429, 39.5471, 0
PixelHit 1686, 430, 38.3702, 0
PixelHit 1686, 431, 6.45019, 0
PixelHit 1687, 427, 2.37939, 0
PixelHit 1687, 428, 8.25364, 0
PixelHit 1687, 429, 21.7504, 0
PixelHit 1687, 430, 12.51, 0
PixelHit 1687, 431, 3.56365, 0
PixelHit 1688, 426, 5.10429, 0
PixelHit 1688, 427, 36.0726, 0
PixelHit 1688, 428, 27.4158, 0
PixelHit 1688, 429, 12.1517, 0
PixelHit 1689, 426, 4.3567, 0
PixelHit 1689, 427, 20.644, 0
PixelHit 1689, 428, 28.2122, 0
PixelHit 1689, 429, 3.75022, 0
PixelHit 1690, 424, 1.26404, 0
PixelHit 1690, 425, 7.88897, 0
PixelHit 1690, 427, 4.73586, 0
PixelHit 1690, 428, 3.82161, 0
PixelHit 1691, 424, 2.78822, 0
PixelHit 1691, 425, 15.1282, 0
PixelHit 1691, 426, 12.5798, 0
PixelHit 1691, 427, 1.25997, 0
PixelHit 1692, 422, 1.49904, 0
PixelHit 1692, 423, 7.05329, 0
PixelHit 1692, 424, 16.2053, 0
PixelHit 1692, 425, 10.7563, 0
PixelHit 1692, 426, 3.72839, 0
PixelHit 1692, 427, 1.81792, 0
PixelHit 1693, 421, 6.01899, 0
PixelHit 1693, 422, 4.03473, 0
PixelHit 1693, 423, 16.2855, 0
PixelHit 1693, 424, 11.2727, 0
PixelHit 1693, 425, 1.03768, 0
PixelHit 1694, 421, 8.81572, 0
PixelHit 1694, 422, 31.1631, 0
PixelHit 1694, 423, 29.4323, 0
PixelHit 1694, 424, 8.03587, 0
PixelHit 1695, 418, 3.21144, 0
PixelHit 1695, 419, 2.6042, 0
PixelHit 1695, 420, 15.451, 0
PixelHit 1695, 421, 28.3003, 0
PixelHit 1695, 422, 35.5771, 0
PixelHit 1695, 423, 23.0521, 0
PixelHit 1696, 416, 1.56012, 0
PixelHit 1696, 418, 2.34907, 0
PixelHit 1696, 419, 13.6702, 0
PixelHit 1696, 420, 39.6738, 0
PixelHit 1696, 421, 52.9526, 0
PixelHit 1696, 422, 30.5846, 0
PixelHit 1696, 423, 8.05318, 0
PixelHit 1697, 417, 1.6355, 0
PixelHit 1697, 418, 2.95434, 0
PixelHit 1697, 419, 14.2979, 0
PixelHit 1697, 420, 52.2047, 0
PixelHit 1697, 421, 45.3798, 0
PixelHit 1697, 422, 10.2571, 0
PixelHit 1698, 417, 0.904408, 0
PixelHit 1698, 418, 8.14822, 0
PixelHit 1698, 419, 7.05715, 0
PixelHit 1698, 420, 19.4255, 0
PixelHit 1698, 421, 14.3707, 0
PixelHit 1699, 417, 6.60311, 0
PixelHit 1699, 418, 7.57372, 0
PixelHit 1699, 419, 9.46887, 0
PixelHit 1699, 420, 8.88155, 0
PixelHit 1700, 415, 2.03735, 0
PixelHit 1700, 416, 6.18584, 0
PixelHit 1700, 417, 12.4587, 0
PixelHit 1700, 418, 11.6959, 0
PixelHit 1700, 419, 3.21141, 0
PixelHit 1700, 420, 0.663446, 0
PixelHit 1701, 415, 4.58646, 0
PixelHit 1701, 416, 11.059, 0
PixelHit 1701, 417, 9.74474, 0
PixelHit 1701, 418, 5.9961, 0
PixelHit 1701, 419, 2.0984, 0
PixelHit 1702, 413, 1.18555, 0
PixelHit 1702, 414, 3.90291, 0
PixelHit 1702, 415, 3.87384, 0
PixelHit 1702, 416, 13.8681, 0
PixelHit 1702, 417, 5.25987, 0
PixelHit 1702, 418, 3.48062, 0
PixelHit 1703, 412, 5.27059, 0
PixelHit 1703, 413, 10.7459, 0
PixelHit 1703, 414, 9.16191, 0
PixelHit 1703, 415, 6.18318, 0
PixelHit 1703, 416, 3.21897, 0
PixelHit 1704, 411, 1.97909, 0
PixelHit 1704, 412, 5.61303, 0
PixelHit 1704, 413, 21.2993, 0
PixelHit 1704, 414, 23.4479, 0
PixelHit 1704, 415, 21.4535, 0
PixelHit 1704, 416, 3.10684, 0
PixelHit 1704, 417, 0.806459, 0
PixelHit 1705, 410, 1.96144, 0
PixelHit 1705, 411, 4.80784, 0
PixelHit 1705, 412, 5.77898, 0
PixelHit 1705, 413, 28.3451, 0
PixelHit 1705, 414, 19.4779, 0
PixelHit 1705, 415, 19.6419, 0
PixelHit 1705, 416, 1.32692, 0
PixelHit 1706, 410, 5.97527, 0
PixelHit 1706, 411, 12.3864, 0
PixelHit 1706, 412, 18.2964, 0
PixelHit 1706, 413, 15.9931, 0
PixelHit 1706, 414, 7.82099, 0
PixelHit 1706, 415, 3.04523, 0
PixelHit 1707, 409, 6.72274, 0
PixelHit 1707, 410, 16.0532, 0
PixelHit 1707, 411, 25.1564, 0
PixelHit 1707, 412, 20.6159, 0
PixelHit 1707, 413, 10.2469, 0
PixelHit 1707, 414, 1.26419, 0
PixelHit 1708, 407, 2.19452, 0
PixelHit 1708, 408, 4.06314, 0
PixelHit 1708, 409, 14.387, 0
PixelHit 1708, 410, 21.4002, 0
PixelHit 1708, 411, 29.9907, 0
PixelHit 1708, 412, 19.5634, 0
PixelHit 1708, 413, 4.33723, 0
PixelHit 1709, 407, 3.62289, 0
PixelHit 1709, 408, 9.12178, 0
PixelHit 1709, 409, 19.7561, 0
PixelHit 1709, 410, 14.6217, 0
PixelHit 1709, 411, 24.0088, 0
PixelHit 1709, 412, 5.82216, 0
PixelHit 1709, 413, 3.31654, 0
PixelHit 1710, 406, 3.41793, 0
PixelHit 1710, 407, 7.98175, 0
PixelHit 1710, 408, 13.676, 0
PixelHit 1710, 409, 12.4168, 0
PixelHit 1710, 410, 7.50282, 0
PixelHit 1710, 411, 16.0034, 0
PixelHit 1710, 412, 3.38026, 0
PixelHit 1710, 413, 0.916578, 0
PixelHit 1711, 405, 4.00419, 0
PixelHit 1711, 406, 14.4011, 0
PixelHit 1711, 407, 35.3271, 0
PixelHit 1711, 408, 27.4235, 0
PixelHit 1711, 409, 19.7991, 0
PixelHit 1711, 410, 11.9968, 0
PixelHit 1711, 411, 2.46052, 0
PixelHit 1711, 412, 3.28803, 0
PixelHit 1712, 404, 2.63342, 0
PixelHit 1712, 405, 5.14325, 0
PixelHit 1712, 406, 15.0288, 0
PixelHit 1712, 407, 27.6686, 0
PixelHit 1712, 408, 24.5895, 0
PixelHit 1712, 409, 8.09161, 0
PixelHit 1712, 410, 3.02803, 0
PixelHit 1713, 403, 1.83582, 0
PixelHit 1713, 404, 3.04563, 0
PixelHit 1713, 405, 10.6162, 0
PixelHit 1713, 406, 25.9901, 0
PixelHit 1713, 407, 34.2122, 0
PixelHit 1713, 408, 24.7706, 0
PixelHit 1713, 409, 2.15049, 0
PixelHit 1714, 402, 2.5208, 0
PixelHit 1714, 403, 3.85203, 0
PixelHit 1714, 404, 11.2183, 0
PixelHit 1714, 405, 25.7122, 0
PixelHit 1714, 406, 21.7104, 0
PixelHit 1714, 407, 13.2152, 0
PixelHit 1714, 408, 9.68911, 0
PixelHit 1715, 402, 2.1181, 0
PixelHit 1715, 403, 12.8638, 0
PixelHit 1715, 404, 19.0214, 0
PixelHit 1715, 405, 20.2953, 0
PixelHit 1715, 406, 13.1988, 0
PixelHit 1715, 407, 7.3645, 0
PixelHit 1715, 408, 2.58589, 0
PixelHit 1715, 409, 3.10703, 0
PixelHit 1716, 402, 5.40785, 0
PixelHit 1716, 403, 18.9429, 0
PixelHit 1716, 404, 10.1857, 0
PixelHit 1716, 405, 20.0109, 0
PixelHit 1716, 406, 11.7794, 0
PixelHit 1716, 407, 1.02787, 0
PixelHit 1716, 408, 2.21777, 0
PixelHit 1717, 400, 4.76226, 0
PixelHit 1717, 401, 6.19182, 0
PixelHit 1717, 402, 6.6586, 0
PixelHit 1717, 403, 9.37635, 0
PixelHit 1717, 404, 16.7137, 0
PixelHit 1717, 405, 9.1825, 0
PixelHit 1718, 400, 3.27384, 0
PixelHit 1718, 401, 8.21938, 0
PixelHit 1718, 402, 18.3934, 0
PixelHit 1718, 403, 10.7909, 0
PixelHit 1718, 404, 2.84212, 0
PixelHit 1718, 405, 3.34626, 0
PixelHit 1718, 406, 0.460728, 0
PixelHit 1719, 398, 2.26498, 0
PixelHit 1719, 399, 3.87301, 0
PixelHit 1719, 400, 17.2784, 0
PixelHit 1719, 401, 20.5029, 0
PixelHit 1719, 402, 17.0535, 0
PixelHit 1719, 403, 5.4334, 0
PixelHit 1719, 404, 3.59718, 0
PixelHit 1720, 398, 3.02383, 0
PixelHit 1720, 399, 1.91267, 0
PixelHit 1720, 400, 22.7743, 0
PixelHit 1720, 401, 16.8048, 0
PixelHit 1720, 402, 13.6189, 0
PixelHit 1720, 403, 2.7614, 0
PixelHit 1721, 398, 2.69075, 0
PixelHit 1721, 399, 4.70347, 0
PixelHit 1721, 400, 12.4012, 0
PixelHit 1721, 401, 17.7639, 0
PixelHit 1721, 402, 14.7794, 0
PixelHit 1722, 400, 3.9593, 0
PixelHit 1722, 402, 1.91255, 0
PixelHit 1723, 399, 1.72611, 0
PixelHit 1723, 400, 4.14055, 0
PixelHit 1723, 401, 3.46452, 0
=== 61 ===
=== 62 ===
--- mydetector ---
PixelHit 848, 1380, 1.9209, 0
PixelHit 849, 1379, 1.70399, 0
PixelHit 849, 1380, 70.9881, 0
PixelHit 849, 1381, 1.88141, 0
PixelHit 850, 1379, 63.8553, 0
PixelHit 850, 1380, 23.1702, 0
PixelHit 851, 1377, 2.54455, 0
PixelHit 851, 1378, 12.0222, 0
PixelHit 851, 1379, 4.94984, 0
PixelHit 852, 1377, 5.9915, 0
PixelHit 852, 1378, 19.8274, 0
PixelHit 853, 1376, 3.33281, 0
PixelHit 853, 1377, 2.42353, 0
PixelHit 854, 1375, 20.6384, 0
PixelHit 854, 1376, 56.3459, 0
PixelHit 855, 1374, 30.3686, 0
PixelHit 855, 1375, 35.8375, 0
PixelHit 855, 1376, 17.5989, 0
PixelHit 856, 1373, 15.9029, 0
PixelHit 856, 1374, 60.031, 0
PixelHit 856, 1375, 26.988, 0
PixelHit 856, 1376, 2.04354, 0
PixelHit 857, 1372, 5.9622, 0
PixelHit 857, 1373, 27.7548, 0
PixelHit 857, 1374, 19.8536, 0
PixelHit 858, 1371, 1.93452, 0
PixelHit 858, 1372, 21.4541, 0
PixelHit 858, 1373, 12.661, 0
PixelHit 859, 1369, 1.88396, 0
PixelHit 859, 1370, 3.51848, 0
PixelHit 859, 1371, 34.7756, 0
PixelHit 859, 1372, 17.5125, 0
PixelHit 859, 1373, 3.96007, 0
PixelHit 860, 1368, 1.12538, 0
PixelHit 860, 1369, 8.12299, 0
PixelHit 860, 1370, 21.6334, 0
PixelHit 860, 1371, 37.1193, 0
PixelHit 860, 1372, 15.1504, 0
PixelHit 861, 1368, 10.3244, 0
PixelHit 861, 1369, 61.2467, 0
PixelHit 861, 1370, 97.6645, 0
PixelHit 861, 1371, 20.2497, 0
PixelHit 861, 1372, 2.87843, 0
PixelHit 862, 1367, 1.00012, 0
PixelHit 862, 1368, 20.2816, 0
PixelHit 862, 1369, 71.193, 0
PixelHit 862, 1370, 61.251, 0
PixelHit 862, 1371, 5.13592, 0
PixelHit 863, 1366, 3.8468, 0
PixelHit 863, 1367, 11.0828, 0
PixelHit 863, 1368, 32.0962, 0
PixelHit 863, 1369, 32.2139, 0
PixelHit 863, 1370, 11.0884, 0
PixelHit 864, 1366, 12.4837, 0
PixelHit 864, 1367, 40.4874, 0
PixelHit 864, 1368, 31.3406, 0
PixelHit 864, 1369, 7.57786, 0
PixelHit 864, 1370, 4.61601, 0
PixelHit 865, 1365, 10.2873, 0
PixelHit 865, 1366, 30.8124, 0
PixelHit 865, 1367, 34.4754, 0
PixelHit 865, 1368, 8.89499, 0
PixelHit 866, 1363, 2.47259, 0
PixelHit 866, 1364, 9.35199, 0
PixelHit 866, 1365, 32.1626, 0
PixelHit 866, 1366, 54.2755, 0
PixelHit 866, 1367, 15.3673, 0
PixelHit 866, 1368, 3.0577, 0
PixelHit 867, 1363, 6.28638, 0
PixelHit 867, 1364, 26.7336, 0
PixelHit 867, 1365, 39.8493, 0
PixelHit 867, 1366, 23.1392, 0
PixelHit 867, 1367, 10.1119, 0
PixelHit 868, 1363, 21.4841, 0
PixelHit 868, 1364, 15.6434, 0
PixelHit 868, 1365, 23.0076, 0
PixelHit 868, 1366, 5.15893, 0
PixelHit 869, 1362, 3.80809, 0
PixelHit 869, 1363, 23.0613, 0
PixelHit 869, 1364, 26.6048, 0
PixelHit 869, 1365, 8.19794, 0
PixelHit 870, 1362, 6.34112, 0
PixelHit 870, 1363, 10.0878, 0
PixelHit 870, 1364, 3.30713, 0
PixelHit 871, 1360, 5.40458, 0
PixelHit 871, 1361, 9.43447, 0
PixelHit 871, 1362, 7.73732, 0
PixelHit 871, 1363, 4.66533, 0
PixelHit 872, 1359, 7.918, 0
PixelHit 872, 1360, 9.35707, 0
PixelHit 872, 1361, 10.8918, 0
PixelHit 872, 1362, 2.97808, 0
PixelHit 873, 1358, 13.9187, 0
PixelHit 873, 1359, 19.9312, 0
PixelHit 873, 1360, 18.5262, 0
PixelHit 873, 1361, 6.23433, 0
PixelHit 874, 1356, 0.456054, 0
PixelHit 874, 1357, 3.06904, 0
PixelHit 874, 1358, 9.12312, 0
PixelHit 874, 1359, 19.7194, 0
PixelHit 874, 1360, 16.8451, 0
PixelHit 875, 1356, 2.05482, 0
PixelHit 875, 1357, 6.13249, 0
PixelHit 875, 1358, 19.9166, 0
PixelHit 875, 1359, 11.0335, 0
PixelHit 875, 1360, 12.3645, 0
PixelHit 875, 1361, 2.34136, 0
PixelHit 876, 1354, 2.16366, 0
PixelHit 876, 1355, 0.770735, 0
PixelHit 876, 1356, 3.94816, 0
PixelHit 876, 1357, 16.4621, 0
PixelHit 876, 1358, 10.9915, 0
PixelHit 876, 1359, 2.88117, 0
PixelHit 877, 1353, 1.66061, 0
PixelHit 877, 1354, 3.89278, 0
PixelHit 877, 1355, 3.99745, 0
PixelHit 877, 1356, 6.74115, 0
PixelHit 877, 1357, 9.57878, 0
PixelHit 877, 1358, 4.66041, 0
PixelHit 878, 1354, 14.5949, 0
PixelHit 878, 1355, 15.5793, 0
PixelHit 878, 1356, 6.68654, 0
PixelHit 879, 1352, 2.21808, 0
PixelHit 879, 1353, 8.59824, 0
PixelHit 879, 1354, 19.3056, 0
PixelHit 879, 1355, 24.3585, 0
PixelHit 879, 1356, 8.69152, 0
PixelHit 879, 1357, 3.05548, 0
PixelHit 880, 1348, 0.527795, 0
PixelHit 880, 1351, 5.12651, 0
PixelHit 880, 1352, 6.99619, 0
PixelHit 880, 1353, 15.424, 0
PixelHit 880, 1354, 19.9138, 0
PixelHit 880, 1355, 15.9859, 0
PixelHit 880, 1356, 2.83064, 0
PixelHit 881, 1350, 8.22048, 0
PixelHit 881, 1351, 18.3164, 0
PixelHit 881, 1352, 33.8549, 0
PixelHit 881, 1353, 26.6544, 0
PixelHit 881, 1354, 13.3453, 0
PixelHit 881, 1355, 1.92974, 0
PixelHit 881, 1356, 1.89441, 0
PixelHit 882, 1349, 2.5895, 0
PixelHit 882, 1350, 30.8336, 0
PixelHit 882, 1351, 56.8335, 0
PixelHit 882, 1352, 68.7098, 0
PixelHit 882, 1353, 37.6454, 0
PixelHit 882, 1354, 3.40224, 0
PixelHit 882, 1355, 1.82222, 0
PixelHit 883, 1348, 3.34333, 0
PixelHit 883, 1349, 16.9625, 0
PixelHit 883, 1350, 46.9299, 0
PixelHit 883, 1351, 87.057, 0
PixelHit 883, 1352, 83.3272, 0
PixelHit 883, 1353, 28.6418, 0
PixelHit 883, 1354, 3.67453, 0
PixelHit 883, 1355, 2.50389, 0
PixelHit 884, 1348, 3.47486, 0
PixelHit 884, 1349, 19.4776, 0
PixelHit 884, 1350, 53.8345, 0
PixelHit 884, 1351, 86.2865, 0
PixelHit 884, 1352, 37.8976, 0
PixelHit 884, 1353, 11.1859, 0
PixelHit 884, 1354, 1.06241, 0
PixelHit 885, 1347, 2.91669, 0
PixelHit 885, 1348, 4.02144, 0
PixelHit 885, 1349, 14.7386, 0
PixelHit 885, 1350, 23.7102, 0
PixelHit 885, 1351, 29.457, 0
PixelHit 885, 1352, 14.3306, 0
PixelHit 885, 1353, 4.0884, 0
PixelHit 886, 1347, 6.2199, 0
PixelHit 886, 1348, 12.7905, 0
PixelHit 886, 1349, 11.826, 0
PixelHit 886, 1350, 4.88573, 0
PixelHit 886, 1351, 7.62138, 0
PixelHit 886, 1352, 0.266862, 0
PixelHit 887, 1344, 1.74764, 0
PixelHit 887, 1345, 0.86928, 0
PixelHit 887, 1346, 7.48609, 0
PixelHit 887, 1347, 15.5011, 0
PixelHit 887, 1348, 11.4392, 0
PixelHit 887, 1349, 6.37577, 0
PixelHit 887, 1350, 2.11422, 0
PixelHit 888, 1344, 2.46425, 0
PixelHit 888, 1346, 10.0894, 0
PixelHit 888, 1347, 17.978, 0
PixelHit 888, 1348, 13.0524, 0
PixelHit 888, 1349, 14.7393, 0
PixelHit 888, 1350, 1.86054, 0
PixelHit 888, 1351, 1.82705, 0
PixelHit 889, 1343, 3.44756, 0
PixelHit 889, 1344, 3.26317, 0
PixelHit 889, 1345, 1.50086, 0
PixelHit 889, 1346, 5.9759, 0
PixelHit 889, 1347, 6.18338, 0
PixelHit 889, 1348, 6.07288, 0
PixelHit 889, 1349, 1.51811, 0
PixelHit 890, 1341, 2.46952, 0
PixelHit 890, 1343, 3.48178, 0
PixelHit 890, 1344, 9.06088, 0
PixelHit 890, 1345, 7.18792, 0
PixelHit 890, 1346, 7.38293, 0
PixelHit 890, 1347, 0.564183, 0
PixelHit 891, 1341, 3.29845, 0
PixelHit 891, 1342, 5.82826, 0
PixelHit 891, 1343, 16.1724, 0
PixelHit 891, 1344, 25.8644, 0
PixelHit 891, 1345, 7.75632, 0
PixelHit 891, 1346, 4.66493, 0
PixelHit 892, 1341, 6.76159, 0
PixelHit 892, 1342, 12.3685, 0
PixelHit 892, 1343, 38.2951, 0
PixelHit 892, 1344, 34.9275, 0
PixelHit 892, 1345, 10.2634, 0
PixelHit 892, 1346, 7.03486, 0
PixelHit 892, 1347, 2.38859, 0
PixelHit 893, 1340, 7.18656, 0
PixelHit 893, 1341, 3.80123, 0
PixelHit 893, 1342, 15.5049, 0
PixelHit 893, 1343, 19.5582, 0
PixelHit 893, 1344, 21.3905, 0
PixelHit 893, 1345, 5.08858, 0
PixelHit 894, 1340, 10.7599, 0
PixelHit 894, 1341, 11.8823, 0
PixelHit 894, 1342, 23.4632, 0
PixelHit 894, 1343, 4.33921, 0
PixelHit 894, 1344, 3.52329, 0
PixelHit 894, 1345, 3.00374, 0
PixelHit 895, 1337, 3.65163, 0
PixelHit 895, 1339, 4.71801, 0
PixelHit 895, 1340, 11.4252, 0
PixelHit 895, 1341, 14.4349, 0
PixelHit 895, 1342, 15.1548, 0
PixelHit 895, 1343, 7.0381, 0
PixelHit 895, 1344, 1.97599, 0
PixelHit 896, 1336, 2.55688, 0
PixelHit 896, 1337, 3.47837, 0
PixelHit 896, 1338, 4.38128, 0
PixelHit 896, 1339, 9.53639, 0
PixelHit 896, 1340, 8.50152, 0
PixelHit 896, 1341, 4.55193, 0
PixelHit 896, 1342, 2.39556, 0
PixelHit 896, 1343, 1.96699, 0
PixelHit 897, 1335, 0.610802, 0
PixelHit 897, 1336, 3.49254, 0
PixelHit 897, 1337, 14.6811, 0
PixelHit 897, 1338, 15.2768, 0
PixelHit 897, 1339, 13.2153, 0
PixelHit 897, 1340, 10.2892, 0
PixelHit 897, 1342, 5.74049, 0
PixelHit 898, 1335, 0.41201, 0
PixelHit 898, 1336, 11.8734, 0
PixelHit 898, 1337, 34.9476, 0
PixelHit 898, 1338, 42.0252, 0
PixelHit 898, 1339, 10.2509, 0
PixelHit 898, 1340, 11.9673, 0
PixelHit 899, 1333, 1.50485, 0
PixelHit 899, 1334, 2.51299, 0
PixelHit 899, 1335, 10.4551, 0
PixelHit 899, 1336, 29.9787, 0
PixelHit 899, 1337, 41.815, 0
PixelHit 899, 1338, 31.0511, 0
PixelHit 899, 1339, 15.5788, 0
PixelHit 899, 1340, 6.51751, 0
PixelHit 899, 1341, 0.881226, 0
PixelHit 900, 1334, 7.66037, 0
PixelHit 900, 1335, 15.7441, 0
PixelHit 900, 1336, 27.9165, 0
PixelHit 900, 1337, 37.9675, 0
PixelHit 900, 1338, 29.8734, 0
PixelHit 900, 1339, 12.3655, 0
PixelHit 900, 1340, 3.24697, 0
PixelHit 901, 1333, 3.16406, 0
PixelHit 901, 1334, 7.99444, 0
PixelHit 901, 1335, 17.6041, 0
PixelHit 901, 1336, 12.8534, 0
PixelHit 901, 1337, 12.5962, 0
PixelHit 901, 1338, 18.7235, 0
PixelHit 901, 1339, 2.19311, 0
PixelHit 902, 1333, 2.46453, 0
PixelHit 902, 1334, 5.27374, 0
PixelHit 902, 1335, 6.06311, 0
PixelHit 902, 1336, 4.14952, 0
PixelHit 902, 1337, 6.11873, 0
PixelHit 902, 1338, 1.33726, 0
PixelHit 903, 1334, 2.07246, 0
PixelHit 903, 1335, 5.16166, 0
PixelHit 903, 1336, 2.37648, 0
PixelHit 903, 1337, 3.03194, 0
PixelHit 903, 1339, 0.688408, 0
PixelHit 904, 1333, 1.40803, 0
PixelHit 904, 1334, 3.44658, 0
PixelHit 904, 1335, 0.704476, 0
PixelHit 2014, 642, 16.9134, 0
PixelHit 2015, 640, 19.2676, 0
PixelHit 2015, 641, 58.1591, 0
PixelHit 2015, 642, 6.83598, 0
PixelHit 2016, 639, 6.96099, 0
PixelHit 2016, 640, 68.9852, 0
PixelHit 2016, 641, 102.746, 0
PixelHit 2017, 638, 6.69588, 0
PixelHit 2017, 639, 27.5363, 0
PixelHit 2017, 640, 44.5258, 0
PixelHit 2017, 641, 0.52446, 0
PixelHit 2018, 637, 4.07826, 0
PixelHit 2018, 638, 46.5985, 0
PixelHit 2018, 639, 64.796, 0
PixelHit 2018, 640, 4.37556, 0
PixelHit 2019, 637, 17.8379, 0
PixelHit 2019, 638, 23.6326, 0
PixelHit 2019, 639, 11.0086, 0
PixelHit 2020, 635, 6.78994, 0
PixelHit 2020, 636, 20.1376, 0
PixelHit 2020, 637, 27.825, 0
PixelHit 2020, 638, 3.71179, 0
PixelHit 2020, 639, 1.98973, 0
PixelHit 2021, 634, 8.33471, 0
PixelHit 2021, 635, 34.3783, 0
PixelHit 2021, 636, 29.5126, 0
PixelHit 2021, 637, 13.3343, 0
PixelHit 2021, 638, 1.84512, 0
PixelHit 2022, 633, 4.71957, 0
PixelHit 2022, 634, 41.0056, 0
PixelHit 2022, 635, 55.9121, 0
PixelHit 2022, 636, 26.0998, 0
PixelHit 2023, 632, 7.86333, 0
PixelHit 2023, 633, 27.0972, 0
PixelHit 2023, 634, 70.1365, 0
PixelHit 2023, 635, 34.9395, 0
PixelHit 2023, 636, 3.70695, 0
PixelHit 2024, 631, 10.0201, 0
PixelHit 2024, 632, 68.0575, 0
PixelHit 2024, 633, 49.4833, 0
PixelHit 2024, 634, 37.6554, 0
PixelHit 2024, 636, 1.40552, 0
PixelHit 2025, 630, 2.30049, 0
PixelHit 2025, 631, 38.4655, 0
PixelHit 2025, 632, 134.976, 0
PixelHit 2025, 633, 115.613, 0
PixelHit 2025, 634, 14.7189, 0
PixelHit 2026, 629, 3.70215, 0
PixelHit 2026, 630, 22.1002, 0
PixelHit 2026, 631, 39.4885, 0
PixelHit 2026, 632, 81.3483, 0
PixelHit 2026, 633, 37.9583, 0
PixelHit 2027, 628, 4.04391, 0
PixelHit 2027, 629, 17.5585, 0
PixelHit 2027, 630, 54.6631, 0
PixelHit 2027, 631, 41.6749, 0
PixelHit 2027, 632, 18.4576, 0
PixelHit 2027, 633, 8.88518, 0
PixelHit 2028, 627, 1.7085, 0
PixelHit 2028, 628, 9.75053, 0
PixelHit 2028, 629, 38.0694, 0
PixelHit 2028, 630, 58.7116, 0
PixelHit 2028, 631, 25.6866, 0
PixelHit 2028, 632, 5.00385, 0
PixelHit 2029, 626, 2.78509, 0
PixelHit 2029, 627, 19.3677, 0
PixelHit 2029, 628, 28.3286, 0
PixelHit 2029, 629, 29.6048, 0
PixelHit 2029, 630, 24.3926, 0
PixelHit 2029, 631, 6.23084, 0
PixelHit 2030, 625, 2.67764, 0
PixelHit 2030, 626, 21.039, 0
PixelHit 2030, 627, 66.4263, 0
PixelHit 2030, 628, 50.2879, 0
PixelHit 2030, 629, 17.566, 0
PixelHit 2030, 630, 3.42543, 0
PixelHit 2031, 623, 2.12312, 0
PixelHit 2031, 624, 2.70171, 0
PixelHit 2031, 625, 3.09133, 0
PixelHit 2031, 626, 25.4909, 0
PixelHit 2031, 627, 69.3776, 0
PixelHit 2031, 628, 52.2536, 0
PixelHit 2031, 629, 10.1427, 0
PixelHit 2032, 624, 6.1098, 0
PixelHit 2032, 625, 15.9606, 0
PixelHit 2032, 626, 21.3588, 0
PixelHit 2032, 627, 28.1187, 0
PixelHit 2032, 628, 15.8221, 0
PixelHit 2032, 629, 1.3351, 0
PixelHit 2033, 622, 4.76681, 0
PixelHit 2033, 623, 7.82851, 0
PixelHit 2033, 624, 32.1059, 0
PixelHit 2033, 625, 27.0026, 0
PixelHit 2033, 626, 18.1024, 0
PixelHit 2033, 627, 1.75167, 0
PixelHit 2034, 621, 4.77712, 0
PixelHit 2034, 622, 14.1244, 0
PixelHit 2034, 623, 38.7087, 0
PixelHit 2034, 624, 59.5949, 0
PixelHit 2034, 625, 32.0682, 0
PixelHit 2034, 626, 11.7236, 0
PixelHit 2034, 627, 3.0804, 0
PixelHit 2035, 620, 1.93953, 0
PixelHit 2035, 621, 10.664, 0
PixelHit 2035, 622, 50.0595, 0
PixelHit 2035, 623, 54.5174, 0
PixelHit 2035, 624, 40.135, 0
PixelHit 2035, 625, 12.8738, 0
PixelHit 2035, 626, 6.41811, 0
PixelHit 2036, 620, 1.87373, 0
PixelHit 2036, 621, 26.0729, 0
PixelHit 2036, 622, 76.4832, 0
PixelHit 2036, 623, 66.8304, 0
PixelHit 2036, 624, 28.9854, 0
PixelHit 2036, 625, 2.94975, 0
PixelHit 2037, 619, 0.751711, 0
PixelHit 2037, 620, 2.86283, 0
PixelHit 2037, 621, 22.0248, 0
PixelHit 2037, 622, 48.6471, 0
PixelHit 2037, 623, 30.0922, 0
PixelHit 2037, 624, 6.96357, 0
PixelHit 2037, 625, 1.71501, 0
PixelHit 2038, 618, 5.63396, 0
PixelHit 2038, 619, 8.48912, 0
PixelHit 2038, 620, 12.5243, 0
PixelHit 2038, 621, 7.85056, 0
PixelHit 2038, 622, 8.59041, 0
PixelHit 2038, 623, 4.57264, 0
PixelHit 2038, 625, 2.30399, 0
PixelHit 2039, 617, 9.02725, 0
PixelHit 2039, 618, 18.4663, 0
PixelHit 2039, 619, 26.935, 0
PixelHit 2039, 620, 14.4571, 0
PixelHit 2039, 621, 8.90891, 0
PixelHit 2039, 623, 3.18083, 0
PixelHit 2039, 624, 2.0224, 0
PixelHit 2040, 615, 0.33068, 0
PixelHit 2040, 617, 8.51313, 0
PixelHit 2040, 618, 38.9309, 0
PixelHit 2040, 619, 32.2399, 0
PixelHit 2040, 620, 21.0155, 0
PixelHit 2040, 621, 5.92035, 0
PixelHit 2041, 615, 2.24418, 0
PixelHit 2041, 616, 3.25865, 0
PixelHit 2041, 617, 13.5635, 0
PixelHit 2041, 618, 24.5661, 0
PixelHit 2041, 619, 26.6995, 0
PixelHit 2041, 620, 9.72685, 0
PixelHit 2042, 614, 1.83238, 0
PixelHit 2042, 615, 4.34863, 0
PixelHit 2042, 616, 6.42336, 0
PixelHit 2042, 617, 11.7413, 0
PixelHit 2042, 618, 3.56526, 0
PixelHit 2042, 619, 9.25871, 0
PixelHit 2042, 620, 2.32776, 0
PixelHit 2043, 612, 0.441416, 0
PixelHit 2043, 613, 1.3191, 0
PixelHit 2043, 614, 5.23798, 0
PixelHit 2043, 615, 15.6343, 0
PixelHit 2043, 616, 9.8068, 0
PixelHit 2043, 617, 12.8188, 0
PixelHit 2043, 619, -0.0190137, 0
PixelHit 2043, 620, 3.24846, 0
PixelHit 2044, 612, 2.37026, 0
PixelHit 2044, 613, 6.23873, 0
PixelHit 2044, 614, 9.7872, 0
PixelHit 2044, 615, 12.9678, 0
PixelHit 2044, 616, 12.2837, 0
PixelHit 2044, 617, 8.62831, 0
PixelHit 2045, 612, 6.82514, 0
PixelHit 2045, 613, 11.344, 0
PixelHit 2045, 614, 12.0505, 0
PixelHit 2045, 615, 13.0294, 0
PixelHit 2045, 616, 13.1569, 0
PixelHit 2046, 611, 7.91087, 0
PixelHit 2046, 612, 17.4757, 0
PixelHit 2046, 613, 22.0778, 0
PixelHit 2046, 614, 15.8683, 0
PixelHit 2046, 615, 12.2459, 0
PixelHit 2046, 616, 3.55446, 0
PixelHit 2047, 609, 5.6054, 0
PixelHit 2047, 610, 8.47282, 0
PixelHit 2047, 611, 19.9214, 0
PixelHit 2047, 612, 17.6567, 0
PixelHit 2047, 613, 21.5057, 0
PixelHit 2047, 614, 11.2214, 0
PixelHit 2047, 615, 4.78648, 0
PixelHit 2048, 608, 2.82163, 0
PixelHit 2048, 609, 3.02371, 0
PixelHit 2048, 610, 22.7997, 0
PixelHit 2048, 611, 25.8358, 0
PixelHit 2048, 612, 23.0665, 0
PixelHit 2048, 613, 9.2184, 0
PixelHit 2048, 614, 9.35158, 0
PixelHit 2049, 609, 10.1595, 0
PixelHit 2049, 610, 20.2658, 0
PixelHit 2049, 611, 25.6594, 0
PixelHit 2049, 612, 21.0295, 0
PixelHit 2049, 613, 9.13998, 0
PixelHit 2049, 614, 5.02462, 0
PixelHit 2050, 605, 2.39505, 0
PixelHit 2050, 607, 4.98173, 0
PixelHit 2050, 608, 8.69426, 0
PixelHit 2050, 609, 15.8681, 0
PixelHit 2050, 610, 18.6503, 0
PixelHit 2050, 611, 14.2314, 0
PixelHit 2050, 612, 15.6453, 0
PixelHit 2050, 613, 5.5177, 0
PixelHit 2051, 606, 3.932, 0
PixelHit 2051, 607, 3.52302, 0
PixelHit 2051, 608, 12.8754, 0
PixelHit 2051, 609, 17.3486, 0
PixelHit 2051, 610, 18.062, 0
PixelHit 2051, 611, 15.8169, 0
PixelHit 2051, 612, 6.7198, 0
PixelHit 2052, 603, 0.458453, 0
PixelHit 2052, 604, 3.46163, 0
PixelHit 2052, 606, 11.7185, 0
PixelHit 2052, 607, 12.0919, 0
PixelHit 2052, 608, 10.4151, 0
PixelHit 2052, 609, 16.8927, 0
PixelHit 2052, 610, 14.0541, 0
PixelHit 2053, 603, 2.09256, 0
PixelHit 2053, 604, 10.482, 0
PixelHit 2053, 605, 8.54442, 0
PixelHit 2053, 606, 17.7375, 0
PixelHit 2053, 607, 12.522, 0
PixelHit 2053, 608, 14.1259, 0
PixelHit 2053, 609, 8.56121, 0
PixelHit 2053, 610, 8.98299, 0
PixelHit 2053, 611, 0.0596746, 0
PixelHit 2054, 603, 1.5226, 0
PixelHit 2054, 604, 10.729, 0
PixelHit 2054, 605, 22.857, 0
PixelHit 2054, 606, 33.5573, 0
PixelHit 2054, 607, 30.9234, 0
PixelHit 2054, 608, 9.02781, 0
PixelHit 2054, 609, 5.00131, 0
PixelHit 2054, 611, 2.4123, 0
PixelHit 2055, 603, 2.41411, 0
PixelHit 2055, 604, 8.87298, 0
PixelHit 2055, 605, 34.6255, 0
PixelHit 2055, 606, 33.6862, 0
PixelHit 2055, 607, 15.4337, 0
PixelHit 2055, 608, 4.74241, 0
PixelHit 2055, 609, 1.30596, 0
PixelHit 2056, 603, 2.96405, 0
PixelHit 2056, 604, 3.69972, 0
PixelHit 2056, 605, 15.2, 0
PixelHit 2056, 606, 23.6115, 0
PixelHit 2056, 607, 13.976, 0
PixelHit 2056, 608, 3.1416, 0
PixelHit 2057, 604, 2.20666, 0
PixelHit 2057, 605, 1.57397, 0
PixelHit 2057, 606, 5.7793, 0
PixelHit 2057, 607, 6.21596, 0
PixelHit 2057, 608, 2.37764, 0
PixelHit 2059, 605, 2.85318, 0
=== 63 ===
=== 64 ===
=== 65 ===
=== 66 ===
=== 67 ===
=== 68 ===
=== 69 ===
=== 70 ===
=== 71 ===
=== 72 ===
=== 73 ===
=== 74 ===
=== 75 ===
=== 76 ===
=== 77 ===
=== 78 ===
=== 79 ===
=== 80 ===
=== 81 ===
=== 82 ===
=== 83 ===
=== 84 ===
=== 85 ===
=== 86 ===
=== 87 ===
=== 88 ===
=== 89 ===
=== 90 ===
=== 91 ===
=== 92 ===
=== 93 ===
=== 94 ===
=== 95 ===
=== 96 ===
=== 97 ===
=== 98 ===
=== 99 ===
=== 100 ===
# 1747 objects from 4 messages
