# Allpix Squared ASCII data - https://cern.ch/allpix-squared

=== 1 ===
=== 2 ===
=== 3 ===
=== 4 ===
=== 5 ===
=== 6 ===
=== 7 ===
=== 8 ===
--- mydetector ---
PixelHit 1278, 1170, 1.44432, 0
PixelHit 1278, 1171, 0.719888, 0
PixelHit 1278, 1174, 1.70971, 0
PixelHit 1278, 1184, 2.07741, 0
PixelHit 1278, 1185, 5.48681, 0
PixelHit 1278, 1186, 2.99431, 0
PixelHit 1278, 1187, 2.82838, 0
PixelHit 1278, 1196, 2.04708, 0
PixelHit 1279, 1170, 2.64855, 0
PixelHit 1279, 1171, 1.87689, 0
PixelHit 1279, 1172, 7.61025, 0
PixelHit 1279, 1174, 2.4035, 0
PixelHit 1279, 1175, 3.2756, 0
PixelHit 1279, 1179, 1.63422, 0
PixelHit 1279, 1180, 2.43541, 0
PixelHit 1279, 1183, 4.28719, 0
PixelHit 1279, 1184, 26.2069, 0
PixelHit 1279, 1185, 23.9553, 0
PixelHit 1279, 1186, 19.9252, 0
PixelHit 1279, 1187, 10.9467, 0
PixelHit 1279, 1188, 6.89547, 0
PixelHit 1279, 1189, 4.04943, 0
PixelHit 1279, 1191, 3.28428, 0
PixelHit 1279, 1192, 2.67041, 0
PixelHit 1279, 1194, 1.53172, 0
PixelHit 1279, 1195, 5.6764, 0
PixelHit 1279, 1196, 9.17957, 0
PixelHit 1279, 1197, 5.5956, 0
PixelHit 1279, 1198, 4.20612, 0
PixelHit 1279, 1204, 3.4826, 0
PixelHit 1279, 1207, 2.46633, 0
PixelHit 1279, 1210, 3.20139, 0
PixelHit 1280, 1170, 3.30755, 0
PixelHit 1280, 1171, 10.1541, 0
PixelHit 1280, 1172, 6.62506, 0
PixelHit 1280, 1173, 14.6104, 0
PixelHit 1280, 1174, 12.3505, 0
PixelHit 1280, 1175, 14.9002, 0
PixelHit 1280, 1176, 8.52282, 0
PixelHit 1280, 1177, 2.81736, 0
PixelHit 1280, 1179, 3.13192, 0
PixelHit 1280, 1180, -0.35471, 0
PixelHit 1280, 1181, 6.69869, 0
PixelHit 1280, 1182, 13.2048, 0
PixelHit 1280, 1183, 51.2569, 0
PixelHit 1280, 1184, 89.9233, 0
PixelHit 1280, 1185, 95.906, 0
PixelHit 1280, 1186, 74.1842, 0
PixelHit 1280, 1187, 57.0811, 0
PixelHit 1280, 1188, 31.8689, 0
PixelHit 1280, 1189, 16.4059, 0
PixelHit 1280, 1190, 7.63654, 0
PixelHit 1280, 1191, 15.9888, 0
PixelHit 1280, 1192, 9.7632, 0
PixelHit 1280, 1193, 13.766, 0
PixelHit 1280, 1194, 14.5185, 0
PixelHit 1280, 1195, 18.3727, 0
PixelHit 1280, 1196, 48.7363, 0
PixelHit 1280, 1197, 44.1926, 0
PixelHit 1280, 1198, 33.3932, 0
PixelHit 1280, 1199, 32.3293, 0
PixelHit 1280, 1200, 13.1318, 0
PixelHit 1280, 1201, 10.2579, 0
PixelHit 1280, 1202, 11.8103, 0
PixelHit 1280, 1203, 7.69784, 0
PixelHit 1280, 1204, 15.8325, 0
PixelHit 1280, 1205, 6.88941, 0
PixelHit 1280, 1206, 26.4478, 0
PixelHit 1280, 1207, 21.6396, 0
PixelHit 1280, 1208, 14.4538, 0
PixelHit 1280, 1209, 15.6232, 0
PixelHit 1280, 1210, 27.2774, 0
PixelHit 1280, 1211, 59.3754, 0
PixelHit 1280, 1212, 11.6768, 0
PixelHit 1280, 1213, 6.34994, 0
PixelHit 1280, 1214, 6.29904, 0
PixelHit 1280, 1217, 1.93223, 0
PixelHit 1280, 1218, 5.62192, 0
PixelHit 1280, 1219, 36.8614, 0
PixelHit 1280, 1220, 1.8606, 0
PixelHit 1280, 1221, 0.253003, 0
PixelHit 1281, 1170, 8.63657, 0
PixelHit 1281, 1171, 13.9066, 0
PixelHit 1281, 1172, 16.7497, 0
PixelHit 1281, 1173, 19.8116, 0
PixelHit 1281, 1174, 17.2654, 0
PixelHit 1281, 1175, 15.7517, 0
PixelHit 1281, 1176, 5.06875, 0
PixelHit 1281, 1177, 3.30384, 0
PixelHit 1281, 1180, 2.08813, 0
PixelHit 1281, 1181, 3.53546, 0
PixelHit 1281, 1182, 18.5033, 0
PixelHit 1281, 1183, 76.5859, 0
PixelHit 1281, 1184, 178.83, 0
PixelHit 1281, 1185, 196.136, 0
PixelHit 1281, 1186, 116.078, 0
PixelHit 1281, 1187, 76.996, 0
PixelHit 1281, 1188, 57.8305, 0
PixelHit 1281, 1189, 25.4852, 0
PixelHit 1281, 1190, 26.8586, 0
PixelHit 1281, 1191, 23.8217, 0
PixelHit 1281, 1192, 27.8209, 0
PixelHit 1281, 1193, 13.1772, 0
PixelHit 1281, 1194, 12.4571, 0
PixelHit 1281, 1195, 65.5762, 0
PixelHit 1281, 1196, 86.8498, 0
PixelHit 1281, 1197, 76.7912, 0
PixelHit 1281, 1198, 46.0821, 0
PixelHit 1281, 1199, 50.5697, 0
PixelHit 1281, 1200, 43.516, 0
PixelHit 1281, 1201, 25.2373, 0
PixelHit 1281, 1202, 15.2006, 0
PixelHit 1281, 1203, 31.6304, 0
PixelHit 1281, 1204, 24.153, 0
PixelHit 1281, 1205, 24.153, 0
PixelHit 1281, 1206, 55.2613, 0
PixelHit 1281, 1207, 55.7407, 0
PixelHit 1281, 1208, 25.2073, 0
PixelHit 1281, 1209, 28.2407, 0
PixelHit 1281, 1210, 86.6082, 0
PixelHit 1281, 1211, 142.239, 0
PixelHit 1281, 1212, 36.7601, 0
PixelHit 1281, 1213, 14.4871, 0
PixelHit 1281, 1214, 9.13467, 0
PixelHit 1281, 1215, 3.96804, 0
PixelHit 1281, 1216, 9.346, 0
PixelHit 1281, 1217, 11.385, 0
PixelHit 1281, 1218, 47.0373, 0
PixelHit 1281, 1219, 167.227, 0
PixelHit 1281, 1220, 26.1312, 0
PixelHit 1281, 1221, 8.90562, 0
PixelHit 1282, 1169, 1.39978, 0
PixelHit 1282, 1170, 6.58479, 0
PixelHit 1282, 1171, 12.2376, 0
PixelHit 1282, 1172, 14.696, 0
PixelHit 1282, 1173, 20.358, 0
PixelHit 1282, 1174, 12.2734, 0
PixelHit 1282, 1175, 13.3894, 0
PixelHit 1282, 1176, 5.71921, 0
PixelHit 1282, 1181, 4.51812, 0
PixelHit 1282, 1182, 18.2353, 0
PixelHit 1282, 1183, 48.252, 0
PixelHit 1282, 1184, 113.987, 0
PixelHit 1282, 1185, 146.223, 0
PixelHit 1282, 1186, 89.9811, 0
PixelHit 1282, 1187, 65.4134, 0
PixelHit 1282, 1188, 30.1433, 0
PixelHit 1282, 1189, 12.0392, 0
PixelHit 1282, 1190, 12.2493, 0
PixelHit 1282, 1191, 14.6357, 0
PixelHit 1282, 1192, 19.1315, 0
PixelHit 1282, 1193, 13.3749, 0
PixelHit 1282, 1194, 9.61345, 0
PixelHit 1282, 1195, 28.9381, 0
PixelHit 1282, 1196, 56.4344, 0
PixelHit 1282, 1197, 41.834, 0
PixelHit 1282, 1198, 28.2364, 0
PixelHit 1282, 1199, 17.3948, 0
PixelHit 1282, 1200, 10.1858, 0
PixelHit 1282, 1201, 12.2532, 0
PixelHit 1282, 1202, 5.20316, 0
PixelHit 1282, 1203, 10.2256, 0
PixelHit 1282, 1204, 12.2315, 0
PixelHit 1282, 1205, 7.84132, 0
PixelHit 1282, 1206, 15.2332, 0
PixelHit 1282, 1207, 13.9782, 0
PixelHit 1282, 1208, 6.63571, 0
PixelHit 1282, 1209, 11.1506, 0
PixelHit 1282, 1210, 11.2428, 0
PixelHit 1282, 1211, 36.6554, 0
PixelHit 1282, 1213, 2.28117, 0
PixelHit 1282, 1219, 2.64817, 0
PixelHit 1283, 1171, 3.03611, 0
PixelHit 1283, 1172, 5.48652, 0
PixelHit 1283, 1173, 7.27734, 0
PixelHit 1283, 1174, 7.78582, 0
PixelHit 1283, 1175, 5.35866, 0
PixelHit 1283, 1176, 3.59664, 0
PixelHit 1283, 1177, 0.964791, 0
PixelHit 1283, 1180, 1.71125, 0
PixelHit 1283, 1182, 7.26828, 0
PixelHit 1283, 1183, 16.9825, 0
PixelHit 1283, 1184, 38.0775, 0
PixelHit 1283, 1185, 49.227, 0
PixelHit 1283, 1186, 26.2152, 0
PixelHit 1283, 1187, 18.0411, 0
PixelHit 1283, 1188, 6.02473, 0
PixelHit 1283, 1189, 2.62092, 0
PixelHit 1283, 1190, 4.47177, 0
PixelHit 1283, 1192, 2.14041, 0
PixelHit 1283, 1193, 1.16641, 0
PixelHit 1283, 1195, 6.28143, 0
PixelHit 1283, 1196, 4.09765, 0
PixelHit 1283, 1197, 1.85469, 0
PixelHit 1283, 1198, 4.98147, 0
PixelHit 1283, 1199, 3.41734, 0
PixelHit 1283, 1200, 2.1029, 0
PixelHit 1283, 1210, 1.89487, 0
PixelHit 1284, 1172, 0.699412, 0
PixelHit 1284, 1173, 2.35963, 0
PixelHit 1284, 1174, 2.74772, 0
PixelHit 1284, 1175, 4.00047, 0
PixelHit 1284, 1176, 1.21688, 0
PixelHit 1284, 1177, 0.571642, 0
PixelHit 1284, 1185, 1.3258, 0
PixelHit 1284, 1186, 4.58611, 0
PixelHit 1284, 1187, 1.74178, 0
PixelHit 1284, 1188, 6.03986, 0
PixelHit 1284, 1189, 0.535365, 0
PixelHit 1285, 1184, 1.87569, 0
PixelHit 1285, 1186, 0.603112, 0
=== 9 ===
=== 10 ===
=== 11 ===
=== 12 ===
=== 13 ===
=== 14 ===
=== 15 ===
=== 16 ===
=== 17 ===
=== 18 ===
=== 19 ===
=== 20 ===
=== 21 ===
=== 22 ===
=== 23 ===
=== 24 ===
=== 25 ===
=== 26 ===
=== 27 ===
=== 28 ===
=== 29 ===
=== 30 ===
--- mydetector ---
PixelHit 1228, 1092, 1.74478, 0
PixelHit 1228, 1098, 0.832319, 0
PixelHit 1229, 1087, 1.38391, 0
PixelHit 1229, 1088, 2.57053, 0
PixelHit 1229, 1091, 2.26038, 0
PixelHit 1229, 1095, 1.64101, 0
PixelHit 1229, 1097, 4.44829, 0
PixelHit 1229, 1098, 2.37129, 0
PixelHit 1229, 1099, 2.0904, 0
PixelHit 1229, 1100, 5.73988, 0
PixelHit 1229, 1101, 3.88781, 0
PixelHit 1229, 1102, 1.62653, 0
PixelHit 1229, 1103, 4.56852, 0
PixelHit 1229, 1104, -0.254678, 0
PixelHit 1229, 1112, 2.71391, 0
PixelHit 1229, 1113, 1.51914, 0
PixelHit 1229, 1117, 1.57724, 0
PixelHit 1229, 1118, 4.9784, 0
PixelHit 1229, 1119, 1.69456, 0
PixelHit 1229, 1122, 1.25905, 0
PixelHit 1229, 1125, 1.045, 0
PixelHit 1230, 1085, 0.593339, 0
PixelHit 1230, 1086, 3.27619, 0
PixelHit 1230, 1087, 7.98842, 0
PixelHit 1230, 1088, 9.68405, 0
PixelHit 1230, 1089, 5.72726, 0
PixelHit 1230, 1090, 6.93541, 0
PixelHit 1230, 1091, 1.20176, 0
PixelHit 1230, 1092, 3.80068, 0
PixelHit 1230, 1093, 1.50616, 0
PixelHit 1230, 1094, 4.34918, 0
PixelHit 1230, 1096, 6.82725, 0
PixelHit 1230, 1097, 7.84441, 0
PixelHit 1230, 1098, 17.808, 0
PixelHit 1230, 1099, 14.5653, 0
PixelHit 1230, 1100, 7.47018, 0
PixelHit 1230, 1101, 5.92735, 0
PixelHit 1230, 1102, 12.099, 0
PixelHit 1230, 1103, 6.92495, 0
PixelHit 1230, 1104, 4.86729, 0
PixelHit 1230, 1105, 3.78096, 0
PixelHit 1230, 1106, 7.81716, 0
PixelHit 1230, 1107, 12.8107, 0
PixelHit 1230, 1108, 2.75073, 0
PixelHit 1230, 1109, 5.70028, 0
PixelHit 1230, 1110, 7.22269, 0
PixelHit 1230, 1111, 14.5914, 0
PixelHit 1230, 1112, 4.96008, 0
PixelHit 1230, 1113, 5.28732, 0
PixelHit 1230, 1114, 7.65285, 0
PixelHit 1230, 1115, 9.2053, 0
PixelHit 1230, 1116, 16.2302, 0
PixelHit 1230, 1117, 32.92, 0
PixelHit 1230, 1118, 36.3014, 0
PixelHit 1230, 1119, 19.0823, 0
PixelHit 1230, 1120, 10.0321, 0
PixelHit 1230, 1121, 4.62737, 0
PixelHit 1230, 1122, 15.0167, 0
PixelHit 1230, 1123, 7.80305, 0
PixelHit 1230, 1124, 7.60821, 0
PixelHit 1230, 1125, 8.70989, 0
PixelHit 1230, 1126, 4.15893, 0
PixelHit 1230, 1128, 2.33985, 0
PixelHit 1230, 1129, 2.7764, 0
PixelHit 1230, 1131, 4.52435, 0
PixelHit 1230, 1132, 0.927408, 0
PixelHit 1230, 1133, 2.24337, 0
PixelHit 1230, 1134, 0.974959, 0
PixelHit 1230, 1135, 2.83832, 0
PixelHit 1231, 1087, 8.38014, 0
PixelHit 1231, 1088, 18.2538, 0
PixelHit 1231, 1089, 26.0518, 0
PixelHit 1231, 1090, 2.42612, 0
PixelHit 1231, 1091, 10.3625, 0
PixelHit 1231, 1092, 6.4157, 0
PixelHit 1231, 1093, 6.35903, 0
PixelHit 1231, 1094, 14.1268, 0
PixelHit 1231, 1095, 13.2863, 0
PixelHit 1231, 1096, 20.6886, 0
PixelHit 1231, 1097, 21.711, 0
PixelHit 1231, 1098, 22.4308, 0
PixelHit 1231, 1099, 17.7488, 0
PixelHit 1231, 1100, 11.1847, 0
PixelHit 1231, 1101, 15.0408, 0
PixelHit 1231, 1102, 28.3393, 0
PixelHit 1231, 1103, 13.189, 0
PixelHit 1231, 1104, 14.4195, 0
PixelHit 1231, 1105, 16.9633, 0
PixelHit 1231, 1106, 34.4116, 0
PixelHit 1231, 1107, 17.1769, 0
PixelHit 1231, 1108, 20.1022, 0
PixelHit 1231, 1109, 7.72227, 0
PixelHit 1231, 1110, 18.8747, 0
PixelHit 1231, 1111, 24.3116, 0
PixelHit 1231, 1112, 14.083, 0
PixelHit 1231, 1113, 28.7392, 0
PixelHit 1231, 1114, 19.239, 0
PixelHit 1231, 1115, 21.5233, 0
PixelHit 1231, 1116, 53.3603, 0
PixelHit 1231, 1117, 143.209, 0
PixelHit 1231, 1118, 75.8382, 0
PixelHit 1231, 1119, 27.9571, 0
PixelHit 1231, 1120, 16.5526, 0
PixelHit 1231, 1121, 34.3895, 0
PixelHit 1231, 1122, 54.0221, 0
PixelHit 1231, 1123, 60.8623, 0
PixelHit 1231, 1124, 24.3446, 0
PixelHit 1231, 1125, 50.8367, 0
PixelHit 1231, 1126, 23.414, 0
PixelHit 1231, 1127, 5.44496, 0
PixelHit 1231, 1128, 35.0728, 0
PixelHit 1231, 1129, 55.9995, 0
PixelHit 1231, 1130, 19.7087, 0
PixelHit 1231, 1131, 70.0036, 0
PixelHit 1231, 1132, 21.534, 0
PixelHit 1231, 1133, 140.522, 0
PixelHit 1231, 1134, 47.6343, 0
PixelHit 1231, 1135, 34.3581, 0
PixelHit 1231, 1136, 2.42891, 0
PixelHit 1232, 1086, 5.18331, 0
PixelHit 1232, 1087, 18.9141, 0
PixelHit 1232, 1088, 16.9023, 0
PixelHit 1232, 1089, 16.0271, 0
PixelHit 1232, 1090, 11.8242, 0
PixelHit 1232, 1091, 10.2819, 0
PixelHit 1232, 1092, 8.44608, 0
PixelHit 1232, 1094, 10.7365, 0
PixelHit 1232, 1095, 13.8124, 0
PixelHit 1232, 1096, 16.0605, 0
PixelHit 1232, 1097, 16.9499, 0
PixelHit 1232, 1098, 26.6008, 0
PixelHit 1232, 1099, 21.7775, 0
PixelHit 1232, 1100, 14.8648, 0
PixelHit 1232, 1101, 23.6767, 0
PixelHit 1232, 1102, 13.5432, 0
PixelHit 1232, 1103, 7.6993, 0
PixelHit 1232, 1104, 11.4248, 0
PixelHit 1232, 1105, 16.8535, 0
PixelHit 1232, 1106, 25.6476, 0
PixelHit 1232, 1107, 17.463, 0
PixelHit 1232, 1108, 13.7084, 0
PixelHit 1232, 1109, 15.4575, 0
PixelHit 1232, 1110, 10.8149, 0
PixelHit 1232, 1111, 26.6245, 0
PixelHit 1232, 1112, 16.0916, 0
PixelHit 1232, 1113, 20.6252, 0
PixelHit 1232, 1114, 16.4286, 0
PixelHit 1232, 1115, 23.2709, 0
PixelHit 1232, 1116, 42.767, 0
PixelHit 1232, 1117, 95.3121, 0
PixelHit 1232, 1118, 53.3946, 0
PixelHit 1232, 1119, 24.5633, 0
PixelHit 1232, 1120, 14.5195, 0
PixelHit 1232, 1121, 17.7983, 0
PixelHit 1232, 1122, 19.2066, 0
PixelHit 1232, 1123, 20.0995, 0
PixelHit 1232, 1124, 16.8856, 0
PixelHit 1232, 1125, 15.6947, 0
PixelHit 1232, 1126, 3.83762, 0
PixelHit 1232, 1127, 2.76028, 0
PixelHit 1232, 1128, 6.83268, 0
PixelHit 1232, 1129, 13.4549, 0
PixelHit 1232, 1130, 3.31515, 0
PixelHit 1232, 1131, 5.47717, 0
PixelHit 1232, 1133, 8.61034, 0
PixelHit 1232, 1135, 0.373396, 0
PixelHit 1233, 1085, 0.94807, 0
PixelHit 1233, 1087, 4.76125, 0
PixelHit 1233, 1088, 4.28656, 0
PixelHit 1233, 1089, 8.59662, 0
PixelHit 1233, 1090, 7.23385, 0
PixelHit 1233, 1091, 6.51372, 0
PixelHit 1233, 1092, 5.66297, 0
PixelHit 1233, 1094, 5.95165, 0
PixelHit 1233, 1095, 6.36236, 0
PixelHit 1233, 1096, 6.31273, 0
PixelHit 1233, 1097, 10.8964, 0
PixelHit 1233, 1098, 16.9178, 0
PixelHit 1233, 1099, 13.196, 0
PixelHit 1233, 1100, 8.29467, 0
PixelHit 1233, 1101, 12.2569, 0
PixelHit 1233, 1102, 4.87675, 0
PixelHit 1233, 1103, 4.00622, 0
PixelHit 1233, 1104, 7.74186, 0
PixelHit 1233, 1105, 4.86816, 0
PixelHit 1233, 1106, 8.74064, 0
PixelHit 1233, 1107, 6.52221, 0
PixelHit 1233, 1108, 4.68275, 0
PixelHit 1233, 1109, 4.94619, 0
PixelHit 1233, 1110, 8.15979, 0
PixelHit 1233, 1111, 6.93117, 0
PixelHit 1233, 1112, 5.82663, 0
PixelHit 1233, 1113, 2.20602, 0
PixelHit 1233, 1114, 2.07846, 0
PixelHit 1233, 1116, 8.57875, 0
PixelHit 1233, 1117, 14.1249, 0
PixelHit 1233, 1118, 10.6099, 0
PixelHit 1233, 1119, 2.14824, 0
PixelHit 1233, 1121, 1.84865, 0
PixelHit 1233, 1122, 0.972324, 0
PixelHit 1233, 1123, 3.92542, 0
PixelHit 1233, 1125, 2.63649, 0
PixelHit 1234, 1087, 1.29397, 0
PixelHit 1234, 1088, 2.9357, 0
PixelHit 1234, 1089, 1.93846, 0
PixelHit 1234, 1090, 3.35581, 0
PixelHit 1234, 1091, 2.29102, 0
PixelHit 1234, 1094, 0.623105, 0
PixelHit 1234, 1099, 4.36733, 0
PixelHit 1234, 1100, 5.06526, 0
PixelHit 1234, 1101, 1.2414, 0
PixelHit 1234, 1102, 2.91101, 0
PixelHit 1234, 1112, 0.432, 0
PixelHit 1236, 970, 3.64747, 0
PixelHit 1237, 965, 0.940329, 0
PixelHit 1237, 967, 3.65553, 0
PixelHit 1237, 968, 2.57129, 0
PixelHit 1237, 969, 8.73726, 0
PixelHit 1237, 970, 14.4033, 0
PixelHit 1237, 971, 21.4719, 0
PixelHit 1237, 972, 12.9213, 0
PixelHit 1237, 973, 2.07863, 0
PixelHit 1237, 974, 0.494511, 0
PixelHit 1238, 965, 4.79523, 0
PixelHit 1238, 966, 1.23681, 0
PixelHit 1238, 967, 2.14811, 0
PixelHit 1238, 968, 9.42844, 0
PixelHit 1238, 969, 36.7921, 0
PixelHit 1238, 970, 77.6891, 0
PixelHit 1238, 971, 93.1162, 0
PixelHit 1238, 972, 40.2361, 0
PixelHit 1238, 973, 12.1805, 0
PixelHit 1238, 974, 2.71309, 0
PixelHit 1238, 976, 2.90879, 0
PixelHit 1238, 978, 1.8466, 0
PixelHit 1238, 979, 2.01874, 0
PixelHit 1238, 980, 2.00972, 0
PixelHit 1238, 982, 7.43688, 0
PixelHit 1238, 996, 1.07011, 0
PixelHit 1238, 997, 2.10911, 0
PixelHit 1238, 998, 5.10943, 0
PixelHit 1238, 999, 3.01144, 0
PixelHit 1239, 964, 1.69609, 0
PixelHit 1239, 965, 1.7812, 0
PixelHit 1239, 966, 4.81689, 0
PixelHit 1239, 967, 15.5749, 0
PixelHit 1239, 968, 32.4676, 0
PixelHit 1239, 969, 100.467, 0
PixelHit 1239, 970, 180.371, 0
PixelHit 1239, 971, 219.996, 0
PixelHit 1239, 972, 143.101, 0
PixelHit 1239, 973, 39.8913, 0
PixelHit 1239, 974, 8.96221, 0
PixelHit 1239, 975, 4.76104, 0
PixelHit 1239, 977, 7.11775, 0
PixelHit 1239, 978, 3.39447, 0
PixelHit 1239, 979, 10.8978, 0
PixelHit 1239, 980, 13.7138, 0
PixelHit 1239, 981, 17.4463, 0
PixelHit 1239, 982, 15.5335, 0
PixelHit 1239, 983, 12.7178, 0
PixelHit 1239, 984, 9.92685, 0
PixelHit 1239, 985, 8.44063, 0
PixelHit 1239, 986, 7.53419, 0
PixelHit 1239, 987, 2.78774, 0
PixelHit 1239, 988, 9.93244, 0
PixelHit 1239, 989, 4.07944, 0
PixelHit 1239, 990, 9.1431, 0
PixelHit 1239, 991, 18.2879, 0
PixelHit 1239, 992, 8.98204, 0
PixelHit 1239, 993, 8.24498, 0
PixelHit 1239, 994, 4.17808, 0
PixelHit 1239, 995, 7.17502, 0
PixelHit 1239, 996, 12.2989, 0
PixelHit 1239, 997, 25.8997, 0
PixelHit 1239, 998, 28.9508, 0
PixelHit 1239, 999, 29.1761, 0
PixelHit 1239, 1000, 39.3481, 0
PixelHit 1239, 1001, 27.0121, 0
PixelHit 1239, 1002, 9.32782, 0
PixelHit 1239, 1003, 17.4256, 0
PixelHit 1239, 1004, 10.2645, 0
PixelHit 1239, 1005, 5.92925, 0
PixelHit 1239, 1006, 15.9628, 0
PixelHit 1239, 1007, 22.8386, 0
PixelHit 1239, 1008, 34.6541, 0
PixelHit 1239, 1009, 49.2446, 0
PixelHit 1239, 1010, 9.43536, 0
PixelHit 1240, 965, 5.06827, 0
PixelHit 1240, 966, 5.81039, 0
PixelHit 1240, 967, 12.7632, 0
PixelHit 1240, 968, 33.2505, 0
PixelHit 1240, 969, 122.184, 0
PixelHit 1240, 970, 259.237, 0
PixelHit 1240, 971, 252.72, 0
PixelHit 1240, 972, 174.371, 0
PixelHit 1240, 973, 57.1757, 0
PixelHit 1240, 974, 17.8329, 0
PixelHit 1240, 975, 9.21433, 0
PixelHit 1240, 976, 3.37275, 0
PixelHit 1240, 977, 7.57921, 0
PixelHit 1240, 978, 14.2141, 0
PixelHit 1240, 979, 15.0616, 0
PixelHit 1240, 980, 43.5232, 0
PixelHit 1240, 981, 66.0253, 0
PixelHit 1240, 982, 52.8508, 0
PixelHit 1240, 983, 28.6201, 0
PixelHit 1240, 984, 19.8827, 0
PixelHit 1240, 985, 15.3676, 0
PixelHit 1240, 986, 11.6734, 0
PixelHit 1240, 987, 16.8027, 0
PixelHit 1240, 988, 11.0523, 0
PixelHit 1240, 989, 20.3006, 0
PixelHit 1240, 990, 29.701, 0
PixelHit 1240, 991, 49.6103, 0
PixelHit 1240, 992, 50.4304, 0
PixelHit 1240, 993, 23.8857, 0
PixelHit 1240, 994, 16.2339, 0
PixelHit 1240, 995, 18.4592, 0
PixelHit 1240, 996, 37.1106, 0
PixelHit 1240, 997, 48.8799, 0
PixelHit 1240, 998, 122.147, 0
PixelHit 1240, 999, 141.226, 0
PixelHit 1240, 1000, 154.428, 0
PixelHit 1240, 1001, 108.665, 0
PixelHit 1240, 1002, 37.9906, 0
PixelHit 1240, 1003, 52.6973, 0
PixelHit 1240, 1004, 45.364, 0
PixelHit 1240, 1005, 17.5362, 0
PixelHit 1240, 1006, 83.5908, 0
PixelHit 1240, 1007, 79.5174, 0
PixelHit 1240, 1008, 256.643, 0
PixelHit 1240, 1009, 457.278, 0
PixelHit 1240, 1010, 36.2522, 0
PixelHit 1240, 1011, 16.374, 0
PixelHit 1241, 966, 2.30418, 0
PixelHit 1241, 967, 15.1217, 0
PixelHit 1241, 968, 27.7129, 0
PixelHit 1241, 969, 76.3795, 0
PixelHit 1241, 970, 190.665, 0
PixelHit 1241, 971, 194.211, 0
PixelHit 1241, 972, 103.29, 0
PixelHit 1241, 973, 40.3154, 0
PixelHit 1241, 974, 12.4154, 0
PixelHit 1241, 976, 3.14883, 0
PixelHit 1241, 977, 3.21208, 0
PixelHit 1241, 978, 5.2022, 0
PixelHit 1241, 979, 16.9736, 0
PixelHit 1241, 980, 23.5689, 0
PixelHit 1241, 981, 43.0163, 0
PixelHit 1241, 982, 41.8118, 0
PixelHit 1241, 983, 30.8343, 0
PixelHit 1241, 984, 19.2748, 0
PixelHit 1241, 985, 28.3481, 0
PixelHit 1241, 986, 20.313, 0
PixelHit 1241, 987, 14.8956, 0
PixelHit 1241, 988, 12.8563, 0
PixelHit 1241, 989, 17.6144, 0
PixelHit 1241, 990, 32.8382, 0
PixelHit 1241, 991, 40.6334, 0
PixelHit 1241, 992, 29.3484, 0
PixelHit 1241, 993, 18.6999, 0
PixelHit 1241, 994, 6.66064, 0
PixelHit 1241, 995, 13.4567, 0
PixelHit 1241, 996, 25.8765, 0
PixelHit 1241, 997, 28.4749, 0
PixelHit 1241, 998, 69.9666, 0
PixelHit 1241, 999, 78.7526, 0
PixelHit 1241, 1000, 84.0675, 0
PixelHit 1241, 1001, 44.0966, 0
PixelHit 1241, 1002, 15.1838, 0
PixelHit 1241, 1003, 19.6904, 0
PixelHit 1241, 1004, 13.1629, 0
PixelHit 1241, 1005, 3.93496, 0
PixelHit 1241, 1006, 15.1845, 0
PixelHit 1241, 1007, 17.6433, 0
PixelHit 1241, 1008, 8.5011, 0
PixelHit 1241, 1009, 9.7276, 0
PixelHit 1241, 1010, 2.81638, 0
PixelHit 1241, 1011, 1.61733, 0
PixelHit 1242, 965, 2.22284, 0
PixelHit 1242, 966, 1.76418, 0
PixelHit 1242, 967, 4.19478, 0
PixelHit 1242, 968, 12.46, 0
PixelHit 1242, 969, 20.6386, 0
PixelHit 1242, 970, 43.7984, 0
PixelHit 1242, 971, 46.387, 0
PixelHit 1242, 972, 28.9549, 0
PixelHit 1242, 973, 18.2519, 0
PixelHit 1242, 974, 4.90828, 0
PixelHit 1242, 975, 0.367537, 0
PixelHit 1242, 976, 2.49214, 0
PixelHit 1242, 977, 3.33266, 0
PixelHit 1242, 979, 4.45368, 0
PixelHit 1242, 980, 13.3434, 0
PixelHit 1242, 981, 14.72, 0
PixelHit 1242, 982, 17.1037, 0
PixelHit 1242, 983, 11.4991, 0
PixelHit 1242, 984, 8.16338, 0
PixelHit 1242, 985, 7.87555, 0
PixelHit 1242, 986, 6.05797, 0
PixelHit 1242, 987, 7.36941, 0
PixelHit 1242, 988, 4.8627, 0
PixelHit 1242, 989, 2.4841, 0
PixelHit 1242, 990, 10.1818, 0
PixelHit 1242, 991, 1.64701, 0
PixelHit 1242, 992, 6.41586, 0
PixelHit 1242, 993, 4.13753, 0
PixelHit 1242, 994, 2.67595, 0
PixelHit 1242, 996, 3.43783, 0
PixelHit 1242, 997, 7.70037, 0
PixelHit 1242, 998, 2.73513, 0
PixelHit 1242, 999, 8.02141, 0
PixelHit 1242, 1000, 3.50467, 0
PixelHit 1242, 1002, 0.619356, 0
PixelHit 1242, 1003, 0.853689, 0
PixelHit 1243, 966, 1.0853, 0
PixelHit 1243, 967, 1.01221, 0
PixelHit 1243, 968, 1.57792, 0
PixelHit 1243, 969, 6.44114, 0
PixelHit 1243, 970, 6.90031, 0
PixelHit 1243, 971, 11.3801, 0
PixelHit 1243, 972, 5.7518, 0
PixelHit 1243, 973, 2.11602, 0
PixelHit 1243, 980, 2.44862, 0
PixelHit 1243, 981, 2.7275, 0
PixelHit 1243, 982, 3.31576, 0
PixelHit 1243, 988, 0.843657, 0
PixelHit 1243, 992, 3.56262, 0
PixelHit 1244, 971, 2.41046, 0
PixelHit 1244, 972, 0.597766, 0
PixelHit 1244, 973, -0.612465, 0
PixelHit 1244, 984, 0.756838, 0
PixelHit 1299, 1589, 1.2726, 0
PixelHit 1299, 1598, 0.245893, 0
PixelHit 1299, 1601, 0.0938646, 0
PixelHit 1300, 1590, 2.09592, 0
PixelHit 1300, 1591, 1.16531, 0
PixelHit 1300, 1594, 4.74856, 0
PixelHit 1300, 1595, 1.3248, 0
PixelHit 1300, 1596, 2.79143, 0
PixelHit 1300, 1597, 3.86487, 0
PixelHit 1300, 1600, 4.53263, 0
PixelHit 1300, 1604, 2.40945, 0
PixelHit 1300, 1605, 5.0782, 0
PixelHit 1300, 1606, 3.39593, 0
PixelHit 1300, 1608, -0.0702243, 0
PixelHit 1300, 1609, 3.26033, 0
PixelHit 1300, 1614, 1.94214, 0
PixelHit 1300, 1615, 2.72374, 0
PixelHit 1300, 1616, 2.04093, 0
PixelHit 1300, 1625, 1.30336, 0
PixelHit 1300, 1627, 2.85319, 0
PixelHit 1301, 1589, 1.4848, 0
PixelHit 1301, 1590, 2.98503, 0
PixelHit 1301, 1591, 4.58494, 0
PixelHit 1301, 1592, 7.66858, 0
PixelHit 1301, 1593, 6.06956, 0
PixelHit 1301, 1595, 12.3441, 0
PixelHit 1301, 1596, 7.91702, 0
PixelHit 1301, 1597, 14.0756, 0
PixelHit 1301, 1598, 21.1076, 0
PixelHit 1301, 1599, 18.0876, 0
PixelHit 1301, 1600, 11.6798, 0
PixelHit 1301, 1601, 5.72461, 0
PixelHit 1301, 1602, 5.58011, 0
PixelHit 1301, 1603, 6.29696, 0
PixelHit 1301, 1604, 8.13817, 0
PixelHit 1301, 1605, 10.4478, 0
PixelHit 1301, 1606, 11.7436, 0
PixelHit 1301, 1607, 1.65897, 0
PixelHit 1301, 1608, 5.39243, 0
PixelHit 1301, 1609, 5.80939, 0
PixelHit 1301, 1610, 2.51571, 0
PixelHit 1301, 1611, 7.79335, 0
PixelHit 1301, 1612, 8.00552, 0
PixelHit 1301, 1613, 11.6735, 0
PixelHit 1301, 1614, 13.3612, 0
PixelHit 1301, 1615, 12.8898, 0
PixelHit 1301, 1616, 5.00787, 0
PixelHit 1301, 1617, 1.3136, 0
PixelHit 1301, 1621, 2.86472, 0
PixelHit 1301, 1622, 5.23066, 0
PixelHit 1301, 1623, 13.7199, 0
PixelHit 1301, 1624, 6.66745, 0
PixelHit 1301, 1625, 4.30826, 0
PixelHit 1301, 1626, 6.65738, 0
PixelHit 1301, 1627, 14.4844, 0
PixelHit 1301, 1628, 5.54292, 0
PixelHit 1301, 1629, 1.89434, 0
PixelHit 1301, 1630, 3.43231, 0
PixelHit 1301, 1631, 3.67737, 0
PixelHit 1301, 1633, 1.38934, 0
PixelHit 1301, 1635, 3.89627, 0
PixelHit 1301, 1636, 2.27162, 0
PixelHit 1301, 1638, 2.08003, 0
PixelHit 1302, 1588, 1.19575, 0
PixelHit 1302, 1589, 3.62873, 0
PixelHit 1302, 1590, 13.9687, 0
PixelHit 1302, 1591, 12.3957, 0
PixelHit 1302, 1592, 17.5227, 0
PixelHit 1302, 1593, 17.2583, 0
PixelHit 1302, 1594, 14.3421, 0
PixelHit 1302, 1595, 15.2785, 0
PixelHit 1302, 1596, 20.7051, 0
PixelHit 1302, 1597, 37.1038, 0
PixelHit 1302, 1598, 47.6699, 0
PixelHit 1302, 1599, 32.3143, 0
PixelHit 1302, 1600, 22.1107, 0
PixelHit 1302, 1601, 7.23233, 0
PixelHit 1302, 1602, 4.64766, 0
PixelHit 1302, 1603, 10.7333, 0
PixelHit 1302, 1604, 27.5843, 0
PixelHit 1302, 1605, 27.5641, 0
PixelHit 1302, 1606, 35.6847, 0
PixelHit 1302, 1607, 16.1595, 0
PixelHit 1302, 1608, 10.3538, 0
PixelHit 1302, 1609, 7.39918, 0
PixelHit 1302, 1610, 13.3399, 0
PixelHit 1302, 1611, 29.3499, 0
PixelHit 1302, 1612, 34.3496, 0
PixelHit 1302, 1613, 37.9745, 0
PixelHit 1302, 1614, 51.1677, 0
PixelHit 1302, 1615, 55.1812, 0
PixelHit 1302, 1616, 18.713, 0
PixelHit 1302, 1617, 18.3946, 0
PixelHit 1302, 1618, 14.4276, 0
PixelHit 1302, 1619, 14.6842, 0
PixelHit 1302, 1620, 5.91541, 0
PixelHit 1302, 1621, 29.9454, 0
PixelHit 1302, 1622, 23.4625, 0
PixelHit 1302, 1623, 38.9349, 0
PixelHit 1302, 1624, 31.3806, 0
PixelHit 1302, 1625, 23.9799, 0
PixelHit 1302, 1626, 29.6216, 0
PixelHit 1302, 1627, 41.6137, 0
PixelHit 1302, 1628, 48.0857, 0
PixelHit 1302, 1629, 15.3862, 0
PixelHit 1302, 1630, 21.291, 0
PixelHit 1302, 1631, 17.0797, 0
PixelHit 1302, 1632, 15.144, 0
PixelHit 1302, 1633, 10.8679, 0
PixelHit 1302, 1634, 9.84572, 0
PixelHit 1302, 1635, 39.063, 0
PixelHit 1302, 1636, 30.6404, 0
PixelHit 1302, 1637, 33.22, 0
PixelHit 1302, 1638, 5.0397, 0
PixelHit 1302, 1639, 9.63621, 0
PixelHit 1302, 1640, 15.1728, 0
PixelHit 1302, 1641, 3.16756, 0
PixelHit 1302, 1642, 4.16053, 0
PixelHit 1302, 1643, 11.5022, 0
PixelHit 1302, 1644, 17.7021, 0
PixelHit 1302, 1645, 10.8316, 0
PixelHit 1302, 1646, 3.40271, 0
PixelHit 1303, 1587, 1.113, 0
PixelHit 1303, 1590, 10.7115, 0
PixelHit 1303, 1591, 11.6266, 0
PixelHit 1303, 1592, 15.8248, 0
PixelHit 1303, 1593, 6.67477, 0
PixelHit 1303, 1594, 10.6243, 0
PixelHit 1303, 1595, 14.1731, 0
PixelHit 1303, 1596, 23.9476, 0
PixelHit 1303, 1597, 35.7954, 0
PixelHit 1303, 1598, 42.545, 0
PixelHit 1303, 1599, 28.096, 0
PixelHit 1303, 1600, 25.3583, 0
PixelHit 1303, 1601, 11.8552, 0
PixelHit 1303, 1602, 18.1602, 0
PixelHit 1303, 1603, 18.8154, 0
PixelHit 1303, 1604, 24.6165, 0
PixelHit 1303, 1605, 36.5979, 0
PixelHit 1303, 1606, 22.8079, 0
PixelHit 1303, 1607, 15.0231, 0
PixelHit 1303, 1608, 5.29158, 0
PixelHit 1303, 1609, 2.94396, 0
PixelHit 1303, 1610, 12.1038, 0
PixelHit 1303, 1611, 27.5428, 0
PixelHit 1303, 1612, 26.1409, 0
PixelHit 1303, 1613, 41.6287, 0
PixelHit 1303, 1614, 60.7778, 0
PixelHit 1303, 1615, 34.2938, 0
PixelHit 1303, 1616, 18.0719, 0
PixelHit 1303, 1617, 11.7719, 0
PixelHit 1303, 1618, 20.3366, 0
PixelHit 1303, 1619, 9.16904, 0
PixelHit 1303, 1620, 16.8379, 0
PixelHit 1303, 1621, 18.6138, 0
PixelHit 1303, 1622, 20.3838, 0
PixelHit 1303, 1623, 37.1501, 0
PixelHit 1303, 1624, 35.7432, 0
PixelHit 1303, 1625, 14.7669, 0
PixelHit 1303, 1626, 32.4166, 0
PixelHit 1303, 1627, 74.4041, 0
PixelHit 1303, 1628, 50.5585, 0
PixelHit 1303, 1629, 16.9889, 0
PixelHit 1303, 1630, 33.0148, 0
PixelHit 1303, 1631, 26.5358, 0
PixelHit 1303, 1632, 17.8819, 0
PixelHit 1303, 1633, 12.6501, 0
PixelHit 1303, 1634, 15.3841, 0
PixelHit 1303, 1635, 41.3374, 0
PixelHit 1303, 1636, 37.9407, 0
PixelHit 1303, 1637, 42.5733, 0
PixelHit 1303, 1638, 10.1783, 0
PixelHit 1303, 1639, 8.20569, 0
PixelHit 1303, 1640, 25.6111, 0
PixelHit 1303, 1641, 8.22501, 0
PixelHit 1303, 1642, 8.36334, 0
PixelHit 1303, 1643, 18.2444, 0
PixelHit 1303, 1644, 8.78512, 0
PixelHit 1303, 1645, 14.5432, 0
PixelHit 1303, 1646, 16.4729, 0
PixelHit 1304, 1588, 1.63746, 0
PixelHit 1304, 1589, 2.41681, 0
PixelHit 1304, 1590, 8.49404, 0
PixelHit 1304, 1591, 9.33352, 0
PixelHit 1304, 1592, 8.84681, 0
PixelHit 1304, 1593, 5.16963, 0
PixelHit 1304, 1594, 10.631, 0
PixelHit 1304, 1595, 3.55842, 0
PixelHit 1304, 1596, 7.634, 0
PixelHit 1304, 1597, 15.1892, 0
PixelHit 1304, 1598, 26.1626, 0
PixelHit 1304, 1599, 21.2828, 0
PixelHit 1304, 1600, 10.4179, 0
PixelHit 1304, 1601, 8.84927, 0
PixelHit 1304, 1602, 9.17812, 0
PixelHit 1304, 1603, 8.72032, 0
PixelHit 1304, 1604, 4.26307, 0
PixelHit 1304, 1605, 8.52024, 0
PixelHit 1304, 1606, 10.5, 0
PixelHit 1304, 1607, 14.4312, 0
PixelHit 1304, 1608, 2.83358, 0
PixelHit 1304, 1609, 1.82924, 0
PixelHit 1304, 1610, 6.37245, 0
PixelHit 1304, 1611, 4.78941, 0
PixelHit 1304, 1612, 7.33998, 0
PixelHit 1304, 1613, 11.4835, 0
PixelHit 1304, 1614, 15.537, 0
PixelHit 1304, 1615, 20.7298, 0
PixelHit 1304, 1616, 3.11258, 0
PixelHit 1304, 1618, 4.80394, 0
PixelHit 1304, 1620, 5.15692, 0
PixelHit 1304, 1621, 7.92813, 0
PixelHit 1304, 1622, 6.64007, 0
PixelHit 1304, 1623, 8.69331, 0
PixelHit 1304, 1624, 11.0409, 0
PixelHit 1304, 1626, 2.45313, 0
PixelHit 1304, 1627, 8.48899, 0
PixelHit 1304, 1628, 5.11941, 0
PixelHit 1304, 1629, 4.56355, 0
PixelHit 1304, 1630, 2.43256, 0
PixelHit 1304, 1631, 2.88102, 0
PixelHit 1304, 1632, 4.21078, 0
PixelHit 1304, 1633, 1.81671, 0
PixelHit 1304, 1635, 6.69209, 0
PixelHit 1304, 1637, 2.76591, 0
PixelHit 1305, 1591, 2.23385, 0
PixelHit 1305, 1592, 3.59095, 0
PixelHit 1305, 1593, 2.70547, 0
PixelHit 1305, 1594, 2.68674, 0
PixelHit 1305, 1597, 7.5486, 0
PixelHit 1305, 1598, 10.5681, 0
PixelHit 1305, 1599, 4.12693, 0
PixelHit 1305, 1600, 1.99429, 0
PixelHit 1305, 1601, 3.09824, 0
PixelHit 1305, 1603, 1.90019, 0
PixelHit 1305, 1604, 3.42691, 0
PixelHit 1305, 1606, 2.04442, 0
PixelHit 1305, 1609, 1.65801, 0
PixelHit 1305, 1612, 1.22451, 0
PixelHit 1305, 1617, 2.14938, 0
PixelHit 1305, 1620, 1.6458, 0
PixelHit 1305, 1622, 0.397704, 0
PixelHit 1305, 1624, 0.27807, 0
PixelHit 1305, 1625, 1.60493, 0
=== 31 ===
=== 32 ===
=== 33 ===
=== 34 ===
=== 35 ===
=== 36 ===
=== 37 ===
=== 38 ===
=== 39 ===
=== 40 ===
=== 41 ===
=== 42 ===
=== 43 ===
=== 44 ===
=== 45 ===
=== 46 ===
=== 47 ===
=== 48 ===
--- mydetector ---
PixelHit 210, 639, 6.79021, 0
PixelHit 211, 626, 3.16858, 0
PixelHit 211, 627, 1.32196, 0
PixelHit 211, 629, 4.27703, 0
PixelHit 211, 634, 2.78406, 0
PixelHit 211, 635, 1.20199, 0
PixelHit 211, 636, 9.54706, 0
PixelHit 211, 637, 32.3764, 0
PixelHit 211, 638, 20.3892, 0
PixelHit 211, 639, 53.8938, 0
PixelHit 211, 640, 30.7672, 0
PixelHit 212, 618, 2.86205, 0
PixelHit 212, 626, 2.88691, 0
PixelHit 212, 627, 4.43206, 0
PixelHit 212, 628, 14.673, 0
PixelHit 212, 629, 11.2536, 0
PixelHit 212, 630, 33.003, 0
PixelHit 212, 631, 20.6632, 0
PixelHit 212, 632, 9.21626, 0
PixelHit 212, 633, 6.63725, 0
PixelHit 212, 634, 9.80345, 0
PixelHit 212, 635, 8.28618, 0
PixelHit 212, 636, 13.2396, 0
PixelHit 212, 637, 13.6236, 0
PixelHit 212, 638, 3.87142, 0
PixelHit 213, 620, 1.51309, 0
PixelHit 213, 622, 4.71707, 0
PixelHit 213, 623, 9.26788, 0
PixelHit 213, 624, 11.2077, 0
PixelHit 213, 625, 18.9132, 0
PixelHit 213, 626, 25.8576, 0
PixelHit 213, 627, 28.6754, 0
PixelHit 213, 628, 44.6261, 0
PixelHit 213, 629, 46.73, 0
PixelHit 213, 630, 69.0262, 0
PixelHit 213, 631, 20.446, 0
PixelHit 213, 632, 5.36871, 0
PixelHit 213, 633, 6.1307, 0
PixelHit 213, 635, 1.26308, 0
PixelHit 214, 610, 2.21131, 0
PixelHit 214, 614, 1.49968, 0
PixelHit 214, 615, 2.37372, 0
PixelHit 214, 617, 4.80067, 0
PixelHit 214, 618, 3.68216, 0
PixelHit 214, 619, 7.17627, 0
PixelHit 214, 620, 6.69255, 0
PixelHit 214, 621, 14.6832, 0
PixelHit 214, 622, 13.8352, 0
PixelHit 214, 623, 16.237, 0
PixelHit 214, 624, 26.3209, 0
PixelHit 214, 625, 31.6185, 0
PixelHit 214, 626, 35.2511, 0
PixelHit 214, 627, 31.214, 0
PixelHit 214, 628, 24.863, 0
PixelHit 214, 629, 15.9287, 0
PixelHit 214, 630, 12.5773, 0
PixelHit 214, 631, 2.98631, 0
PixelHit 214, 632, 3.18909, 0
PixelHit 215, 609, 2.91967, 0
PixelHit 215, 610, 4.53539, 0
PixelHit 215, 611, 4.25587, 0
PixelHit 215, 612, 5.01447, 0
PixelHit 215, 614, 4.25842, 0
PixelHit 215, 615, 9.87685, 0
PixelHit 215, 616, 8.83837, 0
PixelHit 215, 617, 16.8959, 0
PixelHit 215, 618, 26.715, 0
PixelHit 215, 619, 19.9916, 0
PixelHit 215, 620, 13.3227, 0
PixelHit 215, 621, 15.8146, 0
PixelHit 215, 622, 14.696, 0
PixelHit 215, 623, 18.418, 0
PixelHit 215, 624, 14.7357, 0
PixelHit 215, 625, 13.1902, 0
PixelHit 215, 626, 6.54414, 0
PixelHit 215, 627, 4.81419, 0
PixelHit 215, 628, 0.916587, 0
PixelHit 215, 629, 1.02265, 0
PixelHit 216, 604, 1.86654, 0
PixelHit 216, 605, 0.618921, 0
PixelHit 216, 606, 3.25527, 0
PixelHit 216, 607, 4.05213, 0
PixelHit 216, 608, 6.74609, 0
PixelHit 216, 609, 1.77205, 0
PixelHit 216, 610, 11.3071, 0
PixelHit 216, 611, 6.22381, 0
PixelHit 216, 612, 3.82656, 0
PixelHit 216, 613, 3.78383, 0
PixelHit 216, 614, 5.58563, 0
PixelHit 216, 615, 14.2473, 0
PixelHit 216, 616, 14.2016, 0
PixelHit 216, 617, 13.9467, 0
PixelHit 216, 618, 26.5164, 0
PixelHit 216, 619, 14.4211, 0
PixelHit 216, 620, 8.15836, 0
PixelHit 216, 621, 10.0037, 0
PixelHit 216, 622, 8.62281, 0
PixelHit 216, 623, 5.30337, 0
PixelHit 216, 624, 5.01006, 0
PixelHit 216, 625, 1.6417, 0
PixelHit 217, 602, 3.07946, 0
PixelHit 217, 603, 3.8489, 0
PixelHit 217, 604, 8.29436, 0
PixelHit 217, 605, 7.0894, 0
PixelHit 217, 606, 9.69056, 0
PixelHit 217, 607, 19.3937, 0
PixelHit 217, 608, 8.39854, 0
PixelHit 217, 609, 23.5034, 0
PixelHit 217, 610, 18.8127, 0
PixelHit 217, 611, 17.6385, 0
PixelHit 217, 612, 9.25808, 0
PixelHit 217, 613, 10.7375, 0
PixelHit 217, 614, 6.26713, 0
PixelHit 217, 615, 9.45757, 0
PixelHit 217, 616, 6.63263, 0
PixelHit 217, 617, 7.46831, 0
PixelHit 217, 618, 4.69649, 0
PixelHit 217, 619, 1.41099, 0
PixelHit 218, 600, 4.01385, 0
PixelHit 218, 601, 2.95484, 0
PixelHit 218, 602, 11.4458, 0
PixelHit 218, 603, 14.3949, 0
PixelHit 218, 604, 18.3656, 0
PixelHit 218, 605, 12.1972, 0
PixelHit 218, 606, 16.6486, 0
PixelHit 218, 607, 27.7752, 0
PixelHit 218, 608, 20.4192, 0
PixelHit 218, 609, 23.3375, 0
PixelHit 218, 610, 19.0639, 0
PixelHit 218, 611, 15.2556, 0
PixelHit 218, 612, 9.61524, 0
PixelHit 218, 613, 3.85852, 0
PixelHit 218, 614, 1.57163, 0
PixelHit 219, 597, 3.65611, 0
PixelHit 219, 598, 4.86494, 0
PixelHit 219, 599, 4.00972, 0
PixelHit 219, 600, 2.64278, 0
PixelHit 219, 601, 11.0144, 0
PixelHit 219, 602, 13.8302, 0
PixelHit 219, 603, 21.1936, 0
PixelHit 219, 604, 17.7475, 0
PixelHit 219, 605, 18.5898, 0
PixelHit 219, 606, 19.3107, 0
PixelHit 219, 607, 15.727, 0
PixelHit 219, 608, 2.46343, 0
PixelHit 219, 609, 5.41008, 0
PixelHit 219, 610, 3.87967, 0
PixelHit 219, 611, 4.7648, 0
PixelHit 219, 612, 3.69511, 0
PixelHit 219, 613, 1.30999, 0
PixelHit 219, 614, 1.33285, 0
PixelHit 220, 600, 7.18692, 0
PixelHit 220, 601, 7.91848, 0
PixelHit 220, 602, 10.085, 0
PixelHit 220, 603, 7.71769, 0
PixelHit 220, 604, 10.2205, 0
PixelHit 220, 605, 5.12908, 0
PixelHit 220, 606, 9.76115, 0
PixelHit 220, 607, 4.11603, 0
PixelHit 220, 608, 6.48273, 0
PixelHit 221, 599, 4.02083, 0
PixelHit 221, 600, 3.28694, 0
PixelHit 221, 603, 1.71373, 0
PixelHit 221, 604, 3.78802, 0
PixelHit 222, 598, 1.18138, 0
PixelHit 222, 599, 3.23136, 0
PixelHit 222, 600, 1.12701, 0
PixelHit 222, 601, 4.64207, 0
PixelHit 223, 598, 2.09713, 0
PixelHit 223, 606, 3.33783, 0
PixelHit 1107, 1134, 2.90551, 0
PixelHit 1107, 1135, 2.70608, 0
PixelHit 1107, 1139, 2.1473, 0
PixelHit 1107, 1142, -0.350665, 0
PixelHit 1107, 1143, 2.90722, 0
PixelHit 1107, 1144, 1.66348, 0
PixelHit 1107, 1148, 4.94886, 0
PixelHit 1107, 1150, 1.29092, 0
PixelHit 1107, 1157, 2.87349, 0
PixelHit 1107, 1158, 2.40603, 0
PixelHit 1107, 1159, 2.98505, 0
PixelHit 1107, 1162, 2.79113, 0
PixelHit 1107, 1163, 0.485305, 0
PixelHit 1107, 1172, 1.78765, 0
PixelHit 1107, 1175, 0.666751, 0
PixelHit 1108, 1134, 3.66191, 0
PixelHit 1108, 1135, 3.55069, 0
PixelHit 1108, 1136, 5.32845, 0
PixelHit 1108, 1137, 7.61499, 0
PixelHit 1108, 1138, 4.11065, 0
PixelHit 1108, 1139, 3.09207, 0
PixelHit 1108, 1140, 1.63383, 0
PixelHit 1108, 1141, 2.19274, 0
PixelHit 1108, 1142, 5.46211, 0
PixelHit 1108, 1143, 12.3093, 0
PixelHit 1108, 1144, 6.68015, 0
PixelHit 1108, 1145, 7.55135, 0
PixelHit 1108, 1146, 11.3464, 0
PixelHit 1108, 1147, 9.15024, 0
PixelHit 1108, 1148, 1.1501, 0
PixelHit 1108, 1149, 12.5274, 0
PixelHit 1108, 1150, 13.6362, 0
PixelHit 1108, 1151, 10.3607, 0
PixelHit 1108, 1152, 8.17966, 0
PixelHit 1108, 1154, 3.86414, 0
PixelHit 1108, 1155, 3.02339, 0
PixelHit 1108, 1157, 3.71151, 0
PixelHit 1108, 1158, 8.70033, 0
PixelHit 1108, 1159, 7.52754, 0
PixelHit 1108, 1160, 3.05699, 0
PixelHit 1108, 1162, 5.92109, 0
PixelHit 1108, 1163, 1.75225, 0
PixelHit 1108, 1164, 2.74782, 0
PixelHit 1108, 1165, 1.52615, 0
PixelHit 1108, 1166, 3.88998, 0
PixelHit 1108, 1167, 5.74016, 0
PixelHit 1108, 1168, 4.65491, 0
PixelHit 1108, 1169, 8.3554, 0
PixelHit 1108, 1170, 2.93455, 0
PixelHit 1108, 1171, 2.21768, 0
PixelHit 1108, 1172, 10.2868, 0
PixelHit 1108, 1173, 28.0552, 0
PixelHit 1108, 1174, 16.0967, 0
PixelHit 1108, 1175, 25.9794, 0
PixelHit 1108, 1176, 29.0725, 0
PixelHit 1108, 1177, 23.6851, 0
PixelHit 1108, 1178, 10.9092, 0
PixelHit 1108, 1179, 4.60314, 0
PixelHit 1108, 1180, 11.8125, 0
PixelHit 1108, 1181, 26.3635, 0
PixelHit 1108, 1182, 36.9504, 0
PixelHit 1108, 1183, 61.6135, 0
PixelHit 1108, 1184, 73.9775, 0
PixelHit 1108, 1185, 3.32531, 0
PixelHit 1109, 1133, 1.44398, 0
PixelHit 1109, 1135, 14.9254, 0
PixelHit 1109, 1136, 28.6108, 0
PixelHit 1109, 1137, 29.0917, 0
PixelHit 1109, 1138, 11.1783, 0
PixelHit 1109, 1139, 13.2176, 0
PixelHit 1109, 1140, 12.6516, 0
PixelHit 1109, 1141, 18.7703, 0
PixelHit 1109, 1142, 13.9367, 0
PixelHit 1109, 1143, 37.3835, 0
PixelHit 1109, 1144, 35.4621, 0
PixelHit 1109, 1145, 32.0518, 0
PixelHit 1109, 1146, 32.8683, 0
PixelHit 1109, 1147, 11.1524, 0
PixelHit 1109, 1148, 30.4407, 0
PixelHit 1109, 1149, 50.7201, 0
PixelHit 1109, 1150, 61.0343, 0
PixelHit 1109, 1151, 36.6059, 0
PixelHit 1109, 1152, 18.3726, 0
PixelHit 1109, 1153, 13.4349, 0
PixelHit 1109, 1154, 14.7932, 0
PixelHit 1109, 1155, 17.0817, 0
PixelHit 1109, 1156, 6.02365, 0
PixelHit 1109, 1157, 9.62609, 0
PixelHit 1109, 1158, 21.6095, 0
PixelHit 1109, 1159, 24.3783, 0
PixelHit 1109, 1160, 11.4562, 0
PixelHit 1109, 1161, 3.64309, 0
PixelHit 1109, 1162, 7.85538, 0
PixelHit 1109, 1163, 22.9857, 0
PixelHit 1109, 1164, 17.9221, 0
PixelHit 1109, 1165, 9.00135, 0
PixelHit 1109, 1166, 10.2205, 0
PixelHit 1109, 1167, 23.8162, 0
PixelHit 1109, 1168, 32.4585, 0
PixelHit 1109, 1169, 17.1232, 0
PixelHit 1109, 1170, 10.3209, 0
PixelHit 1109, 1171, 10.8883, 0
PixelHit 1109, 1172, 55.3601, 0
PixelHit 1109, 1173, 62.0391, 0
PixelHit 1109, 1174, 44.1058, 0
PixelHit 1109, 1175, 55.2398, 0
PixelHit 1109, 1176, 49.4411, 0
PixelHit 1109, 1177, 65.0982, 0
PixelHit 1109, 1178, 18.6497, 0
PixelHit 1109, 1179, 7.1217, 0
PixelHit 1109, 1180, 33.0578, 0
PixelHit 1109, 1181, 33.9157, 0
PixelHit 1109, 1182, 44.79, 0
PixelHit 1109, 1183, 46.4006, 0
PixelHit 1109, 1184, 66.8332, 0
PixelHit 1109, 1185, 1.09234, 0
PixelHit 1110, 1134, 13.281, 0
PixelHit 1110, 1135, 34.6656, 0
PixelHit 1110, 1136, 50.9886, 0
PixelHit 1110, 1137, 55.8769, 0
PixelHit 1110, 1138, 31.1095, 0
PixelHit 1110, 1139, 44.9273, 0
PixelHit 1110, 1140, 31.2162, 0
PixelHit 1110, 1141, 22.6992, 0
PixelHit 1110, 1142, 44.0284, 0
PixelHit 1110, 1143, 44.3159, 0
PixelHit 1110, 1144, 53.2186, 0
PixelHit 1110, 1145, 46.7851, 0
PixelHit 1110, 1146, 44.8637, 0
PixelHit 1110, 1147, 42.3241, 0
PixelHit 1110, 1148, 34.5011, 0
PixelHit 1110, 1149, 76.7364, 0
PixelHit 1110, 1150, 88.1945, 0
PixelHit 1110, 1151, 46.1726, 0
PixelHit 1110, 1152, 19.4357, 0
PixelHit 1110, 1153, 19.5691, 0
PixelHit 1110, 1154, 15.75, 0
PixelHit 1110, 1155, 18.5078, 0
PixelHit 1110, 1156, 14.0525, 0
PixelHit 1110, 1157, 20.4131, 0
PixelHit 1110, 1158, 19.8432, 0
PixelHit 1110, 1159, 20.4004, 0
PixelHit 1110, 1160, 16.2239, 0
PixelHit 1110, 1161, 6.35586, 0
PixelHit 1110, 1162, 8.68615, 0
PixelHit 1110, 1163, 12.5636, 0
PixelHit 1110, 1164, 16.544, 0
PixelHit 1110, 1165, 2.54295, 0
PixelHit 1110, 1166, 8.19924, 0
PixelHit 1110, 1167, 10.2669, 0
PixelHit 1110, 1168, 6.45123, 0
PixelHit 1110, 1169, 10.0657, 0
PixelHit 1110, 1170, 3.13302, 0
PixelHit 1110, 1171, 4.96701, 0
PixelHit 1110, 1172, 14.011, 0
PixelHit 1110, 1173, 12.0581, 0
PixelHit 1110, 1174, 6.07127, 0
PixelHit 1110, 1175, 4.89086, 0
PixelHit 1110, 1176, 4.4512, 0
PixelHit 1110, 1177, 4.35421, 0
PixelHit 1110, 1178, 1.42464, 0
PixelHit 1111, 1134, 10.2485, 0
PixelHit 1111, 1135, 33.5245, 0
PixelHit 1111, 1136, 51.5378, 0
PixelHit 1111, 1137, 41.5864, 0
PixelHit 1111, 1138, 34.084, 0
PixelHit 1111, 1139, 26.4181, 0
PixelHit 1111, 1140, 18.156, 0
PixelHit 1111, 1141, 15.9342, 0
PixelHit 1111, 1142, 32.2192, 0
PixelHit 1111, 1143, 38.516, 0
PixelHit 1111, 1144, 28.8595, 0
PixelHit 1111, 1145, 33.39, 0
PixelHit 1111, 1146, 32.4461, 0
PixelHit 1111, 1147, 20.8078, 0
PixelHit 1111, 1148, 17.2871, 0
PixelHit 1111, 1149, 38.8251, 0
PixelHit 1111, 1150, 51.5255, 0
PixelHit 1111, 1151, 32.5605, 0
PixelHit 1111, 1152, 11.2644, 0
PixelHit 1111, 1153, 4.21815, 0
PixelHit 1111, 1154, 8.17458, 0
PixelHit 1111, 1155, 12.097, 0
PixelHit 1111, 1156, 4.17524, 0
PixelHit 1111, 1157, 4.1729, 0
PixelHit 1111, 1158, 10.426, 0
PixelHit 1111, 1159, 3.89224, 0
PixelHit 1111, 1160, 6.4691, 0
PixelHit 1111, 1163, 5.17146, 0
PixelHit 1111, 1168, 2.48891, 0
PixelHit 1111, 1172, 1.15016, 0
PixelHit 1112, 1132, -0.51289, 0
PixelHit 1112, 1134, 1.06718, 0
PixelHit 1112, 1135, 15.7692, 0
PixelHit 1112, 1136, 32.2506, 0
PixelHit 1112, 1137, 18.1095, 0
PixelHit 1112, 1138, 18.4701, 0
PixelHit 1112, 1139, 11.1189, 0
PixelHit 1112, 1140, 3.08191, 0
PixelHit 1112, 1141, 10.8793, 0
PixelHit 1112, 1142, 13.1773, 0
PixelHit 1112, 1143, 12.1183, 0
PixelHit 1112, 1144, 16.0083, 0
PixelHit 1112, 1145, 9.70088, 0
PixelHit 1112, 1146, 15.0782, 0
PixelHit 1112, 1147, 10.4564, 0
PixelHit 1112, 1148, 10.7423, 0
PixelHit 1112, 1149, 14.1325, 0
PixelHit 1112, 1150, 10.3559, 0
PixelHit 1112, 1151, 12.0294, 0
PixelHit 1112, 1152, 2.99679, 0
PixelHit 1112, 1156, 1.53536, 0
PixelHit 1112, 1158, 1.09716, 0
PixelHit 1112, 1159, 2.48308, 0
PixelHit 1112, 1160, 1.21059, 0
PixelHit 1113, 1134, 2.55482, 0
PixelHit 1113, 1135, 7.04901, 0
PixelHit 1113, 1136, 5.21634, 0
PixelHit 1113, 1137, 5.04013, 0
PixelHit 1113, 1138, 4.3108, 0
PixelHit 1113, 1140, 1.67028, 0
PixelHit 1113, 1143, 3.53183, 0
PixelHit 1113, 1144, 2.00499, 0
PixelHit 1113, 1147, 2.19007, 0
PixelHit 1113, 1149, 1.62632, 0
PixelHit 1114, 1134, 1.61447, 0
PixelHit 1114, 1137, 1.84999, 0
PixelHit 1115, 1140, 0.608237, 0
=== 49 ===
=== 50 ===
=== 51 ===
=== 52 ===
=== 53 ===
=== 54 ===
=== 55 ===
=== 56 ===
=== 57 ===
=== 58 ===
=== 59 ===
=== 60 ===
=== 61 ===
=== 62 ===
=== 63 ===
=== 64 ===
=== 65 ===
=== 66 ===
=== 67 ===
=== 68 ===
=== 69 ===
=== 70 ===
=== 71 ===
=== 72 ===
=== 73 ===
=== 74 ===
=== 75 ===
=== 76 ===
=== 77 ===
=== 78 ===
=== 79 ===
=== 80 ===
=== 81 ===
=== 82 ===
=== 83 ===
=== 84 ===
=== 85 ===
=== 86 ===
=== 87 ===
=== 88 ===
=== 89 ===
=== 90 ===
--- mydetector ---
PixelHit 1274, 877, 2.57288, 0
PixelHit 1274, 878, 0.820584, 0
PixelHit 1274, 885, 2.10657, 0
PixelHit 1274, 890, 0.332281, 0
PixelHit 1274, 898, 1.96427, 0
PixelHit 1274, 915, 1.07711, 0
PixelHit 1275, 869, 1.74949, 0
PixelHit 1275, 871, 1.09411, 0
PixelHit 1275, 872, 2.76218, 0
PixelHit 1275, 873, 5.46233, 0
PixelHit 1275, 874, 2.25044, 0
PixelHit 1275, 875, 1.6429, 0
PixelHit 1275, 876, 3.68585, 0
PixelHit 1275, 877, 6.64691, 0
PixelHit 1275, 878, 4.20868, 0
PixelHit 1275, 879, 4.98808, 0
PixelHit 1275, 880, 6.79132, 0
PixelHit 1275, 881, 7.14066, 0
PixelHit 1275, 882, 10.0541, 0
PixelHit 1275, 883, 10.5297, 0
PixelHit 1275, 886, 5.10042, 0
PixelHit 1275, 890, 1.02839, 0
PixelHit 1275, 891, 3.70319, 0
PixelHit 1275, 893, 3.54085, 0
PixelHit 1275, 894, 1.27632, 0
PixelHit 1275, 895, 4.72185, 0
PixelHit 1275, 896, 1.74029, 0
PixelHit 1275, 897, 2.89522, 0
PixelHit 1275, 898, 2.72107, 0
PixelHit 1275, 900, 1.38813, 0
PixelHit 1275, 901, 3.87863, 0
PixelHit 1275, 902, 3.99191, 0
PixelHit 1275, 905, 3.01784, 0
PixelHit 1275, 906, 2.48677, 0
PixelHit 1275, 907, 2.72195, 0
PixelHit 1275, 909, 1.47828, 0
PixelHit 1276, 873, 7.47634, 0
PixelHit 1276, 874, 6.98088, 0
PixelHit 1276, 875, 3.28373, 0
PixelHit 1276, 876, 15.7534, 0
PixelHit 1276, 877, 7.52467, 0
PixelHit 1276, 878, 17.8674, 0
PixelHit 1276, 879, 12.9122, 0
PixelHit 1276, 880, 18.7995, 0
PixelHit 1276, 881, 17.3845, 0
PixelHit 1276, 882, 21.1154, 0
PixelHit 1276, 883, 17.5753, 0
PixelHit 1276, 884, 10.1635, 0
PixelHit 1276, 885, 4.5345, 0
PixelHit 1276, 886, 3.22897, 0
PixelHit 1276, 887, 4.61166, 0
PixelHit 1276, 888, 3.10921, 0
PixelHit 1276, 889, 6.60334, 0
PixelHit 1276, 890, 11.4446, 0
PixelHit 1276, 891, 18.6408, 0
PixelHit 1276, 892, 11.7541, 0
PixelHit 1276, 893, 6.06962, 0
PixelHit 1276, 894, 10.9425, 0
PixelHit 1276, 895, 22.029, 0
PixelHit 1276, 896, 24.9505, 0
PixelHit 1276, 897, 28.3493, 0
PixelHit 1276, 898, 10.9362, 0
PixelHit 1276, 899, 16.3639, 0
PixelHit 1276, 900, 18.9319, 0
PixelHit 1276, 901, 6.89516, 0
PixelHit 1276, 902, 13.8221, 0
PixelHit 1276, 903, 25.3618, 0
PixelHit 1276, 904, 9.97907, 0
PixelHit 1276, 905, 13.4277, 0
PixelHit 1276, 906, 24.9898, 0
PixelHit 1276, 907, 17.4176, 0
PixelHit 1276, 908, 13.5896, 0
PixelHit 1276, 909, 11.4029, 0
PixelHit 1276, 910, 8.50857, 0
PixelHit 1276, 911, 3.67007, 0
PixelHit 1276, 912, 3.21535, 0
PixelHit 1276, 913, 12.5403, 0
PixelHit 1276, 914, 28.3401, 0
PixelHit 1276, 915, 21.395, 0
PixelHit 1276, 916, 97.0608, 0
PixelHit 1276, 917, 16.9588, 0
PixelHit 1276, 918, 1.07852, 0
PixelHit 1276, 919, 1.94789, 0
PixelHit 1277, 871, 2.52705, 0
PixelHit 1277, 872, 8.51424, 0
PixelHit 1277, 873, 12.0579, 0
PixelHit 1277, 874, 8.45333, 0
PixelHit 1277, 875, 14.716, 0
PixelHit 1277, 876, 19.546, 0
PixelHit 1277, 877, 14.6246, 0
PixelHit 1277, 878, 14.3962, 0
PixelHit 1277, 879, 22.9632, 0
PixelHit 1277, 880, 24.8393, 0
PixelHit 1277, 881, 23.008, 0
PixelHit 1277, 882, 27.2305, 0
PixelHit 1277, 883, 23.831, 0
PixelHit 1277, 884, 19.3637, 0
PixelHit 1277, 885, 8.51061, 0
PixelHit 1277, 886, 5.37874, 0
PixelHit 1277, 887, 5.95212, 0
PixelHit 1277, 888, 7.22933, 0
PixelHit 1277, 889, 4.50121, 0
PixelHit 1277, 890, 6.12574, 0
PixelHit 1277, 891, 8.79771, 0
PixelHit 1277, 892, 22.9348, 0
PixelHit 1277, 893, 16.6908, 0
PixelHit 1277, 894, 13.6925, 0
PixelHit 1277, 895, 30.7484, 0
PixelHit 1277, 896, 27.7038, 0
PixelHit 1277, 897, 29.5447, 0
PixelHit 1277, 898, 28.793, 0
PixelHit 1277, 899, 25.1382, 0
PixelHit 1277, 900, 36.6935, 0
PixelHit 1277, 901, 27.167, 0
PixelHit 1277, 902, 35.1896, 0
PixelHit 1277, 903, 24.0406, 0
PixelHit 1277, 904, 26.5627, 0
PixelHit 1277, 905, 30.2688, 0
PixelHit 1277, 906, 50.9091, 0
PixelHit 1277, 907, 39.9163, 0
PixelHit 1277, 908, 38.0644, 0
PixelHit 1277, 909, 32.5894, 0
PixelHit 1277, 910, 29.5753, 0
PixelHit 1277, 911, 9.46138, 0
PixelHit 1277, 912, 17.9004, 0
PixelHit 1277, 913, 74.3715, 0
PixelHit 1277, 914, 86.363, 0
PixelHit 1277, 915, 116.745, 0
PixelHit 1277, 916, 686.597, 0
PixelHit 1277, 917, 113.511, 0
PixelHit 1277, 918, 34.3048, 0
PixelHit 1277, 919, 11.898, 0
PixelHit 1278, 871, 4.16551, 0
PixelHit 1278, 872, 7.02842, 0
PixelHit 1278, 873, 12.5738, 0
PixelHit 1278, 874, 8.98471, 0
PixelHit 1278, 875, 11.0398, 0
PixelHit 1278, 876, 10.6993, 0
PixelHit 1278, 877, 15.3874, 0
PixelHit 1278, 878, 12.7187, 0
PixelHit 1278, 879, 14.0048, 0
PixelHit 1278, 880, 12.7616, 0
PixelHit 1278, 881, 20.4658, 0
PixelHit 1278, 882, 23.8526, 0
PixelHit 1278, 883, 20.8163, 0
PixelHit 1278, 884, 8.37892, 0
PixelHit 1278, 885, 1.45469, 0
PixelHit 1278, 886, 7.89367, 0
PixelHit 1278, 887, 5.9958, 0
PixelHit 1278, 888, 7.41542, 0
PixelHit 1278, 889, 9.28749, 0
PixelHit 1278, 890, 4.27235, 0
PixelHit 1278, 891, 4.13632, 0
PixelHit 1278, 892, 11.5921, 0
PixelHit 1278, 893, 8.03038, 0
PixelHit 1278, 894, 11.4287, 0
PixelHit 1278, 895, 23.1966, 0
PixelHit 1278, 896, 19.8931, 0
PixelHit 1278, 897, 11.6265, 0
PixelHit 1278, 898, 16.7811, 0
PixelHit 1278, 899, 13.6558, 0
PixelHit 1278, 900, 7.38575, 0
PixelHit 1278, 901, 11.2962, 0
PixelHit 1278, 902, 10.4737, 0
PixelHit 1278, 903, 17.3864, 0
PixelHit 1278, 904, 9.27221, 0
PixelHit 1278, 905, 10.3478, 0
PixelHit 1278, 906, 10.1612, 0
PixelHit 1278, 907, 10.155, 0
PixelHit 1278, 908, 9.12751, 0
PixelHit 1278, 909, 7.92464, 0
PixelHit 1278, 911, 4.5567, 0
PixelHit 1278, 913, 7.09826, 0
PixelHit 1278, 914, 4.14632, 0
PixelHit 1278, 915, 6.17947, 0
PixelHit 1278, 916, 17.5687, 0
PixelHit 1278, 917, 2.76132, 0
PixelHit 1278, 918, 2.03729, 0
PixelHit 1279, 871, 3.32134, 0
PixelHit 1279, 873, 5.27663, 0
PixelHit 1279, 875, 7.17742, 0
PixelHit 1279, 877, 3.51475, 0
PixelHit 1279, 878, 2.67145, 0
PixelHit 1279, 879, 3.28375, 0
PixelHit 1279, 880, 2.05039, 0
PixelHit 1279, 881, 7.30205, 0
PixelHit 1279, 882, 4.61186, 0
PixelHit 1279, 883, 5.50741, 0
PixelHit 1279, 884, 3.6229, 0
PixelHit 1279, 885, 2.9431, 0
PixelHit 1279, 887, 3.21478, 0
PixelHit 1279, 891, 3.05652, 0
PixelHit 1279, 896, 4.54195, 0
PixelHit 1279, 897, 2.45431, 0
PixelHit 1279, 898, 3.02172, 0
PixelHit 1279, 899, 1.21797, 0
PixelHit 1279, 900, 1.65417, 0
PixelHit 1280, 874, 1.72117, 0
PixelHit 1280, 876, 1.34415, 0
PixelHit 1280, 879, 1.39441, 0
PixelHit 1280, 881, 2.65163, 0
PixelHit 1280, 883, 0.981985, 0
PixelHit 1281, 875, 3.54744, 0
PixelHit 1366, 619, -0.0100149, 0
PixelHit 1366, 621, 3.08795, 0
PixelHit 1366, 623, 3.01693, 0
PixelHit 1366, 625, 2.71021, 0
PixelHit 1366, 626, 1.2603, 0
PixelHit 1366, 627, 2.05404, 0
PixelHit 1366, 630, 2.61629, 0
PixelHit 1366, 631, 4.39693, 0
PixelHit 1366, 632, 1.27884, 0
PixelHit 1366, 634, 2.06659, 0
PixelHit 1366, 635, 3.1282, 0
PixelHit 1366, 641, 2.83206, 0
PixelHit 1367, 620, 5.47305, 0
PixelHit 1367, 621, 2.2595, 0
PixelHit 1367, 622, 3.96138, 0
PixelHit 1367, 623, 11.0115, 0
PixelHit 1367, 624, 10.3953, 0
PixelHit 1367, 625, 4.48782, 0
PixelHit 1367, 626, 5.02189, 0
PixelHit 1367, 627, 9.07618, 0
PixelHit 1367, 628, 4.5235, 0
PixelHit 1367, 629, 12.6953, 0
PixelHit 1367, 630, 16.5377, 0
PixelHit 1367, 631, 25.4525, 0
PixelHit 1367, 632, 6.74821, 0
PixelHit 1367, 633, 13.2509, 0
PixelHit 1367, 634, 13.1063, 0
PixelHit 1367, 635, 19.9617, 0
PixelHit 1367, 636, 11.6532, 0
PixelHit 1367, 637, 4.28703, 0
PixelHit 1367, 638, 1.47109, 0
PixelHit 1367, 639, 11.2263, 0
PixelHit 1367, 640, 5.94118, 0
PixelHit 1367, 641, 5.43514, 0
PixelHit 1367, 643, 4.0908, 0
PixelHit 1367, 644, 0.134852, 0
PixelHit 1367, 647, 1.37012, 0
PixelHit 1367, 648, 4.81863, 0
PixelHit 1367, 651, 1.44131, 0
PixelHit 1368, 618, 3.99509, 0
PixelHit 1368, 619, 15.9583, 0
PixelHit 1368, 620, 13.4547, 0
PixelHit 1368, 621, 12.0649, 0
PixelHit 1368, 622, 7.76265, 0
PixelHit 1368, 623, 24.7371, 0
PixelHit 1368, 624, 26.1473, 0
PixelHit 1368, 625, 14.307, 0
PixelHit 1368, 626, 30.0043, 0
PixelHit 1368, 627, 20.9386, 0
PixelHit 1368, 628, 19.3064, 0
PixelHit 1368, 629, 28.4282, 0
PixelHit 1368, 630, 59.4987, 0
PixelHit 1368, 631, 74.5655, 0
PixelHit 1368, 632, 44.8524, 0
PixelHit 1368, 633, 21.1203, 0
PixelHit 1368, 634, 68.6512, 0
PixelHit 1368, 635, 79.2067, 0
PixelHit 1368, 636, 49.0616, 0
PixelHit 1368, 637, 22.7051, 0
PixelHit 1368, 638, 37.3959, 0
PixelHit 1368, 639, 57.5358, 0
PixelHit 1368, 640, 40.3928, 0
PixelHit 1368, 641, 15.5518, 0
PixelHit 1368, 642, 27.7135, 0
PixelHit 1368, 643, 26.7425, 0
PixelHit 1368, 644, 6.69629, 0
PixelHit 1368, 645, 17.9803, 0
PixelHit 1368, 646, 8.86783, 0
PixelHit 1368, 647, 8.69706, 0
PixelHit 1368, 648, 13.177, 0
PixelHit 1368, 649, 9.7745, 0
PixelHit 1368, 650, 9.05505, 0
PixelHit 1368, 651, 7.93517, 0
PixelHit 1368, 652, 13.668, 0
PixelHit 1368, 653, 12.9621, 0
PixelHit 1368, 654, 6.44681, 0
PixelHit 1368, 656, 0.957215, 0
PixelHit 1368, 657, 7.40995, 0
PixelHit 1368, 660, 4.53571, 0
PixelHit 1369, 618, 1.84762, 0
PixelHit 1369, 619, 11.9576, 0
PixelHit 1369, 620, 9.23146, 0
PixelHit 1369, 621, 12.6323, 0
PixelHit 1369, 622, 25.4612, 0
PixelHit 1369, 623, 28.2016, 0
PixelHit 1369, 624, 28.1209, 0
PixelHit 1369, 625, 25.0618, 0
PixelHit 1369, 626, 27.6888, 0
PixelHit 1369, 627, 24.4009, 0
PixelHit 1369, 628, 28.0516, 0
PixelHit 1369, 629, 38.7859, 0
PixelHit 1369, 630, 95.7727, 0
PixelHit 1369, 631, 91.8492, 0
PixelHit 1369, 632, 51.9209, 0
PixelHit 1369, 633, 54.0985, 0
PixelHit 1369, 634, 101.377, 0
PixelHit 1369, 635, 141.97, 0
PixelHit 1369, 636, 75.7093, 0
PixelHit 1369, 637, 35.9819, 0
PixelHit 1369, 638, 62.2592, 0
PixelHit 1369, 639, 125.532, 0
PixelHit 1369, 640, 84.2443, 0
PixelHit 1369, 641, 32.6056, 0
PixelHit 1369, 642, 50.4641, 0
PixelHit 1369, 643, 42.1788, 0
PixelHit 1369, 644, 27.3889, 0
PixelHit 1369, 645, 32.2957, 0
PixelHit 1369, 646, 17.5476, 0
PixelHit 1369, 647, 25.1089, 0
PixelHit 1369, 648, 60.9548, 0
PixelHit 1369, 649, 22.4015, 0
PixelHit 1369, 650, 35.152, 0
PixelHit 1369, 651, 68.8372, 0
PixelHit 1369, 652, 54.3832, 0
PixelHit 1369, 653, 29.1107, 0
PixelHit 1369, 654, 18.2417, 0
PixelHit 1369, 655, 7.92137, 0
PixelHit 1369, 656, 60.8739, 0
PixelHit 1369, 657, 90.689, 0
PixelHit 1369, 658, 12.7434, 0
PixelHit 1369, 659, 107.999, 0
PixelHit 1369, 660, 428.42, 0
PixelHit 1369, 661, 121.292, 0
PixelHit 1369, 662, 6.22416, 0
PixelHit 1370, 618, 3.09413, 0
PixelHit 1370, 619, 4.89889, 0
PixelHit 1370, 620, 8.77724, 0
PixelHit 1370, 621, 5.52752, 0
PixelHit 1370, 622, 13.1797, 0
PixelHit 1370, 623, 16.9523, 0
PixelHit 1370, 624, 9.34851, 0
PixelHit 1370, 625, 17.1313, 0
PixelHit 1370, 626, 15.058, 0
PixelHit 1370, 627, 21.8038, 0
PixelHit 1370, 628, 15.0063, 0
PixelHit 1370, 629, 17.3091, 0
PixelHit 1370, 630, 42.8965, 0
PixelHit 1370, 631, 57.2078, 0
PixelHit 1370, 632, 42.2411, 0
PixelHit 1370, 633, 27.5864, 0
PixelHit 1370, 634, 67.511, 0
PixelHit 1370, 635, 69.2045, 0
PixelHit 1370, 636, 37.7186, 0
PixelHit 1370, 637, 11.1002, 0
PixelHit 1370, 638, 29.7105, 0
PixelHit 1370, 639, 79.9158, 0
PixelHit 1370, 640, 38.3921, 0
PixelHit 1370, 641, 24.6187, 0
PixelHit 1370, 642, 27.207, 0
PixelHit 1370, 643, 26.5466, 0
PixelHit 1370, 644, 17.7567, 0
PixelHit 1370, 645, 19.9275, 0
PixelHit 1370, 646, 5.21613, 0
PixelHit 1370, 647, 14.412, 0
PixelHit 1370, 648, 19.2162, 0
PixelHit 1370, 649, 13.6531, 0
PixelHit 1370, 650, 17.07, 0
PixelHit 1370, 651, 18.6669, 0
PixelHit 1370, 652, 20.0294, 0
PixelHit 1370, 653, 9.5887, 0
PixelHit 1370, 654, 9.7417, 0
PixelHit 1370, 655, 4.83814, 0
PixelHit 1370, 656, 20.4349, 0
PixelHit 1370, 657, 31.9497, 0
PixelHit 1370, 658, 6.76014, 0
PixelHit 1370, 659, 20.3345, 0
PixelHit 1370, 660, 95.3045, 0
PixelHit 1370, 661, 25.2895, 0
PixelHit 1371, 619, 1.42641, 0
PixelHit 1371, 620, 6.05379, 0
PixelHit 1371, 621, 2.23797, 0
PixelHit 1371, 623, 3.8446, 0
PixelHit 1371, 624, 2.14058, 0
PixelHit 1371, 626, 6.95699, 0
PixelHit 1371, 627, 4.88895, 0
PixelHit 1371, 628, 3.5474, 0
PixelHit 1371, 629, 3.89067, 0
PixelHit 1371, 630, 18.8445, 0
PixelHit 1371, 631, 14.5363, 0
PixelHit 1371, 632, 7.63046, 0
PixelHit 1371, 633, 2.30242, 0
PixelHit 1371, 634, 12.6316, 0
PixelHit 1371, 635, 18.0575, 0
PixelHit 1371, 636, 9.26387, 0
PixelHit 1371, 639, 15.5906, 0
PixelHit 1371, 640, 5.38156, 0
PixelHit 1371, 642, 2.55822, 0
PixelHit 1371, 645, 0.0577041, 0
PixelHit 1371, 648, 0.661605, 0
PixelHit 1371, 651, 2.04548, 0
PixelHit 1371, 652, 3.39579, 0
PixelHit 1372, 631, 2.76211, 0
PixelHit 1372, 634, 3.93948, 0
=== 91 ===
=== 92 ===
=== 93 ===
=== 94 ===
=== 95 ===
=== 96 ===
=== 97 ===
=== 98 ===
=== 99 ===
=== 100 ===
# 1682 objects from 4 messages
