# Allpix Squared ASCII data - https://cern.ch/allpix-squared

=== 1 ===
=== 2 ===
=== 3 ===
=== 4 ===
=== 5 ===
=== 6 ===
=== 7 ===
=== 8 ===
=== 9 ===
=== 10 ===
=== 11 ===
=== 12 ===
=== 13 ===
=== 14 ===
=== 15 ===
=== 16 ===
=== 17 ===
=== 18 ===
=== 19 ===
=== 20 ===
=== 21 ===
=== 22 ===
=== 23 ===
=== 24 ===
=== 25 ===
=== 26 ===
=== 27 ===
=== 28 ===
=== 29 ===
=== 30 ===
=== 31 ===
=== 32 ===
=== 33 ===
=== 34 ===
=== 35 ===
=== 36 ===
=== 37 ===
=== 38 ===
=== 39 ===
=== 40 ===
=== 41 ===
=== 42 ===
=== 43 ===
=== 44 ===
=== 45 ===
=== 46 ===
=== 47 ===
=== 48 ===
=== 49 ===
=== 50 ===
=== 51 ===
=== 52 ===
=== 53 ===
=== 54 ===
=== 55 ===
=== 56 ===
=== 57 ===
--- mydetector ---
PixelHit 1224, 987, 0.923466, 0
PixelHit 1224, 988, 3.70414, 0
PixelHit 1225, 987, 6.46967, 0
PixelHit 1225, 988, 22.9348, 0
PixelHit 1226, 987, 13.2365, 0
PixelHit 1226, 988, 40.6109, 0
PixelHit 1227, 987, 32.5255, 0
PixelHit 1227, 988, 60.7516, 0
PixelHit 1227, 989, 3.24936, 0
PixelHit 1228, 987, 14.8851, 0
PixelHit 1228, 988, 36.762, 0
PixelHit 1228, 989, 4.58317, 0
PixelHit 1229, 987, 27.171, 0
PixelHit 1229, 988, 44.1751, 0
PixelHit 1229, 989, 4.15347, 0
PixelHit 1230, 987, 31.4534, 0
PixelHit 1230, 988, 38.4547, 0
PixelHit 1230, 989, 3.51583, 0
PixelHit 1231, 986, 5.74807, 0
PixelHit 1231, 987, 45.7388, 0
PixelHit 1231, 988, 59.3464, 0
PixelHit 1231, 989, 11.7316, 0
PixelHit 1232, 986, 4.16394, 0
PixelHit 1232, 987, 37.989, 0
PixelHit 1232, 988, 85.4441, 0
PixelHit 1232, 989, 15.9819, 0
PixelHit 1233, 986, 7.13603, 0
PixelHit 1233, 987, 93.3329, 0
PixelHit 1233, 988, 137.053, 0
PixelHit 1233, 989, 27.1261, 0
PixelHit 1234, 986, 6.05376, 0
PixelHit 1234, 987, 41.7706, 0
PixelHit 1234, 988, 53.0603, 0
PixelHit 1234, 989, 24.7832, 0
PixelHit 1235, 986, 5.55581, 0
PixelHit 1235, 987, 21.7847, 0
PixelHit 1235, 988, 25.9289, 0
PixelHit 1235, 989, 10.0896, 0
PixelHit 1236, 986, 7.10981, 0
PixelHit 1236, 987, 28.2173, 0
PixelHit 1236, 988, 31.2468, 0
PixelHit 1236, 989, 6.97683, 0
PixelHit 1236, 990, 2.70396, 0
PixelHit 1237, 986, 4.67598, 0
PixelHit 1237, 987, 22.9877, 0
PixelHit 1237, 988, 20.2645, 0
PixelHit 1237, 989, 6.86918, 0
PixelHit 1238, 986, 2.26935, 0
PixelHit 1238, 987, 13.465, 0
PixelHit 1238, 988, 19.454, 0
PixelHit 1238, 989, 8.07311, 0
PixelHit 1239, 986, 3.34928, 0
PixelHit 1239, 987, 21.579, 0
PixelHit 1239, 988, 22.5697, 0
PixelHit 1239, 989, 1.91789, 0
PixelHit 1239, 990, 4.2867, 0
PixelHit 1240, 985, 3.19209, 0
PixelHit 1240, 986, 3.62419, 0
PixelHit 1240, 987, 19.5577, 0
PixelHit 1240, 988, 33.0642, 0
PixelHit 1240, 989, 11.7493, 0
PixelHit 1240, 990, 1.29079, 0
PixelHit 1241, 986, 8.25027, 0
PixelHit 1241, 987, 25.5179, 0
PixelHit 1241, 988, 25.9011, 0
PixelHit 1241, 989, 12.1862, 0
PixelHit 1242, 985, 1.31703, 0
PixelHit 1242, 986, 4.94616, 0
PixelHit 1242, 987, 14.0452, 0
PixelHit 1242, 988, 18.1008, 0
PixelHit 1242, 989, 9.49314, 0
PixelHit 1242, 990, 3.3124, 0
PixelHit 1243, 986, 7.03019, 0
PixelHit 1243, 987, 9.33446, 0
PixelHit 1243, 988, 14.3062, 0
PixelHit 1243, 989, 3.31067, 0
PixelHit 1243, 990, 2.68547, 0
PixelHit 1244, 985, 2.96677, 0
PixelHit 1244, 986, 5.65451, 0
PixelHit 1244, 987, 19.2664, 0
PixelHit 1244, 988, 10.128, 0
PixelHit 1244, 989, 9.49333, 0
PixelHit 1244, 990, 2.07539, 0
PixelHit 1245, 986, 11.3925, 0
PixelHit 1245, 987, 21.5078, 0
PixelHit 1245, 988, 28.1627, 0
PixelHit 1245, 989, 5.16214, 0
PixelHit 1245, 990, 3.88172, 0
PixelHit 1246, 986, 11.7275, 0
PixelHit 1246, 987, 16.9903, 0
PixelHit 1246, 988, 20.4486, 0
PixelHit 1246, 989, 9.12081, 0
PixelHit 1246, 990, 3.02515, 0
PixelHit 1247, 985, -0.285695, 0
PixelHit 1247, 986, 9.70942, 0
PixelHit 1247, 987, 23.7461, 0
PixelHit 1247, 988, 21.2816, 0
PixelHit 1247, 989, 5.61761, 0
PixelHit 1247, 990, 2.04792, 0
PixelHit 1248, 986, 9.87501, 0
PixelHit 1248, 987, 14.5, 0
PixelHit 1248, 988, 12.2664, 0
PixelHit 1248, 989, 5.93383, 0
PixelHit 1248, 990, 3.61965, 0
PixelHit 1249, 985, 3.5083, 0
PixelHit 1249, 986, 11.1514, 0
PixelHit 1249, 987, 18.753, 0
PixelHit 1249, 988, 16.7958, 0
PixelHit 1249, 989, 7.17119, 0
PixelHit 1249, 990, 3.83262, 0
PixelHit 1250, 985, 1.90493, 0
PixelHit 1250, 986, 7.68472, 0
PixelHit 1250, 987, 27.4326, 0
PixelHit 1250, 988, 27.6646, 0
PixelHit 1250, 989, 9.1329, 0
PixelHit 1250, 990, 2.86616, 0
PixelHit 1251, 986, 10.7778, 0
PixelHit 1251, 987, 15.0843, 0
PixelHit 1251, 988, 26.3049, 0
PixelHit 1251, 989, 9.06654, 0
PixelHit 1251, 990, 3.93971, 0
PixelHit 1251, 991, 1.42175, 0
PixelHit 1252, 985, 2.73335, 0
PixelHit 1252, 986, 10.1819, 0
PixelHit 1252, 987, 14.3142, 0
PixelHit 1252, 988, 24.2666, 0
PixelHit 1252, 989, 2.11003, 0
PixelHit 1252, 990, 2.20925, 0
PixelHit 1253, 984, 1.2232, 0
PixelHit 1253, 986, 4.99229, 0
PixelHit 1253, 987, 6.5902, 0
PixelHit 1253, 988, 7.4578, 0
PixelHit 1253, 989, 4.50837, 0
PixelHit 1254, 986, 1.47308, 0
PixelHit 1254, 987, 4.49355, 0
PixelHit 1254, 989, 1.56946, 0
=== 58 ===
=== 59 ===
=== 60 ===
--- mydetector ---
PixelHit 1235, 927, 2.39405, 0
PixelHit 1235, 928, 76.052, 0
PixelHit 1235, 929, 4.70635, 0
PixelHit 1236, 928, 29.753, 0
PixelHit 1236, 929, 4.5128, 0
PixelHit 1237, 927, 3.99699, 0
PixelHit 1237, 928, 44.6727, 0
PixelHit 1237, 929, 11.8726, 0
PixelHit 1238, 927, 5.45848, 0
PixelHit 1238, 928, 135.523, 0
PixelHit 1238, 929, 36.52, 0
PixelHit 1239, 927, 7.64297, 0
PixelHit 1239, 928, 70.6672, 0
PixelHit 1239, 929, 29.1287, 0
PixelHit 1240, 927, 5.81361, 0
PixelHit 1240, 928, 26.6289, 0
PixelHit 1240, 929, 18.9771, 0
PixelHit 1241, 927, 1.20229, 0
PixelHit 1241, 928, 12.3922, 0
PixelHit 1241, 929, 17.8286, 0
PixelHit 1242, 927, 1.83665, 0
PixelHit 1242, 928, 7.7106, 0
PixelHit 1242, 929, 8.86432, 0
PixelHit 1242, 930, 2.14787, 0
PixelHit 1243, 926, 1.49924, 0
PixelHit 1243, 928, 18.3589, 0
PixelHit 1243, 929, 11.7279, 0
PixelHit 1244, 927, 6.03446, 0
PixelHit 1244, 928, 23.1856, 0
PixelHit 1244, 929, 22.1319, 0
PixelHit 1244, 930, 3.8299, 0
PixelHit 1245, 927, 10.032, 0
PixelHit 1245, 928, 30.3922, 0
PixelHit 1245, 929, 30.5462, 0
PixelHit 1245, 930, 8.41675, 0
PixelHit 1246, 926, 2.75091, 0
PixelHit 1246, 927, 8.83464, 0
PixelHit 1246, 928, 46.0794, 0
PixelHit 1246, 929, 42.0754, 0
PixelHit 1246, 930, 7.51573, 0
PixelHit 1247, 927, 10.822, 0
PixelHit 1247, 928, 30.2717, 0
PixelHit 1247, 929, 33.6819, 0
PixelHit 1247, 930, 6.13176, 0
PixelHit 1248, 927, 13.9613, 0
PixelHit 1248, 928, 33.7107, 0
PixelHit 1248, 929, 39.6163, 0
PixelHit 1248, 930, 11.3516, 0
PixelHit 1249, 926, 1.40499, 0
PixelHit 1249, 927, 15.5478, 0
PixelHit 1249, 928, 74.8635, 0
PixelHit 1249, 929, 65.7175, 0
PixelHit 1249, 930, 15.6279, 0
PixelHit 1249, 931, 5.476, 0
PixelHit 1250, 926, 4.01621, 0
PixelHit 1250, 927, 13.5742, 0
PixelHit 1250, 928, 40.9002, 0
PixelHit 1250, 929, 41.6647, 0
PixelHit 1250, 930, 14.1125, 0
PixelHit 1250, 931, 1.45923, 0
PixelHit 1251, 927, 6.68493, 0
PixelHit 1251, 928, 20.4641, 0
PixelHit 1251, 929, 12.2215, 0
PixelHit 1251, 930, 4.55144, 0
PixelHit 1252, 927, 3.60101, 0
PixelHit 1252, 928, 13.9323, 0
PixelHit 1252, 929, 12.7612, 0
PixelHit 1252, 930, 3.22199, 0
PixelHit 1253, 927, 5.18282, 0
PixelHit 1253, 928, 11.1423, 0
PixelHit 1253, 929, 6.6093, 0
PixelHit 1253, 930, 6.93788, 0
PixelHit 1254, 927, 3.73327, 0
PixelHit 1254, 928, 18.7183, 0
PixelHit 1254, 929, 14.2061, 0
PixelHit 1254, 930, 6.11935, 0
PixelHit 1255, 927, 1.88446, 0
PixelHit 1255, 928, 14.1758, 0
PixelHit 1255, 929, 11.9813, 0
PixelHit 1255, 930, 8.18491, 0
PixelHit 1255, 931, 0.999533, 0
PixelHit 1256, 926, 0.931092, 0
PixelHit 1256, 927, 0.423947, 0
PixelHit 1256, 928, 21.2504, 0
PixelHit 1256, 929, 15.6295, 0
PixelHit 1256, 930, 4.75822, 0
PixelHit 1257, 925, 1.6052, 0
PixelHit 1257, 927, 7.97734, 0
PixelHit 1257, 928, 19.6565, 0
PixelHit 1257, 929, 17.2612, 0
PixelHit 1257, 930, 9.75029, 0
PixelHit 1258, 927, 9.02021, 0
PixelHit 1258, 928, 26.0515, 0
PixelHit 1258, 929, 23.4786, 0
PixelHit 1258, 930, 11.6588, 0
PixelHit 1258, 931, 1.17903, 0
PixelHit 1259, 927, 11.958, 0
PixelHit 1259, 928, 21.666, 0
PixelHit 1259, 929, 28.5259, 0
PixelHit 1259, 930, 10.0548, 0
PixelHit 1259, 931, 5.86986, 0
PixelHit 1260, 926, 4.1673, 0
PixelHit 1260, 927, 12.7664, 0
PixelHit 1260, 928, 32.177, 0
PixelHit 1260, 929, 37.0097, 0
PixelHit 1260, 930, 20.4469, 0
PixelHit 1260, 931, 4.85797, 0
PixelHit 1260, 932, 0.233558, 0
PixelHit 1261, 926, 2.1888, 0
PixelHit 1261, 927, 23.2074, 0
PixelHit 1261, 928, 59.7816, 0
PixelHit 1261, 929, 72.2047, 0
PixelHit 1261, 930, 36.8855, 0
PixelHit 1261, 931, 13.0836, 0
PixelHit 1261, 932, 1.16276, 0
PixelHit 1262, 926, 8.80891, 0
PixelHit 1262, 927, 39.8947, 0
PixelHit 1262, 928, 116.861, 0
PixelHit 1262, 929, 109.09, 0
PixelHit 1262, 930, 57.1726, 0
PixelHit 1262, 931, 11.6076, 0
PixelHit 1262, 932, 3.5511, 0
PixelHit 1263, 925, 2.01009, 0
PixelHit 1263, 926, 7.91168, 0
PixelHit 1263, 927, 37.1697, 0
PixelHit 1263, 928, 98.4036, 0
PixelHit 1263, 929, 113.675, 0
PixelHit 1263, 930, 68.9871, 0
PixelHit 1263, 931, 15.4287, 0
PixelHit 1264, 926, 9.26777, 0
PixelHit 1264, 927, 21.0379, 0
PixelHit 1264, 928, 46.9354, 0
PixelHit 1264, 929, 71.4971, 0
PixelHit 1264, 930, 33.6275, 0
PixelHit 1264, 931, 9.41129, 0
PixelHit 1264, 932, 2.66704, 0
PixelHit 1265, 927, 7.15742, 0
PixelHit 1265, 928, 12.8791, 0
PixelHit 1265, 929, 25.6969, 0
PixelHit 1265, 930, 12.9058, 0
PixelHit 1265, 933, 2.4956, 0
PixelHit 1266, 926, 1.52891, 0
PixelHit 1266, 928, 6.69903, 0
PixelHit 1267, 929, 1.88963, 0
PixelHit 1623, 675, 1.11636, 0
PixelHit 1623, 676, 11.0412, 0
PixelHit 1623, 677, 15.5329, 0
PixelHit 1624, 676, 54.646, 0
PixelHit 1624, 677, 93.9581, 0
PixelHit 1625, 676, 6.89844, 0
PixelHit 1625, 677, 27.3669, 0
PixelHit 1626, 676, 21.289, 0
PixelHit 1626, 677, 55.7675, 0
PixelHit 1626, 678, 4.56151, 0
PixelHit 1627, 676, 25.82, 0
PixelHit 1627, 677, 90.1043, 0
PixelHit 1627, 678, 10.0194, 0
PixelHit 1628, 676, 28.2458, 0
PixelHit 1628, 677, 81.2541, 0
PixelHit 1628, 678, 16.2391, 0
PixelHit 1629, 676, 11.1085, 0
PixelHit 1629, 677, 58.6155, 0
PixelHit 1629, 678, 19.2888, 0
PixelHit 1630, 675, 2.58615, 0
PixelHit 1630, 676, 11.1415, 0
PixelHit 1630, 677, 45.3272, 0
PixelHit 1630, 678, 8.92773, 0
PixelHit 1630, 679, 2.80353, 0
PixelHit 1631, 676, 14.111, 0
PixelHit 1631, 677, 50.9651, 0
PixelHit 1631, 678, 27.5665, 0
PixelHit 1631, 679, 4.89439, 0
PixelHit 1632, 675, 1.97693, 0
PixelHit 1632, 676, 13.9602, 0
PixelHit 1632, 677, 53.0572, 0
PixelHit 1632, 678, 33.6013, 0
PixelHit 1632, 679, 4.98215, 0
PixelHit 1633, 676, 10.3705, 0
PixelHit 1633, 677, 26.8381, 0
PixelHit 1633, 678, 22.2508, 0
PixelHit 1633, 679, 6.07761, 0
PixelHit 1634, 675, 2.15349, 0
PixelHit 1634, 676, 1.3697, 0
PixelHit 1634, 677, 30.921, 0
PixelHit 1634, 678, 28.7787, 0
PixelHit 1634, 679, 10.8372, 0
PixelHit 1635, 676, 2.60226, 0
PixelHit 1635, 677, 18.2327, 0
PixelHit 1635, 678, 36.0548, 0
PixelHit 1635, 679, 10.895, 0
PixelHit 1636, 676, 3.36772, 0
PixelHit 1636, 677, 28.1472, 0
PixelHit 1636, 678, 41.3056, 0
PixelHit 1636, 679, 17.1073, 0
PixelHit 1636, 680, 2.34186, 0
PixelHit 1637, 675, 1.80165, 0
PixelHit 1637, 676, 8.62467, 0
PixelHit 1637, 677, 25.4267, 0
PixelHit 1637, 678, 30.637, 0
PixelHit 1637, 679, 20.0592, 0
PixelHit 1637, 680, 1.69196, 0
PixelHit 1638, 676, 4.87336, 0
PixelHit 1638, 677, 14.2411, 0
PixelHit 1638, 678, 19.2879, 0
PixelHit 1638, 679, 9.66012, 0
PixelHit 1638, 680, 1.93955, 0
PixelHit 1639, 675, 1.0996, 0
PixelHit 1639, 676, 5.46027, 0
PixelHit 1639, 677, 3.43131, 0
PixelHit 1639, 678, 19.8442, 0
PixelHit 1639, 679, 14.4512, 0
PixelHit 1640, 676, 3.55127, 0
PixelHit 1640, 677, 11.3789, 0
PixelHit 1640, 678, 38.3133, 0
PixelHit 1640, 679, 22.5263, 0
PixelHit 1640, 680, 3.70727, 0
PixelHit 1641, 677, 16.0963, 0
PixelHit 1641, 678, 29.3516, 0
PixelHit 1641, 679, 27.1271, 0
PixelHit 1641, 680, 4.4143, 0
PixelHit 1641, 681, 0.777648, 0
PixelHit 1642, 677, 5.45624, 0
PixelHit 1642, 678, 21.9636, 0
PixelHit 1642, 679, 16.5087, 0
PixelHit 1642, 680, 4.1127, 0
PixelHit 1643, 677, 3.99115, 0
PixelHit 1643, 678, 15.5218, 0
PixelHit 1643, 679, 19.3442, 0
PixelHit 1643, 680, 8.38616, 0
PixelHit 1644, 676, 3.36905, 0
PixelHit 1644, 677, 6.87921, 0
PixelHit 1644, 678, 14.6792, 0
PixelHit 1644, 679, 10.0288, 0
PixelHit 1644, 680, 4.41299, 0
PixelHit 1644, 681, 1.13143, 0
PixelHit 1645, 678, 13.3625, 0
PixelHit 1645, 679, 11.441, 0
PixelHit 1645, 680, 7.74234, 0
PixelHit 1645, 681, 1.71409, 0
PixelHit 1646, 676, 2.59317, 0
PixelHit 1646, 678, 14.7729, 0
PixelHit 1646, 679, 10.7846, 0
PixelHit 1646, 680, 5.87858, 0
PixelHit 1646, 681, 3.63525, 0
PixelHit 1647, 676, 2.19264, 0
PixelHit 1647, 677, 4.05605, 0
PixelHit 1647, 678, 9.0459, 0
PixelHit 1647, 679, 13.2313, 0
PixelHit 1647, 680, 10.3206, 0
PixelHit 1647, 681, 3.3176, 0
PixelHit 1648, 677, 8.3399, 0
PixelHit 1648, 678, 9.40069, 0
PixelHit 1648, 679, 22.976, 0
PixelHit 1648, 680, 9.57687, 0
PixelHit 1648, 681, 1.32758, 0
PixelHit 1649, 677, 3.94236, 0
PixelHit 1649, 678, 7.74151, 0
PixelHit 1649, 679, 7.49042, 0
PixelHit 1649, 680, 5.65617, 0
PixelHit 1650, 678, 3.7527, 0
PixelHit 1650, 679, 6.25001, 0
PixelHit 1650, 681, 2.52666, 0
=== 61 ===
=== 62 ===
=== 63 ===
=== 64 ===
=== 65 ===
=== 66 ===
=== 67 ===
=== 68 ===
=== 69 ===
=== 70 ===
=== 71 ===
=== 72 ===
=== 73 ===
=== 74 ===
=== 75 ===
=== 76 ===
=== 77 ===
=== 78 ===
=== 79 ===
=== 80 ===
=== 81 ===
=== 82 ===
=== 83 ===
=== 84 ===
=== 85 ===
=== 86 ===
=== 87 ===
=== 88 ===
=== 89 ===
=== 90 ===
=== 91 ===
=== 92 ===
=== 93 ===
=== 94 ===
=== 95 ===
=== 96 ===
=== 97 ===
=== 98 ===
=== 99 ===
=== 100 ===
# 398 objects from 2 messages
