# Allpix Squared ASCII data - https://cern.ch/allpix-squared

=== 1 ===
=== 2 ===
=== 3 ===
=== 4 ===
=== 5 ===
=== 6 ===
=== 7 ===
=== 8 ===
=== 9 ===
=== 10 ===
=== 11 ===
=== 12 ===
=== 13 ===
=== 14 ===
=== 15 ===
=== 16 ===
=== 17 ===
=== 18 ===
=== 19 ===
=== 20 ===
=== 21 ===
=== 22 ===
=== 23 ===
=== 24 ===
=== 25 ===
--- mydetector ---
PixelHit 1943, 1926, 2.60724, 0
PixelHit 1943, 1927, 0.297147, 0
PixelHit 1943, 1928, 2.27868, 0
PixelHit 1943, 1929, 2.89461, 0
PixelHit 1944, 1921, 2.92327, 0
PixelHit 1944, 1922, 1.88299, 0
PixelHit 1944, 1924, 6.84092, 0
PixelHit 1944, 1925, 15.8577, 0
PixelHit 1944, 1926, 28.1674, 0
PixelHit 1944, 1927, 30.9549, 0
PixelHit 1944, 1928, 41.3604, 0
PixelHit 1944, 1929, 17.9608, 0
PixelHit 1944, 1930, 9.02996, 0
PixelHit 1945, 1915, 1.14987, 0
PixelHit 1945, 1917, 3.87378, 0
PixelHit 1945, 1918, 7.68142, 0
PixelHit 1945, 1919, 9.74856, 0
PixelHit 1945, 1920, 8.30915, 0
PixelHit 1945, 1921, 14.1788, 0
PixelHit 1945, 1922, 8.47314, 0
PixelHit 1945, 1923, 14.2749, 0
PixelHit 1945, 1924, 28.4165, 0
PixelHit 1945, 1925, 59.572, 0
PixelHit 1945, 1926, 59.4334, 0
PixelHit 1945, 1927, 23.6801, 0
PixelHit 1945, 1928, 23.612, 0
PixelHit 1946, 1912, 1.5535, 0
PixelHit 1946, 1914, 4.12363, 0
PixelHit 1946, 1915, 4.48525, 0
PixelHit 1946, 1916, 14.0228, 0
PixelHit 1946, 1917, 27.7175, 0
PixelHit 1946, 1918, 26.3749, 0
PixelHit 1946, 1919, 29.315, 0
PixelHit 1946, 1920, 41.6609, 0
PixelHit 1946, 1921, 42.8651, 0
PixelHit 1946, 1922, 29.7688, 0
PixelHit 1946, 1923, 23.5891, 0
PixelHit 1946, 1924, 16.5827, 0
PixelHit 1946, 1925, 25.382, 0
PixelHit 1946, 1926, 19.5663, 0
PixelHit 1946, 1927, 2.19732, 0
PixelHit 1947, 1908, 2.03474, 0
PixelHit 1947, 1909, 1.58525, 0
PixelHit 1947, 1910, 1.79992, 0
PixelHit 1947, 1911, 2.64042, 0
PixelHit 1947, 1912, 2.93586, 0
PixelHit 1947, 1913, 11.3269, 0
PixelHit 1947, 1914, 13.6366, 0
PixelHit 1947, 1915, 20.255, 0
PixelHit 1947, 1916, 42.7316, 0
PixelHit 1947, 1917, 51.9117, 0
PixelHit 1947, 1918, 55.0559, 0
PixelHit 1947, 1919, 48.7608, 0
PixelHit 1947, 1920, 42.8781, 0
PixelHit 1947, 1921, 15.0861, 0
PixelHit 1947, 1922, 22.3039, 0
PixelHit 1947, 1923, 2.89649, 0
PixelHit 1947, 1924, 5.64777, 0
PixelHit 1947, 1925, 1.63656, 0
PixelHit 1948, 1907, 1.88772, 0
PixelHit 1948, 1908, 2.88731, 0
PixelHit 1948, 1909, 8.71291, 0
PixelHit 1948, 1910, 11.504, 0
PixelHit 1948, 1911, 12.2607, 0
PixelHit 1948, 1912, 15.1444, 0
PixelHit 1948, 1913, 12.418, 0
PixelHit 1948, 1914, 34.0365, 0
PixelHit 1948, 1915, 39.2131, 0
PixelHit 1948, 1916, 53.8989, 0
PixelHit 1948, 1917, 59.3302, 0
PixelHit 1948, 1918, 45.9957, 0
PixelHit 1948, 1919, 16.1538, 0
PixelHit 1948, 1920, 12.9567, 0
PixelHit 1948, 1921, 5.69754, 0
PixelHit 1948, 1922, 2.35524, 0
PixelHit 1949, 1907, 4.355, 0
PixelHit 1949, 1908, 9.32379, 0
PixelHit 1949, 1909, 12.0761, 0
PixelHit 1949, 1910, 33.7339, 0
PixelHit 1949, 1911, 24.3073, 0
PixelHit 1949, 1912, 24.554, 0
PixelHit 1949, 1913, 22.4809, 0
PixelHit 1949, 1914, 27.0799, 0
PixelHit 1949, 1915, 25.6378, 0
PixelHit 1949, 1916, 24.9276, 0
PixelHit 1949, 1917, 17.6258, 0
PixelHit 1949, 1918, 14.7474, 0
PixelHit 1949, 1919, 3.84975, 0
PixelHit 1950, 1906, 6.11469, 0
PixelHit 1950, 1907, 17.2032, 0
PixelHit 1950, 1908, 24.1325, 0
PixelHit 1950, 1909, 16.5701, 0
PixelHit 1950, 1910, 23.201, 0
PixelHit 1950, 1911, 27.4331, 0
PixelHit 1950, 1912, 22.6498, 0
PixelHit 1950, 1913, 8.23306, 0
PixelHit 1950, 1914, 17.535, 0
PixelHit 1950, 1915, 7.15072, 0
PixelHit 1950, 1916, 4.25584, 0
PixelHit 1950, 1917, 3.41898, 0
PixelHit 1950, 1918, 3.34609, 0
PixelHit 1951, 1906, 1.95955, 0
PixelHit 1951, 1907, 8.15174, 0
PixelHit 1951, 1908, 17.9172, 0
PixelHit 1951, 1909, 18.4332, 0
PixelHit 1951, 1910, 12.9905, 0
PixelHit 1951, 1911, 8.51799, 0
PixelHit 1951, 1912, 5.46756, 0
PixelHit 1951, 1913, 5.24999, 0
PixelHit 1951, 1914, 6.74244, 0
PixelHit 1951, 1915, 3.12917, 0
PixelHit 1952, 1907, 4.66388, 0
PixelHit 1952, 1908, 5.87168, 0
PixelHit 1952, 1909, 7.10645, 0
PixelHit 1952, 1910, 2.70311, 0
PixelHit 1952, 1911, 3.5922, 0
PixelHit 1953, 1907, 3.15684, 0
=== 26 ===
=== 27 ===
=== 28 ===
=== 29 ===
=== 30 ===
=== 31 ===
--- mydetector ---
PixelHit 1246, 1086, 2.02772, 0
PixelHit 1246, 1087, 15.3104, 0
PixelHit 1246, 1088, 14.8835, 0
PixelHit 1247, 1084, 2.93043, 0
PixelHit 1247, 1085, 22.56, 0
PixelHit 1247, 1086, 64.2252, 0
PixelHit 1247, 1087, 94.9909, 0
PixelHit 1247, 1088, 31.5939, 0
PixelHit 1248, 1081, 2.08191, 0
PixelHit 1248, 1082, 5.37591, 0
PixelHit 1248, 1083, 23.2304, 0
PixelHit 1248, 1084, 27.1272, 0
PixelHit 1248, 1085, 68.7685, 0
PixelHit 1248, 1086, 64.7925, 0
PixelHit 1248, 1087, 8.97757, 0
PixelHit 1249, 1078, 0.893491, 0
PixelHit 1249, 1079, 2.9184, 0
PixelHit 1249, 1080, 2.45401, 0
PixelHit 1249, 1081, 20.2167, 0
PixelHit 1249, 1082, 43.4246, 0
PixelHit 1249, 1083, 26.8709, 0
PixelHit 1249, 1084, 27.3518, 0
PixelHit 1249, 1085, 12.8037, 0
PixelHit 1249, 1087, 2.51871, 0
PixelHit 1250, 1074, 2.07597, 0
PixelHit 1250, 1077, 5.04651, 0
PixelHit 1250, 1078, 9.99022, 0
PixelHit 1250, 1079, 6.60547, 0
PixelHit 1250, 1080, 13.3631, 0
PixelHit 1250, 1081, 45.5392, 0
PixelHit 1250, 1082, 66.8588, 0
PixelHit 1250, 1083, 29.7406, 0
PixelHit 1250, 1084, 5.86079, 0
PixelHit 1251, 1074, 1.65111, 0
PixelHit 1251, 1075, 1.97737, 0
PixelHit 1251, 1076, 4.65923, 0
PixelHit 1251, 1077, 16.7265, 0
PixelHit 1251, 1078, 22.5313, 0
PixelHit 1251, 1079, 21.4976, 0
PixelHit 1251, 1080, 19.5663, 0
PixelHit 1251, 1081, 23.7155, 0
PixelHit 1251, 1082, 10.4518, 0
PixelHit 1251, 1084, 2.09275, 0
PixelHit 1252, 1071, 1.91068, 0
PixelHit 1252, 1072, 0.679745, 0
PixelHit 1252, 1073, 1.30653, 0
PixelHit 1252, 1074, 11.7182, 0
PixelHit 1252, 1075, 18.5091, 0
PixelHit 1252, 1076, 16.8131, 0
PixelHit 1252, 1077, 28.4822, 0
PixelHit 1252, 1078, 40.1006, 0
PixelHit 1252, 1079, 15.625, 0
PixelHit 1252, 1080, 6.95512, 0
PixelHit 1253, 1071, 7.56682, 0
PixelHit 1253, 1072, 3.75198, 0
PixelHit 1253, 1073, 19.9127, 0
PixelHit 1253, 1074, 43.7474, 0
PixelHit 1253, 1075, 63.0762, 0
PixelHit 1253, 1076, 42.5179, 0
PixelHit 1253, 1077, 29.8276, 0
PixelHit 1253, 1078, 20.9608, 0
PixelHit 1253, 1079, 6.29074, 0
PixelHit 1254, 1068, 0.915929, 0
PixelHit 1254, 1070, 8.09708, 0
PixelHit 1254, 1071, 18.6477, 0
PixelHit 1254, 1072, 25.5369, 0
PixelHit 1254, 1073, 44.9808, 0
PixelHit 1254, 1074, 56.185, 0
PixelHit 1254, 1075, 38.5844, 0
PixelHit 1254, 1076, 26.2122, 0
PixelHit 1254, 1077, 14.5266, 0
PixelHit 1254, 1078, 3.512, 0
PixelHit 1254, 1079, 2.66666, 0
PixelHit 1254, 1080, 1.45688, 0
PixelHit 1255, 1068, 4.28492, 0
PixelHit 1255, 1069, 11.0782, 0
PixelHit 1255, 1070, 15.528, 0
PixelHit 1255, 1071, 26.7123, 0
PixelHit 1255, 1072, 35.1125, 0
PixelHit 1255, 1073, 40.8003, 0
PixelHit 1255, 1074, 26.8466, 0
PixelHit 1255, 1075, 18.9481, 0
PixelHit 1255, 1076, 7.77987, 0
PixelHit 1255, 1078, 2.22605, 0
PixelHit 1256, 1065, 2.23359, 0
PixelHit 1256, 1068, 14.6764, 0
PixelHit 1256, 1069, 25.2712, 0
PixelHit 1256, 1070, 24.8693, 0
PixelHit 1256, 1071, 23.4566, 0
PixelHit 1256, 1072, 38.517, 0
PixelHit 1256, 1073, 20.523, 0
PixelHit 1256, 1074, 13.9211, 0
PixelHit 1256, 1075, 8.41597, 0
PixelHit 1256, 1076, 2.74167, 0
PixelHit 1257, 1067, 6.53246, 0
PixelHit 1257, 1068, 9.00298, 0
PixelHit 1257, 1069, 23.1304, 0
PixelHit 1257, 1070, 26.4967, 0
PixelHit 1257, 1071, 12.8175, 0
PixelHit 1257, 1072, 10.7252, 0
PixelHit 1257, 1073, 3.88762, 0
PixelHit 1257, 1075, 0.126405, 0
PixelHit 1258, 1067, 4.72902, 0
PixelHit 1258, 1068, 5.79667, 0
PixelHit 1258, 1069, 12.1404, 0
PixelHit 1258, 1070, 11.1138, 0
PixelHit 1258, 1071, 6.08059, 0
PixelHit 1258, 1072, 2.179, 0
PixelHit 1258, 1074, 3.50967, 0
PixelHit 1259, 1067, 2.96048, 0
PixelHit 1259, 1069, 3.46368, 0
PixelHit 1259, 1072, 0.939428, 0
PixelHit 1260, 1070, 2.08546, 0
PixelHit 1263, 982, 2.0027, 0
PixelHit 1264, 981, 22.1341, 0
PixelHit 1264, 982, 180.317, 0
PixelHit 1264, 983, 1.09454, 0
PixelHit 1265, 979, 3.34538, 0
PixelHit 1265, 980, 31.8902, 0
PixelHit 1265, 981, 55.8796, 0
PixelHit 1265, 982, 42.7241, 0
PixelHit 1265, 983, 2.11933, 0
PixelHit 1266, 977, 3.27028, 0
PixelHit 1266, 978, 17.2622, 0
PixelHit 1266, 979, 32.8491, 0
PixelHit 1266, 980, 16.7859, 0
PixelHit 1266, 981, 12.0566, 0
PixelHit 1267, 975, 6.09395, 0
PixelHit 1267, 976, 4.52292, 0
PixelHit 1267, 977, 9.52851, 0
PixelHit 1267, 978, 65.5413, 0
PixelHit 1267, 979, 36.1327, 0
PixelHit 1267, 980, 2.37978, 0
PixelHit 1268, 974, 3.88489, 0
PixelHit 1268, 975, 21.0181, 0
PixelHit 1268, 976, 27.927, 0
PixelHit 1268, 977, 16.1607, 0
PixelHit 1268, 978, 10.3631, 0
PixelHit 1268, 979, 7.33448, 0
PixelHit 1269, 972, 3.65817, 0
PixelHit 1269, 973, 13.1653, 0
PixelHit 1269, 974, 18.7143, 0
PixelHit 1269, 975, 47.9711, 0
PixelHit 1269, 976, 47.3763, 0
PixelHit 1269, 977, 6.92119, 0
PixelHit 1269, 978, 4.36598, 0
PixelHit 1270, 969, 0.670455, 0
PixelHit 1270, 970, 5.23786, 0
PixelHit 1270, 971, 8.52746, 0
PixelHit 1270, 972, 23.5008, 0
PixelHit 1270, 973, 26.0329, 0
PixelHit 1270, 974, 38.4479, 0
PixelHit 1270, 975, 32.2576, 0
PixelHit 1270, 976, 18.9003, 0
PixelHit 1270, 977, 3.27282, 0
PixelHit 1271, 968, 3.89066, 0
PixelHit 1271, 969, 5.42866, 0
PixelHit 1271, 970, 8.47495, 0
PixelHit 1271, 971, 15.4424, 0
PixelHit 1271, 972, 40.7036, 0
PixelHit 1271, 973, 44.8873, 0
PixelHit 1271, 974, 38.3577, 0
PixelHit 1271, 975, 9.99298, 0
PixelHit 1271, 976, 4.27567, 0
PixelHit 1272, 967, 2.10005, 0
PixelHit 1272, 968, 14.0313, 0
PixelHit 1272, 969, 20.1771, 0
PixelHit 1272, 970, 41.2527, 0
PixelHit 1272, 971, 39.8873, 0
PixelHit 1272, 972, 29.6393, 0
PixelHit 1272, 973, 19.4851, 0
PixelHit 1272, 974, 6.8301, 0
PixelHit 1273, 966, 5.57349, 0
PixelHit 1273, 967, 14.3054, 0
PixelHit 1273, 968, 18.5224, 0
PixelHit 1273, 969, 51.2862, 0
PixelHit 1273, 970, 55.2357, 0
PixelHit 1273, 971, 44.3493, 0
PixelHit 1273, 972, 19.2285, 0
PixelHit 1273, 973, 9.4425, 0
PixelHit 1273, 974, 2.42926, 0
PixelHit 1273, 975, 0.378809, 0
PixelHit 1274, 963, 2.16502, 0
PixelHit 1274, 964, 6.71167, 0
PixelHit 1274, 965, 19.0352, 0
PixelHit 1274, 966, 19.1554, 0
PixelHit 1274, 967, 34.551, 0
PixelHit 1274, 968, 29.7767, 0
PixelHit 1274, 969, 46.4162, 0
PixelHit 1274, 970, 61.2596, 0
PixelHit 1274, 971, 22.1551, 0
PixelHit 1274, 972, 8.42101, 0
PixelHit 1274, 973, 2.60234, 0
PixelHit 1274, 974, 0.815565, 0
PixelHit 1275, 962, 3.14822, 0
PixelHit 1275, 963, 11.0612, 0
PixelHit 1275, 964, 22.0459, 0
PixelHit 1275, 965, 41.3741, 0
PixelHit 1275, 966, 62.6792, 0
PixelHit 1275, 967, 35.6975, 0
PixelHit 1275, 968, 30.1909, 0
PixelHit 1275, 969, 19.4626, 0
PixelHit 1275, 970, 20.7282, 0
PixelHit 1275, 971, 9.03064, 0
PixelHit 1275, 972, 3.26509, 0
PixelHit 1276, 963, 7.73408, 0
PixelHit 1276, 964, 31.761, 0
PixelHit 1276, 965, 76.1774, 0
PixelHit 1276, 966, 70.0636, 0
PixelHit 1276, 967, 52.6245, 0
PixelHit 1276, 968, 12.8204, 0
PixelHit 1276, 969, 2.36652, 0
PixelHit 1276, 971, 2.41013, 0
PixelHit 1277, 962, 2.34576, 0
PixelHit 1277, 963, 8.61148, 0
PixelHit 1277, 964, 24.0885, 0
PixelHit 1277, 965, 59.107, 0
PixelHit 1277, 966, 56.737, 0
PixelHit 1277, 967, 21.1986, 0
PixelHit 1277, 968, 14.511, 0
PixelHit 1277, 969, 2.68818, 0
PixelHit 1278, 963, 2.79499, 0
PixelHit 1278, 964, 12.5412, 0
PixelHit 1278, 965, 22.8564, 0
PixelHit 1278, 966, 11.2977, 0
PixelHit 1278, 967, 4.58181, 0
PixelHit 1278, 968, -0.346676, 0
PixelHit 1278, 969, 2.0466, 0
PixelHit 1279, 964, 2.12747, 0
PixelHit 1279, 965, 2.34714, 0
PixelHit 1279, 967, 3.16109, 0
=== 32 ===
=== 33 ===
=== 34 ===
=== 35 ===
=== 36 ===
=== 37 ===
=== 38 ===
=== 39 ===
=== 40 ===
=== 41 ===
=== 42 ===
=== 43 ===
=== 44 ===
=== 45 ===
=== 46 ===
=== 47 ===
=== 48 ===
=== 49 ===
=== 50 ===
=== 51 ===
=== 52 ===
=== 53 ===
=== 54 ===
=== 55 ===
=== 56 ===
=== 57 ===
=== 58 ===
=== 59 ===
=== 60 ===
=== 61 ===
=== 62 ===
=== 63 ===
=== 64 ===
--- mydetector ---
PixelHit 1298, 838, 5.57178, 0
PixelHit 1298, 839, 7.83379, 0
PixelHit 1298, 840, 37.1211, 0
PixelHit 1298, 841, 2.28074, 0
PixelHit 1299, 836, 14.0883, 0
PixelHit 1299, 837, 39.8096, 0
PixelHit 1299, 838, 72.8646, 0
PixelHit 1299, 839, 56.1758, 0
PixelHit 1299, 840, 5.7294, 0
PixelHit 1300, 834, 2.12961, 0
PixelHit 1300, 835, 22.9024, 0
PixelHit 1300, 836, 80.8358, 0
PixelHit 1300, 837, 105.453, 0
PixelHit 1300, 838, 57.4262, 0
PixelHit 1300, 839, 17.4094, 0
PixelHit 1301, 832, 2.35839, 0
PixelHit 1301, 833, 3.23198, 0
PixelHit 1301, 834, 18.8396, 0
PixelHit 1301, 835, 32.2471, 0
PixelHit 1301, 836, 69.8753, 0
PixelHit 1301, 837, 44.6617, 0
PixelHit 1301, 838, 6.15006, 0
PixelHit 1302, 829, 1.41567, 0
PixelHit 1302, 830, 10.2371, 0
PixelHit 1302, 831, 9.42543, 0
PixelHit 1302, 832, 14.2638, 0
PixelHit 1302, 833, 14.2537, 0
PixelHit 1302, 834, 16.9425, 0
PixelHit 1302, 835, 24.4838, 0
PixelHit 1302, 836, 5.9647, 0
PixelHit 1302, 837, 8.1196, 0
PixelHit 1303, 826, 1.80717, 0
PixelHit 1303, 827, 3.89994, 0
PixelHit 1303, 828, 3.95901, 0
PixelHit 1303, 829, 13.7491, 0
PixelHit 1303, 830, 36.5847, 0
PixelHit 1303, 831, 54.6092, 0
PixelHit 1303, 832, 38.0906, 0
PixelHit 1303, 833, 32.8148, 0
PixelHit 1303, 834, 3.49851, 0
PixelHit 1303, 835, 0.972317, 0
PixelHit 1303, 836, 1.99431, 0
PixelHit 1304, 825, 1.73191, 0
PixelHit 1304, 826, 9.13115, 0
PixelHit 1304, 827, 16.7413, 0
PixelHit 1304, 828, 12.5384, 0
PixelHit 1304, 829, 38.52, 0
PixelHit 1304, 830, 68.6106, 0
PixelHit 1304, 831, 59.4787, 0
PixelHit 1304, 832, 29.9461, 0
PixelHit 1304, 833, 9.94564, 0
PixelHit 1304, 834, 3.96366, 0
PixelHit 1305, 823, 2.15596, 0
PixelHit 1305, 824, 4.90111, 0
PixelHit 1305, 825, 7.73941, 0
PixelHit 1305, 826, 24.627, 0
PixelHit 1305, 827, 39.1499, 0
PixelHit 1305, 828, 43.2491, 0
PixelHit 1305, 829, 43.651, 0
PixelHit 1305, 830, 35.2608, 0
PixelHit 1305, 831, 30.2833, 0
PixelHit 1305, 832, 11.7981, 0
PixelHit 1305, 833, 2.18662, 0
PixelHit 1306, 822, 0.802935, 0
PixelHit 1306, 823, 5.02419, 0
PixelHit 1306, 824, 8.98933, 0
PixelHit 1306, 825, 20.6065, 0
PixelHit 1306, 826, 34.5122, 0
PixelHit 1306, 827, 51.8258, 0
PixelHit 1306, 828, 48.8774, 0
PixelHit 1306, 829, 37.4371, 0
PixelHit 1306, 830, 19.5093, 0
PixelHit 1306, 831, 6.2166, 0
PixelHit 1306, 832, 3.03475, 0
PixelHit 1307, 822, 1.49284, 0
PixelHit 1307, 823, 4.95435, 0
PixelHit 1307, 824, 19.7599, 0
PixelHit 1307, 825, 21.9378, 0
PixelHit 1307, 826, 35.7375, 0
PixelHit 1307, 827, 35.8178, 0
PixelHit 1307, 828, 31.4648, 0
PixelHit 1307, 829, 7.43097, 0
PixelHit 1307, 830, 4.55508, 0
PixelHit 1308, 820, 1.83406, 0
PixelHit 1308, 822, 3.41485, 0
PixelHit 1308, 823, 12.4517, 0
PixelHit 1308, 824, 24.435, 0
PixelHit 1308, 825, 16.5745, 0
PixelHit 1308, 826, 16.982, 0
PixelHit 1308, 827, 19.0502, 0
PixelHit 1308, 828, 14.2853, 0
PixelHit 1308, 829, 9.07659, 0
PixelHit 1309, 822, 5.01091, 0
PixelHit 1309, 823, 9.10176, 0
PixelHit 1309, 824, 21.3546, 0
PixelHit 1309, 825, 10.1834, 0
PixelHit 1309, 826, 8.34896, 0
PixelHit 1310, 822, 1.62415, 0
PixelHit 1310, 824, 6.30891, 0
PixelHit 1310, 825, 3.53271, 0
PixelHit 1310, 826, 4.56293, 0
PixelHit 1311, 824, 2.78843, 0
PixelHit 1452, 867, 3.86483, 0
PixelHit 1453, 865, 21.4161, 0
PixelHit 1453, 866, 65.3317, 0
PixelHit 1453, 867, 81.0446, 0
PixelHit 1453, 868, 36.5068, 0
PixelHit 1454, 860, 2.04906, 0
PixelHit 1454, 861, 3.66056, 0
PixelHit 1454, 862, 2.314, 0
PixelHit 1454, 863, 15.2917, 0
PixelHit 1454, 864, 33.3344, 0
PixelHit 1454, 865, 83.3387, 0
PixelHit 1454, 866, 137.929, 0
PixelHit 1454, 867, 36.1257, 0
PixelHit 1455, 859, 1.40409, 0
PixelHit 1455, 860, 2.60277, 0
PixelHit 1455, 861, 7.20055, 0
PixelHit 1455, 862, 27.1218, 0
PixelHit 1455, 863, 59.787, 0
PixelHit 1455, 864, 77.7763, 0
PixelHit 1455, 865, 57.3343, 0
PixelHit 1455, 866, 15.1568, 0
PixelHit 1455, 867, 1.44543, 0
PixelHit 1456, 857, 3.04272, 0
PixelHit 1456, 858, 4.33952, 0
PixelHit 1456, 859, 5.05992, 0
PixelHit 1456, 860, 5.31503, 0
PixelHit 1456, 861, 24.4773, 0
PixelHit 1456, 862, 47.6064, 0
PixelHit 1456, 863, 38.9548, 0
PixelHit 1456, 864, 15.988, 0
PixelHit 1456, 865, 7.30432, 0
PixelHit 1457, 854, 0.783877, 0
PixelHit 1457, 855, 3.26476, 0
PixelHit 1457, 856, 13.2373, 0
PixelHit 1457, 857, 12.4961, 0
PixelHit 1457, 858, 18.1809, 0
PixelHit 1457, 859, 26.6976, 0
PixelHit 1457, 860, 16.3748, 0
PixelHit 1457, 861, 21.4408, 0
PixelHit 1457, 862, 12.0415, 0
PixelHit 1457, 863, 18.5127, 0
PixelHit 1457, 864, 10.0571, 0
PixelHit 1458, 853, 1.43348, 0
PixelHit 1458, 854, 4.50567, 0
PixelHit 1458, 855, 10.1031, 0
PixelHit 1458, 856, 31.0649, 0
PixelHit 1458, 857, 37.0929, 0
PixelHit 1458, 858, 34.0379, 0
PixelHit 1458, 859, 33.8012, 0
PixelHit 1458, 860, 23.2557, 0
PixelHit 1458, 861, 8.68773, 0
PixelHit 1458, 862, 4.61819, 0
PixelHit 1459, 852, 3.56198, 0
PixelHit 1459, 853, 8.33183, 0
PixelHit 1459, 854, 7.98885, 0
PixelHit 1459, 855, 19.0892, 0
PixelHit 1459, 856, 26.4533, 0
PixelHit 1459, 857, 50.8998, 0
PixelHit 1459, 858, 26.2283, 0
PixelHit 1459, 859, 17.0257, 0
PixelHit 1459, 860, 6.8943, 0
PixelHit 1459, 861, 2.73794, 0
PixelHit 1460, 852, 9.26875, 0
PixelHit 1460, 853, 16.6578, 0
PixelHit 1460, 854, 27.0784, 0
PixelHit 1460, 855, 30.5216, 0
PixelHit 1460, 856, 18.7114, 0
PixelHit 1460, 857, 26.5267, 0
PixelHit 1460, 858, 6.7074, 0
PixelHit 1460, 859, 3.33514, 0
PixelHit 1460, 860, 2.29658, 0
PixelHit 1461, 851, 2.67345, 0
PixelHit 1461, 852, 14.5677, 0
PixelHit 1461, 853, 20.7809, 0
PixelHit 1461, 854, 22.4112, 0
PixelHit 1461, 855, 14.2357, 0
PixelHit 1461, 856, 13.4994, 0
PixelHit 1461, 857, 11.4101, 0
PixelHit 1462, 850, 2.74617, 0
PixelHit 1462, 851, 4.0268, 0
PixelHit 1462, 852, 4.82332, 0
PixelHit 1462, 853, 15.9517, 0
PixelHit 1462, 854, 11.2703, 0
PixelHit 1462, 855, 8.695, 0
PixelHit 1462, 856, 5.99703, 0
PixelHit 1462, 857, 2.55818, 0
PixelHit 1463, 851, 3.08713, 0
PixelHit 1463, 853, 3.55147, 0
PixelHit 1464, 852, 1.46662, 0
PixelHit 1464, 853, 3.1413, 0
=== 65 ===
=== 66 ===
=== 67 ===
=== 68 ===
=== 69 ===
=== 70 ===
=== 71 ===
=== 72 ===
=== 73 ===
=== 74 ===
=== 75 ===
=== 76 ===
=== 77 ===
=== 78 ===
=== 79 ===
=== 80 ===
=== 81 ===
=== 82 ===
=== 83 ===
=== 84 ===
=== 85 ===
=== 86 ===
=== 87 ===
=== 88 ===
=== 89 ===
=== 90 ===
=== 91 ===
=== 92 ===
=== 93 ===
=== 94 ===
=== 95 ===
=== 96 ===
=== 97 ===
=== 98 ===
=== 99 ===
=== 100 ===
# 540 objects from 3 messages
