# Allpix Squared ASCII data - https://cern.ch/allpix-squared

=== 1 ===
=== 2 ===
=== 3 ===
=== 4 ===
=== 5 ===
=== 6 ===
=== 7 ===
=== 8 ===
=== 9 ===
=== 10 ===
=== 11 ===
=== 12 ===
=== 13 ===
=== 14 ===
=== 15 ===
=== 16 ===
=== 17 ===
=== 18 ===
=== 19 ===
=== 20 ===
=== 21 ===
=== 22 ===
=== 23 ===
=== 24 ===
=== 25 ===
=== 26 ===
=== 27 ===
=== 28 ===
=== 29 ===
=== 30 ===
=== 31 ===
=== 32 ===
--- mydetector ---
PixelHit 2236, 243, 11.7972, 0
PixelHit 2236, 244, 8.25979, 0
PixelHit 2237, 242, 4.17356, 0
PixelHit 2237, 243, 107.097, 0
PixelHit 2237, 244, 18.7145, 0
PixelHit 2238, 242, 45.6422, 0
PixelHit 2238, 243, 127.478, 0
PixelHit 2238, 244, 4.72581, 0
PixelHit 2239, 241, 12.7287, 0
PixelHit 2239, 242, 97.623, 0
PixelHit 2239, 243, 16.8069, 0
PixelHit 2240, 240, 3.43562, 0
PixelHit 2240, 241, 38.9183, 0
PixelHit 2240, 242, 33.2862, 0
PixelHit 2240, 243, 2.16274, 0
PixelHit 2241, 240, 20.4851, 0
PixelHit 2241, 241, 33.8044, 0
PixelHit 2241, 242, 7.82222, 0
PixelHit 2242, 239, 0.886685, 0
PixelHit 2242, 240, 44.1654, 0
PixelHit 2242, 241, 24.6499, 0
PixelHit 2242, 242, 3.67576, 0
PixelHit 2243, 238, 5.24314, 0
PixelHit 2243, 239, 13.5577, 0
PixelHit 2243, 240, 26.2968, 0
PixelHit 2243, 241, 7.08168, 0
PixelHit 2244, 237, 5.25644, 0
PixelHit 2244, 238, 36.9688, 0
PixelHit 2244, 239, 55.7784, 0
PixelHit 2244, 240, 29.3743, 0
PixelHit 2245, 236, 3.20745, 0
PixelHit 2245, 237, 22.4311, 0
PixelHit 2245, 238, 70.3888, 0
PixelHit 2245, 239, 47.4585, 0
PixelHit 2245, 240, 9.77401, 0
PixelHit 2246, 236, 4.3565, 0
PixelHit 2246, 237, 45.3001, 0
PixelHit 2246, 238, 99.9183, 0
PixelHit 2246, 239, 46.2013, 0
PixelHit 2246, 240, 5.64619, 0
PixelHit 2247, 235, 1.19805, 0
PixelHit 2247, 236, 8.48504, 0
PixelHit 2247, 237, 39.5081, 0
PixelHit 2247, 238, 34.1867, 0
PixelHit 2247, 239, 11.5019, 0
PixelHit 2248, 235, 3.80842, 0
PixelHit 2248, 236, 11.983, 0
PixelHit 2248, 237, 10.7604, 0
PixelHit 2248, 238, 10.1253, 0
PixelHit 2248, 239, 3.58958, 0
PixelHit 2249, 234, 5.71226, 0
PixelHit 2249, 235, 14.6898, 0
PixelHit 2249, 236, 26.7796, 0
PixelHit 2249, 237, 13.403, 0
PixelHit 2249, 238, 0.967376, 0
PixelHit 2250, 233, 3.28534, 0
PixelHit 2250, 234, 21.1708, 0
PixelHit 2250, 235, 44.8806, 0
PixelHit 2250, 236, 44.166, 0
PixelHit 2250, 237, 19.4577, 0
PixelHit 2250, 238, 0.714348, 0
PixelHit 2251, 232, 2.14885, 0
PixelHit 2251, 233, 6.4218, 0
PixelHit 2251, 234, 31.1199, 0
PixelHit 2251, 235, 31.8694, 0
PixelHit 2251, 236, 32.7222, 0
PixelHit 2251, 237, 3.86035, 0
PixelHit 2252, 232, 3.50781, 0
PixelHit 2252, 233, 19.2948, 0
PixelHit 2252, 234, 33.9107, 0
PixelHit 2252, 235, 31.198, 0
PixelHit 2252, 236, 9.15743, 0
PixelHit 2252, 237, 2.07587, 0
PixelHit 2253, 232, 2.05292, 0
PixelHit 2253, 233, 9.46261, 0
PixelHit 2253, 234, 20.387, 0
PixelHit 2253, 235, 12.2264, 0
PixelHit 2253, 236, 1.61346, 0
PixelHit 2254, 231, 2.48303, 0
PixelHit 2254, 232, 5.56704, 0
PixelHit 2254, 233, 6.76624, 0
PixelHit 2254, 234, 8.08119, 0
PixelHit 2254, 235, 7.74225, 0
PixelHit 2255, 230, 1.30128, 0
PixelHit 2255, 231, 13.3384, 0
PixelHit 2255, 232, 23.49, 0
PixelHit 2255, 233, 6.64894, 0
PixelHit 2255, 234, 7.3901, 0
PixelHit 2256, 228, 2.11015, 0
PixelHit 2256, 230, 11.7772, 0
PixelHit 2256, 231, 39.9905, 0
PixelHit 2256, 232, 41.0771, 0
PixelHit 2256, 233, 26.7438, 0
PixelHit 2256, 234, 1.24649, 0
PixelHit 2257, 229, 7.13646, 0
PixelHit 2257, 230, 19.5246, 0
PixelHit 2257, 231, 58.9416, 0
PixelHit 2257, 232, 65.8801, 0
PixelHit 2257, 233, 12.1217, 0
PixelHit 2257, 234, 4.85076, 0
PixelHit 2258, 228, 3.19212, 0
PixelHit 2258, 229, 8.25755, 0
PixelHit 2258, 230, 31.7872, 0
PixelHit 2258, 231, 45.9619, 0
PixelHit 2258, 232, 23.0526, 0
PixelHit 2258, 233, 15.4938, 0
PixelHit 2258, 234, 0.719952, 0
PixelHit 2259, 227, 1.92226, 0
PixelHit 2259, 228, 8.96565, 0
PixelHit 2259, 229, 9.88246, 0
PixelHit 2259, 230, 26.1624, 0
PixelHit 2259, 231, 24.6411, 0
PixelHit 2259, 232, 7.39231, 0
PixelHit 2259, 233, 6.17274, 0
PixelHit 2259, 234, 0.844643, 0
PixelHit 2260, 226, 3.06177, 0
PixelHit 2260, 227, 9.89515, 0
PixelHit 2260, 228, 18.4491, 0
PixelHit 2260, 229, 32.328, 0
PixelHit 2260, 230, 26.0577, 0
PixelHit 2260, 231, 5.82195, 0
PixelHit 2260, 232, 3.33076, 0
PixelHit 2261, 225, 1.56519, 0
PixelHit 2261, 226, 4.86488, 0
PixelHit 2261, 227, 18.7426, 0
PixelHit 2261, 228, 47.9291, 0
PixelHit 2261, 229, 57.4126, 0
PixelHit 2261, 230, 14.6768, 0
PixelHit 2261, 231, 2.34281, 0
PixelHit 2261, 232, 3.44122, 0
PixelHit 2262, 226, 11.0844, 0
PixelHit 2262, 227, 30.044, 0
PixelHit 2262, 228, 42.7457, 0
PixelHit 2262, 229, 44.512, 0
PixelHit 2262, 230, 27.1444, 0
PixelHit 2262, 231, 4.79747, 0
PixelHit 2263, 225, 6.12614, 0
PixelHit 2263, 226, 12.9449, 0
PixelHit 2263, 227, 29.1505, 0
PixelHit 2263, 228, 47.5311, 0
PixelHit 2263, 229, 28.1404, 0
PixelHit 2263, 230, 12.7348, 0
PixelHit 2263, 231, 3.48368, 0
PixelHit 2264, 224, 2.9114, 0
PixelHit 2264, 225, 5.99255, 0
PixelHit 2264, 226, 20.4486, 0
PixelHit 2264, 227, 28.6237, 0
PixelHit 2264, 228, 26.8836, 0
PixelHit 2264, 229, 17.5911, 0
PixelHit 2264, 230, 3.62098, 0
PixelHit 2265, 224, 8.74417, 0
PixelHit 2265, 225, 7.66699, 0
PixelHit 2265, 226, 7.92376, 0
PixelHit 2265, 227, 14.6165, 0
PixelHit 2265, 228, 11.5649, 0
PixelHit 2266, 223, 1.01264, 0
PixelHit 2266, 224, 10.9349, 0
PixelHit 2266, 225, 14.3722, 0
PixelHit 2266, 226, 16.1588, 0
PixelHit 2266, 227, 15.9613, 0
PixelHit 2266, 228, 6.81141, 0
PixelHit 2267, 223, 5.30393, 0
PixelHit 2267, 224, 20.9097, 0
PixelHit 2267, 225, 16.9285, 0
PixelHit 2267, 226, 21.2143, 0
PixelHit 2267, 227, 13.9626, 0
PixelHit 2267, 228, 6.25387, 0
PixelHit 2268, 222, 1.12301, 0
PixelHit 2268, 223, 5.47029, 0
PixelHit 2268, 224, 10.5728, 0
PixelHit 2268, 225, 19.1294, 0
PixelHit 2268, 226, 16.9452, 0
PixelHit 2268, 227, 6.49656, 0
PixelHit 2268, 228, 2.61946, 0
PixelHit 2269, 223, 2.84215, 0
PixelHit 2269, 224, 5.40022, 0
PixelHit 2269, 225, 5.36916, 0
PixelHit 2269, 226, 4.79262, 0
PixelHit 2269, 227, 3.80679, 0
PixelHit 2269, 228, 1.65563, 0
PixelHit 2270, 224, 5.26328, 0
PixelHit 2270, 225, 2.64025, 0
PixelHit 2270, 226, 2.42527, 0
=== 33 ===
=== 34 ===
=== 35 ===
=== 36 ===
=== 37 ===
=== 38 ===
=== 39 ===
=== 40 ===
=== 41 ===
=== 42 ===
=== 43 ===
=== 44 ===
=== 45 ===
=== 46 ===
=== 47 ===
=== 48 ===
=== 49 ===
=== 50 ===
=== 51 ===
=== 52 ===
--- mydetector ---
PixelHit 1745, 355, 25.9747, 0
PixelHit 1745, 356, 56.0331, 0
PixelHit 1745, 357, 3.28675, 0
PixelHit 1746, 354, 2.91999, 0
PixelHit 1746, 355, 30.0753, 0
PixelHit 1746, 356, 11.9032, 0
PixelHit 1747, 354, 33.1203, 0
PixelHit 1747, 355, 77.9248, 0
PixelHit 1747, 356, 0.546796, 0
PixelHit 1748, 353, 3.74571, 0
PixelHit 1748, 354, 6.80445, 0
PixelHit 1748, 355, 10.3558, 0
PixelHit 1749, 352, 1.99074, 0
PixelHit 1749, 353, 32.6322, 0
PixelHit 1749, 354, 32.6118, 0
PixelHit 1750, 352, 3.84815, 0
PixelHit 1750, 353, 56.708, 0
PixelHit 1750, 354, 12.9898, 0
PixelHit 1751, 352, 8.84396, 0
PixelHit 1751, 353, 20.1026, 0
PixelHit 1751, 354, 1.90553, 0
PixelHit 1752, 350, 2.86066, 0
PixelHit 1752, 351, 10.6647, 0
PixelHit 1752, 352, 22.3474, 0
PixelHit 1752, 353, 4.11878, 0
PixelHit 1753, 350, 2.50646, 0
PixelHit 1753, 351, 24.973, 0
PixelHit 1753, 352, 17.5567, 0
PixelHit 1753, 353, 3.49287, 0
PixelHit 1754, 349, 0.380885, 0
PixelHit 1754, 350, 2.51175, 0
PixelHit 1754, 351, 19.372, 0
PixelHit 1754, 352, 12.905, 0
PixelHit 1755, 349, 10.3515, 0
PixelHit 1755, 350, 21.6021, 0
PixelHit 1755, 351, 21.0394, 0
PixelHit 1756, 348, 6.28044, 0
PixelHit 1756, 349, 41.5891, 0
PixelHit 1756, 350, 71.2409, 0
PixelHit 1756, 351, 18.0253, 0
PixelHit 1756, 352, 0.975579, 0
PixelHit 1757, 348, 17.0431, 0
PixelHit 1757, 349, 79.4438, 0
PixelHit 1757, 350, 70.8924, 0
PixelHit 1757, 351, 8.72422, 0
PixelHit 1758, 347, 2.26088, 0
PixelHit 1758, 348, 32.8747, 0
PixelHit 1758, 349, 62.1704, 0
PixelHit 1758, 350, 22.6914, 0
PixelHit 1758, 351, 2.85976, 0
PixelHit 1759, 346, 2.06596, 0
PixelHit 1759, 347, 7.93481, 0
PixelHit 1759, 348, 36.923, 0
PixelHit 1759, 349, 31.9104, 0
PixelHit 1759, 350, 7.23189, 0
PixelHit 1760, 346, 5.48787, 0
PixelHit 1760, 347, 20.1373, 0
PixelHit 1760, 348, 29.6119, 0
PixelHit 1760, 349, 14.1861, 0
PixelHit 1760, 350, 3.18447, 0
PixelHit 1761, 346, 11.7999, 0
PixelHit 1761, 347, 42.4612, 0
PixelHit 1761, 348, 42.3394, 0
PixelHit 1761, 349, 10.1825, 0
PixelHit 1762, 344, 2.62976, 0
PixelHit 1762, 345, 7.39239, 0
PixelHit 1762, 346, 14.6986, 0
PixelHit 1762, 347, 14.7367, 0
PixelHit 1762, 348, 14.9889, 0
PixelHit 1762, 349, 4.98737, 0
PixelHit 1763, 343, 4.24858, 0
PixelHit 1763, 344, 12.9485, 0
PixelHit 1763, 345, 49.1002, 0
PixelHit 1763, 346, 53.2146, 0
PixelHit 1763, 347, 30.3128, 0
PixelHit 1763, 348, 3.41412, 0
PixelHit 1764, 343, 3.51617, 0
PixelHit 1764, 344, 55.2285, 0
PixelHit 1764, 345, 188.436, 0
PixelHit 1764, 346, 170.091, 0
PixelHit 1764, 347, 54.9151, 0
PixelHit 1764, 348, 2.59193, 0
PixelHit 1765, 342, 1.67719, 0
PixelHit 1765, 343, 7.56162, 0
PixelHit 1765, 344, 68.6356, 0
PixelHit 1765, 345, 212.61, 0
PixelHit 1765, 346, 165.007, 0
PixelHit 1765, 347, 47.1008, 0
PixelHit 1765, 348, 6.98019, 0
PixelHit 1766, 342, 5.51876, 0
PixelHit 1766, 343, 6.93565, 0
PixelHit 1766, 344, 39.8599, 0
PixelHit 1766, 345, 94.4215, 0
PixelHit 1766, 346, 59.1634, 0
PixelHit 1766, 347, 13.9951, 0
PixelHit 1767, 341, 1.68656, 0
PixelHit 1767, 342, 0.401593, 0
PixelHit 1767, 343, 10.5908, 0
PixelHit 1767, 344, 36.1064, 0
PixelHit 1767, 345, 27.019, 0
PixelHit 1767, 346, 15.7487, 0
PixelHit 1767, 347, 1.22, 0
PixelHit 1768, 341, 0.212768, 0
PixelHit 1768, 342, 6.92964, 0
PixelHit 1768, 343, 13.0348, 0
PixelHit 1768, 344, 27.9777, 0
PixelHit 1768, 345, 7.45418, 0
PixelHit 1768, 346, 6.09857, 0
PixelHit 1769, 341, 1.58433, 0
PixelHit 1769, 342, 9.3193, 0
PixelHit 1769, 343, 17.7061, 0
PixelHit 1769, 344, 9.68356, 0
PixelHit 1769, 345, 3.84625, 0
PixelHit 1770, 339, 1.50713, 0
PixelHit 1770, 340, 1.8091, 0
PixelHit 1770, 341, 2.8654, 0
PixelHit 1770, 342, 8.99836, 0
PixelHit 1770, 343, 17.8123, 0
PixelHit 1770, 344, 4.77229, 0
PixelHit 1770, 345, 1.98094, 0
PixelHit 1771, 339, 1.41834, 0
PixelHit 1771, 340, 2.95506, 0
PixelHit 1771, 341, 12.0531, 0
PixelHit 1771, 342, 9.06422, 0
PixelHit 1771, 343, 12.4308, 0
PixelHit 1772, 339, 2.68292, 0
PixelHit 1772, 340, 4.9335, 0
PixelHit 1772, 341, 24.7479, 0
PixelHit 1772, 342, 11.3558, 0
PixelHit 1772, 343, 2.60764, 0
PixelHit 1773, 339, 6.18507, 0
PixelHit 1773, 340, 13.936, 0
PixelHit 1773, 341, 15.9778, 0
PixelHit 1773, 342, 11.136, 0
PixelHit 1773, 343, 6.82392, 0
PixelHit 1774, 337, 2.91686, 0
PixelHit 1774, 338, 6.58397, 0
PixelHit 1774, 339, 16.3937, 0
PixelHit 1774, 340, 16.1144, 0
PixelHit 1774, 341, 16.7383, 0
PixelHit 1774, 342, 6.35387, 0
PixelHit 1775, 337, 1.47786, 0
PixelHit 1775, 338, 4.34779, 0
PixelHit 1775, 339, 38.7648, 0
PixelHit 1775, 340, 46.4812, 0
PixelHit 1775, 341, 14.3407, 0
PixelHit 1775, 342, 5.41999, 0
PixelHit 1775, 343, 2.32108, 0
PixelHit 1776, 337, 10.1967, 0
PixelHit 1776, 338, 39.9747, 0
PixelHit 1776, 339, 56.3568, 0
PixelHit 1776, 340, 32.0708, 0
PixelHit 1776, 341, 22.4809, 0
PixelHit 1776, 342, 7.00877, 0
PixelHit 1776, 343, 1.59604, 0
PixelHit 1777, 336, 2.46266, 0
PixelHit 1777, 337, 15.874, 0
PixelHit 1777, 338, 42.7651, 0
PixelHit 1777, 339, 57.0134, 0
PixelHit 1777, 340, 32.7642, 0
PixelHit 1777, 341, 15.7193, 0
PixelHit 1778, 335, 2.28609, 0
PixelHit 1778, 336, 6.92014, 0
PixelHit 1778, 337, 27.4673, 0
PixelHit 1778, 338, 42.1182, 0
PixelHit 1778, 339, 33.3349, 0
PixelHit 1778, 340, 25.3761, 0
PixelHit 1778, 341, 6.43382, 0
PixelHit 1778, 342, 2.34032, 0
PixelHit 1779, 334, 1.58786, 0
PixelHit 1779, 335, 3.80377, 0
PixelHit 1779, 336, 14.2048, 0
PixelHit 1779, 337, 31.9509, 0
PixelHit 1779, 338, 41.9393, 0
PixelHit 1779, 339, 41.7806, 0
PixelHit 1779, 340, 7.46388, 0
PixelHit 1780, 335, 4.45517, 0
PixelHit 1780, 336, 19.9187, 0
PixelHit 1780, 337, 23.2139, 0
PixelHit 1780, 338, 26.5165, 0
PixelHit 1780, 339, 10.3023, 0
PixelHit 1780, 340, 1.2327, 0
PixelHit 1781, 334, 2.86267, 0
PixelHit 1781, 335, 3.95458, 0
PixelHit 1781, 336, 7.86932, 0
PixelHit 1781, 337, 22.9568, 0
PixelHit 1781, 338, 18.1375, 0
PixelHit 1781, 339, 11.0905, 0
PixelHit 1782, 334, 3.31782, 0
PixelHit 1782, 335, 4.97702, 0
PixelHit 1782, 336, 11.4288, 0
PixelHit 1782, 337, 15.8658, 0
PixelHit 1782, 338, 7.30321, 0
PixelHit 1782, 339, 5.00221, 0
PixelHit 1783, 334, 8.14519, 0
PixelHit 1783, 335, 9.67504, 0
PixelHit 1783, 336, 7.07005, 0
PixelHit 1783, 337, 13.1071, 0
PixelHit 1783, 338, 3.90413, 0
PixelHit 1783, 339, 1.2941, 0
PixelHit 1784, 333, 6.88185, 0
PixelHit 1784, 334, 12.5237, 0
PixelHit 1784, 335, 19.9803, 0
PixelHit 1784, 336, 16.7599, 0
PixelHit 1784, 337, 4.55199, 0
PixelHit 1785, 333, 3.85102, 0
PixelHit 1785, 334, 16.2479, 0
PixelHit 1785, 335, 19.4172, 0
PixelHit 1785, 336, 12.1817, 0
PixelHit 1785, 337, 1.39851, 0
PixelHit 1786, 333, 1.02338, 0
PixelHit 1786, 334, 7.11729, 0
PixelHit 1786, 335, 18.1077, 0
PixelHit 1786, 336, 3.49204, 0
PixelHit 1787, 334, 2.30657, 0
PixelHit 1787, 336, 2.96653, 0
=== 53 ===
=== 54 ===
=== 55 ===
=== 56 ===
=== 57 ===
=== 58 ===
=== 59 ===
=== 60 ===
=== 61 ===
=== 62 ===
=== 63 ===
=== 64 ===
=== 65 ===
=== 66 ===
=== 67 ===
=== 68 ===
=== 69 ===
=== 70 ===
=== 71 ===
--- mydetector ---
PixelHit 1114, 1240, 2.28606, 0
PixelHit 1114, 1241, 56.3799, 0
PixelHit 1114, 1242, 4.68392, 0
PixelHit 1115, 1240, 6.61786, 0
PixelHit 1115, 1241, 56.5557, 0
PixelHit 1115, 1242, 4.36782, 0
PixelHit 1116, 1240, 15.6343, 0
PixelHit 1116, 1241, 8.54361, 0
PixelHit 1116, 1242, 2.12345, 0
PixelHit 1117, 1239, 39.1271, 0
PixelHit 1117, 1240, 36.8791, 0
PixelHit 1118, 1238, 2.69532, 0
PixelHit 1118, 1239, 64.898, 0
PixelHit 1118, 1240, 33.0395, 0
PixelHit 1119, 1238, 15.9367, 0
PixelHit 1119, 1239, 14.0461, 0
PixelHit 1119, 1240, 2.81749, 0
PixelHit 1120, 1237, 28.7419, 0
PixelHit 1120, 1238, 51.4948, 0
PixelHit 1120, 1239, 10.4593, 0
PixelHit 1121, 1236, 3.28475, 0
PixelHit 1121, 1237, 23.5284, 0
PixelHit 1121, 1238, 22.2475, 0
PixelHit 1122, 1235, 3.18726, 0
PixelHit 1122, 1236, 30.0122, 0
PixelHit 1122, 1237, 27.6931, 0
PixelHit 1122, 1238, 4.71804, 0
PixelHit 1123, 1235, 16.4274, 0
PixelHit 1123, 1236, 48.551, 0
PixelHit 1123, 1237, 30.4591, 0
PixelHit 1124, 1234, 20.286, 0
PixelHit 1124, 1235, 53.8667, 0
PixelHit 1124, 1236, 49.5938, 0
PixelHit 1124, 1237, 8.39651, 0
PixelHit 1125, 1233, 4.13221, 0
PixelHit 1125, 1234, 51.1788, 0
PixelHit 1125, 1235, 120.119, 0
PixelHit 1125, 1236, 38.3745, 0
PixelHit 1126, 1233, 10.1771, 0
PixelHit 1126, 1234, 53.2719, 0
PixelHit 1126, 1235, 58.5457, 0
PixelHit 1126, 1236, 10.9936, 0
PixelHit 1127, 1231, 1.47961, 0
PixelHit 1127, 1232, 10.3102, 0
PixelHit 1127, 1233, 29.6733, 0
PixelHit 1127, 1234, 33.3241, 0
PixelHit 1127, 1235, 16.8452, 0
PixelHit 1128, 1231, 4.57662, 0
PixelHit 1128, 1232, 22.6361, 0
PixelHit 1128, 1233, 51.5692, 0
PixelHit 1128, 1234, 35.992, 0
PixelHit 1128, 1235, 8.77758, 0
PixelHit 1129, 1231, 15.7224, 0
PixelHit 1129, 1232, 38.1308, 0
PixelHit 1129, 1233, 38.0861, 0
PixelHit 1129, 1234, 16.8153, 0
PixelHit 1130, 1229, 2.73624, 0
PixelHit 1130, 1230, 3.67485, 0
PixelHit 1130, 1231, 14.8797, 0
PixelHit 1130, 1232, 41.2999, 0
PixelHit 1130, 1233, 23.961, 0
PixelHit 1130, 1234, 0.901035, 0
PixelHit 1131, 1230, 19.7869, 0
PixelHit 1131, 1231, 44.9313, 0
PixelHit 1131, 1232, 36.2661, 0
PixelHit 1131, 1233, 8.86634, 0
PixelHit 1131, 1234, 3.90894, 0
PixelHit 1132, 1228, 1.46289, 0
PixelHit 1132, 1229, 12.2061, 0
PixelHit 1132, 1230, 33.8681, 0
PixelHit 1132, 1231, 49.8945, 0
PixelHit 1132, 1232, 21.1376, 0
PixelHit 1132, 1233, 5.12746, 0
PixelHit 1133, 1229, 24.4793, 0
PixelHit 1133, 1230, 44.5494, 0
PixelHit 1133, 1231, 29.8418, 0
PixelHit 1133, 1232, 5.7782, 0
PixelHit 1133, 1233, 1.11621, 0
PixelHit 1134, 1227, 3.29895, 0
PixelHit 1134, 1228, 12.5699, 0
PixelHit 1134, 1229, 38.5789, 0
PixelHit 1134, 1230, 38.0348, 0
PixelHit 1134, 1231, 23.8606, 0
PixelHit 1134, 1232, 4.20527, 0
PixelHit 1135, 1226, 1.10099, 0
PixelHit 1135, 1227, 3.84878, 0
PixelHit 1135, 1228, 24.9257, 0
PixelHit 1135, 1229, 31.2909, 0
PixelHit 1135, 1230, 30.1612, 0
PixelHit 1135, 1231, 6.71504, 0
PixelHit 1135, 1232, 2.57423, 0
PixelHit 1136, 1225, 2.44474, 0
PixelHit 1136, 1226, 17.4214, 0
PixelHit 1136, 1227, 50.0494, 0
PixelHit 1136, 1228, 72.8448, 0
PixelHit 1136, 1229, 31.7254, 0
PixelHit 1136, 1230, 14.419, 0
PixelHit 1136, 1231, 3.46267, 0
PixelHit 1137, 1225, 4.5613, 0
PixelHit 1137, 1226, 56.5155, 0
PixelHit 1137, 1227, 189.668, 0
PixelHit 1137, 1228, 158.427, 0
PixelHit 1137, 1229, 49.4172, 0
PixelHit 1137, 1230, 6.46688, 0
PixelHit 1138, 1225, 13.2578, 0
PixelHit 1138, 1226, 54.0726, 0
PixelHit 1138, 1227, 176.075, 0
PixelHit 1138, 1228, 208.258, 0
PixelHit 1138, 1229, 50.822, 0
PixelHit 1138, 1230, 7.4249, 0
PixelHit 1139, 1225, 4.36123, 0
PixelHit 1139, 1226, 35.0313, 0
PixelHit 1139, 1227, 69.959, 0
PixelHit 1139, 1228, 68.1237, 0
PixelHit 1139, 1229, 31.2874, 0
PixelHit 1139, 1230, 3.61248, 0
PixelHit 1140, 1224, 3.92597, 0
PixelHit 1140, 1225, 8.92168, 0
PixelHit 1140, 1226, 10.8453, 0
PixelHit 1140, 1227, 19.9116, 0
PixelHit 1140, 1228, 4.8413, 0
PixelHit 1140, 1229, 5.24873, 0
PixelHit 1141, 1222, 0.452107, 0
PixelHit 1141, 1223, 3.50635, 0
PixelHit 1141, 1224, 5.33162, 0
PixelHit 1141, 1225, 19.3557, 0
PixelHit 1141, 1226, 13.4564, 0
PixelHit 1141, 1227, 7.40348, 0
PixelHit 1141, 1228, 2.63768, 0
PixelHit 1142, 1222, 2.64463, 0
PixelHit 1142, 1224, 7.82027, 0
PixelHit 1142, 1225, 20.2784, 0
PixelHit 1142, 1226, 6.99474, 0
PixelHit 1142, 1227, 2.79808, 0
PixelHit 1143, 1222, 4.70218, 0
PixelHit 1143, 1223, 12.2693, 0
PixelHit 1143, 1224, 14.4885, 0
PixelHit 1143, 1225, 19.8972, 0
PixelHit 1143, 1226, 3.84684, 0
PixelHit 1143, 1227, 5.51817, 0
PixelHit 1144, 1220, 1.2379, 0
PixelHit 1144, 1221, 1.69881, 0
PixelHit 1144, 1222, 13.2364, 0
PixelHit 1144, 1223, 28.6193, 0
PixelHit 1144, 1224, 24.2278, 0
PixelHit 1144, 1225, 10.3992, 0
PixelHit 1144, 1226, 4.27123, 0
PixelHit 1145, 1220, 3.34446, 0
PixelHit 1145, 1221, 7.29617, 0
PixelHit 1145, 1222, 19.03, 0
PixelHit 1145, 1223, 12.8303, 0
PixelHit 1145, 1224, 15.664, 0
PixelHit 1145, 1225, 9.37154, 0
PixelHit 1146, 1219, 3.02363, 0
PixelHit 1146, 1220, 8.73358, 0
PixelHit 1146, 1221, 11.4109, 0
PixelHit 1146, 1222, 22.0426, 0
PixelHit 1146, 1223, 21.5448, 0
PixelHit 1146, 1224, 9.91611, 0
PixelHit 1146, 1225, 4.31133, 0
PixelHit 1147, 1218, 1.49487, 0
PixelHit 1147, 1219, 2.47933, 0
PixelHit 1147, 1220, 19.1262, 0
PixelHit 1147, 1221, 43.7141, 0
PixelHit 1147, 1222, 39.8122, 0
PixelHit 1147, 1223, 33.1977, 0
PixelHit 1147, 1224, 6.90746, 0
PixelHit 1147, 1225, 2.27148, 0
PixelHit 1148, 1218, 3.29994, 0
PixelHit 1148, 1219, 7.12033, 0
PixelHit 1148, 1220, 26.7497, 0
PixelHit 1148, 1221, 45.556, 0
PixelHit 1148, 1222, 35.7217, 0
PixelHit 1148, 1223, 19.0422, 0
PixelHit 1148, 1224, 5.26946, 0
PixelHit 1149, 1217, 2.43097, 0
PixelHit 1149, 1218, 0.672475, 0
PixelHit 1149, 1219, 16.1479, 0
PixelHit 1149, 1220, 32.4908, 0
PixelHit 1149, 1221, 43.2674, 0
PixelHit 1149, 1222, 25.3089, 0
PixelHit 1149, 1223, 12.6653, 0
PixelHit 1150, 1216, 1.16696, 0
PixelHit 1150, 1217, 5.32835, 0
PixelHit 1150, 1218, 4.76932, 0
PixelHit 1150, 1219, 16.227, 0
PixelHit 1150, 1220, 22.8074, 0
PixelHit 1150, 1221, 21.3386, 0
PixelHit 1150, 1222, 8.96894, 0
PixelHit 1150, 1223, 2.89567, 0
PixelHit 1151, 1216, 3.14404, 0
PixelHit 1151, 1217, 6.16501, 0
PixelHit 1151, 1218, 20.7867, 0
PixelHit 1151, 1219, 25.8895, 0
PixelHit 1151, 1220, 15.9045, 0
PixelHit 1151, 1221, 11.2053, 0
PixelHit 1151, 1222, 10.0145, 0
PixelHit 1152, 1216, 7.51348, 0
PixelHit 1152, 1217, 6.88915, 0
PixelHit 1152, 1218, 25.4972, 0
PixelHit 1152, 1219, 24.8019, 0
PixelHit 1152, 1220, 15.1544, 0
PixelHit 1152, 1221, 5.8687, 0
PixelHit 1152, 1222, 1.30128, 0
PixelHit 1153, 1214, 1.55076, 0
PixelHit 1153, 1215, 2.32468, 0
PixelHit 1153, 1216, 4.06881, 0
PixelHit 1153, 1217, 31.6714, 0
PixelHit 1153, 1218, 35.4256, 0
PixelHit 1153, 1219, 22.4604, 0
PixelHit 1153, 1220, 17.7222, 0
PixelHit 1153, 1221, 2.94018, 0
PixelHit 1154, 1215, 2.83773, 0
PixelHit 1154, 1216, 13.9831, 0
PixelHit 1154, 1217, 18.1698, 0
PixelHit 1154, 1218, 21.4695, 0
PixelHit 1154, 1219, 24.9308, 0
PixelHit 1154, 1220, 6.44124, 0
PixelHit 1154, 1221, 1.15278, 0
PixelHit 1155, 1215, 3.19561, 0
PixelHit 1155, 1216, 10.6623, 0
PixelHit 1155, 1217, 23.8626, 0
PixelHit 1155, 1218, 15.3611, 0
PixelHit 1155, 1219, 6.35276, 0
PixelHit 1155, 1220, 2.57666, 0
PixelHit 1156, 1215, 7.6299, 0
PixelHit 1156, 1216, 4.08512, 0
PixelHit 1156, 1217, 10.0115, 0
PixelHit 1156, 1218, 7.471, 0
PixelHit 1156, 1219, 2.03591, 0
PixelHit 1157, 1214, 2.3156, 0
PixelHit 1157, 1215, 2.59427, 0
PixelHit 1157, 1217, 2.02764, 0
PixelHit 1157, 1218, 6.39066, 0
PixelHit 1158, 1216, 2.44687, 0
PixelHit 1158, 1217, 3.73255, 0
=== 72 ===
=== 73 ===
=== 74 ===
=== 75 ===
=== 76 ===
=== 77 ===
=== 78 ===
=== 79 ===
=== 80 ===
=== 81 ===
=== 82 ===
=== 83 ===
=== 84 ===
=== 85 ===
=== 86 ===
=== 87 ===
=== 88 ===
=== 89 ===
=== 90 ===
=== 91 ===
=== 92 ===
=== 93 ===
=== 94 ===
=== 95 ===
=== 96 ===
=== 97 ===
=== 98 ===
=== 99 ===
--- mydetector ---
PixelHit 1128, 571, 6.20231, 0
PixelHit 1128, 572, 43.4004, 0
PixelHit 1129, 570, 1.34133, 0
PixelHit 1129, 571, 108.074, 0
PixelHit 1129, 572, 31.5702, 0
PixelHit 1130, 570, 2.95504, 0
PixelHit 1130, 571, 28.0118, 0
PixelHit 1130, 572, 3.49183, 0
PixelHit 1131, 570, 0.806163, 0
PixelHit 1131, 571, 6.10758, 0
PixelHit 1132, 569, 21.7163, 0
PixelHit 1132, 570, 30.5594, 0
PixelHit 1133, 569, 16.3036, 0
PixelHit 1133, 570, 10.707, 0
PixelHit 1134, 567, 1.95881, 0
PixelHit 1134, 568, 18.6163, 0
PixelHit 1134, 569, 38.2919, 0
PixelHit 1134, 570, 4.85908, 0
PixelHit 1135, 568, 18.6219, 0
PixelHit 1135, 569, 20.8332, 0
PixelHit 1136, 567, 21.2634, 0
PixelHit 1136, 568, 19.4847, 0
PixelHit 1136, 569, 1.94056, 0
PixelHit 1137, 564, 1.93535, 0
PixelHit 1137, 566, 16.0808, 0
PixelHit 1137, 567, 51.4771, 0
PixelHit 1137, 568, 31.8519, 0
PixelHit 1137, 569, 0.997889, 0
PixelHit 1138, 565, 1.48272, 0
PixelHit 1138, 566, 25.2402, 0
PixelHit 1138, 567, 68.0416, 0
PixelHit 1138, 568, 27.0309, 0
PixelHit 1139, 564, 4.48439, 0
PixelHit 1139, 565, 12.9364, 0
PixelHit 1139, 566, 21.0992, 0
PixelHit 1139, 567, 21.3011, 0
PixelHit 1139, 568, 2.67715, 0
PixelHit 1140, 564, 7.74286, 0
PixelHit 1140, 565, 37.4955, 0
PixelHit 1140, 566, 62.2716, 0
PixelHit 1140, 567, 11.4783, 0
PixelHit 1140, 569, 3.54946, 0
PixelHit 1141, 564, 8.83035, 0
PixelHit 1141, 565, 48.9601, 0
PixelHit 1141, 566, 45.0159, 0
PixelHit 1141, 567, 7.43124, 0
PixelHit 1142, 563, 5.00036, 0
PixelHit 1142, 564, 20.9842, 0
PixelHit 1142, 565, 43.2652, 0
PixelHit 1142, 566, 6.5756, 0
PixelHit 1143, 562, 2.81488, 0
PixelHit 1143, 563, 20.8839, 0
PixelHit 1143, 564, 38.8988, 0
PixelHit 1143, 565, 27.4404, 0
PixelHit 1143, 566, 3.82322, 0
PixelHit 1144, 562, 1.49984, 0
PixelHit 1144, 563, 31.3498, 0
PixelHit 1144, 564, 28.7695, 0
PixelHit 1144, 565, 14.2108, 0
PixelHit 1144, 566, 2.77532, 0
PixelHit 1145, 562, 18.8237, 0
PixelHit 1145, 563, 41.4991, 0
PixelHit 1145, 564, 26.8773, 0
PixelHit 1145, 565, 10.6738, 0
PixelHit 1145, 566, 0.883443, 0
PixelHit 1146, 561, 5.86839, 0
PixelHit 1146, 562, 10.8435, 0
PixelHit 1146, 563, 38.5966, 0
PixelHit 1146, 564, 11.7943, 0
PixelHit 1146, 565, 3.33072, 0
PixelHit 1147, 561, 9.33973, 0
PixelHit 1147, 562, 11.9651, 0
PixelHit 1147, 563, 8.08181, 0
PixelHit 1147, 564, 2.11485, 0
PixelHit 1147, 565, 3.46297, 0
PixelHit 1148, 560, 8.6443, 0
PixelHit 1148, 561, 15.364, 0
PixelHit 1148, 562, 21.0613, 0
PixelHit 1148, 563, 8.17242, 0
PixelHit 1148, 564, 2.23583, 0
PixelHit 1149, 559, 4.894, 0
PixelHit 1149, 560, 27.5367, 0
PixelHit 1149, 561, 30.2369, 0
PixelHit 1149, 562, 21.6949, 0
PixelHit 1149, 563, 6.00338, 0
PixelHit 1150, 558, 2.14235, 0
PixelHit 1150, 559, 6.28307, 0
PixelHit 1150, 560, 15.3948, 0
PixelHit 1150, 561, 36.1617, 0
PixelHit 1150, 562, 24.2507, 0
PixelHit 1151, 559, 5.69003, 0
PixelHit 1151, 560, 27.7984, 0
PixelHit 1151, 561, 18.8092, 0
PixelHit 1151, 562, 4.36661, 0
PixelHit 1152, 558, 2.76892, 0
PixelHit 1152, 559, 5.68237, 0
PixelHit 1152, 560, 18.6257, 0
PixelHit 1152, 561, 15.1115, 0
PixelHit 1152, 562, 1.97986, 0
PixelHit 1153, 557, 1.95273, 0
PixelHit 1153, 558, 4.25702, 0
PixelHit 1153, 559, 8.93496, 0
PixelHit 1153, 560, 8.10765, 0
PixelHit 1153, 561, 5.68211, 0
PixelHit 1154, 556, 4.06348, 0
PixelHit 1154, 557, 12.6645, 0
PixelHit 1154, 558, 16.2588, 0
PixelHit 1154, 559, 10.639, 0
PixelHit 1154, 560, 7.15484, 0
PixelHit 1155, 556, 5.49446, 0
PixelHit 1155, 557, 24.4013, 0
PixelHit 1155, 558, 34.7353, 0
PixelHit 1155, 559, 14.6563, 0
PixelHit 1155, 560, 3.82201, 0
PixelHit 1156, 555, 1.73535, 0
PixelHit 1156, 556, 7.71786, 0
PixelHit 1156, 557, 29.1252, 0
PixelHit 1156, 558, 36.6397, 0
PixelHit 1156, 559, 22.9893, 0
PixelHit 1156, 560, 2.23351, 0
PixelHit 1157, 555, 2.67105, 0
PixelHit 1157, 556, 11.8661, 0
PixelHit 1157, 557, 23.6786, 0
PixelHit 1157, 558, 22.8191, 0
PixelHit 1157, 559, 16.3979, 0
PixelHit 1158, 553, 0.15621, 0
PixelHit 1158, 555, 7.16202, 0
PixelHit 1158, 556, 13.4182, 0
PixelHit 1158, 557, 18.42, 0
PixelHit 1158, 558, 9.89968, 0
PixelHit 1158, 559, 4.24959, 0
PixelHit 1159, 554, 5.42428, 0
PixelHit 1159, 555, 9.13509, 0
PixelHit 1159, 556, 12.6259, 0
PixelHit 1159, 557, 10.1886, 0
PixelHit 1159, 558, 2.70362, 0
PixelHit 1160, 553, 3.53178, 0
PixelHit 1160, 554, 6.56375, 0
PixelHit 1160, 555, 22.4224, 0
PixelHit 1160, 556, 9.03883, 0
PixelHit 1160, 557, 9.56657, 0
PixelHit 1160, 558, 2.6889, 0
PixelHit 1161, 553, 2.17299, 0
PixelHit 1161, 554, 10.7932, 0
PixelHit 1161, 555, 24.7566, 0
PixelHit 1161, 556, 10.7148, 0
PixelHit 1161, 557, 2.89348, 0
PixelHit 1162, 552, 3.09922, 0
PixelHit 1162, 553, 13.4339, 0
PixelHit 1162, 554, 30.5289, 0
PixelHit 1162, 555, 28.8617, 0
PixelHit 1162, 556, 15.8928, 0
PixelHit 1162, 557, 3.55225, 0
PixelHit 1163, 552, 4.25573, 0
PixelHit 1163, 553, 21.7701, 0
PixelHit 1163, 554, 41.675, 0
PixelHit 1163, 555, 25.581, 0
PixelHit 1163, 556, 6.80927, 0
PixelHit 1163, 557, 1.22732, 0
PixelHit 1164, 551, 4.57894, 0
PixelHit 1164, 552, 7.35569, 0
PixelHit 1164, 553, 25.7531, 0
PixelHit 1164, 554, 17.4237, 0
PixelHit 1164, 555, 17.6482, 0
PixelHit 1164, 556, 3.26732, 0
PixelHit 1164, 557, 4.21338, 0
PixelHit 1164, 558, 0.868452, 0
PixelHit 1165, 550, 6.80503, 0
PixelHit 1165, 551, 4.33203, 0
PixelHit 1165, 552, 14.4518, 0
PixelHit 1165, 553, 22.9804, 0
PixelHit 1165, 554, 27.8468, 0
PixelHit 1165, 555, 12.1968, 0
PixelHit 1166, 550, 5.34004, 0
PixelHit 1166, 551, 7.5643, 0
PixelHit 1166, 552, 27.7471, 0
PixelHit 1166, 553, 24.4361, 0
PixelHit 1166, 554, 17.3488, 0
PixelHit 1166, 555, 7.33177, 0
PixelHit 1166, 556, 1.82927, 0
PixelHit 1167, 549, 2.91327, 0
PixelHit 1167, 550, 2.59512, 0
PixelHit 1167, 551, 15.5805, 0
PixelHit 1167, 552, 20.6861, 0
PixelHit 1167, 553, 18.3896, 0
PixelHit 1167, 554, 12.7732, 0
PixelHit 1167, 555, 3.93628, 0
PixelHit 1167, 556, 0.91712, 0
PixelHit 1168, 549, 2.88945, 0
PixelHit 1168, 550, 0.821308, 0
PixelHit 1168, 551, 12.8845, 0
PixelHit 1168, 552, 21.3988, 0
PixelHit 1168, 553, 11.0017, 0
PixelHit 1168, 554, 2.88991, 0
PixelHit 1168, 555, 1.04864, 0
PixelHit 1169, 549, 1.43722, 0
PixelHit 1169, 550, 1.83668, 0
PixelHit 1169, 551, 8.7907, 0
PixelHit 1169, 552, 7.20535, 0
PixelHit 1169, 553, 5.33685, 0
PixelHit 1169, 554, 3.11968, 0
PixelHit 1170, 551, 4.00475, 0
PixelHit 1170, 552, 2.87909, 0
PixelHit 1172, 550, 2.52859, 0
=== 100 ===
# 839 objects from 4 messages
