# Allpix Squared ASCII data - https://cern.ch/allpix-squared

=== 1 ===
=== 2 ===
=== 3 ===
=== 4 ===
=== 5 ===
=== 6 ===
=== 7 ===
=== 8 ===
=== 9 ===
=== 10 ===
=== 11 ===
=== 12 ===
=== 13 ===
=== 14 ===
=== 15 ===
=== 16 ===
=== 17 ===
=== 18 ===
=== 19 ===
=== 20 ===
=== 21 ===
=== 22 ===
=== 23 ===
=== 24 ===
=== 25 ===
=== 26 ===
=== 27 ===
=== 28 ===
=== 29 ===
=== 30 ===
=== 31 ===
=== 32 ===
=== 33 ===
=== 34 ===
=== 35 ===
=== 36 ===
=== 37 ===
=== 38 ===
=== 39 ===
=== 40 ===
=== 41 ===
=== 42 ===
--- mydetector ---
PixelHit 2189, 1943, 1.01971, 0
PixelHit 2190, 1941, 5.61906, 0
PixelHit 2190, 1942, 8.14843, 0
PixelHit 2190, 1943, 2.04536, 0
PixelHit 2191, 1940, 6.83468, 0
PixelHit 2191, 1941, 47.0989, 0
PixelHit 2191, 1942, 38.7588, 0
PixelHit 2191, 1943, 5.12636, 0
PixelHit 2192, 1940, 14.9274, 0
PixelHit 2192, 1941, 52.8306, 0
PixelHit 2192, 1942, 28.2874, 0
PixelHit 2192, 1943, 3.95165, 0
PixelHit 2193, 1937, 0.869887, 0
PixelHit 2193, 1938, 16.1483, 0
PixelHit 2193, 1939, 23.6613, 0
PixelHit 2193, 1940, 15.0565, 0
PixelHit 2193, 1941, 10.8024, 0
PixelHit 2193, 1942, 3.35338, 0
PixelHit 2194, 1936, 1.01434, 0
PixelHit 2194, 1937, 20.3822, 0
PixelHit 2194, 1938, 49.1826, 0
PixelHit 2194, 1939, 37.3915, 0
PixelHit 2194, 1940, 14.3012, 0
PixelHit 2195, 1936, 2.37512, 0
PixelHit 2195, 1937, 54.1214, 0
PixelHit 2195, 1938, 60.1785, 0
PixelHit 2195, 1939, 27.9354, 0
PixelHit 2195, 1940, 2.83557, 0
PixelHit 2196, 1935, 3.72769, 0
PixelHit 2196, 1936, 8.93967, 0
PixelHit 2196, 1937, 17.8576, 0
PixelHit 2196, 1938, 23.2108, 0
PixelHit 2196, 1939, 5.9833, 0
PixelHit 2197, 1934, 12.8374, 0
PixelHit 2197, 1935, 17.5289, 0
PixelHit 2197, 1936, 18.7244, 0
PixelHit 2197, 1937, 3.31194, 0
PixelHit 2197, 1938, 2.05254, 0
PixelHit 2198, 1932, 2.17521, 0
PixelHit 2198, 1933, 6.30277, 0
PixelHit 2198, 1934, 20.3381, 0
PixelHit 2198, 1935, 18.6378, 0
PixelHit 2198, 1936, 5.3133, 0
PixelHit 2199, 1931, 3.04069, 0
PixelHit 2199, 1932, 13.2045, 0
PixelHit 2199, 1933, 15.5797, 0
PixelHit 2199, 1934, 24.9028, 0
PixelHit 2199, 1935, 14.8896, 0
PixelHit 2199, 1936, 2.82233, 0
PixelHit 2199, 1937, 1.56813, 0
PixelHit 2200, 1931, 26.1794, 0
PixelHit 2200, 1932, 20.0269, 0
PixelHit 2200, 1933, 26.7792, 0
PixelHit 2200, 1934, 15.5009, 0
PixelHit 2201, 1928, 1.15108, 0
PixelHit 2201, 1929, 3.44298, 0
PixelHit 2201, 1930, 8.09474, 0
PixelHit 2201, 1931, 17.3305, 0
PixelHit 2201, 1932, 24.9758, 0
PixelHit 2201, 1933, 21.385, 0
PixelHit 2201, 1934, 5.04397, 0
PixelHit 2202, 1928, 2.23667, 0
PixelHit 2202, 1929, 18.1868, 0
PixelHit 2202, 1930, 18.5628, 0
PixelHit 2202, 1931, 16.3562, 0
PixelHit 2202, 1932, 8.94946, 0
PixelHit 2202, 1934, 4.75916, 0
PixelHit 2203, 1928, 7.87597, 0
PixelHit 2203, 1929, 12.6656, 0
PixelHit 2203, 1930, 30.9179, 0
PixelHit 2203, 1931, 7.86938, 0
PixelHit 2204, 1928, 13.6884, 0
PixelHit 2204, 1929, 22.0075, 0
PixelHit 2204, 1930, 10.9337, 0
PixelHit 2204, 1931, 3.04363, 0
PixelHit 2205, 1925, 2.81439, 0
PixelHit 2205, 1926, 2.56079, 0
PixelHit 2205, 1927, 3.13461, 0
PixelHit 2205, 1928, 10.194, 0
PixelHit 2205, 1929, 7.12891, 0
PixelHit 2206, 1924, 3.32705, 0
PixelHit 2206, 1925, 6.89525, 0
PixelHit 2206, 1926, 9.73638, 0
PixelHit 2206, 1927, 4.94905, 0
PixelHit 2206, 1928, 6.15156, 0
PixelHit 2206, 1930, 1.57467, 0
PixelHit 2207, 1923, 1.67125, 0
PixelHit 2207, 1924, 10.4377, 0
PixelHit 2207, 1925, 11.9895, 0
PixelHit 2207, 1926, 8.30794, 0
PixelHit 2207, 1927, 2.23851, 0
PixelHit 2208, 1922, 9.15937, 0
PixelHit 2208, 1923, 16.4872, 0
PixelHit 2208, 1924, 28.9437, 0
PixelHit 2208, 1925, 17.855, 0
PixelHit 2208, 1926, 8.11315, 0
PixelHit 2208, 1927, 3.21296, 0
PixelHit 2209, 1920, 2.28697, 0
PixelHit 2209, 1921, 6.63078, 0
PixelHit 2209, 1922, 22.2942, 0
PixelHit 2209, 1923, 28.9853, 0
PixelHit 2209, 1924, 25.3529, 0
PixelHit 2209, 1925, 14.2018, 0
PixelHit 2209, 1926, 5.00354, 0
PixelHit 2210, 1918, 2.26843, 0
PixelHit 2210, 1919, 5.33378, 0
PixelHit 2210, 1920, 13.0346, 0
PixelHit 2210, 1921, 20.7919, 0
PixelHit 2210, 1922, 28.5633, 0
PixelHit 2210, 1923, 37.6582, 0
PixelHit 2210, 1924, 13.295, 0
PixelHit 2210, 1925, 2.9605, 0
PixelHit 2211, 1918, 3.06222, 0
PixelHit 2211, 1919, 31.2977, 0
PixelHit 2211, 1920, 58.1554, 0
PixelHit 2211, 1921, 51.751, 0
PixelHit 2211, 1922, 28.6265, 0
PixelHit 2211, 1923, 16.7832, 0
PixelHit 2211, 1924, 10.0037, 0
PixelHit 2212, 1917, 7.37205, 0
PixelHit 2212, 1918, 12.653, 0
PixelHit 2212, 1919, 43.2933, 0
PixelHit 2212, 1920, 79.8139, 0
PixelHit 2212, 1921, 91.8081, 0
PixelHit 2212, 1922, 41.5035, 0
PixelHit 2212, 1923, 3.91923, 0
PixelHit 2213, 1916, 3.50274, 0
PixelHit 2213, 1917, 15.6131, 0
PixelHit 2213, 1918, 27.1053, 0
PixelHit 2213, 1919, 46.6512, 0
PixelHit 2213, 1920, 64.1283, 0
PixelHit 2213, 1921, 44.2665, 0
PixelHit 2213, 1922, 8.80169, 0
PixelHit 2213, 1923, 3.50675, 0
PixelHit 2214, 1915, 1.34901, 0
PixelHit 2214, 1916, 10.3163, 0
PixelHit 2214, 1917, 29.6562, 0
PixelHit 2214, 1918, 48.4629, 0
PixelHit 2214, 1919, 47.2361, 0
PixelHit 2214, 1920, 22.0667, 0
PixelHit 2214, 1921, 11.5034, 0
PixelHit 2214, 1922, 2.09758, 0
PixelHit 2215, 1913, 1.63668, 0
PixelHit 2215, 1915, 8.40769, 0
PixelHit 2215, 1916, 23.966, 0
PixelHit 2215, 1917, 36.9893, 0
PixelHit 2215, 1918, 40.6822, 0
PixelHit 2215, 1919, 18.3746, 0
PixelHit 2215, 1920, 4.61187, 0
PixelHit 2216, 1911, 1.6535, 0
PixelHit 2216, 1914, 7.87511, 0
PixelHit 2216, 1915, 26.4256, 0
PixelHit 2216, 1916, 33.1052, 0
PixelHit 2216, 1917, 30.9126, 0
PixelHit 2216, 1918, 22.6245, 0
PixelHit 2216, 1919, 4.02272, 0
PixelHit 2217, 1912, 4.69683, 0
PixelHit 2217, 1913, 7.70673, 0
PixelHit 2217, 1914, 17.8208, 0
PixelHit 2217, 1915, 46.9008, 0
PixelHit 2217, 1916, 22.7043, 0
PixelHit 2217, 1917, 13.7687, 0
PixelHit 2217, 1918, 4.36568, 0
PixelHit 2218, 1911, 3.69118, 0
PixelHit 2218, 1912, 15.1323, 0
PixelHit 2218, 1913, 23.4018, 0
PixelHit 2218, 1914, 36.7127, 0
PixelHit 2218, 1915, 21.9077, 0
PixelHit 2218, 1916, 15.6692, 0
PixelHit 2218, 1917, 4.08527, 0
PixelHit 2219, 1910, 5.53946, 0
PixelHit 2219, 1911, 10.3471, 0
PixelHit 2219, 1912, 23.7461, 0
PixelHit 2219, 1913, 38.3999, 0
PixelHit 2219, 1914, 33.58, 0
PixelHit 2219, 1915, 11.1035, 0
PixelHit 2219, 1916, 0.964131, 0
PixelHit 2220, 1909, 4.57601, 0
PixelHit 2220, 1910, 11.8113, 0
PixelHit 2220, 1911, 12.5925, 0
PixelHit 2220, 1912, 30.7487, 0
PixelHit 2220, 1913, 25.5058, 0
PixelHit 2220, 1914, 24.7888, 0
PixelHit 2220, 1915, 5.24837, 0
PixelHit 2221, 1909, 4.03661, 0
PixelHit 2221, 1910, 10.3673, 0
PixelHit 2221, 1911, 24.4642, 0
PixelHit 2221, 1912, 23.4707, 0
PixelHit 2221, 1913, 12.7612, 0
PixelHit 2221, 1914, 8.81809, 0
PixelHit 2221, 1915, 4.31855, 0
PixelHit 2222, 1908, 5.63649, 0
PixelHit 2222, 1909, 5.47613, 0
PixelHit 2222, 1910, 18.1616, 0
PixelHit 2222, 1911, 19.7706, 0
PixelHit 2222, 1912, 19.2799, 0
PixelHit 2222, 1913, 4.0758, 0
PixelHit 2222, 1914, 3.00341, 0
PixelHit 2223, 1906, 3.65731, 0
PixelHit 2223, 1907, 4.77853, 0
PixelHit 2223, 1908, 4.49837, 0
PixelHit 2223, 1909, 6.68967, 0
PixelHit 2223, 1910, 7.84429, 0
PixelHit 2223, 1911, 9.73995, 0
PixelHit 2223, 1912, 3.30929, 0
PixelHit 2223, 1913, 1.87142, 0
PixelHit 2224, 1905, 1.73524, 0
PixelHit 2224, 1906, 4.36322, 0
PixelHit 2224, 1907, 9.87178, 0
PixelHit 2224, 1908, 20.7116, 0
PixelHit 2224, 1909, 3.51128, 0
PixelHit 2224, 1910, 9.09252, 0
PixelHit 2224, 1911, 2.94806, 0
PixelHit 2225, 1904, 2.37118, 0
PixelHit 2225, 1905, 8.19198, 0
PixelHit 2225, 1906, 7.90361, 0
PixelHit 2225, 1907, 23.9681, 0
PixelHit 2225, 1908, 13.0502, 0
PixelHit 2225, 1909, 5.53597, 0
PixelHit 2225, 1910, 2.36506, 0
PixelHit 2225, 1912, 1.85269, 0
PixelHit 2226, 1902, 5.99048, 0
PixelHit 2226, 1903, 4.44702, 0
PixelHit 2226, 1904, 7.89485, 0
PixelHit 2226, 1905, 16.0667, 0
PixelHit 2226, 1906, 8.43053, 0
PixelHit 2226, 1907, 10.223, 0
PixelHit 2226, 1908, 3.61733, 0
PixelHit 2226, 1909, 2.68639, 0
PixelHit 2227, 1903, 7.48015, 0
PixelHit 2227, 1904, 9.15365, 0
PixelHit 2227, 1905, 14.8228, 0
PixelHit 2227, 1906, 7.76615, 0
PixelHit 2227, 1908, 2.98282, 0
PixelHit 2228, 1901, 7.68634, 0
PixelHit 2228, 1902, 2.29814, 0
PixelHit 2228, 1903, 12.106, 0
PixelHit 2228, 1904, 16.7975, 0
PixelHit 2228, 1905, 14.2183, 0
PixelHit 2228, 1906, 8.58576, 0
PixelHit 2228, 1907, 1.65906, 0
PixelHit 2229, 1899, 3.97349, 0
PixelHit 2229, 1901, 11.2991, 0
PixelHit 2229, 1902, 15.6126, 0
PixelHit 2229, 1903, 9.62411, 0
PixelHit 2229, 1904, 5.74753, 0
PixelHit 2229, 1905, 8.73471, 0
PixelHit 2229, 1906, 4.71548, 0
PixelHit 2230, 1898, 2.81584, 0
PixelHit 2230, 1899, 1.70993, 0
PixelHit 2230, 1900, 6.3592, 0
PixelHit 2230, 1901, 10.9375, 0
PixelHit 2230, 1902, 13.4836, 0
PixelHit 2230, 1903, 5.32066, 0
PixelHit 2231, 1897, 2.78733, 0
PixelHit 2231, 1898, 5.3211, 0
PixelHit 2231, 1899, 7.77959, 0
PixelHit 2231, 1900, 16.9269, 0
PixelHit 2231, 1901, 5.321, 0
PixelHit 2231, 1902, 17.0229, 0
PixelHit 2231, 1903, 9.82399, 0
PixelHit 2231, 1904, 2.52509, 0
PixelHit 2232, 1895, 2.14696, 0
PixelHit 2232, 1896, 2.10685, 0
PixelHit 2232, 1897, 1.17854, 0
PixelHit 2232, 1898, 2.70716, 0
PixelHit 2232, 1899, 20.9823, 0
PixelHit 2232, 1900, 11.6461, 0
PixelHit 2232, 1901, 8.52397, 0
PixelHit 2232, 1902, 6.14604, 0
PixelHit 2232, 1903, 2.85529, 0
PixelHit 2233, 1894, 2.65628, 0
PixelHit 2233, 1895, 1.57793, 0
PixelHit 2233, 1896, 7.52126, 0
PixelHit 2233, 1897, 11.0767, 0
PixelHit 2233, 1898, 14.1506, 0
PixelHit 2233, 1899, 21.165, 0
PixelHit 2233, 1900, 17.3046, 0
PixelHit 2233, 1901, 4.57939, 0
PixelHit 2233, 1902, 3.21546, 0
PixelHit 2234, 1894, 4.51399, 0
PixelHit 2234, 1895, 8.20696, 0
PixelHit 2234, 1896, 13.5433, 0
PixelHit 2234, 1897, 14.4311, 0
PixelHit 2234, 1898, 18.9755, 0
PixelHit 2234, 1899, 6.03694, 0
PixelHit 2234, 1900, 4.29689, 0
PixelHit 2234, 1901, 4.38054, 0
PixelHit 2235, 1893, 2.8599, 0
PixelHit 2235, 1894, 5.16726, 0
PixelHit 2235, 1895, 16.2893, 0
PixelHit 2235, 1896, 24.5036, 0
PixelHit 2235, 1897, 21.4127, 0
PixelHit 2235, 1898, 22.6581, 0
PixelHit 2235, 1899, 7.04594, 0
PixelHit 2235, 1900, 7.31833, 0
PixelHit 2235, 1901, 2.75038, 0
PixelHit 2236, 1893, 8.75823, 0
PixelHit 2236, 1894, 16.7787, 0
PixelHit 2236, 1895, 25.4521, 0
PixelHit 2236, 1896, 28.0025, 0
PixelHit 2236, 1897, 21.4922, 0
PixelHit 2236, 1898, 9.73436, 0
PixelHit 2236, 1899, 4.32483, 0
PixelHit 2237, 1892, 4.34312, 0
PixelHit 2237, 1893, 19.6469, 0
PixelHit 2237, 1894, 22.731, 0
PixelHit 2237, 1895, 36.2042, 0
PixelHit 2237, 1896, 14.9754, 0
PixelHit 2237, 1897, 19.7681, 0
PixelHit 2237, 1899, 0.2453, 0
PixelHit 2238, 1892, 1.84192, 0
PixelHit 2238, 1893, 16.2026, 0
PixelHit 2238, 1894, 24.0372, 0
PixelHit 2238, 1895, 21.1715, 0
PixelHit 2238, 1896, 15.6962, 0
PixelHit 2238, 1897, 6.36502, 0
PixelHit 2239, 1892, 4.96748, 0
PixelHit 2239, 1893, 7.48593, 0
PixelHit 2239, 1894, 14.4774, 0
PixelHit 2239, 1895, 8.75107, 0
PixelHit 2239, 1896, 3.67514, 0
PixelHit 2239, 1898, 1.03415, 0
PixelHit 2240, 1893, 3.69583, 0
PixelHit 2241, 1894, 2.57667, 0
PixelHit 2241, 1895, 1.26799, 0
=== 43 ===
=== 44 ===
=== 45 ===
=== 46 ===
=== 47 ===
=== 48 ===
=== 49 ===
=== 50 ===
=== 51 ===
=== 52 ===
=== 53 ===
=== 54 ===
=== 55 ===
=== 56 ===
=== 57 ===
=== 58 ===
=== 59 ===
=== 60 ===
=== 61 ===
=== 62 ===
=== 63 ===
=== 64 ===
=== 65 ===
=== 66 ===
=== 67 ===
=== 68 ===
=== 69 ===
=== 70 ===
=== 71 ===
=== 72 ===
=== 73 ===
=== 74 ===
=== 75 ===
=== 76 ===
=== 77 ===
=== 78 ===
--- mydetector ---
PixelHit 1297, 1038, 2.5426, 0
PixelHit 1297, 1039, 84.2831, 0
PixelHit 1297, 1040, 38.2846, 0
PixelHit 1298, 1039, 73.6843, 0
PixelHit 1298, 1040, 16.4089, 0
PixelHit 1299, 1037, 68.5054, 0
PixelHit 1299, 1038, 166.082, 0
PixelHit 1300, 1036, 2.14545, 0
PixelHit 1300, 1037, 36.981, 0
PixelHit 1300, 1038, 60.2242, 0
PixelHit 1301, 1035, 7.05192, 0
PixelHit 1301, 1036, 13.2777, 0
PixelHit 1301, 1037, 1.48244, 0
PixelHit 1302, 1033, 1.52076, 0
PixelHit 1302, 1034, 4.72083, 0
PixelHit 1302, 1035, 48.7751, 0
PixelHit 1302, 1036, 22.9761, 0
PixelHit 1303, 1033, 2.23607, 0
PixelHit 1303, 1034, 14.2598, 0
PixelHit 1303, 1035, 25.9817, 0
PixelHit 1303, 1036, 2.20746, 0
PixelHit 1304, 1032, 3.0987, 0
PixelHit 1304, 1033, 29.7364, 0
PixelHit 1304, 1034, 22.5935, 0
PixelHit 1304, 1035, 1.46097, 0
PixelHit 1305, 1031, 1.92158, 0
PixelHit 1305, 1032, 26.3381, 0
PixelHit 1305, 1033, 44.1905, 0
PixelHit 1305, 1034, 3.35544, 0
PixelHit 1306, 1030, 4.87318, 0
PixelHit 1306, 1031, 33.7999, 0
PixelHit 1306, 1032, 53.1376, 0
PixelHit 1306, 1033, 12.86, 0
PixelHit 1307, 1030, 13.0338, 0
PixelHit 1307, 1031, 82.9922, 0
PixelHit 1307, 1032, 40.0675, 0
PixelHit 1308, 1028, 1.75746, 0
PixelHit 1308, 1029, 5.0857, 0
PixelHit 1308, 1030, 28.0137, 0
PixelHit 1308, 1031, 26.167, 0
PixelHit 1308, 1032, 3.28659, 0
PixelHit 1309, 1028, 8.31206, 0
PixelHit 1309, 1029, 19.5282, 0
PixelHit 1309, 1030, 8.52552, 0
PixelHit 1310, 1027, 21.5875, 0
PixelHit 1310, 1028, 34.0191, 0
PixelHit 1310, 1029, 20.7398, 0
PixelHit 1310, 1030, 1.38735, 0
PixelHit 1311, 1026, 9.08801, 0
PixelHit 1311, 1027, 59.9627, 0
PixelHit 1311, 1028, 83.8607, 0
PixelHit 1311, 1029, 12.0569, 0
PixelHit 1312, 1025, 8.67428, 0
PixelHit 1312, 1026, 13.8712, 0
PixelHit 1312, 1027, 21.2664, 0
PixelHit 1312, 1028, 10.3209, 0
PixelHit 1313, 1025, 23.5835, 0
PixelHit 1313, 1026, 20.3658, 0
PixelHit 1313, 1027, 7.70146, 0
PixelHit 1314, 1022, 2.77425, 0
PixelHit 1314, 1024, 6.22588, 0
PixelHit 1314, 1025, 11.7115, 0
PixelHit 1314, 1026, 10.9848, 0
PixelHit 1315, 1022, 6.85809, 0
PixelHit 1315, 1023, 7.36203, 0
PixelHit 1315, 1024, 6.04454, 0
PixelHit 1315, 1025, 2.32283, 0
PixelHit 1315, 1026, -0.0516958, 0
PixelHit 1316, 1021, 3.39921, 0
PixelHit 1316, 1022, 13.5684, 0
PixelHit 1316, 1023, 25.8976, 0
PixelHit 1316, 1024, 7.64509, 0
PixelHit 1316, 1025, 1.97087, 0
PixelHit 1317, 1020, 10.734, 0
PixelHit 1317, 1021, 39.323, 0
PixelHit 1317, 1022, 40.0734, 0
PixelHit 1317, 1023, 28.334, 0
PixelHit 1317, 1024, 6.42921, 0
PixelHit 1317, 1025, 2.04581, 0
PixelHit 1318, 1019, 11.3591, 0
PixelHit 1318, 1020, 44.8226, 0
PixelHit 1318, 1021, 105.133, 0
PixelHit 1318, 1022, 65.3, 0
PixelHit 1318, 1023, 11.7935, 0
PixelHit 1318, 1024, 1.51766, 0
PixelHit 1319, 1018, 3.1375, 0
PixelHit 1319, 1019, 6.41191, 0
PixelHit 1319, 1020, 59.6526, 0
PixelHit 1319, 1021, 93.6242, 0
PixelHit 1319, 1022, 31.8947, 0
PixelHit 1320, 1017, 0.311861, 0
PixelHit 1320, 1018, 8.60068, 0
PixelHit 1320, 1019, 15.391, 0
PixelHit 1320, 1020, 22.4774, 0
PixelHit 1320, 1021, 16.9223, 0
PixelHit 1320, 1022, 5.92308, 0
PixelHit 1321, 1016, 2.04782, 0
PixelHit 1321, 1017, 12.181, 0
PixelHit 1321, 1018, 18.7144, 0
PixelHit 1321, 1019, 22.1857, 0
PixelHit 1321, 1020, 7.25201, 0
PixelHit 1321, 1021, 2.97592, 0
PixelHit 1322, 1014, 2.15717, 0
PixelHit 1322, 1015, 4.74535, 0
PixelHit 1322, 1016, 26.1578, 0
PixelHit 1322, 1017, 62.4614, 0
PixelHit 1322, 1018, 55.5656, 0
PixelHit 1322, 1019, 10.7262, 0
PixelHit 1322, 1020, 7.88491, 0
PixelHit 1323, 1015, 8.8679, 0
PixelHit 1323, 1016, 55.0766, 0
PixelHit 1323, 1017, 106.445, 0
PixelHit 1323, 1018, 60.1979, 0
PixelHit 1323, 1019, 8.4052, 0
PixelHit 1324, 1013, 1.63934, 0
PixelHit 1324, 1015, 15.2513, 0
PixelHit 1324, 1016, 41.0705, 0
PixelHit 1324, 1017, 47.5878, 0
PixelHit 1324, 1018, 19.9279, 0
PixelHit 1324, 1019, 3.30671, 0
PixelHit 1325, 1012, 2.14068, 0
PixelHit 1325, 1013, 4.71327, 0
PixelHit 1325, 1014, 8.38769, 0
PixelHit 1325, 1015, 10.967, 0
PixelHit 1325, 1016, 11.3409, 0
PixelHit 1325, 1017, 11.2097, 0
PixelHit 1325, 1018, 4.81389, 0
PixelHit 1326, 1012, 3.78962, 0
PixelHit 1326, 1013, 20.8112, 0
PixelHit 1326, 1014, 27.7684, 0
PixelHit 1326, 1015, 14.1677, 0
PixelHit 1326, 1016, 2.18878, 0
PixelHit 1326, 1017, 0.671248, 0
PixelHit 1326, 1018, 0.980855, 0
PixelHit 1327, 1010, 0.57659, 0
PixelHit 1327, 1011, 4.32313, 0
PixelHit 1327, 1012, 12.53, 0
PixelHit 1327, 1013, 37.1146, 0
PixelHit 1327, 1014, 32.0446, 0
PixelHit 1327, 1015, 16.7702, 0
PixelHit 1328, 1010, 2.18022, 0
PixelHit 1328, 1011, 17.0613, 0
PixelHit 1328, 1012, 18.7272, 0
PixelHit 1328, 1013, 24.7164, 0
PixelHit 1328, 1014, 12.6129, 0
PixelHit 1328, 1015, 2.79784, 0
PixelHit 1329, 1009, 9.2058, 0
PixelHit 1329, 1010, 14.4201, 0
PixelHit 1329, 1011, 38.6005, 0
PixelHit 1329, 1012, 25.8393, 0
PixelHit 1329, 1013, 21.6583, 0
PixelHit 1329, 1014, 5.86002, 0
PixelHit 1330, 1009, 12.198, 0
PixelHit 1330, 1010, 42.2876, 0
PixelHit 1330, 1011, 27.9357, 0
PixelHit 1330, 1012, 17.7841, 0
PixelHit 1330, 1013, 5.93052, 0
PixelHit 1330, 1014, 2.61773, 0
PixelHit 1331, 1008, 10.8754, 0
PixelHit 1331, 1009, 26.4255, 0
PixelHit 1331, 1010, 50.9421, 0
PixelHit 1331, 1011, 26.1703, 0
PixelHit 1331, 1012, 6.81089, 0
PixelHit 1332, 1006, 1.52556, 0
PixelHit 1332, 1007, 10.4014, 0
PixelHit 1332, 1008, 33.8533, 0
PixelHit 1332, 1009, 32.6385, 0
PixelHit 1332, 1010, 32.629, 0
PixelHit 1332, 1011, 16.4422, 0
PixelHit 1332, 1012, 5.53558, 0
PixelHit 1333, 1005, 3.04425, 0
PixelHit 1333, 1006, 8.48664, 0
PixelHit 1333, 1007, 20.1532, 0
PixelHit 1333, 1008, 40.9896, 0
PixelHit 1333, 1009, 25.2454, 0
PixelHit 1333, 1010, 15.0296, 0
PixelHit 1333, 1011, 5.80202, 0
PixelHit 1333, 1012, 2.45575, 0
PixelHit 1334, 1005, 3.38564, 0
PixelHit 1334, 1006, 15.8782, 0
PixelHit 1334, 1007, 25.4733, 0
PixelHit 1334, 1008, 34.5278, 0
PixelHit 1334, 1009, 19.5313, 0
PixelHit 1334, 1010, 8.11418, 0
PixelHit 1335, 1004, 14.1446, 0
PixelHit 1335, 1005, 18.7066, 0
PixelHit 1335, 1006, 15.6129, 0
PixelHit 1335, 1007, 18.5559, 0
PixelHit 1335, 1008, 10.9163, 0
PixelHit 1335, 1009, 2.23143, 0
PixelHit 1336, 1003, 15.9726, 0
PixelHit 1336, 1004, 29.9661, 0
PixelHit 1336, 1005, 36.0971, 0
PixelHit 1336, 1006, 27.6721, 0
PixelHit 1336, 1007, 10.8934, 0
PixelHit 1336, 1008, 4.40679, 0
PixelHit 1336, 1009, 1.97781, 0
PixelHit 1337, 1001, 1.8823, 0
PixelHit 1337, 1002, 1.31708, 0
PixelHit 1337, 1003, 27.9122, 0
PixelHit 1337, 1004, 65.5646, 0
PixelHit 1337, 1005, 72.1812, 0
PixelHit 1337, 1006, 27.1283, 0
PixelHit 1337, 1007, 6.43577, 0
PixelHit 1337, 1008, 2.03047, 0
PixelHit 1338, 1002, 9.2925, 0
PixelHit 1338, 1003, 35.2761, 0
PixelHit 1338, 1004, 54.256, 0
PixelHit 1338, 1005, 54.1835, 0
PixelHit 1338, 1006, 17.0445, 0
PixelHit 1338, 1007, 2.66544, 0
PixelHit 1339, 999, 0.803319, 0
PixelHit 1339, 1000, 0.95928, 0
PixelHit 1339, 1001, 15.3478, 0
PixelHit 1339, 1002, 21.4856, 0
PixelHit 1339, 1003, 26.1939, 0
PixelHit 1339, 1004, 28.3706, 0
PixelHit 1339, 1005, 14.678, 0
PixelHit 1339, 1006, 11.2501, 0
PixelHit 1340, 999, 2.15354, 0
PixelHit 1340, 1000, 8.86341, 0
PixelHit 1340, 1001, 22.8128, 0
PixelHit 1340, 1002, 28.0041, 0
PixelHit 1340, 1003, 22.1601, 0
PixelHit 1340, 1004, 9.90343, 0
PixelHit 1340, 1005, 5.90723, 0
PixelHit 1341, 999, 11.2161, 0
PixelHit 1341, 1000, 33.5937, 0
PixelHit 1341, 1001, 27.5215, 0
PixelHit 1341, 1002, 24.6813, 0
PixelHit 1341, 1003, 13.7027, 0
PixelHit 1341, 1004, 4.29078, 0
PixelHit 1342, 997, 4.49468, 0
PixelHit 1342, 998, 6.21672, 0
PixelHit 1342, 999, 19.5267, 0
PixelHit 1342, 1000, 35.5315, 0
PixelHit 1342, 1001, 19.799, 0
PixelHit 1342, 1002, 19.9429, 0
PixelHit 1342, 1003, 5.75722, 0
PixelHit 1342, 1004, 1.81781, 0
PixelHit 1343, 996, 2.76306, 0
PixelHit 1343, 997, 3.99074, 0
PixelHit 1343, 998, 21.3754, 0
PixelHit 1343, 999, 26.0793, 0
PixelHit 1343, 1000, 31.1204, 0
PixelHit 1343, 1001, 13.9776, 0
PixelHit 1343, 1002, 2.13535, 0
PixelHit 1343, 1003, 2.13478, 0
PixelHit 1344, 995, 1.32589, 0
PixelHit 1344, 996, 4.13574, 0
PixelHit 1344, 997, 10.8414, 0
PixelHit 1344, 998, 38.1859, 0
PixelHit 1344, 999, 27.7533, 0
PixelHit 1344, 1000, 23.7494, 0
PixelHit 1344, 1001, 5.40765, 0
PixelHit 1344, 1002, 1.47791, 0
PixelHit 1345, 994, 1.85055, 0
PixelHit 1345, 995, 2.72141, 0
PixelHit 1345, 996, 6.78761, 0
PixelHit 1345, 997, 11.7594, 0
PixelHit 1345, 998, 39.3527, 0
PixelHit 1345, 999, 30.8204, 0
PixelHit 1345, 1000, 8.94699, 0
PixelHit 1345, 1001, 0.241698, 0
PixelHit 1345, 1002, 1.4887, 0
PixelHit 1346, 995, 6.49329, 0
PixelHit 1346, 996, 11.5457, 0
PixelHit 1346, 997, 23.9075, 0
PixelHit 1346, 998, 14.0194, 0
PixelHit 1346, 999, 7.93127, 0
PixelHit 1346, 1000, 2.36388, 0
PixelHit 1347, 993, 1.3231, 0
PixelHit 1347, 994, 5.13559, 0
PixelHit 1347, 995, 8.21677, 0
PixelHit 1347, 996, 7.7647, 0
PixelHit 1347, 997, 5.65936, 0
PixelHit 1347, 998, 8.13282, 0
PixelHit 1347, 999, 4.90248, 0
PixelHit 1348, 991, 3.73899, 0
PixelHit 1348, 992, 1.3412, 0
PixelHit 1348, 993, 7.09222, 0
PixelHit 1348, 994, 20.9102, 0
PixelHit 1348, 995, 13.469, 0
PixelHit 1348, 996, 3.54579, 0
PixelHit 1348, 997, 2.92663, 0
PixelHit 1348, 998, 2.42022, 0
PixelHit 1349, 990, -0.136956, 0
PixelHit 1349, 991, 1.68967, 0
PixelHit 1349, 992, 11.0946, 0
PixelHit 1349, 993, 17.4869, 0
PixelHit 1349, 994, 20.6071, 0
PixelHit 1349, 995, 14.8824, 0
PixelHit 1349, 996, 5.4343, 0
PixelHit 1350, 989, 1.31421, 0
PixelHit 1350, 991, 2.93684, 0
PixelHit 1350, 992, 14.4432, 0
PixelHit 1350, 993, 13.4787, 0
PixelHit 1350, 994, 12.5882, 0
PixelHit 1350, 995, 12.7254, 0
PixelHit 1350, 996, 5.68856, 0
PixelHit 1350, 997, 1.93653, 0
PixelHit 1351, 990, 4.50108, 0
PixelHit 1351, 991, 13.6387, 0
PixelHit 1351, 992, 18.978, 0
PixelHit 1351, 993, 13.0131, 0
PixelHit 1351, 994, 13.0279, 0
PixelHit 1351, 995, 3.71691, 0
PixelHit 1351, 996, 0.965013, 0
PixelHit 1352, 989, 1.69293, 0
PixelHit 1352, 990, 5.35177, 0
PixelHit 1352, 991, 16.1404, 0
PixelHit 1352, 992, 15.0405, 0
PixelHit 1352, 993, 18.3107, 0
PixelHit 1352, 994, 7.18586, 0
PixelHit 1353, 988, 2.61659, 0
PixelHit 1353, 989, 7.1569, 0
PixelHit 1353, 990, 6.06134, 0
PixelHit 1353, 991, 10.08, 0
PixelHit 1353, 992, 16.4203, 0
PixelHit 1353, 993, 8.17013, 0
PixelHit 1353, 995, 1.20439, 0
PixelHit 1354, 986, 1.70369, 0
PixelHit 1354, 990, 6.65377, 0
PixelHit 1354, 991, 7.07063, 0
PixelHit 1354, 992, 2.92958, 0
PixelHit 1354, 993, 4.24367, 0
PixelHit 1355, 985, 3.32091, 0
PixelHit 1355, 986, 7.30548, 0
PixelHit 1355, 987, 13.412, 0
PixelHit 1355, 988, 18.5812, 0
PixelHit 1355, 989, 7.95956, 0
PixelHit 1355, 990, 5.30172, 0
PixelHit 1355, 991, 4.3451, 0
PixelHit 1356, 984, 1.72088, 0
PixelHit 1356, 986, 7.49029, 0
PixelHit 1356, 987, 28.8566, 0
PixelHit 1356, 988, 19.9379, 0
PixelHit 1356, 989, 18.8611, 0
PixelHit 1356, 990, 6.99452, 0
PixelHit 1356, 991, 2.77156, 0
PixelHit 1357, 985, 2.41284, 0
PixelHit 1357, 986, 12.4959, 0
PixelHit 1357, 987, 25.5269, 0
PixelHit 1357, 988, 21.5181, 0
PixelHit 1357, 989, 12.2817, 0
PixelHit 1357, 990, 4.05315, 0
PixelHit 1358, 983, 3.29264, 0
PixelHit 1358, 984, 4.70409, 0
PixelHit 1358, 985, 8.90078, 0
PixelHit 1358, 986, 11.729, 0
PixelHit 1358, 987, 13.7804, 0
PixelHit 1358, 988, 14.2499, 0
PixelHit 1358, 989, 7.05665, 0
PixelHit 1358, 991, 1.1035, 0
PixelHit 1359, 985, 6.33929, 0
PixelHit 1359, 986, 5.47914, 0
PixelHit 1359, 987, 9.44048, 0
PixelHit 1359, 988, 5.47016, 0
PixelHit 1360, 984, 2.4186, 0
PixelHit 1360, 985, 7.03952, 0
PixelHit 1360, 988, 1.29429, 0
PixelHit 1361, 985, 3.8218, 0
PixelHit 1361, 986, 2.20367, 0
PixelHit 1362, 984, 2.32012, 0
=== 79 ===
=== 80 ===
=== 81 ===
=== 82 ===
=== 83 ===
=== 84 ===
=== 85 ===
=== 86 ===
=== 87 ===
=== 88 ===
=== 89 ===
=== 90 ===
=== 91 ===
=== 92 ===
=== 93 ===
=== 94 ===
=== 95 ===
=== 96 ===
=== 97 ===
=== 98 ===
=== 99 ===
=== 100 ===
# 690 objects from 2 messages
