# Allpix Squared ASCII data - https://cern.ch/allpix-squared

=== 1 ===
=== 2 ===
=== 3 ===
=== 4 ===
=== 5 ===
=== 6 ===
=== 7 ===
=== 8 ===
=== 9 ===
=== 10 ===
=== 11 ===
=== 12 ===
=== 13 ===
=== 14 ===
=== 15 ===
=== 16 ===
=== 17 ===
=== 18 ===
=== 19 ===
=== 20 ===
=== 21 ===
=== 22 ===
=== 23 ===
=== 24 ===
=== 25 ===
=== 26 ===
=== 27 ===
=== 28 ===
=== 29 ===
=== 30 ===
=== 31 ===
=== 32 ===
=== 33 ===
=== 34 ===
=== 35 ===
=== 36 ===
=== 37 ===
=== 38 ===
=== 39 ===
=== 40 ===
=== 41 ===
=== 42 ===
=== 43 ===
=== 44 ===
=== 45 ===
=== 46 ===
=== 47 ===
=== 48 ===
=== 49 ===
=== 50 ===
--- mydetector ---
PixelHit 1185, 983, 54.8376, 0
PixelHit 1185, 984, 15.2474, 0
PixelHit 1186, 980, 1.4676, 0
PixelHit 1186, 981, 3.54969, 0
PixelHit 1186, 982, 8.98417, 0
PixelHit 1186, 983, 34.8429, 0
PixelHit 1186, 984, 2.81201, 0
PixelHit 1187, 979, 1.55685, 0
PixelHit 1187, 980, 20.5754, 0
PixelHit 1187, 981, 45.8401, 0
PixelHit 1187, 982, 29.5928, 0
PixelHit 1188, 978, 3.86788, 0
PixelHit 1188, 979, 16.2812, 0
PixelHit 1188, 980, 62.7434, 0
PixelHit 1188, 981, 43.09, 0
PixelHit 1188, 982, 4.02005, 0
PixelHit 1189, 976, 1.40903, 0
PixelHit 1189, 977, 27.1519, 0
PixelHit 1189, 978, 106.554, 0
PixelHit 1189, 979, 73.8733, 0
PixelHit 1189, 980, 21.3622, 0
PixelHit 1189, 981, 2.88204, 0
PixelHit 1190, 975, 1.87735, 0
PixelHit 1190, 976, 18.4602, 0
PixelHit 1190, 977, 104.876, 0
PixelHit 1190, 978, 281.492, 0
PixelHit 1190, 979, 76.5659, 0
PixelHit 1190, 980, 5.86584, 0
PixelHit 1191, 975, 12.7966, 0
PixelHit 1191, 976, 23.5796, 0
PixelHit 1191, 977, 67.6341, 0
PixelHit 1191, 978, 79.2745, 0
PixelHit 1191, 979, 12.3036, 0
PixelHit 1192, 973, 4.95634, 0
PixelHit 1192, 974, 12.0977, 0
PixelHit 1192, 975, 27.7949, 0
PixelHit 1192, 976, 18.406, 0
PixelHit 1192, 977, 7.08929, 0
PixelHit 1192, 978, 2.62813, 0
PixelHit 1193, 971, 2.21878, 0
PixelHit 1193, 972, 13.4652, 0
PixelHit 1193, 973, 27.5192, 0
PixelHit 1193, 974, 38.4353, 0
PixelHit 1193, 975, 27.646, 0
PixelHit 1193, 976, 8.63011, 0
PixelHit 1193, 977, 3.09808, 0
PixelHit 1194, 970, 2.3746, 0
PixelHit 1194, 971, 6.86115, 0
PixelHit 1194, 972, 34.9275, 0
PixelHit 1194, 973, 79.7409, 0
PixelHit 1194, 974, 57.7611, 0
PixelHit 1194, 975, 19.7125, 0
PixelHit 1195, 969, 1.35988, 0
PixelHit 1195, 970, 11.8008, 0
PixelHit 1195, 971, 30.0154, 0
PixelHit 1195, 972, 50.9247, 0
PixelHit 1195, 973, 53.2492, 0
PixelHit 1195, 974, 20.6183, 0
PixelHit 1195, 975, 6.09336, 0
PixelHit 1196, 967, 3.48218, 0
PixelHit 1196, 968, 3.61394, 0
PixelHit 1196, 969, 13.6757, 0
PixelHit 1196, 970, 15.1771, 0
PixelHit 1196, 971, 25.1863, 0
PixelHit 1196, 972, 30.1277, 0
PixelHit 1196, 973, 15.4778, 0
PixelHit 1197, 967, 4.54587, 0
PixelHit 1197, 968, 29.1126, 0
PixelHit 1197, 969, 26.4935, 0
PixelHit 1197, 970, 11.6999, 0
PixelHit 1197, 971, 12.2238, 0
PixelHit 1197, 972, 5.70883, 0
PixelHit 1197, 973, 0.853269, 0
PixelHit 1198, 965, 2.52256, 0
PixelHit 1198, 966, 8.83946, 0
PixelHit 1198, 967, 34.2775, 0
PixelHit 1198, 968, 60.3256, 0
PixelHit 1198, 969, 49.412, 0
PixelHit 1198, 970, 19.0204, 0
PixelHit 1198, 971, 8.07167, 0
PixelHit 1199, 964, 1.59956, 0
PixelHit 1199, 965, 11.488, 0
PixelHit 1199, 966, 32.5602, 0
PixelHit 1199, 967, 60.0206, 0
PixelHit 1199, 968, 51.05, 0
PixelHit 1199, 969, 40.371, 0
PixelHit 1199, 970, 8.89407, 0
PixelHit 1200, 964, 5.31117, 0
PixelHit 1200, 965, 24.8753, 0
PixelHit 1200, 966, 51.0364, 0
PixelHit 1200, 967, 58.4705, 0
PixelHit 1200, 968, 25.6686, 0
PixelHit 1200, 969, 15.2052, 0
PixelHit 1200, 970, 3.77645, 0
PixelHit 1201, 960, 3.04933, 0
PixelHit 1201, 961, 1.8937, 0
PixelHit 1201, 962, 4.87853, 0
PixelHit 1201, 963, 6.82933, 0
PixelHit 1201, 964, 17.9608, 0
PixelHit 1201, 965, 32.2571, 0
PixelHit 1201, 966, 43.4808, 0
PixelHit 1201, 967, 19.6485, 0
PixelHit 1201, 968, 10.5298, 0
PixelHit 1201, 969, 2.41916, 0
PixelHit 1202, 960, 2.05295, 0
PixelHit 1202, 961, 7.07993, 0
PixelHit 1202, 962, 11.2284, 0
PixelHit 1202, 963, 17.2614, 0
PixelHit 1202, 964, 29.1757, 0
PixelHit 1202, 965, 21.4875, 0
PixelHit 1202, 966, 5.89777, 0
PixelHit 1202, 967, 8.1177, 0
PixelHit 1203, 957, 1.77765, 0
PixelHit 1203, 959, 3.04841, 0
PixelHit 1203, 960, 7.41626, 0
PixelHit 1203, 961, 5.18148, 0
PixelHit 1203, 962, 14.9627, 0
PixelHit 1203, 963, 21.7757, 0
PixelHit 1203, 964, 19.9315, 0
PixelHit 1203, 965, 12.1028, 0
PixelHit 1203, 966, 3.41291, 0
PixelHit 1204, 958, 4.2726, 0
PixelHit 1204, 959, 5.51045, 0
PixelHit 1204, 960, 9.95248, 0
PixelHit 1204, 961, 10.563, 0
PixelHit 1204, 962, 13.7851, 0
PixelHit 1204, 963, 23.7353, 0
PixelHit 1204, 964, 8.54802, 0
PixelHit 1204, 965, 5.44034, 0
PixelHit 1204, 966, 2.00767, 0
PixelHit 1205, 956, 2.61097, 0
PixelHit 1205, 957, 3.09281, 0
PixelHit 1205, 958, 8.48256, 0
PixelHit 1205, 959, 20.8144, 0
PixelHit 1205, 960, 17.5472, 0
PixelHit 1205, 961, 18.3472, 0
PixelHit 1205, 962, 8.58009, 0
PixelHit 1205, 963, 12.2427, 0
PixelHit 1205, 964, 1.19927, 0
PixelHit 1206, 955, 4.36749, 0
PixelHit 1206, 956, 4.98452, 0
PixelHit 1206, 957, 18.6319, 0
PixelHit 1206, 958, 26.9826, 0
PixelHit 1206, 959, 46.3599, 0
PixelHit 1206, 960, 24.3503, 0
PixelHit 1206, 961, 10.554, 0
PixelHit 1206, 962, 12.7269, 0
PixelHit 1206, 963, 3.51896, 0
PixelHit 1207, 954, 0.0880561, 0
PixelHit 1207, 955, 9.78039, 0
PixelHit 1207, 956, 16.2001, 0
PixelHit 1207, 957, 31.7125, 0
PixelHit 1207, 958, 33.1503, 0
PixelHit 1207, 959, 22.8292, 0
PixelHit 1207, 960, 21.5713, 0
PixelHit 1207, 961, 6.48006, 0
PixelHit 1207, 963, 2.14142, 0
PixelHit 1208, 954, 7.44665, 0
PixelHit 1208, 955, 7.98738, 0
PixelHit 1208, 956, 29.0835, 0
PixelHit 1208, 957, 23.8516, 0
PixelHit 1208, 958, 33.7623, 0
PixelHit 1208, 959, 25.5329, 0
PixelHit 1208, 960, 10.6066, 0
PixelHit 1208, 961, 4.10282, 0
PixelHit 1209, 954, 12.8843, 0
PixelHit 1209, 955, 7.34385, 0
PixelHit 1209, 956, 23.661, 0
PixelHit 1209, 957, 20.5722, 0
PixelHit 1209, 958, 13.3253, 0
PixelHit 1209, 959, 3.70733, 0
PixelHit 1209, 960, 3.92069, 0
PixelHit 1210, 954, 2.12687, 0
PixelHit 1210, 955, 5.60413, 0
PixelHit 1210, 956, 10.2203, 0
PixelHit 1210, 957, 15.8114, 0
PixelHit 1210, 958, 4.29187, 0
PixelHit 1210, 959, 0.690666, 0
PixelHit 1211, 954, 2.75709, 0
PixelHit 1211, 955, 2.00177, 0
PixelHit 1211, 956, 4.34258, 0
PixelHit 1211, 957, 3.20745, 0
PixelHit 1211, 958, 5.09565, 0
PixelHit 1212, 955, 2.839, 0
PixelHit 1473, 640, 0.851468, 0
PixelHit 1474, 637, 1.24482, 0
PixelHit 1474, 638, 4.34252, 0
PixelHit 1474, 639, 50.9953, 0
PixelHit 1474, 640, 27.6561, 0
PixelHit 1475, 636, 7.17605, 0
PixelHit 1475, 637, 252.741, 0
PixelHit 1475, 638, 203.291, 0
PixelHit 1475, 639, 24.4658, 0
PixelHit 1475, 640, 2.39904, 0
PixelHit 1476, 635, 16.7335, 0
PixelHit 1476, 636, 39.8407, 0
PixelHit 1476, 637, 465.862, 0
PixelHit 1476, 638, 382.442, 0
PixelHit 1476, 639, 7.26992, 0
PixelHit 1477, 633, 0.334504, 0
PixelHit 1477, 634, 23.4945, 0
PixelHit 1477, 635, 90.6164, 0
PixelHit 1477, 636, 112.251, 0
PixelHit 1477, 637, 36.2279, 0
PixelHit 1477, 638, 23.1876, 0
PixelHit 1478, 632, 4.62092, 0
PixelHit 1478, 633, 29.8831, 0
PixelHit 1478, 634, 128.466, 0
PixelHit 1478, 635, 122.709, 0
PixelHit 1478, 636, 46.69, 0
PixelHit 1478, 637, 8.80965, 0
PixelHit 1479, 631, 12.1083, 0
PixelHit 1479, 632, 41.548, 0
PixelHit 1479, 633, 68.8007, 0
PixelHit 1479, 634, 112.645, 0
PixelHit 1479, 635, 59.7799, 0
PixelHit 1479, 636, 6.24547, 0
PixelHit 1480, 628, 7.27641, 0
PixelHit 1480, 629, 7.63917, 0
PixelHit 1480, 630, 13.997, 0
PixelHit 1480, 631, 43.7253, 0
PixelHit 1480, 632, 100.878, 0
PixelHit 1480, 633, 76.5431, 0
PixelHit 1480, 634, 30.5628, 0
PixelHit 1480, 635, 2.88724, 0
PixelHit 1480, 636, 2.89548, 0
PixelHit 1481, 627, 30.9263, 0
PixelHit 1481, 628, 136.002, 0
PixelHit 1481, 629, 181.801, 0
PixelHit 1481, 630, 62.1777, 0
PixelHit 1481, 631, 43.041, 0
PixelHit 1481, 632, 49.284, 0
PixelHit 1481, 633, 25.5828, 0
PixelHit 1481, 634, 5.54552, 0
PixelHit 1481, 635, 2.42335, 0
PixelHit 1482, 626, 5.69588, 0
PixelHit 1482, 627, 81.8509, 0
PixelHit 1482, 628, 459.595, 0
PixelHit 1482, 629, 578.21, 0
PixelHit 1482, 630, 201.903, 0
PixelHit 1482, 631, 31.5561, 0
PixelHit 1482, 632, 8.25833, 0
PixelHit 1482, 633, 3.16246, 0
PixelHit 1483, 625, 2.59101, 0
PixelHit 1483, 626, 10.8498, 0
PixelHit 1483, 627, 86.2409, 0
PixelHit 1483, 628, 406.33, 0
PixelHit 1483, 629, 546.065, 0
PixelHit 1483, 630, 184.191, 0
PixelHit 1483, 631, 22.3417, 0
PixelHit 1483, 632, 3.38877, 0
PixelHit 1484, 623, 3.15529, 0
PixelHit 1484, 624, 2.64542, 0
PixelHit 1484, 625, 6.57527, 0
PixelHit 1484, 626, 12.4698, 0
PixelHit 1484, 627, 27.1203, 0
PixelHit 1484, 628, 112.365, 0
PixelHit 1484, 629, 118.34, 0
PixelHit 1484, 630, 39.2907, 0
PixelHit 1484, 631, 7.81511, 0
PixelHit 1485, 624, 8.7803, 0
PixelHit 1485, 625, 25.6365, 0
PixelHit 1485, 626, 34.8019, 0
PixelHit 1485, 627, 22.4417, 0
PixelHit 1485, 628, 20.3731, 0
PixelHit 1485, 629, 10.3505, 0
PixelHit 1485, 630, 4.75589, 0
PixelHit 1485, 631, 1.39484, 0
PixelHit 1486, 621, 3.38961, 0
PixelHit 1486, 622, 8.7254, 0
PixelHit 1486, 623, 8.67002, 0
PixelHit 1486, 624, 17.2042, 0
PixelHit 1486, 625, 47.21, 0
PixelHit 1486, 626, 36.1075, 0
PixelHit 1486, 627, 14.1448, 0
PixelHit 1486, 628, 6.33868, 0
PixelHit 1487, 619, 2.45384, 0
PixelHit 1487, 620, 4.08412, 0
PixelHit 1487, 621, 1.97888, 0
PixelHit 1487, 622, 8.07944, 0
PixelHit 1487, 623, 28.5038, 0
PixelHit 1487, 624, 30.812, 0
PixelHit 1487, 625, 31.3472, 0
PixelHit 1487, 626, 16.4655, 0
PixelHit 1487, 627, -0.0930975, 0
PixelHit 1487, 628, 3.88939, 0
PixelHit 1488, 617, 1.32295, 0
PixelHit 1488, 618, 0.587307, 0
PixelHit 1488, 619, 0.836941, 0
PixelHit 1488, 620, 4.7005, 0
PixelHit 1488, 621, 9.38447, 0
PixelHit 1488, 622, 21.664, 0
PixelHit 1488, 623, 20.816, 0
PixelHit 1488, 624, 32.4702, 0
PixelHit 1488, 625, 16.9698, 0
PixelHit 1488, 626, 6.3452, 0
PixelHit 1488, 627, 2.20081, 0
PixelHit 1489, 618, 2.89938, 0
PixelHit 1489, 619, 6.86253, 0
PixelHit 1489, 620, 8.96014, 0
PixelHit 1489, 621, 10.428, 0
PixelHit 1489, 622, 14.4615, 0
PixelHit 1489, 623, 17.2022, 0
PixelHit 1489, 624, 19.2052, 0
PixelHit 1489, 625, 3.7383, 0
PixelHit 1490, 617, 2.63397, 0
PixelHit 1490, 618, 6.95964, 0
PixelHit 1490, 619, 27.947, 0
PixelHit 1490, 620, 36.5277, 0
PixelHit 1490, 621, 9.73057, 0
PixelHit 1490, 622, 9.19288, 0
PixelHit 1490, 623, 6.91868, 0
PixelHit 1490, 624, 3.51215, 0
PixelHit 1490, 625, 3.47268, 0
PixelHit 1491, 616, 7.7037, 0
PixelHit 1491, 617, 5.62546, 0
PixelHit 1491, 618, 16.7868, 0
PixelHit 1491, 619, 28.5574, 0
PixelHit 1491, 620, 32.4954, 0
PixelHit 1491, 621, 20.6601, 0
PixelHit 1491, 622, 6.04996, 0
PixelHit 1492, 616, 10.0996, 0
PixelHit 1492, 617, 19.6255, 0
PixelHit 1492, 618, 25.3831, 0
PixelHit 1492, 619, 31.0337, 0
PixelHit 1492, 620, 16.6598, 0
PixelHit 1492, 621, 9.77398, 0
PixelHit 1492, 622, 4.19198, 0
PixelHit 1493, 614, 1.64024, 0
PixelHit 1493, 615, 3.08257, 0
PixelHit 1493, 616, 25.1981, 0
PixelHit 1493, 617, 21.8964, 0
PixelHit 1493, 618, 25.1412, 0
PixelHit 1493, 619, 22.9659, 0
PixelHit 1493, 620, 4.71938, 0
PixelHit 1493, 621, 2.41161, 0
PixelHit 1493, 622, 0.807411, 0
PixelHit 1494, 614, 4.45118, 0
PixelHit 1494, 615, 9.46167, 0
PixelHit 1494, 616, 17.7942, 0
PixelHit 1494, 617, 15.28, 0
PixelHit 1494, 618, 15.4399, 0
PixelHit 1494, 619, 2.39006, 0
PixelHit 1495, 614, 2.0027, 0
PixelHit 1495, 615, 3.39591, 0
PixelHit 1495, 616, 3.37873, 0
PixelHit 1495, 617, 16.4195, 0
PixelHit 1495, 618, 3.39419, 0
PixelHit 1495, 620, 1.30315, 0
PixelHit 1496, 617, 2.22687, 0
PixelHit 1496, 618, 3.40114, 0
PixelHit 1496, 619, -0.119107, 0
PixelHit 1497, 619, 0.309343, 0
=== 51 ===
=== 52 ===
=== 53 ===
=== 54 ===
=== 55 ===
=== 56 ===
=== 57 ===
=== 58 ===
=== 59 ===
=== 60 ===
=== 61 ===
=== 62 ===
=== 63 ===
=== 64 ===
=== 65 ===
=== 66 ===
=== 67 ===
=== 68 ===
=== 69 ===
=== 70 ===
=== 71 ===
=== 72 ===
=== 73 ===
=== 74 ===
=== 75 ===
=== 76 ===
=== 77 ===
=== 78 ===
=== 79 ===
=== 80 ===
=== 81 ===
=== 82 ===
=== 83 ===
=== 84 ===
=== 85 ===
=== 86 ===
=== 87 ===
=== 88 ===
=== 89 ===
=== 90 ===
=== 91 ===
=== 92 ===
=== 93 ===
=== 94 ===
=== 95 ===
=== 96 ===
=== 97 ===
=== 98 ===
=== 99 ===
=== 100 ===
# 353 objects from 1 messages
