# Allpix Squared ASCII data - https://cern.ch/allpix-squared

=== 1 ===
=== 2 ===
=== 3 ===
=== 4 ===
=== 5 ===
=== 6 ===
=== 7 ===
=== 8 ===
=== 9 ===
=== 10 ===
=== 11 ===
=== 12 ===
=== 13 ===
=== 14 ===
=== 15 ===
=== 16 ===
=== 17 ===
=== 18 ===
=== 19 ===
=== 20 ===
=== 21 ===
=== 22 ===
=== 23 ===
=== 24 ===
=== 25 ===
=== 26 ===
=== 27 ===
=== 28 ===
=== 29 ===
=== 30 ===
=== 31 ===
=== 32 ===
=== 33 ===
=== 34 ===
--- mydetector ---
PixelHit 1168, 844, 44.053, 0
PixelHit 1169, 844, 18.4707, 0
PixelHit 1169, 845, 3.00806, 0
PixelHit 1170, 843, 2.92524, 0
PixelHit 1170, 844, 139.077, 0
PixelHit 1170, 845, 30.3292, 0
PixelHit 1171, 844, 20.3935, 0
PixelHit 1171, 845, 2.7962, 0
PixelHit 1172, 844, 3.89896, 0
PixelHit 1173, 844, 31.1853, 0
PixelHit 1173, 845, 11.5236, 0
PixelHit 1174, 844, 57.3031, 0
PixelHit 1174, 845, 33.8456, 0
PixelHit 1175, 844, 26.8753, 0
PixelHit 1175, 845, 25.5083, 0
PixelHit 1176, 844, 10.9484, 0
PixelHit 1176, 845, 8.53356, 0
PixelHit 1177, 843, 1.35304, 0
PixelHit 1177, 844, 8.66242, 0
PixelHit 1177, 845, 13.719, 0
PixelHit 1178, 843, 1.98613, 0
PixelHit 1178, 844, 29.6446, 0
PixelHit 1178, 845, 7.48599, 0
PixelHit 1179, 843, 2.02827, 0
PixelHit 1179, 844, 43.0115, 0
PixelHit 1179, 845, 47.6851, 0
PixelHit 1179, 846, 2.51465, 0
PixelHit 1180, 844, 43.6881, 0
PixelHit 1180, 845, 38.1457, 0
PixelHit 1181, 844, 16.2562, 0
PixelHit 1181, 845, 16.8359, 0
PixelHit 1182, 844, 9.78095, 0
PixelHit 1182, 845, 11.4634, 0
PixelHit 1183, 844, 18.0127, 0
PixelHit 1183, 845, 7.85172, 0
PixelHit 1183, 846, 3.03116, 0
PixelHit 1184, 843, 1.2333, 0
PixelHit 1184, 844, 8.68261, 0
PixelHit 1184, 845, 14.513, 0
PixelHit 1185, 844, 3.30482, 0
PixelHit 1185, 845, 4.89347, 0
PixelHit 1186, 844, 0.880059, 0
PixelHit 1186, 845, 5.035, 0
PixelHit 1187, 844, 3.10602, 0
PixelHit 1187, 845, 1.81248, 0
PixelHit 1188, 844, 9.5472, 0
PixelHit 1188, 845, 10.3485, 0
PixelHit 1189, 843, 0.378096, 0
PixelHit 1189, 844, 15.2985, 0
PixelHit 1189, 845, 13.9273, 0
PixelHit 1189, 846, 4.44741, 0
PixelHit 1190, 843, 3.25375, 0
PixelHit 1190, 844, 23.1691, 0
PixelHit 1190, 845, 32.364, 0
PixelHit 1190, 846, 4.36583, 0
PixelHit 1191, 843, 1.64071, 0
PixelHit 1191, 844, 19.8707, 0
PixelHit 1191, 845, 9.56216, 0
PixelHit 1191, 846, 6.82404, 0
PixelHit 1192, 844, 13.2328, 0
PixelHit 1192, 845, 17.2459, 0
PixelHit 1192, 846, 3.72443, 0
PixelHit 1193, 843, 2.14655, 0
PixelHit 1193, 844, 8.65779, 0
PixelHit 1193, 845, 25.6418, 0
PixelHit 1194, 843, 0.196224, 0
PixelHit 1194, 844, 15.6714, 0
PixelHit 1194, 845, 33.2986, 0
PixelHit 1194, 846, 5.2943, 0
PixelHit 1195, 843, 3.35049, 0
PixelHit 1195, 844, 22.0768, 0
PixelHit 1195, 845, 14.2233, 0
PixelHit 1196, 844, 5.06255, 0
PixelHit 1196, 845, 7.06996, 0
PixelHit 1196, 846, 1.82055, 0
PixelHit 1197, 844, 6.24237, 0
PixelHit 1197, 845, 11.0615, 0
PixelHit 1197, 846, 3.9187, 0
PixelHit 1197, 847, 1.71552, 0
PixelHit 1198, 843, 4.18167, 0
PixelHit 1198, 844, 9.70353, 0
PixelHit 1198, 845, 8.12645, 0
PixelHit 1199, 843, 2.14027, 0
PixelHit 1199, 844, 17.0516, 0
PixelHit 1199, 845, 23.684, 0
PixelHit 1199, 846, 6.1566, 0
PixelHit 1200, 844, 14.0937, 0
PixelHit 1200, 845, 26.3159, 0
PixelHit 1200, 846, 1.5425, 0
PixelHit 1201, 844, 26.7035, 0
PixelHit 1201, 845, 40.3981, 0
PixelHit 1201, 846, 10.5667, 0
PixelHit 1202, 843, 2.37686, 0
PixelHit 1202, 844, 27.0663, 0
PixelHit 1202, 845, 39.4608, 0
PixelHit 1202, 846, 11.7079, 0
PixelHit 1203, 844, 8.15417, 0
PixelHit 1203, 845, 14.5224, 0
PixelHit 1203, 846, 1.98077, 0
PixelHit 1203, 847, 1.08782, 0
PixelHit 1204, 844, 2.18845, 0
PixelHit 1204, 845, 11.1092, 0
PixelHit 1204, 846, 5.63333, 0
PixelHit 1205, 844, 4.73266, 0
PixelHit 1205, 845, 7.18446, 0
PixelHit 1205, 846, 5.26008, 0
PixelHit 1205, 847, 3.198, 0
PixelHit 1206, 842, 0.129788, 0
PixelHit 1206, 843, 2.06867, 0
PixelHit 1206, 844, 19.6532, 0
PixelHit 1206, 845, 17.5042, 0
PixelHit 1206, 846, 8.52101, 0
PixelHit 1207, 843, 1.16415, 0
PixelHit 1207, 844, 10.0323, 0
PixelHit 1207, 845, 4.45342, 0
PixelHit 1207, 846, 5.51708, 0
PixelHit 1208, 844, 5.41327, 0
PixelHit 1208, 846, 1.71373, 0
PixelHit 1209, 844, 2.02276, 0
PixelHit 1209, 846, 3.98318, 0
PixelHit 1210, 845, 4.49915, 0
PixelHit 1210, 846, 4.50625, 0
PixelHit 1211, 843, 0.459811, 0
PixelHit 1211, 844, 2.9213, 0
PixelHit 1211, 845, 3.27902, 0
PixelHit 1211, 846, 2.78617, 0
PixelHit 1211, 847, 3.05164, 0
PixelHit 1211, 848, 1.30352, 0
PixelHit 1212, 843, -0.741353, 0
PixelHit 1212, 844, 6.57713, 0
PixelHit 1212, 845, 6.01316, 0
PixelHit 1212, 846, 8.28851, 0
PixelHit 1213, 843, 1.50949, 0
PixelHit 1213, 844, 10.6932, 0
PixelHit 1213, 845, 31.0913, 0
PixelHit 1213, 846, 14.82, 0
PixelHit 1213, 847, 2.13091, 0
PixelHit 1214, 844, 14.0749, 0
PixelHit 1214, 845, 29.3566, 0
PixelHit 1214, 846, 19.5766, 0
PixelHit 1214, 847, 2.77166, 0
PixelHit 1215, 843, 2.2464, 0
PixelHit 1215, 844, 25.5534, 0
PixelHit 1215, 845, 40.8569, 0
PixelHit 1215, 846, 33.4637, 0
PixelHit 1215, 847, 8.57872, 0
PixelHit 1216, 843, 4.48909, 0
PixelHit 1216, 844, 14.1945, 0
PixelHit 1216, 845, 46.4453, 0
PixelHit 1216, 846, 16.3308, 0
PixelHit 1217, 843, 2.77472, 0
PixelHit 1217, 844, 3.19767, 0
PixelHit 1217, 845, 15.8002, 0
PixelHit 1217, 846, 4.73662, 0
PixelHit 1217, 847, 1.16337, 0
PixelHit 1218, 843, 2.83649, 0
PixelHit 1218, 844, 6.71057, 0
PixelHit 1218, 845, 8.72282, 0
PixelHit 1218, 846, 5.6777, 0
PixelHit 1218, 847, 1.00569, 0
PixelHit 1219, 843, 1.09427, 0
PixelHit 1219, 844, 5.52196, 0
PixelHit 1219, 845, 11.1002, 0
PixelHit 1219, 846, 6.88322, 0
PixelHit 1219, 847, 3.33722, 0
PixelHit 1220, 844, 4.49995, 0
PixelHit 1220, 845, 16.8172, 0
PixelHit 1220, 846, 12.7705, 0
PixelHit 1220, 847, 5.76242, 0
PixelHit 1221, 844, 8.18619, 0
PixelHit 1221, 845, 13.1167, 0
PixelHit 1221, 846, 17.1578, 0
PixelHit 1221, 847, 2.8543, 0
PixelHit 1222, 843, 2.61841, 0
PixelHit 1222, 844, 9.46458, 0
PixelHit 1222, 845, 14.4543, 0
PixelHit 1222, 846, 9.84769, 0
PixelHit 1222, 847, 1.8989, 0
PixelHit 1223, 842, 0.345304, 0
PixelHit 1223, 843, 3.29527, 0
PixelHit 1223, 844, 5.48413, 0
PixelHit 1223, 845, 12.4278, 0
PixelHit 1223, 846, 11.2103, 0
PixelHit 1223, 847, 2.05785, 0
PixelHit 1224, 842, 0.0154238, 0
PixelHit 1224, 843, 5.43806, 0
PixelHit 1224, 844, 19.8043, 0
PixelHit 1224, 845, 28.8817, 0
PixelHit 1224, 846, 26.0104, 0
PixelHit 1224, 847, 3.64883, 0
PixelHit 1225, 843, 6.22093, 0
PixelHit 1225, 844, 12.9424, 0
PixelHit 1225, 845, 40.3041, 0
PixelHit 1225, 846, 27.1671, 0
PixelHit 1225, 847, 9.25425, 0
PixelHit 1225, 849, 0.0411364, 0
PixelHit 1226, 843, 4.03665, 0
PixelHit 1226, 844, 13.2867, 0
PixelHit 1226, 845, 28.9722, 0
PixelHit 1226, 846, 23.2613, 0
PixelHit 1226, 847, 8.66699, 0
PixelHit 1226, 848, 1.97643, 0
PixelHit 1227, 843, 3.15998, 0
PixelHit 1227, 844, 13.5199, 0
PixelHit 1227, 845, 29.2613, 0
PixelHit 1227, 846, 19.7117, 0
PixelHit 1227, 847, 6.86362, 0
PixelHit 1228, 844, 8.22649, 0
PixelHit 1228, 845, 19.9246, 0
PixelHit 1228, 846, 15.6337, 0
PixelHit 1228, 847, 3.59958, 0
PixelHit 1229, 843, 2.52353, 0
PixelHit 1229, 844, 5.11784, 0
PixelHit 1229, 845, 15.5484, 0
PixelHit 1229, 846, 16.2389, 0
PixelHit 1229, 847, 2.86639, 0
PixelHit 1230, 843, 0.741938, 0
PixelHit 1230, 844, 10.612, 0
PixelHit 1230, 845, 6.56808, 0
PixelHit 1230, 846, 19.6334, 0
PixelHit 1230, 847, 2.73213, 0
PixelHit 1231, 843, 1.73233, 0
PixelHit 1231, 844, 6.43816, 0
PixelHit 1231, 845, 13.45, 0
PixelHit 1231, 846, 13.5653, 0
PixelHit 1232, 844, 7.88944, 0
PixelHit 1232, 845, 16.426, 0
PixelHit 1232, 846, 13.1194, 0
PixelHit 1232, 847, 11.1806, 0
PixelHit 1232, 848, 1.89518, 0
PixelHit 1233, 843, 1.28424, 0
PixelHit 1233, 844, 5.52169, 0
PixelHit 1233, 845, 17.2357, 0
PixelHit 1233, 846, 10.7176, 0
PixelHit 1233, 847, 4.9941, 0
PixelHit 1234, 843, 2.61527, 0
PixelHit 1234, 844, 8.60913, 0
PixelHit 1234, 845, 15.8205, 0
PixelHit 1234, 846, 11.5431, 0
PixelHit 1235, 843, 1.7462, 0
PixelHit 1235, 844, 10.257, 0
PixelHit 1235, 845, 10.9247, 0
PixelHit 1235, 846, 7.02455, 0
PixelHit 1235, 847, 5.86404, 0
PixelHit 1236, 842, 0.327149, 0
PixelHit 1236, 844, 11.8954, 0
PixelHit 1236, 845, 14.519, 0
PixelHit 1236, 846, 22.8228, 0
PixelHit 1236, 847, 6.00189, 0
PixelHit 1236, 848, 1.86572, 0
PixelHit 1237, 843, 1.08566, 0
PixelHit 1237, 844, 3.53472, 0
PixelHit 1237, 845, 22.4575, 0
PixelHit 1237, 846, 15.8063, 0
PixelHit 1237, 847, 10.1694, 0
PixelHit 1237, 848, 3.57444, 0
PixelHit 1238, 843, 3.56261, 0
PixelHit 1238, 844, 15.0812, 0
PixelHit 1238, 845, 15.9528, 0
PixelHit 1238, 846, 10.6608, 0
PixelHit 1238, 847, 7.61052, 0
PixelHit 1238, 848, 1.40789, 0
PixelHit 1239, 843, 3.79113, 0
PixelHit 1239, 844, 12.2998, 0
PixelHit 1239, 845, 35.9847, 0
PixelHit 1239, 846, 24.21, 0
PixelHit 1239, 847, 10.977, 0
PixelHit 1239, 848, 2.03116, 0
PixelHit 1240, 842, 2.20553, 0
PixelHit 1240, 843, 6.81674, 0
PixelHit 1240, 844, 31.7971, 0
PixelHit 1240, 845, 87.9048, 0
PixelHit 1240, 846, 71.8097, 0
PixelHit 1240, 847, 39.4847, 0
PixelHit 1240, 848, 5.95067, 0
PixelHit 1241, 842, 1.61542, 0
PixelHit 1241, 843, 15.629, 0
PixelHit 1241, 844, 62.5618, 0
PixelHit 1241, 845, 149.099, 0
PixelHit 1241, 846, 132.954, 0
PixelHit 1241, 847, 52.1104, 0
PixelHit 1241, 848, 13.541, 0
PixelHit 1241, 849, 4.15667, 0
PixelHit 1242, 842, 3.22883, 0
PixelHit 1242, 843, 12.1568, 0
PixelHit 1242, 844, 49.6245, 0
PixelHit 1242, 845, 149.51, 0
PixelHit 1242, 846, 121.624, 0
PixelHit 1242, 847, 47.2962, 0
PixelHit 1242, 848, 8.58527, 0
PixelHit 1242, 849, 1.63668, 0
PixelHit 1243, 843, 4.06001, 0
PixelHit 1243, 844, 33.2358, 0
PixelHit 1243, 845, 77.5681, 0
PixelHit 1243, 846, 77.0469, 0
PixelHit 1243, 847, 33.6661, 0
PixelHit 1243, 848, 8.44576, 0
PixelHit 1244, 843, 5.44463, 0
PixelHit 1244, 844, 13.6305, 0
PixelHit 1244, 845, 24.1233, 0
PixelHit 1244, 846, 38.2749, 0
PixelHit 1244, 847, 19.4143, 0
PixelHit 1245, 844, 10.7764, 0
PixelHit 1245, 845, 27.4647, 0
PixelHit 1245, 846, 29.3956, 0
PixelHit 1245, 847, 14.7447, 0
PixelHit 1245, 848, 0.819309, 0
PixelHit 1246, 843, 11.6913, 0
PixelHit 1246, 844, 15.4852, 0
PixelHit 1246, 845, 32.1401, 0
PixelHit 1246, 846, 43.5365, 0
PixelHit 1246, 847, 25.2236, 0
PixelHit 1246, 848, 4.83851, 0
PixelHit 1247, 843, 8.03096, 0
PixelHit 1247, 844, 16.6372, 0
PixelHit 1247, 845, 47.4564, 0
PixelHit 1247, 846, 53.0762, 0
PixelHit 1247, 847, 26.6678, 0
PixelHit 1247, 848, 3.52779, 0
PixelHit 1248, 843, 1.68732, 0
PixelHit 1248, 844, 18.2711, 0
PixelHit 1248, 845, 30.0976, 0
PixelHit 1248, 846, 44.8091, 0
PixelHit 1248, 847, 18.4781, 0
PixelHit 1248, 848, 8.58172, 0
PixelHit 1248, 849, 5.01418, 0
PixelHit 1249, 842, 1.01347, 0
PixelHit 1249, 843, 0.67624, 0
PixelHit 1249, 844, 11.5861, 0
PixelHit 1249, 845, 16.412, 0
PixelHit 1249, 846, 33.6531, 0
PixelHit 1249, 847, 9.7087, 0
PixelHit 1250, 843, 3.27467, 0
PixelHit 1250, 844, 6.53903, 0
PixelHit 1250, 845, 12.9315, 0
PixelHit 1250, 846, 11.637, 0
PixelHit 1250, 847, 9.38423, 0
PixelHit 1250, 848, 5.98959, 0
PixelHit 1251, 843, 1.82891, 0
PixelHit 1251, 844, 7.654, 0
PixelHit 1251, 845, 21.2646, 0
PixelHit 1251, 846, 11.7655, 0
PixelHit 1251, 847, 7.98173, 0
PixelHit 1252, 844, 1.52804, 0
PixelHit 1252, 845, 8.71237, 0
PixelHit 1252, 846, 11.9851, 0
PixelHit 1252, 847, 5.44066, 0
PixelHit 1252, 848, 2.87338, 0
PixelHit 1253, 844, 9.43212, 0
PixelHit 1253, 845, 9.33433, 0
PixelHit 1253, 846, 23.7442, 0
PixelHit 1253, 847, 13.0947, 0
PixelHit 1253, 848, 1.34324, 0
PixelHit 1254, 844, 14.4744, 0
PixelHit 1254, 845, 16.4864, 0
PixelHit 1254, 846, 16.7947, 0
PixelHit 1254, 847, 16.2965, 0
PixelHit 1254, 848, 2.98477, 0
PixelHit 1255, 844, 12.1656, 0
PixelHit 1255, 845, 22.5975, 0
PixelHit 1255, 846, 34.6822, 0
PixelHit 1255, 847, 7.86664, 0
PixelHit 1255, 848, 3.64384, 0
PixelHit 1255, 849, 2.03934, 0
PixelHit 1256, 843, 2.1856, 0
PixelHit 1256, 844, 11.2023, 0
PixelHit 1256, 845, 25.1733, 0
PixelHit 1256, 846, 25.4751, 0
PixelHit 1256, 847, 13.3486, 0
PixelHit 1256, 848, 3.29316, 0
PixelHit 1257, 844, 5.86294, 0
PixelHit 1257, 845, 13.5476, 0
PixelHit 1257, 846, 9.37559, 0
PixelHit 1257, 847, 10.6789, 0
PixelHit 1257, 848, 6.33364, 0
PixelHit 1258, 843, 1.9729, 0
PixelHit 1258, 844, 2.73585, 0
PixelHit 1258, 845, 3.87664, 0
PixelHit 1258, 846, 4.68568, 0
PixelHit 1258, 847, 4.35684, 0
PixelHit 1259, 846, 1.5136, 0
=== 35 ===
--- mydetector ---
PixelHit 1587, 1567, 12.9178, 0
PixelHit 1587, 1568, 4.26948, 0
PixelHit 1588, 1566, 2.25006, 0
PixelHit 1588, 1567, 16.1857, 0
PixelHit 1588, 1568, 4.94841, 0
PixelHit 1589, 1566, 5.36654, 0
PixelHit 1589, 1567, 259.143, 0
PixelHit 1589, 1568, 32.6509, 0
PixelHit 1590, 1566, 4.11381, 0
PixelHit 1590, 1567, 128.123, 0
PixelHit 1590, 1568, 27.9053, 0
PixelHit 1591, 1566, 3.37687, 0
PixelHit 1591, 1567, 76.2084, 0
PixelHit 1591, 1568, 8.28917, 0
PixelHit 1592, 1566, 3.6875, 0
PixelHit 1592, 1567, 68.7977, 0
PixelHit 1592, 1568, 2.08105, 0
PixelHit 1593, 1567, 15.4566, 0
PixelHit 1594, 1566, 1.82695, 0
PixelHit 1594, 1567, 5.646, 0
PixelHit 1595, 1567, 7.56676, 0
PixelHit 1596, 1566, 2.70967, 0
PixelHit 1596, 1567, 8.26801, 0
PixelHit 1596, 1568, 2.20358, 0
PixelHit 1597, 1566, 8.03767, 0
PixelHit 1597, 1567, 18.7981, 0
PixelHit 1597, 1568, 2.83051, 0
PixelHit 1598, 1566, 10.6167, 0
PixelHit 1598, 1567, 36.3005, 0
PixelHit 1598, 1568, 7.20153, 0
PixelHit 1599, 1566, 4.02583, 0
PixelHit 1599, 1567, 8.30005, 0
PixelHit 1600, 1565, 1.48931, 0
PixelHit 1600, 1566, 3.47861, 0
PixelHit 1600, 1567, 3.51225, 0
PixelHit 1601, 1566, 19.5224, 0
PixelHit 1601, 1567, 10.9607, 0
PixelHit 1601, 1568, 2.16593, 0
PixelHit 1602, 1566, 23.4679, 0
PixelHit 1602, 1567, 22.4221, 0
PixelHit 1602, 1568, 0.973899, 0
PixelHit 1603, 1565, 4.78885, 0
PixelHit 1603, 1566, 64.3061, 0
PixelHit 1603, 1567, 49.0207, 0
PixelHit 1603, 1568, 5.60152, 0
PixelHit 1604, 1564, 2.21993, 0
PixelHit 1604, 1565, 9.52185, 0
PixelHit 1604, 1566, 125.097, 0
PixelHit 1604, 1567, 82.1855, 0
PixelHit 1605, 1565, 15.5127, 0
PixelHit 1605, 1566, 50.9162, 0
PixelHit 1605, 1567, 33.1301, 0
PixelHit 1605, 1568, 1.79025, 0
PixelHit 1606, 1564, 1.24488, 0
PixelHit 1606, 1565, 13.4266, 0
PixelHit 1606, 1566, 102.187, 0
PixelHit 1606, 1567, 54.8787, 0
PixelHit 1606, 1568, 6.02039, 0
PixelHit 1607, 1564, 0.949983, 0
PixelHit 1607, 1565, 15.0449, 0
PixelHit 1607, 1566, 82.3473, 0
PixelHit 1607, 1567, 47.3027, 0
PixelHit 1608, 1566, 13.5892, 0
PixelHit 1608, 1567, 12.6903, 0
PixelHit 1609, 1564, 2.68666, 0
PixelHit 1609, 1565, 2.31557, 0
PixelHit 1609, 1566, 12.2549, 0
PixelHit 1609, 1567, 2.93728, 0
PixelHit 1609, 1568, 2.9283, 0
PixelHit 1610, 1565, 3.25977, 0
PixelHit 1610, 1566, 5.44479, 0
PixelHit 1610, 1567, 9.02157, 0
PixelHit 1611, 1565, 2.82466, 0
PixelHit 1611, 1566, 5.2945, 0
PixelHit 1611, 1567, 3.68326, 0
PixelHit 1612, 1565, 6.72078, 0
PixelHit 1612, 1566, 25.9204, 0
PixelHit 1612, 1567, 2.87258, 0
PixelHit 1613, 1564, 3.10985, 0
PixelHit 1613, 1565, 30.8412, 0
PixelHit 1613, 1566, 50.943, 0
PixelHit 1613, 1567, 15.9225, 0
PixelHit 1613, 1568, 2.09064, 0
PixelHit 1614, 1564, 9.31049, 0
PixelHit 1614, 1565, 70.3855, 0
PixelHit 1614, 1566, 110.534, 0
PixelHit 1614, 1567, 33.0402, 0
PixelHit 1614, 1568, 0.870106, 0
PixelHit 1615, 1564, 10.225, 0
PixelHit 1615, 1565, 35.7079, 0
PixelHit 1615, 1566, 88.9306, 0
PixelHit 1615, 1567, 28.0637, 0
PixelHit 1615, 1568, 2.19258, 0
PixelHit 1616, 1564, 9.82244, 0
PixelHit 1616, 1565, 15.3916, 0
PixelHit 1616, 1566, 24.1289, 0
PixelHit 1616, 1567, 7.26357, 0
PixelHit 1617, 1565, 15.1106, 0
PixelHit 1617, 1566, 18.8979, 0
PixelHit 1617, 1567, 3.23063, 0
PixelHit 1618, 1564, 1.03501, 0
PixelHit 1618, 1565, 20.9187, 0
PixelHit 1618, 1566, 18.4543, 0
PixelHit 1618, 1567, 2.30894, 0
PixelHit 1619, 1564, 7.94128, 0
PixelHit 1619, 1565, 15.1455, 0
PixelHit 1619, 1566, 21.6697, 0
PixelHit 1619, 1567, 5.53467, 0
PixelHit 1620, 1565, 16.4855, 0
PixelHit 1620, 1566, 11.5794, 0
PixelHit 1620, 1567, 1.94692, 0
PixelHit 1621, 1563, 2.57578, 0
PixelHit 1621, 1564, 9.65609, 0
PixelHit 1621, 1565, 14.4537, 0
PixelHit 1621, 1566, 17.6393, 0
PixelHit 1621, 1567, 3.2774, 0
PixelHit 1622, 1564, 7.8942, 0
PixelHit 1622, 1565, 27.4803, 0
PixelHit 1622, 1566, 17.8582, 0
PixelHit 1623, 1564, 9.98891, 0
PixelHit 1623, 1565, 18.763, 0
PixelHit 1623, 1566, 24.2969, 0
PixelHit 1623, 1567, 8.93758, 0
PixelHit 1624, 1563, 1.80374, 0
PixelHit 1624, 1564, 5.76465, 0
PixelHit 1624, 1565, 23.9993, 0
PixelHit 1624, 1566, 21.5061, 0
PixelHit 1624, 1567, 3.91614, 0
PixelHit 1624, 1568, 1.65435, 0
PixelHit 1625, 1563, 1.09032, 0
PixelHit 1625, 1564, 21.029, 0
PixelHit 1625, 1565, 37.7477, 0
PixelHit 1625, 1566, 29.4378, 0
PixelHit 1626, 1564, 14.7187, 0
PixelHit 1626, 1565, 24.6131, 0
PixelHit 1626, 1566, 20.3171, 0
PixelHit 1626, 1567, 2.06875, 0
PixelHit 1626, 1568, 2.10948, 0
PixelHit 1627, 1564, 13.9638, 0
PixelHit 1627, 1565, 30.091, 0
PixelHit 1627, 1566, 15.4304, 0
PixelHit 1627, 1567, 0.309952, 0
PixelHit 1628, 1561, 1.10949, 0
PixelHit 1628, 1563, 5.19373, 0
PixelHit 1628, 1564, 37.6709, 0
PixelHit 1628, 1565, 72.3544, 0
PixelHit 1628, 1566, 34.4887, 0
PixelHit 1628, 1567, 9.51387, 0
PixelHit 1629, 1563, 9.16367, 0
PixelHit 1629, 1564, 56.5249, 0
PixelHit 1629, 1565, 102.199, 0
PixelHit 1629, 1566, 48.1697, 0
PixelHit 1629, 1567, 6.55448, 0
PixelHit 1630, 1563, 1.2223, 0
PixelHit 1630, 1564, 24.0031, 0
PixelHit 1630, 1565, 41.7395, 0
PixelHit 1630, 1566, 31.0904, 0
PixelHit 1631, 1564, 8.14073, 0
PixelHit 1631, 1565, 8.45162, 0
PixelHit 1631, 1566, 5.84525, 0
PixelHit 1631, 1567, 0.694771, 0
PixelHit 1632, 1564, 2.92372, 0
PixelHit 1632, 1565, 4.69628, 0
PixelHit 1632, 1566, 1.86113, 0
PixelHit 1633, 1563, 1.55385, 0
PixelHit 1633, 1564, 8.05522, 0
PixelHit 1633, 1565, 12.0074, 0
PixelHit 1633, 1566, 8.26772, 0
PixelHit 1633, 1567, 1.79577, 0
PixelHit 1634, 1563, 4.51538, 0
PixelHit 1634, 1564, 16.3699, 0
PixelHit 1634, 1565, 27.1346, 0
PixelHit 1634, 1566, 5.50736, 0
PixelHit 1634, 1567, 0.929562, 0
PixelHit 1635, 1563, 6.4344, 0
PixelHit 1635, 1564, 24.5115, 0
PixelHit 1635, 1565, 13.4114, 0
PixelHit 1635, 1566, 12.0076, 0
PixelHit 1636, 1563, 9.31276, 0
PixelHit 1636, 1564, 19.46, 0
PixelHit 1636, 1565, 21.3716, 0
PixelHit 1636, 1566, 8.07524, 0
PixelHit 1636, 1567, 1.21744, 0
PixelHit 1637, 1563, 7.26333, 0
PixelHit 1637, 1564, 36.8728, 0
PixelHit 1637, 1565, 27.9386, 0
PixelHit 1637, 1566, 13.1457, 0
PixelHit 1638, 1563, 20.6222, 0
PixelHit 1638, 1564, 41.8334, 0
PixelHit 1638, 1565, 33.5208, 0
PixelHit 1638, 1566, 9.28462, 0
PixelHit 1638, 1567, 2.37134, 0
PixelHit 1639, 1562, 4.16575, 0
PixelHit 1639, 1563, 28.0653, 0
PixelHit 1639, 1564, 30.4829, 0
PixelHit 1639, 1565, 30.9808, 0
PixelHit 1639, 1566, 9.93659, 0
PixelHit 1639, 1567, 1.32717, 0
PixelHit 1640, 1562, 3.6355, 0
PixelHit 1640, 1563, 20.9351, 0
PixelHit 1640, 1564, 34.5671, 0
PixelHit 1640, 1565, 32.9444, 0
PixelHit 1640, 1566, 3.30616, 0
PixelHit 1641, 1562, 7.24053, 0
PixelHit 1641, 1563, 15.3872, 0
PixelHit 1641, 1564, 38.7146, 0
PixelHit 1641, 1565, 26.6127, 0
PixelHit 1641, 1566, 5.4293, 0
PixelHit 1641, 1567, 2.57441, 0
PixelHit 1642, 1561, 0.945381, 0
PixelHit 1642, 1562, 2.30807, 0
PixelHit 1642, 1563, 16.2819, 0
PixelHit 1642, 1564, 48.7429, 0
PixelHit 1642, 1565, 20.0063, 0
PixelHit 1642, 1566, 6.26645, 0
PixelHit 1643, 1563, 9.85173, 0
PixelHit 1643, 1564, 30.6585, 0
PixelHit 1643, 1565, 19.848, 0
PixelHit 1643, 1566, 5.8648, 0
PixelHit 1644, 1562, 1.32124, 0
PixelHit 1644, 1563, 12.6058, 0
PixelHit 1644, 1564, 10.2912, 0
PixelHit 1644, 1565, 14.5368, 0
PixelHit 1644, 1566, 2.61826, 0
PixelHit 1645, 1563, 3.96846, 0
PixelHit 1645, 1564, 12.9245, 0
PixelHit 1645, 1565, 5.70105, 0
PixelHit 1645, 1566, 4.86394, 0
PixelHit 1646, 1562, 1.05896, 0
PixelHit 1646, 1563, 3.54509, 0
PixelHit 1646, 1564, 7.8186, 0
PixelHit 1646, 1565, 9.5224, 0
PixelHit 1646, 1567, 0.835112, 0
PixelHit 1647, 1562, 3.62959, 0
PixelHit 1647, 1563, 10.2626, 0
PixelHit 1647, 1564, 13.6618, 0
PixelHit 1647, 1565, 7.10102, 0
PixelHit 1648, 1562, 1.55952, 0
PixelHit 1648, 1563, 15.6141, 0
PixelHit 1648, 1564, 15.434, 0
PixelHit 1648, 1565, 6.09103, 0
PixelHit 1648, 1566, 4.67682, 0
PixelHit 1649, 1562, 9.28949, 0
PixelHit 1649, 1563, 18.8563, 0
PixelHit 1649, 1564, 7.02383, 0
PixelHit 1649, 1565, 15.2613, 0
PixelHit 1650, 1562, 3.13076, 0
PixelHit 1650, 1563, 10.9548, 0
PixelHit 1650, 1564, 13.2301, 0
PixelHit 1650, 1565, 10.3094, 0
PixelHit 1650, 1566, 3.614, 0
PixelHit 1651, 1561, 1.37084, 0
PixelHit 1651, 1562, 0.617942, 0
PixelHit 1651, 1563, 5.58837, 0
PixelHit 1651, 1564, 12.6775, 0
PixelHit 1651, 1565, 4.15317, 0
PixelHit 1651, 1566, 3.14877, 0
PixelHit 1652, 1561, 0.694768, 0
PixelHit 1652, 1562, 6.50539, 0
PixelHit 1652, 1563, 12.8206, 0
PixelHit 1652, 1564, 5.847, 0
PixelHit 1652, 1565, 4.3489, 0
PixelHit 1653, 1561, 0.603002, 0
PixelHit 1653, 1562, 6.50314, 0
PixelHit 1653, 1563, 11.3524, 0
PixelHit 1653, 1564, 12.563, 0
PixelHit 1653, 1565, 5.96981, 0
PixelHit 1653, 1567, 3.38952, 0
PixelHit 1654, 1562, 9.35992, 0
PixelHit 1654, 1563, 22.4644, 0
PixelHit 1654, 1564, 26.2229, 0
PixelHit 1654, 1565, 8.51299, 0
PixelHit 1654, 1566, 2.15998, 0
PixelHit 1655, 1561, 6.24498, 0
PixelHit 1655, 1562, 14.7729, 0
PixelHit 1655, 1563, 21.5112, 0
PixelHit 1655, 1564, 20.9688, 0
PixelHit 1655, 1565, 6.43053, 0
PixelHit 1655, 1566, 0.734088, 0
PixelHit 1656, 1561, 4.91693, 0
PixelHit 1656, 1562, 19.1262, 0
PixelHit 1656, 1563, 33.5266, 0
PixelHit 1656, 1564, 19.3245, 0
PixelHit 1656, 1565, 4.48014, 0
PixelHit 1657, 1561, 0.962878, 0
PixelHit 1657, 1562, 11.7694, 0
PixelHit 1657, 1563, 27.1739, 0
PixelHit 1657, 1564, 28.1191, 0
PixelHit 1657, 1565, 10.4915, 0
PixelHit 1657, 1566, 2.05054, 0
PixelHit 1658, 1560, 0.793901, 0
PixelHit 1658, 1561, 3.55236, 0
PixelHit 1658, 1562, 2.47068, 0
PixelHit 1658, 1563, 18.7934, 0
PixelHit 1658, 1564, 13.3811, 0
PixelHit 1658, 1565, 6.2252, 0
PixelHit 1659, 1561, 1.54121, 0
PixelHit 1659, 1562, 11.4524, 0
PixelHit 1659, 1563, 8.20563, 0
PixelHit 1659, 1564, 9.68025, 0
PixelHit 1659, 1565, 3.05595, 0
PixelHit 1660, 1561, 3.41412, 0
PixelHit 1660, 1562, 12.8624, 0
PixelHit 1660, 1563, 17.8375, 0
PixelHit 1660, 1564, 8.41163, 0
PixelHit 1660, 1565, 3.61365, 0
PixelHit 1661, 1561, 5.73291, 0
PixelHit 1661, 1562, 20.8274, 0
PixelHit 1661, 1563, 32.2594, 0
PixelHit 1661, 1564, 28.3762, 0
PixelHit 1661, 1566, 4.06476, 0
PixelHit 1662, 1561, 7.60873, 0
PixelHit 1662, 1562, 18.8362, 0
PixelHit 1662, 1563, 29.3961, 0
PixelHit 1662, 1564, 22.301, 0
PixelHit 1662, 1565, 6.95409, 0
PixelHit 1663, 1561, 3.53559, 0
PixelHit 1663, 1562, 10.5112, 0
PixelHit 1663, 1563, 14.7961, 0
PixelHit 1663, 1564, 11.5292, 0
PixelHit 1663, 1565, 3.04578, 0
PixelHit 1664, 1561, 4.97784, 0
PixelHit 1664, 1562, 12.7077, 0
PixelHit 1664, 1563, 20.4846, 0
PixelHit 1664, 1564, 6.40939, 0
PixelHit 1664, 1565, 6.50677, 0
PixelHit 1665, 1561, 6.00792, 0
PixelHit 1665, 1562, 15.1396, 0
PixelHit 1665, 1563, 18.6445, 0
PixelHit 1665, 1564, 9.91105, 0
PixelHit 1665, 1565, 2.52859, 0
PixelHit 1665, 1566, 3.24435, 0
PixelHit 1666, 1560, 1.44538, 0
PixelHit 1666, 1561, 10.3982, 0
PixelHit 1666, 1562, 25.1667, 0
PixelHit 1666, 1563, 16.0493, 0
PixelHit 1666, 1564, 15.745, 0
PixelHit 1666, 1565, 4.55799, 0
PixelHit 1667, 1561, 7.84047, 0
PixelHit 1667, 1562, 15.7439, 0
PixelHit 1667, 1563, 24.273, 0
PixelHit 1667, 1564, 13.3042, 0
PixelHit 1667, 1565, 1.01803, 0
PixelHit 1667, 1566, 1.58077, 0
PixelHit 1668, 1559, 0.451226, 0
PixelHit 1668, 1560, 0.532399, 0
PixelHit 1668, 1561, 3.37862, 0
PixelHit 1668, 1562, 26.9891, 0
PixelHit 1668, 1563, 20.0232, 0
PixelHit 1668, 1564, 14.9613, 0
PixelHit 1668, 1565, 2.94062, 0
PixelHit 1669, 1561, 3.10134, 0
PixelHit 1669, 1562, 12.3275, 0
PixelHit 1669, 1563, 7.6329, 0
PixelHit 1669, 1564, 7.96022, 0
PixelHit 1669, 1565, 5.61147, 0
PixelHit 1670, 1561, 1.0525, 0
PixelHit 1670, 1562, 5.58643, 0
PixelHit 1670, 1563, 5.72392, 0
PixelHit 1670, 1564, 2.8274, 0
PixelHit 1670, 1565, 2.64727, 0
PixelHit 1671, 1561, 1.73975, 0
PixelHit 1671, 1562, 2.76985, 0
PixelHit 1672, 1562, 0.898171, 0
PixelHit 1672, 1564, 2.96097, 0
PixelHit 1672, 1565, 1.32934, 0
=== 36 ===
=== 37 ===
=== 38 ===
=== 39 ===
=== 40 ===
=== 41 ===
=== 42 ===
=== 43 ===
=== 44 ===
=== 45 ===
=== 46 ===
=== 47 ===
=== 48 ===
=== 49 ===
=== 50 ===
=== 51 ===
=== 52 ===
=== 53 ===
=== 54 ===
=== 55 ===
=== 56 ===
=== 57 ===
=== 58 ===
=== 59 ===
=== 60 ===
=== 61 ===
=== 62 ===
=== 63 ===
=== 64 ===
=== 65 ===
=== 66 ===
=== 67 ===
=== 68 ===
=== 69 ===
=== 70 ===
=== 71 ===
=== 72 ===
=== 73 ===
=== 74 ===
=== 75 ===
=== 76 ===
=== 77 ===
=== 78 ===
=== 79 ===
=== 80 ===
=== 81 ===
=== 82 ===
=== 83 ===
=== 84 ===
=== 85 ===
=== 86 ===
=== 87 ===
=== 88 ===
=== 89 ===
=== 90 ===
=== 91 ===
=== 92 ===
=== 93 ===
=== 94 ===
=== 95 ===
=== 96 ===
=== 97 ===
=== 98 ===
=== 99 ===
=== 100 ===
# 747 objects from 2 messages
