# Allpix Squared ASCII data - https://cern.ch/allpix-squared

=== 1 ===
=== 2 ===
=== 3 ===
=== 4 ===
=== 5 ===
=== 6 ===
=== 7 ===
=== 8 ===
=== 9 ===
=== 10 ===
=== 11 ===
=== 12 ===
=== 13 ===
=== 14 ===
=== 15 ===
=== 16 ===
=== 17 ===
=== 18 ===
=== 19 ===
=== 20 ===
=== 21 ===
--- mydetector ---
PixelHit 1094, 848, 2.92641, 0
PixelHit 1095, 843, 2.38584, 0
PixelHit 1095, 845, 3.92368, 0
PixelHit 1095, 846, 2.917, 0
PixelHit 1095, 847, 2.09517, 0
PixelHit 1095, 848, 2.20756, 0
PixelHit 1095, 849, 2.18264, 0
PixelHit 1095, 850, 5.54085, 0
PixelHit 1095, 851, 2.59027, 0
PixelHit 1095, 852, 6.87332, 0
PixelHit 1095, 853, 4.60521, 0
PixelHit 1095, 854, 6.54103, 0
PixelHit 1095, 855, 5.48118, 0
PixelHit 1095, 856, 5.71759, 0
PixelHit 1095, 857, 4.97934, 0
PixelHit 1095, 858, 1.52534, 0
PixelHit 1095, 859, 3.17897, 0
PixelHit 1095, 860, 4.07928, 0
PixelHit 1095, 861, 3.85064, 0
PixelHit 1095, 862, 5.05402, 0
PixelHit 1095, 863, 4.34631, 0
PixelHit 1095, 864, 4.15262, 0
PixelHit 1095, 865, 7.92569, 0
PixelHit 1095, 866, 16.5233, 0
PixelHit 1095, 867, 16.7714, 0
PixelHit 1095, 868, 15.758, 0
PixelHit 1095, 869, 5.72842, 0
PixelHit 1096, 843, 5.45915, 0
PixelHit 1096, 844, 15.1666, 0
PixelHit 1096, 845, 8.6738, 0
PixelHit 1096, 846, 7.87991, 0
PixelHit 1096, 847, 19.8584, 0
PixelHit 1096, 848, 15.5617, 0
PixelHit 1096, 849, 18.0468, 0
PixelHit 1096, 850, 7.01799, 0
PixelHit 1096, 851, 8.13701, 0
PixelHit 1096, 852, 18.4494, 0
PixelHit 1096, 853, 26.8012, 0
PixelHit 1096, 854, 25.2348, 0
PixelHit 1096, 855, 35.3883, 0
PixelHit 1096, 856, 26.304, 0
PixelHit 1096, 857, 25.0016, 0
PixelHit 1096, 858, 15.6239, 0
PixelHit 1096, 859, 26.1909, 0
PixelHit 1096, 860, 45.0729, 0
PixelHit 1096, 861, 58.3326, 0
PixelHit 1096, 862, 58.8698, 0
PixelHit 1096, 863, 31.0432, 0
PixelHit 1096, 864, 59.0928, 0
PixelHit 1096, 865, 69.5765, 0
PixelHit 1096, 866, 226.208, 0
PixelHit 1096, 867, 125.502, 0
PixelHit 1096, 868, 411.079, 0
PixelHit 1096, 869, 118.103, 0
PixelHit 1096, 870, 14.296, 0
PixelHit 1096, 871, 12.6947, 0
PixelHit 1097, 842, 7.17688, 0
PixelHit 1097, 843, 8.94289, 0
PixelHit 1097, 844, 11.7077, 0
PixelHit 1097, 845, 30.3468, 0
PixelHit 1097, 846, 14.2483, 0
PixelHit 1097, 847, 23.9116, 0
PixelHit 1097, 848, 23.4483, 0
PixelHit 1097, 849, 26.9736, 0
PixelHit 1097, 850, 19.6716, 0
PixelHit 1097, 851, 16.2344, 0
PixelHit 1097, 852, 31.3216, 0
PixelHit 1097, 853, 31.8152, 0
PixelHit 1097, 854, 64.384, 0
PixelHit 1097, 855, 53.6484, 0
PixelHit 1097, 856, 38.8588, 0
PixelHit 1097, 857, 23.7227, 0
PixelHit 1097, 858, 27.0626, 0
PixelHit 1097, 859, 30.1329, 0
PixelHit 1097, 860, 62.12, 0
PixelHit 1097, 861, 91.0085, 0
PixelHit 1097, 862, 43.9909, 0
PixelHit 1097, 863, 33.0642, 0
PixelHit 1097, 864, 46.6518, 0
PixelHit 1097, 865, 42.9323, 0
PixelHit 1097, 866, 133.529, 0
PixelHit 1097, 867, 71.7979, 0
PixelHit 1097, 868, 139.277, 0
PixelHit 1097, 869, 32.0597, 0
PixelHit 1097, 870, 1.98597, 0
PixelHit 1098, 842, 4.73536, 0
PixelHit 1098, 843, 9.72461, 0
PixelHit 1098, 844, 13.8938, 0
PixelHit 1098, 845, 14.6714, 0
PixelHit 1098, 846, 21.699, 0
PixelHit 1098, 847, 19.0529, 0
PixelHit 1098, 848, 25.0059, 0
PixelHit 1098, 849, 15.988, 0
PixelHit 1098, 850, 6.24095, 0
PixelHit 1098, 851, 10.3355, 0
PixelHit 1098, 852, 21.4191, 0
PixelHit 1098, 853, 26.6147, 0
PixelHit 1098, 854, 27.0554, 0
PixelHit 1098, 855, 30.2713, 0
PixelHit 1098, 856, 19.8796, 0
PixelHit 1098, 857, 11.8359, 0
PixelHit 1098, 858, 14.3532, 0
PixelHit 1098, 859, 7.49268, 0
PixelHit 1098, 860, 15.7392, 0
PixelHit 1098, 861, 21.1341, 0
PixelHit 1098, 862, 12.1358, 0
PixelHit 1098, 863, 6.72998, 0
PixelHit 1098, 864, 3.71446, 0
PixelHit 1098, 865, 2.77083, 0
PixelHit 1098, 866, 2.51321, 0
PixelHit 1098, 867, 4.33298, 0
PixelHit 1099, 843, 7.04753, 0
PixelHit 1099, 844, 9.23079, 0
PixelHit 1099, 845, 3.25472, 0
PixelHit 1099, 846, 8.63136, 0
PixelHit 1099, 847, 7.84955, 0
PixelHit 1099, 848, 5.85535, 0
PixelHit 1099, 849, 5.99318, 0
PixelHit 1099, 850, 4.91004, 0
PixelHit 1099, 851, 2.90676, 0
PixelHit 1099, 852, 4.62599, 0
PixelHit 1099, 853, 8.09023, 0
PixelHit 1099, 854, 4.22785, 0
PixelHit 1099, 855, 7.48073, 0
PixelHit 1099, 856, 3.75261, 0
PixelHit 1099, 859, 2.65174, 0
PixelHit 1100, 844, 8.56795, 0
PixelHit 1100, 845, 2.25446, 0
PixelHit 1100, 847, 0.992584, 0
PixelHit 1100, 849, 3.08941, 0
PixelHit 1100, 850, 1.37766, 0
PixelHit 1100, 855, 1.23017, 0
PixelHit 1100, 857, -1.48795, 0
PixelHit 1101, 845, 1.6715, 0
=== 22 ===
=== 23 ===
=== 24 ===
=== 25 ===
=== 26 ===
--- mydetector ---
PixelHit 1422, 737, -0.179966, 0
PixelHit 1422, 740, 2.79993, 0
PixelHit 1422, 741, 2.41161, 0
PixelHit 1422, 744, 2.93061, 0
PixelHit 1423, 732, 1.72268, 0
PixelHit 1423, 734, 2.82875, 0
PixelHit 1423, 735, 5.43817, 0
PixelHit 1423, 736, 4.0952, 0
PixelHit 1423, 737, 2.98748, 0
PixelHit 1423, 738, 2.54468, 0
PixelHit 1423, 739, 4.9366, 0
PixelHit 1423, 740, 3.36375, 0
PixelHit 1423, 741, 10.4831, 0
PixelHit 1423, 742, 8.28793, 0
PixelHit 1423, 747, 1.6986, 0
PixelHit 1423, 749, 3.30027, 0
PixelHit 1424, 734, 10.2569, 0
PixelHit 1424, 735, 9.76145, 0
PixelHit 1424, 736, 15.4184, 0
PixelHit 1424, 737, 7.30403, 0
PixelHit 1424, 738, 16.7462, 0
PixelHit 1424, 739, 12.2208, 0
PixelHit 1424, 740, 18.654, 0
PixelHit 1424, 741, 22.4151, 0
PixelHit 1424, 742, 21.4264, 0
PixelHit 1424, 743, 9.876, 0
PixelHit 1424, 744, 13.0668, 0
PixelHit 1424, 745, 8.14196, 0
PixelHit 1424, 746, 6.81269, 0
PixelHit 1424, 747, 3.26896, 0
PixelHit 1424, 748, 2.80881, 0
PixelHit 1424, 749, 5.35564, 0
PixelHit 1424, 750, 9.63098, 0
PixelHit 1424, 751, 16.9594, 0
PixelHit 1424, 752, 5.44811, 0
PixelHit 1424, 753, 0.917832, 0
PixelHit 1424, 754, 1.92731, 0
PixelHit 1424, 756, 0.72763, 0
PixelHit 1425, 734, 3.32794, 0
PixelHit 1425, 735, 13.544, 0
PixelHit 1425, 736, 13.9021, 0
PixelHit 1425, 737, 26.0708, 0
PixelHit 1425, 738, 13.59, 0
PixelHit 1425, 739, 24.5546, 0
PixelHit 1425, 740, 33.6306, 0
PixelHit 1425, 741, 29.5946, 0
PixelHit 1425, 742, 28.9392, 0
PixelHit 1425, 743, 17.4543, 0
PixelHit 1425, 744, 33.3377, 0
PixelHit 1425, 745, 21.1543, 0
PixelHit 1425, 746, 16.0493, 0
PixelHit 1425, 747, 14.6675, 0
PixelHit 1425, 748, 7.11882, 0
PixelHit 1425, 749, 23.9111, 0
PixelHit 1425, 750, 34.3872, 0
PixelHit 1425, 751, 36.8607, 0
PixelHit 1425, 752, 22.3864, 0
PixelHit 1425, 753, 9.60475, 0
PixelHit 1425, 754, 23.9445, 0
PixelHit 1425, 755, 31.9393, 0
PixelHit 1425, 756, 20.3584, 0
PixelHit 1425, 757, 13.0378, 0
PixelHit 1425, 758, 14.4322, 0
PixelHit 1425, 759, 3.87171, 0
PixelHit 1426, 734, 5.91797, 0
PixelHit 1426, 735, 10.1105, 0
PixelHit 1426, 736, 10.7641, 0
PixelHit 1426, 737, 15.5168, 0
PixelHit 1426, 738, 7.86234, 0
PixelHit 1426, 739, 13.4167, 0
PixelHit 1426, 740, 25.9467, 0
PixelHit 1426, 741, 20.1136, 0
PixelHit 1426, 742, 25.0427, 0
PixelHit 1426, 743, 18.4251, 0
PixelHit 1426, 744, 18.7007, 0
PixelHit 1426, 745, 20.759, 0
PixelHit 1426, 746, 6.49549, 0
PixelHit 1426, 747, 8.81483, 0
PixelHit 1426, 748, 17.6311, 0
PixelHit 1426, 749, 22.7925, 0
PixelHit 1426, 750, 31.6534, 0
PixelHit 1426, 751, 31.7698, 0
PixelHit 1426, 752, 12.9348, 0
PixelHit 1426, 753, 25.5427, 0
PixelHit 1426, 754, 34.9809, 0
PixelHit 1426, 755, 43.4864, 0
PixelHit 1426, 756, 54.9932, 0
PixelHit 1426, 757, 26.351, 0
PixelHit 1426, 758, 48.8676, 0
PixelHit 1426, 759, 16.1101, 0
PixelHit 1426, 760, 17.8646, 0
PixelHit 1426, 761, 30.0997, 0
PixelHit 1426, 762, 32.2484, 0
PixelHit 1427, 734, -0.106987, 0
PixelHit 1427, 735, 2.72477, 0
PixelHit 1427, 736, 1.68146, 0
PixelHit 1427, 737, 3.33751, 0
PixelHit 1427, 738, 3.7999, 0
PixelHit 1427, 739, 4.20495, 0
PixelHit 1427, 740, 5.9253, 0
PixelHit 1427, 741, 4.69778, 0
PixelHit 1427, 742, 4.51471, 0
PixelHit 1427, 743, 5.87746, 0
PixelHit 1427, 744, 9.57706, 0
PixelHit 1427, 746, 3.18595, 0
PixelHit 1427, 747, 2.74782, 0
PixelHit 1427, 748, 2.86512, 0
PixelHit 1427, 749, 10.0871, 0
PixelHit 1427, 750, 8.97048, 0
PixelHit 1427, 751, 6.93819, 0
PixelHit 1427, 752, 3.88065, 0
PixelHit 1427, 753, 1.67741, 0
PixelHit 1427, 754, 4.81649, 0
PixelHit 1427, 755, 7.16463, 0
PixelHit 1427, 756, 10.3797, 0
PixelHit 1427, 757, 3.25766, 0
PixelHit 1427, 758, 4.65362, 0
PixelHit 1427, 759, 4.9789, 0
PixelHit 1427, 762, 2.16895, 0
PixelHit 1428, 733, 1.79917, 0
PixelHit 1428, 738, 1.14537, 0
PixelHit 1428, 741, 1.8988, 0
PixelHit 1428, 750, 1.71523, 0
PixelHit 1428, 753, 1.73134, 0
PixelHit 1428, 754, 2.07089, 0
PixelHit 1429, 736, 1.35192, 0
=== 27 ===
=== 28 ===
=== 29 ===
=== 30 ===
=== 31 ===
=== 32 ===
=== 33 ===
=== 34 ===
=== 35 ===
=== 36 ===
=== 37 ===
=== 38 ===
=== 39 ===
=== 40 ===
=== 41 ===
=== 42 ===
--- mydetector ---
PixelHit 1418, 1044, 3.51502, 0
PixelHit 1418, 1045, 2.0975, 0
PixelHit 1418, 1046, 1.65837, 0
PixelHit 1418, 1050, 1.90349, 0
PixelHit 1418, 1051, 2.32172, 0
PixelHit 1418, 1052, 1.76577, 0
PixelHit 1419, 1042, 1.03477, 0
PixelHit 1419, 1043, 2.66842, 0
PixelHit 1419, 1045, 8.38211, 0
PixelHit 1419, 1046, 4.05936, 0
PixelHit 1419, 1047, 8.33784, 0
PixelHit 1419, 1048, 1.40323, 0
PixelHit 1419, 1049, 6.76881, 0
PixelHit 1419, 1050, 5.03722, 0
PixelHit 1419, 1051, 3.25888, 0
PixelHit 1419, 1052, 8.58396, 0
PixelHit 1419, 1053, 4.89704, 0
PixelHit 1419, 1054, 2.08085, 0
PixelHit 1419, 1055, 2.74584, 0
PixelHit 1419, 1056, 4.77695, 0
PixelHit 1419, 1057, 3.05752, 0
PixelHit 1419, 1058, 5.3877, 0
PixelHit 1419, 1059, 1.48605, 0
PixelHit 1419, 1061, 2.70397, 0
PixelHit 1419, 1062, 2.88588, 0
PixelHit 1420, 1043, 2.76033, 0
PixelHit 1420, 1044, 5.21572, 0
PixelHit 1420, 1045, 13.1302, 0
PixelHit 1420, 1046, 19.3418, 0
PixelHit 1420, 1047, 12.9442, 0
PixelHit 1420, 1048, 19.1908, 0
PixelHit 1420, 1049, 18.4046, 0
PixelHit 1420, 1050, 11.223, 0
PixelHit 1420, 1051, 26.2194, 0
PixelHit 1420, 1052, 18.2075, 0
PixelHit 1420, 1053, 12.3862, 0
PixelHit 1420, 1054, 11.8601, 0
PixelHit 1420, 1055, 11.9412, 0
PixelHit 1420, 1056, 14.3261, 0
PixelHit 1420, 1057, 12.3389, 0
PixelHit 1420, 1058, 9.62164, 0
PixelHit 1420, 1059, 10.9632, 0
PixelHit 1420, 1060, 10.8749, 0
PixelHit 1420, 1061, 9.31341, 0
PixelHit 1420, 1062, 9.49293, 0
PixelHit 1420, 1063, 8.7661, 0
PixelHit 1420, 1064, 6.49907, 0
PixelHit 1420, 1065, 2.03641, 0
PixelHit 1420, 1066, 7.67137, 0
PixelHit 1420, 1067, 2.90021, 0
PixelHit 1420, 1069, 1.85058, 0
PixelHit 1421, 1043, 5.76681, 0
PixelHit 1421, 1044, 8.57991, 0
PixelHit 1421, 1045, 15.1389, 0
PixelHit 1421, 1046, 11.7155, 0
PixelHit 1421, 1047, 29.1548, 0
PixelHit 1421, 1048, 12.7937, 0
PixelHit 1421, 1049, 14.5387, 0
PixelHit 1421, 1050, 25.5366, 0
PixelHit 1421, 1051, 40.4555, 0
PixelHit 1421, 1052, 31.5997, 0
PixelHit 1421, 1053, 14.522, 0
PixelHit 1421, 1054, 14.8369, 0
PixelHit 1421, 1055, 22.4557, 0
PixelHit 1421, 1056, 24.9631, 0
PixelHit 1421, 1057, 30.8176, 0
PixelHit 1421, 1058, 29.3873, 0
PixelHit 1421, 1059, 25.319, 0
PixelHit 1421, 1060, 32.7111, 0
PixelHit 1421, 1061, 19.9576, 0
PixelHit 1421, 1062, 34.6725, 0
PixelHit 1421, 1063, 26.5664, 0
PixelHit 1421, 1064, 10.9114, 0
PixelHit 1421, 1065, 20.9373, 0
PixelHit 1421, 1066, 29.3648, 0
PixelHit 1421, 1067, 28.1409, 0
PixelHit 1421, 1068, 12.6248, 0
PixelHit 1421, 1069, 23.9006, 0
PixelHit 1421, 1070, 50.1914, 0
PixelHit 1421, 1071, 55.1556, 0
PixelHit 1421, 1072, 25.8606, 0
PixelHit 1421, 1073, 6.6338, 0
PixelHit 1422, 1044, 2.71903, 0
PixelHit 1422, 1045, 9.0334, 0
PixelHit 1422, 1046, 15.5197, 0
PixelHit 1422, 1047, 15.7874, 0
PixelHit 1422, 1048, 9.33837, 0
PixelHit 1422, 1049, 10.9192, 0
PixelHit 1422, 1050, 16.1452, 0
PixelHit 1422, 1051, 20.9934, 0
PixelHit 1422, 1052, 24.8359, 0
PixelHit 1422, 1053, 10.8554, 0
PixelHit 1422, 1054, 6.91498, 0
PixelHit 1422, 1055, 11.4127, 0
PixelHit 1422, 1056, 23.2403, 0
PixelHit 1422, 1057, 18.2183, 0
PixelHit 1422, 1058, 20.3866, 0
PixelHit 1422, 1059, 16.5419, 0
PixelHit 1422, 1060, 15.9079, 0
PixelHit 1422, 1061, 24.4083, 0
PixelHit 1422, 1062, 27.218, 0
PixelHit 1422, 1063, 15.5476, 0
PixelHit 1422, 1064, 19.3031, 0
PixelHit 1422, 1065, 18.8296, 0
PixelHit 1422, 1066, 38.1108, 0
PixelHit 1422, 1067, 44.4723, 0
PixelHit 1422, 1068, 20.9174, 0
PixelHit 1422, 1069, 62.5155, 0
PixelHit 1422, 1070, 109.643, 0
PixelHit 1422, 1071, 114.753, 0
PixelHit 1422, 1072, 99.4608, 0
PixelHit 1422, 1073, 31.5717, 0
PixelHit 1422, 1074, 1.06188, 0
PixelHit 1423, 1045, 2.77966, 0
PixelHit 1423, 1046, 1.03638, 0
PixelHit 1423, 1047, 2.98446, 0
PixelHit 1423, 1048, 2.25316, 0
PixelHit 1423, 1049, 2.82629, 0
PixelHit 1423, 1050, 2.44055, 0
PixelHit 1423, 1051, 5.30457, 0
PixelHit 1423, 1052, 3.55807, 0
PixelHit 1423, 1053, 1.03864, 0
PixelHit 1423, 1054, 3.26697, 0
PixelHit 1423, 1055, 6.67596, 0
PixelHit 1423, 1057, 6.8142, 0
PixelHit 1423, 1058, 4.91894, 0
PixelHit 1423, 1059, 3.20561, 0
PixelHit 1423, 1060, 2.27295, 0
PixelHit 1423, 1061, 3.95944, 0
PixelHit 1423, 1062, 9.97359, 0
PixelHit 1423, 1063, 4.91241, 0
PixelHit 1423, 1064, 3.83189, 0
PixelHit 1423, 1065, 3.44764, 0
PixelHit 1423, 1066, 0.332306, 0
PixelHit 1423, 1067, 10.7602, 0
PixelHit 1423, 1070, 7.54803, 0
PixelHit 1423, 1071, 7.35493, 0
PixelHit 1423, 1072, 2.7112, 0
PixelHit 1424, 1049, 1.43973, 0
PixelHit 1424, 1060, 2.19771, 0
PixelHit 1520, 948, 0.712566, 0
PixelHit 1521, 943, 2.32007, 0
PixelHit 1521, 945, 2.40477, 0
PixelHit 1521, 948, 0.719879, 0
PixelHit 1521, 949, 2.46192, 0
PixelHit 1521, 950, 3.64921, 0
PixelHit 1521, 951, 3.25581, 0
PixelHit 1521, 954, 3.01509, 0
PixelHit 1522, 942, 1.51765, 0
PixelHit 1522, 944, 5.04444, 0
PixelHit 1522, 945, 8.00337, 0
PixelHit 1522, 946, 5.1789, 0
PixelHit 1522, 947, 5.96661, 0
PixelHit 1522, 948, 15.2288, 0
PixelHit 1522, 949, 14.7, 0
PixelHit 1522, 950, 11.4373, 0
PixelHit 1522, 951, 12.6254, 0
PixelHit 1522, 952, 4.20802, 0
PixelHit 1522, 953, 3.54807, 0
PixelHit 1522, 955, 4.71514, 0
PixelHit 1522, 956, 7.87751, 0
PixelHit 1522, 957, 8.93924, 0
PixelHit 1522, 958, 2.49997, 0
PixelHit 1522, 964, 0.611314, 0
PixelHit 1523, 944, 7.59589, 0
PixelHit 1523, 945, 10.4513, 0
PixelHit 1523, 946, 11.0477, 0
PixelHit 1523, 947, 15.515, 0
PixelHit 1523, 948, 19.8542, 0
PixelHit 1523, 949, 14.8748, 0
PixelHit 1523, 950, 26.8206, 0
PixelHit 1523, 951, 21.7691, 0
PixelHit 1523, 952, 14.6216, 0
PixelHit 1523, 953, 11.5519, 0
PixelHit 1523, 954, 23.0123, 0
PixelHit 1523, 955, 40.4354, 0
PixelHit 1523, 956, 41.9049, 0
PixelHit 1523, 957, 19.3757, 0
PixelHit 1523, 958, 8.64446, 0
PixelHit 1523, 959, 5.19395, 0
PixelHit 1523, 960, 2.30479, 0
PixelHit 1523, 961, 6.53558, 0
PixelHit 1523, 962, 4.99338, 0
PixelHit 1523, 963, 10.5644, 0
PixelHit 1523, 964, 7.64848, 0
PixelHit 1523, 965, 3.65884, 0
PixelHit 1523, 966, 3.29203, 0
PixelHit 1523, 967, 0.917862, 0
PixelHit 1523, 968, 0.588679, 0
PixelHit 1524, 942, 0.381587, 0
PixelHit 1524, 943, 3.12523, 0
PixelHit 1524, 944, 5.50861, 0
PixelHit 1524, 945, 9.39819, 0
PixelHit 1524, 946, 6.93124, 0
PixelHit 1524, 947, 16.3915, 0
PixelHit 1524, 948, 13.754, 0
PixelHit 1524, 949, 16.7588, 0
PixelHit 1524, 950, 24.8102, 0
PixelHit 1524, 951, 19.9821, 0
PixelHit 1524, 952, 14.1563, 0
PixelHit 1524, 953, 21.4473, 0
PixelHit 1524, 954, 37.9165, 0
PixelHit 1524, 955, 64.3031, 0
PixelHit 1524, 956, 70.0464, 0
PixelHit 1524, 957, 38.1887, 0
PixelHit 1524, 958, 15.4861, 0
PixelHit 1524, 959, 14.9476, 0
PixelHit 1524, 960, 23.4323, 0
PixelHit 1524, 961, 32.476, 0
PixelHit 1524, 962, 34.547, 0
PixelHit 1524, 963, 81.6783, 0
PixelHit 1524, 964, 50.1891, 0
PixelHit 1524, 965, 38.445, 0
PixelHit 1524, 966, 23.0327, 0
PixelHit 1524, 967, 9.69444, 0
PixelHit 1524, 968, 13.2843, 0
PixelHit 1524, 969, 12.5937, 0
PixelHit 1524, 970, 2.52846, 0
PixelHit 1525, 944, 4.90537, 0
PixelHit 1525, 945, 1.42856, 0
PixelHit 1525, 947, 6.48178, 0
PixelHit 1525, 948, 10.2071, 0
PixelHit 1525, 949, 8.34494, 0
PixelHit 1525, 950, 11.1631, 0
PixelHit 1525, 951, 8.87711, 0
PixelHit 1525, 952, 12.7409, 0
PixelHit 1525, 953, 4.01446, 0
PixelHit 1525, 954, 16.1638, 0
PixelHit 1525, 955, 34.9266, 0
PixelHit 1525, 956, 41.8806, 0
PixelHit 1525, 957, 22.6935, 0
PixelHit 1525, 958, 12.1942, 0
PixelHit 1525, 959, 13.2051, 0
PixelHit 1525, 960, 15.7715, 0
PixelHit 1525, 961, 25.6312, 0
PixelHit 1525, 962, 37.0155, 0
PixelHit 1525, 963, 89.0367, 0
PixelHit 1525, 964, 49.0162, 0
PixelHit 1525, 965, 62.2131, 0
PixelHit 1525, 966, 34.8597, 0
PixelHit 1525, 967, 16.4245, 0
PixelHit 1525, 968, 42.8448, 0
PixelHit 1525, 969, 87.4891, 0
PixelHit 1525, 970, 98.9352, 0
PixelHit 1525, 971, 56.9742, 0
PixelHit 1525, 972, 7.01311, 0
PixelHit 1526, 945, 1.40389, 0
PixelHit 1526, 946, 2.13895, 0
PixelHit 1526, 948, 3.25921, 0
PixelHit 1526, 949, 1.59623, 0
PixelHit 1526, 950, 1.86828, 0
PixelHit 1526, 951, 4.06169, 0
PixelHit 1526, 952, 4.47284, 0
PixelHit 1526, 953, 2.61686, 0
PixelHit 1526, 954, 5.96434, 0
PixelHit 1526, 955, 7.73327, 0
PixelHit 1526, 956, 8.92706, 0
PixelHit 1526, 957, 4.75177, 0
PixelHit 1526, 958, 2.5579, 0
PixelHit 1526, 959, 6.16673, 0
PixelHit 1526, 960, 1.00762, 0
PixelHit 1526, 961, 4.47942, 0
PixelHit 1526, 962, 10.6558, 0
PixelHit 1526, 963, 15.7996, 0
PixelHit 1526, 964, 18.7149, 0
PixelHit 1526, 965, 8.98686, 0
PixelHit 1526, 966, 9.73201, 0
PixelHit 1526, 967, 5.75104, 0
PixelHit 1526, 968, 8.03336, 0
PixelHit 1526, 969, 19.8517, 0
PixelHit 1526, 970, 16.0064, 0
PixelHit 1526, 971, 4.70702, 0
PixelHit 1527, 947, 1.00427, 0
PixelHit 1527, 948, 1.14583, 0
PixelHit 1527, 953, 0.997971, 0
PixelHit 1527, 957, 2.9457, 0
PixelHit 1527, 963, 1.75486, 0
=== 43 ===
=== 44 ===
=== 45 ===
=== 46 ===
=== 47 ===
=== 48 ===
=== 49 ===
=== 50 ===
=== 51 ===
=== 52 ===
=== 53 ===
=== 54 ===
=== 55 ===
=== 56 ===
=== 57 ===
=== 58 ===
=== 59 ===
=== 60 ===
=== 61 ===
=== 62 ===
=== 63 ===
=== 64 ===
=== 65 ===
=== 66 ===
=== 67 ===
=== 68 ===
=== 69 ===
=== 70 ===
=== 71 ===
=== 72 ===
=== 73 ===
=== 74 ===
=== 75 ===
=== 76 ===
=== 77 ===
=== 78 ===
=== 79 ===
=== 80 ===
=== 81 ===
=== 82 ===
=== 83 ===
=== 84 ===
=== 85 ===
=== 86 ===
=== 87 ===
=== 88 ===
=== 89 ===
=== 90 ===
=== 91 ===
=== 92 ===
=== 93 ===
=== 94 ===
=== 95 ===
=== 96 ===
=== 97 ===
=== 98 ===
=== 99 ===
=== 100 ===
# 537 objects from 3 messages
