# Allpix Squared ASCII data - https://cern.ch/allpix-squared

=== 1 ===
=== 2 ===
=== 3 ===
=== 4 ===
=== 5 ===
=== 6 ===
=== 7 ===
=== 8 ===
=== 9 ===
=== 10 ===
=== 11 ===
=== 12 ===
=== 13 ===
=== 14 ===
=== 15 ===
=== 16 ===
=== 17 ===
=== 18 ===
=== 19 ===
=== 20 ===
=== 21 ===
=== 22 ===
=== 23 ===
=== 24 ===
=== 25 ===
=== 26 ===
=== 27 ===
=== 28 ===
=== 29 ===
=== 30 ===
=== 31 ===
=== 32 ===
=== 33 ===
=== 34 ===
=== 35 ===
=== 36 ===
=== 37 ===
=== 38 ===
=== 39 ===
--- mydetector ---
PixelHit 146, 1771, 29.5633, 0
PixelHit 146, 1772, 49.2645, 0
PixelHit 147, 1769, 2.2519, 0
PixelHit 147, 1770, 11.4979, 0
PixelHit 147, 1771, 41.842, 0
PixelHit 147, 1772, 9.67676, 0
PixelHit 148, 1767, 7.76053, 0
PixelHit 148, 1768, 14.1168, 0
PixelHit 148, 1769, 51.878, 0
PixelHit 148, 1770, 15.6537, 0
PixelHit 148, 1771, 3.11021, 0
PixelHit 149, 1766, 6.32864, 0
PixelHit 149, 1767, 65.7546, 0
PixelHit 149, 1768, 135.228, 0
PixelHit 149, 1769, 20.0963, 0
PixelHit 150, 1764, 3.69931, 0
PixelHit 150, 1765, 10.7488, 0
PixelHit 150, 1766, 70.1183, 0
PixelHit 150, 1767, 61.8544, 0
PixelHit 150, 1768, 54.8246, 0
PixelHit 150, 1769, 1.45725, 0
PixelHit 151, 1763, 5.03412, 0
PixelHit 151, 1764, 26.7945, 0
PixelHit 151, 1765, 61.0391, 0
PixelHit 151, 1766, 45.9023, 0
PixelHit 151, 1767, 16.0636, 0
PixelHit 151, 1768, 1.35372, 0
PixelHit 152, 1762, 2.5696, 0
PixelHit 152, 1763, 29.2938, 0
PixelHit 152, 1764, 34.8778, 0
PixelHit 152, 1765, 32.0853, 0
PixelHit 152, 1766, 9.06792, 0
PixelHit 152, 1767, 2.78961, 0
PixelHit 152, 1768, 0.798639, 0
PixelHit 153, 1760, 1.38785, 0
PixelHit 153, 1761, 0.924074, 0
PixelHit 153, 1762, 11.4584, 0
PixelHit 153, 1763, 28.5401, 0
PixelHit 153, 1764, 19.0413, 0
PixelHit 153, 1766, 2.02877, 0
PixelHit 154, 1758, 4.1175, 0
PixelHit 154, 1760, 9.87135, 0
PixelHit 154, 1761, 11.198, 0
PixelHit 154, 1762, 8.1655, 0
PixelHit 154, 1763, 7.23308, 0
PixelHit 154, 1764, 2.76586, 0
PixelHit 155, 1757, 2.05526, 0
PixelHit 155, 1758, 4.04171, 0
PixelHit 155, 1759, 26.4714, 0
PixelHit 155, 1760, 23.8685, 0
PixelHit 155, 1761, 10.3935, 0
PixelHit 155, 1762, 6.61202, 0
PixelHit 155, 1763, 2.10891, 0
PixelHit 156, 1757, 5.79302, 0
PixelHit 156, 1758, 38.9443, 0
PixelHit 156, 1759, 32.4644, 0
PixelHit 156, 1760, 16.7344, 0
PixelHit 156, 1762, 0.95699, 0
PixelHit 157, 1754, 3.09272, 0
PixelHit 157, 1755, 17.8124, 0
PixelHit 157, 1756, 7.67621, 0
PixelHit 157, 1757, 13.2372, 0
PixelHit 157, 1758, 17.2896, 0
PixelHit 157, 1759, 18.4298, 0
PixelHit 157, 1760, 6.19444, 0
PixelHit 158, 1753, 2.29236, 0
PixelHit 158, 1754, 8.14472, 0
PixelHit 158, 1755, 25.6614, 0
PixelHit 158, 1756, 37.1085, 0
PixelHit 158, 1757, 20.032, 0
PixelHit 158, 1758, 11.0516, 0
PixelHit 158, 1759, 4.43363, 0
PixelHit 158, 1761, 1.40621, 0
PixelHit 159, 1751, 4.16938, 0
PixelHit 159, 1752, 6.50672, 0
PixelHit 159, 1753, 17.8402, 0
PixelHit 159, 1754, 23.1884, 0
PixelHit 159, 1755, 38.0275, 0
PixelHit 159, 1756, 28.7356, 0
PixelHit 159, 1757, 15.5002, 0
PixelHit 159, 1758, 4.40431, 0
PixelHit 160, 1748, 1.55609, 0
PixelHit 160, 1749, 0.197436, 0
PixelHit 160, 1750, 3.87707, 0
PixelHit 160, 1751, 7.68038, 0
PixelHit 160, 1752, 20.9567, 0
PixelHit 160, 1753, 37.0423, 0
PixelHit 160, 1754, 16.5103, 0
PixelHit 160, 1755, 17.3385, 0
PixelHit 160, 1756, 10.1433, 0
PixelHit 160, 1757, 3.83475, 0
PixelHit 161, 1750, 3.88286, 0
PixelHit 161, 1751, 15.4575, 0
PixelHit 161, 1752, 33.7865, 0
PixelHit 161, 1753, 41.3978, 0
PixelHit 161, 1754, 21.4182, 0
PixelHit 161, 1755, 9.56152, 0
PixelHit 161, 1756, 5.40562, 0
PixelHit 162, 1748, 4.22008, 0
PixelHit 162, 1749, 11.6958, 0
PixelHit 162, 1750, 10.9427, 0
PixelHit 162, 1751, 18.9036, 0
PixelHit 162, 1752, 15.2558, 0
PixelHit 162, 1753, 15.7408, 0
PixelHit 162, 1754, 6.85327, 0
PixelHit 162, 1755, 3.72628, 0
PixelHit 163, 1745, 2.90986, 0
PixelHit 163, 1746, 0.998803, 0
PixelHit 163, 1747, 6.61514, 0
PixelHit 163, 1748, 11.0228, 0
PixelHit 163, 1749, 17.3127, 0
PixelHit 163, 1750, 13.7501, 0
PixelHit 163, 1751, 2.30751, 0
PixelHit 163, 1752, 4.76111, 0
PixelHit 163, 1753, 3.01354, 0
PixelHit 164, 1746, 3.25442, 0
PixelHit 164, 1747, 14.7892, 0
PixelHit 164, 1748, 25.6223, 0
PixelHit 164, 1749, 20.283, 0
PixelHit 164, 1750, 6.68851, 0
PixelHit 164, 1751, 7.10885, 0
PixelHit 164, 1752, 2.0353, 0
PixelHit 165, 1745, 2.68183, 0
PixelHit 165, 1746, 11.5291, 0
PixelHit 165, 1747, 19.4101, 0
PixelHit 165, 1748, 14.0049, 0
PixelHit 165, 1749, 8.47414, 0
PixelHit 165, 1750, 4.35989, 0
PixelHit 166, 1743, 3.10209, 0
PixelHit 166, 1744, 2.91299, 0
PixelHit 166, 1745, 7.75211, 0
PixelHit 166, 1746, 10.3444, 0
PixelHit 166, 1747, 10.8374, 0
PixelHit 166, 1748, 7.53266, 0
PixelHit 166, 1749, 8.42493, 0
PixelHit 166, 1751, 2.54817, 0
PixelHit 167, 1739, 1.79655, 0
PixelHit 167, 1740, 4.2912, 0
PixelHit 167, 1741, 5.55978, 0
PixelHit 167, 1742, 9.13677, 0
PixelHit 167, 1743, 11.0025, 0
PixelHit 167, 1744, 7.59627, 0
PixelHit 167, 1745, 5.45826, 0
PixelHit 167, 1746, 1.38495, 0
PixelHit 167, 1748, 4.75588, 0
PixelHit 167, 1749, 0.923852, 0
PixelHit 167, 1750, 0.992957, 0
PixelHit 168, 1739, 2.43359, 0
PixelHit 168, 1740, 9.8328, 0
PixelHit 168, 1741, 15.0566, 0
PixelHit 168, 1742, 18.4739, 0
PixelHit 168, 1743, 30.4771, 0
PixelHit 168, 1744, 6.8815, 0
PixelHit 168, 1745, 3.18018, 0
PixelHit 169, 1738, 4.40926, 0
PixelHit 169, 1739, 10.8127, 0
PixelHit 169, 1740, 18.449, 0
PixelHit 169, 1741, 25.4584, 0
PixelHit 169, 1742, 33.7086, 0
PixelHit 169, 1743, 15.6005, 0
PixelHit 169, 1744, 6.16239, 0
PixelHit 169, 1745, 1.43047, 0
PixelHit 170, 1736, 5.87221, 0
PixelHit 170, 1737, 15.4416, 0
PixelHit 170, 1738, 22.4677, 0
PixelHit 170, 1739, 26.457, 0
PixelHit 170, 1740, 23.1856, 0
PixelHit 170, 1741, 21.7759, 0
PixelHit 170, 1742, 21.0686, 0
PixelHit 170, 1743, 11.6892, 0
PixelHit 170, 1744, 7.13011, 0
PixelHit 171, 1736, 1.90643, 0
PixelHit 171, 1737, 17.7921, 0
PixelHit 171, 1738, 46.0587, 0
PixelHit 171, 1739, 52.4478, 0
PixelHit 171, 1740, 20.2724, 0
PixelHit 171, 1741, 10.9072, 0
PixelHit 171, 1742, 11.4689, 0
PixelHit 171, 1743, 3.91657, 0
PixelHit 172, 1736, 5.00101, 0
PixelHit 172, 1737, 28.5857, 0
PixelHit 172, 1738, 47.6224, 0
PixelHit 172, 1739, 38.9146, 0
PixelHit 172, 1740, 23.2606, 0
PixelHit 172, 1741, 7.17545, 0
PixelHit 172, 1742, 3.34892, 0
PixelHit 173, 1736, 5.29252, 0
PixelHit 173, 1737, 20.6587, 0
PixelHit 173, 1738, 17.3764, 0
PixelHit 173, 1739, 21.5571, 0
PixelHit 173, 1740, 9.14756, 0
PixelHit 174, 1737, 4.35783, 0
PixelHit 174, 1738, 6.32985, 0
PixelHit 174, 1739, 8.83433, 0
PixelHit 174, 1740, 5.57673, 0
PixelHit 175, 1736, 0.868899, 0
PixelHit 175, 1737, 1.63202, 0
PixelHit 175, 1740, 2.42435, 0
PixelHit 996, 269, 0.638555, 0
PixelHit 996, 270, 45.6054, 0
PixelHit 997, 267, 1.05456, 0
PixelHit 997, 268, 9.90861, 0
PixelHit 997, 269, 15.31, 0
PixelHit 997, 270, 7.62654, 0
PixelHit 998, 266, 7.03793, 0
PixelHit 998, 267, 36.5486, 0
PixelHit 998, 268, 48.2433, 0
PixelHit 998, 269, 10.7656, 0
PixelHit 999, 265, 13.769, 0
PixelHit 999, 266, 45.0581, 0
PixelHit 999, 267, 62.6788, 0
PixelHit 999, 268, 16.1958, 0
PixelHit 1000, 262, 2.23471, 0
PixelHit 1000, 263, 4.75827, 0
PixelHit 1000, 264, 27.9995, 0
PixelHit 1000, 265, 69.8303, 0
PixelHit 1000, 266, 49.1026, 0
PixelHit 1000, 267, 14.4762, 0
PixelHit 1000, 268, 3.40344, 0
PixelHit 1001, 261, 3.72606, 0
PixelHit 1001, 262, 14.1837, 0
PixelHit 1001, 263, 46.5189, 0
PixelHit 1001, 264, 79.7237, 0
PixelHit 1001, 265, 64.765, 0
PixelHit 1001, 266, 9.50893, 0
PixelHit 1001, 267, 1.22154, 0
PixelHit 1002, 261, 6.0344, 0
PixelHit 1002, 262, 48.7045, 0
PixelHit 1002, 263, 89.965, 0
PixelHit 1002, 264, 72.845, 0
PixelHit 1002, 265, 25.4524, 0
PixelHit 1002, 266, 3.93849, 0
PixelHit 1003, 259, 10.6101, 0
PixelHit 1003, 260, 16.8652, 0
PixelHit 1003, 261, 38.4881, 0
PixelHit 1003, 262, 47.915, 0
PixelHit 1003, 263, 45.5835, 0
PixelHit 1003, 264, 18.3124, 0
PixelHit 1003, 265, 1.29558, 0
PixelHit 1004, 256, 2.74513, 0
PixelHit 1004, 258, 4.40691, 0
PixelHit 1004, 259, 20.3297, 0
PixelHit 1004, 260, 46.2252, 0
PixelHit 1004, 261, 38.4042, 0
PixelHit 1004, 262, 22.4525, 0
PixelHit 1004, 263, 11.2965, 0
PixelHit 1004, 264, 2.62887, 0
PixelHit 1005, 257, 14.0142, 0
PixelHit 1005, 258, 25.0865, 0
PixelHit 1005, 259, 35.8652, 0
PixelHit 1005, 260, 45.9181, 0
PixelHit 1005, 261, 28.2938, 0
PixelHit 1005, 262, 8.7066, 0
PixelHit 1005, 263, 2.5329, 0
PixelHit 1006, 255, 2.27461, 0
PixelHit 1006, 256, 7.99536, 0
PixelHit 1006, 257, 29.8333, 0
PixelHit 1006, 258, 52.6189, 0
PixelHit 1006, 259, 43.8919, 0
PixelHit 1006, 260, 25.8859, 0
PixelHit 1006, 261, 3.56575, 0
PixelHit 1006, 263, 0.596613, 0
PixelHit 1007, 254, 3.42799, 0
PixelHit 1007, 255, 4.73677, 0
PixelHit 1007, 256, 6.02122, 0
PixelHit 1007, 257, 30.5237, 0
PixelHit 1007, 258, 49.0448, 0
PixelHit 1007, 259, 22.0619, 0
PixelHit 1007, 260, 3.43044, 0
PixelHit 1007, 261, 1.51617, 0
PixelHit 1008, 252, 1.42172, 0
PixelHit 1008, 253, 2.84906, 0
PixelHit 1008, 254, 9.03471, 0
PixelHit 1008, 255, 24.1194, 0
PixelHit 1008, 256, 15.4486, 0
PixelHit 1008, 257, 8.97602, 0
PixelHit 1008, 258, 16.9304, 0
PixelHit 1008, 260, 1.58392, 0
PixelHit 1009, 251, 9.51883, 0
PixelHit 1009, 252, 11.8791, 0
PixelHit 1009, 253, 17.7573, 0
PixelHit 1009, 254, 13.4677, 0
PixelHit 1009, 255, 12.9788, 0
PixelHit 1009, 256, 10.9921, 0
PixelHit 1009, 257, 3.90088, 0
PixelHit 1009, 258, 2.48736, 0
PixelHit 1010, 250, 4.58658, 0
PixelHit 1010, 251, 19.4115, 0
PixelHit 1010, 252, 53.8688, 0
PixelHit 1010, 253, 43.9549, 0
PixelHit 1010, 254, 25.2286, 0
PixelHit 1010, 255, 14.4204, 0
PixelHit 1010, 256, 4.97386, 0
PixelHit 1010, 259, 1.38895, 0
PixelHit 1011, 250, 24.2871, 0
PixelHit 1011, 251, 58.3329, 0
PixelHit 1011, 252, 88.1494, 0
PixelHit 1011, 253, 70.9924, 0
PixelHit 1011, 254, 32.2647, 0
PixelHit 1011, 255, 13.7216, 0
PixelHit 1012, 248, 0.257448, 0
PixelHit 1012, 249, 4.11103, 0
PixelHit 1012, 250, 33.4044, 0
PixelHit 1012, 251, 58.9719, 0
PixelHit 1012, 252, 73.9041, 0
PixelHit 1012, 253, 56.9641, 0
PixelHit 1012, 254, 13.4402, 0
PixelHit 1012, 255, 3.9814, 0
PixelHit 1013, 246, 2.46755, 0
PixelHit 1013, 248, 6.45302, 0
PixelHit 1013, 249, 10.379, 0
PixelHit 1013, 250, 24.5608, 0
PixelHit 1013, 251, 35.6093, 0
PixelHit 1013, 252, 40.911, 0
PixelHit 1013, 253, 18.8346, 0
PixelHit 1013, 254, 4.57855, 0
PixelHit 1013, 255, 1.00871, 0
PixelHit 1014, 245, 1.84659, 0
PixelHit 1014, 246, 3.32929, 0
PixelHit 1014, 247, 4.24991, 0
PixelHit 1014, 248, 6.69617, 0
PixelHit 1014, 249, 8.40894, 0
PixelHit 1014, 250, 12.0323, 0
PixelHit 1014, 251, 15.6878, 0
PixelHit 1014, 252, 14.8036, 0
PixelHit 1014, 253, 6.66669, 0
PixelHit 1014, 254, 2.01167, 0
PixelHit 1015, 246, 3.01931, 0
PixelHit 1015, 247, 9.1896, 0
PixelHit 1015, 248, 3.82427, 0
PixelHit 1015, 249, 7.97246, 0
PixelHit 1015, 250, 4.13981, 0
PixelHit 1016, 245, 3.52952, 0
PixelHit 1016, 246, 6.51807, 0
PixelHit 1016, 247, 2.6587, 0
PixelHit 1016, 248, 4.25424, 0
PixelHit 1017, 246, 4.68794, 0
PixelHit 1017, 247, 3.21888, 0
PixelHit 1017, 248, 4.85632, 0
PixelHit 1017, 249, 2.76484, 0
PixelHit 1018, 247, 2.97016, 0
PixelHit 1018, 248, 2.42571, 0
PixelHit 1291, 837, 0.950786, 0
PixelHit 1292, 836, 5.95211, 0
PixelHit 1292, 837, 333.086, 0
PixelHit 1292, 838, 34.666, 0
PixelHit 1293, 833, 1.5269, 0
PixelHit 1293, 834, 4.13507, 0
PixelHit 1293, 835, 22.1879, 0
PixelHit 1293, 836, 27.808, 0
PixelHit 1293, 837, 88.6358, 0
PixelHit 1293, 838, 6.49935, 0
PixelHit 1294, 832, 15.4321, 0
PixelHit 1294, 833, 38.1922, 0
PixelHit 1294, 834, 38.0269, 0
PixelHit 1294, 835, 27.1058, 0
PixelHit 1294, 836, 5.41036, 0
PixelHit 1295, 829, 1.4913, 0
PixelHit 1295, 831, 8.5187, 0
PixelHit 1295, 832, 61.3236, 0
PixelHit 1295, 833, 48.757, 0
PixelHit 1295, 834, 27.6131, 0
PixelHit 1296, 826, 0.811181, 0
PixelHit 1296, 827, 2.74384, 0
PixelHit 1296, 829, 16.6396, 0
PixelHit 1296, 830, 29.0711, 0
PixelHit 1296, 831, 21.8677, 0
PixelHit 1296, 832, 32.9385, 0
PixelHit 1296, 833, 20.2556, 0
PixelHit 1297, 824, 2.26836, 0
PixelHit 1297, 825, 3.35563, 0
PixelHit 1297, 827, 9.04205, 0
PixelHit 1297, 828, 29.9351, 0
PixelHit 1297, 829, 30.6164, 0
PixelHit 1297, 830, 34.0277, 0
PixelHit 1297, 831, 18.3223, 0
PixelHit 1297, 832, 2.12425, 0
PixelHit 1298, 824, 3.88538, 0
PixelHit 1298, 825, 10.1653, 0
PixelHit 1298, 826, 20.0845, 0
PixelHit 1298, 827, 48.0562, 0
PixelHit 1298, 828, 47.028, 0
PixelHit 1298, 829, 20.3826, 0
PixelHit 1298, 830, 5.10008, 0
PixelHit 1298, 831, 2.49252, 0
PixelHit 1299, 819, 1.62585, 0
PixelHit 1299, 821, 1.89835, 0
PixelHit 1299, 823, 4.99882, 0
PixelHit 1299, 824, 29.2507, 0
PixelHit 1299, 825, 42.3417, 0
PixelHit 1299, 826, 37.2269, 0
PixelHit 1299, 827, 23.0633, 0
PixelHit 1299, 828, 20.1841, 0
PixelHit 1299, 829, 5.11754, 0
PixelHit 1299, 830, 1.27288, 0
PixelHit 1300, 815, 2.49684, 0
PixelHit 1300, 819, 1.05512, 0
PixelHit 1300, 820, 3.15937, 0
PixelHit 1300, 821, 14.7338, 0
PixelHit 1300, 822, 20.4292, 0
PixelHit 1300, 823, 21.9376, 0
PixelHit 1300, 824, 56.2366, 0
PixelHit 1300, 825, 66.066, 0
PixelHit 1300, 826, 24.4698, 0
PixelHit 1300, 827, 6.59251, 0
PixelHit 1300, 828, 1.41357, 0
PixelHit 1301, 819, 5.08044, 0
PixelHit 1301, 820, 20.3502, 0
PixelHit 1301, 821, 46.8578, 0
PixelHit 1301, 822, 44.9474, 0
PixelHit 1301, 823, 27.1794, 0
PixelHit 1301, 824, 29.6658, 0
PixelHit 1301, 825, 16.8959, 0
PixelHit 1301, 826, 6.01366, 0
PixelHit 1302, 817, 1.98122, 0
PixelHit 1302, 819, 12.7779, 0
PixelHit 1302, 820, 24.6336, 0
PixelHit 1302, 821, 64.9581, 0
PixelHit 1302, 822, 44.5885, 0
PixelHit 1302, 823, 13.8948, 0
PixelHit 1302, 824, 6.71529, 0
PixelHit 1302, 825, 6.32228, 0
PixelHit 1303, 815, 6.9439, 0
PixelHit 1303, 816, 4.22708, 0
PixelHit 1303, 817, 7.05951, 0
PixelHit 1303, 818, 10.3434, 0
PixelHit 1303, 819, 14.1949, 0
PixelHit 1303, 820, 25.1263, 0
PixelHit 1303, 821, 30.6839, 0
PixelHit 1303, 822, 14.4209, 0
PixelHit 1303, 823, 5.64243, 0
PixelHit 1303, 824, 2.63083, 0
PixelHit 1304, 812, 2.56144, 0
PixelHit 1304, 813, 3.55506, 0
PixelHit 1304, 814, 6.46245, 0
PixelHit 1304, 815, 12.7875, 0
PixelHit 1304, 816, 16.6318, 0
PixelHit 1304, 817, 7.38987, 0
PixelHit 1304, 818, 16.9576, 0
PixelHit 1304, 819, 12.2732, 0
PixelHit 1304, 820, 9.60516, 0
PixelHit 1304, 821, 4.10774, 0
PixelHit 1304, 822, 2.39036, 0
PixelHit 1305, 810, 0.363065, 0
PixelHit 1305, 811, 5.30408, 0
PixelHit 1305, 812, 14.0927, 0
PixelHit 1305, 813, 16.0972, 0
PixelHit 1305, 814, 16.306, 0
PixelHit 1305, 815, 20.4826, 0
PixelHit 1305, 816, 24.8164, 0
PixelHit 1305, 817, 10.506, 0
PixelHit 1305, 818, 7.87392, 0
PixelHit 1305, 819, 5.25775, 0
PixelHit 1305, 820, 3.5428, 0
PixelHit 1306, 806, 2.35419, 0
PixelHit 1306, 808, 4.17393, 0
PixelHit 1306, 809, 4.20254, 0
PixelHit 1306, 810, 5.65881, 0
PixelHit 1306, 811, 35.3034, 0
PixelHit 1306, 812, 34.9431, 0
PixelHit 1306, 813, 43.1206, 0
PixelHit 1306, 814, 31.3088, 0
PixelHit 1306, 815, 29.5202, 0
PixelHit 1306, 816, 17.8017, 0
PixelHit 1306, 817, 11.2533, 0
PixelHit 1306, 818, 2.10516, 0
PixelHit 1307, 806, 1.12602, 0
PixelHit 1307, 807, 4.96622, 0
PixelHit 1307, 808, 16.5876, 0
PixelHit 1307, 809, 31.9836, 0
PixelHit 1307, 810, 37.6321, 0
PixelHit 1307, 811, 40.2037, 0
PixelHit 1307, 812, 63.0595, 0
PixelHit 1307, 813, 73.5024, 0
PixelHit 1307, 814, 38.3543, 0
PixelHit 1307, 815, 21.0149, 0
PixelHit 1307, 816, 10.2945, 0
PixelHit 1307, 817, 1.88262, 0
PixelHit 1308, 806, 1.79108, 0
PixelHit 1308, 807, 22.9656, 0
PixelHit 1308, 808, 47.466, 0
PixelHit 1308, 809, 80.2107, 0
PixelHit 1308, 810, 75.3433, 0
PixelHit 1308, 811, 48.9219, 0
PixelHit 1308, 812, 45.7726, 0
PixelHit 1308, 813, 55.7735, 0
PixelHit 1308, 814, 19.5628, 0
PixelHit 1308, 815, 4.89506, 0
PixelHit 1308, 816, 1.58025, 0
PixelHit 1309, 806, 8.10808, 0
PixelHit 1309, 807, 28.4482, 0
PixelHit 1309, 808, 75.8069, 0
PixelHit 1309, 809, 121.595, 0
PixelHit 1309, 810, 110.188, 0
PixelHit 1309, 811, 58.1651, 0
PixelHit 1309, 812, 27.5705, 0
PixelHit 1309, 813, 15.3944, 0
PixelHit 1309, 814, 3.615, 0
PixelHit 1309, 815, 2.28804, 0
PixelHit 1310, 805, 3.65648, 0
PixelHit 1310, 806, 4.15361, 0
PixelHit 1310, 807, 24.9171, 0
PixelHit 1310, 808, 64.4236, 0
PixelHit 1310, 809, 107.375, 0
PixelHit 1310, 810, 55.3964, 0
PixelHit 1310, 811, 29.7089, 0
PixelHit 1310, 812, 15.433, 0
PixelHit 1310, 813, 2.72524, 0
PixelHit 1311, 807, 11.3052, 0
PixelHit 1311, 808, 19.8063, 0
PixelHit 1311, 809, 39.9728, 0
PixelHit 1311, 810, 25.3259, 0
PixelHit 1311, 811, 14.5309, 0
PixelHit 1311, 812, 2.65678, 0
PixelHit 1311, 813, 1.66057, 0
PixelHit 1312, 807, 2.06519, 0
PixelHit 1312, 808, 4.93625, 0
PixelHit 1312, 809, 4.88086, 0
PixelHit 1312, 810, 4.75802, 0
PixelHit 1312, 811, 4.7191, 0
PixelHit 1313, 808, 2.28726, 0
PixelHit 1836, 714, 3.47463, 0
PixelHit 1836, 715, 3.38704, 0
PixelHit 1837, 711, 2.72584, 0
PixelHit 1837, 712, 0.674075, 0
PixelHit 1837, 713, 23.343, 0
PixelHit 1837, 714, 87.5966, 0
PixelHit 1837, 715, 135.667, 0
PixelHit 1837, 716, 7.73468, 0
PixelHit 1838, 708, 11.7939, 0
PixelHit 1838, 709, 30.0223, 0
PixelHit 1838, 710, 85.2217, 0
PixelHit 1838, 711, 60.5963, 0
PixelHit 1838, 712, 22.1071, 0
PixelHit 1838, 713, 42.8225, 0
PixelHit 1838, 714, 56.6943, 0
PixelHit 1838, 715, 15.8773, 0
PixelHit 1839, 704, 3.0472, 0
PixelHit 1839, 706, 4.11278, 0
PixelHit 1839, 707, 24.9643, 0
PixelHit 1839, 708, 86.0694, 0
PixelHit 1839, 709, 119.358, 0
PixelHit 1839, 710, 165.253, 0
PixelHit 1839, 711, 116.794, 0
PixelHit 1839, 712, 9.82783, 0
PixelHit 1839, 714, 2.08252, 0
PixelHit 1840, 701, 3.04432, 0
PixelHit 1840, 702, 2.06731, 0
PixelHit 1840, 703, 3.05449, 0
PixelHit 1840, 704, 5.05548, 0
PixelHit 1840, 705, 3.75088, 0
PixelHit 1840, 706, 22.6888, 0
PixelHit 1840, 707, 25.0671, 0
PixelHit 1840, 708, 64.1636, 0
PixelHit 1840, 709, 59.3031, 0
PixelHit 1840, 710, 14.1635, 0
PixelHit 1840, 711, 11.5897, 0
PixelHit 1841, 696, 2.03215, 0
PixelHit 1841, 697, 0.528377, 0
PixelHit 1841, 699, 4.58086, 0
PixelHit 1841, 700, 6.32852, 0
PixelHit 1841, 701, 12.0634, 0
PixelHit 1841, 702, 9.24591, 0
PixelHit 1841, 703, 14.3298, 0
PixelHit 1841, 704, 8.92341, 0
PixelHit 1841, 705, 5.78887, 0
PixelHit 1841, 706, 12.9401, 0
PixelHit 1841, 707, 6.14909, 0
PixelHit 1841, 708, 6.51955, 0
PixelHit 1841, 709, 4.08611, 0
PixelHit 1842, 694, 1.33538, 0
PixelHit 1842, 695, 3.00818, 0
PixelHit 1842, 697, 3.17778, 0
PixelHit 1842, 698, 3.88027, 0
PixelHit 1842, 699, 9.75527, 0
PixelHit 1842, 700, 27.5003, 0
PixelHit 1842, 701, 31.1766, 0
PixelHit 1842, 702, 18.1682, 0
PixelHit 1842, 703, 9.26113, 0
PixelHit 1842, 704, 11.609, 0
PixelHit 1842, 706, 1.0028, 0
PixelHit 1842, 708, 2.25281, 0
PixelHit 1843, 692, 1.97238, 0
PixelHit 1843, 695, 6.40441, 0
PixelHit 1843, 696, 17.7309, 0
PixelHit 1843, 697, 10.7532, 0
PixelHit 1843, 698, 15.1976, 0
PixelHit 1843, 699, 15.4944, 0
PixelHit 1843, 700, 33.4407, 0
PixelHit 1843, 701, 17.5436, 0
PixelHit 1843, 702, 17.1815, 0
PixelHit 1844, 689, 2.23067, 0
PixelHit 1844, 690, 2.61719, 0
PixelHit 1844, 691, 3.90331, 0
PixelHit 1844, 692, 5.45369, 0
PixelHit 1844, 693, 10.727, 0
PixelHit 1844, 694, 18.726, 0
PixelHit 1844, 695, 19.1743, 0
PixelHit 1844, 696, 30.62, 0
PixelHit 1844, 697, 23.3814, 0
PixelHit 1844, 698, 5.59974, 0
PixelHit 1844, 699, 4.04189, 0
PixelHit 1844, 700, 12.0025, 0
PixelHit 1844, 701, 6.1872, 0
PixelHit 1844, 702, 1.7493, 0
PixelHit 1845, 686, 2.88331, 0
PixelHit 1845, 687, 1.3574, 0
PixelHit 1845, 688, 1.36185, 0
PixelHit 1845, 689, 8.60572, 0
PixelHit 1845, 690, 5.04237, 0
PixelHit 1845, 691, 14.587, 0
PixelHit 1845, 692, 10.0898, 0
PixelHit 1845, 693, 20.7311, 0
PixelHit 1845, 694, 12.4578, 0
PixelHit 1845, 695, 12.6414, 0
PixelHit 1845, 696, 14.5377, 0
PixelHit 1845, 697, 9.58899, 0
PixelHit 1845, 698, 2.9938, 0
PixelHit 1845, 701, 1.04842, 0
PixelHit 1846, 685, 5.15581, 0
PixelHit 1846, 686, 10.5191, 0
PixelHit 1846, 687, 21.5002, 0
PixelHit 1846, 688, 14.8239, 0
PixelHit 1846, 689, 15.8438, 0
PixelHit 1846, 690, 18.0308, 0
PixelHit 1846, 691, 12.4286, 0
PixelHit 1846, 692, 17.1069, 0
PixelHit 1846, 693, 17.6694, 0
PixelHit 1846, 694, 9.98709, 0
PixelHit 1846, 695, 5.038, 0
PixelHit 1846, 696, 4.49526, 0
PixelHit 1846, 697, 3.48745, 0
PixelHit 1847, 684, 2.18894, 0
PixelHit 1847, 685, 3.35153, 0
PixelHit 1847, 686, 26.5682, 0
PixelHit 1847, 687, 37.5512, 0
PixelHit 1847, 688, 29.046, 0
PixelHit 1847, 689, 27.9061, 0
PixelHit 1847, 690, 19.4821, 0
PixelHit 1847, 691, 22.8374, 0
PixelHit 1847, 692, 8.94156, 0
PixelHit 1847, 694, 3.87934, 0
PixelHit 1847, 695, 3.19001, 0
PixelHit 1847, 696, 2.17283, 0
PixelHit 1848, 684, 2.62257, 0
PixelHit 1848, 685, 16.8132, 0
PixelHit 1848, 686, 24.348, 0
PixelHit 1848, 687, 35.7064, 0
PixelHit 1848, 688, 26.975, 0
PixelHit 1848, 689, 18.3251, 0
PixelHit 1848, 690, 12.5976, 0
PixelHit 1848, 691, 5.99067, 0
PixelHit 1848, 692, 2.86028, 0
PixelHit 1848, 693, 0.956997, 0
PixelHit 1849, 683, 1.79258, 0
PixelHit 1849, 684, 2.91437, 0
PixelHit 1849, 685, 5.02127, 0
PixelHit 1849, 686, 10.12, 0
PixelHit 1849, 687, 16.1275, 0
PixelHit 1849, 688, 8.9786, 0
PixelHit 1849, 689, 3.60378, 0
PixelHit 1849, 690, 3.21417, 0
PixelHit 1849, 692, 1.70352, 0
PixelHit 1850, 685, 1.78502, 0
PixelHit 1850, 686, 3.84014, 0
PixelHit 1850, 687, 4.15425, 0
PixelHit 1850, 688, 1.54782, 0
PixelHit 1851, 686, 0.567103, 0
PixelHit 1851, 687, 0.514092, 0
=== 40 ===
=== 41 ===
=== 42 ===
=== 43 ===
=== 44 ===
=== 45 ===
=== 46 ===
=== 47 ===
=== 48 ===
=== 49 ===
=== 50 ===
=== 51 ===
=== 52 ===
=== 53 ===
=== 54 ===
=== 55 ===
=== 56 ===
=== 57 ===
=== 58 ===
=== 59 ===
=== 60 ===
=== 61 ===
=== 62 ===
=== 63 ===
=== 64 ===
=== 65 ===
=== 66 ===
=== 67 ===
=== 68 ===
=== 69 ===
=== 70 ===
=== 71 ===
=== 72 ===
=== 73 ===
=== 74 ===
=== 75 ===
=== 76 ===
=== 77 ===
=== 78 ===
=== 79 ===
=== 80 ===
=== 81 ===
=== 82 ===
=== 83 ===
=== 84 ===
=== 85 ===
=== 86 ===
=== 87 ===
=== 88 ===
=== 89 ===
=== 90 ===
=== 91 ===
=== 92 ===
=== 93 ===
=== 94 ===
=== 95 ===
=== 96 ===
=== 97 ===
=== 98 ===
=== 99 ===
=== 100 ===
# 669 objects from 1 messages
