# Allpix Squared ASCII data - https://cern.ch/allpix-squared

=== 1 ===
=== 2 ===
=== 3 ===
=== 4 ===
=== 5 ===
=== 6 ===
=== 7 ===
=== 8 ===
=== 9 ===
=== 10 ===
=== 11 ===
=== 12 ===
=== 13 ===
=== 14 ===
=== 15 ===
=== 16 ===
=== 17 ===
=== 18 ===
=== 19 ===
=== 20 ===
=== 21 ===
=== 22 ===
=== 23 ===
=== 24 ===
=== 25 ===
=== 26 ===
=== 27 ===
=== 28 ===
=== 29 ===
=== 30 ===
=== 31 ===
=== 32 ===
=== 33 ===
=== 34 ===
=== 35 ===
=== 36 ===
=== 37 ===
--- mydetector ---
PixelHit 945, 1348, 1.92812, 0
PixelHit 945, 1349, 2.87133, 0
PixelHit 946, 1346, 2.60538, 0
PixelHit 946, 1347, 5.91835, 0
PixelHit 946, 1348, 38.4921, 0
PixelHit 946, 1349, 45.3716, 0
PixelHit 947, 1345, 9.05178, 0
PixelHit 947, 1346, 22.7467, 0
PixelHit 947, 1347, 46.0049, 0
PixelHit 947, 1348, 8.25528, 0
PixelHit 948, 1342, 2.27755, 0
PixelHit 948, 1343, 5.0444, 0
PixelHit 948, 1344, 45.982, 0
PixelHit 948, 1345, 62.293, 0
PixelHit 948, 1346, 31.7612, 0
PixelHit 948, 1347, 11.5137, 0
PixelHit 949, 1338, 2.33042, 0
PixelHit 949, 1340, 1.68989, 0
PixelHit 949, 1341, 3.80745, 0
PixelHit 949, 1342, 26.9617, 0
PixelHit 949, 1343, 23.2569, 0
PixelHit 949, 1344, 73.8523, 0
PixelHit 949, 1345, 45.0731, 0
PixelHit 949, 1346, 3.60036, 0
PixelHit 950, 1336, 0.980425, 0
PixelHit 950, 1339, 4.30183, 0
PixelHit 950, 1340, 18.8034, 0
PixelHit 950, 1341, 26.8107, 0
PixelHit 950, 1342, 53.6131, 0
PixelHit 950, 1343, 32.431, 0
PixelHit 950, 1344, 9.79655, 0
PixelHit 951, 1337, 2.03959, 0
PixelHit 951, 1339, 6.50098, 0
PixelHit 951, 1340, 34.3638, 0
PixelHit 951, 1341, 48.9911, 0
PixelHit 951, 1342, 23.173, 0
PixelHit 951, 1343, 8.69172, 0
PixelHit 952, 1335, 3.38754, 0
PixelHit 952, 1336, 10.0575, 0
PixelHit 952, 1337, 12.3986, 0
PixelHit 952, 1338, 5.05861, 0
PixelHit 952, 1339, 8.60632, 0
PixelHit 952, 1340, 15.573, 0
PixelHit 952, 1341, 18.4576, 0
PixelHit 952, 1342, 2.22395, 0
PixelHit 953, 1333, 1.71295, 0
PixelHit 953, 1334, 5.44728, 0
PixelHit 953, 1335, 10.4088, 0
PixelHit 953, 1336, 34.1533, 0
PixelHit 953, 1337, 27.2486, 0
PixelHit 953, 1338, 16.2983, 0
PixelHit 953, 1339, 6.61539, 0
PixelHit 953, 1340, 3.27738, 0
PixelHit 953, 1341, 3.33244, 0
PixelHit 954, 1329, 0.41984, 0
PixelHit 954, 1330, 1.91188, 0
PixelHit 954, 1331, 2.47345, 0
PixelHit 954, 1332, 2.86876, 0
PixelHit 954, 1333, 8.92206, 0
PixelHit 954, 1334, 20.4109, 0
PixelHit 954, 1335, 24.5923, 0
PixelHit 954, 1336, 24.7397, 0
PixelHit 954, 1337, 22.257, 0
PixelHit 954, 1338, 9.65528, 0
PixelHit 954, 1339, 1.01082, 0
PixelHit 954, 1340, 0.543603, 0
PixelHit 955, 1327, 0.250383, 0
PixelHit 955, 1328, 5.02113, 0
PixelHit 955, 1329, 4.34136, 0
PixelHit 955, 1331, 14.2917, 0
PixelHit 955, 1332, 24.9402, 0
PixelHit 955, 1333, 33.7638, 0
PixelHit 955, 1334, 27.3049, 0
PixelHit 955, 1335, 21.105, 0
PixelHit 955, 1336, 20.3295, 0
PixelHit 955, 1337, 10.8608, 0
PixelHit 955, 1338, 1.14785, 0
PixelHit 956, 1327, 1.87959, 0
PixelHit 956, 1328, 8.72537, 0
PixelHit 956, 1329, 26.9473, 0
PixelHit 956, 1330, 36.3642, 0
PixelHit 956, 1331, 48.2904, 0
PixelHit 956, 1332, 47.442, 0
PixelHit 956, 1333, 44.8227, 0
PixelHit 956, 1334, 28.3904, 0
PixelHit 956, 1335, 14.458, 0
PixelHit 956, 1336, 2.44764, 0
PixelHit 957, 1326, 3.37725, 0
PixelHit 957, 1327, 9.21071, 0
PixelHit 957, 1328, 37.4571, 0
PixelHit 957, 1329, 63.7652, 0
PixelHit 957, 1330, 84.7869, 0
PixelHit 957, 1331, 73.0604, 0
PixelHit 957, 1332, 51.9813, 0
PixelHit 957, 1333, 26.7044, 0
PixelHit 957, 1334, 11.0848, 0
PixelHit 958, 1323, 1.02765, 0
PixelHit 958, 1324, 1.28714, 0
PixelHit 958, 1325, 2.96389, 0
PixelHit 958, 1326, 5.91049, 0
PixelHit 958, 1327, 26.1779, 0
PixelHit 958, 1328, 56.0136, 0
PixelHit 958, 1329, 105.004, 0
PixelHit 958, 1330, 92.9159, 0
PixelHit 958, 1331, 64.4697, 0
PixelHit 958, 1332, 18.7106, 0
PixelHit 958, 1333, 6.5248, 0
PixelHit 958, 1334, 2.3237, 0
PixelHit 959, 1322, 1.22241, 0
PixelHit 959, 1323, 4.54114, 0
PixelHit 959, 1324, 9.17014, 0
PixelHit 959, 1325, 10.8639, 0
PixelHit 959, 1326, 13.0671, 0
PixelHit 959, 1327, 31.9708, 0
PixelHit 959, 1328, 51.1742, 0
PixelHit 959, 1329, 79.8652, 0
PixelHit 959, 1330, 61.8724, 0
PixelHit 959, 1331, 31.2388, 0
PixelHit 959, 1332, 7.77575, 0
PixelHit 959, 1333, 4.71371, 0
PixelHit 960, 1321, 1.97628, 0
PixelHit 960, 1322, 3.50855, 0
PixelHit 960, 1323, 9.89, 0
PixelHit 960, 1324, 27.9634, 0
PixelHit 960, 1325, 32.401, 0
PixelHit 960, 1326, 30.6395, 0
PixelHit 960, 1327, 24.595, 0
PixelHit 960, 1328, 28.9005, 0
PixelHit 960, 1329, 32.3693, 0
PixelHit 960, 1330, 25.3282, 0
PixelHit 960, 1331, 4.51479, 0
PixelHit 960, 1332, 3.17933, 0
PixelHit 961, 1320, 1.05079, 0
PixelHit 961, 1321, 4.59019, 0
PixelHit 961, 1322, 13.2401, 0
PixelHit 961, 1323, 32.2795, 0
PixelHit 961, 1324, 29.1993, 0
PixelHit 961, 1325, 38.3114, 0
PixelHit 961, 1326, 24.3494, 0
PixelHit 961, 1327, 14.8242, 0
PixelHit 961, 1328, 8.83303, 0
PixelHit 961, 1329, 3.14886, 0
PixelHit 961, 1330, 3.72308, 0
PixelHit 961, 1331, 1.23212, 0
PixelHit 961, 1333, 2.05938, 0
PixelHit 962, 1319, 2.13184, 0
PixelHit 962, 1320, 7.05592, 0
PixelHit 962, 1321, 5.48956, 0
PixelHit 962, 1322, 22.3395, 0
PixelHit 962, 1323, 23.0437, 0
PixelHit 962, 1324, 30.1433, 0
PixelHit 962, 1325, 26.7052, 0
PixelHit 962, 1326, 10.6107, 0
PixelHit 962, 1328, 2.25293, 0
PixelHit 963, 1319, 1.09741, 0
PixelHit 963, 1320, 3.80825, 0
PixelHit 963, 1321, 8.72085, 0
PixelHit 963, 1322, 16.0299, 0
PixelHit 963, 1323, 16.3092, 0
PixelHit 963, 1324, 16.1864, 0
PixelHit 963, 1325, 8.21453, 0
PixelHit 963, 1326, 6.90682, 0
PixelHit 964, 1320, 0.858469, 0
PixelHit 964, 1321, 4.92973, 0
PixelHit 964, 1322, 10.2573, 0
PixelHit 964, 1323, 7.68816, 0
PixelHit 964, 1324, 5.92031, 0
PixelHit 964, 1325, 3.33414, 0
PixelHit 965, 1322, 4.74673, 0
PixelHit 966, 1321, 2.29744, 0
PixelHit 1201, 1486, 11.0249, 0
PixelHit 1202, 1482, 0.20043, 0
PixelHit 1202, 1485, 8.89079, 0
PixelHit 1202, 1486, 840.486, 0
PixelHit 1202, 1487, 158.422, 0
PixelHit 1203, 1481, 3.09248, 0
PixelHit 1203, 1482, 11.9928, 0
PixelHit 1203, 1483, 21.8091, 0
PixelHit 1203, 1484, 31.972, 0
PixelHit 1203, 1485, 67.2886, 0
PixelHit 1203, 1486, 156.595, 0
PixelHit 1203, 1487, 46.0794, 0
PixelHit 1204, 1480, 2.29755, 0
PixelHit 1204, 1481, 7.49349, 0
PixelHit 1204, 1482, 64.9376, 0
PixelHit 1204, 1483, 136.727, 0
PixelHit 1204, 1484, 27.8533, 0
PixelHit 1204, 1485, 10.7254, 0
PixelHit 1205, 1477, 1.92414, 0
PixelHit 1205, 1478, 7.28108, 0
PixelHit 1205, 1479, 18.3721, 0
PixelHit 1205, 1480, 10.0135, 0
PixelHit 1205, 1481, 27.8913, 0
PixelHit 1205, 1482, 60.5892, 0
PixelHit 1205, 1483, 41.9808, 0
PixelHit 1205, 1484, 5.96775, 0
PixelHit 1206, 1476, 12.7804, 0
PixelHit 1206, 1477, 21.9688, 0
PixelHit 1206, 1478, 30.3536, 0
PixelHit 1206, 1479, 48.3643, 0
PixelHit 1206, 1480, 25.041, 0
PixelHit 1206, 1481, 7.58864, 0
PixelHit 1206, 1482, 4.44494, 0
PixelHit 1206, 1483, 3.23178, 0
PixelHit 1207, 1473, 0.73865, 0
PixelHit 1207, 1475, 11.8295, 0
PixelHit 1207, 1476, 60.0231, 0
PixelHit 1207, 1477, 48.5478, 0
PixelHit 1207, 1478, 34.1685, 0
PixelHit 1207, 1479, 22.0898, 0
PixelHit 1207, 1480, 6.0532, 0
PixelHit 1208, 1470, 1.93247, 0
PixelHit 1208, 1471, 5.17479, 0
PixelHit 1208, 1472, 10.5944, 0
PixelHit 1208, 1473, 13.2023, 0
PixelHit 1208, 1474, 2.88813, 0
PixelHit 1208, 1475, 7.13711, 0
PixelHit 1208, 1476, 28.567, 0
PixelHit 1208, 1477, 47.849, 0
PixelHit 1208, 1478, 12.4074, 0
PixelHit 1208, 1479, 3.48399, 0
PixelHit 1209, 1467, 1.46815, 0
PixelHit 1209, 1469, 5.87304, 0
PixelHit 1209, 1470, 10.8804, 0
PixelHit 1209, 1471, 20.059, 0
PixelHit 1209, 1472, 29.7464, 0
PixelHit 1209, 1473, 16.5517, 0
PixelHit 1209, 1474, 18.0533, 0
PixelHit 1209, 1475, 7.53701, 0
PixelHit 1209, 1476, 3.20687, 0
PixelHit 1209, 1477, 9.7789, 0
PixelHit 1209, 1478, 0.613369, 0
PixelHit 1210, 1467, 2.45635, 0
PixelHit 1210, 1468, 6.3099, 0
PixelHit 1210, 1469, 22.1741, 0
PixelHit 1210, 1470, 20.6192, 0
PixelHit 1210, 1471, 28.6264, 0
PixelHit 1210, 1472, 20.5251, 0
PixelHit 1210, 1473, 23.6875, 0
PixelHit 1210, 1474, 12.7238, 0
PixelHit 1210, 1475, 5.42521, 0
PixelHit 1210, 1476, 2.33493, 0
PixelHit 1211, 1465, 3.6957, 0
PixelHit 1211, 1466, 11.2185, 0
PixelHit 1211, 1467, 20.5742, 0
PixelHit 1211, 1468, 22.9664, 0
PixelHit 1211, 1469, 22.4994, 0
PixelHit 1211, 1470, 18.219, 0
PixelHit 1211, 1471, 21.7427, 0
PixelHit 1211, 1472, 10.5148, 0
PixelHit 1211, 1473, 5.50655, 0
PixelHit 1211, 1474, 2.44134, 0
PixelHit 1211, 1475, 1.54414, 0
PixelHit 1212, 1461, 0.644466, 0
PixelHit 1212, 1462, 4.81647, 0
PixelHit 1212, 1463, 8.16067, 0
PixelHit 1212, 1464, 10.7084, 0
PixelHit 1212, 1465, 12.7222, 0
PixelHit 1212, 1466, 17.245, 0
PixelHit 1212, 1467, 33.5536, 0
PixelHit 1212, 1468, 34.6518, 0
PixelHit 1212, 1469, 13.7895, 0
PixelHit 1212, 1470, 7.383, 0
PixelHit 1212, 1471, 7.32487, 0
PixelHit 1212, 1472, 5.65913, 0
PixelHit 1213, 1458, 1.85379, 0
PixelHit 1213, 1461, 2.09139, 0
PixelHit 1213, 1462, 8.06899, 0
PixelHit 1213, 1463, 14.0814, 0
PixelHit 1213, 1464, 29.5564, 0
PixelHit 1213, 1465, 26.494, 0
PixelHit 1213, 1466, 29.4768, 0
PixelHit 1213, 1467, 24.5021, 0
PixelHit 1213, 1468, 14.9833, 0
PixelHit 1213, 1469, 7.10648, 0
PixelHit 1213, 1470, 1.59618, 0
PixelHit 1213, 1471, 3.38312, 0
PixelHit 1214, 1458, 3.15249, 0
PixelHit 1214, 1460, 2.85178, 0
PixelHit 1214, 1461, 7.5478, 0
PixelHit 1214, 1462, 19.1815, 0
PixelHit 1214, 1463, 30.8946, 0
PixelHit 1214, 1464, 34.1242, 0
PixelHit 1214, 1465, 23.2232, 0
PixelHit 1214, 1466, 26.3691, 0
PixelHit 1214, 1467, 10.5577, 0
PixelHit 1214, 1468, 0.976614, 0
PixelHit 1215, 1458, 2.42103, 0
PixelHit 1215, 1459, 7.03351, 0
PixelHit 1215, 1460, 12.5826, 0
PixelHit 1215, 1461, 9.66975, 0
PixelHit 1215, 1462, 22.1364, 0
PixelHit 1215, 1463, 28.3868, 0
PixelHit 1215, 1464, 15.2227, 0
PixelHit 1215, 1465, 15.193, 0
PixelHit 1215, 1466, 6.40181, 0
PixelHit 1215, 1467, 5.62868, 0
PixelHit 1215, 1468, 2.14578, 0
PixelHit 1216, 1457, 2.06963, 0
PixelHit 1216, 1458, 8.64771, 0
PixelHit 1216, 1459, 7.59844, 0
PixelHit 1216, 1460, 26.4575, 0
PixelHit 1216, 1461, 15.3191, 0
PixelHit 1216, 1462, 5.30822, 0
PixelHit 1216, 1463, 12.1214, 0
PixelHit 1216, 1464, 8.53796, 0
PixelHit 1216, 1465, 3.08861, 0
PixelHit 1216, 1466, 1.72, 0
PixelHit 1217, 1458, 2.71874, 0
PixelHit 1217, 1459, 3.69881, 0
PixelHit 1217, 1460, 11.1521, 0
PixelHit 1217, 1461, 6.22396, 0
PixelHit 1217, 1462, 4.43258, 0
PixelHit 1217, 1463, 1.21077, 0
PixelHit 1218, 1459, 3.80394, 0
PixelHit 1218, 1460, 2.65265, 0
PixelHit 1218, 1462, -0.191156, 0
=== 38 ===
=== 39 ===
=== 40 ===
=== 41 ===
--- mydetector ---
PixelHit 1278, 861, 6.19862, 0
PixelHit 1278, 862, 33.8073, 0
PixelHit 1278, 863, 3.46011, 0
PixelHit 1279, 859, 3.74047, 0
PixelHit 1279, 860, 9.92505, 0
PixelHit 1279, 861, 48.8779, 0
PixelHit 1279, 862, 73.1839, 0
PixelHit 1280, 857, 3.55638, 0
PixelHit 1280, 859, 12.8098, 0
PixelHit 1280, 860, 34.5373, 0
PixelHit 1280, 861, 14.7039, 0
PixelHit 1280, 862, 1.77748, 0
PixelHit 1281, 854, 1.56311, 0
PixelHit 1281, 855, 1.84018, 0
PixelHit 1281, 856, 5.97201, 0
PixelHit 1281, 857, 26.7142, 0
PixelHit 1281, 858, 19.1725, 0
PixelHit 1281, 859, 4.79581, 0
PixelHit 1282, 854, 9.39934, 0
PixelHit 1282, 855, 20.4086, 0
PixelHit 1282, 856, 12.4217, 0
PixelHit 1282, 857, 24.4375, 0
PixelHit 1282, 858, 19.9324, 0
PixelHit 1282, 859, 2.61096, 0
PixelHit 1283, 851, 5.64098, 0
PixelHit 1283, 852, 7.39299, 0
PixelHit 1283, 853, 4.15953, 0
PixelHit 1283, 854, 10.8279, 0
PixelHit 1283, 855, 28.4872, 0
PixelHit 1283, 856, 12.6129, 0
PixelHit 1283, 857, 5.10843, 0
PixelHit 1283, 859, 2.34086, 0
PixelHit 1284, 848, 3.81716, 0
PixelHit 1284, 849, 6.60493, 0
PixelHit 1284, 850, 4.86487, 0
PixelHit 1284, 851, 16.9204, 0
PixelHit 1284, 852, 23.3394, 0
PixelHit 1284, 853, 10.6731, 0
PixelHit 1284, 854, 11.4835, 0
PixelHit 1284, 855, 10.5417, 0
PixelHit 1284, 856, 1.8006, 0
PixelHit 1285, 848, 9.31434, 0
PixelHit 1285, 849, 23.6928, 0
PixelHit 1285, 850, 40.2595, 0
PixelHit 1285, 851, 26.9218, 0
PixelHit 1285, 852, 23.6102, 0
PixelHit 1285, 853, 7.65339, 0
PixelHit 1285, 856, 2.1185, 0
PixelHit 1286, 846, 9.05265, 0
PixelHit 1286, 847, 15.512, 0
PixelHit 1286, 848, 19.9574, 0
PixelHit 1286, 849, 58.7738, 0
PixelHit 1286, 850, 54.7382, 0
PixelHit 1286, 851, 39.196, 0
PixelHit 1286, 852, 13.7485, 0
PixelHit 1286, 853, 4.03153, 0
PixelHit 1287, 841, 2.42858, 0
PixelHit 1287, 842, 1.80277, 0
PixelHit 1287, 843, 4.28778, 0
PixelHit 1287, 844, 4.15429, 0
PixelHit 1287, 845, 10.3724, 0
PixelHit 1287, 846, 22.2643, 0
PixelHit 1287, 847, 30.6136, 0
PixelHit 1287, 848, 27.4163, 0
PixelHit 1287, 849, 31.4404, 0
PixelHit 1287, 850, 35.5611, 0
PixelHit 1287, 851, 17.633, 0
PixelHit 1287, 852, 4.61826, 0
PixelHit 1288, 842, 10.6302, 0
PixelHit 1288, 843, 12.827, 0
PixelHit 1288, 844, 19.5248, 0
PixelHit 1288, 845, 19.568, 0
PixelHit 1288, 846, 25.6213, 0
PixelHit 1288, 847, 28.6469, 0
PixelHit 1288, 848, 20.9801, 0
PixelHit 1288, 849, 21.7739, 0
PixelHit 1288, 850, 13.4913, 0
PixelHit 1288, 851, 1.09755, 0
PixelHit 1288, 852, 1.09157, 0
PixelHit 1289, 839, 0.279744, 0
PixelHit 1289, 840, 1.99577, 0
PixelHit 1289, 841, 6.90767, 0
PixelHit 1289, 842, 9.45892, 0
PixelHit 1289, 843, 19.6308, 0
PixelHit 1289, 844, 36.565, 0
PixelHit 1289, 845, 41.0299, 0
PixelHit 1289, 846, 25.8872, 0
PixelHit 1289, 847, 13.1601, 0
PixelHit 1289, 848, 12.5221, 0
PixelHit 1289, 849, 3.10063, 0
PixelHit 1290, 839, 2.40484, 0
PixelHit 1290, 840, 8.71966, 0
PixelHit 1290, 841, 16.8515, 0
PixelHit 1290, 842, 24.6426, 0
PixelHit 1290, 843, 23.3667, 0
PixelHit 1290, 844, 20.6081, 0
PixelHit 1290, 845, 22.5503, 0
PixelHit 1290, 846, 15.2538, 0
PixelHit 1290, 847, 8.61341, 0
PixelHit 1290, 848, 2.44273, 0
PixelHit 1290, 849, 1.6835, 0
PixelHit 1291, 838, 0.784045, 0
PixelHit 1291, 839, 7.76728, 0
PixelHit 1291, 840, 17.8887, 0
PixelHit 1291, 841, 29.6906, 0
PixelHit 1291, 842, 26.7352, 0
PixelHit 1291, 843, 23.7883, 0
PixelHit 1291, 844, 19.6795, 0
PixelHit 1291, 845, 14.7769, 0
PixelHit 1291, 846, 3.66107, 0
PixelHit 1292, 837, 0.720229, 0
PixelHit 1292, 839, 10.396, 0
PixelHit 1292, 840, 11.779, 0
PixelHit 1292, 841, 25.0279, 0
PixelHit 1292, 842, 15.8088, 0
PixelHit 1292, 843, 9.57605, 0
PixelHit 1292, 844, 4.37745, 0
PixelHit 1292, 845, 1.37263, 0
PixelHit 1293, 838, 1.81302, 0
PixelHit 1293, 839, 3.81548, 0
PixelHit 1293, 840, 12.7873, 0
PixelHit 1293, 841, 8.02768, 0
PixelHit 1293, 842, 11.0405, 0
PixelHit 1293, 843, 3.77437, 0
PixelHit 1294, 837, 1.5868, 0
PixelHit 1294, 839, 1.03513, 0
PixelHit 1294, 840, 5.39566, 0
PixelHit 1294, 841, 3.0563, 0
PixelHit 1294, 843, 1.98321, 0
PixelHit 1296, 838, 1.13521, 0
=== 42 ===
=== 43 ===
=== 44 ===
=== 45 ===
=== 46 ===
=== 47 ===
=== 48 ===
=== 49 ===
=== 50 ===
=== 51 ===
=== 52 ===
=== 53 ===
=== 54 ===
=== 55 ===
=== 56 ===
=== 57 ===
=== 58 ===
--- mydetector ---
PixelHit 1058, 954, 6.56017, 0
PixelHit 1058, 955, 5.6219, 0
PixelHit 1059, 952, 0.95711, 0
PixelHit 1059, 953, 15.8113, 0
PixelHit 1059, 954, 187.108, 0
PixelHit 1059, 955, 54.8579, 0
PixelHit 1060, 951, 15.9436, 0
PixelHit 1060, 952, 55.6119, 0
PixelHit 1060, 953, 148.594, 0
PixelHit 1060, 954, 37.554, 0
PixelHit 1060, 955, 3.63704, 0
PixelHit 1061, 946, 2.12101, 0
PixelHit 1061, 949, 3.69134, 0
PixelHit 1061, 950, 10.0007, 0
PixelHit 1061, 951, 56.1918, 0
PixelHit 1061, 952, 52.2678, 0
PixelHit 1061, 953, 19.6763, 0
PixelHit 1061, 954, 1.12507, 0
PixelHit 1062, 945, 3.50393, 0
PixelHit 1062, 946, 5.66798, 0
PixelHit 1062, 947, 7.58575, 0
PixelHit 1062, 948, 8.92219, 0
PixelHit 1062, 949, 18.5185, 0
PixelHit 1062, 950, 22.8298, 0
PixelHit 1062, 951, 10.2677, 0
PixelHit 1062, 952, 5.25267, 0
PixelHit 1063, 944, 2.01479, 0
PixelHit 1063, 945, 3.96701, 0
PixelHit 1063, 946, 13.2761, 0
PixelHit 1063, 947, 33.3461, 0
PixelHit 1063, 948, 36.151, 0
PixelHit 1063, 949, 17.4153, 0
PixelHit 1063, 950, 6.05603, 0
PixelHit 1064, 942, 3.72462, 0
PixelHit 1064, 943, 9.88591, 0
PixelHit 1064, 944, 7.73394, 0
PixelHit 1064, 945, 20.3778, 0
PixelHit 1064, 946, 47.4389, 0
PixelHit 1064, 947, 47.3269, 0
PixelHit 1064, 948, 31.6427, 0
PixelHit 1064, 949, 5.08015, 0
PixelHit 1065, 940, 1.17003, 0
PixelHit 1065, 941, 4.25401, 0
PixelHit 1065, 942, 17.7968, 0
PixelHit 1065, 943, 29.8878, 0
PixelHit 1065, 944, 34.9611, 0
PixelHit 1065, 945, 25.2888, 0
PixelHit 1065, 946, 33.1713, 0
PixelHit 1065, 947, 15.2598, 0
PixelHit 1065, 948, 4.98973, 0
PixelHit 1066, 941, 14.9117, 0
PixelHit 1066, 942, 60.2541, 0
PixelHit 1066, 943, 92.2121, 0
PixelHit 1066, 944, 53.1501, 0
PixelHit 1066, 945, 19.3933, 0
PixelHit 1066, 946, 10.0738, 0
PixelHit 1066, 947, 3.42668, 0
PixelHit 1067, 936, 1.31931, 0
PixelHit 1067, 937, 4.72298, 0
PixelHit 1067, 938, 2.78191, 0
PixelHit 1067, 939, 1.43191, 0
PixelHit 1067, 940, 9.40811, 0
PixelHit 1067, 941, 26.4136, 0
PixelHit 1067, 942, 67.6989, 0
PixelHit 1067, 943, 85.4469, 0
PixelHit 1067, 944, 32.8167, 0
PixelHit 1067, 945, 8.30825, 0
PixelHit 1067, 946, 2.80619, 0
PixelHit 1067, 947, 1.07833, 0
PixelHit 1068, 936, 6.0051, 0
PixelHit 1068, 937, 14.2478, 0
PixelHit 1068, 938, 14.6775, 0
PixelHit 1068, 939, 22.1082, 0
PixelHit 1068, 940, 14.954, 0
PixelHit 1068, 941, 22.6648, 0
PixelHit 1068, 942, 33.9624, 0
PixelHit 1068, 943, 26.5609, 0
PixelHit 1068, 944, 6.36342, 0
PixelHit 1068, 945, 3.98875, 0
PixelHit 1069, 934, 0.375054, 0
PixelHit 1069, 935, 10.5305, 0
PixelHit 1069, 936, 20.9708, 0
PixelHit 1069, 937, 43.3808, 0
PixelHit 1069, 938, 45.1348, 0
PixelHit 1069, 939, 29.3686, 0
PixelHit 1069, 940, 14.0836, 0
PixelHit 1069, 941, 9.69882, 0
PixelHit 1069, 942, 2.05439, 0
PixelHit 1069, 943, 3.17224, 0
PixelHit 1070, 933, 7.22092, 0
PixelHit 1070, 934, 6.75138, 0
PixelHit 1070, 935, 18.7492, 0
PixelHit 1070, 936, 39.3531, 0
PixelHit 1070, 937, 68.83, 0
PixelHit 1070, 938, 58.3867, 0
PixelHit 1070, 939, 31.8823, 0
PixelHit 1070, 940, 5.89831, 0
PixelHit 1070, 941, 3.82635, 0
PixelHit 1071, 932, 2.67975, 0
PixelHit 1071, 933, 11.151, 0
PixelHit 1071, 934, 29.9052, 0
PixelHit 1071, 935, 51.2797, 0
PixelHit 1071, 936, 43.9191, 0
PixelHit 1071, 937, 40.3793, 0
PixelHit 1071, 938, 33.7477, 0
PixelHit 1071, 939, 9.29065, 0
PixelHit 1071, 940, 1.70766, 0
PixelHit 1071, 941, 1.83776, 0
PixelHit 1072, 929, 2.17837, 0
PixelHit 1072, 930, 5.30603, 0
PixelHit 1072, 931, 8.58181, 0
PixelHit 1072, 932, 7.2422, 0
PixelHit 1072, 933, 16.4437, 0
PixelHit 1072, 934, 23.3035, 0
PixelHit 1072, 935, 29.2666, 0
PixelHit 1072, 936, 22.3188, 0
PixelHit 1072, 937, 10.7366, 0
PixelHit 1072, 938, 6.1251, 0
PixelHit 1073, 928, 1.19664, 0
PixelHit 1073, 929, 5.80471, 0
PixelHit 1073, 930, 10.328, 0
PixelHit 1073, 931, 13.5107, 0
PixelHit 1073, 932, 21.4609, 0
PixelHit 1073, 933, 12.5947, 0
PixelHit 1073, 934, 10.1017, 0
PixelHit 1073, 935, 20.1688, 0
PixelHit 1073, 936, 18.5373, 0
PixelHit 1073, 937, 2.84668, 0
PixelHit 1074, 928, 2.23138, 0
PixelHit 1074, 929, 5.10274, 0
PixelHit 1074, 930, 11.231, 0
PixelHit 1074, 931, 11.794, 0
PixelHit 1074, 932, 9.14425, 0
PixelHit 1074, 933, 5.48636, 0
PixelHit 1074, 934, 5.24904, 0
PixelHit 1074, 935, 6.12941, 0
PixelHit 1074, 936, 6.17154, 0
PixelHit 1075, 929, 8.05773, 0
PixelHit 1075, 930, 11.3908, 0
PixelHit 1075, 931, 9.16822, 0
PixelHit 1075, 932, 8.21464, 0
PixelHit 1075, 934, 0.53998, 0
PixelHit 1076, 927, 0.626436, 0
PixelHit 1076, 929, 1.90775, 0
PixelHit 1076, 930, 3.08502, 0
PixelHit 1076, 931, 5.31731, 0
PixelHit 1076, 933, 1.9019, 0
PixelHit 1077, 932, 2.69031, 0
PixelHit 1077, 934, 1.0089, 0
=== 59 ===
=== 60 ===
=== 61 ===
=== 62 ===
=== 63 ===
=== 64 ===
=== 65 ===
=== 66 ===
=== 67 ===
=== 68 ===
=== 69 ===
=== 70 ===
=== 71 ===
=== 72 ===
=== 73 ===
=== 74 ===
=== 75 ===
=== 76 ===
=== 77 ===
=== 78 ===
=== 79 ===
=== 80 ===
=== 81 ===
=== 82 ===
=== 83 ===
=== 84 ===
=== 85 ===
=== 86 ===
=== 87 ===
=== 88 ===
=== 89 ===
=== 90 ===
=== 91 ===
=== 92 ===
=== 93 ===
=== 94 ===
=== 95 ===
=== 96 ===
=== 97 ===
=== 98 ===
=== 99 ===
=== 100 ===
# 596 objects from 3 messages
