# Allpix Squared ASCII data - https://cern.ch/allpix-squared

=== 1 ===
=== 2 ===
=== 3 ===
=== 4 ===
=== 5 ===
=== 6 ===
=== 7 ===
=== 8 ===
=== 9 ===
=== 10 ===
=== 11 ===
=== 12 ===
=== 13 ===
=== 14 ===
=== 15 ===
=== 16 ===
=== 17 ===
=== 18 ===
=== 19 ===
=== 20 ===
=== 21 ===
=== 22 ===
=== 23 ===
--- mydetector ---
PixelHit 1112, 975, 3.38006, 0
PixelHit 1112, 976, 42.9281, 0
PixelHit 1113, 975, 5.24017, 0
PixelHit 1113, 976, 51.2651, 0
PixelHit 1113, 977, 3.09256, 0
PixelHit 1114, 975, 2.14034, 0
PixelHit 1114, 976, 21.6674, 0
PixelHit 1115, 975, 19.6686, 0
PixelHit 1115, 976, 65.7071, 0
PixelHit 1115, 977, 1.95993, 0
PixelHit 1116, 975, 8.11073, 0
PixelHit 1116, 976, 38.986, 0
PixelHit 1116, 977, 6.0544, 0
PixelHit 1117, 975, 8.5399, 0
PixelHit 1117, 976, 38.4186, 0
PixelHit 1117, 977, 2.9234, 0
PixelHit 1118, 975, 12.4798, 0
PixelHit 1118, 976, 22.0076, 0
PixelHit 1118, 977, 5.49584, 0
PixelHit 1119, 975, 8.97946, 0
PixelHit 1119, 976, 14.4598, 0
PixelHit 1119, 977, 2.35976, 0
PixelHit 1120, 975, 8.30163, 0
PixelHit 1120, 976, 25.6564, 0
PixelHit 1120, 977, 0.885253, 0
PixelHit 1120, 978, 1.32156, 0
PixelHit 1121, 974, 1.88015, 0
PixelHit 1121, 975, 20.4858, 0
PixelHit 1121, 976, 41.1618, 0
PixelHit 1121, 977, 15.8195, 0
PixelHit 1122, 974, 3.33519, 0
PixelHit 1122, 975, 15.1636, 0
PixelHit 1122, 976, 37.9198, 0
PixelHit 1122, 977, 12.3038, 0
PixelHit 1122, 978, 4.87547, 0
PixelHit 1123, 975, 26.8248, 0
PixelHit 1123, 976, 29.848, 0
PixelHit 1123, 977, 12.1086, 0
PixelHit 1124, 975, 16.515, 0
PixelHit 1124, 976, 28.5871, 0
PixelHit 1124, 977, 8.17085, 0
PixelHit 1125, 975, 28.5407, 0
PixelHit 1125, 976, 67.2505, 0
PixelHit 1125, 977, 22.2585, 0
PixelHit 1125, 978, 2.09897, 0
PixelHit 1126, 974, 2.62476, 0
PixelHit 1126, 975, 35.1356, 0
PixelHit 1126, 976, 56.7534, 0
PixelHit 1126, 977, 17.8115, 0
PixelHit 1127, 974, 1.65987, 0
PixelHit 1127, 975, 26.6547, 0
PixelHit 1127, 976, 44.7096, 0
PixelHit 1127, 977, 16.206, 0
PixelHit 1128, 974, 4.9072, 0
PixelHit 1128, 975, 23.4184, 0
PixelHit 1128, 976, 43.593, 0
PixelHit 1128, 977, 20.1924, 0
PixelHit 1129, 973, 1.21803, 0
PixelHit 1129, 974, 1.92887, 0
PixelHit 1129, 975, 13.0541, 0
PixelHit 1129, 976, 33.3889, 0
PixelHit 1129, 977, 10.1987, 0
PixelHit 1130, 974, 3.05761, 0
PixelHit 1130, 975, 16.0365, 0
PixelHit 1130, 976, 17.276, 0
PixelHit 1130, 977, 9.37688, 0
PixelHit 1131, 975, 5.92917, 0
PixelHit 1131, 976, 21.3513, 0
PixelHit 1131, 977, 3.93865, 0
PixelHit 1131, 978, 5.41052, 0
PixelHit 1132, 974, 3.56952, 0
PixelHit 1132, 975, 12.2033, 0
PixelHit 1132, 976, 15.6027, 0
PixelHit 1132, 977, 13.417, 0
PixelHit 1132, 978, 3.53542, 0
PixelHit 1133, 974, 7.38527, 0
PixelHit 1133, 975, 17.7817, 0
PixelHit 1133, 976, 29.8771, 0
PixelHit 1133, 977, 7.15834, 0
PixelHit 1133, 978, 0.790989, 0
PixelHit 1134, 974, 3.36799, 0
PixelHit 1134, 975, 13.1323, 0
PixelHit 1134, 976, 30.59, 0
PixelHit 1134, 977, 15.2504, 0
PixelHit 1134, 978, 1.06749, 0
PixelHit 1135, 974, 4.23286, 0
PixelHit 1135, 975, 23.333, 0
PixelHit 1135, 976, 41.7984, 0
PixelHit 1135, 977, 22.9588, 0
PixelHit 1135, 978, 8.13724, 0
PixelHit 1136, 974, 4.08731, 0
PixelHit 1136, 975, 20.8405, 0
PixelHit 1136, 976, 28.6518, 0
PixelHit 1136, 977, 14.116, 0
PixelHit 1136, 978, 6.31909, 0
PixelHit 1136, 979, 1.63284, 0
PixelHit 1137, 973, 3.07932, 0
PixelHit 1137, 974, 1.38112, 0
PixelHit 1137, 975, 12.1838, 0
PixelHit 1137, 976, 25.2239, 0
PixelHit 1137, 977, 12.7528, 0
PixelHit 1137, 978, 1.51266, 0
PixelHit 1138, 974, 6.76417, 0
PixelHit 1138, 975, 9.94261, 0
PixelHit 1138, 976, 18.9428, 0
PixelHit 1138, 977, 12.7975, 0
PixelHit 1138, 978, 2.40509, 0
PixelHit 1139, 974, 7.86879, 0
PixelHit 1139, 975, 14.705, 0
PixelHit 1139, 976, 18.9276, 0
PixelHit 1139, 977, 12.8182, 0
PixelHit 1139, 978, 3.87541, 0
PixelHit 1140, 974, 9.10789, 0
PixelHit 1140, 975, 24.3956, 0
PixelHit 1140, 976, 34.8339, 0
PixelHit 1140, 977, 17.7313, 0
PixelHit 1140, 978, 5.41929, 0
PixelHit 1141, 973, 2.35577, 0
PixelHit 1141, 974, 3.48739, 0
PixelHit 1141, 975, 37.3261, 0
PixelHit 1141, 976, 40.3575, 0
PixelHit 1141, 977, 25.3245, 0
PixelHit 1141, 979, 2.0053, 0
PixelHit 1142, 973, 4.50446, 0
PixelHit 1142, 974, 8.76649, 0
PixelHit 1142, 975, 26.1615, 0
PixelHit 1142, 976, 47.3073, 0
PixelHit 1142, 977, 25.7808, 0
PixelHit 1142, 978, 7.99768, 0
PixelHit 1142, 979, 2.74763, 0
PixelHit 1143, 972, 0.516278, 0
PixelHit 1143, 973, 4.98702, 0
PixelHit 1143, 974, 14.2273, 0
PixelHit 1143, 975, 34.955, 0
PixelHit 1143, 976, 42.8541, 0
PixelHit 1143, 977, 24.1623, 0
PixelHit 1143, 978, 13.101, 0
PixelHit 1144, 974, 11.9281, 0
PixelHit 1144, 975, 41.7454, 0
PixelHit 1144, 976, 52.4492, 0
PixelHit 1144, 977, 36.7625, 0
PixelHit 1144, 978, 8.45929, 0
PixelHit 1144, 979, 1.25113, 0
PixelHit 1145, 973, 4.52938, 0
PixelHit 1145, 974, 20.9573, 0
PixelHit 1145, 975, 61.0193, 0
PixelHit 1145, 976, 76.3138, 0
PixelHit 1145, 977, 54.7913, 0
PixelHit 1145, 978, 18.9454, 0
PixelHit 1145, 979, 2.85499, 0
PixelHit 1146, 973, 3.7096, 0
PixelHit 1146, 974, 18.6257, 0
PixelHit 1146, 975, 61.266, 0
PixelHit 1146, 976, 76.6965, 0
PixelHit 1146, 977, 58.0718, 0
PixelHit 1146, 978, 14.646, 0
PixelHit 1147, 974, 24.1297, 0
PixelHit 1147, 975, 39.8378, 0
PixelHit 1147, 976, 58.9319, 0
PixelHit 1147, 977, 28.9834, 0
PixelHit 1147, 978, 16.9656, 0
PixelHit 1147, 979, 1.45386, 0
PixelHit 1148, 973, 2.37221, 0
PixelHit 1148, 974, 4.90712, 0
PixelHit 1148, 975, 26.3416, 0
PixelHit 1148, 976, 29.7653, 0
PixelHit 1148, 977, 19.8926, 0
PixelHit 1148, 978, 6.47725, 0
PixelHit 1149, 974, 3.36103, 0
PixelHit 1149, 975, 10.0423, 0
PixelHit 1149, 976, 12.1245, 0
PixelHit 1149, 977, 5.6022, 0
PixelHit 1149, 978, 1.99115, 0
PixelHit 1150, 975, 1.72959, 0
PixelHit 1150, 976, 3.55278, 0
PixelHit 1150, 977, 2.28058, 0
PixelHit 1150, 978, 1.67851, 0
PixelHit 1150, 979, 2.39898, 0
PixelHit 1151, 978, 1.12149, 0
PixelHit 1240, 516, 4.52536, 0
PixelHit 1241, 515, 4.52627, 0
PixelHit 1241, 516, 118.81, 0
PixelHit 1242, 515, 0.752129, 0
PixelHit 1242, 516, 46.5967, 0
PixelHit 1242, 517, 3.65732, 0
PixelHit 1243, 515, 2.30512, 0
PixelHit 1243, 516, 57.2325, 0
PixelHit 1243, 517, 11.1227, 0
PixelHit 1244, 515, 3.29926, 0
PixelHit 1244, 516, 100.384, 0
PixelHit 1244, 517, 63.1949, 0
PixelHit 1245, 515, 11.6479, 0
PixelHit 1245, 516, 219.753, 0
PixelHit 1245, 517, 122.77, 0
PixelHit 1245, 518, 2.77931, 0
PixelHit 1246, 515, 3.47432, 0
PixelHit 1246, 516, 31.9359, 0
PixelHit 1246, 517, 37.8586, 0
PixelHit 1246, 518, 2.52412, 0
PixelHit 1247, 516, 6.64008, 0
PixelHit 1247, 517, 4.46504, 0
PixelHit 1248, 516, 5.27878, 0
PixelHit 1248, 517, 14.3698, 0
PixelHit 1248, 518, 0.996342, 0
PixelHit 1249, 515, 3.05678, 0
PixelHit 1249, 516, 15.5738, 0
PixelHit 1249, 517, 47.0236, 0
PixelHit 1249, 518, 11.9446, 0
PixelHit 1250, 516, 11.8131, 0
PixelHit 1250, 517, 27.0418, 0
PixelHit 1250, 518, 13.8659, 0
PixelHit 1251, 515, 3.6447, 0
PixelHit 1251, 516, 23.1983, 0
PixelHit 1251, 517, 74.1869, 0
PixelHit 1251, 518, 50.733, 0
PixelHit 1251, 519, 6.94267, 0
PixelHit 1252, 515, 6.62344, 0
PixelHit 1252, 516, 120.849, 0
PixelHit 1252, 517, 323.67, 0
PixelHit 1252, 518, 169.276, 0
PixelHit 1252, 519, 18.8158, 0
PixelHit 1253, 515, 15.144, 0
PixelHit 1253, 516, 107.292, 0
PixelHit 1253, 517, 311.939, 0
PixelHit 1253, 518, 177.032, 0
PixelHit 1253, 519, 16.8781, 0
PixelHit 1253, 520, 1.71733, 0
PixelHit 1254, 516, 31.7982, 0
PixelHit 1254, 517, 57.1448, 0
PixelHit 1254, 518, 62.7423, 0
PixelHit 1254, 519, 12.5518, 0
PixelHit 1255, 516, 8.55537, 0
PixelHit 1255, 517, 46.1353, 0
PixelHit 1255, 518, 43.5269, 0
PixelHit 1255, 519, 18.1121, 0
PixelHit 1256, 516, 5.37993, 0
PixelHit 1256, 517, 56.9733, 0
PixelHit 1256, 518, 59.5907, 0
PixelHit 1256, 519, 20.9057, 0
PixelHit 1257, 516, 5.87593, 0
PixelHit 1257, 517, 35.5124, 0
PixelHit 1257, 518, 50.0568, 0
PixelHit 1257, 519, 22.6872, 0
PixelHit 1258, 516, 3.79647, 0
PixelHit 1258, 517, 19.6626, 0
PixelHit 1258, 518, 24.7613, 0
PixelHit 1258, 519, 9.13839, 0
PixelHit 1258, 520, 1.35213, 0
PixelHit 1259, 516, 2.25132, 0
PixelHit 1259, 517, 17.7117, 0
PixelHit 1259, 518, 34.5476, 0
PixelHit 1259, 519, 23.055, 0
PixelHit 1259, 520, 2.3891, 0
PixelHit 1260, 516, 3.57995, 0
PixelHit 1260, 517, 13.8722, 0
PixelHit 1260, 518, 29.8103, 0
PixelHit 1260, 519, 27.3801, 0
PixelHit 1261, 517, 11.4768, 0
PixelHit 1261, 518, 14.6828, 0
PixelHit 1261, 519, 18.748, 0
PixelHit 1261, 520, 3.56781, 0
PixelHit 1261, 521, 1.47462, 0
PixelHit 1262, 517, 7.5429, 0
PixelHit 1262, 518, 7.11622, 0
PixelHit 1262, 519, 2.22038, 0
PixelHit 1263, 517, 0.590578, 0
PixelHit 1263, 518, 2.64408, 0
PixelHit 1263, 520, 0.203266, 0
PixelHit 1264, 518, 3.34741, 0
PixelHit 1264, 519, 3.29644, 0
PixelHit 1264, 520, 0.815852, 0
PixelHit 1265, 518, 10.5481, 0
PixelHit 1265, 519, 6.26125, 0
PixelHit 1265, 520, 5.14951, 0
PixelHit 1265, 521, 3.82682, 0
PixelHit 1266, 517, 5.57944, 0
PixelHit 1266, 518, 18.409, 0
PixelHit 1266, 519, 23.4589, 0
PixelHit 1266, 520, 8.20771, 0
PixelHit 1267, 517, 5.96757, 0
PixelHit 1267, 518, 16.381, 0
PixelHit 1267, 519, 27.5691, 0
PixelHit 1267, 520, 23.6252, 0
PixelHit 1267, 521, 8.20295, 0
PixelHit 1268, 517, 10.9277, 0
PixelHit 1268, 518, 35.6808, 0
PixelHit 1268, 519, 42.5119, 0
PixelHit 1268, 520, 19.8667, 0
PixelHit 1268, 521, 3.49889, 0
PixelHit 1269, 517, 1.88312, 0
PixelHit 1269, 518, 26.4407, 0
PixelHit 1269, 519, 48.1559, 0
PixelHit 1269, 520, 36.9541, 0
PixelHit 1269, 521, 7.13247, 0
PixelHit 1270, 517, 7.19354, 0
PixelHit 1270, 518, 26.6769, 0
PixelHit 1270, 519, 54.5123, 0
PixelHit 1270, 520, 28.7901, 0
PixelHit 1270, 521, 11.4914, 0
PixelHit 1271, 517, 15.6418, 0
PixelHit 1271, 518, 32.3107, 0
PixelHit 1271, 519, 44.3172, 0
PixelHit 1271, 520, 55.1189, 0
PixelHit 1271, 521, 11.3672, 0
PixelHit 1271, 522, 5.06557, 0
PixelHit 1272, 516, 5.3489, 0
PixelHit 1272, 517, 10.6973, 0
PixelHit 1272, 518, 55.8782, 0
PixelHit 1272, 519, 104.137, 0
PixelHit 1272, 520, 78.3281, 0
PixelHit 1272, 521, 39.1304, 0
PixelHit 1272, 522, 13.0429, 0
PixelHit 1273, 517, 14.8301, 0
PixelHit 1273, 518, 53.1061, 0
PixelHit 1273, 519, 137.004, 0
PixelHit 1273, 520, 126.213, 0
PixelHit 1273, 521, 49.9602, 0
PixelHit 1273, 522, 13.3366, 0
PixelHit 1274, 516, 2.77687, 0
PixelHit 1274, 517, 13.5995, 0
PixelHit 1274, 518, 39.3343, 0
PixelHit 1274, 519, 96.7832, 0
PixelHit 1274, 520, 102.297, 0
PixelHit 1274, 521, 55.0337, 0
PixelHit 1274, 522, 14.3853, 0
PixelHit 1275, 516, 0.603146, 0
PixelHit 1275, 517, 5.98517, 0
PixelHit 1275, 518, 41.0447, 0
PixelHit 1275, 519, 80.075, 0
PixelHit 1275, 520, 83.2953, 0
PixelHit 1275, 521, 50.0937, 0
PixelHit 1275, 522, 21.9379, 0
PixelHit 1275, 523, 5.44745, 0
PixelHit 1276, 517, 2.42166, 0
PixelHit 1276, 518, 12.2959, 0
PixelHit 1276, 519, 56.2838, 0
PixelHit 1276, 520, 63.2401, 0
PixelHit 1276, 521, 31.0892, 0
PixelHit 1276, 522, 8.07319, 0
PixelHit 1277, 516, 3.12919, 0
PixelHit 1277, 517, 2.06474, 0
PixelHit 1277, 518, 9.37599, 0
PixelHit 1277, 519, 19.1155, 0
PixelHit 1277, 520, 25.51, 0
PixelHit 1277, 521, 16.2725, 0
PixelHit 1277, 522, 3.0576, 0
PixelHit 1278, 518, 5.96892, 0
PixelHit 1278, 519, 9.29871, 0
PixelHit 1278, 520, 4.22198, 0
PixelHit 1278, 521, 4.68642, 0
PixelHit 1278, 522, 1.94839, 0
=== 24 ===
=== 25 ===
=== 26 ===
=== 27 ===
=== 28 ===
=== 29 ===
=== 30 ===
=== 31 ===
=== 32 ===
--- mydetector ---
PixelHit 1139, 954, 2.64742, 0
PixelHit 1139, 955, 2.15058, 0
PixelHit 1140, 954, 19.5964, 0
PixelHit 1140, 955, 71.4021, 0
PixelHit 1141, 954, 27.5194, 0
PixelHit 1141, 955, 54.7187, 0
PixelHit 1141, 956, 1.32776, 0
PixelHit 1142, 954, 32.6882, 0
PixelHit 1142, 955, 85.7023, 0
PixelHit 1142, 956, 3.54874, 0
PixelHit 1143, 954, 25.9406, 0
PixelHit 1143, 955, 46.2556, 0
PixelHit 1144, 954, 10.8877, 0
PixelHit 1144, 955, 15.499, 0
PixelHit 1145, 954, 16.3732, 0
PixelHit 1145, 955, 21.2279, 0
PixelHit 1146, 953, 3.13696, 0
PixelHit 1146, 954, 27.0951, 0
PixelHit 1146, 955, 31.4044, 0
PixelHit 1146, 956, 4.31196, 0
PixelHit 1147, 954, 33.7818, 0
PixelHit 1147, 955, 38.9104, 0
PixelHit 1147, 956, 1.94818, 0
PixelHit 1148, 954, 20.3607, 0
PixelHit 1148, 955, 30.4729, 0
PixelHit 1148, 956, 4.94244, 0
PixelHit 1149, 953, 1.03139, 0
PixelHit 1149, 954, 16.6506, 0
PixelHit 1149, 955, 8.51123, 0
PixelHit 1149, 956, 4.38471, 0
PixelHit 1150, 954, 12.5234, 0
PixelHit 1150, 955, 22.2658, 0
PixelHit 1151, 952, 1.13147, 0
PixelHit 1151, 953, 3.85722, 0
PixelHit 1151, 954, 22.0154, 0
PixelHit 1151, 955, 29.6273, 0
PixelHit 1151, 956, 7.86096, 0
PixelHit 1152, 954, 23.5559, 0
PixelHit 1152, 955, 27.2963, 0
PixelHit 1152, 956, 7.8328, 0
PixelHit 1153, 953, 1.17039, 0
PixelHit 1153, 954, 22.8652, 0
PixelHit 1153, 955, 15.4541, 0
PixelHit 1153, 956, 2.94388, 0
PixelHit 1154, 953, 2.32769, 0
PixelHit 1154, 954, 12.2447, 0
PixelHit 1154, 955, 10.4746, 0
PixelHit 1155, 952, 0.260938, 0
PixelHit 1155, 954, 8.28108, 0
PixelHit 1155, 955, 8.33644, 0
PixelHit 1155, 956, 3.80106, 0
PixelHit 1155, 957, 1.27032, 0
PixelHit 1156, 953, 4.76313, 0
PixelHit 1156, 954, 13.4411, 0
PixelHit 1156, 955, 25.5771, 0
PixelHit 1156, 956, 5.75433, 0
PixelHit 1157, 953, 7.60436, 0
PixelHit 1157, 954, 51.1161, 0
PixelHit 1157, 955, 66.2222, 0
PixelHit 1157, 956, 19.5107, 0
PixelHit 1157, 957, 2.13159, 0
PixelHit 1158, 953, 8.75237, 0
PixelHit 1158, 954, 65.5554, 0
PixelHit 1158, 955, 100.579, 0
PixelHit 1158, 956, 51.0926, 0
PixelHit 1158, 957, 8.71947, 0
PixelHit 1159, 952, 2.29119, 0
PixelHit 1159, 953, 15.85, 0
PixelHit 1159, 954, 77.2635, 0
PixelHit 1159, 955, 112.858, 0
PixelHit 1159, 956, 62.5585, 0
PixelHit 1159, 957, 6.06496, 0
PixelHit 1160, 953, 15.6278, 0
PixelHit 1160, 954, 71.8494, 0
PixelHit 1160, 955, 101.711, 0
PixelHit 1160, 956, 53.1862, 0
PixelHit 1160, 957, 3.67578, 0
PixelHit 1161, 953, 13.5308, 0
PixelHit 1161, 954, 37.4855, 0
PixelHit 1161, 955, 48.9246, 0
PixelHit 1161, 956, 38.1485, 0
PixelHit 1161, 957, 3.01659, 0
PixelHit 1161, 958, 0.486735, 0
PixelHit 1162, 953, 12.2078, 0
PixelHit 1162, 954, 30.4399, 0
PixelHit 1162, 955, 31.5939, 0
PixelHit 1162, 956, 13.5609, 0
PixelHit 1163, 953, 3.37338, 0
PixelHit 1163, 954, 9.94862, 0
PixelHit 1163, 955, 23.3817, 0
PixelHit 1163, 956, 12.3799, 0
PixelHit 1163, 957, 0.592379, 0
PixelHit 1164, 953, 4.76513, 0
PixelHit 1164, 954, 23.8029, 0
PixelHit 1164, 955, 21.9838, 0
PixelHit 1164, 956, 10.8396, 0
PixelHit 1165, 952, 3.20164, 0
PixelHit 1165, 953, 1.76404, 0
PixelHit 1165, 954, 22.525, 0
PixelHit 1165, 955, 26.4587, 0
PixelHit 1165, 956, 10.2175, 0
PixelHit 1165, 957, 3.47108, 0
PixelHit 1166, 952, 0.679281, 0
PixelHit 1166, 953, 12.5738, 0
PixelHit 1166, 954, 22.1834, 0
PixelHit 1166, 955, 45.0065, 0
PixelHit 1166, 956, 31.3204, 0
PixelHit 1166, 957, 5.94345, 0
PixelHit 1166, 958, 2.94529, 0
PixelHit 1167, 952, 1.35623, 0
PixelHit 1167, 953, 13.2206, 0
PixelHit 1167, 954, 48.8719, 0
PixelHit 1167, 955, 43.9648, 0
PixelHit 1167, 956, 44.2445, 0
PixelHit 1167, 957, 8.39123, 0
PixelHit 1168, 953, 10.4877, 0
PixelHit 1168, 954, 28.558, 0
PixelHit 1168, 955, 40.1503, 0
PixelHit 1168, 956, 20.1907, 0
PixelHit 1168, 957, 7.02258, 0
PixelHit 1169, 953, 5.05874, 0
PixelHit 1169, 954, 14.7688, 0
PixelHit 1169, 955, 27.2717, 0
PixelHit 1169, 956, 10.3298, 0
PixelHit 1170, 953, 7.59887, 0
PixelHit 1170, 954, 11.9148, 0
PixelHit 1170, 955, 17.1002, 0
PixelHit 1170, 956, 14.377, 0
PixelHit 1170, 957, 5.21616, 0
PixelHit 1171, 953, 3.44885, 0
PixelHit 1171, 954, 10.8891, 0
PixelHit 1171, 955, 21.5835, 0
PixelHit 1171, 956, 13.9668, 0
PixelHit 1171, 957, 3.71381, 0
PixelHit 1171, 958, 3.80039, 0
PixelHit 1172, 953, 6.61909, 0
PixelHit 1172, 954, 19.9715, 0
PixelHit 1172, 955, 17.8352, 0
PixelHit 1172, 956, 17.0925, 0
PixelHit 1172, 957, 5.8909, 0
PixelHit 1172, 958, 1.59403, 0
PixelHit 1173, 952, 1.87984, 0
PixelHit 1173, 953, 3.93468, 0
PixelHit 1173, 954, 13.2368, 0
PixelHit 1173, 955, 17.6177, 0
PixelHit 1173, 956, 12.2674, 0
PixelHit 1173, 957, 1.21682, 0
PixelHit 1174, 953, 7.78417, 0
PixelHit 1174, 954, 13.0891, 0
PixelHit 1174, 955, 32.5274, 0
PixelHit 1174, 956, 13.2995, 0
PixelHit 1174, 957, 5.78155, 0
PixelHit 1175, 953, 3.48791, 0
PixelHit 1175, 954, 11.1625, 0
PixelHit 1175, 955, 23.9227, 0
PixelHit 1175, 956, 13.8117, 0
PixelHit 1175, 957, 5.16781, 0
PixelHit 1175, 959, 0.30019, 0
PixelHit 1176, 954, 14.1322, 0
PixelHit 1176, 955, 20.086, 0
PixelHit 1176, 956, 11.6937, 0
PixelHit 1176, 957, 5.66889, 0
PixelHit 1177, 952, 2.65638, 0
PixelHit 1177, 953, 5.91191, 0
PixelHit 1177, 954, 10.8473, 0
PixelHit 1177, 955, 20.4796, 0
PixelHit 1177, 956, 10.3463, 0
PixelHit 1177, 957, 2.03169, 0
PixelHit 1178, 952, 2.73951, 0
PixelHit 1178, 953, 3.18212, 0
PixelHit 1178, 954, 9.76689, 0
PixelHit 1178, 955, 8.58767, 0
PixelHit 1178, 956, 2.18061, 0
PixelHit 1178, 957, 3.95733, 0
PixelHit 1178, 958, 0.435958, 0
PixelHit 1179, 954, 1.22665, 0
PixelHit 1179, 955, 5.5351, 0
PixelHit 1179, 956, 3.68414, 0
PixelHit 1180, 953, 1.42205, 0
PixelHit 1180, 955, 4.09046, 0
PixelHit 1180, 956, 1.60922, 0
PixelHit 1380, 987, 2.43493, 0
PixelHit 1381, 985, 19.9649, 0
PixelHit 1381, 986, 12.7832, 0
PixelHit 1382, 986, 1.09962, 0
PixelHit 1383, 985, 5.06713, 0
PixelHit 1383, 986, 2.38717, 0
PixelHit 1384, 985, 14.2131, 0
PixelHit 1384, 986, 12.4844, 0
PixelHit 1385, 984, 0.553148, 0
PixelHit 1385, 985, 19.2855, 0
PixelHit 1385, 986, 14.5592, 0
PixelHit 1385, 987, 1.56329, 0
PixelHit 1386, 984, 1.94028, 0
PixelHit 1386, 985, 58.4524, 0
PixelHit 1386, 986, 52.8128, 0
PixelHit 1387, 984, 1.49379, 0
PixelHit 1387, 985, 35.5978, 0
PixelHit 1387, 986, 27.6772, 0
PixelHit 1387, 987, 1.60513, 0
PixelHit 1388, 984, 3.01887, 0
PixelHit 1388, 985, 32.5826, 0
PixelHit 1388, 986, 27.4236, 0
PixelHit 1388, 987, 4.43377, 0
PixelHit 1389, 984, 0.213375, 0
PixelHit 1389, 985, 35.4953, 0
PixelHit 1389, 986, 25.2663, 0
PixelHit 1389, 987, 4.76179, 0
PixelHit 1390, 983, 1.49521, 0
PixelHit 1390, 984, 8.72585, 0
PixelHit 1390, 985, 38.6747, 0
PixelHit 1390, 986, 28.9827, 0
PixelHit 1390, 987, 9.27514, 0
PixelHit 1391, 984, 18.0547, 0
PixelHit 1391, 985, 66.4634, 0
PixelHit 1391, 986, 74.0188, 0
PixelHit 1391, 987, 15.6383, 0
PixelHit 1392, 984, 18.368, 0
PixelHit 1392, 985, 100.069, 0
PixelHit 1392, 986, 85.8731, 0
PixelHit 1392, 987, 13.6521, 0
PixelHit 1393, 984, 15.6651, 0
PixelHit 1393, 985, 64.1898, 0
PixelHit 1393, 986, 56.5604, 0
PixelHit 1393, 987, 7.02042, 0
PixelHit 1394, 984, 17.1248, 0
PixelHit 1394, 985, 57.6776, 0
PixelHit 1394, 986, 44.497, 0
PixelHit 1394, 987, 12.5309, 0
PixelHit 1395, 983, 3.2313, 0
PixelHit 1395, 984, 13.5297, 0
PixelHit 1395, 985, 50.2687, 0
PixelHit 1395, 986, 28.2061, 0
PixelHit 1395, 987, 3.5286, 0
PixelHit 1396, 984, 5.84799, 0
PixelHit 1396, 985, 8.10524, 0
PixelHit 1396, 986, 9.98894, 0
PixelHit 1396, 987, 3.11008, 0
PixelHit 1397, 984, 3.30407, 0
PixelHit 1397, 985, 5.46237, 0
PixelHit 1397, 986, 6.24352, 0
PixelHit 1398, 984, 1.19678, 0
PixelHit 1398, 985, 16.7935, 0
PixelHit 1398, 986, 8.03413, 0
PixelHit 1399, 983, 2.23932, 0
PixelHit 1399, 984, 8.23878, 0
PixelHit 1399, 985, 16.4974, 0
PixelHit 1399, 986, 2.24032, 0
PixelHit 1399, 987, 0.791586, 0
PixelHit 1400, 985, 15.1438, 0
PixelHit 1400, 986, 4.13617, 0
PixelHit 1401, 984, 8.03157, 0
PixelHit 1401, 985, 11.6811, 0
PixelHit 1401, 986, 10.4698, 0
PixelHit 1401, 987, 4.5035, 0
PixelHit 1402, 983, 3.72715, 0
PixelHit 1402, 984, 7.95371, 0
PixelHit 1402, 985, 21.635, 0
PixelHit 1402, 986, 23.3858, 0
PixelHit 1402, 987, 2.4443, 0
PixelHit 1402, 988, 1.17327, 0
PixelHit 1403, 983, 4.39694, 0
PixelHit 1403, 984, 5.76796, 0
PixelHit 1403, 985, 19.1973, 0
PixelHit 1403, 986, 16.2113, 0
PixelHit 1403, 987, 1.31046, 0
PixelHit 1404, 984, 8.10193, 0
PixelHit 1404, 985, 31.1503, 0
PixelHit 1404, 986, 11.2663, 0
PixelHit 1404, 987, 1.45417, 0
PixelHit 1405, 983, 4.60524, 0
PixelHit 1405, 984, 14.7378, 0
PixelHit 1405, 985, 21.811, 0
PixelHit 1405, 986, 31.8135, 0
PixelHit 1405, 987, 7.28597, 0
PixelHit 1406, 984, 20.6253, 0
PixelHit 1406, 985, 41.4853, 0
PixelHit 1406, 986, 29.0954, 0
PixelHit 1406, 987, 7.31661, 0
PixelHit 1406, 988, 2.96032, 0
PixelHit 1407, 983, 8.03948, 0
PixelHit 1407, 984, 24.4997, 0
PixelHit 1407, 985, 41.6171, 0
PixelHit 1407, 986, 44.9874, 0
PixelHit 1407, 987, 4.79543, 0
PixelHit 1407, 988, 4.5588, 0
PixelHit 1407, 989, 1.28689, 0
PixelHit 1408, 983, 5.27574, 0
PixelHit 1408, 984, 12.8963, 0
PixelHit 1408, 985, 30.525, 0
PixelHit 1408, 986, 23.4069, 0
PixelHit 1408, 987, 12.9776, 0
PixelHit 1409, 983, 4.45937, 0
PixelHit 1409, 984, 9.27693, 0
PixelHit 1409, 985, 18.9025, 0
PixelHit 1409, 986, 21.2263, 0
PixelHit 1409, 987, 6.63899, 0
PixelHit 1409, 988, 4.12068, 0
PixelHit 1410, 983, 4.38531, 0
PixelHit 1410, 984, 15.4094, 0
PixelHit 1410, 985, 13.9198, 0
PixelHit 1410, 986, 27.2273, 0
PixelHit 1410, 987, 9.54023, 0
PixelHit 1410, 988, 1.75965, 0
PixelHit 1411, 983, 8.84042, 0
PixelHit 1411, 984, 21.7652, 0
PixelHit 1411, 985, 32.1906, 0
PixelHit 1411, 986, 28.1805, 0
PixelHit 1411, 987, 4.3525, 0
PixelHit 1412, 983, 4.53693, 0
PixelHit 1412, 984, 15.3726, 0
PixelHit 1412, 985, 27.2602, 0
PixelHit 1412, 986, 16.4599, 0
PixelHit 1412, 987, 16.7485, 0
PixelHit 1413, 983, 5.94544, 0
PixelHit 1413, 984, 11.0218, 0
PixelHit 1413, 985, 20.6599, 0
PixelHit 1413, 986, 23.194, 0
PixelHit 1413, 987, 19.1712, 0
PixelHit 1413, 988, 2.31222, 0
PixelHit 1414, 983, 3.93553, 0
PixelHit 1414, 984, 16.1985, 0
PixelHit 1414, 985, 31.764, 0
PixelHit 1414, 986, 26.2986, 0
PixelHit 1414, 987, 12.6949, 0
PixelHit 1414, 988, 5.06892, 0
PixelHit 1415, 982, 0.981167, 0
PixelHit 1415, 983, 3.59185, 0
PixelHit 1415, 984, 18.8585, 0
PixelHit 1415, 985, 42.9609, 0
PixelHit 1415, 986, 24.0459, 0
PixelHit 1415, 987, 12.6661, 0
PixelHit 1416, 983, 9.87761, 0
PixelHit 1416, 984, 22.1637, 0
PixelHit 1416, 985, 28.5293, 0
PixelHit 1416, 986, 24.8285, 0
PixelHit 1416, 987, 9.86386, 0
PixelHit 1416, 988, 3.51065, 0
PixelHit 1417, 984, 1.5275, 0
PixelHit 1417, 985, 23.4096, 0
PixelHit 1417, 986, 4.38455, 0
PixelHit 1417, 987, 8.35085, 0
PixelHit 1418, 982, 2.22305, 0
PixelHit 1418, 983, -0.228933, 0
PixelHit 1418, 984, 1.2656, 0
PixelHit 1418, 985, 2.614, 0
PixelHit 1418, 986, 5.30775, 0
PixelHit 1418, 987, 2.89737, 0
PixelHit 1418, 988, 2.25892, 0
=== 33 ===
=== 34 ===
=== 35 ===
=== 36 ===
=== 37 ===
=== 38 ===
=== 39 ===
=== 40 ===
--- mydetector ---
PixelHit 1244, 1049, 2.09544, 0
PixelHit 1245, 1049, 16.4155, 0
PixelHit 1245, 1050, 3.96071, 0
PixelHit 1246, 1048, 1.9173, 0
PixelHit 1246, 1049, 56.3837, 0
PixelHit 1246, 1050, 35.901, 0
PixelHit 1247, 1049, 92.1149, 0
PixelHit 1247, 1050, 38.4034, 0
PixelHit 1248, 1049, 13.948, 0
PixelHit 1248, 1050, 12.2426, 0
PixelHit 1249, 1048, 3.33924, 0
PixelHit 1249, 1049, 59.2002, 0
PixelHit 1249, 1050, 46.4954, 0
PixelHit 1250, 1048, 2.64574, 0
PixelHit 1250, 1049, 43.6684, 0
PixelHit 1250, 1050, 33.3202, 0
PixelHit 1251, 1048, 4.88572, 0
PixelHit 1251, 1049, 50.068, 0
PixelHit 1251, 1050, 26.8252, 0
PixelHit 1252, 1048, 5.74463, 0
PixelHit 1252, 1049, 33.6967, 0
PixelHit 1252, 1050, 28.3983, 0
PixelHit 1253, 1048, 2.06017, 0
PixelHit 1253, 1049, 26.2759, 0
PixelHit 1253, 1050, 12.2271, 0
PixelHit 1254, 1048, 4.83892, 0
PixelHit 1254, 1049, 14.1195, 0
PixelHit 1254, 1050, 3.92457, 0
PixelHit 1255, 1048, 6.72313, 0
PixelHit 1255, 1049, 16.943, 0
PixelHit 1255, 1050, 11.4535, 0
PixelHit 1256, 1049, 18.9992, 0
PixelHit 1256, 1050, 10.295, 0
PixelHit 1256, 1051, 2.23068, 0
PixelHit 1257, 1049, 15.9932, 0
PixelHit 1257, 1050, 12.3672, 0
PixelHit 1257, 1051, 3.24166, 0
PixelHit 1258, 1048, 5.15121, 0
PixelHit 1258, 1049, 12.692, 0
PixelHit 1258, 1050, 10.3456, 0
PixelHit 1258, 1051, 1.88656, 0
PixelHit 1259, 1048, 4.74728, 0
PixelHit 1259, 1049, 22.5009, 0
PixelHit 1259, 1050, 13.1336, 0
PixelHit 1259, 1052, 1.59556, 0
PixelHit 1260, 1048, 9.27459, 0
PixelHit 1260, 1049, 41.9167, 0
PixelHit 1260, 1050, 19.5609, 0
PixelHit 1260, 1051, 5.83101, 0
PixelHit 1261, 1048, 20.5844, 0
PixelHit 1261, 1049, 53.7594, 0
PixelHit 1261, 1050, 29.6687, 0
PixelHit 1261, 1051, 8.96124, 0
PixelHit 1262, 1048, 36.0815, 0
PixelHit 1262, 1049, 38.0583, 0
PixelHit 1262, 1050, 40.9769, 0
PixelHit 1262, 1051, 7.60435, 0
PixelHit 1263, 1047, 2.04459, 0
PixelHit 1263, 1048, 9.97304, 0
PixelHit 1263, 1049, 24.7639, 0
PixelHit 1263, 1050, 21.3742, 0
PixelHit 1264, 1047, 3.91929, 0
PixelHit 1264, 1048, 13.0538, 0
PixelHit 1264, 1049, 35.6327, 0
PixelHit 1264, 1050, 25.5991, 0
PixelHit 1265, 1047, 6.30822, 0
PixelHit 1265, 1048, 22.6347, 0
PixelHit 1265, 1049, 35.3668, 0
PixelHit 1265, 1050, 31.5333, 0
PixelHit 1265, 1051, 3.07478, 0
PixelHit 1265, 1052, 1.34114, 0
PixelHit 1266, 1047, 1.11603, 0
PixelHit 1266, 1048, 9.01386, 0
PixelHit 1266, 1049, 30.7607, 0
PixelHit 1266, 1050, 25.1185, 0
PixelHit 1266, 1051, 6.2672, 0
PixelHit 1266, 1052, 1.36705, 0
PixelHit 1267, 1048, 3.64257, 0
PixelHit 1267, 1049, 8.96128, 0
PixelHit 1267, 1050, 8.70171, 0
PixelHit 1267, 1051, 2.95781, 0
PixelHit 1268, 1048, 8.45589, 0
PixelHit 1268, 1049, 6.22897, 0
PixelHit 1268, 1050, 5.24951, 0
PixelHit 1269, 1048, 6.1446, 0
PixelHit 1269, 1049, 22.0793, 0
PixelHit 1269, 1050, 4.96999, 0
PixelHit 1270, 1046, 1.39761, 0
PixelHit 1270, 1048, 8.27053, 0
PixelHit 1270, 1049, 20.0977, 0
PixelHit 1270, 1050, 11.173, 0
PixelHit 1270, 1051, 3.35975, 0
PixelHit 1271, 1048, 9.10671, 0
PixelHit 1271, 1049, 18.0243, 0
PixelHit 1271, 1050, 16.2447, 0
PixelHit 1272, 1047, 5.9366, 0
PixelHit 1272, 1048, 12.071, 0
PixelHit 1272, 1049, 14.0955, 0
PixelHit 1272, 1050, 16.9362, 0
PixelHit 1272, 1051, 6.18383, 0
PixelHit 1273, 1048, 10.828, 0
PixelHit 1273, 1049, 25.5873, 0
PixelHit 1273, 1050, 18.5975, 0
PixelHit 1273, 1051, 6.53672, 0
PixelHit 1274, 1048, 8.08922, 0
PixelHit 1274, 1049, 16.8235, 0
PixelHit 1274, 1050, 16.292, 0
PixelHit 1274, 1051, 4.64286, 0
PixelHit 1275, 1047, 1.1103, 0
PixelHit 1275, 1048, 9.7262, 0
PixelHit 1275, 1049, 15.8307, 0
PixelHit 1275, 1050, 14.0788, 0
PixelHit 1275, 1051, 3.68687, 0
PixelHit 1275, 1052, 0.498373, 0
PixelHit 1276, 1046, 2.57007, 0
PixelHit 1276, 1048, 15.0641, 0
PixelHit 1276, 1049, 13.3847, 0
PixelHit 1276, 1050, 15.4389, 0
PixelHit 1276, 1051, 2.58032, 0
PixelHit 1277, 1047, 5.71476, 0
PixelHit 1277, 1048, 23.5685, 0
PixelHit 1277, 1049, 20.7405, 0
PixelHit 1277, 1050, 13.2858, 0
PixelHit 1277, 1051, 8.30824, 0
PixelHit 1278, 1047, 5.75417, 0
PixelHit 1278, 1048, 7.30112, 0
PixelHit 1278, 1049, 16.3747, 0
PixelHit 1278, 1050, 15.5971, 0
PixelHit 1278, 1051, 6.95975, 0
PixelHit 1279, 1048, 7.96811, 0
PixelHit 1279, 1049, 8.61845, 0
PixelHit 1279, 1050, 13.4214, 0
PixelHit 1279, 1051, 5.8658, 0
PixelHit 1279, 1052, 2.50072, 0
PixelHit 1280, 1046, 1.75911, 0
PixelHit 1280, 1048, 4.21085, 0
PixelHit 1280, 1049, 10.3633, 0
PixelHit 1280, 1050, 8.3047, 0
PixelHit 1281, 1047, 5.7513, 0
PixelHit 1281, 1048, 5.03023, 0
PixelHit 1281, 1049, 19.2283, 0
PixelHit 1281, 1050, 9.13547, 0
PixelHit 1281, 1051, 7.48941, 0
PixelHit 1281, 1053, 0.0848583, 0
PixelHit 1282, 1047, 7.41251, 0
PixelHit 1282, 1048, 9.66576, 0
PixelHit 1282, 1049, 15.6548, 0
PixelHit 1282, 1050, 19.0573, 0
PixelHit 1282, 1051, 6.4555, 0
PixelHit 1282, 1052, 1.02205, 0
PixelHit 1283, 1046, 1.79889, 0
PixelHit 1283, 1048, 10.7239, 0
PixelHit 1283, 1049, 12.7134, 0
PixelHit 1283, 1050, 11.4338, 0
PixelHit 1283, 1051, 4.16374, 0
PixelHit 1283, 1052, 4.16169, 0
PixelHit 1284, 1047, 1.97577, 0
PixelHit 1284, 1049, 12.462, 0
PixelHit 1284, 1051, 3.79906, 0
PixelHit 1285, 1050, 2.20675, 0
=== 41 ===
=== 42 ===
=== 43 ===
=== 44 ===
=== 45 ===
=== 46 ===
=== 47 ===
=== 48 ===
=== 49 ===
=== 50 ===
=== 51 ===
=== 52 ===
=== 53 ===
=== 54 ===
=== 55 ===
=== 56 ===
=== 57 ===
=== 58 ===
=== 59 ===
=== 60 ===
=== 61 ===
=== 62 ===
=== 63 ===
=== 64 ===
=== 65 ===
=== 66 ===
=== 67 ===
=== 68 ===
=== 69 ===
=== 70 ===
=== 71 ===
=== 72 ===
=== 73 ===
=== 74 ===
=== 75 ===
=== 76 ===
=== 77 ===
=== 78 ===
=== 79 ===
=== 80 ===
=== 81 ===
=== 82 ===
=== 83 ===
=== 84 ===
=== 85 ===
=== 86 ===
=== 87 ===
=== 88 ===
=== 89 ===
=== 90 ===
=== 91 ===
=== 92 ===
=== 93 ===
=== 94 ===
=== 95 ===
=== 96 ===
=== 97 ===
=== 98 ===
=== 99 ===
=== 100 ===
# 860 objects from 3 messages
