# Allpix Squared ASCII data - https://cern.ch/allpix-squared

=== 1 ===
--- mydetector ---
PixelHit 1193, 994, 3.23822, 0
PixelHit 1194, 993, 1.70331, 0
PixelHit 1194, 994, 108.294, 0
PixelHit 1195, 993, 0.43398, 0
PixelHit 1195, 994, 20.563, 0
PixelHit 1195, 995, 1.70349, 0
PixelHit 1196, 994, 1.58597, 0
PixelHit 1197, 993, 4.72218, 0
PixelHit 1197, 994, 47.913, 0
PixelHit 1197, 995, 7.51768, 0
PixelHit 1198, 994, 50.9856, 0
PixelHit 1198, 995, 4.18897, 0
PixelHit 1199, 993, 1.32274, 0
PixelHit 1199, 994, 41.4078, 0
PixelHit 1199, 995, 6.39437, 0
PixelHit 1200, 993, 5.46968, 0
PixelHit 1200, 994, 23.978, 0
PixelHit 1200, 995, 4.1362, 0
PixelHit 1201, 993, 4.53727, 0
PixelHit 1201, 994, 30.9043, 0
PixelHit 1201, 995, 6.56401, 0
PixelHit 1202, 993, 7.78405, 0
PixelHit 1202, 994, 30.9537, 0
PixelHit 1202, 995, 8.95976, 0
PixelHit 1203, 993, 2.15005, 0
PixelHit 1203, 994, 36.638, 0
PixelHit 1203, 995, 9.50529, 0
PixelHit 1204, 993, 16.3884, 0
PixelHit 1204, 994, 66.4911, 0
PixelHit 1204, 995, 14.6022, 0
PixelHit 1205, 993, 6.10598, 0
PixelHit 1205, 994, 63.0094, 0
PixelHit 1205, 995, 17.0757, 0
PixelHit 1206, 993, 8.96576, 0
PixelHit 1206, 994, 24.6127, 0
PixelHit 1206, 995, 7.16508, 0
PixelHit 1207, 995, 0.810764, 0
PixelHit 1208, 993, 7.06702, 0
PixelHit 1208, 994, 15.1754, 0
PixelHit 1208, 995, 5.02147, 0
PixelHit 1209, 993, 14.4936, 0
PixelHit 1209, 994, 50.0986, 0
PixelHit 1209, 995, 20.2002, 0
PixelHit 1210, 993, 24.9372, 0
PixelHit 1210, 994, 74.2903, 0
PixelHit 1210, 995, 25.3707, 0
PixelHit 1211, 993, 6.23554, 0
PixelHit 1211, 994, 29.2887, 0
PixelHit 1211, 995, 12.988, 0
PixelHit 1211, 996, 1.46622, 0
PixelHit 1212, 993, 8.81829, 0
PixelHit 1212, 994, 14.3046, 0
PixelHit 1212, 995, 3.49348, 0
PixelHit 1213, 993, 15.5864, 0
PixelHit 1213, 994, 37.6547, 0
PixelHit 1213, 995, 15.9849, 0
PixelHit 1214, 992, 4.00355, 0
PixelHit 1214, 993, 28.6098, 0
PixelHit 1214, 994, 68.8496, 0
PixelHit 1214, 995, 32.4416, 0
PixelHit 1214, 996, 3.77282, 0
PixelHit 1215, 992, 2.90662, 0
PixelHit 1215, 993, 28.3947, 0
PixelHit 1215, 994, 54.4744, 0
PixelHit 1215, 995, 25.5774, 0
PixelHit 1215, 996, 1.18801, 0
PixelHit 1216, 992, 4.88946, 0
PixelHit 1216, 993, 41.6685, 0
PixelHit 1216, 994, 61.8691, 0
PixelHit 1216, 995, 23.1297, 0
PixelHit 1216, 996, 2.96007, 0
PixelHit 1217, 992, 2.90348, 0
PixelHit 1217, 993, 25.9238, 0
PixelHit 1217, 994, 42.5212, 0
PixelHit 1217, 995, 34.5984, 0
PixelHit 1218, 993, 7.47117, 0
PixelHit 1218, 994, 32.9639, 0
PixelHit 1218, 995, 19.701, 0
PixelHit 1219, 993, 7.07254, 0
PixelHit 1219, 994, 9.05004, 0
PixelHit 1219, 995, 8.28287, 0
PixelHit 1220, 993, 16.4088, 0
PixelHit 1220, 994, 33.8534, 0
PixelHit 1220, 995, 7.35037, 0
PixelHit 1221, 991, 0.801923, 0
PixelHit 1221, 992, 2.41869, 0
PixelHit 1221, 993, 25.7733, 0
PixelHit 1221, 994, 47.283, 0
PixelHit 1221, 995, 21.4143, 0
PixelHit 1222, 993, 21.2708, 0
PixelHit 1222, 994, 28.2656, 0
PixelHit 1222, 995, 15.8729, 0
PixelHit 1222, 996, 2.54347, 0
PixelHit 1223, 992, 4.1579, 0
PixelHit 1223, 993, 22.0624, 0
PixelHit 1223, 994, 35.0504, 0
PixelHit 1223, 995, 16.0034, 0
PixelHit 1224, 992, 5.77153, 0
PixelHit 1224, 993, 11.1048, 0
PixelHit 1224, 994, 30.9612, 0
PixelHit 1224, 995, 12.5191, 0
PixelHit 1225, 992, 1.29142, 0
PixelHit 1225, 993, 8.90345, 0
PixelHit 1225, 994, 16.9644, 0
PixelHit 1225, 995, 8.11638, 0
PixelHit 1225, 996, 0.791825, 0
PixelHit 1226, 992, 2.26986, 0
PixelHit 1226, 993, 5.47534, 0
PixelHit 1226, 994, 17.7982, 0
PixelHit 1226, 995, 9.19537, 0
PixelHit 1226, 996, 3.5954, 0
PixelHit 1227, 992, 5.31061, 0
PixelHit 1227, 993, 13.4792, 0
PixelHit 1227, 994, 14.8384, 0
PixelHit 1227, 995, 7.0324, 0
PixelHit 1227, 996, 2.45241, 0
PixelHit 1228, 992, 3.91184, 0
PixelHit 1228, 993, 12.8621, 0
PixelHit 1228, 994, 12.706, 0
PixelHit 1228, 995, 7.89548, 0
PixelHit 1228, 996, 1.17059, 0
PixelHit 1229, 993, 5.7034, 0
PixelHit 1229, 994, 6.93011, 0
PixelHit 1229, 995, 5.50304, 0
PixelHit 1230, 992, 0.579712, 0
PixelHit 1230, 993, 6.87656, 0
PixelHit 1230, 994, 8.81172, 0
PixelHit 1230, 995, 6.47129, 0
PixelHit 1230, 996, 1.31227, 0
PixelHit 1231, 992, 2.70101, 0
PixelHit 1231, 993, 9.48247, 0
PixelHit 1231, 994, 25.8659, 0
PixelHit 1231, 995, 8.87389, 0
PixelHit 1232, 993, 14.8622, 0
PixelHit 1232, 994, 9.34467, 0
PixelHit 1232, 995, 16.3751, 0
PixelHit 1232, 996, 2.25231, 0
PixelHit 1233, 992, 2.94686, 0
PixelHit 1233, 993, 3.48132, 0
PixelHit 1233, 994, 16.9329, 0
PixelHit 1233, 995, 4.66826, 0
PixelHit 1234, 992, 5.19211, 0
PixelHit 1234, 993, 14.0427, 0
PixelHit 1234, 994, 10.3051, 0
PixelHit 1234, 995, 6.39497, 0
PixelHit 1235, 992, 6.00751, 0
PixelHit 1235, 993, 13.4534, 0
PixelHit 1235, 994, 23.43, 0
PixelHit 1235, 995, 8.15379, 0
PixelHit 1236, 992, 2.9909, 0
PixelHit 1236, 993, 13.0698, 0
PixelHit 1236, 994, 13.9531, 0
PixelHit 1236, 995, 3.6697, 0
PixelHit 1237, 993, 10.1267, 0
PixelHit 1237, 994, 11.1863, 0
PixelHit 1237, 995, 4.95744, 0
PixelHit 1238, 992, 3.43764, 0
PixelHit 1238, 993, 2.84968, 0
PixelHit 1238, 994, 5.16826, 0
PixelHit 1238, 995, 3.40414, 0
PixelHit 1238, 996, 2.43792, 0
PixelHit 1239, 992, 2.56573, 0
PixelHit 1239, 994, 5.87158, 0
PixelHit 1240, 992, 3.21709, 0
PixelHit 1240, 993, 9.21381, 0
PixelHit 1240, 994, 15.6355, 0
PixelHit 1240, 995, 10.786, 0
PixelHit 1241, 992, 2.84865, 0
PixelHit 1241, 993, 15.2094, 0
PixelHit 1241, 994, 16.5691, 0
PixelHit 1241, 995, 15.7467, 0
PixelHit 1242, 992, 6.03482, 0
PixelHit 1242, 993, 14.9882, 0
PixelHit 1242, 994, 16.589, 0
PixelHit 1242, 995, 13.5528, 0
PixelHit 1243, 992, 4.59793, 0
PixelHit 1243, 993, 14.1214, 0
PixelHit 1243, 994, 10.4454, 0
PixelHit 1243, 995, 12.326, 0
PixelHit 1243, 996, 2.31106, 0
PixelHit 1244, 991, 2.0672, 0
PixelHit 1244, 992, 7.49096, 0
PixelHit 1244, 993, 4.77722, 0
PixelHit 1244, 994, 11.1919, 0
PixelHit 1244, 995, 2.96854, 0
PixelHit 1244, 996, 1.01096, 0
PixelHit 1245, 993, 7.9042, 0
PixelHit 1245, 994, 10.053, 0
PixelHit 1245, 995, 8.7772, 0
PixelHit 1245, 996, 2.52969, 0
PixelHit 1246, 992, 3.06164, 0
PixelHit 1246, 993, 6.69397, 0
PixelHit 1246, 994, 12.2313, 0
PixelHit 1246, 995, 14.6204, 0
PixelHit 1246, 997, 0.805469, 0
PixelHit 1247, 992, 2.33282, 0
PixelHit 1247, 993, 13.4944, 0
PixelHit 1247, 994, 11.7507, 0
PixelHit 1247, 995, 5.3313, 0
PixelHit 1247, 996, 4.33158, 0
PixelHit 1248, 992, 3.01499, 0
PixelHit 1248, 993, 10.8703, 0
PixelHit 1248, 994, 12.8076, 0
PixelHit 1248, 995, 4.48819, 0
PixelHit 1249, 992, 3.52414, 0
PixelHit 1249, 993, 9.50667, 0
PixelHit 1249, 994, 14.0668, 0
PixelHit 1249, 995, 13.9307, 0
PixelHit 1249, 997, 2.06176, 0
PixelHit 1250, 991, 1.60962, 0
PixelHit 1250, 992, 12.0831, 0
PixelHit 1250, 993, 17.0076, 0
PixelHit 1250, 994, 28.651, 0
PixelHit 1250, 995, 13.6085, 0
PixelHit 1250, 996, 2.00214, 0
PixelHit 1250, 997, 2.70264, 0
PixelHit 1251, 992, 1.83496, 0
PixelHit 1251, 993, 8.32657, 0
PixelHit 1251, 994, 16.3978, 0
PixelHit 1251, 995, 10.8129, 0
PixelHit 1251, 996, 6.32378, 0
PixelHit 1252, 992, 6.12426, 0
PixelHit 1252, 993, 8.03499, 0
PixelHit 1252, 994, 12.4279, 0
PixelHit 1252, 995, 5.99609, 0
PixelHit 1252, 996, 5.21395, 0
PixelHit 1253, 991, 4.41712, 0
PixelHit 1253, 992, 7.00297, 0
PixelHit 1253, 993, 5.67661, 0
PixelHit 1253, 994, 16.8215, 0
PixelHit 1253, 995, 4.52885, 0
PixelHit 1254, 992, 1.8768, 0
PixelHit 1254, 993, 8.36278, 0
PixelHit 1254, 994, 12.2888, 0
PixelHit 1254, 995, 11.0774, 0
PixelHit 1255, 991, 1.18097, 0
PixelHit 1255, 992, 4.49361, 0
PixelHit 1255, 993, 15.1442, 0
PixelHit 1255, 994, 14.4446, 0
PixelHit 1255, 995, 8.81803, 0
PixelHit 1255, 996, 2.60485, 0
PixelHit 1255, 997, -0.0266637, 0
PixelHit 1256, 991, 1.57191, 0
PixelHit 1256, 992, 5.8705, 0
PixelHit 1256, 993, 17.1669, 0
PixelHit 1256, 994, 16.3472, 0
PixelHit 1256, 995, 11.6488, 0
PixelHit 1256, 996, 3.74915, 0
PixelHit 1257, 991, 2.66721, 0
PixelHit 1257, 992, 7.51357, 0
PixelHit 1257, 993, 7.20879, 0
PixelHit 1257, 994, 11.0851, 0
PixelHit 1257, 995, 4.6496, 0
PixelHit 1257, 996, 5.7875, 0
PixelHit 1258, 992, 1.37669, 0
PixelHit 1258, 993, 6.27916, 0
PixelHit 1258, 994, 13.0885, 0
PixelHit 1258, 995, 8.29808, 0
PixelHit 1258, 996, 3.46534, 0
PixelHit 1259, 992, 2.42008, 0
PixelHit 1259, 993, 8.29132, 0
PixelHit 1259, 994, 8.8438, 0
PixelHit 1259, 995, 3.23976, 0
PixelHit 1259, 996, 1.32952, 0
PixelHit 1260, 994, 1.40696, 0
PixelHit 1260, 995, 1.65045, 0
=== 2 ===
=== 3 ===
=== 4 ===
=== 5 ===
=== 6 ===
--- mydetector ---
PixelHit 1697, 1157, 18.7332, 0
PixelHit 1697, 1158, 1.24677, 0
PixelHit 1698, 1156, 8.74296, 0
PixelHit 1698, 1157, 37.1003, 0
PixelHit 1699, 1156, 13.7064, 0
PixelHit 1699, 1157, 78.9971, 0
PixelHit 1700, 1156, 48.8093, 0
PixelHit 1700, 1157, 127.468, 0
PixelHit 1701, 1156, 66.9513, 0
PixelHit 1701, 1157, 156.315, 0
PixelHit 1701, 1158, 3.18756, 0
PixelHit 1702, 1156, 25.3139, 0
PixelHit 1702, 1157, 46.9943, 0
PixelHit 1703, 1156, 10.1757, 0
PixelHit 1703, 1157, 16.4711, 0
PixelHit 1704, 1156, 36.1186, 0
PixelHit 1704, 1157, 44.5817, 0
PixelHit 1704, 1158, 2.39002, 0
PixelHit 1705, 1155, 0.187702, 0
PixelHit 1705, 1156, 46.0423, 0
PixelHit 1705, 1157, 62.7735, 0
PixelHit 1706, 1155, 3.57111, 0
PixelHit 1706, 1156, 24.6401, 0
PixelHit 1706, 1157, 22.6772, 0
PixelHit 1706, 1158, 4.16037, 0
PixelHit 1707, 1155, 3.47659, 0
PixelHit 1707, 1156, 51.4249, 0
PixelHit 1707, 1157, 54.1687, 0
PixelHit 1707, 1158, 6.47021, 0
PixelHit 1708, 1154, 0.051962, 0
PixelHit 1708, 1155, 3.27178, 0
PixelHit 1708, 1156, 90.6048, 0
PixelHit 1708, 1157, 123.333, 0
PixelHit 1708, 1158, 11.048, 0
PixelHit 1709, 1156, 20.425, 0
PixelHit 1709, 1157, 34.1306, 0
PixelHit 1709, 1158, 3.446, 0
PixelHit 1710, 1156, 24.4385, 0
PixelHit 1710, 1157, 36.4177, 0
PixelHit 1711, 1155, 12.0573, 0
PixelHit 1711, 1156, 123.969, 0
PixelHit 1711, 1157, 151.149, 0
PixelHit 1711, 1158, 18.2055, 0
PixelHit 1712, 1155, 9.70941, 0
PixelHit 1712, 1156, 76.0213, 0
PixelHit 1712, 1157, 101.308, 0
PixelHit 1712, 1158, 16.1369, 0
PixelHit 1713, 1155, 2.18067, 0
PixelHit 1713, 1156, 5.01165, 0
PixelHit 1713, 1157, 7.94238, 0
PixelHit 1714, 1156, 11.473, 0
PixelHit 1714, 1157, 11.0047, 0
PixelHit 1714, 1158, 2.7101, 0
PixelHit 1715, 1155, 1.59089, 0
PixelHit 1715, 1156, 18.9677, 0
PixelHit 1715, 1157, 25.6604, 0
PixelHit 1715, 1158, 5.83662, 0
PixelHit 1716, 1155, 7.32875, 0
PixelHit 1716, 1156, 33.5119, 0
PixelHit 1716, 1157, 45.6145, 0
PixelHit 1716, 1158, 13.7014, 0
PixelHit 1717, 1156, 41.99, 0
PixelHit 1717, 1157, 49.7407, 0
PixelHit 1717, 1158, 15.1348, 0
PixelHit 1717, 1159, 1.08533, 0
PixelHit 1718, 1155, 4.88078, 0
PixelHit 1718, 1156, 16.302, 0
PixelHit 1718, 1157, 17.0051, 0
PixelHit 1718, 1158, 6.42661, 0
PixelHit 1719, 1155, 3.10233, 0
PixelHit 1719, 1156, 9.96951, 0
PixelHit 1719, 1157, 11.7059, 0
PixelHit 1720, 1155, 2.62708, 0
PixelHit 1720, 1156, 11.1101, 0
PixelHit 1720, 1157, 13.9198, 0
PixelHit 1721, 1155, 1.53822, 0
PixelHit 1721, 1156, 7.71289, 0
PixelHit 1721, 1157, 9.24284, 0
PixelHit 1722, 1155, 2.07811, 0
PixelHit 1722, 1156, 16.7656, 0
PixelHit 1722, 1157, 20.6493, 0
PixelHit 1723, 1155, 5.34155, 0
PixelHit 1723, 1156, 20.7561, 0
PixelHit 1723, 1157, 32.6093, 0
PixelHit 1723, 1158, 6.19608, 0
PixelHit 1723, 1159, 1.98741, 0
PixelHit 1724, 1155, 6.09481, 0
PixelHit 1724, 1156, 35.8892, 0
PixelHit 1724, 1157, 34.8406, 0
PixelHit 1724, 1158, 11.0935, 0
PixelHit 1724, 1159, 1.89604, 0
PixelHit 1725, 1155, 16.4848, 0
PixelHit 1725, 1156, 56.7411, 0
PixelHit 1725, 1157, 48.9677, 0
PixelHit 1725, 1158, 22.1187, 0
PixelHit 1726, 1154, 3.08787, 0
PixelHit 1726, 1155, 19.8347, 0
PixelHit 1726, 1156, 54.0651, 0
PixelHit 1726, 1157, 77.7847, 0
PixelHit 1726, 1158, 25.3122, 0
PixelHit 1726, 1159, 3.84108, 0
PixelHit 1726, 1160, 2.15154, 0
PixelHit 1727, 1154, 4.25591, 0
PixelHit 1727, 1155, 32.4414, 0
PixelHit 1727, 1156, 53.8738, 0
PixelHit 1727, 1157, 56.8066, 0
PixelHit 1727, 1158, 21.2777, 0
PixelHit 1727, 1159, 1.5369, 0
PixelHit 1728, 1155, 15.9356, 0
PixelHit 1728, 1156, 28.9298, 0
PixelHit 1728, 1157, 24.8432, 0
PixelHit 1728, 1158, 9.85063, 0
PixelHit 1728, 1159, 0.981535, 0
PixelHit 1729, 1155, 17.2494, 0
PixelHit 1729, 1156, 51.5797, 0
PixelHit 1729, 1157, 30.3089, 0
PixelHit 1729, 1158, 12.4617, 0
PixelHit 1730, 1155, 22.3494, 0
PixelHit 1730, 1156, 39.3685, 0
PixelHit 1730, 1157, 50.8498, 0
PixelHit 1730, 1158, 8.04554, 0
PixelHit 1730, 1159, 1.97313, 0
PixelHit 1731, 1154, 1.71738, 0
PixelHit 1731, 1155, 5.66001, 0
PixelHit 1731, 1156, 25.1113, 0
PixelHit 1731, 1157, 25.1085, 0
PixelHit 1731, 1158, 1.89361, 0
PixelHit 1732, 1155, 14.0231, 0
PixelHit 1732, 1156, 25.7884, 0
PixelHit 1732, 1157, 21.2717, 0
PixelHit 1732, 1158, 15.1366, 0
PixelHit 1733, 1154, 2.23735, 0
PixelHit 1733, 1155, 10.7256, 0
PixelHit 1733, 1156, 24.649, 0
PixelHit 1733, 1157, 17.4483, 0
PixelHit 1733, 1158, 10.0537, 0
PixelHit 1734, 1154, 0.771537, 0
PixelHit 1734, 1155, 9.35221, 0
PixelHit 1734, 1156, 24.9592, 0
PixelHit 1734, 1157, 18.7566, 0
PixelHit 1734, 1158, 4.07202, 0
PixelHit 1735, 1155, 8.20147, 0
PixelHit 1735, 1156, 25.9092, 0
PixelHit 1735, 1157, 25.2024, 0
PixelHit 1735, 1158, 6.42922, 0
PixelHit 1736, 1155, 6.12613, 0
PixelHit 1736, 1156, 15.4424, 0
PixelHit 1736, 1157, 17.2651, 0
PixelHit 1736, 1158, 2.71197, 0
PixelHit 1737, 1155, 6.05584, 0
PixelHit 1737, 1156, 13.2217, 0
PixelHit 1737, 1157, 18.7186, 0
PixelHit 1737, 1158, 3.64353, 0
PixelHit 1737, 1159, 1.65651, 0
PixelHit 1738, 1154, 3.53448, 0
PixelHit 1738, 1155, 17.2604, 0
PixelHit 1738, 1156, 32.7041, 0
PixelHit 1738, 1157, 37.4519, 0
PixelHit 1738, 1158, 13.995, 0
PixelHit 1738, 1159, 5.26027, 0
PixelHit 1739, 1154, 4.58318, 0
PixelHit 1739, 1155, 22.6922, 0
PixelHit 1739, 1156, 58.8568, 0
PixelHit 1739, 1157, 57.3261, 0
PixelHit 1739, 1158, 30.2618, 0
PixelHit 1739, 1159, 1.72443, 0
PixelHit 1740, 1153, 0.946213, 0
PixelHit 1740, 1154, 4.83204, 0
PixelHit 1740, 1155, 31.1702, 0
PixelHit 1740, 1156, 51.4978, 0
PixelHit 1740, 1157, 62.9659, 0
PixelHit 1740, 1158, 27.6772, 0
PixelHit 1740, 1159, 4.90325, 0
PixelHit 1740, 1160, 1.24025, 0
PixelHit 1741, 1153, 2.89912, 0
PixelHit 1741, 1154, 4.84113, 0
PixelHit 1741, 1155, 18.0484, 0
PixelHit 1741, 1156, 28.8336, 0
PixelHit 1741, 1157, 30.0574, 0
PixelHit 1741, 1158, 5.2007, 0
PixelHit 1742, 1154, 2.6795, 0
PixelHit 1742, 1155, 3.92642, 0
PixelHit 1742, 1156, 13.0689, 0
PixelHit 1742, 1157, 11.0246, 0
PixelHit 1742, 1158, 2.63118, 0
PixelHit 1743, 1154, 4.64209, 0
PixelHit 1743, 1155, 3.40362, 0
PixelHit 1743, 1156, 10.3091, 0
PixelHit 1743, 1157, 10.7824, 0
PixelHit 1743, 1158, 3.35451, 0
PixelHit 1743, 1159, 3.36464, 0
PixelHit 1744, 1155, 11.8113, 0
PixelHit 1744, 1156, 16.3403, 0
PixelHit 1744, 1157, 15.9577, 0
PixelHit 1744, 1158, 7.69155, 0
PixelHit 1745, 1155, 8.42985, 0
PixelHit 1745, 1156, 23.7779, 0
PixelHit 1745, 1157, 19.9738, 0
PixelHit 1745, 1158, 2.18946, 0
PixelHit 1745, 1159, 1.22423, 0
PixelHit 1746, 1154, 1.48087, 0
PixelHit 1746, 1155, 17.9792, 0
PixelHit 1746, 1156, 28.5494, 0
PixelHit 1746, 1157, 14.5079, 0
PixelHit 1746, 1158, 8.31279, 0
PixelHit 1746, 1159, 2.12894, 0
PixelHit 1747, 1152, 0.638198, 0
PixelHit 1747, 1154, 3.88827, 0
PixelHit 1747, 1155, 25.585, 0
PixelHit 1747, 1156, 31.2023, 0
PixelHit 1747, 1157, 29.1728, 0
PixelHit 1747, 1158, 17.0813, 0
PixelHit 1747, 1159, 4.3898, 0
PixelHit 1748, 1153, 2.3198, 0
PixelHit 1748, 1154, 6.21689, 0
PixelHit 1748, 1155, 18.5921, 0
PixelHit 1748, 1156, 38.7736, 0
PixelHit 1748, 1157, 30.7528, 0
PixelHit 1748, 1158, 9.79456, 0
PixelHit 1749, 1154, 2.84956, 0
PixelHit 1749, 1155, 9.55734, 0
PixelHit 1749, 1156, 27.5904, 0
PixelHit 1749, 1157, 24.0363, 0
PixelHit 1749, 1158, 10.4847, 0
PixelHit 1749, 1159, 3.80573, 0
PixelHit 1749, 1160, 2.36398, 0
PixelHit 1750, 1154, 6.4966, 0
PixelHit 1750, 1155, 12.3279, 0
PixelHit 1750, 1156, 18.3638, 0
PixelHit 1750, 1157, 17.8331, 0
PixelHit 1750, 1158, 5.57508, 0
PixelHit 1750, 1159, 4.99494, 0
PixelHit 1751, 1153, 2.02073, 0
PixelHit 1751, 1155, 7.64004, 0
PixelHit 1751, 1156, 10.2653, 0
PixelHit 1751, 1157, 15.1223, 0
PixelHit 1751, 1158, 5.42217, 0
PixelHit 1751, 1159, 1.22104, 0
PixelHit 1752, 1154, 1.72905, 0
PixelHit 1752, 1155, 17.3434, 0
PixelHit 1752, 1156, 17.72, 0
PixelHit 1752, 1157, 15.9825, 0
PixelHit 1752, 1158, 4.89453, 0
PixelHit 1752, 1159, 1.69795, 0
PixelHit 1753, 1154, 2.80488, 0
PixelHit 1753, 1155, 7.65362, 0
PixelHit 1753, 1156, 21.8132, 0
PixelHit 1753, 1157, 17.0437, 0
PixelHit 1753, 1158, 9.22756, 0
PixelHit 1754, 1154, 2.21669, 0
PixelHit 1754, 1155, 5.05913, 0
PixelHit 1754, 1156, 19.6534, 0
PixelHit 1754, 1157, 12.5312, 0
PixelHit 1754, 1158, 5.26317, 0
PixelHit 1754, 1159, 2.56471, 0
PixelHit 1755, 1155, 10.7882, 0
PixelHit 1755, 1156, 7.50765, 0
PixelHit 1755, 1157, 4.02035, 0
PixelHit 1755, 1158, 2.75438, 0
PixelHit 1756, 1154, 1.12686, 0
PixelHit 1756, 1156, 3.81792, 0
PixelHit 1756, 1157, 1.73021, 0
PixelHit 1757, 1155, 1.84231, 0
PixelHit 1757, 1156, 4.2895, 0
=== 7 ===
=== 8 ===
=== 9 ===
=== 10 ===
=== 11 ===
=== 12 ===
=== 13 ===
=== 14 ===
--- mydetector ---
PixelHit 1578, 324, 2.10205, 0
PixelHit 1579, 323, 10.4455, 0
PixelHit 1579, 324, 352.707, 0
PixelHit 1579, 325, 2.1603, 0
PixelHit 1580, 323, 13.7569, 0
PixelHit 1580, 324, 89.5711, 0
PixelHit 1580, 325, 0.287659, 0
PixelHit 1581, 324, 45.0894, 0
PixelHit 1582, 324, 32.0812, 0
PixelHit 1582, 325, 3.53682, 0
PixelHit 1583, 324, 48.284, 0
PixelHit 1583, 325, 15.4574, 0
PixelHit 1584, 323, 2.22719, 0
PixelHit 1584, 324, 47.4876, 0
PixelHit 1584, 325, 20.764, 0
PixelHit 1585, 324, 29.5572, 0
PixelHit 1585, 325, 56.7206, 0
PixelHit 1585, 326, 3.20194, 0
PixelHit 1586, 324, 10.8774, 0
PixelHit 1586, 325, 21.8946, 0
PixelHit 1587, 324, 3.03014, 0
PixelHit 1587, 325, 15.1674, 0
PixelHit 1587, 326, 1.67986, 0
PixelHit 1588, 324, 4.96647, 0
PixelHit 1588, 325, 30.43, 0
PixelHit 1588, 326, 7.11148, 0
PixelHit 1589, 324, 3.25443, 0
PixelHit 1589, 325, 35.1091, 0
PixelHit 1589, 326, 14.1445, 0
PixelHit 1590, 325, 22.4231, 0
PixelHit 1590, 326, 17.3841, 0
PixelHit 1591, 325, 20.7867, 0
PixelHit 1591, 326, 17.5022, 0
PixelHit 1591, 327, 1.58713, 0
PixelHit 1592, 325, 11.2059, 0
PixelHit 1592, 326, 15.4303, 0
PixelHit 1592, 327, 1.45319, 0
PixelHit 1593, 325, 35.3014, 0
PixelHit 1593, 326, 39.7296, 0
PixelHit 1593, 327, 8.42127, 0
PixelHit 1594, 325, 17.6094, 0
PixelHit 1594, 326, 55.1842, 0
PixelHit 1594, 327, 9.33798, 0
PixelHit 1595, 325, 10.9948, 0
PixelHit 1595, 326, 19.6794, 0
PixelHit 1595, 327, 10.2357, 0
PixelHit 1596, 325, 20.2031, 0
PixelHit 1596, 326, 79.2313, 0
PixelHit 1596, 327, 60.1854, 0
PixelHit 1596, 328, 5.88242, 0
PixelHit 1597, 325, 29.4012, 0
PixelHit 1597, 326, 148.27, 0
PixelHit 1597, 327, 102.628, 0
PixelHit 1597, 328, 14.4454, 0
PixelHit 1597, 329, 0.567807, 0
PixelHit 1598, 325, 10.1031, 0
PixelHit 1598, 326, 49.0593, 0
PixelHit 1598, 327, 47.9759, 0
PixelHit 1598, 328, 6.35174, 0
PixelHit 1599, 326, 15.6555, 0
PixelHit 1599, 327, 11.8787, 0
PixelHit 1599, 328, 4.33173, 0
PixelHit 1600, 325, 2.44674, 0
PixelHit 1600, 326, 20.357, 0
PixelHit 1600, 327, 30.0786, 0
PixelHit 1600, 328, 4.91392, 0
PixelHit 1600, 329, 1.37666, 0
PixelHit 1601, 325, 0.913595, 0
PixelHit 1601, 326, 10.0821, 0
PixelHit 1601, 327, 27.1427, 0
PixelHit 1601, 328, 9.64732, 0
PixelHit 1601, 329, 2.13387, 0
PixelHit 1602, 325, 1.77404, 0
PixelHit 1602, 326, 14.6226, 0
PixelHit 1602, 327, 29.2944, 0
PixelHit 1602, 328, 13.5896, 0
PixelHit 1602, 329, 1.91319, 0
PixelHit 1603, 325, 1.3503, 0
PixelHit 1603, 326, 9.84386, 0
PixelHit 1603, 327, 29.7237, 0
PixelHit 1603, 328, 13.4896, 0
PixelHit 1603, 329, 3.06094, 0
PixelHit 1604, 326, 6.6427, 0
PixelHit 1604, 327, 28.4543, 0
PixelHit 1604, 328, 22.521, 0
PixelHit 1604, 329, 2.26989, 0
PixelHit 1605, 326, 9.67298, 0
PixelHit 1605, 327, 25.5174, 0
PixelHit 1605, 328, 33.2193, 0
PixelHit 1605, 329, 3.95972, 0
PixelHit 1606, 326, 18.8621, 0
PixelHit 1606, 327, 32.5605, 0
PixelHit 1606, 328, 41.6688, 0
PixelHit 1606, 329, 14.4685, 0
PixelHit 1607, 325, 2.45924, 0
PixelHit 1607, 326, 8.64879, 0
PixelHit 1607, 327, 29.832, 0
PixelHit 1607, 328, 33.4249, 0
PixelHit 1607, 329, 10.607, 0
PixelHit 1608, 326, 1.25875, 0
PixelHit 1608, 327, 18.2984, 0
PixelHit 1608, 328, 28.719, 0
PixelHit 1608, 329, 8.91665, 0
PixelHit 1608, 330, 2.62422, 0
PixelHit 1609, 326, 2.14637, 0
PixelHit 1609, 327, 16.1311, 0
PixelHit 1609, 328, 43.5819, 0
PixelHit 1609, 329, 16.6476, 0
PixelHit 1609, 330, 2.23841, 0
PixelHit 1610, 325, 3.25337, 0
PixelHit 1610, 326, 6.55536, 0
PixelHit 1610, 327, 27.7898, 0
PixelHit 1610, 328, 50.5493, 0
PixelHit 1610, 329, 39.1054, 0
PixelHit 1610, 330, 2.62407, 0
PixelHit 1611, 326, 5.53462, 0
PixelHit 1611, 327, 10.4795, 0
PixelHit 1611, 328, 32.973, 0
PixelHit 1611, 329, 31.802, 0
PixelHit 1611, 330, 3.36726, 0
PixelHit 1612, 326, 1.85297, 0
PixelHit 1612, 327, 16.5558, 0
PixelHit 1612, 328, 27.959, 0
PixelHit 1612, 329, 25.7022, 0
PixelHit 1612, 330, 7.04333, 0
PixelHit 1613, 327, 6.73281, 0
PixelHit 1613, 328, 18.9281, 0
PixelHit 1613, 329, 23.5797, 0
PixelHit 1613, 330, 4.92095, 0
PixelHit 1613, 331, 2.12029, 0
PixelHit 1614, 327, 5.27605, 0
PixelHit 1614, 328, 15.1047, 0
PixelHit 1614, 329, 12.6374, 0
PixelHit 1614, 330, 3.29466, 0
PixelHit 1614, 331, 3.48963, 0
PixelHit 1615, 326, 2.21342, 0
PixelHit 1615, 327, 3.65279, 0
PixelHit 1615, 328, 15.0127, 0
PixelHit 1615, 329, 16.7137, 0
PixelHit 1615, 330, 12.2027, 0
PixelHit 1615, 331, 3.46697, 0
PixelHit 1616, 328, 22.0607, 0
PixelHit 1616, 329, 31.5838, 0
PixelHit 1616, 330, 21.6476, 0
PixelHit 1617, 327, 5.69482, 0
PixelHit 1617, 328, 14.9786, 0
PixelHit 1617, 329, 49.0097, 0
PixelHit 1617, 330, 20.6785, 0
PixelHit 1617, 331, 8.80461, 0
PixelHit 1617, 332, 2.27331, 0
PixelHit 1618, 327, 2.68716, 0
PixelHit 1618, 328, 19.2379, 0
PixelHit 1618, 329, 37.5827, 0
PixelHit 1618, 330, 23.0956, 0
PixelHit 1618, 331, 5.13709, 0
PixelHit 1619, 327, 1.83367, 0
PixelHit 1619, 328, 15.5238, 0
PixelHit 1619, 329, 32.863, 0
PixelHit 1619, 330, 28.5408, 0
PixelHit 1619, 331, 12.8963, 0
PixelHit 1620, 328, 11.471, 0
PixelHit 1620, 329, 30.578, 0
PixelHit 1620, 330, 33.4836, 0
PixelHit 1620, 331, 10.7437, 0
PixelHit 1621, 328, 15.1584, 0
PixelHit 1621, 329, 39.7662, 0
PixelHit 1621, 330, 46.4615, 0
PixelHit 1621, 331, 13.3777, 0
PixelHit 1621, 332, 3.52934, 0
PixelHit 1622, 327, 2.51284, 0
PixelHit 1622, 328, 17.4659, 0
PixelHit 1622, 329, 37.6225, 0
PixelHit 1622, 330, 56.1323, 0
PixelHit 1622, 331, 18.3541, 0
PixelHit 1622, 332, 8.05212, 0
PixelHit 1623, 328, 11.5935, 0
PixelHit 1623, 329, 34.8953, 0
PixelHit 1623, 330, 52.9776, 0
PixelHit 1623, 331, 39.9503, 0
PixelHit 1623, 332, 7.36667, 0
PixelHit 1624, 327, 1.13521, 0
PixelHit 1624, 328, 11.5808, 0
PixelHit 1624, 329, 37.1067, 0
PixelHit 1624, 330, 31.0991, 0
PixelHit 1624, 331, 21.4256, 0
PixelHit 1624, 332, 3.12377, 0
PixelHit 1625, 327, 2.59989, 0
PixelHit 1625, 328, 14.436, 0
PixelHit 1625, 329, 17.2933, 0
PixelHit 1625, 330, 25.242, 0
PixelHit 1625, 331, 18.6361, 0
PixelHit 1625, 332, 4.0104, 0
PixelHit 1626, 328, 1.79882, 0
PixelHit 1626, 329, 5.63286, 0
PixelHit 1626, 330, 12.0916, 0
PixelHit 1626, 331, 8.02579, 0
PixelHit 1626, 332, 3.63531, 0
PixelHit 1627, 329, 2.4267, 0
PixelHit 1627, 330, 3.19538, 0
PixelHit 1627, 331, 5.6051, 0
PixelHit 1628, 328, 2.41168, 0
PixelHit 1628, 329, 2.8689, 0
PixelHit 1628, 330, 5.62494, 0
PixelHit 1628, 331, 4.62327, 0
PixelHit 1629, 329, 2.73696, 0
PixelHit 1629, 330, 5.27337, 0
PixelHit 1629, 331, 17.0681, 0
PixelHit 1629, 332, 1.3708, 0
PixelHit 1629, 333, 2.04418, 0
PixelHit 1630, 328, 0.574455, 0
PixelHit 1630, 329, 7.26253, 0
PixelHit 1630, 330, 4.70704, 0
PixelHit 1630, 331, 6.25289, 0
PixelHit 1630, 332, 2.64368, 0
PixelHit 1631, 330, 5.37118, 0
PixelHit 1631, 331, 10.9588, 0
PixelHit 1631, 332, 6.17933, 0
PixelHit 1632, 329, 6.54772, 0
PixelHit 1632, 330, 8.25337, 0
PixelHit 1632, 331, 12.9191, 0
PixelHit 1633, 329, 3.99258, 0
PixelHit 1633, 330, 17.738, 0
PixelHit 1633, 331, 11.2073, 0
PixelHit 1633, 332, 7.39491, 0
PixelHit 1634, 327, 1.61437, 0
PixelHit 1634, 328, 3.47197, 0
PixelHit 1634, 329, 3.28934, 0
PixelHit 1634, 330, 12.2448, 0
PixelHit 1634, 331, 14.8981, 0
PixelHit 1634, 332, 7.24513, 0
PixelHit 1635, 330, 11.0481, 0
PixelHit 1635, 331, 16.7195, 0
PixelHit 1635, 332, 22.1988, 0
PixelHit 1635, 333, 3.30381, 0
PixelHit 1636, 328, 1.17147, 0
PixelHit 1636, 329, 5.54173, 0
PixelHit 1636, 330, 19.5841, 0
PixelHit 1636, 331, 20.5325, 0
PixelHit 1636, 332, 16.7991, 0
PixelHit 1636, 333, 10.6635, 0
PixelHit 1637, 329, 2.56377, 0
PixelHit 1637, 330, 8.21247, 0
PixelHit 1637, 331, 16.2241, 0
PixelHit 1637, 332, 13.5611, 0
PixelHit 1637, 333, 3.6318, 0
PixelHit 1637, 334, 0.793643, 0
PixelHit 1638, 329, 2.69115, 0
PixelHit 1638, 330, 5.69274, 0
PixelHit 1638, 331, 9.37778, 0
PixelHit 1638, 332, 3.90526, 0
PixelHit 1638, 333, 2.55007, 0
PixelHit 1639, 330, 2.15807, 0
PixelHit 1639, 331, 7.52541, 0
PixelHit 1639, 332, 0.802901, 0
PixelHit 1639, 333, 3.0904, 0
PixelHit 1640, 330, 3.31729, 0
PixelHit 1640, 331, 2.68776, 0
PixelHit 1640, 333, 6.4931, 0
PixelHit 1641, 330, 2.51146, 0
PixelHit 1641, 332, 2.24605, 0
PixelHit 1642, 332, 0.557176, 0
=== 15 ===
=== 16 ===
=== 17 ===
=== 18 ===
--- mydetector ---
PixelHit 1142, 956, 10.0986, 0
PixelHit 1142, 957, 65.0561, 0
PixelHit 1143, 956, 20.5962, 0
PixelHit 1143, 957, 141.689, 0
PixelHit 1144, 956, 2.97458, 0
PixelHit 1144, 957, 16.1223, 0
PixelHit 1145, 956, 3.53987, 0
PixelHit 1145, 957, 27.9168, 0
PixelHit 1145, 958, 3.2543, 0
PixelHit 1146, 956, 19.9876, 0
PixelHit 1146, 957, 89.4075, 0
PixelHit 1146, 958, 1.74063, 0
PixelHit 1147, 956, 10.0572, 0
PixelHit 1147, 957, 34.3316, 0
PixelHit 1147, 958, 4.16365, 0
PixelHit 1148, 956, 26.239, 0
PixelHit 1148, 957, 97.8572, 0
PixelHit 1148, 958, 5.38738, 0
PixelHit 1149, 956, 14.6846, 0
PixelHit 1149, 957, 38.3074, 0
PixelHit 1149, 958, 1.33344, 0
PixelHit 1150, 956, 12.2693, 0
PixelHit 1150, 957, 31.5175, 0
PixelHit 1150, 958, 3.90793, 0
PixelHit 1151, 956, 1.91389, 0
PixelHit 1151, 957, 4.36012, 0
PixelHit 1151, 958, 2.41809, 0
PixelHit 1152, 956, 4.96217, 0
PixelHit 1152, 957, 14.8441, 0
PixelHit 1152, 958, 2.18701, 0
PixelHit 1153, 956, 24.4773, 0
PixelHit 1153, 957, 44.2901, 0
PixelHit 1153, 958, 8.5625, 0
PixelHit 1154, 956, 6.46051, 0
PixelHit 1154, 957, 12.4583, 0
PixelHit 1154, 958, 4.77113, 0
PixelHit 1155, 956, 12.1765, 0
PixelHit 1155, 957, 32.331, 0
PixelHit 1155, 958, 4.44499, 0
PixelHit 1156, 955, 3.04415, 0
PixelHit 1156, 956, 8.90481, 0
PixelHit 1156, 957, 19.4913, 0
PixelHit 1156, 958, 4.74195, 0
PixelHit 1157, 956, 6.94587, 0
PixelHit 1157, 957, 23.9596, 0
PixelHit 1157, 958, 8.22531, 0
PixelHit 1157, 1018, 3.27903, 0
PixelHit 1157, 1019, 1.44052, 0
PixelHit 1158, 956, 6.42385, 0
PixelHit 1158, 957, 11.725, 0
PixelHit 1158, 958, 3.59531, 0
PixelHit 1158, 1017, 3.18453, 0
PixelHit 1158, 1018, 226.675, 0
PixelHit 1158, 1019, 272.008, 0
PixelHit 1158, 1020, 92.4127, 0
PixelHit 1158, 1021, -0.232722, 0
PixelHit 1159, 956, 1.52467, 0
PixelHit 1159, 957, 3.93209, 0
PixelHit 1159, 958, 3.59908, 0
PixelHit 1159, 1017, 30.3055, 0
PixelHit 1159, 1018, 1146.87, 0
PixelHit 1159, 1019, 2128.96, 0
PixelHit 1159, 1020, 1266.98, 0
PixelHit 1159, 1021, 15.6528, 0
PixelHit 1160, 955, 4.02654, 0
PixelHit 1160, 956, 5.77813, 0
PixelHit 1160, 957, 13.9485, 0
PixelHit 1160, 958, 11.5995, 0
PixelHit 1160, 1017, 7.24832, 0
PixelHit 1160, 1018, 356.281, 0
PixelHit 1160, 1019, 1563.25, 0
PixelHit 1160, 1020, 834.417, 0
PixelHit 1160, 1021, 9.92107, 0
PixelHit 1161, 956, 15.1853, 0
PixelHit 1161, 957, 48.6231, 0
PixelHit 1161, 958, 17.373, 0
PixelHit 1161, 1017, 1.3179, 0
PixelHit 1161, 1018, 48.9621, 0
PixelHit 1161, 1019, 495.625, 0
PixelHit 1161, 1020, 106.403, 0
PixelHit 1162, 955, 3.3632, 0
PixelHit 1162, 956, 40.7527, 0
PixelHit 1162, 957, 94.7626, 0
PixelHit 1162, 958, 35.1149, 0
PixelHit 1162, 959, 1.26983, 0
PixelHit 1162, 1017, 14.6571, 0
PixelHit 1162, 1018, 369.553, 0
PixelHit 1162, 1019, 157.074, 0
PixelHit 1162, 1020, 3.78293, 0
PixelHit 1163, 955, 2.36451, 0
PixelHit 1163, 956, 21.9127, 0
PixelHit 1163, 957, 58.6582, 0
PixelHit 1163, 958, 27.4456, 0
PixelHit 1163, 959, 1.78353, 0
PixelHit 1163, 1017, 67.3747, 0
PixelHit 1163, 1018, 305.577, 0
PixelHit 1163, 1019, 16.4702, 0
PixelHit 1164, 955, 3.89984, 0
PixelHit 1164, 956, 28.972, 0
PixelHit 1164, 957, 55.3846, 0
PixelHit 1164, 958, 20.079, 0
PixelHit 1164, 1016, 1.11587, 0
PixelHit 1164, 1017, 129.415, 0
PixelHit 1164, 1018, 199.481, 0
PixelHit 1164, 1019, 5.39211, 0
PixelHit 1165, 955, 7.94462, 0
PixelHit 1165, 956, 48.8303, 0
PixelHit 1165, 957, 87.8952, 0
PixelHit 1165, 958, 32.7281, 0
PixelHit 1165, 959, 3.97805, 0
PixelHit 1165, 1016, 12.2112, 0
PixelHit 1165, 1017, 297.246, 0
PixelHit 1165, 1018, 138.734, 0
PixelHit 1165, 1019, 5.71138, 0
PixelHit 1166, 955, 30.819, 0
PixelHit 1166, 956, 204.912, 0
PixelHit 1166, 957, 324.198, 0
PixelHit 1166, 958, 110.479, 0
PixelHit 1166, 959, 5.30357, 0
PixelHit 1166, 1016, 36.8108, 0
PixelHit 1166, 1017, 418.023, 0
PixelHit 1166, 1018, 67.328, 0
PixelHit 1167, 954, 2.97398, 0
PixelHit 1167, 955, 54.245, 0
PixelHit 1167, 956, 312.127, 0
PixelHit 1167, 957, 488.651, 0
PixelHit 1167, 958, 139.565, 0
PixelHit 1167, 959, 12.8628, 0
PixelHit 1167, 1016, 74.0584, 0
PixelHit 1167, 1017, 217.315, 0
PixelHit 1167, 1018, 13.6038, 0
PixelHit 1168, 955, 11.5286, 0
PixelHit 1168, 956, 109.897, 0
PixelHit 1168, 957, 137.195, 0
PixelHit 1168, 958, 55.4137, 0
PixelHit 1168, 959, 4.04275, 0
PixelHit 1168, 1016, 181.295, 0
PixelHit 1168, 1017, 194.333, 0
PixelHit 1168, 1018, 5.46038, 0
PixelHit 1169, 955, 2.20542, 0
PixelHit 1169, 956, 9.37245, 0
PixelHit 1169, 957, 14.3068, 0
PixelHit 1169, 958, 13.4256, 0
PixelHit 1169, 959, 7.22676, 0
PixelHit 1169, 960, 2.09866, 0
PixelHit 1169, 1015, 37.7638, 0
PixelHit 1169, 1016, 254.099, 0
PixelHit 1169, 1017, 84.7648, 0
PixelHit 1170, 955, 4.89689, 0
PixelHit 1170, 956, 16.4589, 0
PixelHit 1170, 957, 49.395, 0
PixelHit 1170, 958, 71.9551, 0
PixelHit 1170, 959, 31.2734, 0
PixelHit 1170, 960, 19.5786, 0
PixelHit 1170, 961, 3.53487, 0
PixelHit 1170, 963, 1.58145, 0
PixelHit 1170, 989, 2.58036, 0
PixelHit 1170, 990, 5.63662, 0
PixelHit 1170, 1014, 17.094, 0
PixelHit 1170, 1015, 227.358, 0
PixelHit 1170, 1016, 241.368, 0
PixelHit 1170, 1017, 16.9576, 0
PixelHit 1171, 955, 5.19267, 0
PixelHit 1171, 956, 38.6286, 0
PixelHit 1171, 957, 133.538, 0
PixelHit 1171, 958, 155.548, 0
PixelHit 1171, 959, 103.256, 0
PixelHit 1171, 960, 54.8533, 0
PixelHit 1171, 961, 25.3018, 0
PixelHit 1171, 962, 18.773, 0
PixelHit 1171, 963, 7.25435, 0
PixelHit 1171, 964, 1.48014, 0
PixelHit 1171, 987, 3.36288, 0
PixelHit 1171, 988, 14.5761, 0
PixelHit 1171, 989, 411.816, 0
PixelHit 1171, 990, 1100.47, 0
PixelHit 1171, 991, 71.7983, 0
PixelHit 1171, 1013, 13.7114, 0
PixelHit 1171, 1014, 282.551, 0
PixelHit 1171, 1015, 347.879, 0
PixelHit 1171, 1016, 35.184, 0
PixelHit 1172, 956, 23.045, 0
PixelHit 1172, 957, 72.6206, 0
PixelHit 1172, 958, 90.1347, 0
PixelHit 1172, 959, 51.7103, 0
PixelHit 1172, 960, 46.5207, 0
PixelHit 1172, 961, 62.0162, 0
PixelHit 1172, 962, 77.0601, 0
PixelHit 1172, 963, 32.7855, 0
PixelHit 1172, 964, 6.5474, 0
PixelHit 1172, 984, 1.54147, 0
PixelHit 1172, 985, 15.23, 0
PixelHit 1172, 986, 9.535, 0
PixelHit 1172, 987, 101.719, 0
PixelHit 1172, 988, 121.627, 0
PixelHit 1172, 989, 253.259, 0
PixelHit 1172, 990, 581.6, 0
PixelHit 1172, 991, 51.2167, 0
PixelHit 1172, 992, 0.964132, 0
PixelHit 1172, 1013, 56.7966, 0
PixelHit 1172, 1014, 209.784, 0
PixelHit 1172, 1015, 54.2099, 0
PixelHit 1172, 1016, 2.38798, 0
PixelHit 1173, 955, 1.9398, 0
PixelHit 1173, 956, 8.13424, 0
PixelHit 1173, 957, 16.7814, 0
PixelHit 1173, 958, 16.3911, 0
PixelHit 1173, 959, 5.90538, 0
PixelHit 1173, 960, 9.34777, 0
PixelHit 1173, 961, 41.0971, 0
PixelHit 1173, 962, 87.8739, 0
PixelHit 1173, 963, 56.4884, 0
PixelHit 1173, 964, 40.9235, 0
PixelHit 1173, 965, 14.1254, 0
PixelHit 1173, 966, 1.09987, 0
PixelHit 1173, 967, 3.50843, 0
PixelHit 1173, 971, 3.24973, 0
PixelHit 1173, 974, 1.95582, 0
PixelHit 1173, 981, 2.75524, 0
PixelHit 1173, 982, 30.87, 0
PixelHit 1173, 983, 96.8009, 0
PixelHit 1173, 984, 234.292, 0
PixelHit 1173, 985, 132.877, 0
PixelHit 1173, 986, 26.416, 0
PixelHit 1173, 987, 11.9665, 0
PixelHit 1173, 988, 1.78307, 0
PixelHit 1173, 990, 2.88348, 0
PixelHit 1173, 1011, 1.37078, 0
PixelHit 1173, 1012, 34.8926, 0
PixelHit 1173, 1013, 100.623, 0
PixelHit 1173, 1014, 21.8613, 0
PixelHit 1174, 955, 2.40348, 0
PixelHit 1174, 956, 14.5172, 0
PixelHit 1174, 957, 20.9337, 0
PixelHit 1174, 958, 12.7103, 0
PixelHit 1174, 959, 3.0093, 0
PixelHit 1174, 961, 2.89006, 0
PixelHit 1174, 962, 9.06276, 0
PixelHit 1174, 963, 15.8364, 0
PixelHit 1174, 964, 42.1812, 0
PixelHit 1174, 965, 47.6803, 0
PixelHit 1174, 966, 49.7869, 0
PixelHit 1174, 967, 130.727, 0
PixelHit 1174, 968, 105.723, 0
PixelHit 1174, 969, 78.1385, 0
PixelHit 1174, 970, 14.1401, 0
PixelHit 1174, 971, 245.85, 0
PixelHit 1174, 972, 196.513, 0
PixelHit 1174, 973, 5.84205, 0
PixelHit 1174, 974, 233.918, 0
PixelHit 1174, 975, 135.723, 0
PixelHit 1174, 976, 53.4157, 0
PixelHit 1174, 977, 13.8515, 0
PixelHit 1174, 978, 32.8978, 0
PixelHit 1174, 979, 41.3502, 0
PixelHit 1174, 980, 50.9518, 0
PixelHit 1174, 981, 37.8759, 0
PixelHit 1174, 982, 120.362, 0
PixelHit 1174, 983, 100.937, 0
PixelHit 1174, 984, 63.5057, 0
PixelHit 1174, 985, 20.3444, 0
PixelHit 1174, 986, 2.12774, 0
PixelHit 1174, 1011, 73.9402, 0
PixelHit 1174, 1012, 391.594, 0
PixelHit 1174, 1013, 87.7925, 0
PixelHit 1174, 1014, 2.12473, 0
PixelHit 1175, 954, 1.20958, 0
PixelHit 1175, 955, 4.4235, 0
PixelHit 1175, 956, 21.4325, 0
PixelHit 1175, 957, 59.5938, 0
PixelHit 1175, 958, 37.0058, 0
PixelHit 1175, 959, 8.62676, 0
PixelHit 1175, 960, 3.8132, 0
PixelHit 1175, 963, 2.84179, 0
PixelHit 1175, 964, 3.82618, 0
PixelHit 1175, 965, 9.85458, 0
PixelHit 1175, 966, 27.5051, 0
PixelHit 1175, 967, 45.0544, 0
PixelHit 1175, 968, 37.2901, 0
PixelHit 1175, 969, 14.296, 0
PixelHit 1175, 970, 4.07761, 0
PixelHit 1175, 971, 56.979, 0
PixelHit 1175, 972, 13.9647, 0
PixelHit 1175, 974, 29.5584, 0
PixelHit 1175, 975, 39.1193, 0
PixelHit 1175, 976, 93.3297, 0
PixelHit 1175, 977, 37.7331, 0
PixelHit 1175, 978, 36.3349, 0
PixelHit 1175, 979, 21.5887, 0
PixelHit 1175, 1011, 128.02, 0
PixelHit 1175, 1012, 293.354, 0
PixelHit 1175, 1013, 14.5023, 0
PixelHit 1176, 955, 6.40575, 0
PixelHit 1176, 956, 30.225, 0
PixelHit 1176, 957, 66.4017, 0
PixelHit 1176, 958, 51.9526, 0
PixelHit 1176, 959, 5.00513, 0
PixelHit 1176, 964, 0.313082, 0
PixelHit 1176, 965, 1.17079, 0
PixelHit 1176, 974, 2.30322, 0
PixelHit 1176, 1011, 0.798602, 0
PixelHit 1176, 1012, 2.60072, 0
PixelHit 1177, 955, 6.52944, 0
PixelHit 1177, 956, 24.1555, 0
PixelHit 1177, 957, 63.7397, 0
PixelHit 1177, 958, 34.2, 0
PixelHit 1177, 959, 6.17173, 0
PixelHit 1177, 960, 1.58075, 0
PixelHit 1178, 954, 2.23667, 0
PixelHit 1178, 955, 8.19095, 0
PixelHit 1178, 956, 65.5159, 0
PixelHit 1178, 957, 153.994, 0
PixelHit 1178, 958, 86.3335, 0
PixelHit 1178, 959, 19.8669, 0
PixelHit 1179, 955, 20.9506, 0
PixelHit 1179, 956, 80.6748, 0
PixelHit 1179, 957, 145.25, 0
PixelHit 1179, 958, 109.015, 0
PixelHit 1179, 959, 22.0578, 0
PixelHit 1179, 960, 3.19992, 0
PixelHit 1180, 955, 5.75895, 0
PixelHit 1180, 956, 47.2235, 0
PixelHit 1180, 957, 77.6055, 0
PixelHit 1180, 958, 50.763, 0
PixelHit 1180, 959, 11.6934, 0
PixelHit 1180, 960, 2.60367, 0
PixelHit 1181, 955, 2.05918, 0
PixelHit 1181, 956, 10.8638, 0
PixelHit 1181, 957, 12.2343, 0
PixelHit 1181, 958, 8.71233, 0
PixelHit 1181, 959, 6.31958, 0
PixelHit 1182, 955, 2.17512, 0
PixelHit 1182, 957, 7.36091, 0
PixelHit 1182, 958, 8.11648, 0
PixelHit 1182, 959, 0.518832, 0
PixelHit 1183, 955, 1.10798, 0
PixelHit 1183, 956, 10.5453, 0
PixelHit 1183, 957, 13.222, 0
PixelHit 1183, 958, 7.34865, 0
PixelHit 1183, 959, 1.26176, 0
PixelHit 1184, 956, 12.7091, 0
PixelHit 1184, 957, 18.1305, 0
PixelHit 1184, 958, 21.3458, 0
PixelHit 1184, 959, 3.4605, 0
PixelHit 1185, 956, 20.3664, 0
PixelHit 1185, 957, 35.4978, 0
PixelHit 1185, 958, 21.3281, 0
PixelHit 1185, 959, 7.61706, 0
PixelHit 1185, 960, 1.49481, 0
PixelHit 1186, 955, 3.85636, 0
PixelHit 1186, 956, 24.4674, 0
PixelHit 1186, 957, 28.7942, 0
PixelHit 1186, 958, 22.9044, 0
PixelHit 1186, 959, 7.46289, 0
PixelHit 1186, 960, 2.19789, 0
PixelHit 1187, 955, 3.43491, 0
PixelHit 1187, 956, 9.42374, 0
PixelHit 1187, 957, 15.1718, 0
PixelHit 1187, 958, 12.9687, 0
PixelHit 1187, 959, 5.64192, 0
PixelHit 1188, 956, 9.6577, 0
PixelHit 1188, 957, 15.3398, 0
PixelHit 1188, 958, 11.2394, 0
PixelHit 1188, 959, 4.12293, 0
PixelHit 1189, 955, 3.53229, 0
PixelHit 1189, 956, 10.4279, 0
PixelHit 1189, 957, 6.85, 0
PixelHit 1189, 958, 7.666, 0
PixelHit 1189, 959, 2.33538, 0
PixelHit 1190, 956, 5.26342, 0
PixelHit 1190, 957, 6.38851, 0
PixelHit 1190, 958, 5.27894, 0
PixelHit 1190, 959, 5.92367, 0
PixelHit 1191, 955, 1.8586, 0
PixelHit 1191, 956, 7.58648, 0
PixelHit 1191, 957, 24.2603, 0
PixelHit 1191, 958, 10.0031, 0
PixelHit 1191, 959, 5.20309, 0
PixelHit 1192, 954, 1.55081, 0
PixelHit 1192, 955, 2.39694, 0
PixelHit 1192, 956, 6.89782, 0
PixelHit 1192, 957, 21.6996, 0
PixelHit 1192, 958, 21.252, 0
PixelHit 1192, 959, 9.01626, 0
PixelHit 1192, 960, 2.82015, 0
PixelHit 1193, 955, 5.78414, 0
PixelHit 1193, 956, 14.0037, 0
PixelHit 1193, 957, 23.0683, 0
PixelHit 1193, 958, 12.7748, 0
PixelHit 1193, 959, 8.42987, 0
PixelHit 1194, 955, 2.60741, 0
PixelHit 1194, 956, 6.20113, 0
PixelHit 1194, 957, 14.4482, 0
PixelHit 1194, 958, 6.47642, 0
PixelHit 1194, 959, 2.16376, 0
PixelHit 1195, 954, 3.91183, 0
PixelHit 1195, 955, 1.13753, 0
PixelHit 1195, 956, 7.99981, 0
PixelHit 1195, 957, 17.1393, 0
PixelHit 1195, 958, 16.7772, 0
PixelHit 1195, 959, 6.84073, 0
PixelHit 1196, 955, 2.94609, 0
PixelHit 1196, 956, 8.95551, 0
PixelHit 1196, 957, 21.9716, 0
PixelHit 1196, 958, 18.9118, 0
PixelHit 1196, 959, 10.5748, 0
PixelHit 1197, 955, 3.80547, 0
PixelHit 1197, 956, 13.0582, 0
PixelHit 1197, 957, 31.507, 0
PixelHit 1197, 958, 9.20266, 0
PixelHit 1197, 959, 9.50721, 0
PixelHit 1197, 960, 0.264938, 0
PixelHit 1198, 955, 1.56973, 0
PixelHit 1198, 956, 10.1957, 0
PixelHit 1198, 957, 11.7332, 0
PixelHit 1198, 958, 19.2622, 0
PixelHit 1198, 959, 5.82835, 0
PixelHit 1199, 956, 5.17438, 0
PixelHit 1199, 957, 9.47716, 0
PixelHit 1199, 958, 7.82033, 0
PixelHit 1199, 959, 2.27026, 0
PixelHit 1200, 955, 4.14013, 0
PixelHit 1200, 956, 6.39142, 0
PixelHit 1200, 957, 11.0633, 0
PixelHit 1200, 958, 12.2794, 0
PixelHit 1201, 955, 2.65907, 0
PixelHit 1201, 956, 12.9845, 0
PixelHit 1201, 957, 20.2034, 0
PixelHit 1201, 958, 14.8913, 0
PixelHit 1201, 959, 7.14468, 0
PixelHit 1202, 955, 8.69221, 0
PixelHit 1202, 956, 16.9518, 0
PixelHit 1202, 957, 35.044, 0
PixelHit 1202, 958, 29.9873, 0
PixelHit 1202, 959, 7.94613, 0
PixelHit 1202, 960, 2.35564, 0
PixelHit 1202, 961, 2.71619, 0
PixelHit 1203, 953, 1.77383, 0
PixelHit 1203, 955, 11.21, 0
PixelHit 1203, 956, 29.7592, 0
PixelHit 1203, 957, 43.0444, 0
PixelHit 1203, 958, 43.4531, 0
PixelHit 1203, 959, 16.2892, 0
PixelHit 1203, 960, 6.60737, 0
PixelHit 1204, 955, 2.98609, 0
PixelHit 1204, 956, 32.5992, 0
PixelHit 1204, 957, 62.3049, 0
PixelHit 1204, 958, 40.2379, 0
PixelHit 1204, 959, 20.9121, 0
PixelHit 1204, 961, 1.72926, 0
PixelHit 1205, 955, 5.88064, 0
PixelHit 1205, 956, 34.7739, 0
PixelHit 1205, 957, 31.1344, 0
PixelHit 1205, 958, 26.2091, 0
PixelHit 1205, 959, 15.2893, 0
PixelHit 1205, 960, 4.22459, 0
PixelHit 1206, 956, 7.22909, 0
PixelHit 1206, 957, 24.6609, 0
PixelHit 1206, 958, 20.9683, 0
PixelHit 1206, 959, 9.5653, 0
PixelHit 1207, 955, 5.65201, 0
PixelHit 1207, 956, 5.60231, 0
PixelHit 1207, 957, 7.81394, 0
PixelHit 1207, 958, 6.71889, 0
PixelHit 1207, 959, 6.37884, 0
PixelHit 1207, 960, 0.760948, 0
PixelHit 1208, 955, 1.83904, 0
PixelHit 1208, 956, 1.31028, 0
PixelHit 1208, 957, 1.91859, 0
PixelHit 1208, 959, 2.87492, 0
PixelHit 1449, 1142, 5.81132, 0
PixelHit 1449, 1143, 3.4683, 0
PixelHit 1450, 1141, 2.11645, 0
PixelHit 1450, 1142, 3.08776, 0
PixelHit 1451, 1142, 106.491, 0
PixelHit 1451, 1143, 14.2561, 0
PixelHit 1452, 1142, 48.4088, 0
PixelHit 1452, 1143, 6.10795, 0
PixelHit 1453, 1142, 30.754, 0
PixelHit 1453, 1143, 6.38953, 0
PixelHit 1454, 1141, 5.15236, 0
PixelHit 1454, 1142, 37.7112, 0
PixelHit 1454, 1143, 5.85324, 0
PixelHit 1455, 1141, 15.2299, 0
PixelHit 1455, 1142, 91.2159, 0
PixelHit 1455, 1143, 14.1529, 0
PixelHit 1456, 1141, 12.2866, 0
PixelHit 1456, 1142, 85.2605, 0
PixelHit 1456, 1143, 13.5173, 0
PixelHit 1456, 1144, 0.854187, 0
PixelHit 1457, 1141, 7.66796, 0
PixelHit 1457, 1142, 18.8927, 0
PixelHit 1457, 1143, 1.26851, 0
PixelHit 1458, 1141, 5.98091, 0
PixelHit 1458, 1142, 36.6669, 0
PixelHit 1458, 1143, 9.32892, 0
PixelHit 1459, 1141, 29.0384, 0
PixelHit 1459, 1142, 96.8095, 0
PixelHit 1459, 1143, 19.4949, 0
PixelHit 1460, 1141, 22.2343, 0
PixelHit 1460, 1142, 32.6787, 0
PixelHit 1460, 1143, 3.83888, 0
PixelHit 1461, 1141, 18.045, 0
PixelHit 1461, 1142, 25.4099, 0
PixelHit 1461, 1143, 5.9282, 0
PixelHit 1462, 1141, 5.68767, 0
PixelHit 1462, 1142, 14.0495, 0
PixelHit 1462, 1143, 1.98429, 0
PixelHit 1463, 1141, 22.2672, 0
PixelHit 1463, 1142, 22.6025, 0
PixelHit 1463, 1143, 4.00805, 0
PixelHit 1463, 1144, 1.0487, 0
PixelHit 1464, 1140, 0.679125, 0
PixelHit 1464, 1141, 25.7327, 0
PixelHit 1464, 1142, 45.1838, 0
PixelHit 1464, 1143, 8.49438, 0
PixelHit 1465, 1141, 4.18359, 0
PixelHit 1465, 1142, 12.1756, 0
PixelHit 1465, 1143, 4.32137, 0
PixelHit 1466, 1141, 14.7558, 0
PixelHit 1466, 1142, 18.1153, 0
PixelHit 1467, 1140, 3.7632, 0
PixelHit 1467, 1141, 14.1135, 0
PixelHit 1467, 1142, 24.7447, 0
PixelHit 1467, 1143, 8.9618, 0
PixelHit 1467, 1144, 0.91571, 0
PixelHit 1468, 1141, 12.9816, 0
PixelHit 1468, 1142, 13.1745, 0
PixelHit 1468, 1143, 2.48996, 0
PixelHit 1469, 1141, 18.9177, 0
PixelHit 1469, 1142, 31.7398, 0
PixelHit 1469, 1143, 6.22599, 0
PixelHit 1470, 1140, 5.85811, 0
PixelHit 1470, 1141, 33.228, 0
PixelHit 1470, 1142, 35.5234, 0
PixelHit 1470, 1143, 6.14455, 0
PixelHit 1470, 1144, 1.82522, 0
PixelHit 1471, 1140, 5.08119, 0
PixelHit 1471, 1141, 19.5772, 0
PixelHit 1471, 1142, 18.4921, 0
PixelHit 1471, 1143, 5.46866, 0
PixelHit 1472, 1140, 3.90036, 0
PixelHit 1472, 1141, 24.8934, 0
PixelHit 1472, 1142, 36.7455, 0
PixelHit 1472, 1143, 7.17715, 0
PixelHit 1473, 1140, 5.94146, 0
PixelHit 1473, 1141, 26.2453, 0
PixelHit 1473, 1142, 30.1629, 0
PixelHit 1473, 1143, 4.87463, 0
PixelHit 1474, 1140, 3.06088, 0
PixelHit 1474, 1141, 19.7853, 0
PixelHit 1474, 1142, 14.2964, 0
PixelHit 1474, 1143, 7.50137, 0
PixelHit 1475, 1139, 0.99096, 0
PixelHit 1475, 1140, 5.4953, 0
PixelHit 1475, 1141, 15.7116, 0
PixelHit 1475, 1142, 23.0528, 0
PixelHit 1475, 1143, 6.62241, 0
PixelHit 1476, 1140, 6.78745, 0
PixelHit 1476, 1141, 20.5796, 0
PixelHit 1476, 1142, 19.3772, 0
PixelHit 1476, 1143, 4.39664, 0
PixelHit 1477, 1141, 11.1895, 0
PixelHit 1477, 1142, 13.91, 0
PixelHit 1478, 1139, 1.58388, 0
PixelHit 1478, 1140, 9.92982, 0
PixelHit 1478, 1141, 10.027, 0
PixelHit 1478, 1142, 10.4502, 0
PixelHit 1478, 1143, 2.41794, 0
PixelHit 1479, 1140, 7.54375, 0
PixelHit 1479, 1141, 15.1391, 0
PixelHit 1479, 1142, 19.9504, 0
PixelHit 1479, 1143, 2.48474, 0
PixelHit 1480, 1139, 3.59808, 0
PixelHit 1480, 1140, 2.86287, 0
PixelHit 1480, 1141, 14.8557, 0
PixelHit 1480, 1142, 6.11105, 0
PixelHit 1480, 1143, 2.80615, 0
PixelHit 1481, 1139, 2.836, 0
PixelHit 1481, 1140, 0.784183, 0
PixelHit 1481, 1141, 8.93445, 0
PixelHit 1481, 1142, 9.47297, 0
PixelHit 1481, 1143, 2.96248, 0
PixelHit 1482, 1140, 3.27074, 0
PixelHit 1482, 1141, 9.35628, 0
PixelHit 1482, 1142, 8.06504, 0
PixelHit 1482, 1143, 3.36493, 0
PixelHit 1483, 1139, -0.0576709, 0
PixelHit 1483, 1140, 9.46928, 0
PixelHit 1483, 1141, 10.8869, 0
PixelHit 1483, 1142, 9.5921, 0
PixelHit 1484, 1140, 12.029, 0
PixelHit 1484, 1141, 18.1583, 0
PixelHit 1484, 1142, 17.9033, 0
PixelHit 1484, 1143, 2.24098, 0
PixelHit 1485, 1139, 2.60079, 0
PixelHit 1485, 1140, 21.1057, 0
PixelHit 1485, 1141, 24.785, 0
PixelHit 1485, 1142, 14.5025, 0
PixelHit 1485, 1143, 5.53288, 0
PixelHit 1486, 1139, 1.75846, 0
PixelHit 1486, 1140, 19.2615, 0
PixelHit 1486, 1141, 34.9642, 0
PixelHit 1486, 1142, 31.1359, 0
PixelHit 1486, 1143, 7.36092, 0
PixelHit 1487, 1139, 2.0621, 0
PixelHit 1487, 1140, 18.6302, 0
PixelHit 1487, 1141, 19.1513, 0
PixelHit 1487, 1142, 25.4563, 0
PixelHit 1487, 1144, 1.28839, 0
PixelHit 1488, 1139, 3.86759, 0
PixelHit 1488, 1140, 6.04779, 0
PixelHit 1488, 1141, 15.7895, 0
PixelHit 1488, 1142, 6.77761, 0
PixelHit 1488, 1143, 3.49349, 0
PixelHit 1489, 1139, 6.87794, 0
PixelHit 1489, 1140, 20.195, 0
PixelHit 1489, 1141, 22.7464, 0
PixelHit 1489, 1142, 16.5594, 0
PixelHit 1489, 1143, 10.1016, 0
PixelHit 1489, 1144, 2.04207, 0
PixelHit 1490, 1139, 3.35721, 0
PixelHit 1490, 1140, 27.6439, 0
PixelHit 1490, 1141, 36.0802, 0
PixelHit 1490, 1142, 25.6268, 0
PixelHit 1490, 1143, 5.86758, 0
PixelHit 1491, 1139, 13.3243, 0
PixelHit 1491, 1140, 23.7567, 0
PixelHit 1491, 1141, 38.3449, 0
PixelHit 1491, 1142, 28.985, 0
PixelHit 1491, 1143, 7.67019, 0
PixelHit 1492, 1139, 3.51286, 0
PixelHit 1492, 1140, 28.8486, 0
PixelHit 1492, 1141, 41.8874, 0
PixelHit 1492, 1142, 28.1902, 0
PixelHit 1492, 1143, 3.34666, 0
PixelHit 1493, 1139, 6.03266, 0
PixelHit 1493, 1140, 14.6001, 0
PixelHit 1493, 1141, 20.1466, 0
PixelHit 1493, 1142, 11.7944, 0
PixelHit 1494, 1139, 2.38323, 0
PixelHit 1494, 1140, 7.68501, 0
PixelHit 1494, 1141, 16.0959, 0
PixelHit 1494, 1142, 8.46033, 0
PixelHit 1494, 1143, 2.98149, 0
PixelHit 1495, 1139, 9.21746, 0
PixelHit 1495, 1140, 13.3355, 0
PixelHit 1495, 1141, 17.894, 0
PixelHit 1495, 1142, 15.2528, 0
PixelHit 1495, 1143, 2.92909, 0
PixelHit 1496, 1138, 2.28475, 0
PixelHit 1496, 1139, 4.45987, 0
PixelHit 1496, 1140, 15.2932, 0
PixelHit 1496, 1141, 22.5802, 0
PixelHit 1496, 1142, 11.2784, 0
PixelHit 1496, 1144, 1.74896, 0
PixelHit 1497, 1138, 1.00519, 0
PixelHit 1497, 1139, 2.77526, 0
PixelHit 1497, 1140, 14.167, 0
PixelHit 1497, 1141, 13.3573, 0
PixelHit 1497, 1142, 12.7671, 0
PixelHit 1497, 1143, 2.28527, 0
PixelHit 1498, 1138, 2.17459, 0
PixelHit 1498, 1139, 9.08128, 0
PixelHit 1498, 1140, 11.3091, 0
PixelHit 1498, 1141, 27.417, 0
PixelHit 1498, 1142, 17.223, 0
PixelHit 1498, 1143, 5.16909, 0
PixelHit 1499, 1139, 8.08981, 0
PixelHit 1499, 1140, 22.7691, 0
PixelHit 1499, 1141, 22.9126, 0
PixelHit 1499, 1142, 11.0483, 0
PixelHit 1499, 1143, 4.9584, 0
PixelHit 1500, 1138, 3.17886, 0
PixelHit 1500, 1139, 3.07256, 0
PixelHit 1500, 1140, 18.2527, 0
PixelHit 1500, 1141, 20.0961, 0
PixelHit 1500, 1142, 12.6977, 0
PixelHit 1501, 1138, 4.09461, 0
PixelHit 1501, 1139, 11.2183, 0
PixelHit 1501, 1140, 22.082, 0
PixelHit 1501, 1141, 25.7349, 0
PixelHit 1501, 1142, 8.074, 0
PixelHit 1501, 1143, 3.95409, 0
PixelHit 1502, 1138, 3.55764, 0
PixelHit 1502, 1139, 23.2295, 0
PixelHit 1502, 1140, 56.4959, 0
PixelHit 1502, 1141, 68.4276, 0
PixelHit 1502, 1142, 34.2961, 0
PixelHit 1502, 1143, 3.4307, 0
PixelHit 1503, 1138, 6.878, 0
PixelHit 1503, 1139, 33.0928, 0
PixelHit 1503, 1140, 84.9082, 0
PixelHit 1503, 1141, 87.794, 0
PixelHit 1503, 1142, 48.4088, 0
PixelHit 1503, 1143, 15.863, 0
PixelHit 1503, 1144, 2.17042, 0
PixelHit 1504, 1137, 1.34205, 0
PixelHit 1504, 1138, 7.31735, 0
PixelHit 1504, 1139, 23.5758, 0
PixelHit 1504, 1140, 64.7611, 0
PixelHit 1504, 1141, 57.4733, 0
PixelHit 1504, 1142, 32.5598, 0
PixelHit 1504, 1143, 8.47752, 0
PixelHit 1504, 1145, 0.07637, 0
PixelHit 1505, 1137, 4.55071, 0
PixelHit 1505, 1139, 16.9705, 0
PixelHit 1505, 1140, 32.6347, 0
PixelHit 1505, 1141, 42.9021, 0
PixelHit 1505, 1142, 14.1564, 0
PixelHit 1505, 1143, 4.34774, 0
PixelHit 1506, 1138, 0.24338, 0
PixelHit 1506, 1139, 6.04043, 0
PixelHit 1506, 1140, 10.4874, 0
PixelHit 1506, 1141, 8.56732, 0
PixelHit 1506, 1142, 7.94411, 0
PixelHit 1507, 1138, 1.03941, 0
PixelHit 1507, 1139, 3.26083, 0
PixelHit 1507, 1140, 11.8235, 0
PixelHit 1507, 1141, 7.87501, 0
PixelHit 1507, 1142, 3.30501, 0
PixelHit 1508, 1139, 5.62947, 0
PixelHit 1508, 1140, 4.5232, 0
PixelHit 1508, 1141, 12.3122, 0
PixelHit 1508, 1143, 4.5387, 0
PixelHit 1509, 1139, 3.48963, 0
PixelHit 1509, 1140, 1.76076, 0
PixelHit 1509, 1141, 2.0095, 0
PixelHit 1509, 1142, 4.14775, 0
PixelHit 1510, 1140, 4.75853, 0
PixelHit 1510, 1142, 2.76296, 0
PixelHit 1511, 1140, 2.72039, 0
PixelHit 1511, 1142, 1.83224, 0
=== 19 ===
=== 20 ===
=== 21 ===
=== 22 ===
=== 23 ===
=== 24 ===
=== 25 ===
=== 26 ===
=== 27 ===
=== 28 ===
=== 29 ===
=== 30 ===
=== 31 ===
=== 32 ===
=== 33 ===
=== 34 ===
=== 35 ===
=== 36 ===
=== 37 ===
=== 38 ===
=== 39 ===
--- mydetector ---
PixelHit 1335, 1096, 4.66965, 0
PixelHit 1335, 1097, 2.3589, 0
PixelHit 1336, 1096, 39.6095, 0
PixelHit 1336, 1097, 18.7383, 0
PixelHit 1337, 1095, 2.87835, 0
PixelHit 1337, 1096, 35.7966, 0
PixelHit 1337, 1097, 18.9349, 0
PixelHit 1338, 1096, 30.3847, 0
PixelHit 1338, 1097, 13.4289, 0
PixelHit 1339, 1096, 28.2338, 0
PixelHit 1339, 1097, 21.3295, 0
PixelHit 1340, 1096, 57.3039, 0
PixelHit 1340, 1097, 37.1128, 0
PixelHit 1340, 1098, 2.33636, 0
PixelHit 1341, 1096, 38.2942, 0
PixelHit 1341, 1097, 15.1601, 0
PixelHit 1342, 1095, 1.9732, 0
PixelHit 1342, 1096, 44.3023, 0
PixelHit 1342, 1097, 34.7558, 0
PixelHit 1343, 1095, 6.43806, 0
PixelHit 1343, 1096, 118.834, 0
PixelHit 1343, 1097, 73.9891, 0
PixelHit 1344, 1095, 3.61693, 0
PixelHit 1344, 1096, 44.5935, 0
PixelHit 1344, 1097, 26.7529, 0
PixelHit 1344, 1098, 2.97054, 0
PixelHit 1345, 1095, 2.16842, 0
PixelHit 1345, 1096, 27.5965, 0
PixelHit 1345, 1097, 7.75704, 0
PixelHit 1346, 1095, 5.16542, 0
PixelHit 1346, 1096, 32.7949, 0
PixelHit 1346, 1097, 18.3346, 0
PixelHit 1347, 1095, 9.19283, 0
PixelHit 1347, 1096, 51.8018, 0
PixelHit 1347, 1097, 32.2321, 0
PixelHit 1348, 1096, 40.5467, 0
PixelHit 1348, 1097, 18.2485, 0
PixelHit 1349, 1095, 0.916528, 0
PixelHit 1349, 1096, 10.7113, 0
PixelHit 1349, 1097, 13.1079, 0
PixelHit 1350, 1095, 4.05306, 0
PixelHit 1350, 1096, 23.5828, 0
PixelHit 1350, 1097, 12.4583, 0
PixelHit 1351, 1094, 2.75353, 0
PixelHit 1351, 1095, 10.0843, 0
PixelHit 1351, 1096, 38.4426, 0
PixelHit 1351, 1097, 37.8939, 0
PixelHit 1351, 1098, 5.84268, 0
PixelHit 1351, 1099, 2.40066, 0
PixelHit 1352, 1095, 25.944, 0
PixelHit 1352, 1096, 68.9064, 0
PixelHit 1352, 1097, 54.4685, 0
PixelHit 1352, 1098, 3.8588, 0
PixelHit 1353, 1095, 12.5828, 0
PixelHit 1353, 1096, 55.138, 0
PixelHit 1353, 1097, 31.177, 0
PixelHit 1353, 1098, 6.49361, 0
PixelHit 1354, 1095, 2.01595, 0
PixelHit 1354, 1096, 28.4145, 0
PixelHit 1354, 1097, 15.0625, 0
PixelHit 1354, 1098, 3.69971, 0
PixelHit 1355, 1095, 3.84193, 0
PixelHit 1355, 1096, 12.3636, 0
PixelHit 1355, 1097, 13.0619, 0
PixelHit 1356, 1094, 3.56647, 0
PixelHit 1356, 1095, 15.7562, 0
PixelHit 1356, 1096, 39.9341, 0
PixelHit 1356, 1097, 29.2316, 0
PixelHit 1356, 1098, 3.66168, 0
PixelHit 1357, 1094, 2.42296, 0
PixelHit 1357, 1095, 10.2467, 0
PixelHit 1357, 1096, 50.9977, 0
PixelHit 1357, 1097, 27.3317, 0
PixelHit 1357, 1098, 1.97443, 0
PixelHit 1358, 1095, 9.61841, 0
PixelHit 1358, 1096, 19.6229, 0
PixelHit 1358, 1097, 23.0546, 0
PixelHit 1358, 1098, 1.2684, 0
PixelHit 1359, 1095, 16.3033, 0
PixelHit 1359, 1096, 17.7908, 0
PixelHit 1359, 1097, 8.27348, 0
PixelHit 1359, 1098, 5.83815, 0
PixelHit 1360, 1095, 19.1842, 0
PixelHit 1360, 1096, 33.006, 0
PixelHit 1360, 1097, 24.0617, 0
PixelHit 1361, 1094, 4.58376, 0
PixelHit 1361, 1095, 22.9203, 0
PixelHit 1361, 1096, 37.3259, 0
PixelHit 1361, 1097, 30.6475, 0
PixelHit 1361, 1098, 6.03862, 0
PixelHit 1362, 1095, 14.2638, 0
PixelHit 1362, 1096, 32.1647, 0
PixelHit 1362, 1097, 22.0489, 0
PixelHit 1362, 1098, 6.27202, 0
PixelHit 1363, 1095, 8.08786, 0
PixelHit 1363, 1096, 31.3287, 0
PixelHit 1363, 1097, 14.2953, 0
PixelHit 1363, 1098, 4.43507, 0
PixelHit 1364, 1095, 17.02, 0
PixelHit 1364, 1096, 26.6042, 0
PixelHit 1364, 1097, 20.4199, 0
PixelHit 1364, 1098, 8.43388, 0
PixelHit 1365, 1094, 4.55555, 0
PixelHit 1365, 1095, 6.51496, 0
PixelHit 1365, 1096, 27.7817, 0
PixelHit 1365, 1097, 16.6804, 0
PixelHit 1366, 1095, 15.2917, 0
PixelHit 1366, 1096, 35.6133, 0
PixelHit 1366, 1097, 23.7237, 0
PixelHit 1366, 1098, 2.87202, 0
PixelHit 1367, 1093, 1.02174, 0
PixelHit 1367, 1094, 3.92326, 0
PixelHit 1367, 1095, 20.4613, 0
PixelHit 1367, 1096, 51.0373, 0
PixelHit 1367, 1097, 33.0216, 0
PixelHit 1367, 1098, 1.73888, 0
PixelHit 1368, 1094, 2.94723, 0
PixelHit 1368, 1095, 19.8711, 0
PixelHit 1368, 1096, 40.2961, 0
PixelHit 1368, 1097, 20.1754, 0
PixelHit 1368, 1098, 6.37373, 0
PixelHit 1368, 1099, 1.46759, 0
PixelHit 1369, 1094, 6.01559, 0
PixelHit 1369, 1095, 15.0818, 0
PixelHit 1369, 1096, 49.5171, 0
PixelHit 1369, 1097, 37.1229, 0
PixelHit 1369, 1098, 7.36957, 0
PixelHit 1370, 1094, 6.52207, 0
PixelHit 1370, 1095, 22.0172, 0
PixelHit 1370, 1096, 42.4837, 0
PixelHit 1370, 1097, 34.1118, 0
PixelHit 1370, 1098, 6.094, 0
PixelHit 1370, 1099, 1.73043, 0
PixelHit 1371, 1094, 1.64482, 0
PixelHit 1371, 1095, 11.6309, 0
PixelHit 1371, 1096, 39.5125, 0
PixelHit 1371, 1097, 28.6278, 0
PixelHit 1371, 1098, 6.75009, 0
PixelHit 1371, 1099, 0.620682, 0
PixelHit 1372, 1093, 1.43987, 0
PixelHit 1372, 1094, 1.45854, 0
PixelHit 1372, 1095, 15.8033, 0
PixelHit 1372, 1096, 42.5132, 0
PixelHit 1372, 1097, 20.5045, 0
PixelHit 1372, 1098, 8.49446, 0
PixelHit 1373, 1094, 9.4535, 0
PixelHit 1373, 1095, 21.288, 0
PixelHit 1373, 1096, 44.3059, 0
PixelHit 1373, 1097, 35.8372, 0
PixelHit 1373, 1098, 11.1598, 0
PixelHit 1373, 1099, 1.81836, 0
PixelHit 1374, 1094, 12.3278, 0
PixelHit 1374, 1095, 49.0748, 0
PixelHit 1374, 1096, 78.3979, 0
PixelHit 1374, 1097, 40.8319, 0
PixelHit 1374, 1098, 8.16052, 0
PixelHit 1375, 1093, 3.11714, 0
PixelHit 1375, 1094, 8.73764, 0
PixelHit 1375, 1095, 38.6813, 0
PixelHit 1375, 1096, 87.764, 0
PixelHit 1375, 1097, 59.6765, 0
PixelHit 1375, 1098, 8.75426, 0
PixelHit 1375, 1099, 0.840036, 0
PixelHit 1376, 1093, 2.15603, 0
PixelHit 1376, 1094, 4.58104, 0
PixelHit 1376, 1095, 50.9083, 0
PixelHit 1376, 1096, 57.8648, 0
PixelHit 1376, 1097, 32.8609, 0
PixelHit 1376, 1098, 13.0433, 0
PixelHit 1377, 1093, 3.83861, 0
PixelHit 1377, 1094, 6.99332, 0
PixelHit 1377, 1095, 24.4967, 0
PixelHit 1377, 1096, 62.0371, 0
PixelHit 1377, 1097, 31.1885, 0
PixelHit 1377, 1098, 6.919, 0
PixelHit 1377, 1099, 3.45644, 0
PixelHit 1378, 1093, 2.28425, 0
PixelHit 1378, 1094, 9.28685, 0
PixelHit 1378, 1095, 39.5802, 0
PixelHit 1378, 1096, 65.8028, 0
PixelHit 1378, 1097, 51.4244, 0
PixelHit 1378, 1098, 8.60293, 0
PixelHit 1379, 1093, 1.33066, 0
PixelHit 1379, 1094, 9.77835, 0
PixelHit 1379, 1095, 48.1518, 0
PixelHit 1379, 1096, 79.2365, 0
PixelHit 1379, 1097, 46.9367, 0
PixelHit 1379, 1098, 14.8956, 0
PixelHit 1380, 1093, 1.99258, 0
PixelHit 1380, 1094, 9.45504, 0
PixelHit 1380, 1095, 44.5665, 0
PixelHit 1380, 1096, 59.759, 0
PixelHit 1380, 1097, 42.8881, 0
PixelHit 1380, 1098, 17.1306, 0
PixelHit 1380, 1099, 4.35037, 0
PixelHit 1381, 1094, 6.67357, 0
PixelHit 1381, 1095, 23.1901, 0
PixelHit 1381, 1096, 34.5994, 0
PixelHit 1381, 1097, 23.032, 0
PixelHit 1381, 1098, 3.81165, 0
PixelHit 1382, 1094, 8.42287, 0
PixelHit 1382, 1095, 16.8806, 0
PixelHit 1382, 1096, 21.9651, 0
PixelHit 1382, 1097, 15.4282, 0
PixelHit 1382, 1098, 3.91931, 0
PixelHit 1383, 1094, 5.01349, 0
PixelHit 1383, 1095, 9.20221, 0
PixelHit 1383, 1096, 14.4333, 0
PixelHit 1383, 1097, 11.5499, 0
PixelHit 1383, 1098, 3.42832, 0
PixelHit 1384, 1094, 2.5468, 0
PixelHit 1384, 1095, 13.6401, 0
PixelHit 1384, 1096, 14.9132, 0
PixelHit 1384, 1097, 19.6113, 0
PixelHit 1384, 1098, 3.89086, 0
PixelHit 1385, 1093, 1.73736, 0
PixelHit 1385, 1094, 6.22067, 0
PixelHit 1385, 1095, 18.4283, 0
PixelHit 1385, 1096, 26.3915, 0
PixelHit 1385, 1097, 25.6546, 0
PixelHit 1385, 1098, 5.93451, 0
PixelHit 1386, 1093, 1.73505, 0
PixelHit 1386, 1094, 2.65031, 0
PixelHit 1386, 1095, 26.7041, 0
PixelHit 1386, 1096, 46.8206, 0
PixelHit 1386, 1097, 25.7468, 0
PixelHit 1386, 1098, 7.98548, 0
PixelHit 1386, 1099, 1.60435, 0
PixelHit 1387, 1093, 2.07969, 0
PixelHit 1387, 1094, 7.49489, 0
PixelHit 1387, 1095, 28.3865, 0
PixelHit 1387, 1096, 41.2584, 0
PixelHit 1387, 1097, 24.4618, 0
PixelHit 1387, 1098, 7.50711, 0
PixelHit 1387, 1099, 3.3658, 0
PixelHit 1388, 1094, 8.4583, 0
PixelHit 1388, 1095, 21.6967, 0
PixelHit 1388, 1096, 28.5769, 0
PixelHit 1388, 1097, 11.5491, 0
PixelHit 1388, 1098, 7.82923, 0
PixelHit 1389, 1094, 0.519831, 0
PixelHit 1389, 1095, 12.9006, 0
PixelHit 1389, 1096, 17.7746, 0
PixelHit 1389, 1097, 23.6056, 0
PixelHit 1389, 1098, 6.88865, 0
PixelHit 1390, 1093, 2.84115, 0
PixelHit 1390, 1094, 7.99643, 0
PixelHit 1390, 1095, 19.0254, 0
PixelHit 1390, 1096, 22.8614, 0
PixelHit 1390, 1097, 17.0713, 0
PixelHit 1390, 1098, 3.78153, 0
PixelHit 1391, 1094, 8.33875, 0
PixelHit 1391, 1095, 24.412, 0
PixelHit 1391, 1096, 28.082, 0
PixelHit 1391, 1097, 29.3936, 0
PixelHit 1391, 1098, 5.02633, 0
PixelHit 1392, 1094, 7.21119, 0
PixelHit 1392, 1095, 28.5893, 0
PixelHit 1392, 1096, 36.3917, 0
PixelHit 1392, 1097, 24.4073, 0
PixelHit 1392, 1098, 1.43598, 0
PixelHit 1392, 1099, 1.28923, 0
PixelHit 1393, 1093, 3.59855, 0
PixelHit 1393, 1094, 15.1169, 0
PixelHit 1393, 1095, 24.5242, 0
PixelHit 1393, 1096, 33.2985, 0
PixelHit 1393, 1097, 12.5335, 0
PixelHit 1393, 1098, 2.59605, 0
PixelHit 1394, 1094, 13.0998, 0
PixelHit 1394, 1095, 31.1081, 0
PixelHit 1394, 1096, 31.2242, 0
PixelHit 1394, 1097, 17.692, 0
PixelHit 1394, 1098, 4.69941, 0
PixelHit 1395, 1094, 5.28078, 0
PixelHit 1395, 1095, 24.0702, 0
PixelHit 1395, 1096, 32.3396, 0
PixelHit 1395, 1097, 22.5623, 0
PixelHit 1395, 1098, 4.49713, 0
PixelHit 1395, 1099, 1.11305, 0
PixelHit 1396, 1094, 5.56239, 0
PixelHit 1396, 1095, 20.0116, 0
PixelHit 1396, 1096, 42.2938, 0
PixelHit 1396, 1097, 10.6655, 0
PixelHit 1396, 1098, 6.6117, 0
PixelHit 1397, 1094, 5.08958, 0
PixelHit 1397, 1095, 17.9383, 0
PixelHit 1397, 1096, 16.7663, 0
PixelHit 1397, 1097, 9.9854, 0
PixelHit 1397, 1098, 4.7844, 0
PixelHit 1398, 1093, 1.4071, 0
PixelHit 1398, 1094, 2.89549, 0
PixelHit 1398, 1095, 10.4094, 0
PixelHit 1398, 1096, 8.29114, 0
PixelHit 1398, 1097, 4.88751, 0
PixelHit 1398, 1098, 2.35826, 0
PixelHit 1398, 1099, 2.93117, 0
PixelHit 1399, 1094, 1.90956, 0
PixelHit 1399, 1096, 3.4293, 0
PixelHit 1399, 1097, 2.70496, 0
=== 40 ===
=== 41 ===
=== 42 ===
=== 43 ===
=== 44 ===
=== 45 ===
--- mydetector ---
PixelHit 1850, 1027, 24.9476, 0
PixelHit 1850, 1029, 2.0825, 0
PixelHit 1851, 1027, 81.3009, 0
PixelHit 1851, 1028, 34.004, 0
PixelHit 1852, 1027, 15.2523, 0
PixelHit 1852, 1028, 7.71981, 0
PixelHit 1853, 1027, 10.7164, 0
PixelHit 1853, 1028, 3.69243, 0
PixelHit 1854, 1026, 3.5271, 0
PixelHit 1854, 1027, 99.4959, 0
PixelHit 1854, 1028, 55.7658, 0
PixelHit 1855, 1026, 1.16627, 0
PixelHit 1855, 1027, 77.4999, 0
PixelHit 1855, 1028, 42.1728, 0
PixelHit 1856, 1026, 5.92411, 0
PixelHit 1856, 1027, 40.7646, 0
PixelHit 1856, 1028, 33.2222, 0
PixelHit 1857, 1026, 2.90783, 0
PixelHit 1857, 1027, 27.6617, 0
PixelHit 1857, 1028, 5.0912, 0
PixelHit 1858, 1026, 1.61295, 0
PixelHit 1858, 1027, 24.3598, 0
PixelHit 1858, 1028, 12.9845, 0
PixelHit 1859, 1026, 11.4877, 0
PixelHit 1859, 1027, 32.4881, 0
PixelHit 1859, 1028, 8.14442, 0
PixelHit 1860, 1027, 17.7012, 0
PixelHit 1860, 1028, 3.40456, 0
PixelHit 1861, 1026, 6.127, 0
PixelHit 1861, 1027, 36.5594, 0
PixelHit 1861, 1028, 6.37852, 0
PixelHit 1862, 1026, 11.1057, 0
PixelHit 1862, 1027, 38.4784, 0
PixelHit 1862, 1028, 15.1233, 0
PixelHit 1863, 1025, 2.05713, 0
PixelHit 1863, 1026, 4.63957, 0
PixelHit 1863, 1027, 13.4513, 0
PixelHit 1863, 1028, 9.74018, 0
PixelHit 1864, 1026, 10.7527, 0
PixelHit 1864, 1027, 14.436, 0
PixelHit 1864, 1028, 6.18819, 0
PixelHit 1865, 1026, 6.78924, 0
PixelHit 1865, 1027, 16.0492, 0
PixelHit 1865, 1028, 2.54788, 0
PixelHit 1866, 1025, 1.88729, 0
PixelHit 1866, 1026, 3.59979, 0
PixelHit 1866, 1027, 18.3687, 0
PixelHit 1866, 1028, 4.97012, 0
PixelHit 1867, 1026, 5.10573, 0
PixelHit 1867, 1027, 22.3406, 0
PixelHit 1867, 1028, 12.9545, 0
PixelHit 1868, 1025, 2.60384, 0
PixelHit 1868, 1026, 9.33903, 0
PixelHit 1868, 1027, 11.6246, 0
PixelHit 1868, 1028, 5.36303, 0
PixelHit 1869, 1025, 3.56998, 0
PixelHit 1869, 1026, 35.7074, 0
PixelHit 1869, 1027, 45.0726, 0
PixelHit 1869, 1028, 20.3052, 0
PixelHit 1870, 1025, 9.61003, 0
PixelHit 1870, 1026, 78.0955, 0
PixelHit 1870, 1027, 129.183, 0
PixelHit 1870, 1028, 47.6549, 0
PixelHit 1870, 1030, 0.886446, 0
PixelHit 1871, 1025, 7.04542, 0
PixelHit 1871, 1026, 55.8774, 0
PixelHit 1871, 1027, 101.38, 0
PixelHit 1871, 1028, 33.3484, 0
PixelHit 1871, 1029, 3.17249, 0
PixelHit 1872, 1025, 1.45602, 0
PixelHit 1872, 1026, 22.7063, 0
PixelHit 1872, 1027, 21.2059, 0
PixelHit 1872, 1028, 7.80233, 0
PixelHit 1873, 1025, 4.59002, 0
PixelHit 1873, 1026, 11.118, 0
PixelHit 1873, 1027, 7.94471, 0
PixelHit 1873, 1028, 7.50285, 0
PixelHit 1874, 1025, 2.48627, 0
PixelHit 1874, 1026, 14.2537, 0
PixelHit 1874, 1027, 18.4438, 0
PixelHit 1874, 1028, 5.82402, 0
PixelHit 1875, 1025, 1.23717, 0
PixelHit 1875, 1026, 6.05707, 0
PixelHit 1875, 1027, 23.2902, 0
PixelHit 1875, 1028, 2.39479, 0
PixelHit 1876, 1026, 7.60211, 0
PixelHit 1876, 1027, 10.9241, 0
PixelHit 1876, 1028, 5.52172, 0
PixelHit 1877, 1025, 2.09295, 0
PixelHit 1877, 1026, 3.68146, 0
PixelHit 1877, 1027, 8.52793, 0
PixelHit 1878, 1025, 6.11861, 0
PixelHit 1878, 1026, 12.6287, 0
PixelHit 1878, 1027, 14.7634, 0
PixelHit 1878, 1028, 8.87228, 0
PixelHit 1879, 1025, 7.11048, 0
PixelHit 1879, 1026, 32.0447, 0
PixelHit 1879, 1027, 36.8288, 0
PixelHit 1879, 1028, 11.8955, 0
PixelHit 1879, 1029, 0.83125, 0
PixelHit 1880, 1024, 1.41941, 0
PixelHit 1880, 1025, 19.3512, 0
PixelHit 1880, 1026, 60.0413, 0
PixelHit 1880, 1027, 59.3112, 0
PixelHit 1880, 1028, 18.8904, 0
PixelHit 1880, 1029, 2.64034, 0
PixelHit 1881, 1024, 0.155799, 0
PixelHit 1881, 1025, 21.7066, 0
PixelHit 1881, 1026, 48.5675, 0
PixelHit 1881, 1027, 65.6584, 0
PixelHit 1881, 1028, 20.2785, 0
PixelHit 1881, 1029, 4.84314, 0
PixelHit 1882, 1024, 1.93218, 0
PixelHit 1882, 1025, 13.2741, 0
PixelHit 1882, 1026, 44.861, 0
PixelHit 1882, 1027, 57.7651, 0
PixelHit 1882, 1028, 15.8225, 0
PixelHit 1882, 1029, 4.13393, 0
PixelHit 1883, 1025, 20.1902, 0
PixelHit 1883, 1026, 56.7034, 0
PixelHit 1883, 1027, 44.183, 0
PixelHit 1883, 1028, 16.0136, 0
PixelHit 1883, 1029, 2.79489, 0
PixelHit 1884, 1025, 9.92235, 0
PixelHit 1884, 1026, 22.2633, 0
PixelHit 1884, 1027, 46.9138, 0
PixelHit 1884, 1028, 19.9125, 0
PixelHit 1884, 1029, 1.82014, 0
PixelHit 1885, 1025, 17.5628, 0
PixelHit 1885, 1026, 34.5492, 0
PixelHit 1885, 1027, 28.2301, 0
PixelHit 1885, 1028, 10.6468, 0
PixelHit 1885, 1029, 3.34379, 0
PixelHit 1886, 1024, 3.77151, 0
PixelHit 1886, 1025, 7.78201, 0
PixelHit 1886, 1026, 45.4686, 0
PixelHit 1886, 1027, 43.5921, 0
PixelHit 1886, 1028, 12.1316, 0
PixelHit 1887, 1023, 3.55666, 0
PixelHit 1887, 1024, 1.57976, 0
PixelHit 1887, 1025, 23.8259, 0
PixelHit 1887, 1026, 30.3931, 0
PixelHit 1887, 1027, 30.368, 0
PixelHit 1887, 1028, 8.4799, 0
PixelHit 1887, 1029, 2.20275, 0
PixelHit 1888, 1025, 9.54614, 0
PixelHit 1888, 1026, 17.9578, 0
PixelHit 1888, 1027, 16.729, 0
PixelHit 1888, 1028, 6.18893, 0
PixelHit 1889, 1025, 0.369552, 0
PixelHit 1889, 1026, 21.1838, 0
PixelHit 1889, 1027, 10.2285, 0
PixelHit 1889, 1028, 4.33517, 0
PixelHit 1889, 1029, 1.92608, 0
PixelHit 1890, 1024, 3.89146, 0
PixelHit 1890, 1025, 8.69084, 0
PixelHit 1890, 1026, 15.5078, 0
PixelHit 1890, 1027, 8.4815, 0
PixelHit 1890, 1028, 3.55634, 0
PixelHit 1891, 1024, 4.2226, 0
PixelHit 1891, 1025, 5.48067, 0
PixelHit 1891, 1026, 15.0679, 0
PixelHit 1891, 1027, 13.2416, 0
PixelHit 1891, 1028, 2.42416, 0
PixelHit 1891, 1030, 1.05856, 0
PixelHit 1892, 1024, 2.50566, 0
PixelHit 1892, 1025, 8.43824, 0
PixelHit 1892, 1026, 11.0829, 0
PixelHit 1892, 1027, 10.7404, 0
PixelHit 1892, 1028, 5.25139, 0
PixelHit 1893, 1024, 1.64078, 0
PixelHit 1893, 1025, 5.8638, 0
PixelHit 1893, 1026, 17.4252, 0
PixelHit 1893, 1027, 14.9441, 0
PixelHit 1893, 1028, 2.09964, 0
PixelHit 1893, 1029, 2.47763, 0
PixelHit 1894, 1024, 0.721702, 0
PixelHit 1894, 1025, 13.3842, 0
PixelHit 1894, 1026, 24.9928, 0
PixelHit 1894, 1027, 13.564, 0
PixelHit 1894, 1028, 9.04653, 0
PixelHit 1894, 1030, 1.8905, 0
PixelHit 1895, 1024, 4.66103, 0
PixelHit 1895, 1025, 5.50761, 0
PixelHit 1895, 1026, 21.0676, 0
PixelHit 1895, 1027, 15.9189, 0
PixelHit 1895, 1028, 2.87305, 0
PixelHit 1896, 1024, 4.3979, 0
PixelHit 1896, 1025, 10.6161, 0
PixelHit 1896, 1026, 16.9785, 0
PixelHit 1896, 1027, 13.7023, 0
PixelHit 1896, 1029, 2.94766, 0
PixelHit 1897, 1021, 1.68127, 0
PixelHit 1897, 1024, 2.10028, 0
PixelHit 1897, 1025, 10.3538, 0
PixelHit 1897, 1026, 23.8165, 0
PixelHit 1897, 1027, 11.0132, 0
PixelHit 1897, 1028, 4.87636, 0
PixelHit 1898, 1012, 2.63185, 0
PixelHit 1898, 1018, 2.44945, 0
PixelHit 1898, 1021, 1.63872, 0
PixelHit 1898, 1022, 0.848119, 0
PixelHit 1898, 1023, 3.46641, 0
PixelHit 1898, 1024, 5.98723, 0
PixelHit 1898, 1025, 21.0186, 0
PixelHit 1898, 1026, 22.4918, 0
PixelHit 1898, 1027, 20.7163, 0
PixelHit 1898, 1028, 9.67266, 0
PixelHit 1899, 1013, 3.3948, 0
PixelHit 1899, 1014, 7.22336, 0
PixelHit 1899, 1015, 6.97594, 0
PixelHit 1899, 1016, 4.62009, 0
PixelHit 1899, 1017, 9.08692, 0
PixelHit 1899, 1018, 15.7241, 0
PixelHit 1899, 1019, 13.2264, 0
PixelHit 1899, 1020, 16.3313, 0
PixelHit 1899, 1021, 6.27087, 0
PixelHit 1899, 1022, 4.79995, 0
PixelHit 1899, 1023, 3.02496, 0
PixelHit 1899, 1024, 11.7864, 0
PixelHit 1899, 1025, 45.6669, 0
PixelHit 1899, 1026, 69.7788, 0
PixelHit 1899, 1027, 55.2117, 0
PixelHit 1899, 1028, 14.8794, 0
PixelHit 1899, 1029, 2.54314, 0
PixelHit 1900, 995, 2.43277, 0
PixelHit 1900, 996, 2.33723, 0
PixelHit 1900, 997, 1.7657, 0
PixelHit 1900, 998, 3.1542, 0
PixelHit 1900, 1010, 4.28477, 0
PixelHit 1900, 1011, 9.15148, 0
PixelHit 1900, 1012, 19.1646, 0
PixelHit 1900, 1013, 54.895, 0
PixelHit 1900, 1014, 58.2242, 0
PixelHit 1900, 1015, 62.5678, 0
PixelHit 1900, 1016, 48.4433, 0
PixelHit 1900, 1017, 27.3879, 0
PixelHit 1900, 1018, 40.3025, 0
PixelHit 1900, 1019, 51.8908, 0
PixelHit 1900, 1020, 44.6932, 0
PixelHit 1900, 1021, 32.6834, 0
PixelHit 1900, 1022, 15.4303, 0
PixelHit 1900, 1023, 14.8813, 0
PixelHit 1900, 1024, 37.9646, 0
PixelHit 1900, 1025, 86.9192, 0
PixelHit 1900, 1026, 113.485, 0
PixelHit 1900, 1027, 93.3449, 0
PixelHit 1900, 1028, 31.0663, 0
PixelHit 1900, 1029, 1.49598, 0
PixelHit 1901, 995, 3.11222, 0
PixelHit 1901, 996, 5.50838, 0
PixelHit 1901, 997, 17.7147, 0
PixelHit 1901, 998, 25.7868, 0
PixelHit 1901, 999, 8.38732, 0
PixelHit 1901, 1000, 4.08837, 0
PixelHit 1901, 1002, 1.86977, 0
PixelHit 1901, 1003, 3.63188, 0
PixelHit 1901, 1006, 3.88107, 0
PixelHit 1901, 1008, 1.60015, 0
PixelHit 1901, 1009, 5.89367, 0
PixelHit 1901, 1010, 21.2845, 0
PixelHit 1901, 1011, 37.563, 0
PixelHit 1901, 1012, 79.4809, 0
PixelHit 1901, 1013, 177.871, 0
PixelHit 1901, 1014, 225.048, 0
PixelHit 1901, 1015, 184.396, 0
PixelHit 1901, 1016, 123.116, 0
PixelHit 1901, 1017, 81.5154, 0
PixelHit 1901, 1018, 92.8522, 0
PixelHit 1901, 1019, 103.571, 0
PixelHit 1901, 1020, 92.8445, 0
PixelHit 1901, 1021, 48.9549, 0
PixelHit 1901, 1022, 43.2702, 0
PixelHit 1901, 1023, 39.8493, 0
PixelHit 1901, 1024, 43.9032, 0
PixelHit 1901, 1025, 64.5652, 0
PixelHit 1901, 1026, 88.7198, 0
PixelHit 1901, 1027, 63.5359, 0
PixelHit 1901, 1028, 19.8176, 0
PixelHit 1901, 1029, 4.65185, 0
PixelHit 1902, 995, 9.99702, 0
PixelHit 1902, 996, 56.6407, 0
PixelHit 1902, 997, 125.258, 0
PixelHit 1902, 998, 126.258, 0
PixelHit 1902, 999, 86.7041, 0
PixelHit 1902, 1000, 10.2823, 0
PixelHit 1902, 1001, 6.16294, 0
PixelHit 1902, 1002, 4.99831, 0
PixelHit 1902, 1003, 10.077, 0
PixelHit 1902, 1004, 2.63449, 0
PixelHit 1902, 1005, 10.2714, 0
PixelHit 1902, 1006, 17.7509, 0
PixelHit 1902, 1007, 11.1722, 0
PixelHit 1902, 1008, 23.3377, 0
PixelHit 1902, 1009, 39.8319, 0
PixelHit 1902, 1010, 55.2427, 0
PixelHit 1902, 1011, 105.434, 0
PixelHit 1902, 1012, 208.116, 0
PixelHit 1902, 1013, 324.066, 0
PixelHit 1902, 1014, 387.976, 0
PixelHit 1902, 1015, 281.884, 0
PixelHit 1902, 1016, 171.008, 0
PixelHit 1902, 1017, 98.8047, 0
PixelHit 1902, 1018, 72.7193, 0
PixelHit 1902, 1019, 87.0354, 0
PixelHit 1902, 1020, 62.0401, 0
PixelHit 1902, 1021, 64.1225, 0
PixelHit 1902, 1022, 58.8506, 0
PixelHit 1902, 1023, 45.6886, 0
PixelHit 1902, 1024, 52.1314, 0
PixelHit 1902, 1025, 66.9337, 0
PixelHit 1902, 1026, 73.0849, 0
PixelHit 1902, 1027, 48.0506, 0
PixelHit 1902, 1028, 14.1715, 0
PixelHit 1902, 1029, 2.16134, 0
PixelHit 1903, 994, 4.44042, 0
PixelHit 1903, 995, 47.2934, 0
PixelHit 1903, 996, 151.097, 0
PixelHit 1903, 997, 277.282, 0
PixelHit 1903, 998, 259.811, 0
PixelHit 1903, 999, 136.195, 0
PixelHit 1903, 1000, 52.3306, 0
PixelHit 1903, 1001, 52.7558, 0
PixelHit 1903, 1002, 54.5031, 0
PixelHit 1903, 1003, 58.0118, 0
PixelHit 1903, 1004, 36.4322, 0
PixelHit 1903, 1005, 40.3668, 0
PixelHit 1903, 1006, 70.3362, 0
PixelHit 1903, 1007, 63.5941, 0
PixelHit 1903, 1008, 54.3955, 0
PixelHit 1903, 1009, 81.5718, 0
PixelHit 1903, 1010, 107.968, 0
PixelHit 1903, 1011, 145.733, 0
PixelHit 1903, 1012, 197.343, 0
PixelHit 1903, 1013, 284.61, 0
PixelHit 1903, 1014, 275.921, 0
PixelHit 1903, 1015, 194.29, 0
PixelHit 1903, 1016, 117.668, 0
PixelHit 1903, 1017, 52.9163, 0
PixelHit 1903, 1018, 41.8728, 0
PixelHit 1903, 1019, 34.1153, 0
PixelHit 1903, 1020, 30.0583, 0
PixelHit 1903, 1021, 29.9985, 0
PixelHit 1903, 1022, 28.4899, 0
PixelHit 1903, 1023, 47.2731, 0
PixelHit 1903, 1024, 49.7174, 0
PixelHit 1903, 1025, 42.6559, 0
PixelHit 1903, 1026, 33.0178, 0
PixelHit 1903, 1027, 28.9721, 0
PixelHit 1903, 1028, 5.09995, 0
PixelHit 1903, 1029, 3.95487, 0
PixelHit 1904, 994, 10.6576, 0
PixelHit 1904, 995, 85.0736, 0
PixelHit 1904, 996, 217.939, 0
PixelHit 1904, 997, 227.759, 0
PixelHit 1904, 998, 153.64, 0
PixelHit 1904, 999, 78.805, 0
PixelHit 1904, 1000, 62.9591, 0
PixelHit 1904, 1001, 113.68, 0
PixelHit 1904, 1002, 181.751, 0
PixelHit 1904, 1003, 209.953, 0
PixelHit 1904, 1004, 106.892, 0
PixelHit 1904, 1005, 95.8345, 0
PixelHit 1904, 1006, 129.623, 0
PixelHit 1904, 1007, 94.1291, 0
PixelHit 1904, 1008, 71.3945, 0
PixelHit 1904, 1009, 55.8385, 0
PixelHit 1904, 1010, 63.6599, 0
PixelHit 1904, 1011, 56.1642, 0
PixelHit 1904, 1012, 70.5276, 0
PixelHit 1904, 1013, 106.231, 0
PixelHit 1904, 1014, 103.614, 0
PixelHit 1904, 1015, 65.3889, 0
PixelHit 1904, 1016, 40.9891, 0
PixelHit 1904, 1017, 10.5853, 0
PixelHit 1904, 1018, 10.7096, 0
PixelHit 1904, 1019, 4.72866, 0
PixelHit 1904, 1020, 7.69531, 0
PixelHit 1904, 1021, 16.0441, 0
PixelHit 1904, 1022, 14.5314, 0
PixelHit 1904, 1023, 22.595, 0
PixelHit 1904, 1024, 23.5575, 0
PixelHit 1904, 1025, 29.8487, 0
PixelHit 1904, 1026, 35.1073, 0
PixelHit 1904, 1027, 20.6826, 0
PixelHit 1904, 1028, 2.98582, 0
PixelHit 1904, 1029, 2.13191, 0
PixelHit 1905, 993, 6.32794, 0
PixelHit 1905, 994, 41.2065, 0
PixelHit 1905, 995, 132.245, 0
PixelHit 1905, 996, 179.651, 0
PixelHit 1905, 997, 107.171, 0
PixelHit 1905, 998, 35.3574, 0
PixelHit 1905, 999, 22.2974, 0
PixelHit 1905, 1000, 44.2461, 0
PixelHit 1905, 1001, 87.2072, 0
PixelHit 1905, 1002, 149.284, 0
PixelHit 1905, 1003, 197.382, 0
PixelHit 1905, 1004, 105.725, 0
PixelHit 1905, 1005, 54.6432, 0
PixelHit 1905, 1006, 83.9099, 0
PixelHit 1905, 1007, 68.7023, 0
PixelHit 1905, 1008, 26.3771, 0
PixelHit 1905, 1009, 15.7187, 0
PixelHit 1905, 1010, 6.33988, 0
PixelHit 1905, 1011, 12.4419, 0
PixelHit 1905, 1012, 19.0666, 0
PixelHit 1905, 1013, 11.6484, 0
PixelHit 1905, 1014, 13.9288, 0
PixelHit 1905, 1015, 9.14886, 0
PixelHit 1905, 1016, 4.80227, 0
PixelHit 1905, 1017, 5.0534, 0
PixelHit 1905, 1020, 1.98749, 0
PixelHit 1905, 1022, 1.81869, 0
PixelHit 1905, 1023, 7.14573, 0
PixelHit 1905, 1024, 9.30646, 0
PixelHit 1905, 1025, 22.3008, 0
PixelHit 1905, 1026, 17.9172, 0
PixelHit 1905, 1027, 12.2965, 0
PixelHit 1905, 1028, 4.58083, 0
PixelHit 1906, 993, 4.16442, 0
PixelHit 1906, 994, 71.5396, 0
PixelHit 1906, 995, 179.541, 0
PixelHit 1906, 996, 161.311, 0
PixelHit 1906, 997, 52.2065, 0
PixelHit 1906, 998, 7.03474, 0
PixelHit 1906, 999, 3.40327, 0
PixelHit 1906, 1000, 3.23427, 0
PixelHit 1906, 1001, 20.3361, 0
PixelHit 1906, 1002, 57.551, 0
PixelHit 1906, 1003, 46.0883, 0
PixelHit 1906, 1004, 21.3263, 0
PixelHit 1906, 1005, 14.8616, 0
PixelHit 1906, 1006, 25.5608, 0
PixelHit 1906, 1007, 11.9317, 0
PixelHit 1906, 1008, 7.31702, 0
PixelHit 1906, 1009, 3.6178, 0
PixelHit 1906, 1012, 2.56963, 0
PixelHit 1906, 1018, 2.69688, 0
PixelHit 1906, 1024, 5.62907, 0
PixelHit 1906, 1025, 11.7612, 0
PixelHit 1906, 1026, 20.5182, 0
PixelHit 1906, 1027, 7.64541, 0
PixelHit 1906, 1028, 6.47491, 0
PixelHit 1907, 993, 10.9872, 0
PixelHit 1907, 994, 119.291, 0
PixelHit 1907, 995, 220.148, 0
PixelHit 1907, 996, 133.274, 0
PixelHit 1907, 997, 20.5939, 0
PixelHit 1907, 1002, 2.56108, 0
PixelHit 1907, 1003, 3.6975, 0
PixelHit 1907, 1004, 2.18544, 0
PixelHit 1907, 1006, 2.46802, 0
PixelHit 1907, 1024, 0.754361, 0
PixelHit 1907, 1025, 4.3463, 0
PixelHit 1907, 1026, 4.57323, 0
PixelHit 1907, 1027, 7.41169, 0
PixelHit 1908, 993, 31.6466, 0
PixelHit 1908, 994, 180.798, 0
PixelHit 1908, 995, 335.482, 0
PixelHit 1908, 996, 202.26, 0
PixelHit 1908, 997, 37.9313, 0
PixelHit 1908, 998, 1.34666, 0
PixelHit 1908, 1002, 0.478163, 0
PixelHit 1908, 1026, 3.9012, 0
PixelHit 1908, 1027, 0.5574, 0
PixelHit 1908, 1028, 0.831358, 0
PixelHit 1909, 993, 27.8611, 0
PixelHit 1909, 994, 177.87, 0
PixelHit 1909, 995, 320.715, 0
PixelHit 1909, 996, 239.862, 0
PixelHit 1909, 997, 65.1198, 0
PixelHit 1909, 998, 13.599, 0
PixelHit 1909, 1025, 1.36609, 0
PixelHit 1910, 993, 6.63154, 0
PixelHit 1910, 994, 60.5117, 0
PixelHit 1910, 995, 151.917, 0
PixelHit 1910, 996, 284.916, 0
PixelHit 1910, 997, 226.231, 0
PixelHit 1910, 998, 60.9029, 0
PixelHit 1910, 999, 12.7749, 0
PixelHit 1910, 1000, 2.439, 0
PixelHit 1911, 994, 23.6986, 0
PixelHit 1911, 995, 176.82, 0
PixelHit 1911, 996, 640.378, 0
PixelHit 1911, 997, 738.371, 0
PixelHit 1911, 998, 399.994, 0
PixelHit 1911, 999, 63.0522, 0
PixelHit 1912, 993, 1.058, 0
PixelHit 1912, 994, 12.3746, 0
PixelHit 1912, 995, 182.372, 0
PixelHit 1912, 996, 762.051, 0
PixelHit 1912, 997, 1142.83, 0
PixelHit 1912, 998, 522.184, 0
PixelHit 1912, 999, 68.3875, 0
PixelHit 1912, 1000, 4.94198, 0
PixelHit 1913, 994, 10.3029, 0
PixelHit 1913, 995, 94.5192, 0
PixelHit 1913, 996, 389.961, 0
PixelHit 1913, 997, 529.79, 0
PixelHit 1913, 998, 284.777, 0
PixelHit 1913, 999, 55.4346, 0
PixelHit 1913, 1000, 3.94351, 0
PixelHit 1914, 995, 13.3078, 0
PixelHit 1914, 996, 54.5088, 0
PixelHit 1914, 997, 89.8256, 0
PixelHit 1914, 998, 49.9931, 0
PixelHit 1914, 999, 12.3021, 0
PixelHit 1915, 996, 4.4691, 0
PixelHit 1915, 997, 6.49445, 0
PixelHit 1915, 998, 4.74646, 0
=== 46 ===
=== 47 ===
=== 48 ===
=== 49 ===
=== 50 ===
=== 51 ===
--- mydetector ---
PixelHit 1954, 798, 6.84925, 0
PixelHit 1954, 799, 20.0037, 0
PixelHit 1955, 798, 115.071, 0
PixelHit 1955, 799, 377.371, 0
PixelHit 1955, 800, 2.05648, 0
PixelHit 1956, 798, 97.7187, 0
PixelHit 1956, 799, 328.386, 0
PixelHit 1956, 800, 3.12158, 0
PixelHit 1957, 798, 13.5219, 0
PixelHit 1957, 799, 29.0948, 0
PixelHit 1958, 798, 13.748, 0
PixelHit 1958, 799, 42.2466, 0
PixelHit 1959, 798, 2.4903, 0
PixelHit 1959, 799, 11.4611, 0
PixelHit 1960, 798, 16.2908, 0
PixelHit 1960, 799, 26.8344, 0
PixelHit 1960, 800, 3.64313, 0
PixelHit 1961, 798, 9.0019, 0
PixelHit 1961, 799, 23.0143, 0
PixelHit 1962, 798, 12.8738, 0
PixelHit 1962, 799, 36.8336, 0
PixelHit 1962, 800, 1.50525, 0
PixelHit 1963, 798, 8.16831, 0
PixelHit 1963, 799, 12.6919, 0
PixelHit 1964, 797, 1.60828, 0
PixelHit 1964, 798, 2.28991, 0
PixelHit 1964, 799, 13.6016, 0
PixelHit 1965, 798, 12.7816, 0
PixelHit 1965, 799, 21.5071, 0
PixelHit 1965, 800, 1.24181, 0
PixelHit 1966, 798, 2.55571, 0
PixelHit 1966, 799, 11.1133, 0
PixelHit 1966, 800, 3.67324, 0
PixelHit 1967, 798, 14.7483, 0
PixelHit 1967, 799, 36.9394, 0
PixelHit 1967, 800, 17.0242, 0
PixelHit 1968, 797, 2.68668, 0
PixelHit 1968, 798, 28.018, 0
PixelHit 1968, 799, 56.8103, 0
PixelHit 1968, 800, 15.7244, 0
PixelHit 1968, 801, 4.08513, 0
PixelHit 1969, 797, 7.2645, 0
PixelHit 1969, 798, 62.1568, 0
PixelHit 1969, 799, 136.109, 0
PixelHit 1969, 800, 54.6975, 0
PixelHit 1970, 797, 5.432, 0
PixelHit 1970, 798, 52.1151, 0
PixelHit 1970, 799, 100.609, 0
PixelHit 1970, 800, 35.9739, 0
PixelHit 1970, 801, 7.17885, 0
PixelHit 1971, 797, 5.69031, 0
PixelHit 1971, 798, 54.8072, 0
PixelHit 1971, 799, 111.085, 0
PixelHit 1971, 800, 59.9004, 0
PixelHit 1971, 801, 7.17396, 0
PixelHit 1972, 797, 4.54613, 0
PixelHit 1972, 798, 25.4112, 0
PixelHit 1972, 799, 85.2216, 0
PixelHit 1972, 800, 22.9586, 0
PixelHit 1972, 801, 1.97195, 0
PixelHit 1973, 797, 3.41761, 0
PixelHit 1973, 798, 8.53626, 0
PixelHit 1973, 799, 19.7205, 0
PixelHit 1973, 800, 8.48822, 0
PixelHit 1974, 798, 12.5828, 0
PixelHit 1974, 799, 24.2103, 0
PixelHit 1974, 800, 12.901, 0
PixelHit 1974, 801, 0.940458, 0
PixelHit 1975, 797, 4.29138, 0
PixelHit 1975, 798, 4.98323, 0
PixelHit 1975, 799, 20.7929, 0
PixelHit 1975, 800, 15.7491, 0
PixelHit 1976, 798, 9.24417, 0
PixelHit 1976, 799, 16.5252, 0
PixelHit 1976, 800, 4.18848, 0
PixelHit 1976, 801, 1.70473, 0
PixelHit 1977, 797, 1.352, 0
PixelHit 1977, 798, 5.87869, 0
PixelHit 1977, 799, 22.8, 0
PixelHit 1977, 800, 13.3757, 0
PixelHit 1977, 801, 1.24562, 0
PixelHit 1978, 797, 3.35075, 0
PixelHit 1978, 798, 14.9195, 0
PixelHit 1978, 799, 31.6819, 0
PixelHit 1978, 800, 21.5345, 0
PixelHit 1978, 801, 1.15059, 0
PixelHit 1979, 797, 2.99819, 0
PixelHit 1979, 798, 18.8488, 0
PixelHit 1979, 799, 34.0503, 0
PixelHit 1979, 800, 31.9283, 0
PixelHit 1979, 801, 3.89525, 0
PixelHit 1980, 798, 11.5284, 0
PixelHit 1980, 799, 19.1685, 0
PixelHit 1980, 800, 20.8033, 0
PixelHit 1980, 801, 5.32211, 0
PixelHit 1981, 798, 15.217, 0
PixelHit 1981, 799, 23.7319, 0
PixelHit 1981, 800, 19.6037, 0
PixelHit 1981, 801, 6.29844, 0
PixelHit 1982, 797, 3.65779, 0
PixelHit 1982, 798, 20.3723, 0
PixelHit 1982, 799, 36.7801, 0
PixelHit 1982, 800, 32.0471, 0
PixelHit 1982, 801, 12.6114, 0
PixelHit 1983, 797, 6.47773, 0
PixelHit 1983, 798, 41.9468, 0
PixelHit 1983, 799, 87.3748, 0
PixelHit 1983, 800, 68.9039, 0
PixelHit 1983, 801, 11.5376, 0
PixelHit 1983, 802, 2.42158, 0
PixelHit 1984, 797, 3.73342, 0
PixelHit 1984, 798, 51.2371, 0
PixelHit 1984, 799, 116.908, 0
PixelHit 1984, 800, 94.1519, 0
PixelHit 1984, 801, 25.3531, 0
PixelHit 1985, 797, 9.91451, 0
PixelHit 1985, 798, 32.7122, 0
PixelHit 1985, 799, 84.7017, 0
PixelHit 1985, 800, 74.1409, 0
PixelHit 1985, 801, 22.2725, 0
PixelHit 1985, 802, 1.92058, 0
PixelHit 1986, 797, 1.96416, 0
PixelHit 1986, 798, 18.809, 0
PixelHit 1986, 799, 35.7532, 0
PixelHit 1986, 800, 30.6105, 0
PixelHit 1986, 801, 15.4359, 0
PixelHit 1987, 798, 12.1634, 0
PixelHit 1987, 799, 32.8965, 0
PixelHit 1987, 800, 21.4309, 0
PixelHit 1987, 801, 9.01242, 0
PixelHit 1988, 797, 2.86111, 0
PixelHit 1988, 798, 13.6065, 0
PixelHit 1988, 799, 31.7149, 0
PixelHit 1988, 800, 29.8332, 0
PixelHit 1988, 801, 6.17742, 0
PixelHit 1988, 802, 2.87422, 0
PixelHit 1989, 798, 1.54762, 0
PixelHit 1989, 799, 17.1517, 0
PixelHit 1989, 800, 11.8083, 0
PixelHit 1989, 801, 1.70693, 0
PixelHit 1990, 798, 6.973, 0
PixelHit 1990, 799, 15.6029, 0
PixelHit 1990, 800, 18.8718, 0
PixelHit 1990, 801, 10.6448, 0
PixelHit 1990, 802, 1.3782, 0
PixelHit 1991, 797, 1.2006, 0
PixelHit 1991, 798, 7.05906, 0
PixelHit 1991, 799, 20.6346, 0
PixelHit 1991, 800, 21.0239, 0
PixelHit 1991, 801, 17.0869, 0
PixelHit 1991, 803, 2.67053, 0
PixelHit 1992, 797, 2.14279, 0
PixelHit 1992, 798, 27.4998, 0
PixelHit 1992, 799, 51.0833, 0
PixelHit 1992, 800, 50.3559, 0
PixelHit 1992, 801, 16.8231, 0
PixelHit 1992, 802, 5.93631, 0
PixelHit 1993, 797, 13.2892, 0
PixelHit 1993, 798, 33.2967, 0
PixelHit 1993, 799, 82.0263, 0
PixelHit 1993, 800, 74.7753, 0
PixelHit 1993, 801, 32.795, 0
PixelHit 1993, 802, 11.6811, 0
PixelHit 1994, 797, 3.59919, 0
PixelHit 1994, 798, 21.1544, 0
PixelHit 1994, 799, 69.99, 0
PixelHit 1994, 800, 75.6461, 0
PixelHit 1994, 801, 24.5273, 0
PixelHit 1994, 803, 1.60851, 0
PixelHit 1995, 798, 8.7662, 0
PixelHit 1995, 799, 37.5286, 0
PixelHit 1995, 800, 31.8839, 0
PixelHit 1995, 801, 22.1912, 0
PixelHit 1995, 802, 2.97993, 0
PixelHit 1996, 797, 1.19293, 0
PixelHit 1996, 798, 4.20479, 0
PixelHit 1996, 799, 12.0591, 0
PixelHit 1996, 800, 7.24823, 0
PixelHit 1996, 801, 8.08664, 0
PixelHit 1996, 802, 1.65242, 0
PixelHit 1997, 798, 3.76449, 0
PixelHit 1997, 799, 3.97209, 0
PixelHit 1997, 800, 9.54918, 0
PixelHit 1998, 798, 2.87944, 0
PixelHit 1998, 799, 9.28508, 0
PixelHit 1998, 800, 10.2185, 0
PixelHit 1998, 801, 2.66653, 0
PixelHit 1998, 802, 1.68949, 0
PixelHit 1999, 797, 1.90326, 0
PixelHit 1999, 798, 5.33205, 0
PixelHit 1999, 799, 9.80752, 0
PixelHit 1999, 800, 7.01651, 0
PixelHit 1999, 802, 2.89388, 0
PixelHit 2000, 798, 5.60549, 0
PixelHit 2000, 799, 7.15762, 0
PixelHit 2000, 800, 8.84743, 0
PixelHit 2000, 801, 7.34464, 0
PixelHit 2001, 797, 2.17645, 0
PixelHit 2001, 798, 5.2001, 0
PixelHit 2001, 799, 10.3927, 0
PixelHit 2001, 800, 6.99095, 0
PixelHit 2001, 801, 5.55823, 0
PixelHit 2002, 796, 1.26271, 0
PixelHit 2002, 797, 2.2163, 0
PixelHit 2002, 798, 5.79675, 0
PixelHit 2002, 799, 16.2154, 0
PixelHit 2002, 800, 14.2142, 0
PixelHit 2002, 801, 5.06559, 0
PixelHit 2002, 802, 3.93501, 0
PixelHit 2003, 798, 9.24691, 0
PixelHit 2003, 799, 22.1158, 0
PixelHit 2003, 800, 25.5238, 0
PixelHit 2003, 801, 16.8323, 0
PixelHit 2003, 802, 5.8646, 0
PixelHit 2004, 798, 6.26161, 0
PixelHit 2004, 799, 18.5861, 0
PixelHit 2004, 800, 22.8117, 0
PixelHit 2004, 801, 12.9926, 0
PixelHit 2004, 802, 5.92482, 0
PixelHit 2004, 803, 3.46463, 0
PixelHit 2005, 798, 5.29293, 0
PixelHit 2005, 799, 12.0291, 0
PixelHit 2005, 800, 18.0098, 0
PixelHit 2005, 801, 7.99337, 0
PixelHit 2005, 802, 2.91497, 0
PixelHit 2006, 798, 5.10162, 0
PixelHit 2006, 799, 10.9977, 0
PixelHit 2006, 800, 16.1645, 0
PixelHit 2006, 801, 9.68353, 0
PixelHit 2007, 796, 2.62023, 0
PixelHit 2007, 798, 6.77717, 0
PixelHit 2007, 799, 9.92618, 0
PixelHit 2007, 800, 2.36605, 0
PixelHit 2007, 801, 5.31978, 0
PixelHit 2007, 802, 2.90315, 0
PixelHit 2007, 803, 2.14675, 0
PixelHit 2008, 798, 1.62843, 0
PixelHit 2008, 799, 4.03812, 0
PixelHit 2008, 800, 7.7861, 0
PixelHit 2008, 801, 5.3683, 0
PixelHit 2008, 802, 2.60884, 0
PixelHit 2009, 799, 3.26623, 0
PixelHit 2009, 800, 3.64365, 0
PixelHit 2009, 801, 2.81416, 0
PixelHit 2010, 800, 1.0539, 0
=== 52 ===
=== 53 ===
=== 54 ===
=== 55 ===
=== 56 ===
=== 57 ===
=== 58 ===
=== 59 ===
=== 60 ===
=== 61 ===
=== 62 ===
=== 63 ===
=== 64 ===
=== 65 ===
=== 66 ===
=== 67 ===
=== 68 ===
=== 69 ===
=== 70 ===
=== 71 ===
=== 72 ===
=== 73 ===
=== 74 ===
=== 75 ===
=== 76 ===
=== 77 ===
=== 78 ===
=== 79 ===
=== 80 ===
=== 81 ===
=== 82 ===
=== 83 ===
=== 84 ===
=== 85 ===
=== 86 ===
=== 87 ===
=== 88 ===
=== 89 ===
=== 90 ===
=== 91 ===
=== 92 ===
=== 93 ===
=== 94 ===
=== 95 ===
=== 96 ===
=== 97 ===
=== 98 ===
=== 99 ===
=== 100 ===
# 2579 objects from 7 messages
