# Allpix Squared ASCII data - https://cern.ch/allpix-squared

=== 1 ===
=== 2 ===
=== 3 ===
=== 4 ===
=== 5 ===
=== 6 ===
=== 7 ===
=== 8 ===
=== 9 ===
=== 10 ===
=== 11 ===
=== 12 ===
=== 13 ===
--- mydetector ---
PixelHit 962, 571, 1.34543, 0
PixelHit 962, 582, 2.64716, 0
PixelHit 963, 558, 2.11908, 0
PixelHit 963, 564, 0.900251, 0
PixelHit 963, 565, 0.372257, 0
PixelHit 963, 566, 2.14082, 0
PixelHit 963, 568, 3.56528, 0
PixelHit 963, 569, 3.0759, 0
PixelHit 963, 574, 4.89863, 0
PixelHit 963, 575, 5.56946, 0
PixelHit 963, 576, 2.6532, 0
PixelHit 963, 577, 2.31914, 0
PixelHit 963, 578, 3.68179, 0
PixelHit 963, 580, 1.84853, 0
PixelHit 963, 581, 6.79233, 0
PixelHit 963, 582, 8.62162, 0
PixelHit 963, 583, 3.78148, 0
PixelHit 963, 584, 5.35634, 0
PixelHit 963, 585, 5.37666, 0
PixelHit 963, 589, 5.72342, 0
PixelHit 963, 590, 9.3534, 0
PixelHit 963, 591, 5.6231, 0
PixelHit 963, 592, 3.29316, 0
PixelHit 963, 593, 3.83537, 0
PixelHit 963, 594, 2.1738, 0
PixelHit 963, 595, 0.654374, 0
PixelHit 963, 600, 0.360051, 0
PixelHit 963, 601, 9.52864, 0
PixelHit 963, 602, 7.79005, 0
PixelHit 963, 603, 9.57785, 0
PixelHit 963, 604, 4.89799, 0
PixelHit 963, 606, 10.5542, 0
PixelHit 963, 607, 5.54945, 0
PixelHit 963, 608, 6.42631, 0
PixelHit 963, 611, 12.217, 0
PixelHit 963, 612, 1.93428, 0
PixelHit 963, 613, 15.3325, 0
PixelHit 963, 614, 8.5179, 0
PixelHit 964, 554, 0.497981, 0
PixelHit 964, 557, 7.24247, 0
PixelHit 964, 558, 4.71403, 0
PixelHit 964, 559, 4.60104, 0
PixelHit 964, 560, 3.26047, 0
PixelHit 964, 561, 3.78586, 0
PixelHit 964, 562, 2.15987, 0
PixelHit 964, 563, 3.78186, 0
PixelHit 964, 564, 7.30045, 0
PixelHit 964, 565, 6.64442, 0
PixelHit 964, 566, 2.40742, 0
PixelHit 964, 567, 5.30026, 0
PixelHit 964, 568, 6.28433, 0
PixelHit 964, 569, 6.37075, 0
PixelHit 964, 570, 4.6485, 0
PixelHit 964, 571, 9.38569, 0
PixelHit 964, 572, 4.98347, 0
PixelHit 964, 573, 7.65042, 0
PixelHit 964, 574, 7.31037, 0
PixelHit 964, 575, 13.0181, 0
PixelHit 964, 576, 14.6141, 0
PixelHit 964, 577, 8.35488, 0
PixelHit 964, 578, 10.9774, 0
PixelHit 964, 579, 7.15833, 0
PixelHit 964, 580, 8.43081, 0
PixelHit 964, 581, 17.3217, 0
PixelHit 964, 582, 30.8112, 0
PixelHit 964, 583, 23.9865, 0
PixelHit 964, 584, 29.5569, 0
PixelHit 964, 585, 17.5494, 0
PixelHit 964, 586, 14.9368, 0
PixelHit 964, 587, 2.12485, 0
PixelHit 964, 588, 8.6471, 0
PixelHit 964, 589, 23.2899, 0
PixelHit 964, 590, 51.1158, 0
PixelHit 964, 591, 49.1592, 0
PixelHit 964, 592, 23.5293, 0
PixelHit 964, 593, 12.1993, 0
PixelHit 964, 594, 7.70305, 0
PixelHit 964, 595, 9.03587, 0
PixelHit 964, 596, 6.13253, 0
PixelHit 964, 600, 6.8311, 0
PixelHit 964, 601, 27.507, 0
PixelHit 964, 602, 42.199, 0
PixelHit 964, 603, 36.4255, 0
PixelHit 964, 604, 36.5036, 0
PixelHit 964, 605, 1.77198, 0
PixelHit 964, 606, 54.0989, 0
PixelHit 964, 607, 56.4127, 0
PixelHit 964, 608, 18.5979, 0
PixelHit 964, 609, 4.4428, 0
PixelHit 964, 610, 16.7623, 0
PixelHit 964, 611, 46.0609, 0
PixelHit 964, 613, 38.2724, 0
PixelHit 964, 614, 41.8978, 0
PixelHit 965, 553, 1.79274, 0
PixelHit 965, 554, 3.83165, 0
PixelHit 965, 555, 3.96053, 0
PixelHit 965, 556, 8.11065, 0
PixelHit 965, 557, 15.1726, 0
PixelHit 965, 558, 23.5862, 0
PixelHit 965, 559, 17.5439, 0
PixelHit 965, 560, 9.19023, 0
PixelHit 965, 561, 11.7146, 0
PixelHit 965, 562, 13.2045, 0
PixelHit 965, 563, 9.46234, 0
PixelHit 965, 564, 11.8918, 0
PixelHit 965, 565, 14.7057, 0
PixelHit 965, 566, 10.0008, 0
PixelHit 965, 567, 12.8512, 0
PixelHit 965, 568, 10.1412, 0
PixelHit 965, 569, 19.8478, 0
PixelHit 965, 570, 17.009, 0
PixelHit 965, 571, 20.333, 0
PixelHit 965, 572, 12.5336, 0
PixelHit 965, 573, 12.2032, 0
PixelHit 965, 574, 15.9221, 0
PixelHit 965, 575, 44.3392, 0
PixelHit 965, 576, 43.8887, 0
PixelHit 965, 577, 37.3388, 0
PixelHit 965, 578, 21.8412, 0
PixelHit 965, 579, 24.0332, 0
PixelHit 965, 580, 33.7787, 0
PixelHit 965, 581, 47.9663, 0
PixelHit 965, 582, 58.1577, 0
PixelHit 965, 583, 53.0117, 0
PixelHit 965, 584, 60.2373, 0
PixelHit 965, 585, 27.7915, 0
PixelHit 965, 586, 4.7522, 0
PixelHit 965, 587, 8.6968, 0
PixelHit 965, 588, 7.1535, 0
PixelHit 965, 589, 31.6297, 0
PixelHit 965, 590, 75.3251, 0
PixelHit 965, 591, 70.064, 0
PixelHit 965, 592, 41.2224, 0
PixelHit 965, 593, 18.0021, 0
PixelHit 965, 594, 6.32279, 0
PixelHit 965, 595, 3.97034, 0
PixelHit 965, 596, 0.723329, 0
PixelHit 965, 600, 6.0792, 0
PixelHit 965, 601, 13.765, 0
PixelHit 965, 602, 15.509, 0
PixelHit 965, 603, 15.787, 0
PixelHit 965, 604, 10.5143, 0
PixelHit 965, 605, 2.51189, 0
PixelHit 965, 606, 6.06571, 0
PixelHit 965, 607, 11.2211, 0
PixelHit 966, 554, 5.79064, 0
PixelHit 966, 555, 6.44581, 0
PixelHit 966, 556, 24.3346, 0
PixelHit 966, 557, 24.2329, 0
PixelHit 966, 558, 34.0357, 0
PixelHit 966, 559, 36.7271, 0
PixelHit 966, 560, 19.2797, 0
PixelHit 966, 561, 12.9186, 0
PixelHit 966, 562, 12.8758, 0
PixelHit 966, 563, 18.4611, 0
PixelHit 966, 564, 11.2074, 0
PixelHit 966, 565, 10.6229, 0
PixelHit 966, 566, 12.5125, 0
PixelHit 966, 567, 12.7618, 0
PixelHit 966, 568, 14.7605, 0
PixelHit 966, 569, 15.0774, 0
PixelHit 966, 570, 20.3093, 0
PixelHit 966, 571, 17.8696, 0
PixelHit 966, 572, 18.2012, 0
PixelHit 966, 573, 15.4181, 0
PixelHit 966, 574, 16.3905, 0
PixelHit 966, 575, 31.567, 0
PixelHit 966, 576, 39.5927, 0
PixelHit 966, 577, 34.0915, 0
PixelHit 966, 578, 17.8916, 0
PixelHit 966, 579, 9.16884, 0
PixelHit 966, 580, 18.753, 0
PixelHit 966, 581, 19.8666, 0
PixelHit 966, 582, 39.2413, 0
PixelHit 966, 583, 23.6232, 0
PixelHit 966, 584, 30.312, 0
PixelHit 966, 585, 16.9533, 0
PixelHit 966, 586, 4.70399, 0
PixelHit 966, 589, 9.69643, 0
PixelHit 966, 590, 23.9866, 0
PixelHit 966, 591, 29.3656, 0
PixelHit 966, 592, 11.177, 0
PixelHit 966, 593, 2.20734, 0
PixelHit 966, 594, 1.90471, 0
PixelHit 966, 596, 3.46577, 0
PixelHit 967, 553, 4.45128, 0
PixelHit 967, 554, 4.1473, 0
PixelHit 967, 555, 10.8054, 0
PixelHit 967, 556, 14.1711, 0
PixelHit 967, 557, 28.6164, 0
PixelHit 967, 558, 33.414, 0
PixelHit 967, 559, 19.1255, 0
PixelHit 967, 560, 18.3607, 0
PixelHit 967, 561, 9.29247, 0
PixelHit 967, 562, 9.98018, 0
PixelHit 967, 563, 10.2637, 0
PixelHit 967, 564, 8.88882, 0
PixelHit 967, 565, 8.21517, 0
PixelHit 967, 566, 7.24005, 0
PixelHit 967, 567, 11.4928, 0
PixelHit 967, 568, 11.6976, 0
PixelHit 967, 569, 14.2036, 0
PixelHit 967, 570, 14.1673, 0
PixelHit 967, 571, 5.16881, 0
PixelHit 967, 572, 4.3833, 0
PixelHit 967, 573, 4.45298, 0
PixelHit 967, 574, 1.9754, 0
PixelHit 967, 575, 9.92642, 0
PixelHit 967, 576, 15.9518, 0
PixelHit 967, 577, 6.40282, 0
PixelHit 967, 578, 6.35838, 0
PixelHit 967, 579, 4.73982, 0
PixelHit 967, 580, 3.26894, 0
PixelHit 967, 581, 12.012, 0
PixelHit 967, 582, 8.18204, 0
PixelHit 967, 583, 5.87563, 0
PixelHit 967, 589, 1.24966, 0
PixelHit 967, 590, -0.439262, 0
PixelHit 967, 591, 3.53947, 0
PixelHit 968, 553, 2.68996, 0
PixelHit 968, 554, 0.903218, 0
PixelHit 968, 556, 6.15004, 0
PixelHit 968, 557, 7.28722, 0
PixelHit 968, 558, 9.51197, 0
PixelHit 968, 559, 5.72437, 0
PixelHit 968, 561, 3.9797, 0
PixelHit 968, 562, 3.40312, 0
PixelHit 968, 563, 3.7829, 0
PixelHit 968, 564, 6.19894, 0
PixelHit 968, 565, 2.58547, 0
PixelHit 968, 566, 1.73686, 0
PixelHit 968, 567, 3.14201, 0
PixelHit 968, 568, 6.5289, 0
PixelHit 968, 570, 1.47771, 0
PixelHit 968, 571, 2.32024, 0
PixelHit 968, 572, 3.54984, 0
PixelHit 968, 574, 3.46211, 0
PixelHit 968, 575, 3.09104, 0
PixelHit 968, 576, 1.35074, 0
PixelHit 968, 580, 1.0225, 0
PixelHit 968, 581, 1.3474, 0
PixelHit 969, 553, 0.632198, 0
PixelHit 969, 558, 1.65026, 0
=== 14 ===
=== 15 ===
=== 16 ===
=== 17 ===
=== 18 ===
=== 19 ===
=== 20 ===
=== 21 ===
=== 22 ===
=== 23 ===
=== 24 ===
=== 25 ===
=== 26 ===
=== 27 ===
=== 28 ===
=== 29 ===
=== 30 ===
=== 31 ===
=== 32 ===
=== 33 ===
=== 34 ===
=== 35 ===
=== 36 ===
=== 37 ===
=== 38 ===
=== 39 ===
=== 40 ===
=== 41 ===
=== 42 ===
=== 43 ===
=== 44 ===
=== 45 ===
=== 46 ===
=== 47 ===
=== 48 ===
=== 49 ===
=== 50 ===
=== 51 ===
=== 52 ===
=== 53 ===
=== 54 ===
=== 55 ===
=== 56 ===
=== 57 ===
=== 58 ===
=== 59 ===
=== 60 ===
=== 61 ===
=== 62 ===
=== 63 ===
=== 64 ===
=== 65 ===
=== 66 ===
=== 67 ===
=== 68 ===
=== 69 ===
=== 70 ===
=== 71 ===
=== 72 ===
=== 73 ===
=== 74 ===
=== 75 ===
=== 76 ===
=== 77 ===
=== 78 ===
=== 79 ===
=== 80 ===
=== 81 ===
=== 82 ===
=== 83 ===
=== 84 ===
=== 85 ===
=== 86 ===
=== 87 ===
--- mydetector ---
PixelHit 1241, 1870, 2.1212, 0
PixelHit 1242, 1874, 2.09795, 0
PixelHit 1242, 1878, 1.88998, 0
PixelHit 1242, 1889, 1.94235, 0
PixelHit 1242, 1909, 1.71183, 0
PixelHit 1243, 1869, 3.66324, 0
PixelHit 1243, 1870, 4.21127, 0
PixelHit 1243, 1871, 6.48539, 0
PixelHit 1243, 1872, 3.68928, 0
PixelHit 1243, 1873, 4.58838, 0
PixelHit 1243, 1874, 4.56787, 0
PixelHit 1243, 1875, 5.81237, 0
PixelHit 1243, 1876, 5.88213, 0
PixelHit 1243, 1877, 1.36499, 0
PixelHit 1243, 1879, 2.4699, 0
PixelHit 1243, 1880, 6.70696, 0
PixelHit 1243, 1881, 7.35012, 0
PixelHit 1243, 1882, 7.92603, 0
PixelHit 1243, 1883, 4.72478, 0
PixelHit 1243, 1884, 7.41012, 0
PixelHit 1243, 1885, 3.40722, 0
PixelHit 1243, 1886, 3.6935, 0
PixelHit 1243, 1887, 3.3741, 0
PixelHit 1243, 1888, 3.51534, 0
PixelHit 1243, 1889, 1.99989, 0
PixelHit 1243, 1890, 5.67091, 0
PixelHit 1243, 1892, 3.12832, 0
PixelHit 1243, 1893, 6.24304, 0
PixelHit 1243, 1894, 2.21087, 0
PixelHit 1243, 1895, 5.10893, 0
PixelHit 1243, 1896, 2.40386, 0
PixelHit 1243, 1897, 0.346481, 0
PixelHit 1243, 1898, 0.915092, 0
PixelHit 1243, 1902, 2.08623, 0
PixelHit 1243, 1903, 3.05135, 0
PixelHit 1243, 1904, 8.80707, 0
PixelHit 1243, 1905, 8.28056, 0
PixelHit 1243, 1906, 3.55448, 0
PixelHit 1243, 1907, 2.41932, 0
PixelHit 1243, 1910, 3.25386, 0
PixelHit 1243, 1918, 1.28514, 0
PixelHit 1243, 1921, 1.35155, 0
PixelHit 1244, 1869, 5.90384, 0
PixelHit 1244, 1870, 9.73634, 0
PixelHit 1244, 1871, 14.7948, 0
PixelHit 1244, 1872, 14.1013, 0
PixelHit 1244, 1873, 12.4207, 0
PixelHit 1244, 1874, 10.4237, 0
PixelHit 1244, 1875, 6.29695, 0
PixelHit 1244, 1876, 11.5201, 0
PixelHit 1244, 1877, 11.6238, 0
PixelHit 1244, 1878, 6.75765, 0
PixelHit 1244, 1879, 11.9063, 0
PixelHit 1244, 1880, 14.8635, 0
PixelHit 1244, 1881, 23.142, 0
PixelHit 1244, 1882, 23.3978, 0
PixelHit 1244, 1883, 15.1556, 0
PixelHit 1244, 1884, 11.7459, 0
PixelHit 1244, 1885, 18.756, 0
PixelHit 1244, 1886, 14.3975, 0
PixelHit 1244, 1887, 12.6362, 0
PixelHit 1244, 1888, 10.7112, 0
PixelHit 1244, 1889, 5.1343, 0
PixelHit 1244, 1890, 7.98088, 0
PixelHit 1244, 1891, 6.72626, 0
PixelHit 1244, 1892, 9.43894, 0
PixelHit 1244, 1893, 18.8167, 0
PixelHit 1244, 1894, 21.9437, 0
PixelHit 1244, 1895, 14.3099, 0
PixelHit 1244, 1896, 9.4413, 0
PixelHit 1244, 1897, 4.16625, 0
PixelHit 1244, 1898, 3.59639, 0
PixelHit 1244, 1899, 7.25323, 0
PixelHit 1244, 1900, 2.20783, 0
PixelHit 1244, 1901, 2.26657, 0
PixelHit 1244, 1902, 10.0016, 0
PixelHit 1244, 1903, 12.413, 0
PixelHit 1244, 1904, 15.9523, 0
PixelHit 1244, 1905, 33.0291, 0
PixelHit 1244, 1906, 34.8388, 0
PixelHit 1244, 1907, 23.2184, 0
PixelHit 1244, 1908, 14.7232, 0
PixelHit 1244, 1909, 5.70877, 0
PixelHit 1244, 1910, 12.6057, 0
PixelHit 1244, 1911, 5.97207, 0
PixelHit 1244, 1912, 2.95083, 0
PixelHit 1244, 1913, 14.5232, 0
PixelHit 1244, 1914, 10.8149, 0
PixelHit 1244, 1915, 12.6848, 0
PixelHit 1244, 1916, 2.5711, 0
PixelHit 1244, 1917, 9.3387, 0
PixelHit 1244, 1918, 18.7768, 0
PixelHit 1244, 1919, 10.2745, 0
PixelHit 1244, 1920, 5.44195, 0
PixelHit 1244, 1921, 9.5095, 0
PixelHit 1244, 1922, 10.303, 0
PixelHit 1244, 1923, 3.46626, 0
PixelHit 1244, 1924, 1.6106, 0
PixelHit 1244, 1925, 5.88401, 0
PixelHit 1244, 1926, 4.03238, 0
PixelHit 1244, 1927, 0.674582, 0
PixelHit 1244, 1928, 1.38478, 0
PixelHit 1244, 1933, 1.35337, 0
PixelHit 1245, 1868, 4.5819, 0
PixelHit 1245, 1869, 6.47614, 0
PixelHit 1245, 1870, 16.7246, 0
PixelHit 1245, 1871, 13.3561, 0
PixelHit 1245, 1872, 18.8475, 0
PixelHit 1245, 1873, 22.1586, 0
PixelHit 1245, 1874, 11.9988, 0
PixelHit 1245, 1875, 17.9165, 0
PixelHit 1245, 1876, 12.0686, 0
PixelHit 1245, 1877, 12.7702, 0
PixelHit 1245, 1878, 9.91726, 0
PixelHit 1245, 1879, 20.1613, 0
PixelHit 1245, 1880, 28.8242, 0
PixelHit 1245, 1881, 22.7198, 0
PixelHit 1245, 1882, 35.8439, 0
PixelHit 1245, 1883, 33.798, 0
PixelHit 1245, 1884, 27.7289, 0
PixelHit 1245, 1885, 23.5217, 0
PixelHit 1245, 1886, 18.2213, 0
PixelHit 1245, 1887, 20.1479, 0
PixelHit 1245, 1888, 21.2488, 0
PixelHit 1245, 1889, 12.6724, 0
PixelHit 1245, 1890, 9.63827, 0
PixelHit 1245, 1891, 12.1969, 0
PixelHit 1245, 1892, 27.1304, 0
PixelHit 1245, 1893, 39.2379, 0
PixelHit 1245, 1894, 53.8728, 0
PixelHit 1245, 1895, 37.3145, 0
PixelHit 1245, 1896, 20.4988, 0
PixelHit 1245, 1897, 11.114, 0
PixelHit 1245, 1898, 12.3993, 0
PixelHit 1245, 1899, 7.88238, 0
PixelHit 1245, 1900, 11.8122, 0
PixelHit 1245, 1901, 9.00587, 0
PixelHit 1245, 1902, 11.509, 0
PixelHit 1245, 1903, 23.8972, 0
PixelHit 1245, 1904, 46.3667, 0
PixelHit 1245, 1905, 90.7246, 0
PixelHit 1245, 1906, 110.058, 0
PixelHit 1245, 1907, 45.9211, 0
PixelHit 1245, 1908, 27.2439, 0
PixelHit 1245, 1909, 20.8469, 0
PixelHit 1245, 1910, 29.33, 0
PixelHit 1245, 1911, 27.7228, 0
PixelHit 1245, 1912, 17.8816, 0
PixelHit 1245, 1913, 33.1926, 0
PixelHit 1245, 1914, 48.7001, 0
PixelHit 1245, 1915, 26.8386, 0
PixelHit 1245, 1916, 24.4954, 0
PixelHit 1245, 1917, 53.3447, 0
PixelHit 1245, 1918, 64.0984, 0
PixelHit 1245, 1919, 33.8471, 0
PixelHit 1245, 1920, 19.0858, 0
PixelHit 1245, 1921, 57.0948, 0
PixelHit 1245, 1922, 52.6927, 0
PixelHit 1245, 1923, 11.2711, 0
PixelHit 1245, 1924, 12.3725, 0
PixelHit 1245, 1925, 26.5377, 0
PixelHit 1245, 1926, 32.5841, 0
PixelHit 1245, 1927, 28.6981, 0
PixelHit 1245, 1928, 18.017, 0
PixelHit 1245, 1929, 36.2577, 0
PixelHit 1245, 1930, 8.19444, 0
PixelHit 1245, 1931, 22.4762, 0
PixelHit 1245, 1932, 29.4899, 0
PixelHit 1245, 1933, 11.6403, 0
PixelHit 1245, 1934, 18.0933, 0
PixelHit 1245, 1935, 5.80034, 0
PixelHit 1245, 1936, 2.59736, 0
PixelHit 1245, 1937, 3.01023, 0
PixelHit 1245, 1938, 9.03462, 0
PixelHit 1245, 1939, 14.8467, 0
PixelHit 1245, 1940, 33.4964, 0
PixelHit 1245, 1941, 53.2279, 0
PixelHit 1245, 1942, 1.98905, 0
PixelHit 1246, 1866, 0.42204, 0
PixelHit 1246, 1869, 6.83549, 0
PixelHit 1246, 1870, 13.5763, 0
PixelHit 1246, 1871, 7.56789, 0
PixelHit 1246, 1872, 11.2478, 0
PixelHit 1246, 1873, 11.72, 0
PixelHit 1246, 1874, 6.15096, 0
PixelHit 1246, 1875, 20.3228, 0
PixelHit 1246, 1876, 14.3157, 0
PixelHit 1246, 1877, 8.01465, 0
PixelHit 1246, 1878, 5.28479, 0
PixelHit 1246, 1879, 8.97115, 0
PixelHit 1246, 1880, 21.1828, 0
PixelHit 1246, 1881, 8.70134, 0
PixelHit 1246, 1882, 34.3337, 0
PixelHit 1246, 1883, 14.3151, 0
PixelHit 1246, 1884, 9.29135, 0
PixelHit 1246, 1885, 15.0474, 0
PixelHit 1246, 1886, 24.2424, 0
PixelHit 1246, 1887, 27.0513, 0
PixelHit 1246, 1888, 16.0364, 0
PixelHit 1246, 1889, 10.5627, 0
PixelHit 1246, 1890, 10.8295, 0
PixelHit 1246, 1891, 11.1627, 0
PixelHit 1246, 1892, 13.2034, 0
PixelHit 1246, 1893, 19.2067, 0
PixelHit 1246, 1894, 38.1879, 0
PixelHit 1246, 1895, 29.5295, 0
PixelHit 1246, 1896, 9.63211, 0
PixelHit 1246, 1897, 7.6133, 0
PixelHit 1246, 1898, 10.5601, 0
PixelHit 1246, 1899, 9.55529, 0
PixelHit 1246, 1900, 8.35104, 0
PixelHit 1246, 1902, 6.59452, 0
PixelHit 1246, 1903, 13.5636, 0
PixelHit 1246, 1904, 28.8055, 0
PixelHit 1246, 1905, 78.3015, 0
PixelHit 1246, 1906, 59.103, 0
PixelHit 1246, 1907, 32.0951, 0
PixelHit 1246, 1908, 11.96, 0
PixelHit 1246, 1909, 11.3032, 0
PixelHit 1246, 1910, 25.1945, 0
PixelHit 1246, 1911, 27.6795, 0
PixelHit 1246, 1912, 20.8722, 0
PixelHit 1246, 1913, 27.1355, 0
PixelHit 1246, 1914, 26.466, 0
PixelHit 1246, 1915, 19.8421, 0
PixelHit 1246, 1916, 19.7401, 0
PixelHit 1246, 1917, 35.5222, 0
PixelHit 1246, 1918, 31.9213, 0
PixelHit 1246, 1919, 32.039, 0
PixelHit 1246, 1920, 17.9903, 0
PixelHit 1246, 1921, 42.2213, 0
PixelHit 1246, 1922, 45.7859, 0
PixelHit 1246, 1923, 15.148, 0
PixelHit 1246, 1924, 13.8131, 0
PixelHit 1246, 1925, 33.1662, 0
PixelHit 1246, 1926, 24.9293, 0
PixelHit 1246, 1927, 23.6328, 0
PixelHit 1246, 1928, 17.5458, 0
PixelHit 1246, 1929, 30.7344, 0
PixelHit 1246, 1930, 24.0951, 0
PixelHit 1246, 1931, 32.9977, 0
PixelHit 1246, 1932, 63.2919, 0
PixelHit 1246, 1933, 20.6847, 0
PixelHit 1246, 1934, 20.7507, 0
PixelHit 1246, 1935, 17.3379, 0
PixelHit 1246, 1936, 14.0324, 0
PixelHit 1246, 1937, 5.23123, 0
PixelHit 1246, 1938, 32.1701, 0
PixelHit 1246, 1939, 89.7085, 0
PixelHit 1246, 1940, 357.188, 0
PixelHit 1246, 1941, 1062.57, 0
PixelHit 1246, 1942, 16.2251, 0
PixelHit 1247, 1869, 2.54508, 0
PixelHit 1247, 1870, 4.64073, 0
PixelHit 1247, 1871, 6.82787, 0
PixelHit 1247, 1872, 3.08322, 0
PixelHit 1247, 1874, 4.28931, 0
PixelHit 1247, 1876, 4.64138, 0
PixelHit 1247, 1878, 2.20254, 0
PixelHit 1247, 1879, 4.53368, 0
PixelHit 1247, 1880, 5.80932, 0
PixelHit 1247, 1881, 8.83356, 0
PixelHit 1247, 1882, 4.57759, 0
PixelHit 1247, 1883, 4.6541, 0
PixelHit 1247, 1884, 5.87723, 0
PixelHit 1247, 1885, 3.99961, 0
PixelHit 1247, 1887, 6.99784, 0
PixelHit 1247, 1888, 2.49103, 0
PixelHit 1247, 1889, 4.66905, 0
PixelHit 1247, 1890, 0.749521, 0
PixelHit 1247, 1892, 3.34795, 0
PixelHit 1247, 1893, 4.48138, 0
PixelHit 1247, 1894, 6.24615, 0
PixelHit 1247, 1895, 5.41925, 0
PixelHit 1247, 1896, 6.29305, 0
PixelHit 1247, 1897, 1.4077, 0
PixelHit 1247, 1898, 1.33039, 0
PixelHit 1247, 1901, 1.83644, 0
PixelHit 1247, 1902, 1.68842, 0
PixelHit 1247, 1903, 1.52127, 0
PixelHit 1247, 1904, 5.10453, 0
PixelHit 1247, 1905, 19.0766, 0
PixelHit 1247, 1906, 11.2158, 0
PixelHit 1247, 1907, 11.3894, 0
PixelHit 1247, 1908, 7.90213, 0
PixelHit 1247, 1909, 4.39126, 0
PixelHit 1247, 1910, 10.011, 0
PixelHit 1247, 1911, 10.1201, 0
PixelHit 1247, 1912, 2.90729, 0
PixelHit 1247, 1913, 2.73059, 0
PixelHit 1247, 1914, 4.43727, 0
PixelHit 1247, 1915, 3.99875, 0
PixelHit 1247, 1916, 3.19139, 0
PixelHit 1247, 1917, 7.81211, 0
PixelHit 1247, 1919, 3.92779, 0
PixelHit 1247, 1920, 4.91773, 0
PixelHit 1247, 1921, 7.35948, 0
PixelHit 1247, 1923, 4.29754, 0
PixelHit 1247, 1925, 3.72056, 0
PixelHit 1247, 1926, 2.52705, 0
PixelHit 1247, 1927, 2.21265, 0
PixelHit 1247, 1929, 5.96754, 0
PixelHit 1247, 1931, 2.17004, 0
PixelHit 1247, 1932, 2.21558, 0
PixelHit 1247, 1934, 2.9876, 0
PixelHit 1247, 1940, 18.4508, 0
PixelHit 1247, 1941, 22.7484, 0
PixelHit 1248, 1879, 3.45161, 0
PixelHit 1248, 1881, 1.41329, 0
PixelHit 1248, 1883, 0.657744, 0
PixelHit 1248, 1885, 0.665142, 0
PixelHit 1248, 1887, 0.0920035, 0
PixelHit 1248, 1888, 0.728033, 0
PixelHit 1248, 1889, 1.49405, 0
PixelHit 1248, 1902, 0.767589, 0
PixelHit 1248, 1905, 1.80217, 0
PixelHit 1248, 1908, 2.58898, 0
PixelHit 1328, 1253, 1.05054, 0
PixelHit 1329, 1252, 0.698174, 0
PixelHit 1329, 1253, 3.26249, 0
PixelHit 1329, 1256, 2.42017, 0
PixelHit 1329, 1269, 3.04888, 0
PixelHit 1329, 1278, 1.73717, 0
PixelHit 1330, 1251, 3.66055, 0
PixelHit 1330, 1252, 6.85687, 0
PixelHit 1330, 1253, 8.86008, 0
PixelHit 1330, 1254, 10.8483, 0
PixelHit 1330, 1255, 1.02596, 0
PixelHit 1330, 1256, 4.40404, 0
PixelHit 1330, 1258, 5.34178, 0
PixelHit 1330, 1259, 2.66248, 0
PixelHit 1330, 1260, 3.67947, 0
PixelHit 1330, 1261, 2.6387, 0
PixelHit 1330, 1262, 2.02693, 0
PixelHit 1330, 1264, 1.239, 0
PixelHit 1330, 1265, 2.34567, 0
PixelHit 1330, 1267, 2.06657, 0
PixelHit 1330, 1268, 5.21601, 0
PixelHit 1330, 1269, 3.89983, 0
PixelHit 1330, 1270, 2.06497, 0
PixelHit 1330, 1271, 5.77083, 0
PixelHit 1330, 1272, 1.24975, 0
PixelHit 1330, 1273, 3.92875, 0
PixelHit 1330, 1275, 3.55076, 0
PixelHit 1330, 1276, 2.09433, 0
PixelHit 1330, 1277, 3.39154, 0
PixelHit 1330, 1278, 3.69436, 0
PixelHit 1330, 1280, 2.91029, 0
PixelHit 1330, 1284, 1.27896, 0
PixelHit 1330, 1286, 0.737068, 0
PixelHit 1330, 1287, 1.05139, 0
PixelHit 1330, 1289, 3.09754, 0
PixelHit 1330, 1290, 0.608911, 0
PixelHit 1331, 1251, 5.57936, 0
PixelHit 1331, 1252, 17.3684, 0
PixelHit 1331, 1253, 29.7527, 0
PixelHit 1331, 1254, 25.5768, 0
PixelHit 1331, 1255, 19.7909, 0
PixelHit 1331, 1256, 10.5657, 0
PixelHit 1331, 1257, 6.95653, 0
PixelHit 1331, 1258, 10.7518, 0
PixelHit 1331, 1259, 17.4879, 0
PixelHit 1331, 1260, 12.0245, 0
PixelHit 1331, 1261, 9.62863, 0
PixelHit 1331, 1262, 7.90581, 0
PixelHit 1331, 1263, 8.82171, 0
PixelHit 1331, 1264, 5.32546, 0
PixelHit 1331, 1265, 4.0592, 0
PixelHit 1331, 1266, 9.76632, 0
PixelHit 1331, 1267, 7.90427, 0
PixelHit 1331, 1268, 12.6038, 0
PixelHit 1331, 1269, 17.4795, 0
PixelHit 1331, 1270, 15.1037, 0
PixelHit 1331, 1271, 10.9534, 0
PixelHit 1331, 1272, 3.52285, 0
PixelHit 1331, 1273, 9.47234, 0
PixelHit 1331, 1274, 5.20865, 0
PixelHit 1331, 1275, 9.15084, 0
PixelHit 1331, 1276, 23.6707, 0
PixelHit 1331, 1277, 20.7, 0
PixelHit 1331, 1278, 11.5292, 0
PixelHit 1331, 1279, 5.72841, 0
PixelHit 1331, 1280, 6.4652, 0
PixelHit 1331, 1281, 3.3391, 0
PixelHit 1331, 1282, 3.79354, 0
PixelHit 1331, 1283, 8.24476, 0
PixelHit 1331, 1285, 10.524, 0
PixelHit 1331, 1286, 8.41578, 0
PixelHit 1331, 1287, 8.89621, 0
PixelHit 1331, 1288, 7.57332, 0
PixelHit 1331, 1289, 7.04105, 0
PixelHit 1331, 1290, 9.89239, 0
PixelHit 1331, 1291, 6.06253, 0
PixelHit 1331, 1292, 2.54747, 0
PixelHit 1331, 1293, 4.20367, 0
PixelHit 1331, 1294, 6.09326, 0
PixelHit 1331, 1295, 15.1954, 0
PixelHit 1331, 1296, 8.03241, 0
PixelHit 1331, 1297, 6.45564, 0
PixelHit 1331, 1298, 2.81698, 0
PixelHit 1331, 1300, 1.7946, 0
PixelHit 1331, 1301, 9.40098, 0
PixelHit 1331, 1302, 3.78999, 0
PixelHit 1331, 1303, 5.00904, 0
PixelHit 1331, 1304, 3.2475, 0
PixelHit 1331, 1305, 2.18033, 0
PixelHit 1331, 1306, 3.6598, 0
PixelHit 1331, 1308, 4.10478, 0
PixelHit 1331, 1309, 13.26, 0
PixelHit 1332, 1251, 11.7223, 0
PixelHit 1332, 1252, 34.427, 0
PixelHit 1332, 1253, 42.7738, 0
PixelHit 1332, 1254, 36.4066, 0
PixelHit 1332, 1255, 26.0502, 0
PixelHit 1332, 1256, 11.552, 0
PixelHit 1332, 1257, 9.89299, 0
PixelHit 1332, 1258, 22.0623, 0
PixelHit 1332, 1259, 21.5944, 0
PixelHit 1332, 1260, 18.8923, 0
PixelHit 1332, 1261, 16.2803, 0
PixelHit 1332, 1262, 13.3504, 0
PixelHit 1332, 1263, 6.58278, 0
PixelHit 1332, 1264, 9.58803, 0
PixelHit 1332, 1265, 11.9367, 0
PixelHit 1332, 1266, 9.00578, 0
PixelHit 1332, 1267, 24.8998, 0
PixelHit 1332, 1268, 21.3007, 0
PixelHit 1332, 1269, 22.9883, 0
PixelHit 1332, 1270, 20.0227, 0
PixelHit 1332, 1271, 25.3088, 0
PixelHit 1332, 1272, 19.1132, 0
PixelHit 1332, 1273, 23.3196, 0
PixelHit 1332, 1274, 12.3649, 0
PixelHit 1332, 1275, 22.2367, 0
PixelHit 1332, 1276, 54.288, 0
PixelHit 1332, 1277, 74.9332, 0
PixelHit 1332, 1278, 33.3869, 0
PixelHit 1332, 1279, 13.0676, 0
PixelHit 1332, 1280, 9.08347, 0
PixelHit 1332, 1281, 9.055, 0
PixelHit 1332, 1282, 14.8418, 0
PixelHit 1332, 1283, 22.5667, 0
PixelHit 1332, 1284, 20.742, 0
PixelHit 1332, 1285, 35.3678, 0
PixelHit 1332, 1286, 36.3968, 0
PixelHit 1332, 1287, 26.3997, 0
PixelHit 1332, 1288, 19.3004, 0
PixelHit 1332, 1289, 44.6336, 0
PixelHit 1332, 1290, 40.9972, 0
PixelHit 1332, 1291, 15.8359, 0
PixelHit 1332, 1292, 14.7399, 0
PixelHit 1332, 1293, 21.7654, 0
PixelHit 1332, 1294, 25.5317, 0
PixelHit 1332, 1295, 43.4085, 0
PixelHit 1332, 1296, 42.6835, 0
PixelHit 1332, 1297, 42.4098, 0
PixelHit 1332, 1298, 27.9474, 0
PixelHit 1332, 1299, 13.0685, 0
PixelHit 1332, 1300, 16.8896, 0
PixelHit 1332, 1301, 33.5286, 0
PixelHit 1332, 1302, 29.9892, 0
PixelHit 1332, 1303, 30.1966, 0
PixelHit 1332, 1304, 51.0807, 0
PixelHit 1332, 1305, 42.5703, 0
PixelHit 1332, 1306, 12.821, 0
PixelHit 1332, 1307, 37.6827, 0
PixelHit 1332, 1308, 121.715, 0
PixelHit 1332, 1309, 353.942, 0
PixelHit 1332, 1310, 63.5787, 0
PixelHit 1332, 1311, 11.2832, 0
PixelHit 1332, 1312, 25.1126, 0
PixelHit 1332, 1313, 50.0522, 0
PixelHit 1332, 1314, 22.6597, 0
PixelHit 1332, 1315, 3.76743, 0
PixelHit 1332, 1316, 2.32105, 0
PixelHit 1332, 1317, 25.9246, 0
PixelHit 1332, 1318, 16.9648, 0
PixelHit 1332, 1319, 0.602294, 0
PixelHit 1333, 1250, 2.1144, 0
PixelHit 1333, 1251, 9.74982, 0
PixelHit 1333, 1252, 26.1344, 0
PixelHit 1333, 1253, 45.4353, 0
PixelHit 1333, 1254, 23.9594, 0
PixelHit 1333, 1255, 19.7277, 0
PixelHit 1333, 1256, 17.8084, 0
PixelHit 1333, 1257, 8.97171, 0
PixelHit 1333, 1258, 14.0578, 0
PixelHit 1333, 1259, 13.3242, 0
PixelHit 1333, 1260, 14.8771, 0
PixelHit 1333, 1261, 7.57351, 0
PixelHit 1333, 1262, 8.27039, 0
PixelHit 1333, 1263, 8.04939, 0
PixelHit 1333, 1264, 3.67174, 0
PixelHit 1333, 1265, 3.56078, 0
PixelHit 1333, 1266, 14.9039, 0
PixelHit 1333, 1267, 14.8653, 0
PixelHit 1333, 1268, 32.0052, 0
PixelHit 1333, 1269, 35.6388, 0
PixelHit 1333, 1270, 25.2488, 0
PixelHit 1333, 1271, 18.6146, 0
PixelHit 1333, 1272, 25.1546, 0
PixelHit 1333, 1273, 15.628, 0
PixelHit 1333, 1274, 14.4652, 0
PixelHit 1333, 1275, 20.8021, 0
PixelHit 1333, 1276, 44.8691, 0
PixelHit 1333, 1277, 37.5958, 0
PixelHit 1333, 1278, 22.8212, 0
PixelHit 1333, 1279, 10.9819, 0
PixelHit 1333, 1280, 13.8802, 0
PixelHit 1333, 1281, 10.4498, 0
PixelHit 1333, 1282, 17.9274, 0
PixelHit 1333, 1283, 15.6047, 0
PixelHit 1333, 1284, 17.2139, 0
PixelHit 1333, 1285, 34.9686, 0
PixelHit 1333, 1286, 36.1082, 0
PixelHit 1333, 1287, 20.8307, 0
PixelHit 1333, 1288, 25.4285, 0
PixelHit 1333, 1289, 37.9136, 0
PixelHit 1333, 1290, 28.5946, 0
PixelHit 1333, 1291, 20.1961, 0
PixelHit 1333, 1292, 13.0334, 0
PixelHit 1333, 1293, 14.9485, 0
PixelHit 1333, 1294, 27.9466, 0
PixelHit 1333, 1295, 27.0589, 0
PixelHit 1333, 1296, 51.288, 0
PixelHit 1333, 1297, 40.9691, 0
PixelHit 1333, 1298, 20.7075, 0
PixelHit 1333, 1299, 14.9558, 0
PixelHit 1333, 1300, 26.2465, 0
PixelHit 1333, 1301, 39.7013, 0
PixelHit 1333, 1302, 35.906, 0
PixelHit 1333, 1303, 28.2546, 0
PixelHit 1333, 1304, 40.3936, 0
PixelHit 1333, 1305, 32.6865, 0
PixelHit 1333, 1306, 14.8134, 0
PixelHit 1333, 1307, 41.6103, 0
PixelHit 1333, 1308, 115.848, 0
PixelHit 1333, 1309, 344.153, 0
PixelHit 1333, 1310, 76.4982, 0
PixelHit 1333, 1311, 10.9846, 0
PixelHit 1333, 1312, 33.4023, 0
PixelHit 1333, 1313, 42.9725, 0
PixelHit 1333, 1314, 26.7046, 0
PixelHit 1333, 1315, 10.7449, 0
PixelHit 1333, 1316, 5.55143, 0
PixelHit 1333, 1317, 54.485, 0
PixelHit 1333, 1318, 57.0296, 0
PixelHit 1333, 1319, 5.91809, 0
PixelHit 1334, 1250, 1.49099, 0
PixelHit 1334, 1251, 2.69954, 0
PixelHit 1334, 1252, 14.8535, 0
PixelHit 1334, 1253, 24.7814, 0
PixelHit 1334, 1254, 8.0875, 0
PixelHit 1334, 1255, 3.50165, 0
PixelHit 1334, 1256, 4.56267, 0
PixelHit 1334, 1257, 5.84748, 0
PixelHit 1334, 1258, 8.28227, 0
PixelHit 1334, 1259, 6.08463, 0
PixelHit 1334, 1260, 8.06739, 0
PixelHit 1334, 1261, 5.40683, 0
PixelHit 1334, 1262, 5.34171, 0
PixelHit 1334, 1263, 6.46942, 0
PixelHit 1334, 1264, 1.85763, 0
PixelHit 1334, 1266, 7.836, 0
PixelHit 1334, 1267, 9.349, 0
PixelHit 1334, 1268, 8.57536, 0
PixelHit 1334, 1269, 5.36222, 0
PixelHit 1334, 1270, 8.12757, 0
PixelHit 1334, 1271, 5.58658, 0
PixelHit 1334, 1272, 5.5247, 0
PixelHit 1334, 1273, 4.97508, 0
PixelHit 1334, 1275, 1.84521, 0
PixelHit 1334, 1276, 15.8246, 0
PixelHit 1334, 1277, 16.4808, 0
PixelHit 1334, 1278, 13.6345, 0
PixelHit 1334, 1280, 1.70717, 0
PixelHit 1334, 1281, 4.31779, 0
PixelHit 1334, 1282, 2.71352, 0
PixelHit 1334, 1283, 9.13823, 0
PixelHit 1334, 1284, 4.48947, 0
PixelHit 1334, 1285, 13.2211, 0
PixelHit 1334, 1286, 5.68907, 0
PixelHit 1334, 1287, 6.96131, 0
PixelHit 1334, 1288, 5.58217, 0
PixelHit 1334, 1289, 5.85308, 0
PixelHit 1334, 1290, 5.22829, 0
PixelHit 1334, 1291, 2.01831, 0
PixelHit 1334, 1293, 3.83066, 0
PixelHit 1334, 1294, 10.1884, 0
PixelHit 1334, 1295, 15.2866, 0
PixelHit 1334, 1296, 6.90982, 0
PixelHit 1334, 1297, 7.33314, 0
PixelHit 1334, 1298, 2.15195, 0
PixelHit 1334, 1299, 4.37854, 0
PixelHit 1334, 1301, 2.08412, 0
PixelHit 1334, 1302, 3.39179, 0
PixelHit 1334, 1303, 4.34138, 0
PixelHit 1334, 1304, 6.26724, 0
PixelHit 1334, 1305, 3.00951, 0
PixelHit 1334, 1306, 1.17249, 0
PixelHit 1334, 1308, 4.81283, 0
PixelHit 1334, 1309, 11.6016, 0
PixelHit 1334, 1310, 3.33378, 0
PixelHit 1335, 1251, 0.957413, 0
PixelHit 1335, 1252, 5.16992, 0
PixelHit 1335, 1254, 3.18757, 0
PixelHit 1335, 1255, 4.3107, 0
PixelHit 1335, 1256, 2.19464, 0
PixelHit 1335, 1259, 1.7799, 0
PixelHit 1335, 1260, 1.31115, 0
PixelHit 1335, 1263, 2.13445, 0
PixelHit 1335, 1266, 3.06333, 0
PixelHit 1335, 1267, 2.27508, 0
PixelHit 1335, 1269, 1.33638, 0
PixelHit 1335, 1270, 1.99647, 0
PixelHit 1335, 1271, 1.81472, 0
PixelHit 1335, 1275, 1.25582, 0
PixelHit 1335, 1276, 2.74258, 0
PixelHit 1335, 1282, 1.3621, 0
PixelHit 1335, 1284, 0.85194, 0
PixelHit 1335, 1286, 2.14101, 0
PixelHit 1335, 1289, 2.25301, 0
PixelHit 1335, 1295, 3.09146, 0
PixelHit 1335, 1301, 0.675038, 0
PixelHit 1336, 1267, 0.685367, 0
=== 88 ===
=== 89 ===
=== 90 ===
=== 91 ===
=== 92 ===
--- mydetector ---
PixelHit 1203, 694, 0.943076, 0
PixelHit 1203, 697, 2.24794, 0
PixelHit 1203, 699, 2.14137, 0
PixelHit 1203, 703, 3.01746, 0
PixelHit 1203, 704, 2.32847, 0
PixelHit 1203, 707, 0.68254, 0
PixelHit 1203, 712, 2.7715, 0
PixelHit 1203, 714, 1.68449, 0
PixelHit 1203, 720, 1.52664, 0
PixelHit 1203, 721, 2.4035, 0
PixelHit 1203, 731, 0.77793, 0
PixelHit 1204, 688, 1.05878, 0
PixelHit 1204, 689, 4.42816, 0
PixelHit 1204, 690, 1.05169, 0
PixelHit 1204, 691, 3.5937, 0
PixelHit 1204, 692, 3.98489, 0
PixelHit 1204, 693, 4.47313, 0
PixelHit 1204, 694, 4.76583, 0
PixelHit 1204, 695, 2.90509, 0
PixelHit 1204, 697, 3.73183, 0
PixelHit 1204, 698, 3.06217, 0
PixelHit 1204, 699, 2.04624, 0
PixelHit 1204, 700, 5.8597, 0
PixelHit 1204, 701, 5.55056, 0
PixelHit 1204, 702, 7.04082, 0
PixelHit 1204, 703, 7.49441, 0
PixelHit 1204, 704, 4.5288, 0
PixelHit 1204, 705, 11.0202, 0
PixelHit 1204, 707, 11.4729, 0
PixelHit 1204, 708, 11.7008, 0
PixelHit 1204, 709, 14.2219, 0
PixelHit 1204, 710, 5.93038, 0
PixelHit 1204, 711, 10.2549, 0
PixelHit 1204, 712, 2.80831, 0
PixelHit 1204, 713, 9.99995, 0
PixelHit 1204, 714, 13.2446, 0
PixelHit 1204, 715, 8.59302, 0
PixelHit 1204, 716, 7.59907, 0
PixelHit 1204, 717, 6.70972, 0
PixelHit 1204, 718, 9.78872, 0
PixelHit 1204, 719, 7.11208, 0
PixelHit 1204, 720, 4.99773, 0
PixelHit 1204, 721, 7.3108, 0
PixelHit 1204, 722, 18.538, 0
PixelHit 1204, 723, 15.5758, 0
PixelHit 1204, 724, 25.3539, 0
PixelHit 1204, 725, 9.74405, 0
PixelHit 1204, 726, 2.91995, 0
PixelHit 1204, 727, 2.03489, 0
PixelHit 1204, 728, 3.54161, 0
PixelHit 1204, 729, 5.43829, 0
PixelHit 1204, 730, 2.64091, 0
PixelHit 1204, 736, 5.21076, 0
PixelHit 1204, 737, 5.17043, 0
PixelHit 1204, 738, 2.69327, 0
PixelHit 1204, 739, 5.62524, 0
PixelHit 1204, 740, 2.74071, 0
PixelHit 1204, 741, 1.75859, 0
PixelHit 1204, 742, 2.15363, 0
PixelHit 1204, 743, 2.24412, 0
PixelHit 1204, 744, 7.29793, 0
PixelHit 1204, 748, 3.23968, 0
PixelHit 1205, 688, 2.61647, 0
PixelHit 1205, 689, 12.376, 0
PixelHit 1205, 690, 9.87365, 0
PixelHit 1205, 691, 7.84987, 0
PixelHit 1205, 692, 10.7779, 0
PixelHit 1205, 693, 7.45449, 0
PixelHit 1205, 694, 5.09325, 0
PixelHit 1205, 695, 9.38581, 0
PixelHit 1205, 696, 11.8602, 0
PixelHit 1205, 697, 16.1426, 0
PixelHit 1205, 698, 21.3299, 0
PixelHit 1205, 699, 14.9825, 0
PixelHit 1205, 700, 5.53276, 0
PixelHit 1205, 701, 10.0663, 0
PixelHit 1205, 702, 10.0976, 0
PixelHit 1205, 703, 10.708, 0
PixelHit 1205, 704, 12.2473, 0
PixelHit 1205, 705, 16.7572, 0
PixelHit 1205, 706, 10.665, 0
PixelHit 1205, 707, 23.5584, 0
PixelHit 1205, 708, 37.9457, 0
PixelHit 1205, 709, 35.5045, 0
PixelHit 1205, 710, 40.1326, 0
PixelHit 1205, 711, 17.4338, 0
PixelHit 1205, 712, 11.9669, 0
PixelHit 1205, 713, 27.2461, 0
PixelHit 1205, 714, 22.7355, 0
PixelHit 1205, 715, 27.6275, 0
PixelHit 1205, 716, 25.9711, 0
PixelHit 1205, 717, 20.6861, 0
PixelHit 1205, 718, 26.2348, 0
PixelHit 1205, 719, 18.5471, 0
PixelHit 1205, 720, 23.1642, 0
PixelHit 1205, 721, 39.7082, 0
PixelHit 1205, 722, 69.4726, 0
PixelHit 1205, 723, 47.1245, 0
PixelHit 1205, 724, 66.6062, 0
PixelHit 1205, 725, 44.6184, 0
PixelHit 1205, 726, 31.3005, 0
PixelHit 1205, 727, 15.6122, 0
PixelHit 1205, 728, 9.53141, 0
PixelHit 1205, 729, 12.6382, 0
PixelHit 1205, 730, 12.8097, 0
PixelHit 1205, 731, 16.8365, 0
PixelHit 1205, 732, 7.02917, 0
PixelHit 1205, 733, 3.76514, 0
PixelHit 1205, 734, 22.6746, 0
PixelHit 1205, 735, 38.4074, 0
PixelHit 1205, 736, 23.694, 0
PixelHit 1205, 737, 42.5747, 0
PixelHit 1205, 738, 33.1161, 0
PixelHit 1205, 739, 38.1667, 0
PixelHit 1205, 740, 63.6871, 0
PixelHit 1205, 741, 57.0528, 0
PixelHit 1205, 742, 25.7324, 0
PixelHit 1205, 743, 117.803, 0
PixelHit 1205, 744, 112.76, 0
PixelHit 1205, 745, 49.9074, 0
PixelHit 1205, 746, 40.2265, 0
PixelHit 1205, 747, 19.9732, 0
PixelHit 1205, 748, 79.5431, 0
PixelHit 1205, 749, 55.6379, 0
PixelHit 1206, 688, 1.64642, 0
PixelHit 1206, 689, 13.5312, 0
PixelHit 1206, 690, 20.7514, 0
PixelHit 1206, 691, 11.241, 0
PixelHit 1206, 692, 12.2552, 0
PixelHit 1206, 693, 12.1665, 0
PixelHit 1206, 694, 2.6273, 0
PixelHit 1206, 695, 5.07677, 0
PixelHit 1206, 696, 16.0625, 0
PixelHit 1206, 697, 16.8526, 0
PixelHit 1206, 698, 25.214, 0
PixelHit 1206, 699, 12.3231, 0
PixelHit 1206, 700, 14.0945, 0
PixelHit 1206, 701, 9.7825, 0
PixelHit 1206, 702, 11.0891, 0
PixelHit 1206, 703, 11.2142, 0
PixelHit 1206, 704, 12.7403, 0
PixelHit 1206, 705, 18.5382, 0
PixelHit 1206, 706, 14.201, 0
PixelHit 1206, 707, 32.2206, 0
PixelHit 1206, 708, 46.4988, 0
PixelHit 1206, 709, 45.2281, 0
PixelHit 1206, 710, 41.0579, 0
PixelHit 1206, 711, 33.4534, 0
PixelHit 1206, 712, 27.1886, 0
PixelHit 1206, 713, 22.0285, 0
PixelHit 1206, 714, 30.4526, 0
PixelHit 1206, 715, 38.0681, 0
PixelHit 1206, 716, 26.9443, 0
PixelHit 1206, 717, 19.373, 0
PixelHit 1206, 718, 18.5842, 0
PixelHit 1206, 719, 21.072, 0
PixelHit 1206, 720, 22.358, 0
PixelHit 1206, 721, 36.0329, 0
PixelHit 1206, 722, 55.5617, 0
PixelHit 1206, 723, 70.8519, 0
PixelHit 1206, 724, 51.6659, 0
PixelHit 1206, 725, 48.5546, 0
PixelHit 1206, 726, 23.3831, 0
PixelHit 1206, 727, 17.0021, 0
PixelHit 1206, 728, 10.4254, 0
PixelHit 1206, 729, 12.6621, 0
PixelHit 1206, 730, 16.1486, 0
PixelHit 1206, 731, 20.8677, 0
PixelHit 1206, 732, 5.35552, 0
PixelHit 1206, 733, 6.79448, 0
PixelHit 1206, 734, 15.1019, 0
PixelHit 1206, 735, 21.3366, 0
PixelHit 1206, 736, 17.6921, 0
PixelHit 1206, 737, 21.2055, 0
PixelHit 1206, 738, 22.9912, 0
PixelHit 1206, 739, 22.8235, 0
PixelHit 1206, 740, 45.209, 0
PixelHit 1206, 741, 24.0896, 0
PixelHit 1206, 742, 9.07668, 0
PixelHit 1206, 743, 40.1798, 0
PixelHit 1206, 744, 53.9856, 0
PixelHit 1206, 745, 10.2187, 0
PixelHit 1206, 746, 10.6022, 0
PixelHit 1206, 747, 5.38486, 0
PixelHit 1206, 748, 6.40307, 0
PixelHit 1206, 749, 9.28136, 0
PixelHit 1207, 688, 3.63335, 0
PixelHit 1207, 689, 5.52341, 0
PixelHit 1207, 690, 14.9174, 0
PixelHit 1207, 691, 9.9497, 0
PixelHit 1207, 692, 11.2738, 0
PixelHit 1207, 693, 3.57608, 0
PixelHit 1207, 694, 9.46461, 0
PixelHit 1207, 695, 4.29051, 0
PixelHit 1207, 696, 6.41103, 0
PixelHit 1207, 697, 7.33639, 0
PixelHit 1207, 698, 8.74243, 0
PixelHit 1207, 699, 3.55338, 0
PixelHit 1207, 700, 6.65332, 0
PixelHit 1207, 701, 4.04389, 0
PixelHit 1207, 702, 11.0263, 0
PixelHit 1207, 703, 12.0677, 0
PixelHit 1207, 704, 9.31854, 0
PixelHit 1207, 705, 7.34447, 0
PixelHit 1207, 706, 3.34902, 0
PixelHit 1207, 707, 12.7508, 0
PixelHit 1207, 708, 26.749, 0
PixelHit 1207, 709, 21.4065, 0
PixelHit 1207, 710, 19.0093, 0
PixelHit 1207, 711, 20.0259, 0
PixelHit 1207, 712, 16.8709, 0
PixelHit 1207, 713, 11.947, 0
PixelHit 1207, 714, 8.42389, 0
PixelHit 1207, 715, 11.2754, 0
PixelHit 1207, 716, 18.8411, 0
PixelHit 1207, 717, 15.0033, 0
PixelHit 1207, 718, 3.95817, 0
PixelHit 1207, 719, 8.17285, 0
PixelHit 1207, 720, 10.464, 0
PixelHit 1207, 721, 11.3843, 0
PixelHit 1207, 722, 12.298, 0
PixelHit 1207, 723, 12.4258, 0
PixelHit 1207, 724, 12.5966, 0
PixelHit 1207, 725, 7.37296, 0
PixelHit 1207, 726, 3.2756, 0
PixelHit 1207, 727, 1.61354, 0
PixelHit 1207, 728, 0.0748938, 0
PixelHit 1207, 732, 2.95037, 0
PixelHit 1207, 736, 2.48681, 0
PixelHit 1208, 688, 1.82231, 0
PixelHit 1208, 690, 7.28855, 0
PixelHit 1208, 692, 2.81181, 0
PixelHit 1208, 694, 3.35754, 0
PixelHit 1208, 696, 1.0186, 0
PixelHit 1208, 697, 3.51225, 0
PixelHit 1208, 698, 3.52365, 0
PixelHit 1208, 699, 2.44745, 0
PixelHit 1208, 702, 3.90598, 0
PixelHit 1208, 704, 1.35558, 0
PixelHit 1208, 705, 0.647628, 0
PixelHit 1208, 707, 2.04467, 0
PixelHit 1208, 708, 5.48926, 0
PixelHit 1208, 709, 6.97969, 0
PixelHit 1208, 711, 3.25916, 0
PixelHit 1208, 715, 2.66298, 0
PixelHit 1208, 716, 2.86522, 0
PixelHit 1208, 722, 3.04762, 0
PixelHit 1208, 723, 1.34575, 0
PixelHit 1208, 739, 1.50435, 0
PixelHit 1208, 741, 1.1844, 0
PixelHit 1209, 690, 1.21566, 0
PixelHit 1209, 702, 2.89264, 0
PixelHit 1209, 703, 1.5684, 0
PixelHit 1209, 709, 1.60338, 0
=== 93 ===
=== 94 ===
=== 95 ===
=== 96 ===
=== 97 ===
=== 98 ===
=== 99 ===
=== 100 ===
# 1122 objects from 3 messages
