# Allpix Squared ASCII data - https://cern.ch/allpix-squared

=== 1 ===
=== 2 ===
=== 3 ===
=== 4 ===
=== 5 ===
=== 6 ===
=== 7 ===
=== 8 ===
=== 9 ===
=== 10 ===
=== 11 ===
=== 12 ===
=== 13 ===
=== 14 ===
=== 15 ===
=== 16 ===
=== 17 ===
=== 18 ===
=== 19 ===
=== 20 ===
=== 21 ===
--- mydetector ---
PixelHit 1452, 1486, 1.37496, 0
PixelHit 1452, 1488, 1.64279, 0
PixelHit 1453, 1473, 1.85988, 0
PixelHit 1453, 1475, 2.10259, 0
PixelHit 1453, 1479, 0.722974, 0
PixelHit 1453, 1485, 2.68323, 0
PixelHit 1453, 1486, 8.67274, 0
PixelHit 1453, 1487, 6.93631, 0
PixelHit 1453, 1488, 3.84942, 0
PixelHit 1453, 1489, 4.10073, 0
PixelHit 1453, 1490, 5.58875, 0
PixelHit 1453, 1493, 2.28073, 0
PixelHit 1453, 1495, 0.139946, 0
PixelHit 1453, 1502, 2.2769, 0
PixelHit 1453, 1504, 1.44916, 0
PixelHit 1453, 1505, 2.11951, 0
PixelHit 1453, 1506, 1.52897, 0
PixelHit 1453, 1510, 0.171989, 0
PixelHit 1453, 1512, 0.107703, 0
PixelHit 1453, 1515, 1.80259, 0
PixelHit 1453, 1519, 2.85871, 0
PixelHit 1453, 1534, 1.29667, 0
PixelHit 1454, 1473, 1.11387, 0
PixelHit 1454, 1474, 5.51149, 0
PixelHit 1454, 1475, 7.7071, 0
PixelHit 1454, 1476, 5.89206, 0
PixelHit 1454, 1477, 5.29125, 0
PixelHit 1454, 1478, 7.02679, 0
PixelHit 1454, 1479, 2.49092, 0
PixelHit 1454, 1480, 5.18471, 0
PixelHit 1454, 1482, 7.12759, 0
PixelHit 1454, 1483, 7.1666, 0
PixelHit 1454, 1484, 3.62651, 0
PixelHit 1454, 1485, 16.6611, 0
PixelHit 1454, 1486, 23.6888, 0
PixelHit 1454, 1487, 32.2988, 0
PixelHit 1454, 1488, 42.6362, 0
PixelHit 1454, 1489, 30.4536, 0
PixelHit 1454, 1490, 10.6347, 0
PixelHit 1454, 1491, 8.87269, 0
PixelHit 1454, 1492, 12.8262, 0
PixelHit 1454, 1493, 15.9238, 0
PixelHit 1454, 1494, 2.6194, 0
PixelHit 1454, 1496, 3.15951, 0
PixelHit 1454, 1499, 2.82786, 0
PixelHit 1454, 1500, 11.0342, 0
PixelHit 1454, 1501, 7.50095, 0
PixelHit 1454, 1502, 14.9462, 0
PixelHit 1454, 1503, 10.4767, 0
PixelHit 1454, 1504, 9.33686, 0
PixelHit 1454, 1505, 2.19409, 0
PixelHit 1454, 1506, 3.17168, 0
PixelHit 1454, 1507, 7.20254, 0
PixelHit 1454, 1508, 3.58989, 0
PixelHit 1454, 1509, 2.93834, 0
PixelHit 1454, 1510, 9.00747, 0
PixelHit 1454, 1511, 3.10044, 0
PixelHit 1454, 1512, 10.1017, 0
PixelHit 1454, 1513, 8.63924, 0
PixelHit 1454, 1514, 3.51036, 0
PixelHit 1454, 1515, 2.08161, 0
PixelHit 1454, 1516, 1.95371, 0
PixelHit 1454, 1518, 5.54087, 0
PixelHit 1454, 1519, 3.98807, 0
PixelHit 1454, 1520, 3.0769, 0
PixelHit 1454, 1521, 3.8148, 0
PixelHit 1454, 1523, 4.34731, 0
PixelHit 1454, 1524, 8.69855, 0
PixelHit 1454, 1525, 10.1815, 0
PixelHit 1454, 1526, 2.87734, 0
PixelHit 1454, 1527, 4.08683, 0
PixelHit 1454, 1528, 5.36186, 0
PixelHit 1454, 1530, 6.2318, 0
PixelHit 1454, 1531, 2.5905, 0
PixelHit 1454, 1534, 2.37572, 0
PixelHit 1454, 1535, 5.36178, 0
PixelHit 1454, 1536, 4.52308, 0
PixelHit 1454, 1537, 3.71902, 0
PixelHit 1454, 1538, 2.79537, 0
PixelHit 1454, 1539, 2.68183, 0
PixelHit 1454, 1542, 2.77146, 0
PixelHit 1454, 1543, 4.57684, 0
PixelHit 1454, 1544, 4.00267, 0
PixelHit 1454, 1546, 3.34522, 0
PixelHit 1454, 1547, 0.381861, 0
PixelHit 1454, 1548, 1.29681, 0
PixelHit 1454, 1549, 2.40676, 0
PixelHit 1455, 1472, 1.81256, 0
PixelHit 1455, 1473, 4.77393, 0
PixelHit 1455, 1474, 15.7791, 0
PixelHit 1455, 1475, 17.7789, 0
PixelHit 1455, 1476, 13.7835, 0
PixelHit 1455, 1477, 14.8669, 0
PixelHit 1455, 1478, 15.3691, 0
PixelHit 1455, 1479, 12.6852, 0
PixelHit 1455, 1480, 3.07383, 0
PixelHit 1455, 1481, 13.9574, 0
PixelHit 1455, 1482, 20.3012, 0
PixelHit 1455, 1483, 16.9237, 0
PixelHit 1455, 1484, 15.2434, 0
PixelHit 1455, 1485, 28.8494, 0
PixelHit 1455, 1486, 60.8194, 0
PixelHit 1455, 1487, 119.953, 0
PixelHit 1455, 1488, 93.1068, 0
PixelHit 1455, 1489, 55.9396, 0
PixelHit 1455, 1490, 42.5592, 0
PixelHit 1455, 1491, 30.0293, 0
PixelHit 1455, 1492, 48.9088, 0
PixelHit 1455, 1493, 38.3213, 0
PixelHit 1455, 1494, 20.3723, 0
PixelHit 1455, 1495, 7.00659, 0
PixelHit 1455, 1497, 8.58804, 0
PixelHit 1455, 1498, 8.39215, 0
PixelHit 1455, 1499, 15.469, 0
PixelHit 1455, 1500, 21.6797, 0
PixelHit 1455, 1501, 35.5098, 0
PixelHit 1455, 1502, 29.7134, 0
PixelHit 1455, 1503, 20.2457, 0
PixelHit 1455, 1504, 11.1203, 0
PixelHit 1455, 1505, 16.0986, 0
PixelHit 1455, 1506, 9.64097, 0
PixelHit 1455, 1507, 13.2782, 0
PixelHit 1455, 1508, 5.87036, 0
PixelHit 1455, 1509, 13.081, 0
PixelHit 1455, 1510, 19.2956, 0
PixelHit 1455, 1511, 24.5929, 0
PixelHit 1455, 1512, 25.5357, 0
PixelHit 1455, 1513, 25.2635, 0
PixelHit 1455, 1514, 14.9827, 0
PixelHit 1455, 1515, 20.5537, 0
PixelHit 1455, 1516, 6.16072, 0
PixelHit 1455, 1517, 3.81983, 0
PixelHit 1455, 1518, 14.5131, 0
PixelHit 1455, 1519, 13.6701, 0
PixelHit 1455, 1520, 14.156, 0
PixelHit 1455, 1521, 12.2693, 0
PixelHit 1455, 1522, 12.8795, 0
PixelHit 1455, 1523, 21.4522, 0
PixelHit 1455, 1524, 32.8144, 0
PixelHit 1455, 1525, 25.9852, 0
PixelHit 1455, 1526, 22.7583, 0
PixelHit 1455, 1527, 14.3334, 0
PixelHit 1455, 1528, 28.2753, 0
PixelHit 1455, 1529, 22.1671, 0
PixelHit 1455, 1530, 22.7106, 0
PixelHit 1455, 1531, 14.7054, 0
PixelHit 1455, 1532, 7.64197, 0
PixelHit 1455, 1533, 13.4573, 0
PixelHit 1455, 1534, 31.6332, 0
PixelHit 1455, 1535, 64.2324, 0
PixelHit 1455, 1536, 68.4673, 0
PixelHit 1455, 1537, 17.4218, 0
PixelHit 1455, 1538, 19.443, 0
PixelHit 1455, 1539, 37.9709, 0
PixelHit 1455, 1540, 13.9503, 0
PixelHit 1455, 1541, 9.48798, 0
PixelHit 1455, 1542, 27.6731, 0
PixelHit 1455, 1543, 97.7183, 0
PixelHit 1455, 1544, 52.2143, 0
PixelHit 1455, 1545, 22.5733, 0
PixelHit 1455, 1546, 14.0358, 0
PixelHit 1455, 1547, 11.5437, 0
PixelHit 1455, 1548, 35.5399, 0
PixelHit 1455, 1549, 12.9195, 0
PixelHit 1455, 1550, 34.8036, 0
PixelHit 1455, 1551, 41.0978, 0
PixelHit 1455, 1552, 6.76063, 0
PixelHit 1455, 1553, 0.689308, 0
PixelHit 1455, 1554, 10.1072, 0
PixelHit 1455, 1555, 26.8638, 0
PixelHit 1455, 1557, 4.2807, 0
PixelHit 1455, 1558, 23.3652, 0
PixelHit 1455, 1559, 12.2912, 0
PixelHit 1455, 1560, 6.32511, 0
PixelHit 1455, 1561, 15.4028, 0
PixelHit 1455, 1562, 4.98375, 0
PixelHit 1455, 1563, 9.18585, 0
PixelHit 1455, 1564, 34.4074, 0
PixelHit 1455, 1565, 4.44737, 0
PixelHit 1455, 1566, 4.7063, 0
PixelHit 1456, 1471, 1.71386, 0
PixelHit 1456, 1472, 1.99452, 0
PixelHit 1456, 1473, 11.3689, 0
PixelHit 1456, 1474, 19.2073, 0
PixelHit 1456, 1475, 18.5772, 0
PixelHit 1456, 1476, 17.6107, 0
PixelHit 1456, 1477, 31.9321, 0
PixelHit 1456, 1478, 14.4167, 0
PixelHit 1456, 1479, 18.1813, 0
PixelHit 1456, 1480, 9.97621, 0
PixelHit 1456, 1481, 25.3388, 0
PixelHit 1456, 1482, 26.4448, 0
PixelHit 1456, 1483, 28.8272, 0
PixelHit 1456, 1484, 28.1312, 0
PixelHit 1456, 1485, 38.7444, 0
PixelHit 1456, 1486, 78.605, 0
PixelHit 1456, 1487, 146.187, 0
PixelHit 1456, 1488, 122.472, 0
PixelHit 1456, 1489, 81.1039, 0
PixelHit 1456, 1490, 44.1632, 0
PixelHit 1456, 1491, 42.8958, 0
PixelHit 1456, 1492, 60.9042, 0
PixelHit 1456, 1493, 43.1734, 0
PixelHit 1456, 1494, 14.263, 0
PixelHit 1456, 1495, 9.64816, 0
PixelHit 1456, 1496, 6.56445, 0
PixelHit 1456, 1497, 3.47473, 0
PixelHit 1456, 1498, 5.08821, 0
PixelHit 1456, 1499, 14.2556, 0
PixelHit 1456, 1500, 20.7738, 0
PixelHit 1456, 1501, 32.9168, 0
PixelHit 1456, 1502, 50.3273, 0
PixelHit 1456, 1503, 27.1823, 0
PixelHit 1456, 1504, 18.9784, 0
PixelHit 1456, 1505, 15.3465, 0
PixelHit 1456, 1506, 13.0187, 0
PixelHit 1456, 1507, 9.21893, 0
PixelHit 1456, 1508, 3.28236, 0
PixelHit 1456, 1509, 12.4497, 0
PixelHit 1456, 1510, 26.5553, 0
PixelHit 1456, 1511, 31.1689, 0
PixelHit 1456, 1512, 48.3216, 0
PixelHit 1456, 1513, 28.4929, 0
PixelHit 1456, 1514, 32.4303, 0
PixelHit 1456, 1515, 19.9685, 0
PixelHit 1456, 1516, 12.5322, 0
PixelHit 1456, 1517, 11.1231, 0
PixelHit 1456, 1518, 14.6517, 0
PixelHit 1456, 1519, 13.506, 0
PixelHit 1456, 1520, 13.8269, 0
PixelHit 1456, 1521, 28.4513, 0
PixelHit 1456, 1522, 25.164, 0
PixelHit 1456, 1523, 23.5546, 0
PixelHit 1456, 1524, 42.217, 0
PixelHit 1456, 1525, 37.1596, 0
PixelHit 1456, 1526, 31.34, 0
PixelHit 1456, 1527, 28.1211, 0
PixelHit 1456, 1528, 33.4274, 0
PixelHit 1456, 1529, 20.5431, 0
PixelHit 1456, 1530, 29.0462, 0
PixelHit 1456, 1531, 22.9013, 0
PixelHit 1456, 1532, 5.96662, 0
PixelHit 1456, 1533, 18.9338, 0
PixelHit 1456, 1534, 42.8876, 0
PixelHit 1456, 1535, 101.396, 0
PixelHit 1456, 1536, 98.3865, 0
PixelHit 1456, 1537, 20.7857, 0
PixelHit 1456, 1538, 30.9647, 0
PixelHit 1456, 1539, 66.8584, 0
PixelHit 1456, 1540, 26.9116, 0
PixelHit 1456, 1541, 18.9435, 0
PixelHit 1456, 1542, 83.3007, 0
PixelHit 1456, 1543, 153.314, 0
PixelHit 1456, 1544, 108.788, 0
PixelHit 1456, 1545, 37.4007, 0
PixelHit 1456, 1546, 32.5677, 0
PixelHit 1456, 1547, 19.8988, 0
PixelHit 1456, 1548, 41.0381, 0
PixelHit 1456, 1549, 20.8164, 0
PixelHit 1456, 1550, 77.6367, 0
PixelHit 1456, 1551, 90.1653, 0
PixelHit 1456, 1552, 15.4844, 0
PixelHit 1456, 1553, 4.29781, 0
PixelHit 1456, 1554, 22.6489, 0
PixelHit 1456, 1555, 37.9121, 0
PixelHit 1456, 1556, 5.64392, 0
PixelHit 1456, 1557, 13.4593, 0
PixelHit 1456, 1558, 56.0759, 0
PixelHit 1456, 1559, 35.852, 0
PixelHit 1456, 1560, 22.1704, 0
PixelHit 1456, 1561, 49.3355, 0
PixelHit 1456, 1562, 23.3068, 0
PixelHit 1456, 1563, 30.7261, 0
PixelHit 1456, 1564, 111.692, 0
PixelHit 1456, 1565, 18.2325, 0
PixelHit 1456, 1566, 38.1668, 0
PixelHit 1457, 1472, 4.06557, 0
PixelHit 1457, 1473, 5.32579, 0
PixelHit 1457, 1474, 9.22797, 0
PixelHit 1457, 1475, 11.1939, 0
PixelHit 1457, 1476, 16.217, 0
PixelHit 1457, 1477, 13.9313, 0
PixelHit 1457, 1478, 10.917, 0
PixelHit 1457, 1479, 8.03505, 0
PixelHit 1457, 1480, 3.03008, 0
PixelHit 1457, 1481, 12.4757, 0
PixelHit 1457, 1482, 6.39247, 0
PixelHit 1457, 1483, 17.8347, 0
PixelHit 1457, 1484, 15.3065, 0
PixelHit 1457, 1485, 21.7708, 0
PixelHit 1457, 1486, 42.0993, 0
PixelHit 1457, 1487, 88.5207, 0
PixelHit 1457, 1488, 76.8295, 0
PixelHit 1457, 1489, 44.1603, 0
PixelHit 1457, 1490, 21.6115, 0
PixelHit 1457, 1491, 27.0724, 0
PixelHit 1457, 1492, 25.9356, 0
PixelHit 1457, 1493, 24.0005, 0
PixelHit 1457, 1494, 4.0606, 0
PixelHit 1457, 1495, 5.30629, 0
PixelHit 1457, 1496, 2.56114, 0
PixelHit 1457, 1497, 1.78192, 0
PixelHit 1457, 1498, 3.96863, 0
PixelHit 1457, 1499, 6.95715, 0
PixelHit 1457, 1500, 19.9376, 0
PixelHit 1457, 1501, 17.8348, 0
PixelHit 1457, 1502, 18.0072, 0
PixelHit 1457, 1503, 14.0153, 0
PixelHit 1457, 1504, 6.59625, 0
PixelHit 1457, 1505, 10.1119, 0
PixelHit 1457, 1506, 3.59144, 0
PixelHit 1457, 1507, 4.83011, 0
PixelHit 1457, 1508, 4.43738, 0
PixelHit 1457, 1509, 7.63168, 0
PixelHit 1457, 1510, 8.97319, 0
PixelHit 1457, 1511, 11.1846, 0
PixelHit 1457, 1512, 8.94529, 0
PixelHit 1457, 1513, 18.312, 0
PixelHit 1457, 1514, 6.42961, 0
PixelHit 1457, 1515, 8.46368, 0
PixelHit 1457, 1516, 6.56444, 0
PixelHit 1457, 1517, 4.30153, 0
PixelHit 1457, 1518, 4.09485, 0
PixelHit 1457, 1519, 7.28098, 0
PixelHit 1457, 1520, 7.07793, 0
PixelHit 1457, 1521, 7.89427, 0
PixelHit 1457, 1522, 4.7294, 0
PixelHit 1457, 1523, 6.67814, 0
PixelHit 1457, 1524, 15.5371, 0
PixelHit 1457, 1525, 14.4275, 0
PixelHit 1457, 1526, 10.2645, 0
PixelHit 1457, 1527, 7.24493, 0
PixelHit 1457, 1528, 11.9211, 0
PixelHit 1457, 1529, 5.19907, 0
PixelHit 1457, 1530, 8.2786, 0
PixelHit 1457, 1531, 5.28919, 0
PixelHit 1457, 1532, 1.48642, 0
PixelHit 1457, 1533, 5.07719, 0
PixelHit 1457, 1534, 17.73, 0
PixelHit 1457, 1535, 28.0808, 0
PixelHit 1457, 1536, 24.9595, 0
PixelHit 1457, 1537, 7.81413, 0
PixelHit 1457, 1538, 12.6878, 0
PixelHit 1457, 1539, 20.5942, 0
PixelHit 1457, 1540, 11.779, 0
PixelHit 1457, 1541, 2.79978, 0
PixelHit 1457, 1542, 9.98878, 0
PixelHit 1457, 1543, 31.1417, 0
PixelHit 1457, 1544, 26.0577, 0
PixelHit 1457, 1545, 5.12017, 0
PixelHit 1457, 1546, 3.80414, 0
PixelHit 1457, 1547, 2.589, 0
PixelHit 1457, 1548, 10.9697, 0
PixelHit 1457, 1549, 5.33732, 0
PixelHit 1457, 1550, 5.93759, 0
PixelHit 1457, 1551, 6.27431, 0
PixelHit 1457, 1552, 1.38817, 0
PixelHit 1457, 1555, 2.16491, 0
PixelHit 1457, 1559, 1.77763, 0
PixelHit 1457, 1561, 1.62624, 0
PixelHit 1457, 1562, 1.56374, 0
PixelHit 1457, 1563, 2.69507, 0
PixelHit 1457, 1564, 0.64993, 0
PixelHit 1458, 1472, 1.18153, 0
PixelHit 1458, 1475, 3.66494, 0
PixelHit 1458, 1476, 6.14494, 0
PixelHit 1458, 1477, 5.34992, 0
PixelHit 1458, 1478, 4.19273, 0
PixelHit 1458, 1479, 1.46023, 0
PixelHit 1458, 1480, 3.7968, 0
PixelHit 1458, 1482, 3.64202, 0
PixelHit 1458, 1483, 5.17751, 0
PixelHit 1458, 1484, 4.26501, 0
PixelHit 1458, 1485, 2.94681, 0
PixelHit 1458, 1486, 19.5624, 0
PixelHit 1458, 1487, 21.9148, 0
PixelHit 1458, 1488, 22.0489, 0
PixelHit 1458, 1489, 13.2839, 0
PixelHit 1458, 1491, 8.44965, 0
PixelHit 1458, 1492, 5.41849, 0
PixelHit 1458, 1493, 3.75494, 0
PixelHit 1458, 1494, 0.52536, 0
PixelHit 1458, 1498, 2.31808, 0
PixelHit 1458, 1500, 0.941661, 0
PixelHit 1458, 1501, 3.27355, 0
PixelHit 1458, 1502, 2.61433, 0
PixelHit 1458, 1503, 3.64753, 0
PixelHit 1458, 1504, 2.79982, 0
PixelHit 1458, 1506, 1.41172, 0
PixelHit 1458, 1510, 2.46811, 0
PixelHit 1458, 1511, 3.93962, 0
PixelHit 1458, 1512, 2.17643, 0
PixelHit 1458, 1523, 2.16528, 0
PixelHit 1458, 1524, 3.60043, 0
PixelHit 1458, 1528, 2.3381, 0
PixelHit 1458, 1529, 3.13085, 0
PixelHit 1458, 1531, 1.75644, 0
PixelHit 1458, 1536, 2.99474, 0
PixelHit 1458, 1537, 2.865, 0
PixelHit 1459, 1474, 2.85391, 0
PixelHit 1459, 1476, 1.90466, 0
PixelHit 1459, 1485, 2.02786, 0
PixelHit 1459, 1486, 1.99555, 0
PixelHit 1459, 1487, 2.60661, 0
PixelHit 1459, 1488, 2.63913, 0
PixelHit 1459, 1489, 5.82136, 0
PixelHit 1459, 1491, 2.84668, 0
PixelHit 1459, 1523, 1.93905, 0
PixelHit 1460, 1473, 0.694093, 0
PixelHit 1460, 1487, 1.39291, 0
=== 22 ===
=== 23 ===
=== 24 ===
=== 25 ===
=== 26 ===
=== 27 ===
=== 28 ===
=== 29 ===
=== 30 ===
=== 31 ===
=== 32 ===
=== 33 ===
=== 34 ===
=== 35 ===
=== 36 ===
=== 37 ===
=== 38 ===
=== 39 ===
=== 40 ===
=== 41 ===
=== 42 ===
=== 43 ===
=== 44 ===
--- mydetector ---
PixelHit 1630, 330, 1.82726, 0
PixelHit 1631, 319, 2.1833, 0
PixelHit 1631, 327, 4.36661, 0
PixelHit 1632, 312, 2.13712, 0
PixelHit 1632, 315, 2.51562, 0
PixelHit 1632, 317, 1.34297, 0
PixelHit 1632, 319, 2.78004, 0
PixelHit 1632, 327, 6.06123, 0
PixelHit 1632, 328, 10.1166, 0
PixelHit 1632, 329, 6.97845, 0
PixelHit 1632, 330, 3.92613, 0
PixelHit 1632, 331, 2.86139, 0
PixelHit 1633, 313, 2.62334, 0
PixelHit 1633, 315, 3.5098, 0
PixelHit 1633, 316, 5.20979, 0
PixelHit 1633, 317, 2.87331, 0
PixelHit 1633, 318, 4.79455, 0
PixelHit 1633, 319, 4.47199, 0
PixelHit 1633, 320, 5.52992, 0
PixelHit 1633, 321, 5.23672, 0
PixelHit 1633, 322, 3.97629, 0
PixelHit 1633, 323, 1.84976, 0
PixelHit 1633, 324, 4.47212, 0
PixelHit 1633, 325, 7.57783, 0
PixelHit 1633, 326, 10.7968, 0
PixelHit 1633, 327, 58.219, 0
PixelHit 1633, 328, 53.8531, 0
PixelHit 1633, 329, 36.1616, 0
PixelHit 1633, 330, 20.9517, 0
PixelHit 1633, 331, 21.1075, 0
PixelHit 1633, 332, 11.4067, 0
PixelHit 1633, 333, 5.37382, 0
PixelHit 1633, 335, 1.43147, 0
PixelHit 1633, 337, 2.59803, 0
PixelHit 1633, 338, 4.18887, 0
PixelHit 1633, 339, 1.26342, 0
PixelHit 1633, 340, 2.33649, 0
PixelHit 1633, 341, 2.22831, 0
PixelHit 1633, 342, 1.04087, 0
PixelHit 1633, 346, 1.55122, 0
PixelHit 1633, 351, 1.18877, 0
PixelHit 1634, 314, 6.15075, 0
PixelHit 1634, 315, 20.0026, 0
PixelHit 1634, 316, 15.7634, 0
PixelHit 1634, 317, 15.6554, 0
PixelHit 1634, 318, 13.8329, 0
PixelHit 1634, 319, 13.2775, 0
PixelHit 1634, 320, 9.26187, 0
PixelHit 1634, 321, 11.7797, 0
PixelHit 1634, 322, 14.7799, 0
PixelHit 1634, 323, 18.6736, 0
PixelHit 1634, 324, 24.1233, 0
PixelHit 1634, 325, 24.1098, 0
PixelHit 1634, 326, 58.0163, 0
PixelHit 1634, 327, 157.387, 0
PixelHit 1634, 328, 223.486, 0
PixelHit 1634, 329, 170.051, 0
PixelHit 1634, 330, 92.7227, 0
PixelHit 1634, 331, 86.4144, 0
PixelHit 1634, 332, 61.6753, 0
PixelHit 1634, 333, 40.2358, 0
PixelHit 1634, 334, 9.65678, 0
PixelHit 1634, 335, 6.65542, 0
PixelHit 1634, 336, 9.50385, 0
PixelHit 1634, 337, 17.0496, 0
PixelHit 1634, 338, 29.3287, 0
PixelHit 1634, 339, 21.4251, 0
PixelHit 1634, 340, 13.0235, 0
PixelHit 1634, 341, 9.34247, 0
PixelHit 1634, 342, 5.91634, 0
PixelHit 1634, 343, 5.43601, 0
PixelHit 1634, 344, 3.45136, 0
PixelHit 1634, 345, 9.7965, 0
PixelHit 1634, 346, 6.60987, 0
PixelHit 1634, 347, 4.87516, 0
PixelHit 1634, 349, 4.41437, 0
PixelHit 1634, 350, 2.72772, 0
PixelHit 1634, 354, 1.2463, 0
PixelHit 1634, 355, 3.49353, 0
PixelHit 1634, 356, 2.4865, 0
PixelHit 1634, 357, 2.09111, 0
PixelHit 1634, 359, 1.27176, 0
PixelHit 1634, 362, 1.96481, 0
PixelHit 1635, 313, 4.97931, 0
PixelHit 1635, 314, 11.1794, 0
PixelHit 1635, 315, 13.7961, 0
PixelHit 1635, 316, 14.3854, 0
PixelHit 1635, 317, 15.3735, 0
PixelHit 1635, 318, 7.7432, 0
PixelHit 1635, 319, 20.43, 0
PixelHit 1635, 320, 16.7062, 0
PixelHit 1635, 321, 11.4137, 0
PixelHit 1635, 322, 20.8061, 0
PixelHit 1635, 323, 22.6163, 0
PixelHit 1635, 324, 23.7874, 0
PixelHit 1635, 325, 24.3091, 0
PixelHit 1635, 326, 73.044, 0
PixelHit 1635, 327, 226.697, 0
PixelHit 1635, 328, 338.491, 0
PixelHit 1635, 329, 253.408, 0
PixelHit 1635, 330, 177.816, 0
PixelHit 1635, 331, 222.078, 0
PixelHit 1635, 332, 155.866, 0
PixelHit 1635, 333, 65.4012, 0
PixelHit 1635, 334, 18.5024, 0
PixelHit 1635, 335, 14.6738, 0
PixelHit 1635, 336, 20.8393, 0
PixelHit 1635, 337, 67.9816, 0
PixelHit 1635, 338, 92.6028, 0
PixelHit 1635, 339, 74.4088, 0
PixelHit 1635, 340, 53.2761, 0
PixelHit 1635, 341, 37.0581, 0
PixelHit 1635, 342, 18.2999, 0
PixelHit 1635, 343, 12.5672, 0
PixelHit 1635, 344, 24.6943, 0
PixelHit 1635, 345, 25.7488, 0
PixelHit 1635, 346, 24.9859, 0
PixelHit 1635, 347, 26.0496, 0
PixelHit 1635, 348, 23.4209, 0
PixelHit 1635, 349, 21.3213, 0
PixelHit 1635, 350, 13.8198, 0
PixelHit 1635, 351, 15.6773, 0
PixelHit 1635, 352, 8.69875, 0
PixelHit 1635, 353, 9.34324, 0
PixelHit 1635, 354, 6.39956, 0
PixelHit 1635, 355, 18.363, 0
PixelHit 1635, 356, 23.3581, 0
PixelHit 1635, 357, 9.40089, 0
PixelHit 1635, 358, 3.49493, 0
PixelHit 1635, 359, 1.2959, 0
PixelHit 1635, 360, 4.25339, 0
PixelHit 1635, 361, 13.0956, 0
PixelHit 1635, 362, 11.0423, 0
PixelHit 1635, 363, 4.37177, 0
PixelHit 1635, 364, 4.50235, 0
PixelHit 1635, 365, 5.03916, 0
PixelHit 1635, 367, 2.30889, 0
PixelHit 1635, 371, 1.35333, 0
PixelHit 1635, 372, 2.93311, 0
PixelHit 1635, 374, 2.85337, 0
PixelHit 1635, 375, 2.77814, 0
PixelHit 1635, 376, 3.87713, 0
PixelHit 1636, 314, 2.21641, 0
PixelHit 1636, 315, 8.93045, 0
PixelHit 1636, 316, 17.1089, 0
PixelHit 1636, 317, 12.0588, 0
PixelHit 1636, 318, 13.8655, 0
PixelHit 1636, 319, 13.7125, 0
PixelHit 1636, 320, 11.1617, 0
PixelHit 1636, 321, 9.00455, 0
PixelHit 1636, 322, 9.27334, 0
PixelHit 1636, 323, 13.3404, 0
PixelHit 1636, 324, 24.2965, 0
PixelHit 1636, 325, 26.9638, 0
PixelHit 1636, 326, 68.4973, 0
PixelHit 1636, 327, 165.706, 0
PixelHit 1636, 328, 273.047, 0
PixelHit 1636, 329, 220.414, 0
PixelHit 1636, 330, 180.761, 0
PixelHit 1636, 331, 162.407, 0
PixelHit 1636, 332, 155.188, 0
PixelHit 1636, 333, 52.8774, 0
PixelHit 1636, 334, 20.554, 0
PixelHit 1636, 335, 19.6787, 0
PixelHit 1636, 336, 29.9609, 0
PixelHit 1636, 337, 65.5726, 0
PixelHit 1636, 338, 92.0284, 0
PixelHit 1636, 339, 89.6865, 0
PixelHit 1636, 340, 50.3171, 0
PixelHit 1636, 341, 48.6789, 0
PixelHit 1636, 342, 35.4737, 0
PixelHit 1636, 343, 36.679, 0
PixelHit 1636, 344, 31.7855, 0
PixelHit 1636, 345, 40.1219, 0
PixelHit 1636, 346, 42.7637, 0
PixelHit 1636, 347, 42.0027, 0
PixelHit 1636, 348, 57.4171, 0
PixelHit 1636, 349, 49.9641, 0
PixelHit 1636, 350, 22.1046, 0
PixelHit 1636, 351, 25.3329, 0
PixelHit 1636, 352, 18.1271, 0
PixelHit 1636, 353, 23.8762, 0
PixelHit 1636, 354, 37.7399, 0
PixelHit 1636, 355, 99.0961, 0
PixelHit 1636, 356, 81.259, 0
PixelHit 1636, 357, 53.407, 0
PixelHit 1636, 358, 18.3307, 0
PixelHit 1636, 359, 8.51045, 0
PixelHit 1636, 360, 23.4726, 0
PixelHit 1636, 361, 69.0119, 0
PixelHit 1636, 362, 60.5359, 0
PixelHit 1636, 363, 28.7523, 0
PixelHit 1636, 364, 40.16, 0
PixelHit 1636, 365, 32.771, 0
PixelHit 1636, 366, 22.6886, 0
PixelHit 1636, 367, 8.24248, 0
PixelHit 1636, 368, 8.95232, 0
PixelHit 1636, 369, 10.1231, 0
PixelHit 1636, 370, 13.9694, 0
PixelHit 1636, 371, 11.9252, 0
PixelHit 1636, 372, 26.4326, 0
PixelHit 1636, 373, 14.8778, 0
PixelHit 1636, 374, 52.5855, 0
PixelHit 1636, 375, 118.541, 0
PixelHit 1636, 376, 79.0994, 0
PixelHit 1636, 377, 19.6919, 0
PixelHit 1636, 378, 6.34063, 0
PixelHit 1636, 380, 1.62886, 0
PixelHit 1636, 381, 5.70611, 0
PixelHit 1636, 382, 15.3231, 0
PixelHit 1636, 383, 2.85057, 0
PixelHit 1636, 384, 0.836572, 0
PixelHit 1636, 388, 2.57831, 0
PixelHit 1636, 389, 3.18498, 0
PixelHit 1636, 390, 2.33478, 0
PixelHit 1637, 315, 5.1555, 0
PixelHit 1637, 316, 10.2671, 0
PixelHit 1637, 317, 1.61897, 0
PixelHit 1637, 318, 5.3843, 0
PixelHit 1637, 319, 0.575829, 0
PixelHit 1637, 320, 5.78216, 0
PixelHit 1637, 321, 3.64761, 0
PixelHit 1637, 322, 7.2131, 0
PixelHit 1637, 323, 2.79144, 0
PixelHit 1637, 324, 5.67231, 0
PixelHit 1637, 325, 9.57767, 0
PixelHit 1637, 326, 26.0163, 0
PixelHit 1637, 327, 59.5737, 0
PixelHit 1637, 328, 76.6051, 0
PixelHit 1637, 329, 90.2559, 0
PixelHit 1637, 330, 71.2792, 0
PixelHit 1637, 331, 84.1302, 0
PixelHit 1637, 332, 74.9717, 0
PixelHit 1637, 333, 33.3058, 0
PixelHit 1637, 334, 8.49339, 0
PixelHit 1637, 335, 7.27342, 0
PixelHit 1637, 336, 18.818, 0
PixelHit 1637, 337, 32.2777, 0
PixelHit 1637, 338, 60.5408, 0
PixelHit 1637, 339, 53.6318, 0
PixelHit 1637, 340, 33.7436, 0
PixelHit 1637, 341, 23.0743, 0
PixelHit 1637, 342, 19.4661, 0
PixelHit 1637, 343, 16.1388, 0
PixelHit 1637, 344, 19.2733, 0
PixelHit 1637, 345, 21.3789, 0
PixelHit 1637, 346, 22.2297, 0
PixelHit 1637, 347, 34.0182, 0
PixelHit 1637, 348, 46.5542, 0
PixelHit 1637, 349, 34.553, 0
PixelHit 1637, 350, 14.9506, 0
PixelHit 1637, 351, 21.7213, 0
PixelHit 1637, 352, 17.8435, 0
PixelHit 1637, 353, 15.672, 0
PixelHit 1637, 354, 24.3885, 0
PixelHit 1637, 355, 49.3394, 0
PixelHit 1637, 356, 66.0115, 0
PixelHit 1637, 357, 41.7661, 0
PixelHit 1637, 358, 22.0206, 0
PixelHit 1637, 359, 11.6225, 0
PixelHit 1637, 360, 42.3361, 0
PixelHit 1637, 361, 86.6835, 0
PixelHit 1637, 362, 67.601, 0
PixelHit 1637, 363, 37.2354, 0
PixelHit 1637, 364, 35.5198, 0
PixelHit 1637, 365, 59.3268, 0
PixelHit 1637, 366, 19.0443, 0
PixelHit 1637, 367, 21.1423, 0
PixelHit 1637, 368, 18.0713, 0
PixelHit 1637, 369, 29.2652, 0
PixelHit 1637, 370, 29.1584, 0
PixelHit 1637, 371, 58.2129, 0
PixelHit 1637, 372, 53.0261, 0
PixelHit 1637, 373, 55.874, 0
PixelHit 1637, 374, 185.307, 0
PixelHit 1637, 375, 516.412, 0
PixelHit 1637, 376, 243.526, 0
PixelHit 1637, 377, 63.6294, 0
PixelHit 1637, 378, 31.7477, 0
PixelHit 1637, 379, 26.9816, 0
PixelHit 1637, 380, 16.9814, 0
PixelHit 1637, 381, 85.7817, 0
PixelHit 1637, 382, 164.782, 0
PixelHit 1637, 383, 54.5044, 0
PixelHit 1637, 384, 20.5214, 0
PixelHit 1637, 385, 12.7891, 0
PixelHit 1637, 386, 7.84163, 0
PixelHit 1637, 387, 24.5627, 0
PixelHit 1637, 388, 98.7218, 0
PixelHit 1637, 389, 51.7166, 0
PixelHit 1637, 390, 278.776, 0
PixelHit 1637, 391, 81.4435, 0
PixelHit 1637, 392, 1.91543, 0
PixelHit 1637, 393, 3.94694, 0
PixelHit 1637, 394, 1.5753, 0
PixelHit 1637, 395, 9.31862, 0
PixelHit 1637, 396, 5.74609, 0
PixelHit 1638, 315, 1.0787, 0
PixelHit 1638, 318, 0.599168, 0
PixelHit 1638, 320, 2.63402, 0
PixelHit 1638, 323, 1.13232, 0
PixelHit 1638, 324, 2.35067, 0
PixelHit 1638, 325, 4.72855, 0
PixelHit 1638, 326, 5.07514, 0
PixelHit 1638, 327, 5.88169, 0
PixelHit 1638, 328, 14.5636, 0
PixelHit 1638, 329, 12.5143, 0
PixelHit 1638, 330, 11.2489, 0
PixelHit 1638, 331, 11.5188, 0
PixelHit 1638, 332, 9.1574, 0
PixelHit 1638, 333, 8.84104, 0
PixelHit 1638, 334, 3.39439, 0
PixelHit 1638, 335, 2.27895, 0
PixelHit 1638, 336, 3.99726, 0
PixelHit 1638, 337, 13.5701, 0
PixelHit 1638, 338, 9.70547, 0
PixelHit 1638, 339, 11.8639, 0
PixelHit 1638, 340, 3.82879, 0
PixelHit 1638, 342, 3.30952, 0
PixelHit 1638, 343, 2.2626, 0
PixelHit 1638, 344, 4.93405, 0
PixelHit 1638, 345, 5.00014, 0
PixelHit 1638, 346, 11.4404, 0
PixelHit 1638, 347, 5.7066, 0
PixelHit 1638, 348, 9.0219, 0
PixelHit 1638, 349, 3.13035, 0
PixelHit 1638, 350, 6.01469, 0
PixelHit 1638, 351, 1.06317, 0
PixelHit 1638, 352, 3.60594, 0
PixelHit 1638, 353, 5.21945, 0
PixelHit 1638, 354, 8.99804, 0
PixelHit 1638, 355, 14.5421, 0
PixelHit 1638, 356, 13.2074, 0
PixelHit 1638, 357, 7.68827, 0
PixelHit 1638, 358, 3.29311, 0
PixelHit 1638, 359, 3.5983, 0
PixelHit 1638, 360, 8.32338, 0
PixelHit 1638, 361, 25.7263, 0
PixelHit 1638, 362, 10.5181, 0
PixelHit 1638, 363, 10.7245, 0
PixelHit 1638, 364, 16.3771, 0
PixelHit 1638, 365, 14.4908, 0
PixelHit 1638, 366, 7.32695, 0
PixelHit 1638, 367, 1.99629, 0
PixelHit 1638, 368, 5.17257, 0
PixelHit 1638, 369, 12.1145, 0
PixelHit 1638, 370, 9.39558, 0
PixelHit 1638, 371, 17.0223, 0
PixelHit 1638, 372, 35.5029, 0
PixelHit 1638, 373, 26.947, 0
PixelHit 1638, 374, 84.8796, 0
PixelHit 1638, 375, 237.799, 0
PixelHit 1638, 376, 132.557, 0
PixelHit 1638, 377, 41.2897, 0
PixelHit 1638, 378, 14.7962, 0
PixelHit 1638, 379, 13.6966, 0
PixelHit 1638, 380, 13.4754, 0
PixelHit 1638, 381, 56.1142, 0
PixelHit 1638, 382, 122.808, 0
PixelHit 1638, 383, 48.923, 0
PixelHit 1638, 384, 22.4243, 0
PixelHit 1638, 385, 27.9839, 0
PixelHit 1638, 386, 10.6567, 0
PixelHit 1638, 387, 31.1813, 0
PixelHit 1638, 388, 163.588, 0
PixelHit 1638, 389, 109.617, 0
PixelHit 1638, 390, 781.535, 0
PixelHit 1638, 391, 223.734, 0
PixelHit 1638, 392, 12.0102, 0
PixelHit 1638, 393, 35.6382, 0
PixelHit 1638, 394, 31.3486, 0
PixelHit 1638, 395, 79.1485, 0
PixelHit 1638, 396, 31.2009, 0
PixelHit 1638, 397, 155.517, 0
PixelHit 1639, 327, 1.73085, 0
PixelHit 1639, 330, 1.81453, 0
PixelHit 1639, 332, 1.28872, 0
PixelHit 1639, 333, 1.82606, 0
PixelHit 1639, 338, 2.19995, 0
PixelHit 1639, 339, 1.73026, 0
PixelHit 1639, 341, 1.56318, 0
PixelHit 1639, 346, 3.62366, 0
PixelHit 1639, 353, 0.632642, 0
PixelHit 1639, 357, 2.78254, 0
PixelHit 1639, 359, 2.11897, 0
PixelHit 1639, 366, 2.93144, 0
PixelHit 1639, 367, 0.72811, 0
PixelHit 1639, 368, 2.54643, 0
PixelHit 1639, 372, 2.26997, 0
PixelHit 1639, 373, 2.81632, 0
PixelHit 1639, 374, 4.60707, 0
PixelHit 1639, 375, 15.4867, 0
PixelHit 1639, 376, 12.7541, 0
PixelHit 1639, 380, 2.20117, 0
PixelHit 1639, 381, 3.37511, 0
PixelHit 1639, 382, 6.48853, 0
PixelHit 1639, 384, 1.00914, 0
PixelHit 1639, 386, 0.0427935, 0
PixelHit 1639, 388, 8.6947, 0
PixelHit 1639, 390, 22.2432, 0
PixelHit 1639, 391, 2.47916, 0
PixelHit 1639, 392, 2.66947, 0
PixelHit 1640, 339, 1.65731, 0
PixelHit 1640, 356, 1.39111, 0
PixelHit 1687, 843, 128.47, 0
PixelHit 1687, 844, 81.4702, 0
PixelHit 1688, 843, 827.403, 0
PixelHit 1688, 844, 775.793, 0
PixelHit 1688, 845, 2.58706, 0
PixelHit 1689, 842, 94.5381, 0
PixelHit 1689, 843, 232.838, 0
PixelHit 1689, 844, 98.1731, 0
PixelHit 1690, 840, 2.04815, 0
PixelHit 1690, 841, 33.9757, 0
PixelHit 1690, 842, 148.835, 0
PixelHit 1690, 843, 48.8033, 0
PixelHit 1691, 840, 6.67672, 0
PixelHit 1691, 841, 264.778, 0
PixelHit 1691, 842, 195.961, 0
PixelHit 1691, 843, 7.61122, 0
PixelHit 1692, 840, 9.73447, 0
PixelHit 1692, 841, 242.679, 0
PixelHit 1692, 842, 115.815, 0
PixelHit 1693, 840, 16.68, 0
PixelHit 1693, 841, 67.2231, 0
PixelHit 1693, 842, 13.1254, 0
PixelHit 1694, 839, 2.90497, 0
PixelHit 1694, 840, 120.94, 0
PixelHit 1694, 841, 140.058, 0
PixelHit 1694, 842, 3.53468, 0
PixelHit 1695, 839, 5.69496, 0
PixelHit 1695, 840, 189.749, 0
PixelHit 1695, 841, 173.421, 0
PixelHit 1695, 842, 2.56701, 0
PixelHit 1696, 840, 61.7242, 0
PixelHit 1696, 841, 90.5431, 0
PixelHit 1696, 842, 9.30808, 0
PixelHit 1697, 840, 53.1749, 0
PixelHit 1697, 841, 215.968, 0
PixelHit 1697, 842, 32.2583, 0
PixelHit 1698, 840, 63.7919, 0
PixelHit 1698, 841, 195.891, 0
PixelHit 1698, 842, 50.3253, 0
PixelHit 1699, 840, 28.4024, 0
PixelHit 1699, 841, 97.2751, 0
PixelHit 1699, 842, 37.9333, 0
PixelHit 1699, 843, 2.54992, 0
PixelHit 1700, 840, 5.83791, 0
PixelHit 1700, 841, 46.9641, 0
PixelHit 1700, 842, 60.8359, 0
PixelHit 1700, 843, 7.77915, 0
PixelHit 1701, 840, 1.74678, 0
PixelHit 1701, 841, 54.6351, 0
PixelHit 1701, 842, 167.615, 0
PixelHit 1701, 843, 49.7151, 0
PixelHit 1701, 844, 4.20404, 0
PixelHit 1702, 841, 64.8473, 0
PixelHit 1702, 842, 320.922, 0
PixelHit 1702, 843, 163.58, 0
PixelHit 1702, 844, 8.31984, 0
PixelHit 1703, 840, 2.0628, 0
PixelHit 1703, 841, 46.4683, 0
PixelHit 1703, 842, 390.89, 0
PixelHit 1703, 843, 247.407, 0
PixelHit 1703, 844, 19.9022, 0
PixelHit 1704, 840, 1.54511, 0
PixelHit 1704, 841, 19.1109, 0
PixelHit 1704, 842, 181.637, 0
PixelHit 1704, 843, 139.12, 0
PixelHit 1704, 844, 9.53612, 0
PixelHit 1705, 839, 12.8644, 0
PixelHit 1705, 840, 13.6411, 0
PixelHit 1705, 841, 17.3928, 0
PixelHit 1705, 842, 188.245, 0
PixelHit 1705, 843, 152.734, 0
PixelHit 1705, 844, 10.8056, 0
PixelHit 1706, 839, 742.584, 0
PixelHit 1706, 840, 878.565, 0
PixelHit 1706, 841, 77.7647, 0
PixelHit 1706, 842, 240.862, 0
PixelHit 1706, 843, 157.097, 0
PixelHit 1706, 844, 13.9866, 0
PixelHit 1707, 839, 348.661, 0
PixelHit 1707, 840, 1619.51, 0
PixelHit 1707, 841, 841.066, 0
PixelHit 1707, 842, 590.426, 0
PixelHit 1707, 843, 98.5134, 0
PixelHit 1707, 844, 2.10621, 0
PixelHit 1708, 840, 340.323, 0
PixelHit 1708, 841, 240.558, 0
PixelHit 1708, 842, 123.883, 0
PixelHit 1708, 843, 18.4644, 0
PixelHit 1709, 840, 4.46947, 0
PixelHit 1709, 841, 5.86772, 0
PixelHit 1709, 842, 0.822702, 0
=== 45 ===
=== 46 ===
=== 47 ===
=== 48 ===
=== 49 ===
=== 50 ===
=== 51 ===
=== 52 ===
=== 53 ===
=== 54 ===
=== 55 ===
=== 56 ===
=== 57 ===
=== 58 ===
=== 59 ===
=== 60 ===
=== 61 ===
=== 62 ===
=== 63 ===
=== 64 ===
=== 65 ===
=== 66 ===
=== 67 ===
=== 68 ===
=== 69 ===
=== 70 ===
=== 71 ===
=== 72 ===
=== 73 ===
=== 74 ===
=== 75 ===
=== 76 ===
=== 77 ===
=== 78 ===
=== 79 ===
=== 80 ===
=== 81 ===
=== 82 ===
=== 83 ===
=== 84 ===
=== 85 ===
=== 86 ===
=== 87 ===
=== 88 ===
=== 89 ===
=== 90 ===
=== 91 ===
=== 92 ===
=== 93 ===
=== 94 ===
=== 95 ===
=== 96 ===
=== 97 ===
=== 98 ===
=== 99 ===
=== 100 ===
# 905 objects from 2 messages
