# Allpix Squared ASCII data - https://cern.ch/allpix-squared

=== 1 ===
=== 2 ===
=== 3 ===
=== 4 ===
=== 5 ===
=== 6 ===
=== 7 ===
=== 8 ===
=== 9 ===
--- mydetector ---
PixelHit 2051, 1628, 18.4091, 0
PixelHit 2051, 1629, 15.0787, 0
PixelHit 2052, 1627, 14.1343, 0
PixelHit 2052, 1628, 98.2259, 0
PixelHit 2052, 1629, 22.403, 0
PixelHit 2052, 1630, 0.414409, 0
PixelHit 2053, 1625, 4.34638, 0
PixelHit 2053, 1626, 17.3457, 0
PixelHit 2053, 1627, 8.9181, 0
PixelHit 2053, 1628, 2.33753, 0
PixelHit 2054, 1622, 6.41698, 0
PixelHit 2054, 1623, 78.5906, 0
PixelHit 2054, 1624, 24.1328, 0
PixelHit 2054, 1626, 2.42543, 0
PixelHit 2055, 1620, 6.97877, 0
PixelHit 2055, 1622, 6.28604, 0
PixelHit 2055, 1623, 21.6891, 0
PixelHit 2055, 1624, 4.39135, 0
PixelHit 2056, 1617, 6.06643, 0
PixelHit 2056, 1618, 28.3668, 0
PixelHit 2056, 1619, 74.8322, 0
PixelHit 2056, 1620, 68.9227, 0
PixelHit 2056, 1621, 6.23231, 0
PixelHit 2057, 1616, 2.20422, 0
PixelHit 2057, 1617, 31.5993, 0
PixelHit 2057, 1618, 44.4651, 0
PixelHit 2057, 1619, 33.0407, 0
PixelHit 2057, 1620, 11.347, 0
PixelHit 2058, 1613, 6.02354, 0
PixelHit 2058, 1614, 20.9445, 0
PixelHit 2058, 1615, 21.7686, 0
PixelHit 2058, 1617, 11.9265, 0
PixelHit 2058, 1618, 5.54481, 0
PixelHit 2059, 1610, 4.95809, 0
PixelHit 2059, 1611, 18.3574, 0
PixelHit 2059, 1612, 17.2368, 0
PixelHit 2059, 1613, 36.6849, 0
PixelHit 2059, 1614, 42.228, 0
PixelHit 2059, 1615, 22.0682, 0
PixelHit 2060, 1608, 3.72189, 0
PixelHit 2060, 1609, 27.1874, 0
PixelHit 2060, 1610, 60.7301, 0
PixelHit 2060, 1611, 108.304, 0
PixelHit 2060, 1612, 50.4167, 0
PixelHit 2060, 1613, 15.8373, 0
PixelHit 2060, 1614, 5.34348, 0
PixelHit 2061, 1606, 1.31338, 0
PixelHit 2061, 1607, 2.20358, 0
PixelHit 2061, 1608, 17.2815, 0
PixelHit 2061, 1609, 128.673, 0
PixelHit 2061, 1610, 120.839, 0
PixelHit 2061, 1611, 55.4702, 0
PixelHit 2061, 1612, 12.6129, 0
PixelHit 2061, 1613, 1.7221, 0
PixelHit 2062, 1604, 10.3418, 0
PixelHit 2062, 1605, 16.776, 0
PixelHit 2062, 1606, 6.5692, 0
PixelHit 2062, 1607, 9.30807, 0
PixelHit 2062, 1608, 14.475, 0
PixelHit 2062, 1609, 42.5625, 0
PixelHit 2062, 1610, 18.3536, 0
PixelHit 2062, 1611, 2.31424, 0
PixelHit 2063, 1602, 2.30013, 0
PixelHit 2063, 1603, 12.8176, 0
PixelHit 2063, 1604, 50.4036, 0
PixelHit 2063, 1605, 81.6969, 0
PixelHit 2063, 1606, 45.1177, 0
PixelHit 2063, 1607, 7.15891, 0
PixelHit 2063, 1608, 7.65728, 0
PixelHit 2063, 1610, 6.7982, 0
PixelHit 2064, 1600, 2.51033, 0
PixelHit 2064, 1601, 13.2687, 0
PixelHit 2064, 1602, 38.6728, 0
PixelHit 2064, 1603, 38.9479, 0
PixelHit 2064, 1604, 44.0863, 0
PixelHit 2064, 1605, 43.1473, 0
PixelHit 2064, 1606, 10.6466, 0
PixelHit 2064, 1607, 2.12614, 0
PixelHit 2065, 1597, 1.56693, 0
PixelHit 2065, 1598, 10.3443, 0
PixelHit 2065, 1599, 29.8295, 0
PixelHit 2065, 1600, 30.2043, 0
PixelHit 2065, 1601, 18.2147, 0
PixelHit 2065, 1602, 49.0587, 0
PixelHit 2065, 1603, 26.8833, 0
PixelHit 2065, 1604, 5.32105, 0
PixelHit 2065, 1605, 1.82118, 0
PixelHit 2066, 1597, 13.1008, 0
PixelHit 2066, 1598, 25.725, 0
PixelHit 2066, 1599, 70.4185, 0
PixelHit 2066, 1600, 62.0837, 0
PixelHit 2066, 1601, 14.1973, 0
PixelHit 2066, 1602, 7.27802, 0
PixelHit 2067, 1594, 4.04977, 0
PixelHit 2067, 1595, 7.21812, 0
PixelHit 2067, 1596, 35.4917, 0
PixelHit 2067, 1597, 29.093, 0
PixelHit 2067, 1598, 38.85, 0
PixelHit 2067, 1599, 24.423, 0
PixelHit 2067, 1600, 18.0019, 0
PixelHit 2067, 1601, 1.7192, 0
PixelHit 2068, 1590, 2.15923, 0
PixelHit 2068, 1592, 3.8759, 0
PixelHit 2068, 1593, 21.9351, 0
PixelHit 2068, 1594, 6.20491, 0
PixelHit 2068, 1595, 13.2957, 0
PixelHit 2068, 1596, 22.3076, 0
PixelHit 2068, 1597, 14.4019, 0
PixelHit 2068, 1598, 4.737, 0
PixelHit 2068, 1600, 0.735909, 0
PixelHit 2069, 1590, 4.09336, 0
PixelHit 2069, 1591, 5.42352, 0
PixelHit 2069, 1592, 13.6751, 0
PixelHit 2069, 1593, 24.9303, 0
PixelHit 2069, 1594, 15.0196, 0
PixelHit 2069, 1595, 7.39092, 0
PixelHit 2069, 1596, 4.36066, 0
PixelHit 2070, 1587, 1.18995, 0
PixelHit 2070, 1588, 2.31631, 0
PixelHit 2070, 1589, 5.27656, 0
PixelHit 2070, 1590, 3.58942, 0
PixelHit 2070, 1591, 14.9584, 0
PixelHit 2070, 1592, 15.9069, 0
PixelHit 2070, 1593, 19.4312, 0
PixelHit 2070, 1594, 7.56606, 0
PixelHit 2070, 1595, 1.59945, 0
PixelHit 2071, 1585, 2.85756, 0
PixelHit 2071, 1586, 8.32189, 0
PixelHit 2071, 1587, 17.0054, 0
PixelHit 2071, 1588, 31.3576, 0
PixelHit 2071, 1589, 11.074, 0
PixelHit 2071, 1590, 3.62796, 0
PixelHit 2071, 1591, 6.5388, 0
PixelHit 2071, 1592, 2.18999, 0
PixelHit 2071, 1593, 1.99528, 0
PixelHit 2072, 1583, 6.6813, 0
PixelHit 2072, 1584, 4.01107, 0
PixelHit 2072, 1585, 5.1592, 0
PixelHit 2072, 1586, 18.5997, 0
PixelHit 2072, 1587, 24.3667, 0
PixelHit 2072, 1588, 27.4457, 0
PixelHit 2072, 1589, 10.4368, 0
PixelHit 2072, 1590, 3.42233, 0
PixelHit 2072, 1591, 1.60386, 0
PixelHit 2073, 1581, 1.79192, 0
PixelHit 2073, 1582, 7.57845, 0
PixelHit 2073, 1583, 11.3493, 0
PixelHit 2073, 1584, 9.58588, 0
PixelHit 2073, 1585, 11.5045, 0
PixelHit 2073, 1586, 11.9889, 0
PixelHit 2073, 1587, 16.5597, 0
PixelHit 2073, 1588, 7.59008, 0
PixelHit 2074, 1578, 0.254621, 0
PixelHit 2074, 1580, 5.54897, 0
PixelHit 2074, 1581, 7.61979, 0
PixelHit 2074, 1582, 10.6976, 0
PixelHit 2074, 1583, 15.8644, 0
PixelHit 2074, 1584, 16.9175, 0
PixelHit 2074, 1585, 6.32999, 0
PixelHit 2074, 1586, 2.57402, 0
PixelHit 2074, 1587, 1.60934, 0
PixelHit 2074, 1588, -0.713197, 0
PixelHit 2075, 1575, 0.900031, 0
PixelHit 2075, 1577, 2.9884, 0
PixelHit 2075, 1578, 5.66675, 0
PixelHit 2075, 1579, 18.2089, 0
PixelHit 2075, 1580, 13.7284, 0
PixelHit 2075, 1581, 16.7946, 0
PixelHit 2075, 1582, 12.7612, 0
PixelHit 2075, 1583, 8.35292, 0
PixelHit 2075, 1584, 3.6308, 0
PixelHit 2076, 1576, 3.48217, 0
PixelHit 2076, 1577, 14.6003, 0
PixelHit 2076, 1578, 34.6078, 0
PixelHit 2076, 1579, 29.0168, 0
PixelHit 2076, 1580, 17.9493, 0
PixelHit 2076, 1581, 9.41749, 0
PixelHit 2076, 1582, 0.734713, 0
PixelHit 2076, 1583, 0.620061, 0
PixelHit 2077, 1574, 1.62809, 0
PixelHit 2077, 1576, 7.45571, 0
PixelHit 2077, 1577, 12.9087, 0
PixelHit 2077, 1578, 22.7993, 0
PixelHit 2077, 1579, 19.0584, 0
PixelHit 2077, 1580, 8.42039, 0
PixelHit 2078, 1570, 1.87183, 0
PixelHit 2078, 1572, 3.0327, 0
PixelHit 2078, 1573, 8.75267, 0
PixelHit 2078, 1574, 8.97083, 0
PixelHit 2078, 1575, 6.98576, 0
PixelHit 2078, 1576, 2.59548, 0
PixelHit 2078, 1577, 3.22356, 0
PixelHit 2078, 1578, 2.50323, 0
PixelHit 2078, 1580, 1.91048, 0
PixelHit 2079, 1568, 3.25458, 0
PixelHit 2079, 1569, 0.86742, 0
PixelHit 2079, 1571, 5.35466, 0
PixelHit 2079, 1572, 9.24885, 0
PixelHit 2079, 1573, 21.7421, 0
PixelHit 2079, 1574, 12.7708, 0
PixelHit 2079, 1575, 4.4221, 0
PixelHit 2080, 1567, 2.92149, 0
PixelHit 2080, 1569, 3.21583, 0
PixelHit 2080, 1570, 8.09796, 0
PixelHit 2080, 1571, 7.80245, 0
PixelHit 2080, 1572, 8.82053, 0
PixelHit 2080, 1573, 7.92765, 0
PixelHit 2080, 1574, 2.63605, 0
PixelHit 2080, 1575, 2.04224, 0
PixelHit 2081, 1562, -0.00258978, 0
PixelHit 2081, 1563, 1.31741, 0
PixelHit 2081, 1564, 4.05215, 0
PixelHit 2081, 1565, 4.82116, 0
PixelHit 2081, 1566, 5.00442, 0
PixelHit 2081, 1567, 7.3898, 0
PixelHit 2081, 1568, 5.0249, 0
PixelHit 2081, 1570, 7.27445, 0
PixelHit 2081, 1571, 8.23006, 0
PixelHit 2081, 1572, 1.39885, 0
PixelHit 2082, 1560, 3.43894, 0
PixelHit 2082, 1561, 2.49393, 0
PixelHit 2082, 1562, 2.85757, 0
PixelHit 2082, 1563, 16.0308, 0
PixelHit 2082, 1564, 21.4886, 0
PixelHit 2082, 1565, 34.5752, 0
PixelHit 2082, 1566, 15.8423, 0
PixelHit 2082, 1567, 9.58814, 0
PixelHit 2082, 1568, 5.72741, 0
PixelHit 2083, 1559, 4.80791, 0
PixelHit 2083, 1560, 35.3733, 0
PixelHit 2083, 1561, 37.9922, 0
PixelHit 2083, 1562, 36.8495, 0
PixelHit 2083, 1563, 53.8996, 0
PixelHit 2083, 1564, 66.6855, 0
PixelHit 2083, 1565, 50.5803, 0
PixelHit 2083, 1566, 21.3778, 0
PixelHit 2083, 1567, 9.26069, 0
PixelHit 2084, 1557, 2.1618, 0
PixelHit 2084, 1558, 4.44193, 0
PixelHit 2084, 1559, 53.3558, 0
PixelHit 2084, 1560, 108.79, 0
PixelHit 2084, 1561, 140.456, 0
PixelHit 2084, 1562, 82.6026, 0
PixelHit 2084, 1563, 56.9805, 0
PixelHit 2084, 1564, 58.1894, 0
PixelHit 2084, 1565, 23.4703, 0
PixelHit 2084, 1566, 8.62995, 0
PixelHit 2085, 1553, 1.03184, 0
PixelHit 2085, 1555, 0.628017, 0
PixelHit 2085, 1556, 6.13441, 0
PixelHit 2085, 1557, 2.71808, 0
PixelHit 2085, 1558, 12.0405, 0
PixelHit 2085, 1559, 82.3673, 0
PixelHit 2085, 1560, 192.763, 0
PixelHit 2085, 1561, 194.487, 0
PixelHit 2085, 1562, 95.9537, 0
PixelHit 2085, 1563, 27.2547, 0
PixelHit 2085, 1564, 15.1921, 0
PixelHit 2085, 1565, 7.42557, 0
PixelHit 2085, 1566, 0.686453, 0
PixelHit 2086, 1553, 1.70504, 0
PixelHit 2086, 1554, 3.20018, 0
PixelHit 2086, 1555, 10.3842, 0
PixelHit 2086, 1556, 29.225, 0
PixelHit 2086, 1557, 14.9403, 0
PixelHit 2086, 1558, 21.7265, 0
PixelHit 2086, 1559, 62.4539, 0
PixelHit 2086, 1560, 92.4828, 0
PixelHit 2086, 1561, 105.03, 0
PixelHit 2086, 1562, 31.2276, 0
PixelHit 2086, 1563, 11.2484, 0
PixelHit 2087, 1551, 3.72502, 0
PixelHit 2087, 1553, 3.66435, 0
PixelHit 2087, 1554, 32.1569, 0
PixelHit 2087, 1555, 30.0464, 0
PixelHit 2087, 1556, 22.5047, 0
PixelHit 2087, 1557, 22.6868, 0
PixelHit 2087, 1558, 15.7597, 0
PixelHit 2087, 1559, 18.1269, 0
PixelHit 2087, 1560, 32.453, 0
PixelHit 2087, 1561, 13.8893, 0
PixelHit 2087, 1562, 11.5265, 0
PixelHit 2087, 1563, 1.34108, 0
PixelHit 2088, 1548, 1.49485, 0
PixelHit 2088, 1550, 4.01514, 0
PixelHit 2088, 1552, 11.2984, 0
PixelHit 2088, 1553, 23.4049, 0
PixelHit 2088, 1554, 28.5173, 0
PixelHit 2088, 1555, 44.7509, 0
PixelHit 2088, 1556, 34.5393, 0
PixelHit 2088, 1557, 15.7705, 0
PixelHit 2088, 1558, 7.71575, 0
PixelHit 2088, 1559, 4.81726, 0
PixelHit 2088, 1560, 1.78951, 0
PixelHit 2088, 1561, 1.91356, 0
PixelHit 2088, 1562, 1.71438, 0
PixelHit 2089, 1545, 2.32187, 0
PixelHit 2089, 1546, 5.76972, 0
PixelHit 2089, 1547, 5.49884, 0
PixelHit 2089, 1548, 5.84786, 0
PixelHit 2089, 1549, 5.73004, 0
PixelHit 2089, 1550, 7.58772, 0
PixelHit 2089, 1551, 13.5427, 0
PixelHit 2089, 1552, 13.7783, 0
PixelHit 2089, 1553, 29.6611, 0
PixelHit 2089, 1554, 13.0406, 0
PixelHit 2089, 1555, 15.9417, 0
PixelHit 2089, 1556, 14.9468, 0
PixelHit 2089, 1557, 3.5688, 0
PixelHit 2090, 1544, 4.02298, 0
PixelHit 2090, 1545, 12.4415, 0
PixelHit 2090, 1546, 34.9413, 0
PixelHit 2090, 1547, 44.7731, 0
PixelHit 2090, 1548, 30.7003, 0
PixelHit 2090, 1549, 12.1643, 0
PixelHit 2090, 1550, 19.2785, 0
PixelHit 2090, 1551, 15.5909, 0
PixelHit 2090, 1552, 7.41186, 0
PixelHit 2090, 1553, 11.1996, 0
PixelHit 2090, 1554, 7.77633, 0
PixelHit 2090, 1555, 5.76771, 0
PixelHit 2091, 1543, 3.85874, 0
PixelHit 2091, 1544, 10.9401, 0
PixelHit 2091, 1545, 37.1451, 0
PixelHit 2091, 1546, 109.588, 0
PixelHit 2091, 1547, 122.904, 0
PixelHit 2091, 1548, 61.743, 0
PixelHit 2091, 1549, 29.8496, 0
PixelHit 2091, 1550, 22.3587, 0
PixelHit 2091, 1551, 5.30983, 0
PixelHit 2091, 1552, 2.52594, 0
PixelHit 2091, 1553, 2.82289, 0
PixelHit 2091, 1554, 2.33804, 0
PixelHit 2092, 1542, 5.76453, 0
PixelHit 2092, 1543, 14.2651, 0
PixelHit 2092, 1544, 16.1534, 0
PixelHit 2092, 1545, 57.5095, 0
PixelHit 2092, 1546, 139.832, 0
PixelHit 2092, 1547, 179.98, 0
PixelHit 2092, 1548, 84.1193, 0
PixelHit 2092, 1549, 24.0231, 0
PixelHit 2092, 1550, 6.11288, 0
PixelHit 2092, 1551, 5.77188, 0
PixelHit 2092, 1552, 2.06643, 0
PixelHit 2093, 1540, 0.480172, 0
PixelHit 2093, 1541, 11.2269, 0
PixelHit 2093, 1542, 17.6438, 0
PixelHit 2093, 1543, 22.9205, 0
PixelHit 2093, 1544, 28.5234, 0
PixelHit 2093, 1545, 47.614, 0
PixelHit 2093, 1546, 98.2872, 0
PixelHit 2093, 1547, 94.8696, 0
PixelHit 2093, 1548, 57.3448, 0
PixelHit 2093, 1549, 5.88037, 0
PixelHit 2094, 1538, 2.86755, 0
PixelHit 2094, 1540, 2.90019, 0
PixelHit 2094, 1541, 7.84357, 0
PixelHit 2094, 1542, 15.4525, 0
PixelHit 2094, 1543, 28.5755, 0
PixelHit 2094, 1544, 20.4119, 0
PixelHit 2094, 1545, 14.3617, 0
PixelHit 2094, 1546, 18.5457, 0
PixelHit 2094, 1547, 15.9179, 0
PixelHit 2094, 1548, 11.8641, 0
PixelHit 2095, 1533, 1.91823, 0
PixelHit 2095, 1535, 0.877046, 0
PixelHit 2095, 1536, 3.07057, 0
PixelHit 2095, 1537, 1.61738, 0
PixelHit 2095, 1538, 8.61853, 0
PixelHit 2095, 1539, 6.68732, 0
PixelHit 2095, 1540, 4.32615, 0
PixelHit 2095, 1541, 7.13748, 0
PixelHit 2095, 1542, 9.98994, 0
PixelHit 2095, 1543, 9.93396, 0
PixelHit 2095, 1544, 13.1734, 0
PixelHit 2095, 1545, 8.23098, 0
PixelHit 2095, 1547, 1.23751, 0
PixelHit 2095, 1551, 2.94173, 0
PixelHit 2096, 1530, 0.725537, 0
PixelHit 2096, 1531, 1.80258, 0
PixelHit 2096, 1532, 4.63403, 0
PixelHit 2096, 1533, 0.651065, 0
PixelHit 2096, 1534, 4.44459, 0
PixelHit 2096, 1535, 7.67032, 0
PixelHit 2096, 1536, 3.86768, 0
PixelHit 2096, 1537, 5.91244, 0
PixelHit 2096, 1538, 7.29565, 0
PixelHit 2096, 1539, 7.10253, 0
PixelHit 2096, 1540, 6.08122, 0
PixelHit 2096, 1541, 7.81357, 0
PixelHit 2096, 1542, 3.22071, 0
PixelHit 2096, 1543, 5.7597, 0
PixelHit 2096, 1544, 2.81958, 0
PixelHit 2097, 1530, 3.42633, 0
PixelHit 2097, 1531, 3.71548, 0
PixelHit 2097, 1532, 9.75732, 0
PixelHit 2097, 1533, 13.0314, 0
PixelHit 2097, 1534, 11.427, 0
PixelHit 2097, 1535, 12.0378, 0
PixelHit 2097, 1536, 7.77453, 0
PixelHit 2097, 1537, 8.71823, 0
PixelHit 2097, 1538, 7.47143, 0
PixelHit 2097, 1539, 6.75175, 0
PixelHit 2097, 1540, 2.35326, 0
PixelHit 2097, 1541, 3.16753, 0
PixelHit 2098, 1527, 2.50977, 0
PixelHit 2098, 1528, 2.35068, 0
PixelHit 2098, 1529, 7.49425, 0
PixelHit 2098, 1530, 5.16251, 0
PixelHit 2098, 1531, 17.0795, 0
PixelHit 2098, 1532, 23.1329, 0
PixelHit 2098, 1533, 14.5142, 0
PixelHit 2098, 1534, 19.656, 0
PixelHit 2098, 1535, 11.8304, 0
PixelHit 2098, 1536, 6.38512, 0
PixelHit 2098, 1537, 7.41489, 0
PixelHit 2098, 1540, 1.13323, 0
PixelHit 2098, 1543, 0.832464, 0
PixelHit 2099, 1527, 3.91758, 0
PixelHit 2099, 1528, 8.43488, 0
PixelHit 2099, 1529, 13.3787, 0
PixelHit 2099, 1530, 24.466, 0
PixelHit 2099, 1531, 30.4873, 0
PixelHit 2099, 1532, 29.0346, 0
PixelHit 2099, 1533, 21.4712, 0
PixelHit 2099, 1534, 19.1565, 0
PixelHit 2099, 1535, 11.6549, 0
PixelHit 2099, 1536, 9.49841, 0
PixelHit 2100, 1526, 5.40297, 0
PixelHit 2100, 1527, 21.7597, 0
PixelHit 2100, 1528, 26.7191, 0
PixelHit 2100, 1529, 16.7094, 0
PixelHit 2100, 1530, 26.5113, 0
PixelHit 2100, 1531, 17.8546, 0
PixelHit 2100, 1532, 25.4394, 0
PixelHit 2100, 1533, 11.9386, 0
PixelHit 2100, 1534, 2.73008, 0
PixelHit 2100, 1535, 1.01742, 0
PixelHit 2101, 1524, 0.828544, 0
PixelHit 2101, 1525, 4.99379, 0
PixelHit 2101, 1526, 16.3605, 0
PixelHit 2101, 1527, 26.0838, 0
PixelHit 2101, 1528, 30.1189, 0
PixelHit 2101, 1529, 15.7882, 0
PixelHit 2101, 1530, 8.62895, 0
PixelHit 2101, 1531, 20.159, 0
PixelHit 2101, 1532, 5.77966, 0
PixelHit 2101, 1533, 5.18241, 0
PixelHit 2101, 1534, 1.97498, 0
PixelHit 2102, 1521, 1.88482, 0
PixelHit 2102, 1522, 5.67212, 0
PixelHit 2102, 1524, 4.09844, 0
PixelHit 2102, 1525, 11.315, 0
PixelHit 2102, 1526, 10.331, 0
PixelHit 2102, 1527, 16.5458, 0
PixelHit 2102, 1528, 25.4263, 0
PixelHit 2102, 1529, 12.1531, 0
PixelHit 2102, 1530, 5.58515, 0
PixelHit 2102, 1531, 3.43142, 0
PixelHit 2102, 1532, 2.23964, 0
PixelHit 2102, 1533, 0.734163, 0
PixelHit 2102, 1534, 0.215085, 0
PixelHit 2103, 1517, 1.65515, 0
PixelHit 2103, 1518, 0.908195, 0
PixelHit 2103, 1519, 2.51006, 0
PixelHit 2103, 1520, 6.4966, 0
PixelHit 2103, 1521, 11.281, 0
PixelHit 2103, 1522, 7.52776, 0
PixelHit 2103, 1523, 7.75723, 0
PixelHit 2103, 1524, 9.66674, 0
PixelHit 2103, 1525, 8.79017, 0
PixelHit 2103, 1526, 12.1518, 0
PixelHit 2103, 1527, 7.80546, 0
PixelHit 2103, 1528, 5.88514, 0
PixelHit 2103, 1529, 4.22942, 0
PixelHit 2104, 1515, 2.49453, 0
PixelHit 2104, 1517, 6.2433, 0
PixelHit 2104, 1518, 12.8795, 0
PixelHit 2104, 1519, 7.01493, 0
PixelHit 2104, 1520, 9.62145, 0
PixelHit 2104, 1521, 10.2398, 0
PixelHit 2104, 1522, 22.0885, 0
PixelHit 2104, 1523, 14.0012, 0
PixelHit 2104, 1524, 5.07677, 0
PixelHit 2104, 1525, 3.21584, 0
PixelHit 2104, 1526, 3.85833, 0
PixelHit 2104, 1527, 3.14147, 0
PixelHit 2104, 1529, 2.52549, 0
PixelHit 2105, 1513, 1.7108, 0
PixelHit 2105, 1514, 4.80179, 0
PixelHit 2105, 1515, 1.95771, 0
PixelHit 2105, 1516, 8.65865, 0
PixelHit 2105, 1517, 9.7073, 0
PixelHit 2105, 1518, 19.2233, 0
PixelHit 2105, 1519, 16.3256, 0
PixelHit 2105, 1520, 14.6593, 0
PixelHit 2105, 1521, 11.9202, 0
PixelHit 2105, 1522, 13.9584, 0
PixelHit 2105, 1523, 8.55725, 0
PixelHit 2105, 1524, 1.72232, 0
PixelHit 2105, 1527, 1.09968, 0
PixelHit 2106, 1511, 2.72055, 0
PixelHit 2106, 1512, 4.84168, 0
PixelHit 2106, 1513, 3.09281, 0
PixelHit 2106, 1514, 19.4572, 0
PixelHit 2106, 1515, 12.6631, 0
PixelHit 2106, 1516, 17.3535, 0
PixelHit 2106, 1517, 14.6523, 0
PixelHit 2106, 1518, 27.2669, 0
PixelHit 2106, 1519, 18.4898, 0
PixelHit 2106, 1520, 11.3435, 0
PixelHit 2106, 1521, 5.62279, 0
PixelHit 2106, 1522, 8.17192, 0
PixelHit 2107, 1509, 2.83267, 0
PixelHit 2107, 1511, 9.39217, 0
PixelHit 2107, 1512, 16.8188, 0
PixelHit 2107, 1513, 14.5487, 0
PixelHit 2107, 1514, 13.1192, 0
PixelHit 2107, 1515, 26.3026, 0
PixelHit 2107, 1516, 26.485, 0
PixelHit 2107, 1517, 16.5121, 0
PixelHit 2107, 1518, 16.9805, 0
PixelHit 2107, 1519, 7.80106, 0
PixelHit 2107, 1520, 5.88149, 0
PixelHit 2107, 1521, 2.88871, 0
PixelHit 2107, 1522, 1.03415, 0
PixelHit 2108, 1508, 2.39745, 0
PixelHit 2108, 1509, 2.27831, 0
PixelHit 2108, 1510, 7.46199, 0
PixelHit 2108, 1511, 12.4139, 0
PixelHit 2108, 1512, 23.3832, 0
PixelHit 2108, 1513, 39.322, 0
PixelHit 2108, 1514, 32.5418, 0
PixelHit 2108, 1515, 30.9969, 0
PixelHit 2108, 1516, 12.7707, 0
PixelHit 2108, 1517, 6.87683, 0
PixelHit 2108, 1518, 2.67162, 0
PixelHit 2108, 1519, 3.32584, 0
PixelHit 2108, 1520, 3.59148, 0
PixelHit 2108, 1521, 3.9872, 0
PixelHit 2109, 1509, 8.25016, 0
PixelHit 2109, 1510, 14.4208, 0
PixelHit 2109, 1511, 3.55142, 0
PixelHit 2109, 1512, 22.9244, 0
PixelHit 2109, 1513, 15.8994, 0
PixelHit 2109, 1514, 21.4722, 0
PixelHit 2109, 1515, 21.2756, 0
PixelHit 2109, 1516, 9.67833, 0
PixelHit 2109, 1517, 3.58281, 0
PixelHit 2110, 1509, 5.4192, 0
PixelHit 2110, 1510, 10.8307, 0
PixelHit 2110, 1511, 14.3419, 0
PixelHit 2110, 1512, 8.97613, 0
PixelHit 2110, 1513, 11.8882, 0
PixelHit 2110, 1514, 7.26147, 0
PixelHit 2110, 1515, 5.67592, 0
PixelHit 2110, 1516, 4.70535, 0
PixelHit 2110, 1517, 2.77135, 0
PixelHit 2111, 1510, 5.82537, 0
PixelHit 2111, 1511, 3.01349, 0
PixelHit 2111, 1512, 1.57631, 0
PixelHit 2111, 1513, 1.07897, 0
PixelHit 2111, 1514, 1.87661, 0
PixelHit 2111, 1515, 3.95605, 0
PixelHit 2112, 1510, 2.65548, 0
PixelHit 2112, 1511, 3.25211, 0
=== 10 ===
=== 11 ===
=== 12 ===
=== 13 ===
=== 14 ===
--- mydetector ---
PixelHit 1296, 1082, 12.3234, 0
PixelHit 1296, 1083, 2.86115, 0
PixelHit 1297, 1080, 5.17594, 0
PixelHit 1297, 1081, 10.4833, 0
PixelHit 1297, 1082, 79.3436, 0
PixelHit 1297, 1083, 37.6711, 0
PixelHit 1298, 1077, 0.971717, 0
PixelHit 1298, 1079, 9.03603, 0
PixelHit 1298, 1080, 18.017, 0
PixelHit 1298, 1081, 15.6565, 0
PixelHit 1298, 1082, 1.50898, 0
PixelHit 1299, 1077, 28.5757, 0
PixelHit 1299, 1078, 24.2005, 0
PixelHit 1299, 1079, 10.4107, 0
PixelHit 1299, 1080, 5.02477, 0
PixelHit 1300, 1075, 10.2315, 0
PixelHit 1300, 1076, 41.9852, 0
PixelHit 1300, 1077, 54.5893, 0
PixelHit 1300, 1078, 14.5427, 0
PixelHit 1300, 1081, 3.1887, 0
PixelHit 1301, 1073, 9.43438, 0
PixelHit 1301, 1074, 26.4963, 0
PixelHit 1301, 1075, 7.97038, 0
PixelHit 1301, 1076, 26.9144, 0
PixelHit 1302, 1072, 4.60146, 0
PixelHit 1302, 1073, 33.8805, 0
PixelHit 1302, 1074, 40.5244, 0
PixelHit 1302, 1075, 1.0359, 0
PixelHit 1303, 1069, 3.07839, 0
PixelHit 1303, 1070, 14.0771, 0
PixelHit 1303, 1071, 37.7084, 0
PixelHit 1303, 1072, 6.24047, 0
PixelHit 1303, 1073, 5.99457, 0
PixelHit 1304, 1068, 5.20152, 0
PixelHit 1304, 1069, 28.368, 0
PixelHit 1304, 1070, 31.8019, 0
PixelHit 1304, 1071, 12.663, 0
PixelHit 1304, 1072, 2.07185, 0
PixelHit 1305, 1066, 3.91081, 0
PixelHit 1305, 1067, 5.88875, 0
PixelHit 1305, 1068, 13.6898, 0
PixelHit 1305, 1069, 15.7331, 0
PixelHit 1305, 1070, 5.99064, 0
PixelHit 1306, 1063, 3.25676, 0
PixelHit 1306, 1064, 5.54363, 0
PixelHit 1306, 1065, 14.5642, 0
PixelHit 1306, 1066, 34.4595, 0
PixelHit 1306, 1067, 12.3966, 0
PixelHit 1306, 1068, 5.05893, 0
PixelHit 1307, 1062, 9.46083, 0
PixelHit 1307, 1063, 51.5797, 0
PixelHit 1307, 1064, 28.1175, 0
PixelHit 1307, 1065, 35.5291, 0
PixelHit 1307, 1066, 19.8304, 0
PixelHit 1308, 1060, 3.76991, 0
PixelHit 1308, 1061, 11.4077, 0
PixelHit 1308, 1062, 22.215, 0
PixelHit 1308, 1063, 95.9573, 0
PixelHit 1308, 1064, 33.9005, 0
PixelHit 1308, 1065, 4.42799, 0
PixelHit 1309, 1058, 6.97319, 0
PixelHit 1309, 1059, 24.0907, 0
PixelHit 1309, 1060, 38.6413, 0
PixelHit 1309, 1061, 27.4265, 0
PixelHit 1309, 1062, 7.25757, 0
PixelHit 1309, 1063, 11.6879, 0
PixelHit 1309, 1064, 5.21065, 0
PixelHit 1310, 1057, 14.54, 0
PixelHit 1310, 1058, 48.3739, 0
PixelHit 1310, 1059, 69.0901, 0
PixelHit 1310, 1060, 44.1488, 0
PixelHit 1310, 1061, 15.2126, 0
PixelHit 1311, 1054, 0.870838, 0
PixelHit 1311, 1055, 7.23469, 0
PixelHit 1311, 1056, 18.0308, 0
PixelHit 1311, 1057, 53.5564, 0
PixelHit 1311, 1058, 63.8823, 0
PixelHit 1311, 1059, 34.2398, 0
PixelHit 1311, 1060, 8.26591, 0
PixelHit 1312, 1053, 8.06684, 0
PixelHit 1312, 1054, 14.6489, 0
PixelHit 1312, 1055, 37.8512, 0
PixelHit 1312, 1056, 25.3612, 0
PixelHit 1312, 1057, 26.2562, 0
PixelHit 1312, 1058, 12.7526, 0
PixelHit 1312, 1060, 1.20296, 0
PixelHit 1313, 1050, 2.37024, 0
PixelHit 1313, 1052, 7.74274, 0
PixelHit 1313, 1053, 29.0562, 0
PixelHit 1313, 1054, 40.1672, 0
PixelHit 1313, 1055, 21.7947, 0
PixelHit 1313, 1056, 9.83452, 0
PixelHit 1313, 1057, 3.78223, 0
PixelHit 1314, 1049, 3.13425, 0
PixelHit 1314, 1050, 7.70211, 0
PixelHit 1314, 1051, 12.0728, 0
PixelHit 1314, 1052, 20.2543, 0
PixelHit 1314, 1053, 26.5744, 0
PixelHit 1314, 1054, 13.9659, 0
PixelHit 1314, 1055, 3.45259, 0
PixelHit 1315, 1047, 8.22279, 0
PixelHit 1315, 1048, 31.5837, 0
PixelHit 1315, 1049, 15.6305, 0
PixelHit 1315, 1050, 22.0427, 0
PixelHit 1315, 1051, 12.6359, 0
PixelHit 1315, 1052, 3.76855, 0
PixelHit 1315, 1053, 4.56971, 0
PixelHit 1316, 1045, 5.15785, 0
PixelHit 1316, 1046, 6.66286, 0
PixelHit 1316, 1047, 23.919, 0
PixelHit 1316, 1048, 99.0786, 0
PixelHit 1316, 1049, 63.5788, 0
PixelHit 1316, 1050, 19.0838, 0
PixelHit 1316, 1051, 6.50714, 0
PixelHit 1317, 1044, 4.15488, 0
PixelHit 1317, 1045, 23.0065, 0
PixelHit 1317, 1046, 58.2523, 0
PixelHit 1317, 1047, 36.601, 0
PixelHit 1317, 1048, 48.9678, 0
PixelHit 1317, 1049, 26.6508, 0
PixelHit 1317, 1050, 3.7345, 0
PixelHit 1317, 1051, 4.43578, 0
PixelHit 1318, 1042, 3.68594, 0
PixelHit 1318, 1043, 7.47651, 0
PixelHit 1318, 1044, 7.54503, 0
PixelHit 1318, 1045, 28.6673, 0
PixelHit 1318, 1046, 54.7249, 0
PixelHit 1318, 1047, 23.2225, 0
PixelHit 1318, 1048, 6.62146, 0
PixelHit 1318, 1049, 2.51773, 0
PixelHit 1319, 1041, 7.61297, 0
PixelHit 1319, 1042, 7.66616, 0
PixelHit 1319, 1043, 17.3563, 0
PixelHit 1319, 1044, 5.04375, 0
PixelHit 1319, 1045, 13.5768, 0
PixelHit 1319, 1046, 13.8648, 0
PixelHit 1319, 1047, 6.67785, 0
PixelHit 1320, 1038, 2.32407, 0
PixelHit 1320, 1039, 11.434, 0
PixelHit 1320, 1040, 15.2331, 0
PixelHit 1320, 1041, 20.0136, 0
PixelHit 1320, 1042, 11.0284, 0
PixelHit 1320, 1043, 21.6603, 0
PixelHit 1320, 1044, 5.1566, 0
PixelHit 1320, 1045, 1.90477, 0
PixelHit 1321, 1036, 1.6175, 0
PixelHit 1321, 1037, 4.58181, 0
PixelHit 1321, 1038, 11.9284, 0
PixelHit 1321, 1039, 36.1976, 0
PixelHit 1321, 1040, 32.3782, 0
PixelHit 1321, 1041, 23.1719, 0
PixelHit 1321, 1042, 9.17248, 0
PixelHit 1321, 1044, -0.168428, 0
PixelHit 1322, 1035, 3.98314, 0
PixelHit 1322, 1036, 23.583, 0
PixelHit 1322, 1037, 40.0283, 0
PixelHit 1322, 1038, 27.5615, 0
PixelHit 1322, 1039, 20.05, 0
PixelHit 1322, 1040, 20.5215, 0
PixelHit 1322, 1041, 5.68797, 0
PixelHit 1323, 1035, 12.2621, 0
PixelHit 1323, 1036, 37.2793, 0
PixelHit 1323, 1037, 59.4684, 0
PixelHit 1323, 1038, 21.7432, 0
PixelHit 1323, 1039, 8.32823, 0
PixelHit 1323, 1040, 2.72304, 0
PixelHit 1324, 1030, 3.90992, 0
PixelHit 1324, 1031, 8.20409, 0
PixelHit 1324, 1032, 11.7692, 0
PixelHit 1324, 1033, 16.3873, 0
PixelHit 1324, 1034, 10.2991, 0
PixelHit 1324, 1035, 11.6111, 0
PixelHit 1324, 1036, 15.4701, 0
PixelHit 1324, 1037, 10.6016, 0
PixelHit 1324, 1038, 5.05219, 0
PixelHit 1324, 1039, 2.55814, 0
PixelHit 1325, 1029, 3.62085, 0
PixelHit 1325, 1031, 19.3757, 0
PixelHit 1325, 1032, 56.3395, 0
PixelHit 1325, 1033, 31.0587, 0
PixelHit 1325, 1034, 19.3195, 0
PixelHit 1325, 1035, 6.2478, 0
PixelHit 1325, 1037, 1.42299, 0
PixelHit 1326, 1027, 3.65821, 0
PixelHit 1326, 1028, 3.52967, 0
PixelHit 1326, 1029, 13.9902, 0
PixelHit 1326, 1030, 17.9897, 0
PixelHit 1326, 1031, 31.1323, 0
PixelHit 1326, 1032, 32.0966, 0
PixelHit 1326, 1033, 22.6863, 0
PixelHit 1326, 1034, 7.2466, 0
PixelHit 1327, 1027, 7.84978, 0
PixelHit 1327, 1028, 21.3425, 0
PixelHit 1327, 1029, 12.7151, 0
PixelHit 1327, 1030, 20.6462, 0
PixelHit 1327, 1031, 10.5825, 0
PixelHit 1327, 1032, 9.89378, 0
PixelHit 1327, 1033, 3.67234, 0
PixelHit 1327, 1034, 4.43059, 0
PixelHit 1328, 1023, 4.704, 0
PixelHit 1328, 1024, 3.39774, 0
PixelHit 1328, 1025, 9.78187, 0
PixelHit 1328, 1026, 7.12765, 0
PixelHit 1328, 1027, 20.7117, 0
PixelHit 1328, 1028, 20.2008, 0
PixelHit 1328, 1029, 22.6582, 0
PixelHit 1328, 1030, 13.701, 0
PixelHit 1328, 1031, 5.60032, 0
PixelHit 1328, 1032, 2.24922, 0
PixelHit 1329, 1021, 3.50145, 0
PixelHit 1329, 1023, 6.17434, 0
PixelHit 1329, 1024, 14.5373, 0
PixelHit 1329, 1025, 26.2708, 0
PixelHit 1329, 1026, 23.9141, 0
PixelHit 1329, 1027, 16.2624, 0
PixelHit 1329, 1028, 16.218, 0
PixelHit 1329, 1029, 6.43339, 0
PixelHit 1330, 1020, 3.51873, 0
PixelHit 1330, 1021, 12.4679, 0
PixelHit 1330, 1022, 8.31343, 0
PixelHit 1330, 1023, 22.2664, 0
PixelHit 1330, 1024, 22.5278, 0
PixelHit 1330, 1025, 24.0125, 0
PixelHit 1330, 1026, 12.778, 0
PixelHit 1330, 1027, 7.19296, 0
PixelHit 1330, 1029, 2.58087, 0
PixelHit 1331, 1017, 1.58778, 0
PixelHit 1331, 1018, 2.82716, 0
PixelHit 1331, 1019, 5.49927, 0
PixelHit 1331, 1020, 14.6866, 0
PixelHit 1331, 1021, 35.9159, 0
PixelHit 1331, 1022, 30.2897, 0
PixelHit 1331, 1023, 24.0708, 0
PixelHit 1331, 1024, 21.3459, 0
PixelHit 1331, 1025, 4.59844, 0
PixelHit 1331, 1026, 3.1898, 0
PixelHit 1332, 1017, 4.90026, 0
PixelHit 1332, 1018, 16.1043, 0
PixelHit 1332, 1019, 23.8184, 0
PixelHit 1332, 1020, 45.653, 0
PixelHit 1332, 1021, 42.6932, 0
PixelHit 1332, 1022, 31.5847, 0
PixelHit 1332, 1023, 13.7716, 0
PixelHit 1332, 1024, 5.59944, 0
PixelHit 1332, 1025, 3.20483, 0
PixelHit 1333, 1016, 2.47678, 0
PixelHit 1333, 1017, 25.914, 0
PixelHit 1333, 1018, 25.7811, 0
PixelHit 1333, 1019, 44.6574, 0
PixelHit 1333, 1020, 24.534, 0
PixelHit 1333, 1021, 27.2048, 0
PixelHit 1333, 1022, 11.8818, 0
PixelHit 1333, 1023, 5.4164, 0
PixelHit 1333, 1024, 1.92554, 0
PixelHit 1334, 1012, 0.557488, 0
PixelHit 1334, 1014, 5.11919, 0
PixelHit 1334, 1015, 3.12801, 0
PixelHit 1334, 1016, 6.01519, 0
PixelHit 1334, 1017, 28.1636, 0
PixelHit 1334, 1018, 55.3608, 0
PixelHit 1334, 1019, 31.51, 0
PixelHit 1334, 1020, 15.9629, 0
PixelHit 1334, 1021, 6.04709, 0
PixelHit 1334, 1022, 0.379973, 0
PixelHit 1335, 1011, 2.16894, 0
PixelHit 1335, 1012, 8.06926, 0
PixelHit 1335, 1013, 4.11733, 0
PixelHit 1335, 1014, 21.7685, 0
PixelHit 1335, 1015, 12.0654, 0
PixelHit 1335, 1016, 6.18101, 0
PixelHit 1335, 1017, 13.0417, 0
PixelHit 1335, 1018, 15.8402, 0
PixelHit 1335, 1019, 7.79624, 0
PixelHit 1336, 1010, 3.95735, 0
PixelHit 1336, 1011, 9.99701, 0
PixelHit 1336, 1012, 9.02306, 0
PixelHit 1336, 1013, 20.3124, 0
PixelHit 1336, 1014, 28.0273, 0
PixelHit 1336, 1015, 17.8215, 0
PixelHit 1336, 1016, 3.09971, 0
PixelHit 1336, 1017, 6.76094, 0
PixelHit 1336, 1018, 1.25762, 0
PixelHit 1336, 1019, 2.99317, 0
PixelHit 1336, 1020, 0.952439, 0
PixelHit 1337, 1004, 1.21089, 0
PixelHit 1337, 1006, 1.72729, 0
PixelHit 1337, 1007, 1.38278, 0
PixelHit 1337, 1008, 2.70501, 0
PixelHit 1337, 1009, 8.8092, 0
PixelHit 1337, 1010, 10.1922, 0
PixelHit 1337, 1011, 22.7888, 0
PixelHit 1337, 1012, 28.3823, 0
PixelHit 1337, 1013, 14.5992, 0
PixelHit 1337, 1014, 19.0378, 0
PixelHit 1337, 1015, 11.4672, 0
PixelHit 1337, 1016, 1.27688, 0
PixelHit 1338, 1006, 2.58934, 0
PixelHit 1338, 1007, 8.80642, 0
PixelHit 1338, 1008, 6.21849, 0
PixelHit 1338, 1009, 10.4107, 0
PixelHit 1338, 1010, 23.4941, 0
PixelHit 1338, 1011, 30.0323, 0
PixelHit 1338, 1012, 7.78121, 0
PixelHit 1338, 1013, 10.8164, 0
PixelHit 1338, 1015, 2.15777, 0
PixelHit 1339, 1003, 4.19111, 0
PixelHit 1339, 1004, 1.90244, 0
PixelHit 1339, 1005, 2.91549, 0
PixelHit 1339, 1006, 5.6229, 0
PixelHit 1339, 1007, 12.1004, 0
PixelHit 1339, 1008, 24.0764, 0
PixelHit 1339, 1009, 26.9286, 0
PixelHit 1339, 1010, 22.0023, 0
PixelHit 1339, 1011, 13.6303, 0
PixelHit 1339, 1012, 2.9032, 0
PixelHit 1340, 1002, 3.67603, 0
PixelHit 1340, 1003, 5.24388, 0
PixelHit 1340, 1004, 10.9408, 0
PixelHit 1340, 1005, 9.82417, 0
PixelHit 1340, 1006, 13.6017, 0
PixelHit 1340, 1007, 19.1372, 0
PixelHit 1340, 1008, 13.0399, 0
PixelHit 1340, 1009, 11.3093, 0
PixelHit 1340, 1010, 2.22603, 0
PixelHit 1340, 1011, 2.29916, 0
PixelHit 1340, 1012, 3.41778, 0
PixelHit 1340, 1014, 1.50532, 0
PixelHit 1341, 1000, 4.21769, 0
PixelHit 1341, 1001, 9.60101, 0
PixelHit 1341, 1002, 14.0216, 0
PixelHit 1341, 1003, 17.2731, 0
PixelHit 1341, 1004, 17.1569, 0
PixelHit 1341, 1005, 12.4131, 0
PixelHit 1341, 1006, 11.3107, 0
PixelHit 1341, 1007, 19.4941, 0
PixelHit 1341, 1008, 9.46641, 0
PixelHit 1341, 1009, 2.4672, 0
PixelHit 1342, 998, 2.53484, 0
PixelHit 1342, 999, 7.8248, 0
PixelHit 1342, 1000, 26.2959, 0
PixelHit 1342, 1001, 25.6856, 0
PixelHit 1342, 1002, 20.3327, 0
PixelHit 1342, 1003, 26.5175, 0
PixelHit 1342, 1004, 21.412, 0
PixelHit 1342, 1005, 9.60756, 0
PixelHit 1342, 1006, 8.19938, 0
PixelHit 1342, 1008, 3.70589, 0
PixelHit 1343, 998, 7.38869, 0
PixelHit 1343, 999, 33.057, 0
PixelHit 1343, 1000, 53.1666, 0
PixelHit 1343, 1001, 52.2439, 0
PixelHit 1343, 1002, 31.8517, 0
PixelHit 1343, 1003, 27.8129, 0
PixelHit 1343, 1004, 6.81884, 0
PixelHit 1343, 1005, 8.9767, 0
PixelHit 1343, 1006, 3.18244, 0
PixelHit 1343, 1007, 2.3999, 0
PixelHit 1344, 993, 1.85708, 0
PixelHit 1344, 995, 2.65414, 0
PixelHit 1344, 996, 3.28934, 0
PixelHit 1344, 997, 1.93705, 0
PixelHit 1344, 998, 16.4702, 0
PixelHit 1344, 999, 45.0884, 0
PixelHit 1344, 1000, 61.8852, 0
PixelHit 1344, 1001, 55.8542, 0
PixelHit 1344, 1002, 39.084, 0
PixelHit 1344, 1003, 12.1013, 0
PixelHit 1344, 1004, 2.60567, 0
PixelHit 1345, 993, 2.23722, 0
PixelHit 1345, 994, 5.55645, 0
PixelHit 1345, 995, 10.7291, 0
PixelHit 1345, 996, 14.9276, 0
PixelHit 1345, 997, 9.68833, 0
PixelHit 1345, 998, 9.51653, 0
PixelHit 1345, 999, 24.8406, 0
PixelHit 1345, 1000, 43.3611, 0
PixelHit 1345, 1001, 37.9829, 0
PixelHit 1345, 1002, 19.9243, 0
PixelHit 1345, 1003, 4.90351, 0
PixelHit 1345, 1005, 1.4051, 0
PixelHit 1345, 1006, 2.02669, 0
PixelHit 1346, 992, 2.09336, 0
PixelHit 1346, 993, 9.31685, 0
PixelHit 1346, 994, 16.4597, 0
PixelHit 1346, 995, 31.6673, 0
PixelHit 1346, 996, 30.8481, 0
PixelHit 1346, 997, 16.5126, 0
PixelHit 1346, 998, 9.55194, 0
PixelHit 1346, 999, 10.6399, 0
PixelHit 1346, 1000, 9.71685, 0
PixelHit 1346, 1001, 8.92286, 0
PixelHit 1346, 1003, 2.31333, 0
PixelHit 1347, 990, 3.37576, 0
PixelHit 1347, 991, 2.93178, 0
PixelHit 1347, 992, 6.90722, 0
PixelHit 1347, 993, 11.0966, 0
PixelHit 1347, 994, 18.0454, 0
PixelHit 1347, 995, 39.0372, 0
PixelHit 1347, 996, 30.0066, 0
PixelHit 1347, 997, 17.1744, 0
PixelHit 1347, 998, 3.34894, 0
PixelHit 1347, 1000, 2.24335, 0
PixelHit 1348, 986, 1.41358, 0
PixelHit 1348, 988, 6.23349, 0
PixelHit 1348, 989, 9.77382, 0
PixelHit 1348, 990, 17.8137, 0
PixelHit 1348, 991, 18.719, 0
PixelHit 1348, 992, 17.7475, 0
PixelHit 1348, 993, 19.5316, 0
PixelHit 1348, 994, 18.5689, 0
PixelHit 1348, 995, 19.4516, 0
PixelHit 1348, 996, 12.1454, 0
PixelHit 1348, 997, 2.46419, 0
PixelHit 1348, 999, 3.27477, 0
PixelHit 1349, 987, 3.6544, 0
PixelHit 1349, 988, 12.7128, 0
PixelHit 1349, 989, 26.5377, 0
PixelHit 1349, 990, 56.3149, 0
PixelHit 1349, 991, 42.9045, 0
PixelHit 1349, 992, 12.6097, 0
PixelHit 1349, 993, 11.1968, 0
PixelHit 1349, 994, 10.1376, 0
PixelHit 1349, 995, 8.33903, 0
PixelHit 1349, 996, 4.88047, 0
PixelHit 1349, 997, 4.13594, 0
PixelHit 1350, 983, 1.57157, 0
PixelHit 1350, 985, 2.7986, 0
PixelHit 1350, 986, 4.81655, 0
PixelHit 1350, 987, 7.30423, 0
PixelHit 1350, 988, 19.8971, 0
PixelHit 1350, 989, 43.9895, 0
PixelHit 1350, 990, 61.987, 0
PixelHit 1350, 991, 35.4937, 0
PixelHit 1350, 992, 17.2321, 0
PixelHit 1350, 993, 10.5006, 0
PixelHit 1350, 994, 3.47959, 0
PixelHit 1350, 995, 1.13785, 0
PixelHit 1350, 996, 3.1256, 0
PixelHit 1351, 981, 2.36793, 0
PixelHit 1351, 982, 1.16049, 0
PixelHit 1351, 983, 5.71833, 0
PixelHit 1351, 984, 7.62078, 0
PixelHit 1351, 985, 9.2981, 0
PixelHit 1351, 986, 9.7115, 0
PixelHit 1351, 987, 6.44751, 0
PixelHit 1351, 988, 22.495, 0
PixelHit 1351, 989, 33.382, 0
PixelHit 1351, 990, 47.2335, 0
PixelHit 1351, 991, 24.2655, 0
PixelHit 1351, 992, 10.3718, 0
PixelHit 1352, 981, 2.02989, 0
PixelHit 1352, 983, 14.7238, 0
PixelHit 1352, 984, 18.3819, 0
PixelHit 1352, 985, 14.3273, 0
PixelHit 1352, 986, 13.3026, 0
PixelHit 1352, 987, 7.19034, 0
PixelHit 1352, 988, 4.17485, 0
PixelHit 1352, 989, 11.4075, 0
PixelHit 1352, 990, 13.6406, 0
PixelHit 1352, 991, 1.56629, 0
PixelHit 1352, 994, 0.86607, 0
PixelHit 1353, 975, 2.29326, 0
PixelHit 1353, 980, 4.15662, 0
PixelHit 1353, 981, 8.58955, 0
PixelHit 1353, 982, 9.46253, 0
PixelHit 1353, 983, 20.3809, 0
PixelHit 1353, 984, 20.1106, 0
PixelHit 1353, 985, 19.9226, 0
PixelHit 1353, 986, 11.3653, 0
PixelHit 1353, 987, 4.38858, 0
PixelHit 1353, 988, 4.08887, 0
PixelHit 1353, 989, 2.25127, 0
PixelHit 1353, 991, 1.72249, 0
PixelHit 1354, 977, 1.46177, 0
PixelHit 1354, 978, 3.83226, 0
PixelHit 1354, 979, 12.6719, 0
PixelHit 1354, 980, 17.8412, 0
PixelHit 1354, 981, 26.6406, 0
PixelHit 1354, 982, 13.8088, 0
PixelHit 1354, 983, 20.6565, 0
PixelHit 1354, 984, 15.6967, 0
PixelHit 1354, 985, 18.622, 0
PixelHit 1354, 986, 8.39882, 0
PixelHit 1354, 987, 2.04888, 0
PixelHit 1355, 974, 1.1634, 0
PixelHit 1355, 975, 4.49474, 0
PixelHit 1355, 976, 7.33437, 0
PixelHit 1355, 977, 10.2749, 0
PixelHit 1355, 978, 27.2663, 0
PixelHit 1355, 979, 19.4432, 0
PixelHit 1355, 980, 21.6618, 0
PixelHit 1355, 981, 22.8356, 0
PixelHit 1355, 982, 27.0896, 0
PixelHit 1355, 983, 5.80034, 0
PixelHit 1355, 984, 5.37891, 0
PixelHit 1355, 985, 6.95279, 0
PixelHit 1355, 986, 3.30236, 0
PixelHit 1355, 987, 1.91897, 0
PixelHit 1356, 973, 2.19009, 0
PixelHit 1356, 974, 1.79427, 0
PixelHit 1356, 975, 7.69169, 0
PixelHit 1356, 976, 18.5578, 0
PixelHit 1356, 977, 27.1231, 0
PixelHit 1356, 978, 28.4779, 0
PixelHit 1356, 979, 28.8958, 0
PixelHit 1356, 980, 22.6271, 0
PixelHit 1356, 981, 12.9342, 0
PixelHit 1356, 982, 18.958, 0
PixelHit 1356, 983, 5.00181, 0
PixelHit 1357, 972, 2.14564, 0
PixelHit 1357, 973, 5.61759, 0
PixelHit 1357, 975, 27.6536, 0
PixelHit 1357, 976, 40.5251, 0
PixelHit 1357, 977, 32.5321, 0
PixelHit 1357, 978, 28.5623, 0
PixelHit 1357, 979, 33.0863, 0
PixelHit 1357, 980, 14.6966, 0
PixelHit 1357, 981, 8.1621, 0
PixelHit 1357, 982, 4.093, 0
PixelHit 1358, 972, 2.72584, 0
PixelHit 1358, 973, 6.57872, 0
PixelHit 1358, 974, 16.9091, 0
PixelHit 1358, 975, 33.0304, 0
PixelHit 1358, 976, 51.3263, 0
PixelHit 1358, 977, 38.8184, 0
PixelHit 1358, 978, 28.6483, 0
PixelHit 1358, 979, 11.8064, 0
PixelHit 1358, 980, 4.55018, 0
PixelHit 1358, 982, 1.23499, 0
PixelHit 1359, 971, 2.40941, 0
PixelHit 1359, 972, 5.55218, 0
PixelHit 1359, 973, 9.93714, 0
PixelHit 1359, 974, 9.60289, 0
PixelHit 1359, 975, 21.1698, 0
PixelHit 1359, 976, 31.7369, 0
PixelHit 1359, 977, 22.8916, 0
PixelHit 1359, 978, 5.29043, 0
PixelHit 1359, 979, 3.35154, 0
PixelHit 1359, 980, 2.68704, 0
PixelHit 1360, 972, 5.9991, 0
PixelHit 1360, 973, 7.70982, 0
PixelHit 1360, 974, 10.5229, 0
PixelHit 1360, 975, 10.8838, 0
PixelHit 1360, 976, 12.2975, 0
PixelHit 1360, 977, 4.56261, 0
PixelHit 1361, 973, 2.3832, 0
PixelHit 1361, 974, 6.66407, 0
PixelHit 1361, 975, 4.8324, 0
PixelHit 1361, 976, 4.1618, 0
PixelHit 1363, 972, 2.30664, 0
=== 15 ===
=== 16 ===
=== 17 ===
=== 18 ===
=== 19 ===
=== 20 ===
=== 21 ===
=== 22 ===
=== 23 ===
=== 24 ===
=== 25 ===
=== 26 ===
=== 27 ===
=== 28 ===
=== 29 ===
=== 30 ===
=== 31 ===
=== 32 ===
=== 33 ===
=== 34 ===
=== 35 ===
=== 36 ===
=== 37 ===
=== 38 ===
=== 39 ===
=== 40 ===
=== 41 ===
=== 42 ===
=== 43 ===
=== 44 ===
=== 45 ===
=== 46 ===
=== 47 ===
=== 48 ===
=== 49 ===
=== 50 ===
=== 51 ===
=== 52 ===
=== 53 ===
=== 54 ===
=== 55 ===
=== 56 ===
=== 57 ===
=== 58 ===
=== 59 ===
=== 60 ===
=== 61 ===
=== 62 ===
=== 63 ===
=== 64 ===
=== 65 ===
=== 66 ===
=== 67 ===
=== 68 ===
=== 69 ===
=== 70 ===
=== 71 ===
=== 72 ===
=== 73 ===
=== 74 ===
=== 75 ===
=== 76 ===
=== 77 ===
=== 78 ===
=== 79 ===
--- mydetector ---
PixelHit 570, 1179, 40.9835, 0
PixelHit 571, 1177, 9.25093, 0
PixelHit 571, 1178, 107.266, 0
PixelHit 571, 1179, 34.4694, 0
PixelHit 572, 1174, 3.13564, 0
PixelHit 572, 1175, 15.207, 0
PixelHit 572, 1176, 13.6502, 0
PixelHit 572, 1177, 9.95746, 0
PixelHit 572, 1178, 8.77146, 0
PixelHit 573, 1174, 16.974, 0
PixelHit 573, 1175, 134.369, 0
PixelHit 573, 1176, 23.1011, 0
PixelHit 574, 1171, 0.0310353, 0
PixelHit 574, 1172, 3.17098, 0
PixelHit 574, 1173, 17.5947, 0
PixelHit 574, 1174, 12.6456, 0
PixelHit 574, 1175, 8.85349, 0
PixelHit 575, 1170, 11.3984, 0
PixelHit 575, 1171, 118.77, 0
PixelHit 575, 1172, 38.1729, 0
PixelHit 576, 1168, 7.77865, 0
PixelHit 576, 1169, 29.3423, 0
PixelHit 576, 1170, 65.0282, 0
PixelHit 576, 1171, 40.7024, 0
PixelHit 576, 1172, 9.39363, 0
PixelHit 577, 1167, 9.41007, 0
PixelHit 577, 1168, 40.7036, 0
PixelHit 577, 1169, 71.371, 0
PixelHit 577, 1170, 13.0999, 0
PixelHit 578, 1165, 20.0382, 0
PixelHit 578, 1166, 42.3339, 0
PixelHit 578, 1167, 23.2624, 0
PixelHit 578, 1168, 13.2402, 0
PixelHit 579, 1163, 3.93427, 0
PixelHit 579, 1164, 13.0088, 0
PixelHit 579, 1165, 52.3324, 0
PixelHit 579, 1166, 89.7621, 0
PixelHit 579, 1167, 1.44454, 0
PixelHit 580, 1161, 6.80022, 0
PixelHit 580, 1162, 11.6944, 0
PixelHit 580, 1163, 56.7461, 0
PixelHit 580, 1164, 31.1378, 0
PixelHit 580, 1165, 22.5239, 0
PixelHit 580, 1166, 7.87492, 0
PixelHit 581, 1159, 1.78799, 0
PixelHit 581, 1160, 13.8323, 0
PixelHit 581, 1161, 42.9156, 0
PixelHit 581, 1162, 82.3554, 0
PixelHit 581, 1163, 39.8764, 0
PixelHit 581, 1164, 8.89085, 0
PixelHit 582, 1157, 3.91646, 0
PixelHit 582, 1158, 13.5237, 0
PixelHit 582, 1159, 42.0033, 0
PixelHit 582, 1160, 74.7257, 0
PixelHit 582, 1161, 71.4884, 0
PixelHit 582, 1162, 45.5865, 0
PixelHit 582, 1163, 4.02745, 0
PixelHit 583, 1156, 3.3102, 0
PixelHit 583, 1157, 8.74196, 0
PixelHit 583, 1158, 96.2082, 0
PixelHit 583, 1159, 95.6535, 0
PixelHit 583, 1160, 73.6629, 0
PixelHit 583, 1161, 15.7796, 0
PixelHit 584, 1156, 23.4605, 0
PixelHit 584, 1157, 23.526, 0
PixelHit 584, 1158, 58.8528, 0
PixelHit 584, 1159, 38.2495, 0
PixelHit 584, 1160, 3.30439, 0
PixelHit 585, 1153, 9.22224, 0
PixelHit 585, 1154, 8.55126, 0
PixelHit 585, 1155, 5.30147, 0
PixelHit 585, 1156, 38.1826, 0
PixelHit 585, 1157, 29.8459, 0
PixelHit 585, 1158, 5.51096, 0
PixelHit 585, 1159, 0.240941, 0
PixelHit 586, 1152, 9.42134, 0
PixelHit 586, 1153, 51.9723, 0
PixelHit 586, 1154, 49.5717, 0
PixelHit 586, 1155, 8.51595, 0
PixelHit 586, 1156, 2.70662, 0
PixelHit 586, 1157, 2.3868, 0
PixelHit 587, 1149, 1.62352, 0
PixelHit 587, 1151, 13.7658, 0
PixelHit 587, 1152, 30.6675, 0
PixelHit 587, 1153, 43.9296, 0
PixelHit 587, 1154, 41.1999, 0
PixelHit 587, 1155, 5.57294, 0
PixelHit 588, 1148, 3.75365, 0
PixelHit 588, 1149, 6.68873, 0
PixelHit 588, 1150, 18.0976, 0
PixelHit 588, 1151, 27, 0
PixelHit 588, 1152, 26.9958, 0
PixelHit 588, 1153, 10.7964, 0
PixelHit 588, 1154, 1.87064, 0
PixelHit 589, 1146, 2.73979, 0
PixelHit 589, 1147, 4.20669, 0
PixelHit 589, 1148, 4.38111, 0
PixelHit 589, 1149, 14.7513, 0
PixelHit 589, 1150, 24.9436, 0
PixelHit 589, 1151, 12.5889, 0
PixelHit 590, 1144, 2.57345, 0
PixelHit 590, 1145, 7.73761, 0
PixelHit 590, 1146, 20.1744, 0
PixelHit 590, 1147, 18.6132, 0
PixelHit 590, 1148, 16.859, 0
PixelHit 590, 1149, 6.86344, 0
PixelHit 590, 1150, 5.51166, 0
PixelHit 591, 1143, 2.19854, 0
PixelHit 591, 1144, 3.32015, 0
PixelHit 591, 1145, 37.2367, 0
PixelHit 591, 1146, 54.3861, 0
PixelHit 591, 1147, 30.5318, 0
PixelHit 591, 1148, 11.2866, 0
PixelHit 592, 1142, 5.83473, 0
PixelHit 592, 1143, 3.30873, 0
PixelHit 592, 1144, 3.5778, 0
PixelHit 592, 1145, 25.3582, 0
PixelHit 592, 1146, 26.8279, 0
PixelHit 592, 1147, 12.2426, 0
PixelHit 593, 1139, 1.1889, 0
PixelHit 593, 1141, 15.2642, 0
PixelHit 593, 1142, 15.6223, 0
PixelHit 593, 1143, 11.3563, 0
PixelHit 593, 1144, 1.35939, 0
PixelHit 593, 1146, 1.49216, 0
PixelHit 593, 1147, 0.143754, 0
PixelHit 594, 1139, 4.64346, 0
PixelHit 594, 1140, 6.39298, 0
PixelHit 594, 1141, 25.9865, 0
PixelHit 594, 1142, 26.9516, 0
PixelHit 594, 1143, 8.82694, 0
PixelHit 595, 1137, 4.31606, 0
PixelHit 595, 1138, 6.21541, 0
PixelHit 595, 1139, 3.77059, 0
PixelHit 595, 1140, 6.36541, 0
PixelHit 595, 1141, 11.8438, 0
PixelHit 595, 1142, 11.4255, 0
PixelHit 595, 1144, 2.16765, 0
PixelHit 596, 1135, 4.77236, 0
PixelHit 596, 1136, 2.58055, 0
PixelHit 596, 1137, 21.2348, 0
PixelHit 596, 1138, 9.03716, 0
PixelHit 596, 1139, 4.93939, 0
PixelHit 596, 1140, 2.56064, 0
PixelHit 596, 1141, 3.20657, 0
PixelHit 596, 1143, 1.64241, 0
PixelHit 597, 1133, 2.87594, 0
PixelHit 597, 1134, 12.1648, 0
PixelHit 597, 1135, 20.9253, 0
PixelHit 597, 1136, 37.0851, 0
PixelHit 597, 1137, 17.9111, 0
PixelHit 597, 1138, 11.4197, 0
PixelHit 597, 1139, 2.6137, 0
PixelHit 598, 1132, 7.23206, 0
PixelHit 598, 1133, 19.2529, 0
PixelHit 598, 1134, 18.1286, 0
PixelHit 598, 1135, 31.9729, 0
PixelHit 598, 1136, 32.6288, 0
PixelHit 598, 1137, 8.04613, 0
PixelHit 598, 1138, 2.41215, 0
PixelHit 599, 1130, 4.43863, 0
PixelHit 599, 1131, 6.76727, 0
PixelHit 599, 1132, 27.8156, 0
PixelHit 599, 1133, 41.6038, 0
PixelHit 599, 1134, 22.8191, 0
PixelHit 599, 1135, 9.5483, 0
PixelHit 599, 1136, 9.2822, 0
PixelHit 600, 1129, 2.19399, 0
PixelHit 600, 1130, 9.43818, 0
PixelHit 600, 1131, 27.5751, 0
PixelHit 600, 1132, 20.3119, 0
PixelHit 600, 1133, 27.4406, 0
PixelHit 600, 1134, 2.38337, 0
PixelHit 601, 1126, 3.39763, 0
PixelHit 601, 1127, 3.04683, 0
PixelHit 601, 1128, 10.6234, 0
PixelHit 601, 1129, 13.1184, 0
PixelHit 601, 1130, 16.8743, 0
PixelHit 601, 1131, 15.2229, 0
PixelHit 601, 1132, 10.2855, 0
PixelHit 601, 1133, 4.62411, 0
PixelHit 602, 1126, 5.37002, 0
PixelHit 602, 1127, 21.0004, 0
PixelHit 602, 1128, 29.6257, 0
PixelHit 602, 1129, 19.5609, 0
PixelHit 602, 1130, 10.4539, 0
PixelHit 602, 1131, 5.2353, 0
PixelHit 602, 1132, 3.82068, 0
PixelHit 603, 1124, 7.30619, 0
PixelHit 603, 1125, 6.8477, 0
PixelHit 603, 1126, 18.5724, 0
PixelHit 603, 1127, 7.33173, 0
PixelHit 603, 1128, 13.1074, 0
PixelHit 603, 1129, 9.23164, 0
PixelHit 603, 1130, 3.26986, 0
PixelHit 604, 1119, 1.23157, 0
PixelHit 604, 1122, 2.33719, 0
PixelHit 604, 1123, 9.12734, 0
PixelHit 604, 1124, 16.8145, 0
PixelHit 604, 1125, 27.4225, 0
PixelHit 604, 1126, 11.2299, 0
PixelHit 604, 1127, 12.164, 0
PixelHit 604, 1128, 3.22532, 0
PixelHit 604, 1129, 2.71485, 0
PixelHit 604, 1130, 1.27255, 0
PixelHit 605, 1119, 1.27169, 0
PixelHit 605, 1120, 8.0738, 0
PixelHit 605, 1121, 9.97526, 0
PixelHit 605, 1122, 13.0059, 0
PixelHit 605, 1123, 22.5548, 0
PixelHit 605, 1124, 23.9887, 0
PixelHit 605, 1125, 14.1797, 0
PixelHit 605, 1126, 16.3486, 0
PixelHit 605, 1127, 3.68573, 0
PixelHit 606, 1118, 0.623863, 0
PixelHit 606, 1119, 8.77123, 0
PixelHit 606, 1120, 21.4967, 0
PixelHit 606, 1121, 25.1439, 0
PixelHit 606, 1122, 25.6954, 0
PixelHit 606, 1123, 24.2347, 0
PixelHit 606, 1124, 15.9535, 0
PixelHit 606, 1125, 6.61084, 0
PixelHit 607, 1116, 0.916304, 0
PixelHit 607, 1117, 3.38158, 0
PixelHit 607, 1118, 9.8514, 0
PixelHit 607, 1119, 12.8955, 0
PixelHit 607, 1120, 52.7543, 0
PixelHit 607, 1121, 53.6464, 0
PixelHit 607, 1122, 16.8301, 0
PixelHit 607, 1123, 9.29049, 0
PixelHit 607, 1124, 3.8622, 0
PixelHit 608, 1117, 14.763, 0
PixelHit 608, 1118, 21.1727, 0
PixelHit 608, 1119, 29.3208, 0
PixelHit 608, 1120, 27.7081, 0
PixelHit 608, 1121, 28.025, 0
PixelHit 608, 1122, 7.8595, 0
PixelHit 608, 1123, 1.80419, 0
PixelHit 608, 1124, 2.55998, 0
PixelHit 609, 1113, 1.84662, 0
PixelHit 609, 1114, 2.69868, 0
PixelHit 609, 1115, 8.40499, 0
PixelHit 609, 1116, 19.7373, 0
PixelHit 609, 1117, 20.149, 0
PixelHit 609, 1118, 25.4258, 0
PixelHit 609, 1119, 19.5497, 0
PixelHit 609, 1120, 8.49647, 0
PixelHit 609, 1121, 1.20079, 0
PixelHit 610, 1112, 1.31998, 0
PixelHit 610, 1113, 4.70372, 0
PixelHit 610, 1114, 10.3657, 0
PixelHit 610, 1115, 20.6853, 0
PixelHit 610, 1116, 24.2289, 0
PixelHit 610, 1117, 14.8362, 0
PixelHit 610, 1118, 13.7298, 0
PixelHit 610, 1119, 5.25815, 0
PixelHit 610, 1121, 1.16062, 0
PixelHit 611, 1110, 1.97019, 0
PixelHit 611, 1112, 6.36755, 0
PixelHit 611, 1113, 8.25972, 0
PixelHit 611, 1114, 20.9919, 0
PixelHit 611, 1115, 14.1667, 0
PixelHit 611, 1116, 19.28, 0
PixelHit 611, 1117, 11.5303, 0
PixelHit 611, 1118, 1.73626, 0
PixelHit 612, 1107, 2.32721, 0
PixelHit 612, 1109, 3.84662, 0
PixelHit 612, 1110, 7.00083, 0
PixelHit 612, 1111, 11.4026, 0
PixelHit 612, 1112, 15.7441, 0
PixelHit 612, 1113, 10.0531, 0
PixelHit 612, 1114, 6.16789, 0
PixelHit 612, 1115, 12.069, 0
PixelHit 612, 1116, 4.05566, 0
PixelHit 613, 1109, 5.60245, 0
PixelHit 613, 1110, 5.01802, 0
PixelHit 613, 1111, 12.9109, 0
PixelHit 613, 1112, 15.4753, 0
PixelHit 613, 1113, 11.3353, 0
PixelHit 613, 1114, 5.86653, 0
PixelHit 613, 1116, 2.47842, 0
PixelHit 614, 1106, 1.31777, 0
PixelHit 614, 1107, 7.58199, 0
PixelHit 614, 1108, 8.92697, 0
PixelHit 614, 1109, 4.34336, 0
PixelHit 614, 1110, 5.95101, 0
PixelHit 614, 1111, 5.69909, 0
PixelHit 614, 1112, 6.8281, 0
PixelHit 615, 1106, 4.26873, 0
PixelHit 615, 1107, 8.81262, 0
PixelHit 615, 1108, 15.8031, 0
PixelHit 615, 1109, 2.66606, 0
PixelHit 615, 1110, 4.21591, 0
PixelHit 616, 1101, 2.13865, 0
PixelHit 616, 1102, 4.71693, 0
PixelHit 616, 1104, 1.69644, 0
PixelHit 616, 1105, 0.916487, 0
PixelHit 616, 1106, 3.94616, 0
PixelHit 616, 1107, 2.37524, 0
PixelHit 616, 1108, 7.31312, 0
PixelHit 616, 1109, 2.75629, 0
PixelHit 616, 1110, 2.44443, 0
PixelHit 617, 1100, 2.8625, 0
PixelHit 617, 1101, 19.2998, 0
PixelHit 617, 1102, 23.0807, 0
PixelHit 617, 1103, 19.279, 0
PixelHit 617, 1104, 6.24523, 0
PixelHit 617, 1105, 7.00137, 0
PixelHit 617, 1107, 2.04644, 0
PixelHit 617, 1108, 0.555116, 0
PixelHit 618, 1099, 1.0993, 0
PixelHit 618, 1100, 17.3601, 0
PixelHit 618, 1101, 55.3594, 0
PixelHit 618, 1102, 63.83, 0
PixelHit 618, 1103, 35.1568, 0
PixelHit 618, 1104, 18.3668, 0
PixelHit 618, 1105, 3.3271, 0
PixelHit 619, 1096, 0.383476, 0
PixelHit 619, 1097, 2.80551, 0
PixelHit 619, 1098, 5.56958, 0
PixelHit 619, 1099, 20.0367, 0
PixelHit 619, 1100, 45.0555, 0
PixelHit 619, 1101, 67.4181, 0
PixelHit 619, 1102, 77.0881, 0
PixelHit 619, 1103, 48.8528, 0
PixelHit 619, 1104, 8.29417, 0
PixelHit 619, 1105, 1.96837, 0
PixelHit 620, 1096, 4.94355, 0
PixelHit 620, 1097, 6.89245, 0
PixelHit 620, 1098, 18.5515, 0
PixelHit 620, 1099, 17.4165, 0
PixelHit 620, 1100, 29.8838, 0
PixelHit 620, 1101, 37.4665, 0
PixelHit 620, 1102, 52.4026, 0
PixelHit 620, 1103, 18.3786, 0
PixelHit 620, 1104, 11.3344, 0
PixelHit 620, 1105, 1.22164, 0
PixelHit 621, 1093, 3.88963, 0
PixelHit 621, 1094, 4.93474, 0
PixelHit 621, 1095, 2.92217, 0
PixelHit 621, 1096, 6.97982, 0
PixelHit 621, 1097, 21.8924, 0
PixelHit 621, 1098, 25.575, 0
PixelHit 621, 1099, 21.6932, 0
PixelHit 621, 1100, 17.7946, 0
PixelHit 621, 1101, 17.2414, 0
PixelHit 621, 1102, 13.4614, 0
PixelHit 621, 1103, 2.86629, 0
PixelHit 622, 1092, 3.10297, 0
PixelHit 622, 1093, 2.95298, 0
PixelHit 622, 1094, 8.57119, 0
PixelHit 622, 1095, 9.92849, 0
PixelHit 622, 1096, 7.47947, 0
PixelHit 622, 1097, 14.4018, 0
PixelHit 622, 1098, 8.92837, 0
PixelHit 622, 1099, 12.8399, 0
PixelHit 622, 1102, 2.68428, 0
PixelHit 623, 1090, 3.44091, 0
PixelHit 623, 1091, 2.81461, 0
PixelHit 623, 1092, 9.01002, 0
PixelHit 623, 1093, 16.2393, 0
PixelHit 623, 1094, 21.1052, 0
PixelHit 623, 1095, 16.2413, 0
PixelHit 623, 1096, 4.15284, 0
PixelHit 623, 1097, 9.25712, 0
PixelHit 623, 1098, 7.01336, 0
PixelHit 623, 1100, 0.754117, 0
PixelHit 624, 1089, 0.86919, 0
PixelHit 624, 1090, 7.88226, 0
PixelHit 624, 1091, 7.46648, 0
PixelHit 624, 1092, 24.9812, 0
PixelHit 624, 1093, 36.6561, 0
PixelHit 624, 1094, 27.137, 0
PixelHit 624, 1095, 14.3791, 0
PixelHit 624, 1096, 10.0007, 0
PixelHit 624, 1097, 4.16161, 0
PixelHit 625, 1087, 3.18998, 0
PixelHit 625, 1088, 5.32927, 0
PixelHit 625, 1089, 14.8893, 0
PixelHit 625, 1090, 26.8068, 0
PixelHit 625, 1091, 19.5873, 0
PixelHit 625, 1092, 31.8966, 0
PixelHit 625, 1093, 31.9777, 0
PixelHit 625, 1094, 13.3575, 0
PixelHit 625, 1095, 3.74726, 0
PixelHit 625, 1096, 3.24558, 0
PixelHit 626, 1086, 2.22234, 0
PixelHit 626, 1087, 4.35731, 0
PixelHit 626, 1088, 12.8182, 0
PixelHit 626, 1089, 21.0747, 0
PixelHit 626, 1090, 28.0291, 0
PixelHit 626, 1091, 37.3858, 0
PixelHit 626, 1092, 12.0365, 0
PixelHit 626, 1093, 17.6983, 0
PixelHit 626, 1094, 5.14578, 0
PixelHit 626, 1095, 2.40701, 0
PixelHit 627, 1084, 2.44569, 0
PixelHit 627, 1085, 6.74336, 0
PixelHit 627, 1086, 6.05711, 0
PixelHit 627, 1087, 3.56519, 0
PixelHit 627, 1088, 11.281, 0
PixelHit 627, 1089, 18.6641, 0
PixelHit 627, 1090, 16.2565, 0
PixelHit 627, 1091, 14.1902, 0
PixelHit 627, 1092, 3.738, 0
PixelHit 627, 1093, 2.68383, 0
PixelHit 627, 1094, 2.29346, 0
PixelHit 628, 1083, 5.31415, 0
PixelHit 628, 1084, 9.26447, 0
PixelHit 628, 1085, 18.6439, 0
PixelHit 628, 1086, 17.8871, 0
PixelHit 628, 1087, 16.3672, 0
PixelHit 628, 1088, 9.1071, 0
PixelHit 628, 1089, 9.71749, 0
PixelHit 628, 1090, 11.0066, 0
PixelHit 628, 1091, 9.82466, 0
PixelHit 628, 1092, 4.56595, 0
PixelHit 629, 1081, 4.71819, 0
PixelHit 629, 1082, 4.35924, 0
PixelHit 629, 1083, 17.9907, 0
PixelHit 629, 1084, 30.9936, 0
PixelHit 629, 1085, 33.4421, 0
PixelHit 629, 1086, 28.8451, 0
PixelHit 629, 1087, 14.4744, 0
PixelHit 629, 1088, 3.82641, 0
PixelHit 629, 1089, 2.13963, 0
PixelHit 629, 1090, 2.11658, 0
PixelHit 629, 1091, 2.88865, 0
PixelHit 629, 1092, 1.36538, 0
PixelHit 630, 1079, 3.53906, 0
PixelHit 630, 1080, 5.45584, 0
PixelHit 630, 1081, 15.9666, 0
PixelHit 630, 1082, 19.2848, 0
PixelHit 630, 1083, 25.2669, 0
PixelHit 630, 1084, 33.2827, 0
PixelHit 630, 1085, 35.6948, 0
PixelHit 630, 1086, 31.1493, 0
PixelHit 630, 1087, 12.3931, 0
PixelHit 630, 1089, 1.12774, 0
PixelHit 631, 1077, 3.16712, 0
PixelHit 631, 1079, 14.7858, 0
PixelHit 631, 1080, 13.9649, 0
PixelHit 631, 1081, 30.0835, 0
PixelHit 631, 1082, 35.9192, 0
PixelHit 631, 1083, 34.9519, 0
PixelHit 631, 1084, 31.8927, 0
PixelHit 631, 1085, 16.2141, 0
PixelHit 631, 1086, 7.71689, 0
PixelHit 631, 1087, 5.29329, 0
PixelHit 632, 1077, 6.58005, 0
PixelHit 632, 1078, 6.5203, 0
PixelHit 632, 1079, 12.9041, 0
PixelHit 632, 1080, 29.1746, 0
PixelHit 632, 1081, 31.3432, 0
PixelHit 632, 1082, 19.7789, 0
PixelHit 632, 1083, 16.5809, 0
PixelHit 632, 1084, 12.6282, 0
PixelHit 632, 1085, 4.75086, 0
PixelHit 633, 1072, 0.576064, 0
PixelHit 633, 1074, 3.2031, 0
PixelHit 633, 1075, 5.34047, 0
PixelHit 633, 1076, 8.98552, 0
PixelHit 633, 1077, 10.2007, 0
PixelHit 633, 1078, 17.3111, 0
PixelHit 633, 1079, 28.232, 0
PixelHit 633, 1080, 18.7124, 0
PixelHit 633, 1081, 14.7834, 0
PixelHit 633, 1082, 9.17084, 0
PixelHit 633, 1084, 2.18255, 0
PixelHit 633, 1086, 1.56499, 0
PixelHit 634, 1073, 2.21832, 0
PixelHit 634, 1074, 1.60691, 0
PixelHit 634, 1075, 9.4734, 0
PixelHit 634, 1076, 16.1591, 0
PixelHit 634, 1077, 20.7989, 0
PixelHit 634, 1078, 23.9814, 0
PixelHit 634, 1079, 23.129, 0
PixelHit 634, 1080, 8.64223, 0
PixelHit 634, 1081, 6.43891, 0
PixelHit 634, 1083, 0.236925, 0
PixelHit 635, 1069, 1.78429, 0
PixelHit 635, 1072, 7.47007, 0
PixelHit 635, 1073, 9.04994, 0
PixelHit 635, 1074, 14.9772, 0
PixelHit 635, 1075, 12.065, 0
PixelHit 635, 1076, 14.7365, 0
PixelHit 635, 1077, 18.2652, 0
PixelHit 635, 1078, 11.7913, 0
PixelHit 635, 1079, 7.07988, 0
PixelHit 635, 1080, 6.77414, 0
PixelHit 635, 1081, 3.40284, 0
PixelHit 636, 1069, 1.45928, 0
PixelHit 636, 1071, 2.38327, 0
PixelHit 636, 1072, 6.454, 0
PixelHit 636, 1073, 10.8162, 0
PixelHit 636, 1074, 29.8458, 0
PixelHit 636, 1075, 21.8269, 0
PixelHit 636, 1076, 16.1237, 0
PixelHit 636, 1077, 6.912, 0
PixelHit 636, 1078, 7.88959, 0
PixelHit 636, 1079, 3.2994, 0
PixelHit 637, 1067, 3.39538, 0
PixelHit 637, 1069, 4.39466, 0
PixelHit 637, 1070, 4.61641, 0
PixelHit 637, 1071, 7.68381, 0
PixelHit 637, 1072, 8.47147, 0
PixelHit 637, 1073, 17.3017, 0
PixelHit 637, 1074, 12.5173, 0
PixelHit 637, 1075, 8.16721, 0
PixelHit 637, 1076, 5.38552, 0
PixelHit 637, 1077, 3.91732, 0
PixelHit 637, 1078, 2.02609, 0
PixelHit 637, 1079, 1.70957, 0
PixelHit 637, 1081, 0.912503, 0
PixelHit 638, 1065, 3.05759, 0
PixelHit 638, 1066, 2.28306, 0
PixelHit 638, 1067, 5.12697, 0
PixelHit 638, 1068, 7.07364, 0
PixelHit 638, 1069, 11.1978, 0
PixelHit 638, 1070, 8.31406, 0
PixelHit 638, 1071, 13.2402, 0
PixelHit 638, 1072, 16.3248, 0
PixelHit 638, 1073, 13.1169, 0
PixelHit 638, 1074, 4.10794, 0
PixelHit 638, 1075, 6.12641, 0
PixelHit 638, 1076, 3.09277, 0
PixelHit 639, 1064, 4.01923, 0
PixelHit 639, 1066, 5.70898, 0
PixelHit 639, 1067, 15.6531, 0
PixelHit 639, 1068, 23.318, 0
PixelHit 639, 1069, 21.3441, 0
PixelHit 639, 1070, 21.0484, 0
PixelHit 639, 1071, 10.9546, 0
PixelHit 639, 1072, 8.43571, 0
PixelHit 639, 1073, 3.92262, 0
PixelHit 639, 1075, 2.65657, 0
PixelHit 640, 1061, 0.47323, 0
PixelHit 640, 1063, 3.64308, 0
PixelHit 640, 1064, 11.1108, 0
PixelHit 640, 1065, 23.4006, 0
PixelHit 640, 1066, 19.1133, 0
PixelHit 640, 1067, 19.9598, 0
PixelHit 640, 1068, 30.1232, 0
PixelHit 640, 1069, 21.7551, 0
PixelHit 640, 1070, 9.26601, 0
PixelHit 640, 1071, 4.69461, 0
PixelHit 641, 1062, 2.14813, 0
PixelHit 641, 1063, 9.611, 0
PixelHit 641, 1064, 27.0272, 0
PixelHit 641, 1065, 40.0637, 0
PixelHit 641, 1066, 38.4876, 0
PixelHit 641, 1067, 13.4235, 0
PixelHit 641, 1068, 20.0309, 0
PixelHit 641, 1069, 12.5187, 0
PixelHit 641, 1070, 10.1419, 0
PixelHit 641, 1071, 2.83866, 0
PixelHit 642, 1060, 2.15019, 0
PixelHit 642, 1062, 8.80394, 0
PixelHit 642, 1063, 11.0684, 0
PixelHit 642, 1064, 39.8039, 0
PixelHit 642, 1065, 52.438, 0
PixelHit 642, 1066, 38.778, 0
PixelHit 642, 1067, 16.933, 0
PixelHit 642, 1068, 5.85514, 0
PixelHit 642, 1069, 2.3474, 0
PixelHit 643, 1060, 4.63224, 0
PixelHit 643, 1061, 10.0372, 0
PixelHit 643, 1062, 16.3012, 0
PixelHit 643, 1063, 10.049, 0
PixelHit 643, 1064, 28.3688, 0
PixelHit 643, 1065, 40.6471, 0
PixelHit 643, 1066, 25.8592, 0
PixelHit 643, 1067, 10.0881, 0
PixelHit 643, 1068, 1.5949, 0
PixelHit 643, 1070, 2.70976, 0
PixelHit 644, 1060, 2.47014, 0
PixelHit 644, 1061, 5.27359, 0
PixelHit 644, 1062, 7.96159, 0
PixelHit 644, 1063, 6.9834, 0
PixelHit 644, 1064, 15.7303, 0
PixelHit 644, 1065, 9.48621, 0
PixelHit 644, 1066, 6.78609, 0
PixelHit 645, 1060, 4.8409, 0
PixelHit 645, 1061, 1.49159, 0
PixelHit 645, 1062, 4.66698, 0
PixelHit 645, 1063, 6.75852, 0
PixelHit 645, 1064, 0.778242, 0
PixelHit 645, 1065, 2.66557, 0
PixelHit 646, 1058, 1.04648, 0
PixelHit 646, 1059, 4.52142, 0
PixelHit 646, 1061, 1.5094, 0
PixelHit 646, 1062, 1.62485, 0
PixelHit 646, 1064, 0.186797, 0
PixelHit 646, 1065, 1.7846, 0
=== 80 ===
=== 81 ===
=== 82 ===
=== 83 ===
=== 84 ===
=== 85 ===
=== 86 ===
=== 87 ===
=== 88 ===
=== 89 ===
=== 90 ===
=== 91 ===
=== 92 ===
=== 93 ===
=== 94 ===
=== 95 ===
--- mydetector ---
PixelHit 1730, 241, 1.47546, 0
PixelHit 1730, 242, 11.7882, 0
PixelHit 1731, 239, 1.50022, 0
PixelHit 1731, 240, 92.5443, 0
PixelHit 1731, 241, 23.1888, 0
PixelHit 1731, 242, 9.00114, 0
PixelHit 1732, 237, 4.40863, 0
PixelHit 1732, 238, 25.3354, 0
PixelHit 1732, 239, 9.25023, 0
PixelHit 1732, 240, 40.2405, 0
PixelHit 1732, 241, 9.38524, 0
PixelHit 1733, 235, 3.01954, 0
PixelHit 1733, 236, 23.3156, 0
PixelHit 1733, 237, 54.9502, 0
PixelHit 1733, 238, 18.906, 0
PixelHit 1733, 239, 9.49045, 0
PixelHit 1734, 234, 7.82245, 0
PixelHit 1734, 235, 79.9344, 0
PixelHit 1734, 236, 56.4945, 0
PixelHit 1734, 237, 12.1158, 0
PixelHit 1734, 238, 0.892382, 0
PixelHit 1735, 232, 5.82568, 0
PixelHit 1735, 233, 68.7082, 0
PixelHit 1735, 234, 38.9162, 0
PixelHit 1735, 235, 15.4561, 0
PixelHit 1735, 236, 2.55941, 0
PixelHit 1736, 230, 1.77548, 0
PixelHit 1736, 231, 8.20519, 0
PixelHit 1736, 232, 25.6371, 0
PixelHit 1736, 233, 38.9336, 0
PixelHit 1736, 234, 9.28641, 0
PixelHit 1737, 228, 2.13692, 0
PixelHit 1737, 229, 23.4016, 0
PixelHit 1737, 230, 33.2553, 0
PixelHit 1737, 231, 8.5219, 0
PixelHit 1737, 232, 4.92867, 0
PixelHit 1738, 226, 4.24126, 0
PixelHit 1738, 227, 48.7684, 0
PixelHit 1738, 228, 145.242, 0
PixelHit 1738, 229, 15.1759, 0
PixelHit 1738, 230, 13.5983, 0
PixelHit 1738, 231, 1.83747, 0
PixelHit 1739, 223, 0.929454, 0
PixelHit 1739, 224, 8.73028, 0
PixelHit 1739, 225, 16.2353, 0
PixelHit 1739, 226, 41.3524, 0
PixelHit 1739, 227, 71.527, 0
PixelHit 1739, 228, 84.5662, 0
PixelHit 1740, 222, 1.86131, 0
PixelHit 1740, 223, 15.7701, 0
PixelHit 1740, 224, 117.867, 0
PixelHit 1740, 225, 73.3257, 0
PixelHit 1740, 226, 26.9478, 0
PixelHit 1740, 227, 8.06197, 0
PixelHit 1740, 228, 2.97346, 0
PixelHit 1741, 221, 8.72515, 0
PixelHit 1741, 222, 16.8262, 0
PixelHit 1741, 223, 37.3851, 0
PixelHit 1741, 224, 67.1435, 0
PixelHit 1741, 225, 47.8964, 0
PixelHit 1741, 226, 5.11953, 0
PixelHit 1742, 219, 4.51563, 0
PixelHit 1742, 220, 16.3538, 0
PixelHit 1742, 221, 23.4255, 0
PixelHit 1742, 222, 11.9322, 0
PixelHit 1742, 223, 14.8581, 0
PixelHit 1742, 224, 1.63092, 0
PixelHit 1743, 217, 5.31415, 0
PixelHit 1743, 218, 33.5075, 0
PixelHit 1743, 219, 42.5204, 0
PixelHit 1743, 220, 29.5355, 0
PixelHit 1743, 221, 13.4659, 0
PixelHit 1743, 222, -0.453677, 0
PixelHit 1744, 215, 8.43129, 0
PixelHit 1744, 216, 9.16231, 0
PixelHit 1744, 217, 19.647, 0
PixelHit 1744, 218, 75.2989, 0
PixelHit 1744, 219, 38.9426, 0
PixelHit 1744, 220, 10.032, 0
PixelHit 1745, 213, 4.75001, 0
PixelHit 1745, 214, 8.39395, 0
PixelHit 1745, 215, 46.2502, 0
PixelHit 1745, 216, 56.832, 0
PixelHit 1745, 217, 25.7754, 0
PixelHit 1745, 218, 18.7839, 0
PixelHit 1745, 219, 7.05486, 0
PixelHit 1746, 210, 2.7921, 0
PixelHit 1746, 212, 9.96035, 0
PixelHit 1746, 213, 20.8524, 0
PixelHit 1746, 214, 21.1412, 0
PixelHit 1746, 215, 26.2032, 0
PixelHit 1746, 216, 29.8672, 0
PixelHit 1746, 217, 4.50019, 0
PixelHit 1747, 210, 11.2612, 0
PixelHit 1747, 211, 25.6764, 0
PixelHit 1747, 212, 39.6193, 0
PixelHit 1747, 213, 37.3181, 0
PixelHit 1747, 214, 23.3073, 0
PixelHit 1747, 215, 6.02808, 0
PixelHit 1748, 207, 2.85447, 0
PixelHit 1748, 208, 4.95082, 0
PixelHit 1748, 209, 25.8993, 0
PixelHit 1748, 210, 23.43, 0
PixelHit 1748, 211, 28.2199, 0
PixelHit 1748, 212, 19.0307, 0
PixelHit 1748, 213, 13.7486, 0
PixelHit 1748, 214, 2.35899, 0
PixelHit 1749, 206, 4.53489, 0
PixelHit 1749, 207, 12.3467, 0
PixelHit 1749, 208, 22.673, 0
PixelHit 1749, 209, 61.9888, 0
PixelHit 1749, 210, 32.6097, 0
PixelHit 1749, 211, 15.9746, 0
PixelHit 1749, 212, 1.94037, 0
PixelHit 1750, 204, 7.47349, 0
PixelHit 1750, 205, 11.0652, 0
PixelHit 1750, 206, 15.1927, 0
PixelHit 1750, 207, 37.7099, 0
PixelHit 1750, 208, 26.9429, 0
PixelHit 1750, 209, 24.166, 0
PixelHit 1750, 210, 11.4971, 0
PixelHit 1750, 211, 2.78851, 0
PixelHit 1750, 212, 1.99975, 0
PixelHit 1751, 201, 3.95433, 0
PixelHit 1751, 202, 6.14022, 0
PixelHit 1751, 203, 21.0326, 0
PixelHit 1751, 204, 39.337, 0
PixelHit 1751, 205, 53.5179, 0
PixelHit 1751, 206, 27.9345, 0
PixelHit 1751, 207, 16.1815, 0
PixelHit 1751, 208, 13.367, 0
PixelHit 1751, 209, 4.083, 0
PixelHit 1752, 201, 11.4836, 0
PixelHit 1752, 202, 18.3762, 0
PixelHit 1752, 203, 37.171, 0
PixelHit 1752, 204, 48.2221, 0
PixelHit 1752, 205, 48.5829, 0
PixelHit 1752, 206, 16.3291, 0
PixelHit 1752, 207, 2.17357, 0
PixelHit 1753, 198, 0.288008, 0
PixelHit 1753, 199, 4.09233, 0
PixelHit 1753, 200, 13.9003, 0
PixelHit 1753, 201, 36.224, 0
PixelHit 1753, 202, 37.1747, 0
PixelHit 1753, 203, 39.1941, 0
PixelHit 1753, 204, 10.8238, 0
PixelHit 1753, 205, 7.99002, 0
PixelHit 1753, 206, 3.23362, 0
PixelHit 1754, 196, 1.44852, 0
PixelHit 1754, 198, 2.8825, 0
PixelHit 1754, 199, 12.1842, 0
PixelHit 1754, 200, 31.1712, 0
PixelHit 1754, 201, 37.7085, 0
PixelHit 1754, 202, 24.5194, 0
PixelHit 1754, 203, 6.63449, 0
PixelHit 1755, 194, 0.976091, 0
PixelHit 1755, 195, 2.26718, 0
PixelHit 1755, 196, 5.57954, 0
PixelHit 1755, 197, 4.0269, 0
PixelHit 1755, 198, 12.1409, 0
PixelHit 1755, 199, 12.0507, 0
PixelHit 1755, 200, 12.1123, 0
PixelHit 1755, 201, 10.7878, 0
PixelHit 1755, 202, 4.89166, 0
PixelHit 1755, 203, 3.14542, 0
PixelHit 1756, 192, 0.776853, 0
PixelHit 1756, 193, 1.1254, 0
PixelHit 1756, 194, 7.1324, 0
PixelHit 1756, 195, 19.5312, 0
PixelHit 1756, 196, 9.42892, 0
PixelHit 1756, 197, 7.34633, 0
PixelHit 1756, 198, 4.1879, 0
PixelHit 1756, 199, 5.79883, 0
PixelHit 1756, 200, 1.46436, 0
PixelHit 1757, 191, 0.15571, 0
PixelHit 1757, 193, 5.74509, 0
PixelHit 1757, 194, 14.6288, 0
PixelHit 1757, 195, 20.4803, 0
PixelHit 1757, 196, 17.066, 0
PixelHit 1758, 190, 3.44652, 0
PixelHit 1758, 191, 7.09013, 0
PixelHit 1758, 192, 12.3516, 0
PixelHit 1758, 193, 10.1042, 0
PixelHit 1758, 194, 13.2091, 0
PixelHit 1758, 195, 11.4606, 0
PixelHit 1758, 196, 7.045, 0
PixelHit 1758, 197, 5.10257, 0
PixelHit 1759, 189, 2.60609, 0
PixelHit 1759, 190, 3.46221, 0
PixelHit 1759, 191, 2.29363, 0
PixelHit 1759, 192, 11.2836, 0
PixelHit 1759, 193, 7.97269, 0
PixelHit 1759, 194, 5.15707, 0
PixelHit 1759, 195, 3.67738, 0
PixelHit 1760, 185, 0.568516, 0
PixelHit 1760, 186, 6.02145, 0
PixelHit 1760, 187, 6.39676, 0
PixelHit 1760, 188, 10.486, 0
PixelHit 1760, 189, 9.55974, 0
PixelHit 1760, 190, 6.77187, 0
PixelHit 1760, 191, 8.31831, 0
PixelHit 1760, 192, 4.11671, 0
PixelHit 1760, 193, 1.84617, 0
PixelHit 1761, 185, 3.91545, 0
PixelHit 1761, 186, 12.8821, 0
PixelHit 1761, 187, 25.9354, 0
PixelHit 1761, 188, 17.9319, 0
PixelHit 1761, 189, 10.0664, 0
PixelHit 1761, 190, 5.6718, 0
PixelHit 1761, 191, 1.71286, 0
PixelHit 1761, 192, 2.32995, 0
PixelHit 1762, 184, 0.476506, 0
PixelHit 1762, 185, 4.83013, 0
PixelHit 1762, 186, 15.8826, 0
PixelHit 1762, 187, 24.6004, 0
PixelHit 1762, 188, 16.9689, 0
PixelHit 1762, 189, 6.82021, 0
PixelHit 1762, 190, 2.42996, 0
PixelHit 1763, 184, 2.29286, 0
PixelHit 1763, 186, 8.5607, 0
PixelHit 1763, 187, 8.17823, 0
PixelHit 1763, 188, 2.97397, 0
PixelHit 1764, 177, 0.785283, 0
PixelHit 1764, 180, 1.89806, 0
PixelHit 1764, 181, 3.02368, 0
PixelHit 1764, 183, 3.54957, 0
PixelHit 1764, 184, 2.48771, 0
PixelHit 1765, 176, 2.8774, 0
PixelHit 1765, 178, 4.66804, 0
PixelHit 1765, 179, 6.51074, 0
PixelHit 1765, 180, 4.74248, 0
PixelHit 1765, 181, 4.76984, 0
PixelHit 1765, 185, 1.18805, 0
PixelHit 1766, 177, 15.6647, 0
PixelHit 1766, 178, 20.0598, 0
PixelHit 1766, 179, 22.6488, 0
PixelHit 1766, 180, 6.31282, 0
PixelHit 1766, 181, 13.8704, 0
PixelHit 1766, 182, 3.36941, 0
PixelHit 1766, 183, 4.95265, 0
PixelHit 1767, 173, 0.347598, 0
PixelHit 1767, 174, 10.1373, 0
PixelHit 1767, 175, 8.93951, 0
PixelHit 1767, 176, 4.63212, 0
PixelHit 1767, 177, 21.2291, 0
PixelHit 1767, 178, 26.5842, 0
PixelHit 1767, 179, 14.088, 0
PixelHit 1767, 181, 4.11693, 0
PixelHit 1768, 171, 0.336023, 0
PixelHit 1768, 172, 7.1844, 0
PixelHit 1768, 173, 15.4363, 0
PixelHit 1768, 174, 25.2496, 0
PixelHit 1768, 175, 33.2038, 0
PixelHit 1768, 176, 12.6017, 0
PixelHit 1768, 177, 6.21563, 0
PixelHit 1768, 178, 13.2379, 0
PixelHit 1768, 179, 7.0384, 0
PixelHit 1768, 181, 2.19185, 0
PixelHit 1769, 169, 1.94834, 0
PixelHit 1769, 170, 7.77007, 0
PixelHit 1769, 171, 14.1295, 0
PixelHit 1769, 172, 24.2746, 0
PixelHit 1769, 173, 30.3611, 0
PixelHit 1769, 174, 25.9923, 0
PixelHit 1769, 175, 26.3289, 0
PixelHit 1769, 176, 18.4218, 0
PixelHit 1769, 177, 1.88519, 0
PixelHit 1769, 178, 2.25938, 0
PixelHit 1770, 167, 4.23249, 0
PixelHit 1770, 168, 8.66862, 0
PixelHit 1770, 169, 32.3501, 0
PixelHit 1770, 170, 30.8156, 0
PixelHit 1770, 171, 29.7392, 0
PixelHit 1770, 172, 28.9715, 0
PixelHit 1770, 173, 26.7221, 0
PixelHit 1770, 174, 14.4893, 0
PixelHit 1770, 175, 8.88449, 0
PixelHit 1770, 176, 3.81888, 0
PixelHit 1771, 166, 5.05193, 0
PixelHit 1771, 167, 19.0525, 0
PixelHit 1771, 168, 39.1237, 0
PixelHit 1771, 169, 70.0161, 0
PixelHit 1771, 170, 54.1737, 0
PixelHit 1771, 171, 36.1795, 0
PixelHit 1771, 172, 19.5636, 0
PixelHit 1771, 173, 15.9651, 0
PixelHit 1771, 174, 0.991574, 0
PixelHit 1772, 165, 5.4549, 0
PixelHit 1772, 166, 12.9936, 0
PixelHit 1772, 167, 22.4598, 0
PixelHit 1772, 168, 59.6499, 0
PixelHit 1772, 169, 96.8326, 0
PixelHit 1772, 170, 67.521, 0
PixelHit 1772, 171, 30.6315, 0
PixelHit 1772, 172, 11.1499, 0
PixelHit 1772, 173, 0.812056, 0
PixelHit 1773, 161, 2.25676, 0
PixelHit 1773, 162, 1.53561, 0
PixelHit 1773, 163, 2.18151, 0
PixelHit 1773, 164, 4.12621, 0
PixelHit 1773, 165, 13.2142, 0
PixelHit 1773, 166, 21.8831, 0
PixelHit 1773, 167, 19.9781, 0
PixelHit 1773, 168, 41.8127, 0
PixelHit 1773, 169, 43.4905, 0
PixelHit 1773, 170, 35.5878, 0
PixelHit 1773, 171, 9.69024, 0
PixelHit 1773, 172, 3.46859, 0
PixelHit 1774, 159, 2.26361, 0
PixelHit 1774, 160, 2.13726, 0
PixelHit 1774, 161, 1.64103, 0
PixelHit 1774, 162, 3.67403, 0
PixelHit 1774, 163, 3.29178, 0
PixelHit 1774, 164, 10.672, 0
PixelHit 1774, 165, 12.1812, 0
PixelHit 1774, 166, 17.1474, 0
PixelHit 1774, 167, 14.4537, 0
PixelHit 1774, 168, 15.4111, 0
PixelHit 1774, 169, 13.4137, 0
PixelHit 1774, 170, 4.44567, 0
PixelHit 1775, 158, 2.07806, 0
PixelHit 1775, 160, 9.55942, 0
PixelHit 1775, 161, 14.629, 0
PixelHit 1775, 162, 7.55693, 0
PixelHit 1775, 163, 7.8136, 0
PixelHit 1775, 164, 11.7249, 0
PixelHit 1775, 165, 5.81443, 0
PixelHit 1775, 166, 5.94259, 0
PixelHit 1775, 167, 5.78147, 0
PixelHit 1776, 156, 1.5242, 0
PixelHit 1776, 157, 2.57596, 0
PixelHit 1776, 158, 3.72365, 0
PixelHit 1776, 159, 15.854, 0
PixelHit 1776, 160, 19.9054, 0
PixelHit 1776, 161, 14.3606, 0
PixelHit 1776, 162, 13.7389, 0
PixelHit 1776, 163, 10.315, 0
PixelHit 1777, 154, 2.05468, 0
PixelHit 1777, 155, 4.96093, 0
PixelHit 1777, 156, 9.37348, 0
PixelHit 1777, 157, 4.64862, 0
PixelHit 1777, 158, 20.2282, 0
PixelHit 1777, 159, 31.5778, 0
PixelHit 1777, 160, 18.3183, 0
PixelHit 1777, 161, 19.2405, 0
PixelHit 1777, 162, 10.3658, 0
PixelHit 1777, 163, 3.4492, 0
PixelHit 1777, 165, 3.4962, 0
PixelHit 1777, 166, 1.14228, 0
PixelHit 1778, 152, 2.9225, 0
PixelHit 1778, 154, 2.71324, 0
PixelHit 1778, 155, 6.88393, 0
PixelHit 1778, 156, 18.9062, 0
PixelHit 1778, 157, 23.1141, 0
PixelHit 1778, 158, 27.0658, 0
PixelHit 1778, 159, 19.9214, 0
PixelHit 1778, 160, 24.516, 0
PixelHit 1778, 161, 2.44772, 0
PixelHit 1778, 163, 0.824694, 0
PixelHit 1779, 152, 1.23013, 0
PixelHit 1779, 153, 5.66204, 0
PixelHit 1779, 154, 6.22236, 0
PixelHit 1779, 155, 14.0949, 0
PixelHit 1779, 156, 17.1866, 0
PixelHit 1779, 157, 27.194, 0
PixelHit 1779, 158, 18.2065, 0
PixelHit 1779, 159, 20.1777, 0
PixelHit 1779, 160, 7.7368, 0
PixelHit 1779, 162, 3.87225, 0
PixelHit 1780, 150, 3.03736, 0
PixelHit 1780, 151, 4.75404, 0
PixelHit 1780, 152, 1.72619, 0
PixelHit 1780, 153, 9.3287, 0
PixelHit 1780, 154, 14.4821, 0
PixelHit 1780, 155, 17.1471, 0
PixelHit 1780, 156, 28.9443, 0
PixelHit 1780, 157, 12.6774, 0
PixelHit 1780, 158, 4.57735, 0
PixelHit 1780, 159, 8.23692, 0
PixelHit 1781, 148, 2.78114, 0
PixelHit 1781, 149, 7.07155, 0
PixelHit 1781, 150, 13.5623, 0
PixelHit 1781, 151, 9.78691, 0
PixelHit 1781, 152, 7.74096, 0
PixelHit 1781, 153, 7.49384, 0
PixelHit 1781, 154, 5.17314, 0
PixelHit 1781, 155, 8.27777, 0
PixelHit 1781, 156, 3.23158, 0
PixelHit 1781, 157, 0.918221, 0
PixelHit 1781, 158, 0.827727, 0
PixelHit 1782, 146, 3.03499, 0
PixelHit 1782, 147, 1.9033, 0
PixelHit 1782, 148, 10.6503, 0
PixelHit 1782, 149, 11.5627, 0
PixelHit 1782, 150, 16.4499, 0
PixelHit 1782, 151, 15.8079, 0
PixelHit 1782, 152, 4.94822, 0
PixelHit 1782, 153, 8.46349, 0
PixelHit 1782, 154, 6.75477, 0
PixelHit 1782, 157, -0.0369767, 0
PixelHit 1783, 143, 0.229161, 0
PixelHit 1783, 144, 4.45815, 0
PixelHit 1783, 145, 11.1937, 0
PixelHit 1783, 146, 18.1696, 0
PixelHit 1783, 147, 18.7712, 0
PixelHit 1783, 148, 23.4994, 0
PixelHit 1783, 149, 12.8645, 0
PixelHit 1783, 150, 16.8425, 0
PixelHit 1783, 151, 9.928, 0
PixelHit 1783, 152, 6.57721, 0
PixelHit 1783, 153, 1.82858, 0
PixelHit 1783, 154, 2.06534, 0
PixelHit 1784, 142, 5.64472, 0
PixelHit 1784, 143, 9.86441, 0
PixelHit 1784, 144, 34.5462, 0
PixelHit 1784, 145, 35.4685, 0
PixelHit 1784, 146, 26.4195, 0
PixelHit 1784, 147, 22.333, 0
PixelHit 1784, 148, 16.8563, 0
PixelHit 1784, 149, 9.86897, 0
PixelHit 1784, 150, 4.34098, 0
PixelHit 1784, 151, 12.0626, 0
PixelHit 1784, 152, 1.78979, 0
PixelHit 1785, 141, 4.65213, 0
PixelHit 1785, 142, 6.15956, 0
PixelHit 1785, 143, 42.9664, 0
PixelHit 1785, 144, 59.0474, 0
PixelHit 1785, 145, 50.896, 0
PixelHit 1785, 146, 46.4533, 0
PixelHit 1785, 147, 27.8971, 0
PixelHit 1785, 148, 8.0635, 0
PixelHit 1785, 149, 9.28388, 0
PixelHit 1786, 139, 1.692, 0
PixelHit 1786, 141, 5.39019, 0
PixelHit 1786, 142, 20.2269, 0
PixelHit 1786, 143, 48.8819, 0
PixelHit 1786, 144, 61.1996, 0
PixelHit 1786, 145, 72.299, 0
PixelHit 1786, 146, 42.3013, 0
PixelHit 1786, 147, 13.2906, 0
PixelHit 1786, 148, 4.4895, 0
PixelHit 1786, 149, 1.28695, 0
PixelHit 1787, 136, 3.79245, 0
PixelHit 1787, 139, 2.74856, 0
PixelHit 1787, 140, 5.52596, 0
PixelHit 1787, 141, 4.8393, 0
PixelHit 1787, 142, 14.8044, 0
PixelHit 1787, 143, 31.7056, 0
PixelHit 1787, 144, 39.7612, 0
PixelHit 1787, 145, 32.1889, 0
PixelHit 1787, 146, 17.5529, 0
PixelHit 1787, 147, 5.01125, 0
PixelHit 1787, 148, 1.18459, 0
PixelHit 1788, 134, 1.42951, 0
PixelHit 1788, 135, 1.50088, 0
PixelHit 1788, 136, 9.44646, 0
PixelHit 1788, 137, 5.09065, 0
PixelHit 1788, 138, 4.0015, 0
PixelHit 1788, 139, 3.65695, 0
PixelHit 1788, 140, 2.97363, 0
PixelHit 1788, 141, 7.71329, 0
PixelHit 1788, 142, 10.0935, 0
PixelHit 1788, 143, 11.4587, 0
PixelHit 1788, 144, 9.64565, 0
PixelHit 1788, 145, 11.9864, 0
PixelHit 1788, 146, 5.92352, 0
PixelHit 1788, 147, 2.95793, 0
PixelHit 1789, 129, 2.09686, 0
PixelHit 1789, 134, 4.14191, 0
PixelHit 1789, 135, 4.90577, 0
PixelHit 1789, 136, 2.63365, 0
PixelHit 1789, 137, 14.1336, 0
PixelHit 1789, 138, 6.29731, 0
PixelHit 1789, 139, 4.91069, 0
PixelHit 1789, 140, 1.46571, 0
PixelHit 1789, 141, 5.56855, 0
PixelHit 1789, 142, 2.79171, 0
PixelHit 1789, 143, 3.29682, 0
PixelHit 1789, 144, 1.96798, 0
PixelHit 1789, 146, 1.04624, 0
PixelHit 1790, 132, 3.88237, 0
PixelHit 1790, 133, 6.64275, 0
PixelHit 1790, 134, 5.30699, 0
PixelHit 1790, 135, 7.58838, 0
PixelHit 1790, 136, 15.7593, 0
PixelHit 1790, 137, 11.5556, 0
PixelHit 1790, 138, 7.72785, 0
PixelHit 1790, 139, 3.11682, 0
PixelHit 1790, 140, 3.8616, 0
PixelHit 1791, 129, 2.34499, 0
PixelHit 1791, 130, 6.10208, 0
PixelHit 1791, 131, 5.94912, 0
PixelHit 1791, 132, 12.4895, 0
PixelHit 1791, 133, 8.65251, 0
PixelHit 1791, 134, 13.6179, 0
PixelHit 1791, 135, 22.2766, 0
PixelHit 1791, 136, 20.3774, 0
PixelHit 1791, 137, 8.25745, 0
PixelHit 1791, 138, 8.81155, 0
PixelHit 1791, 139, 2.44099, 0
PixelHit 1792, 129, 9.09692, 0
PixelHit 1792, 130, 14.5005, 0
PixelHit 1792, 131, 25.3185, 0
PixelHit 1792, 132, 24.131, 0
PixelHit 1792, 133, 16.3576, 0
PixelHit 1792, 134, 10.0862, 0
PixelHit 1792, 135, 10.5271, 0
PixelHit 1792, 136, 6.37266, 0
PixelHit 1792, 137, 4.71853, 0
PixelHit 1792, 138, 1.79989, 0
PixelHit 1793, 129, 8.80701, 0
PixelHit 1793, 130, 22.302, 0
PixelHit 1793, 131, 28.915, 0
PixelHit 1793, 132, 27.6851, 0
PixelHit 1793, 133, 18.0777, 0
PixelHit 1793, 134, 13.5659, 0
PixelHit 1793, 135, 3.84865, 0
PixelHit 1793, 136, 1.56648, 0
PixelHit 1794, 127, 1.11192, 0
PixelHit 1794, 128, 1.80664, 0
PixelHit 1794, 129, 18.3538, 0
PixelHit 1794, 130, 26.8759, 0
PixelHit 1794, 131, 18.8538, 0
PixelHit 1794, 132, 18.1207, 0
PixelHit 1794, 133, 10.5386, 0
PixelHit 1795, 127, 1.84291, 0
PixelHit 1795, 128, 2.82243, 0
PixelHit 1795, 129, 8.23702, 0
PixelHit 1795, 130, 5.96367, 0
PixelHit 1795, 131, 12.3922, 0
PixelHit 1795, 132, 4.84423, 0
PixelHit 1795, 133, 1.92926, 0
PixelHit 1796, 130, 1.02952, 0
PixelHit 1796, 131, 2.25177, 0
PixelHit 1796, 132, 4.53698, 0
=== 96 ===
=== 97 ===
=== 98 ===
=== 99 ===
=== 100 ===
# 2245 objects from 4 messages
