# Allpix Squared ASCII data - https://cern.ch/allpix-squared

=== 1 ===
=== 2 ===
=== 3 ===
=== 4 ===
=== 5 ===
=== 6 ===
=== 7 ===
=== 8 ===
=== 9 ===
=== 10 ===
=== 11 ===
=== 12 ===
=== 13 ===
=== 14 ===
=== 15 ===
=== 16 ===
=== 17 ===
=== 18 ===
=== 19 ===
=== 20 ===
--- mydetector ---
PixelHit 798, 433, 2.44748, 0
PixelHit 798, 434, 22.6156, 0
PixelHit 798, 435, 5.63025, 0
PixelHit 799, 432, 1.30171, 0
PixelHit 799, 433, 28.1804, 0
PixelHit 799, 434, 112.246, 0
PixelHit 799, 435, 12.9891, 0
PixelHit 800, 432, 18.8338, 0
PixelHit 800, 433, 54.1476, 0
PixelHit 800, 434, 42.2102, 0
PixelHit 801, 430, 3.91023, 0
PixelHit 801, 431, 12.7313, 0
PixelHit 801, 432, 71.9997, 0
PixelHit 801, 433, 55.3291, 0
PixelHit 801, 434, 9.45054, 0
PixelHit 802, 429, 2.96653, 0
PixelHit 802, 430, 9.31201, 0
PixelHit 802, 431, 22.5443, 0
PixelHit 802, 432, 47.661, 0
PixelHit 802, 433, 18.4015, 0
PixelHit 802, 434, 3.01426, 0
PixelHit 803, 429, 14.215, 0
PixelHit 803, 430, 45.4163, 0
PixelHit 803, 431, 59.4572, 0
PixelHit 803, 432, 19.9445, 0
PixelHit 803, 433, 2.29223, 0
PixelHit 804, 428, 10.475, 0
PixelHit 804, 429, 30.3336, 0
PixelHit 804, 430, 70.6628, 0
PixelHit 804, 431, 48.9927, 0
PixelHit 804, 432, 11.2154, 0
PixelHit 805, 426, 2.54113, 0
PixelHit 805, 427, 5.53225, 0
PixelHit 805, 428, 15.6045, 0
PixelHit 805, 429, 56.2987, 0
PixelHit 805, 430, 54.3726, 0
PixelHit 805, 431, 21.0085, 0
PixelHit 806, 426, 3.89494, 0
PixelHit 806, 427, 10.0369, 0
PixelHit 806, 428, 40.0544, 0
PixelHit 806, 429, 41.1255, 0
PixelHit 806, 430, 24.3839, 0
PixelHit 806, 431, 17.0233, 0
PixelHit 807, 425, 4.39117, 0
PixelHit 807, 426, 10.5456, 0
PixelHit 807, 427, 43.4487, 0
PixelHit 807, 428, 54.4385, 0
PixelHit 807, 429, 30.6038, 0
PixelHit 807, 430, 11.6917, 0
PixelHit 808, 423, 1.60398, 0
PixelHit 808, 424, 2.84191, 0
PixelHit 808, 425, 6.81188, 0
PixelHit 808, 426, 29.1079, 0
PixelHit 808, 427, 42.4199, 0
PixelHit 808, 428, 35.7604, 0
PixelHit 808, 429, 16.1869, 0
PixelHit 808, 430, 3.9612, 0
PixelHit 809, 423, 3.24534, 0
PixelHit 809, 424, 6.39361, 0
PixelHit 809, 425, 6.47633, 0
PixelHit 809, 426, 20.1377, 0
PixelHit 809, 427, 35.2258, 0
PixelHit 809, 428, 23.7662, 0
PixelHit 809, 429, 3.15626, 0
PixelHit 809, 430, 0.986283, 0
PixelHit 810, 422, 2.92228, 0
PixelHit 810, 423, 3.21842, 0
PixelHit 810, 424, 10.1938, 0
PixelHit 810, 425, 15.0002, 0
PixelHit 810, 426, 16.9469, 0
PixelHit 810, 427, 17.4629, 0
PixelHit 810, 429, 1.85162, 0
PixelHit 811, 421, 2.25498, 0
PixelHit 811, 422, 5.3717, 0
PixelHit 811, 423, 8.92376, 0
PixelHit 811, 424, 13.801, 0
PixelHit 811, 425, 21.5981, 0
PixelHit 811, 426, 8.99032, 0
PixelHit 811, 427, 4.12252, 0
PixelHit 811, 428, 2.40261, 0
PixelHit 812, 421, 1.65715, 0
PixelHit 812, 422, 7.79076, 0
PixelHit 812, 423, 19.661, 0
PixelHit 812, 424, 21.629, 0
PixelHit 812, 425, 16.209, 0
PixelHit 812, 426, 13.0658, 0
PixelHit 812, 427, 3.92892, 0
PixelHit 813, 421, 4.85283, 0
PixelHit 813, 422, 11.4461, 0
PixelHit 813, 423, 34.0228, 0
PixelHit 813, 424, 22.6664, 0
PixelHit 813, 425, 15.0735, 0
PixelHit 813, 426, 6.90506, 0
PixelHit 814, 421, 5.53925, 0
PixelHit 814, 422, 8.98114, 0
PixelHit 814, 423, 24.3796, 0
PixelHit 814, 424, 19.0406, 0
PixelHit 814, 425, 9.77327, 0
PixelHit 814, 426, 2.86322, 0
PixelHit 815, 421, 2.33959, 0
PixelHit 815, 423, 2.77872, 0
PixelHit 815, 424, 2.08232, 0
PixelHit 815, 425, 1.64187, 0
PixelHit 816, 423, 3.2027, 0
PixelHit 816, 424, 1.4469, 0
PixelHit 961, 1088, 1.78738, 0
PixelHit 961, 1089, 5.54742, 0
PixelHit 962, 1087, 0.96091, 0
PixelHit 962, 1088, 33.8374, 0
PixelHit 962, 1089, 35.6104, 0
PixelHit 963, 1086, 3.13841, 0
PixelHit 963, 1087, 15.527, 0
PixelHit 963, 1088, 26.1864, 0
PixelHit 963, 1089, 2.05579, 0
PixelHit 964, 1083, 1.35593, 0
PixelHit 964, 1084, 6.99078, 0
PixelHit 964, 1085, 9.70206, 0
PixelHit 964, 1086, 13.7933, 0
PixelHit 964, 1087, 11.9987, 0
PixelHit 964, 1088, 2.52506, 0
PixelHit 965, 1082, 3.77259, 0
PixelHit 965, 1083, 9.878, 0
PixelHit 965, 1084, 61.4191, 0
PixelHit 965, 1085, 66.8897, 0
PixelHit 965, 1086, 19.7643, 0
PixelHit 965, 1087, 4.36806, 0
PixelHit 966, 1082, 1.27565, 0
PixelHit 966, 1083, 54.0007, 0
PixelHit 966, 1084, 111.122, 0
PixelHit 966, 1085, 99.3522, 0
PixelHit 966, 1086, 5.93582, 0
PixelHit 967, 1081, 4.60324, 0
PixelHit 967, 1082, 21.9977, 0
PixelHit 967, 1083, 62.726, 0
PixelHit 967, 1084, 66.2613, 0
PixelHit 967, 1085, 27.3177, 0
PixelHit 967, 1086, 4.46263, 0
PixelHit 968, 1078, 1.96878, 0
PixelHit 968, 1080, 9.84675, 0
PixelHit 968, 1081, 12.5134, 0
PixelHit 968, 1082, 29.995, 0
PixelHit 968, 1083, 36.7409, 0
PixelHit 968, 1084, 13.1625, 0
PixelHit 968, 1085, 5.3168, 0
PixelHit 969, 1078, 6.15452, 0
PixelHit 969, 1079, 19.9502, 0
PixelHit 969, 1080, 36.2568, 0
PixelHit 969, 1081, 21.5679, 0
PixelHit 969, 1082, 9.339, 0
PixelHit 969, 1083, 10.7997, 0
PixelHit 970, 1077, 7.0779, 0
PixelHit 970, 1078, 14.9943, 0
PixelHit 970, 1079, 36.2282, 0
PixelHit 970, 1080, 62.001, 0
PixelHit 970, 1081, 24.5608, 0
PixelHit 970, 1082, 7.2606, 0
PixelHit 971, 1074, 1.61552, 0
PixelHit 971, 1076, 5.55773, 0
PixelHit 971, 1077, 9.61137, 0
PixelHit 971, 1078, 33.1173, 0
PixelHit 971, 1079, 38.9884, 0
PixelHit 971, 1080, 38.8518, 0
PixelHit 971, 1081, 19.9335, 0
PixelHit 971, 1082, 4.50243, 0
PixelHit 972, 1075, 3.1088, 0
PixelHit 972, 1076, 9.43513, 0
PixelHit 972, 1077, 28.4843, 0
PixelHit 972, 1078, 23.7356, 0
PixelHit 972, 1079, 25.0278, 0
PixelHit 972, 1080, 16.3875, 0
PixelHit 972, 1081, 5.69456, 0
PixelHit 973, 1073, 3.74778, 0
PixelHit 973, 1074, 6.89818, 0
PixelHit 973, 1075, 12.1554, 0
PixelHit 973, 1076, 14.8117, 0
PixelHit 973, 1077, 27.4375, 0
PixelHit 973, 1078, 9.9235, 0
PixelHit 973, 1079, 1.91496, 0
PixelHit 973, 1080, 1.3047, 0
PixelHit 973, 1081, 3.39287, 0
PixelHit 974, 1073, 3.71472, 0
PixelHit 974, 1074, 11.9764, 0
PixelHit 974, 1075, 18.1783, 0
PixelHit 974, 1076, 17.7175, 0
PixelHit 974, 1077, 10.6134, 0
PixelHit 974, 1078, 10.355, 0
PixelHit 974, 1079, 3.88511, 0
PixelHit 975, 1072, 14.2806, 0
PixelHit 975, 1073, 10.982, 0
PixelHit 975, 1074, 17.5317, 0
PixelHit 975, 1075, 16.0666, 0
PixelHit 975, 1076, 12.0015, 0
PixelHit 975, 1077, 4.52627, 0
PixelHit 975, 1078, 2.05973, 0
PixelHit 976, 1070, 0.453206, 0
PixelHit 976, 1071, 2.5603, 0
PixelHit 976, 1072, 10.6987, 0
PixelHit 976, 1073, 30.1991, 0
PixelHit 976, 1074, 12.1301, 0
PixelHit 976, 1075, 10.304, 0
PixelHit 976, 1076, 5.55666, 0
PixelHit 977, 1069, 1.21602, 0
PixelHit 977, 1071, 10.2274, 0
PixelHit 977, 1072, 12.7336, 0
PixelHit 977, 1073, 20.977, 0
PixelHit 977, 1074, 14.0244, 0
PixelHit 977, 1075, 9.87867, 0
PixelHit 978, 1072, 7.39637, 0
PixelHit 978, 1073, 12.5148, 0
PixelHit 978, 1074, 4.49124, 0
PixelHit 978, 1075, 1.88923, 0
PixelHit 979, 1070, 1.75524, 0
PixelHit 979, 1072, 1.29123, 0
PixelHit 979, 1073, 3.00503, 0
PixelHit 980, 1074, 1.11851, 0
=== 21 ===
=== 22 ===
=== 23 ===
=== 24 ===
=== 25 ===
=== 26 ===
=== 27 ===
=== 28 ===
=== 29 ===
=== 30 ===
=== 31 ===
=== 32 ===
=== 33 ===
=== 34 ===
=== 35 ===
=== 36 ===
=== 37 ===
=== 38 ===
=== 39 ===
=== 40 ===
=== 41 ===
=== 42 ===
=== 43 ===
=== 44 ===
--- mydetector ---
PixelHit 1234, 1052, 2.91325, 0
PixelHit 1234, 1053, 23.6327, 0
PixelHit 1234, 1054, 4.01016, 0
PixelHit 1235, 1051, 9.61354, 0
PixelHit 1235, 1052, 37.4166, 0
PixelHit 1235, 1053, 32.9952, 0
PixelHit 1236, 1048, 3.77699, 0
PixelHit 1236, 1049, 3.7929, 0
PixelHit 1236, 1050, 10.4637, 0
PixelHit 1236, 1051, 28.2496, 0
PixelHit 1236, 1052, 24.364, 0
PixelHit 1236, 1053, 0.858403, 0
PixelHit 1237, 1046, 2.43006, 0
PixelHit 1237, 1047, 3.80167, 0
PixelHit 1237, 1048, 8.81805, 0
PixelHit 1237, 1049, 19.4865, 0
PixelHit 1237, 1050, 16.6392, 0
PixelHit 1237, 1051, 12.5161, 0
PixelHit 1237, 1052, 4.60676, 0
PixelHit 1238, 1045, 3.49707, 0
PixelHit 1238, 1046, 13.0148, 0
PixelHit 1238, 1047, 22.7276, 0
PixelHit 1238, 1048, 48.4034, 0
PixelHit 1238, 1049, 32.7707, 0
PixelHit 1238, 1050, 13.6239, 0
PixelHit 1238, 1051, 1.44987, 0
PixelHit 1239, 1045, 13.5204, 0
PixelHit 1239, 1046, 62.3983, 0
PixelHit 1239, 1047, 108.469, 0
PixelHit 1239, 1048, 79.2229, 0
PixelHit 1239, 1049, 33.9613, 0
PixelHit 1239, 1050, 4.95734, 0
PixelHit 1240, 1043, 3.56257, 0
PixelHit 1240, 1044, 13.7896, 0
PixelHit 1240, 1045, 31.973, 0
PixelHit 1240, 1046, 115.746, 0
PixelHit 1240, 1047, 118.435, 0
PixelHit 1240, 1048, 51.4499, 0
PixelHit 1240, 1049, 10.7848, 0
PixelHit 1241, 1040, 2.10485, 0
PixelHit 1241, 1041, 4.42035, 0
PixelHit 1241, 1042, 3.9073, 0
PixelHit 1241, 1043, 2.62917, 0
PixelHit 1241, 1044, 15.7851, 0
PixelHit 1241, 1045, 31.7277, 0
PixelHit 1241, 1046, 45.5371, 0
PixelHit 1241, 1047, 53.2542, 0
PixelHit 1241, 1048, 6.57488, 0
PixelHit 1242, 1041, 5.12637, 0
PixelHit 1242, 1042, 12.5008, 0
PixelHit 1242, 1043, 23.7405, 0
PixelHit 1242, 1044, 41.4575, 0
PixelHit 1242, 1045, 19.5494, 0
PixelHit 1242, 1046, 12.5656, 0
PixelHit 1242, 1047, 9.03537, 0
PixelHit 1242, 1048, 3.29926, 0
PixelHit 1243, 1039, 5.7082, 0
PixelHit 1243, 1040, 10.4353, 0
PixelHit 1243, 1041, 16.0422, 0
PixelHit 1243, 1042, 21.3519, 0
PixelHit 1243, 1043, 38.0755, 0
PixelHit 1243, 1044, 14.3905, 0
PixelHit 1243, 1045, 6.82719, 0
PixelHit 1243, 1046, 4.86121, 0
PixelHit 1244, 1037, 1.42442, 0
PixelHit 1244, 1038, 9.84485, 0
PixelHit 1244, 1039, 20.8893, 0
PixelHit 1244, 1040, 30.3065, 0
PixelHit 1244, 1041, 33.2895, 0
PixelHit 1244, 1042, 18.1739, 0
PixelHit 1244, 1043, 23.1765, 0
PixelHit 1244, 1044, 5.77839, 0
PixelHit 1244, 1046, 3.31239, 0
PixelHit 1245, 1036, 3.06671, 0
PixelHit 1245, 1037, 4.18191, 0
PixelHit 1245, 1038, 18.2797, 0
PixelHit 1245, 1039, 35.1648, 0
PixelHit 1245, 1040, 55.3738, 0
PixelHit 1245, 1041, 43.7388, 0
PixelHit 1245, 1042, 22.121, 0
PixelHit 1245, 1043, 9.42769, 0
PixelHit 1245, 1044, 1.8256, 0
PixelHit 1245, 1045, 3.30221, 0
PixelHit 1246, 1037, 7.70859, 0
PixelHit 1246, 1038, 21.8704, 0
PixelHit 1246, 1039, 40.7456, 0
PixelHit 1246, 1040, 42.2318, 0
PixelHit 1246, 1041, 25.492, 0
PixelHit 1246, 1042, 7.89067, 0
PixelHit 1247, 1037, 10.4506, 0
PixelHit 1247, 1038, 22.5543, 0
PixelHit 1247, 1039, 32.0643, 0
PixelHit 1247, 1040, 11.5742, 0
PixelHit 1247, 1042, 2.73357, 0
PixelHit 1248, 1037, 2.65048, 0
PixelHit 1248, 1038, 10.1824, 0
PixelHit 1248, 1039, 11.2813, 0
PixelHit 1248, 1040, 9.51837, 0
PixelHit 1248, 1041, 5.61074, 0
PixelHit 1249, 1037, 3.63842, 0
PixelHit 1249, 1038, 1.8939, 0
PixelHit 1249, 1039, 4.70626, 0
PixelHit 1250, 1038, 1.6553, 0
PixelHit 1251, 1039, 1.52246, 0
PixelHit 1377, 1078, 22.9642, 0
PixelHit 1377, 1079, 42.8018, 0
PixelHit 1377, 1080, 5.31064, 0
PixelHit 1378, 1074, 2.13634, 0
PixelHit 1378, 1075, 8.02194, 0
PixelHit 1378, 1076, 13.0653, 0
PixelHit 1378, 1077, 43.9585, 0
PixelHit 1378, 1078, 296.417, 0
PixelHit 1378, 1079, 471.414, 0
PixelHit 1378, 1080, 88.3481, 0
PixelHit 1379, 1072, 2.40284, 0
PixelHit 1379, 1073, 17.6046, 0
PixelHit 1379, 1074, 42.7879, 0
PixelHit 1379, 1075, 59.1563, 0
PixelHit 1379, 1076, 60.82, 0
PixelHit 1379, 1077, 94.123, 0
PixelHit 1379, 1078, 235.303, 0
PixelHit 1379, 1079, 511.014, 0
PixelHit 1379, 1080, 145.323, 0
PixelHit 1379, 1081, 1.93196, 0
PixelHit 1380, 1070, 1.28184, 0
PixelHit 1380, 1071, 3.70659, 0
PixelHit 1380, 1072, 25.4926, 0
PixelHit 1380, 1073, 83.0887, 0
PixelHit 1380, 1074, 250.928, 0
PixelHit 1380, 1075, 148.763, 0
PixelHit 1380, 1076, 75.0756, 0
PixelHit 1380, 1077, 31.5058, 0
PixelHit 1380, 1078, 14.3647, 0
PixelHit 1380, 1079, 144.8, 0
PixelHit 1380, 1080, 130.867, 0
PixelHit 1380, 1081, 2.64362, 0
PixelHit 1381, 1070, 5.55401, 0
PixelHit 1381, 1071, 26.0761, 0
PixelHit 1381, 1072, 93.3248, 0
PixelHit 1381, 1073, 139.448, 0
PixelHit 1381, 1074, 192.641, 0
PixelHit 1381, 1075, 80.182, 0
PixelHit 1381, 1076, 14.1963, 0
PixelHit 1381, 1077, 2.99378, 0
PixelHit 1381, 1078, 14.043, 0
PixelHit 1381, 1079, 107.422, 0
PixelHit 1381, 1080, 67.7195, 0
PixelHit 1382, 1069, 6.03785, 0
PixelHit 1382, 1070, 32.5511, 0
PixelHit 1382, 1071, 70.7406, 0
PixelHit 1382, 1072, 99.7633, 0
PixelHit 1382, 1073, 51.9775, 0
PixelHit 1382, 1074, 21.446, 0
PixelHit 1382, 1075, 5.69105, 0
PixelHit 1382, 1077, 2.92509, 0
PixelHit 1382, 1078, 161.666, 0
PixelHit 1382, 1079, 259.783, 0
PixelHit 1382, 1080, 19.7754, 0
PixelHit 1383, 1068, 1.47246, 0
PixelHit 1383, 1069, 23.2478, 0
PixelHit 1383, 1070, 114.601, 0
PixelHit 1383, 1071, 95.2896, 0
PixelHit 1383, 1072, 29.2412, 0
PixelHit 1383, 1073, 5.27529, 0
PixelHit 1383, 1077, 24.4556, 0
PixelHit 1383, 1078, 341.008, 0
PixelHit 1383, 1079, 201.419, 0
PixelHit 1383, 1080, 4.27998, 0
PixelHit 1384, 1069, 32.1937, 0
PixelHit 1384, 1070, 133.254, 0
PixelHit 1384, 1071, 83.9064, 0
PixelHit 1384, 1072, 18.4743, 0
PixelHit 1384, 1073, 2.51632, 0
PixelHit 1384, 1077, 96.4004, 0
PixelHit 1384, 1078, 688.854, 0
PixelHit 1384, 1079, 84.0984, 0
PixelHit 1385, 1068, 0.693562, 0
PixelHit 1385, 1069, 24.2762, 0
PixelHit 1385, 1070, 92.0183, 0
PixelHit 1385, 1071, 57.3017, 0
PixelHit 1385, 1072, 9.19509, 0
PixelHit 1385, 1077, 220.523, 0
PixelHit 1385, 1078, 572.668, 0
PixelHit 1385, 1079, 39.2504, 0
PixelHit 1386, 1068, 3.0761, 0
PixelHit 1386, 1069, 34.5667, 0
PixelHit 1386, 1070, 116.113, 0
PixelHit 1386, 1071, 79.4152, 0
PixelHit 1386, 1072, 9.94883, 0
PixelHit 1386, 1073, 3.95904, 0
PixelHit 1386, 1076, 30.809, 0
PixelHit 1386, 1077, 615.07, 0
PixelHit 1386, 1078, 321.442, 0
PixelHit 1386, 1079, 7.61207, 0
PixelHit 1387, 1068, 4.48199, 0
PixelHit 1387, 1069, 26.1369, 0
PixelHit 1387, 1070, 111.401, 0
PixelHit 1387, 1071, 90.3266, 0
PixelHit 1387, 1072, 13.9042, 0
PixelHit 1387, 1073, 1.20345, 0
PixelHit 1387, 1076, 110.73, 0
PixelHit 1387, 1077, 400.404, 0
PixelHit 1387, 1078, 52.2136, 0
PixelHit 1388, 1069, 11.1742, 0
PixelHit 1388, 1070, 83.1941, 0
PixelHit 1388, 1071, 106.458, 0
PixelHit 1388, 1072, 32.5812, 0
PixelHit 1388, 1073, 1.38502, 0
PixelHit 1388, 1075, 1.41876, 0
PixelHit 1388, 1076, 531.748, 0
PixelHit 1388, 1077, 317.678, 0
PixelHit 1389, 1067, 0.39024, 0
PixelHit 1389, 1069, 9.29853, 0
PixelHit 1389, 1070, 58.2495, 0
PixelHit 1389, 1071, 89.5943, 0
PixelHit 1389, 1072, 32.7423, 0
PixelHit 1389, 1073, 6.02559, 0
PixelHit 1389, 1075, 5.64792, 0
PixelHit 1389, 1076, 430.556, 0
PixelHit 1389, 1077, 256.555, 0
PixelHit 1389, 1078, 6.63121, 0
PixelHit 1389, 1079, 0.0444419, 0
PixelHit 1390, 1069, 2.04639, 0
PixelHit 1390, 1070, 29.6895, 0
PixelHit 1390, 1071, 72.283, 0
PixelHit 1390, 1072, 37.3817, 0
PixelHit 1390, 1073, 3.93104, 0
PixelHit 1390, 1076, 68.3971, 0
PixelHit 1390, 1077, 1516.25, 0
PixelHit 1390, 1078, 280.82, 0
PixelHit 1390, 1079, 0.248331, 0
PixelHit 1391, 1069, 5.43618, 0
PixelHit 1391, 1070, 31.0909, 0
PixelHit 1391, 1071, 80.8682, 0
PixelHit 1391, 1072, 27.6591, 0
PixelHit 1391, 1073, 5.61051, 0
PixelHit 1391, 1076, 14.5047, 0
PixelHit 1391, 1077, 1203.34, 0
PixelHit 1391, 1078, 516.11, 0
PixelHit 1391, 1079, 0.368989, 0
PixelHit 1392, 1068, 1.5017, 0
PixelHit 1392, 1069, 12.8784, 0
PixelHit 1392, 1070, 84.1086, 0
PixelHit 1392, 1071, 128.372, 0
PixelHit 1392, 1072, 46.6202, 0
PixelHit 1392, 1073, 7.04191, 0
PixelHit 1392, 1077, 9.38011, 0
PixelHit 1393, 1068, 1.35875, 0
PixelHit 1393, 1069, 15.1431, 0
PixelHit 1393, 1070, 119.35, 0
PixelHit 1393, 1071, 92.3314, 0
PixelHit 1393, 1072, 26.4891, 0
PixelHit 1393, 1073, 3.32306, 0
PixelHit 1394, 1068, 5.96497, 0
PixelHit 1394, 1069, 49.9392, 0
PixelHit 1394, 1070, 112.72, 0
PixelHit 1394, 1071, 46.5784, 0
PixelHit 1394, 1072, 9.46385, 0
PixelHit 1395, 1066, 0.964263, 0
PixelHit 1395, 1067, 6.48464, 0
PixelHit 1395, 1068, 14.643, 0
PixelHit 1395, 1069, 67.3712, 0
PixelHit 1395, 1070, 65.3789, 0
PixelHit 1395, 1071, 31.0073, 0
PixelHit 1395, 1072, 2.97906, 0
PixelHit 1396, 1066, 3.49043, 0
PixelHit 1396, 1067, 30.6187, 0
PixelHit 1396, 1068, 74.9211, 0
PixelHit 1396, 1069, 82.0983, 0
PixelHit 1396, 1070, 40.9376, 0
PixelHit 1396, 1071, 11.8485, 0
PixelHit 1397, 1066, 10.4492, 0
PixelHit 1397, 1067, 86.0276, 0
PixelHit 1397, 1068, 170.353, 0
PixelHit 1397, 1069, 114.206, 0
PixelHit 1397, 1070, 27.9967, 0
PixelHit 1398, 1065, 4.55286, 0
PixelHit 1398, 1066, 45.453, 0
PixelHit 1398, 1067, 131.544, 0
PixelHit 1398, 1068, 173.52, 0
PixelHit 1398, 1069, 96.2172, 0
PixelHit 1398, 1070, 10.6928, 0
PixelHit 1399, 1064, 10.8402, 0
PixelHit 1399, 1065, 86.8702, 0
PixelHit 1399, 1066, 167.268, 0
PixelHit 1399, 1067, 148.32, 0
PixelHit 1399, 1068, 97.4084, 0
PixelHit 1399, 1069, 18.494, 0
PixelHit 1399, 1070, 2.33301, 0
PixelHit 1400, 1062, 4.9846, 0
PixelHit 1400, 1063, 155.671, 0
PixelHit 1400, 1064, 224.666, 0
PixelHit 1400, 1065, 293.68, 0
PixelHit 1400, 1066, 220.093, 0
PixelHit 1400, 1067, 79.5841, 0
PixelHit 1400, 1068, 19.2169, 0
PixelHit 1400, 1069, 5.56796, 0
PixelHit 1401, 1062, 14.6411, 0
PixelHit 1401, 1063, 343.581, 0
PixelHit 1401, 1064, 114.859, 0
PixelHit 1401, 1065, 96.9921, 0
PixelHit 1401, 1066, 35.5235, 0
PixelHit 1401, 1067, 16.3528, 0
PixelHit 1401, 1068, 1.50786, 0
PixelHit 1402, 1065, 5.30735, 0
PixelHit 1417, 1018, 3.68324, 0
PixelHit 1417, 1019, 35.382, 0
PixelHit 1418, 1015, 5.21397, 0
PixelHit 1418, 1016, 66.7996, 0
PixelHit 1418, 1017, 92.5187, 0
PixelHit 1418, 1018, 180.48, 0
PixelHit 1418, 1019, 95.7652, 0
PixelHit 1419, 1015, 45.4928, 0
PixelHit 1419, 1016, 641.031, 0
PixelHit 1419, 1017, 634.037, 0
PixelHit 1419, 1018, 92.7677, 0
PixelHit 1419, 1019, 2.38173, 0
PixelHit 1420, 1013, 2.85475, 0
PixelHit 1420, 1014, 6.43018, 0
PixelHit 1420, 1015, 46.8686, 0
PixelHit 1420, 1016, 376.143, 0
PixelHit 1420, 1017, 270.966, 0
PixelHit 1420, 1018, 18.3894, 0
PixelHit 1421, 1012, 9.79819, 0
PixelHit 1421, 1013, 26.6974, 0
PixelHit 1421, 1014, 38.3303, 0
PixelHit 1421, 1015, 25.2109, 0
PixelHit 1421, 1016, 22.6732, 0
PixelHit 1421, 1017, 11.672, 0
PixelHit 1421, 1018, 1.5316, 0
PixelHit 1422, 1010, 7.85519, 0
PixelHit 1422, 1011, 13.3365, 0
PixelHit 1422, 1012, 34.3929, 0
PixelHit 1422, 1013, 63.8496, 0
PixelHit 1422, 1014, 54.1691, 0
PixelHit 1422, 1015, 11.0068, 0
PixelHit 1422, 1016, 1.17687, 0
PixelHit 1423, 1008, 1.54504, 0
PixelHit 1423, 1009, 6.02166, 0
PixelHit 1423, 1010, 14.5898, 0
PixelHit 1423, 1011, 28.2105, 0
PixelHit 1423, 1012, 25.2146, 0
PixelHit 1423, 1013, 37.1691, 0
PixelHit 1423, 1014, 20.8792, 0
PixelHit 1424, 1008, 12.2118, 0
PixelHit 1424, 1009, 21.9498, 0
PixelHit 1424, 1010, 33.0054, 0
PixelHit 1424, 1011, 48.2519, 0
PixelHit 1424, 1012, 37.4945, 0
PixelHit 1424, 1013, 9.52117, 0
PixelHit 1424, 1014, 2.28782, 0
PixelHit 1424, 1015, 1.21941, 0
PixelHit 1425, 1007, 7.95317, 0
PixelHit 1425, 1008, 26.0761, 0
PixelHit 1425, 1009, 38.8349, 0
PixelHit 1425, 1010, 29.5257, 0
PixelHit 1425, 1011, 26, 0
PixelHit 1425, 1012, 10.9974, 0
PixelHit 1426, 1004, 2.42231, 0
PixelHit 1426, 1005, 3.86251, 0
PixelHit 1426, 1006, 10.2917, 0
PixelHit 1426, 1007, 18.8452, 0
PixelHit 1426, 1008, 28.2508, 0
PixelHit 1426, 1009, 37.3913, 0
PixelHit 1426, 1010, 25.0058, 0
PixelHit 1426, 1011, 3.59782, 0
PixelHit 1427, 1001, 0.251687, 0
PixelHit 1427, 1003, 7.93734, 0
PixelHit 1427, 1004, 12.4184, 0
PixelHit 1427, 1005, 22.2326, 0
PixelHit 1427, 1006, 30.0036, 0
PixelHit 1427, 1007, 20.2463, 0
PixelHit 1427, 1008, 24.3038, 0
PixelHit 1427, 1009, 21.2649, 0
PixelHit 1427, 1010, 11.8161, 0
PixelHit 1427, 1011, 0.949613, 0
PixelHit 1427, 1012, 1.03088, 0
PixelHit 1428, 1002, 4.28745, 0
PixelHit 1428, 1003, 11.4336, 0
PixelHit 1428, 1004, 20.9353, 0
PixelHit 1428, 1005, 49.7239, 0
PixelHit 1428, 1006, 46.1245, 0
PixelHit 1428, 1007, 24.8358, 0
PixelHit 1428, 1008, 9.67278, 0
PixelHit 1428, 1009, 3.85907, 0
PixelHit 1428, 1010, -0.00346591, 0
PixelHit 1429, 1002, 9.53433, 0
PixelHit 1429, 1003, 18.8921, 0
PixelHit 1429, 1004, 32.0468, 0
PixelHit 1429, 1005, 28.9169, 0
PixelHit 1429, 1006, 24.1737, 0
PixelHit 1429, 1007, 21.3605, 0
PixelHit 1429, 1008, 7.98224, 0
PixelHit 1429, 1009, 1.42, 0
PixelHit 1430, 1002, 13.6424, 0
PixelHit 1430, 1003, 19.0588, 0
PixelHit 1430, 1004, 29.1148, 0
PixelHit 1430, 1005, 21.6709, 0
PixelHit 1430, 1006, 16.0065, 0
PixelHit 1430, 1007, 8.56694, 0
PixelHit 1430, 1008, 1.43038, 0
PixelHit 1430, 1009, 0.6776, 0
PixelHit 1431, 1002, 1.87653, 0
PixelHit 1431, 1003, 9.65082, 0
PixelHit 1431, 1004, 14.2463, 0
PixelHit 1431, 1005, 9.34553, 0
PixelHit 1431, 1006, 11.719, 0
PixelHit 1431, 1007, 2.19705, 0
PixelHit 1431, 1008, 1.82368, 0
PixelHit 1432, 1001, 1.92408, 0
PixelHit 1432, 1003, 3.51025, 0
PixelHit 1432, 1004, 3.84469, 0
PixelHit 1432, 1005, 3.23249, 0
PixelHit 1434, 1002, 0.695596, 0
=== 45 ===
=== 46 ===
=== 47 ===
=== 48 ===
=== 49 ===
=== 50 ===
=== 51 ===
=== 52 ===
=== 53 ===
=== 54 ===
=== 55 ===
=== 56 ===
=== 57 ===
=== 58 ===
=== 59 ===
=== 60 ===
=== 61 ===
=== 62 ===
=== 63 ===
=== 64 ===
=== 65 ===
=== 66 ===
=== 67 ===
=== 68 ===
=== 69 ===
=== 70 ===
=== 71 ===
=== 72 ===
=== 73 ===
=== 74 ===
=== 75 ===
=== 76 ===
=== 77 ===
=== 78 ===
=== 79 ===
=== 80 ===
=== 81 ===
=== 82 ===
=== 83 ===
=== 84 ===
=== 85 ===
=== 86 ===
=== 87 ===
=== 88 ===
=== 89 ===
=== 90 ===
=== 91 ===
=== 92 ===
=== 93 ===
=== 94 ===
=== 95 ===
=== 96 ===
=== 97 ===
=== 98 ===
=== 99 ===
=== 100 ===
# 629 objects from 2 messages
