# Allpix Squared ASCII data - https://cern.ch/allpix-squared

=== 1 ===
=== 2 ===
=== 3 ===
=== 4 ===
=== 5 ===
=== 6 ===
=== 7 ===
=== 8 ===
=== 9 ===
=== 10 ===
=== 11 ===
=== 12 ===
=== 13 ===
=== 14 ===
=== 15 ===
=== 16 ===
=== 17 ===
=== 18 ===
=== 19 ===
=== 20 ===
--- mydetector ---
PixelHit 1275, 984, -0.383692, 0
PixelHit 1276, 983, 1.65574, 0
PixelHit 1276, 984, 14.4779, 0
PixelHit 1276, 985, 16.5434, 0
PixelHit 1277, 983, 26.7915, 0
PixelHit 1277, 984, 34.843, 0
PixelHit 1277, 985, 5.92613, 0
PixelHit 1278, 981, 1.79947, 0
PixelHit 1278, 982, 7.0844, 0
PixelHit 1278, 983, 30.8014, 0
PixelHit 1278, 984, 17.9818, 0
PixelHit 1279, 979, 1.36061, 0
PixelHit 1279, 980, 4.8651, 0
PixelHit 1279, 981, 21.3215, 0
PixelHit 1279, 982, 33.1016, 0
PixelHit 1279, 983, 14.6522, 0
PixelHit 1279, 984, 2.52848, 0
PixelHit 1280, 978, 2.61153, 0
PixelHit 1280, 979, 5.88775, 0
PixelHit 1280, 980, 24.6413, 0
PixelHit 1280, 981, 71.3299, 0
PixelHit 1280, 982, 42.092, 0
PixelHit 1280, 983, 7.54889, 0
PixelHit 1281, 978, 6.48868, 0
PixelHit 1281, 979, 18.0613, 0
PixelHit 1281, 980, 67.7046, 0
PixelHit 1281, 981, 70.3561, 0
PixelHit 1281, 982, 25.5061, 0
PixelHit 1281, 983, 2.83784, 0
PixelHit 1282, 976, 2.65575, 0
PixelHit 1282, 977, 1.96645, 0
PixelHit 1282, 978, 16.7189, 0
PixelHit 1282, 979, 62.3846, 0
PixelHit 1282, 980, 80.3442, 0
PixelHit 1282, 981, 31.1335, 0
PixelHit 1282, 982, 2.6536, 0
PixelHit 1282, 983, 1.16576, 0
PixelHit 1283, 976, 1.23042, 0
PixelHit 1283, 977, 13.3342, 0
PixelHit 1283, 978, 27.8491, 0
PixelHit 1283, 979, 57.2924, 0
PixelHit 1283, 980, 46.7609, 0
PixelHit 1283, 981, 8.05925, 0
PixelHit 1283, 982, 1.76022, 0
PixelHit 1284, 974, 3.36585, 0
PixelHit 1284, 976, 14.1853, 0
PixelHit 1284, 977, 37.3418, 0
PixelHit 1284, 978, 39.141, 0
PixelHit 1284, 979, 33.1562, 0
PixelHit 1284, 980, 10.2305, 0
PixelHit 1284, 981, 0.471044, 0
PixelHit 1285, 974, 3.78235, 0
PixelHit 1285, 975, 12.4964, 0
PixelHit 1285, 976, 19.5685, 0
PixelHit 1285, 977, 31.5667, 0
PixelHit 1285, 978, 24.4647, 0
PixelHit 1285, 979, 9.86412, 0
PixelHit 1285, 980, 5.18905, 0
PixelHit 1285, 981, 4.63934, 0
PixelHit 1286, 973, 3.57606, 0
PixelHit 1286, 974, 13.9156, 0
PixelHit 1286, 975, 30.4434, 0
PixelHit 1286, 976, 38.2514, 0
PixelHit 1286, 977, 31.0848, 0
PixelHit 1286, 978, 14.3961, 0
PixelHit 1286, 979, 7.8622, 0
PixelHit 1287, 971, 0.790015, 0
PixelHit 1287, 972, 2.60447, 0
PixelHit 1287, 973, 12.1129, 0
PixelHit 1287, 974, 33.5557, 0
PixelHit 1287, 975, 41.0453, 0
PixelHit 1287, 976, 40.5479, 0
PixelHit 1287, 977, 18.6422, 0
PixelHit 1287, 978, 6.13728, 0
PixelHit 1288, 972, 10.4084, 0
PixelHit 1288, 973, 42.3005, 0
PixelHit 1288, 974, 52.6857, 0
PixelHit 1288, 975, 40.3465, 0
PixelHit 1288, 976, 29.9113, 0
PixelHit 1288, 977, 12.0453, 0
PixelHit 1288, 978, 2.53825, 0
PixelHit 1289, 970, 1.73234, 0
PixelHit 1289, 971, 6.78286, 0
PixelHit 1289, 972, 21.3651, 0
PixelHit 1289, 973, 52.9648, 0
PixelHit 1289, 974, 66.8413, 0
PixelHit 1289, 975, 49.6102, 0
PixelHit 1289, 976, 20.662, 0
PixelHit 1289, 978, 2.76546, 0
PixelHit 1290, 970, 4.53235, 0
PixelHit 1290, 971, 10.1062, 0
PixelHit 1290, 972, 38.1059, 0
PixelHit 1290, 973, 44.9883, 0
PixelHit 1290, 974, 42.0434, 0
PixelHit 1290, 975, 30.4643, 0
PixelHit 1290, 976, 4.80691, 0
PixelHit 1291, 970, 3.34126, 0
PixelHit 1291, 971, 22.6493, 0
PixelHit 1291, 972, 26.4078, 0
PixelHit 1291, 973, 30.2644, 0
PixelHit 1291, 974, 22.5446, 0
PixelHit 1291, 975, 36.0167, 0
PixelHit 1291, 976, 69.7817, 0
PixelHit 1291, 977, 3.89502, 0
PixelHit 1292, 970, 6.84662, 0
PixelHit 1292, 971, 10.2807, 0
PixelHit 1292, 972, 18.8083, 0
PixelHit 1292, 973, 15.422, 0
PixelHit 1292, 974, 12.3518, 0
PixelHit 1292, 975, 110.969, 0
PixelHit 1292, 976, 100.739, 0
PixelHit 1293, 968, 3.63131, 0
PixelHit 1293, 970, 1.95672, 0
PixelHit 1293, 971, 7.63169, 0
PixelHit 1293, 972, 3.82366, 0
PixelHit 1293, 973, 12.6658, 0
PixelHit 1293, 974, 29.4109, 0
PixelHit 1293, 975, 48.3549, 0
PixelHit 1293, 976, 7.61334, 0
PixelHit 1294, 970, 2.06251, 0
PixelHit 1294, 971, 6.4007, 0
PixelHit 1294, 972, 10.5833, 0
PixelHit 1294, 973, 55.2785, 0
PixelHit 1294, 974, 43.3056, 0
PixelHit 1295, 971, 13.2627, 0
PixelHit 1295, 972, 71.635, 0
PixelHit 1295, 973, 77.647, 0
PixelHit 1295, 974, 31.7252, 0
PixelHit 1295, 975, 3.59435, 0
PixelHit 1296, 970, 4.0444, 0
PixelHit 1296, 971, 52.6335, 0
PixelHit 1296, 972, 105.538, 0
PixelHit 1296, 973, 61.4313, 0
PixelHit 1296, 974, 8.06796, 0
PixelHit 1296, 975, 2.20725, 0
PixelHit 1297, 969, 6.66736, 0
PixelHit 1297, 970, 16.8528, 0
PixelHit 1297, 971, 39.3934, 0
PixelHit 1297, 972, 54.7805, 0
PixelHit 1297, 973, 18.9489, 0
PixelHit 1298, 968, 13.0133, 0
PixelHit 1298, 969, 24.8541, 0
PixelHit 1298, 970, 29.5669, 0
PixelHit 1298, 971, 16.6703, 0
PixelHit 1298, 972, 12.2539, 0
PixelHit 1298, 973, 1.70211, 0
PixelHit 1299, 967, 4.29859, 0
PixelHit 1299, 968, 35.3546, 0
PixelHit 1299, 969, 52.5317, 0
PixelHit 1299, 970, 52.0083, 0
PixelHit 1299, 971, 22.0847, 0
PixelHit 1300, 966, 10.0917, 0
PixelHit 1300, 967, 23.0539, 0
PixelHit 1300, 968, 68.1336, 0
PixelHit 1300, 969, 78.9824, 0
PixelHit 1300, 970, 49.8138, 0
PixelHit 1300, 971, 11.8824, 0
PixelHit 1301, 965, 3.93847, 0
PixelHit 1301, 966, 15.6768, 0
PixelHit 1301, 967, 35.9562, 0
PixelHit 1301, 968, 55.0623, 0
PixelHit 1301, 969, 35.1691, 0
PixelHit 1301, 970, 17.4805, 0
PixelHit 1301, 971, 0.748156, 0
PixelHit 1302, 964, 8.78143, 0
PixelHit 1302, 965, 13.8972, 0
PixelHit 1302, 966, 30.287, 0
PixelHit 1302, 967, 38.2212, 0
PixelHit 1302, 968, 21.5652, 0
PixelHit 1302, 969, 14.0648, 0
PixelHit 1302, 970, 6.24165, 0
PixelHit 1303, 963, 7.5716, 0
PixelHit 1303, 964, 18.3, 0
PixelHit 1303, 965, 31.0752, 0
PixelHit 1303, 966, 40.2001, 0
PixelHit 1303, 967, 29.3059, 0
PixelHit 1303, 968, 23.1245, 0
PixelHit 1303, 969, 5.62182, 0
PixelHit 1304, 962, 4.22744, 0
PixelHit 1304, 963, 7.05694, 0
PixelHit 1304, 964, 18.2539, 0
PixelHit 1304, 965, 36.9315, 0
PixelHit 1304, 966, 34.5309, 0
PixelHit 1304, 967, 9.58859, 0
PixelHit 1304, 968, 7.73073, 0
PixelHit 1305, 961, 0.0406552, 0
PixelHit 1305, 962, 3.19502, 0
PixelHit 1305, 963, 10.8363, 0
PixelHit 1305, 964, 34.4773, 0
PixelHit 1305, 965, 45.0099, 0
PixelHit 1305, 966, 22.9218, 0
PixelHit 1305, 967, 8.26229, 0
PixelHit 1305, 968, 1.81824, 0
PixelHit 1306, 962, 8.03812, 0
PixelHit 1306, 963, 16.3264, 0
PixelHit 1306, 964, 25.3459, 0
PixelHit 1306, 965, 15.3793, 0
PixelHit 1306, 966, 10.609, 0
PixelHit 1306, 967, 0.214631, 0
PixelHit 1307, 961, 1.82399, 0
PixelHit 1307, 962, 2.16517, 0
PixelHit 1307, 963, 6.13564, 0
PixelHit 1307, 964, 9.46628, 0
PixelHit 1307, 965, 5.89153, 0
PixelHit 1307, 966, 1.65295, 0
PixelHit 1308, 962, 2.21611, 0
PixelHit 1308, 963, 0.323274, 0
PixelHit 1308, 966, 0.428276, 0
PixelHit 1309, 966, 0.777779, 0
=== 21 ===
=== 22 ===
=== 23 ===
=== 24 ===
=== 25 ===
=== 26 ===
=== 27 ===
=== 28 ===
=== 29 ===
=== 30 ===
=== 31 ===
=== 32 ===
=== 33 ===
=== 34 ===
=== 35 ===
=== 36 ===
=== 37 ===
=== 38 ===
=== 39 ===
=== 40 ===
=== 41 ===
=== 42 ===
=== 43 ===
=== 44 ===
=== 45 ===
=== 46 ===
=== 47 ===
=== 48 ===
=== 49 ===
=== 50 ===
=== 51 ===
=== 52 ===
=== 53 ===
=== 54 ===
=== 55 ===
=== 56 ===
=== 57 ===
=== 58 ===
=== 59 ===
=== 60 ===
=== 61 ===
=== 62 ===
=== 63 ===
=== 64 ===
=== 65 ===
=== 66 ===
=== 67 ===
=== 68 ===
=== 69 ===
=== 70 ===
=== 71 ===
=== 72 ===
=== 73 ===
=== 74 ===
=== 75 ===
=== 76 ===
=== 77 ===
=== 78 ===
--- mydetector ---
PixelHit 1286, 979, 2.35413, 0
PixelHit 1286, 980, 7.68889, 0
PixelHit 1286, 981, 54.0992, 0
PixelHit 1286, 982, 26.4161, 0
PixelHit 1286, 983, 17.7064, 0
PixelHit 1287, 979, 12.4855, 0
PixelHit 1287, 980, 80.6015, 0
PixelHit 1287, 981, 69.4111, 0
PixelHit 1287, 982, 51.4314, 0
PixelHit 1287, 983, 7.12704, 0
PixelHit 1288, 978, 7.58765, 0
PixelHit 1288, 979, 70.5168, 0
PixelHit 1288, 980, 86.8977, 0
PixelHit 1288, 981, 93.9741, 0
PixelHit 1288, 982, 24.9435, 0
PixelHit 1289, 977, 7.07366, 0
PixelHit 1289, 978, 46.6357, 0
PixelHit 1289, 979, 90.8563, 0
PixelHit 1289, 980, 34.9375, 0
PixelHit 1289, 981, 27.5989, 0
PixelHit 1290, 976, 1.68752, 0
PixelHit 1290, 977, 15.1166, 0
PixelHit 1290, 978, 75.7626, 0
PixelHit 1290, 979, 104.554, 0
PixelHit 1290, 980, 53.8654, 0
PixelHit 1290, 981, 6.286, 0
PixelHit 1291, 975, 10.8798, 0
PixelHit 1291, 976, 24.5256, 0
PixelHit 1291, 977, 32.939, 0
PixelHit 1291, 978, 51.6781, 0
PixelHit 1291, 979, 63.2344, 0
PixelHit 1291, 980, 26.3096, 0
PixelHit 1291, 981, 3.07698, 0
PixelHit 1292, 972, 1.20904, 0
PixelHit 1292, 973, 1.60616, 0
PixelHit 1292, 974, 10.3602, 0
PixelHit 1292, 975, 30.4163, 0
PixelHit 1292, 976, 81.1832, 0
PixelHit 1292, 977, 50.7529, 0
PixelHit 1292, 978, 35.8457, 0
PixelHit 1292, 979, 15.6529, 0
PixelHit 1293, 972, 2.18868, 0
PixelHit 1293, 973, 4.02688, 0
PixelHit 1293, 974, 21.7378, 0
PixelHit 1293, 975, 52.3942, 0
PixelHit 1293, 976, 69.3014, 0
PixelHit 1293, 977, 46.3975, 0
PixelHit 1293, 978, 16.2341, 0
PixelHit 1293, 979, 3.21825, 0
PixelHit 1294, 972, 5.12087, 0
PixelHit 1294, 973, 29.0775, 0
PixelHit 1294, 974, 43.3889, 0
PixelHit 1294, 975, 65.543, 0
PixelHit 1294, 976, 68.599, 0
PixelHit 1294, 977, 32.4368, 0
PixelHit 1294, 978, 8.52295, 0
PixelHit 1294, 979, 1.23367, 0
PixelHit 1295, 971, 1.89576, 0
PixelHit 1295, 972, 11.8598, 0
PixelHit 1295, 973, 48.6837, 0
PixelHit 1295, 974, 90.1544, 0
PixelHit 1295, 975, 97.8221, 0
PixelHit 1295, 976, 31.5664, 0
PixelHit 1295, 977, 11.5771, 0
PixelHit 1295, 978, 3.54863, 0
PixelHit 1296, 969, 2.91101, 0
PixelHit 1296, 970, 4.41548, 0
PixelHit 1296, 971, 7.13343, 0
PixelHit 1296, 972, 23.568, 0
PixelHit 1296, 973, 65.8625, 0
PixelHit 1296, 974, 105.716, 0
PixelHit 1296, 975, 117.324, 0
PixelHit 1296, 976, 23.7861, 0
PixelHit 1296, 977, 7.99641, 0
PixelHit 1297, 968, 4.5043, 0
PixelHit 1297, 969, 4.3033, 0
PixelHit 1297, 970, 20.0665, 0
PixelHit 1297, 971, 26.3972, 0
PixelHit 1297, 972, 39.0464, 0
PixelHit 1297, 973, 42.6455, 0
PixelHit 1297, 974, 64.7383, 0
PixelHit 1297, 975, 44.0783, 0
PixelHit 1297, 976, 13.156, 0
PixelHit 1298, 966, 1.4875, 0
PixelHit 1298, 967, 2.54172, 0
PixelHit 1298, 968, 3.6844, 0
PixelHit 1298, 969, 10.8548, 0
PixelHit 1298, 970, 24.0399, 0
PixelHit 1298, 971, 40.027, 0
PixelHit 1298, 972, 40.0257, 0
PixelHit 1298, 973, 39.0932, 0
PixelHit 1298, 974, 21.3692, 0
PixelHit 1298, 975, 13.1901, 0
PixelHit 1298, 976, 2.26943, 0
PixelHit 1299, 967, 6.7765, 0
PixelHit 1299, 968, 9.97896, 0
PixelHit 1299, 969, 37.6678, 0
PixelHit 1299, 970, 52.128, 0
PixelHit 1299, 971, 46.6668, 0
PixelHit 1299, 972, 42.4532, 0
PixelHit 1299, 973, 17.2121, 0
PixelHit 1299, 974, 7.8245, 0
PixelHit 1299, 975, 2.82634, 0
PixelHit 1300, 967, 10.5299, 0
PixelHit 1300, 968, 28.516, 0
PixelHit 1300, 969, 38.3558, 0
PixelHit 1300, 970, 55.797, 0
PixelHit 1300, 971, 42.1677, 0
PixelHit 1300, 972, 25.5121, 0
PixelHit 1300, 973, 15.8187, 0
PixelHit 1300, 974, 1.33293, 0
PixelHit 1300, 975, 2.18102, 0
PixelHit 1301, 967, 13.8273, 0
PixelHit 1301, 968, 32.6183, 0
PixelHit 1301, 969, 39.387, 0
PixelHit 1301, 970, 50.2122, 0
PixelHit 1301, 971, 37.6306, 0
PixelHit 1301, 972, 13.4023, 0
PixelHit 1301, 973, 2.57384, 0
PixelHit 1302, 967, 19.771, 0
PixelHit 1302, 968, 30.5627, 0
PixelHit 1302, 969, 44.5413, 0
PixelHit 1302, 970, 28.2866, 0
PixelHit 1302, 971, 35.0374, 0
PixelHit 1302, 972, 4.06011, 0
PixelHit 1302, 973, 0.858052, 0
PixelHit 1303, 967, 8.43801, 0
PixelHit 1303, 968, 14.382, 0
PixelHit 1303, 969, 18.8727, 0
PixelHit 1303, 970, 13.2464, 0
PixelHit 1303, 971, 9.72593, 0
PixelHit 1303, 972, 6.28921, 0
PixelHit 1304, 965, 0.812713, 0
PixelHit 1304, 967, 2.50294, 0
PixelHit 1304, 968, 4.37021, 0
PixelHit 1304, 969, 5.96807, 0
PixelHit 1304, 970, 8.30825, 0
PixelHit 1305, 967, 1.07739, 0
PixelHit 1305, 969, 2.85955, 0
PixelHit 1305, 970, 1.76026, 0
=== 79 ===
=== 80 ===
=== 81 ===
=== 82 ===
=== 83 ===
=== 84 ===
=== 85 ===
=== 86 ===
=== 87 ===
=== 88 ===
=== 89 ===
=== 90 ===
=== 91 ===
=== 92 ===
=== 93 ===
=== 94 ===
=== 95 ===
=== 96 ===
=== 97 ===
=== 98 ===
=== 99 ===
=== 100 ===
# 349 objects from 2 messages
