# Allpix Squared ASCII data - https://cern.ch/allpix-squared

=== 1 ===
=== 2 ===
=== 3 ===
=== 4 ===
=== 5 ===
=== 6 ===
=== 7 ===
=== 8 ===
=== 9 ===
=== 10 ===
=== 11 ===
=== 12 ===
=== 13 ===
=== 14 ===
=== 15 ===
=== 16 ===
=== 17 ===
=== 18 ===
=== 19 ===
=== 20 ===
=== 21 ===
=== 22 ===
=== 23 ===
=== 24 ===
=== 25 ===
=== 26 ===
=== 27 ===
=== 28 ===
=== 29 ===
=== 30 ===
=== 31 ===
=== 32 ===
=== 33 ===
=== 34 ===
=== 35 ===
=== 36 ===
=== 37 ===
=== 38 ===
=== 39 ===
=== 40 ===
=== 41 ===
--- mydetector ---
PixelHit 1289, 958, 5.99568, 0
PixelHit 1289, 960, 1.32022, 0
PixelHit 1289, 976, 0.518929, 0
PixelHit 1290, 958, 2.19716, 0
PixelHit 1290, 959, 4.03319, 0
PixelHit 1290, 960, 4.50483, 0
PixelHit 1290, 961, 11.0193, 0
PixelHit 1290, 962, 4.54472, 0
PixelHit 1290, 963, 2.24311, 0
PixelHit 1290, 964, 2.99382, 0
PixelHit 1290, 965, 4.57328, 0
PixelHit 1290, 966, 6.2451, 0
PixelHit 1290, 967, 1.44872, 0
PixelHit 1290, 968, 2.62678, 0
PixelHit 1290, 969, 14.726, 0
PixelHit 1290, 970, 9.93445, 0
PixelHit 1290, 971, 5.56021, 0
PixelHit 1290, 972, 6.76358, 0
PixelHit 1290, 973, 8.69735, 0
PixelHit 1290, 974, 5.95596, 0
PixelHit 1290, 975, 10.0433, 0
PixelHit 1290, 976, 3.7199, 0
PixelHit 1290, 977, 2.84422, 0
PixelHit 1290, 978, 2.58928, 0
PixelHit 1290, 979, 0.96106, 0
PixelHit 1290, 980, 2.12136, 0
PixelHit 1290, 985, 3.00788, 0
PixelHit 1291, 956, 1.8219, 0
PixelHit 1291, 958, 2.8251, 0
PixelHit 1291, 959, 13.4502, 0
PixelHit 1291, 960, 19.9261, 0
PixelHit 1291, 961, 21.5717, 0
PixelHit 1291, 962, 16.5853, 0
PixelHit 1291, 963, 13.3176, 0
PixelHit 1291, 964, 12.287, 0
PixelHit 1291, 965, 11.5069, 0
PixelHit 1291, 966, 18.6999, 0
PixelHit 1291, 967, 18.5713, 0
PixelHit 1291, 968, 23.875, 0
PixelHit 1291, 969, 23.6196, 0
PixelHit 1291, 970, 29.4226, 0
PixelHit 1291, 971, 25.6186, 0
PixelHit 1291, 972, 30.7305, 0
PixelHit 1291, 973, 30.905, 0
PixelHit 1291, 974, 43.5073, 0
PixelHit 1291, 975, 41.9994, 0
PixelHit 1291, 976, 37.3057, 0
PixelHit 1291, 977, 12.5548, 0
PixelHit 1291, 978, 13.5351, 0
PixelHit 1291, 979, 10.7217, 0
PixelHit 1291, 980, 19.0163, 0
PixelHit 1291, 981, 33.2199, 0
PixelHit 1291, 982, 15.1268, 0
PixelHit 1291, 983, 19.8315, 0
PixelHit 1291, 984, 66.3135, 0
PixelHit 1291, 985, 52.7653, 0
PixelHit 1291, 986, 30.4418, 0
PixelHit 1291, 987, 17.5051, 0
PixelHit 1291, 988, 22.9903, 0
PixelHit 1292, 955, 6.87538, 0
PixelHit 1292, 956, 5.478, 0
PixelHit 1292, 957, 3.09289, 0
PixelHit 1292, 958, 9.63193, 0
PixelHit 1292, 959, 12.8585, 0
PixelHit 1292, 960, 14.1913, 0
PixelHit 1292, 961, 26.858, 0
PixelHit 1292, 962, 30.9874, 0
PixelHit 1292, 963, 25.2641, 0
PixelHit 1292, 964, 27.8623, 0
PixelHit 1292, 965, 28.5919, 0
PixelHit 1292, 966, 30.628, 0
PixelHit 1292, 967, 19.6812, 0
PixelHit 1292, 968, 26.3246, 0
PixelHit 1292, 969, 34.5487, 0
PixelHit 1292, 970, 33.2757, 0
PixelHit 1292, 971, 26.6744, 0
PixelHit 1292, 972, 32.5946, 0
PixelHit 1292, 973, 51.1501, 0
PixelHit 1292, 974, 64.3876, 0
PixelHit 1292, 975, 52.2169, 0
PixelHit 1292, 976, 50.2366, 0
PixelHit 1292, 977, 24.3136, 0
PixelHit 1292, 978, 15.2997, 0
PixelHit 1292, 979, 28.9379, 0
PixelHit 1292, 980, 14.6888, 0
PixelHit 1292, 981, 31.7364, 0
PixelHit 1292, 982, 25.8442, 0
PixelHit 1292, 983, 37.6323, 0
PixelHit 1292, 984, 114.121, 0
PixelHit 1292, 985, 111.909, 0
PixelHit 1292, 986, 69.4046, 0
PixelHit 1292, 987, 52.5445, 0
PixelHit 1292, 988, 49.3681, 0
PixelHit 1292, 989, 2.30195, 0
PixelHit 1293, 954, 2.5772, 0
PixelHit 1293, 955, 6.13976, 0
PixelHit 1293, 956, 15.1509, 0
PixelHit 1293, 957, 22.2675, 0
PixelHit 1293, 958, 8.76618, 0
PixelHit 1293, 959, 11.1959, 0
PixelHit 1293, 960, 21.5129, 0
PixelHit 1293, 961, 53.3596, 0
PixelHit 1293, 962, 72.4696, 0
PixelHit 1293, 963, 77.3228, 0
PixelHit 1293, 964, 69.4525, 0
PixelHit 1293, 965, 68.6124, 0
PixelHit 1293, 966, 49.0259, 0
PixelHit 1293, 967, 23.6837, 0
PixelHit 1293, 968, 14.5029, 0
PixelHit 1293, 969, 29.2706, 0
PixelHit 1293, 970, 25.2374, 0
PixelHit 1293, 971, 17.7691, 0
PixelHit 1293, 972, 19.8722, 0
PixelHit 1293, 973, 20.084, 0
PixelHit 1293, 974, 26.0135, 0
PixelHit 1293, 975, 39.5751, 0
PixelHit 1293, 976, 23.0687, 0
PixelHit 1293, 977, 13.2196, 0
PixelHit 1293, 978, 4.60543, 0
PixelHit 1293, 979, 15.5065, 0
PixelHit 1293, 980, 4.10017, 0
PixelHit 1293, 981, 8.44411, 0
PixelHit 1293, 982, 2.4596, 0
PixelHit 1293, 984, 4.54143, 0
PixelHit 1293, 985, 4.68811, 0
PixelHit 1293, 986, 1.60727, 0
PixelHit 1294, 954, 7.89724, 0
PixelHit 1294, 955, 23.1203, 0
PixelHit 1294, 956, 38.5598, 0
PixelHit 1294, 957, 33.6702, 0
PixelHit 1294, 958, 21.933, 0
PixelHit 1294, 959, 25.9405, 0
PixelHit 1294, 960, 35.121, 0
PixelHit 1294, 961, 71.6357, 0
PixelHit 1294, 962, 106.554, 0
PixelHit 1294, 963, 123.247, 0
PixelHit 1294, 964, 131.978, 0
PixelHit 1294, 965, 132.338, 0
PixelHit 1294, 966, 82.0631, 0
PixelHit 1294, 967, 23.265, 0
PixelHit 1294, 968, 21.3761, 0
PixelHit 1294, 969, 20.4643, 0
PixelHit 1294, 970, 12.7337, 0
PixelHit 1294, 971, 34.8654, 0
PixelHit 1294, 972, 25.6238, 0
PixelHit 1294, 973, 36.5485, 0
PixelHit 1294, 974, 48.5958, 0
PixelHit 1294, 975, 54.2384, 0
PixelHit 1294, 976, 55.021, 0
PixelHit 1294, 977, 40.8341, 0
PixelHit 1294, 978, 39.5803, 0
PixelHit 1294, 979, 56.0658, 0
PixelHit 1294, 980, 46.4859, 0
PixelHit 1294, 981, 18.6353, 0
PixelHit 1294, 982, 17.3992, 0
PixelHit 1294, 983, 59.0391, 0
PixelHit 1294, 984, 3.62527, 0
PixelHit 1295, 953, 0.893927, 0
PixelHit 1295, 954, 7.04205, 0
PixelHit 1295, 955, 17.0433, 0
PixelHit 1295, 956, 24.7201, 0
PixelHit 1295, 957, 22.1088, 0
PixelHit 1295, 958, 25.4926, 0
PixelHit 1295, 959, 20.4587, 0
PixelHit 1295, 960, 23.7742, 0
PixelHit 1295, 961, 56.6424, 0
PixelHit 1295, 962, 87.2346, 0
PixelHit 1295, 963, 106.136, 0
PixelHit 1295, 964, 106.574, 0
PixelHit 1295, 965, 123.442, 0
PixelHit 1295, 966, 62.2558, 0
PixelHit 1295, 967, 25.6986, 0
PixelHit 1295, 968, 6.26233, 0
PixelHit 1295, 969, 18.3165, 0
PixelHit 1295, 970, 13.0352, 0
PixelHit 1295, 971, 18.4452, 0
PixelHit 1295, 972, 18.3145, 0
PixelHit 1295, 973, 25.0108, 0
PixelHit 1295, 974, 32.6184, 0
PixelHit 1295, 975, 29.9943, 0
PixelHit 1295, 976, 40.7063, 0
PixelHit 1295, 977, 21.4984, 0
PixelHit 1295, 978, 24.8025, 0
PixelHit 1295, 979, 35.073, 0
PixelHit 1295, 980, 23.1132, 0
PixelHit 1295, 981, 5.2806, 0
PixelHit 1295, 982, 9.23973, 0
PixelHit 1295, 983, 5.99856, 0
PixelHit 1296, 954, 4.59229, 0
PixelHit 1296, 955, 3.26332, 0
PixelHit 1296, 956, 11.683, 0
PixelHit 1296, 957, 14.2271, 0
PixelHit 1296, 958, 7.2206, 0
PixelHit 1296, 959, 9.22787, 0
PixelHit 1296, 960, 9.83058, 0
PixelHit 1296, 961, 20.1465, 0
PixelHit 1296, 962, 34.9655, 0
PixelHit 1296, 963, 34.1409, 0
PixelHit 1296, 964, 40.5967, 0
PixelHit 1296, 965, 23.2263, 0
PixelHit 1296, 966, 26.1115, 0
PixelHit 1296, 967, 9.99233, 0
PixelHit 1296, 968, 4.21893, 0
PixelHit 1296, 969, 2.11536, 0
PixelHit 1296, 970, 4.08267, 0
PixelHit 1296, 971, 6.39711, 0
PixelHit 1296, 972, 4.1462, 0
PixelHit 1296, 973, 6.26549, 0
PixelHit 1296, 974, 2.7794, 0
PixelHit 1296, 975, 3.84173, 0
PixelHit 1296, 976, 4.23211, 0
PixelHit 1296, 977, 1.49109, 0
PixelHit 1296, 981, 1.37298, 0
PixelHit 1297, 954, 2.33532, 0
PixelHit 1297, 955, 4.68564, 0
PixelHit 1297, 956, 1.48919, 0
PixelHit 1297, 957, 2.26637, 0
PixelHit 1297, 958, 4.0275, 0
PixelHit 1297, 959, 2.48759, 0
PixelHit 1297, 962, 4.76643, 0
PixelHit 1297, 963, 4.91835, 0
PixelHit 1297, 964, 6.59288, 0
PixelHit 1297, 965, 6.39235, 0
PixelHit 1297, 966, 1.96796, 0
PixelHit 1298, 963, 0.00914481, 0
=== 42 ===
=== 43 ===
=== 44 ===
=== 45 ===
=== 46 ===
=== 47 ===
=== 48 ===
=== 49 ===
=== 50 ===
=== 51 ===
--- mydetector ---
PixelHit 1295, 973, 3.86876, 0
PixelHit 1296, 969, 3.20236, 0
PixelHit 1296, 970, 2.80915, 0
PixelHit 1296, 971, 5.55163, 0
PixelHit 1296, 972, 7.42244, 0
PixelHit 1296, 973, 6.51941, 0
PixelHit 1296, 974, 6.55174, 0
PixelHit 1296, 975, 5.96005, 0
PixelHit 1296, 976, 3.46096, 0
PixelHit 1296, 977, 3.77621, 0
PixelHit 1296, 978, 3.88788, 0
PixelHit 1296, 980, 2.80814, 0
PixelHit 1296, 981, 0.336298, 0
PixelHit 1296, 983, 1.24284, 0
PixelHit 1296, 985, 0.674275, 0
PixelHit 1297, 964, 2.92411, 0
PixelHit 1297, 965, 5.01839, 0
PixelHit 1297, 966, 3.55262, 0
PixelHit 1297, 967, 6.37159, 0
PixelHit 1297, 968, 5.91833, 0
PixelHit 1297, 969, 14.7717, 0
PixelHit 1297, 970, 22.5234, 0
PixelHit 1297, 971, 13.4671, 0
PixelHit 1297, 972, 12.8136, 0
PixelHit 1297, 973, 21.8827, 0
PixelHit 1297, 974, 33.977, 0
PixelHit 1297, 975, 52.6866, 0
PixelHit 1297, 976, 42.5185, 0
PixelHit 1297, 977, 26.0112, 0
PixelHit 1297, 978, 24.8, 0
PixelHit 1297, 979, 20.3286, 0
PixelHit 1297, 980, 17.9295, 0
PixelHit 1297, 981, 10.598, 0
PixelHit 1297, 982, 11.2064, 0
PixelHit 1297, 983, 13.5268, 0
PixelHit 1297, 984, 8.99464, 0
PixelHit 1297, 985, 2.13559, 0
PixelHit 1297, 986, 3.74554, 0
PixelHit 1297, 988, 4.05123, 0
PixelHit 1297, 989, 5.74448, 0
PixelHit 1298, 964, 2.10125, 0
PixelHit 1298, 966, 8.57854, 0
PixelHit 1298, 967, 8.79741, 0
PixelHit 1298, 968, 12.4912, 0
PixelHit 1298, 969, 21.9634, 0
PixelHit 1298, 970, 30.3979, 0
PixelHit 1298, 971, 29.6225, 0
PixelHit 1298, 972, 31.1262, 0
PixelHit 1298, 973, 43.2641, 0
PixelHit 1298, 974, 64.1962, 0
PixelHit 1298, 975, 110.801, 0
PixelHit 1298, 976, 115.377, 0
PixelHit 1298, 977, 68.2435, 0
PixelHit 1298, 978, 39.5636, 0
PixelHit 1298, 979, 44.131, 0
PixelHit 1298, 980, 34.8016, 0
PixelHit 1298, 981, 25.9225, 0
PixelHit 1298, 982, 18.9239, 0
PixelHit 1298, 983, 47.4397, 0
PixelHit 1298, 984, 55.6454, 0
PixelHit 1298, 985, 34.0248, 0
PixelHit 1298, 986, 11.6015, 0
PixelHit 1298, 987, 9.51511, 0
PixelHit 1298, 988, 38.9452, 0
PixelHit 1298, 989, 40.4167, 0
PixelHit 1298, 990, 23.8576, 0
PixelHit 1298, 991, 20.1268, 0
PixelHit 1298, 992, 34.161, 0
PixelHit 1298, 993, 58.0899, 0
PixelHit 1298, 994, 49.1993, 0
PixelHit 1298, 995, 30.4821, 0
PixelHit 1299, 961, 3.6981, 0
PixelHit 1299, 964, 1.92916, 0
PixelHit 1299, 965, 2.84295, 0
PixelHit 1299, 966, 5.20973, 0
PixelHit 1299, 967, 11.6584, 0
PixelHit 1299, 968, 2.18102, 0
PixelHit 1299, 969, 14.5825, 0
PixelHit 1299, 970, 21.8835, 0
PixelHit 1299, 971, 36.3866, 0
PixelHit 1299, 972, 27.0645, 0
PixelHit 1299, 973, 30.7175, 0
PixelHit 1299, 974, 71.5932, 0
PixelHit 1299, 975, 103.953, 0
PixelHit 1299, 976, 103.997, 0
PixelHit 1299, 977, 72.4695, 0
PixelHit 1299, 978, 37.5216, 0
PixelHit 1299, 979, 48.4715, 0
PixelHit 1299, 980, 22.2707, 0
PixelHit 1299, 981, 23.0849, 0
PixelHit 1299, 982, 15.8065, 0
PixelHit 1299, 983, 33.8077, 0
PixelHit 1299, 984, 44.7039, 0
PixelHit 1299, 985, 34.2586, 0
PixelHit 1299, 986, 8.20315, 0
PixelHit 1299, 987, 2.70986, 0
PixelHit 1299, 988, 32.1112, 0
PixelHit 1299, 989, 28.4807, 0
PixelHit 1299, 990, 6.66577, 0
PixelHit 1299, 991, 13.5608, 0
PixelHit 1299, 992, 11.9583, 0
PixelHit 1299, 993, 27.4588, 0
PixelHit 1299, 994, 16.5144, 0
PixelHit 1299, 995, 9.39542, 0
PixelHit 1300, 954, 1.6174, 0
PixelHit 1300, 958, 3.69188, 0
PixelHit 1300, 959, 0.92307, 0
PixelHit 1300, 960, 4.2578, 0
PixelHit 1300, 961, 4.29217, 0
PixelHit 1300, 963, 2.3776, 0
PixelHit 1300, 964, 5.54565, 0
PixelHit 1300, 965, 9.14527, 0
PixelHit 1300, 967, 3.12257, 0
PixelHit 1300, 968, 12.5077, 0
PixelHit 1300, 969, 8.86299, 0
PixelHit 1300, 970, 16.1567, 0
PixelHit 1300, 971, 8.95354, 0
PixelHit 1300, 972, 9.44802, 0
PixelHit 1300, 973, 15.0146, 0
PixelHit 1300, 974, 20.2689, 0
PixelHit 1300, 975, 33.0681, 0
PixelHit 1300, 976, 31.8621, 0
PixelHit 1300, 977, 18.9532, 0
PixelHit 1300, 978, 15.208, 0
PixelHit 1300, 979, 10.9931, 0
PixelHit 1300, 980, 9.93734, 0
PixelHit 1300, 981, 7.9981, 0
PixelHit 1300, 982, 1.02691, 0
PixelHit 1300, 983, 8.30453, 0
PixelHit 1300, 984, 5.58598, 0
PixelHit 1300, 985, 3.44421, 0
PixelHit 1300, 988, 2.94396, 0
PixelHit 1300, 989, 4.34356, 0
PixelHit 1301, 956, 5.01769, 0
PixelHit 1301, 957, 13.9237, 0
PixelHit 1301, 958, 10.2083, 0
PixelHit 1301, 959, 5.54679, 0
PixelHit 1301, 960, 12.2822, 0
PixelHit 1301, 961, 16.8473, 0
PixelHit 1301, 962, 13.1909, 0
PixelHit 1301, 963, 20.1585, 0
PixelHit 1301, 964, 18.0188, 0
PixelHit 1301, 965, 16.0851, 0
PixelHit 1301, 966, 17.0464, 0
PixelHit 1301, 967, 22.3358, 0
PixelHit 1301, 968, 20.7631, 0
PixelHit 1301, 969, 22.0361, 0
PixelHit 1301, 970, 27.4172, 0
PixelHit 1301, 971, 33.0075, 0
PixelHit 1301, 972, 18.3934, 0
PixelHit 1301, 973, 10.8177, 0
PixelHit 1301, 974, 13.3216, 0
PixelHit 1301, 975, 11.9847, 0
PixelHit 1301, 976, 8.30231, 0
PixelHit 1301, 977, 6.38344, 0
PixelHit 1301, 978, 4.03076, 0
PixelHit 1301, 979, 15.926, 0
PixelHit 1301, 980, 4.99006, 0
PixelHit 1301, 981, 3.06931, 0
PixelHit 1301, 984, 3.30707, 0
PixelHit 1302, 955, 3.04058, 0
PixelHit 1302, 956, 11.6663, 0
PixelHit 1302, 957, 23.9025, 0
PixelHit 1302, 958, 12.4025, 0
PixelHit 1302, 959, 19.2304, 0
PixelHit 1302, 960, 18.955, 0
PixelHit 1302, 961, 15.1665, 0
PixelHit 1302, 962, 26.4191, 0
PixelHit 1302, 963, 32.8919, 0
PixelHit 1302, 964, 30.0687, 0
PixelHit 1302, 965, 37.6666, 0
PixelHit 1302, 966, 53.5175, 0
PixelHit 1302, 967, 57.4918, 0
PixelHit 1302, 968, 68.3508, 0
PixelHit 1302, 969, 87.5612, 0
PixelHit 1302, 970, 97.0456, 0
PixelHit 1302, 971, 66.73, 0
PixelHit 1302, 972, 52.1704, 0
PixelHit 1302, 973, 44.7893, 0
PixelHit 1302, 974, 32.6419, 0
PixelHit 1302, 975, 37.4626, 0
PixelHit 1302, 976, 10.9903, 0
PixelHit 1302, 977, 16.8422, 0
PixelHit 1302, 978, 47.8741, 0
PixelHit 1302, 979, 82.7036, 0
PixelHit 1302, 980, 58.0425, 0
PixelHit 1302, 981, 44.3353, 0
PixelHit 1302, 982, 60.5854, 0
PixelHit 1302, 983, 34.433, 0
PixelHit 1302, 984, 85.7189, 0
PixelHit 1302, 985, 3.49488, 0
PixelHit 1303, 955, 9.58502, 0
PixelHit 1303, 956, 4.89802, 0
PixelHit 1303, 957, 10.7141, 0
PixelHit 1303, 958, 11.6621, 0
PixelHit 1303, 959, 13.3732, 0
PixelHit 1303, 960, 15.908, 0
PixelHit 1303, 961, 20.7365, 0
PixelHit 1303, 962, 20.1976, 0
PixelHit 1303, 963, 32.0744, 0
PixelHit 1303, 964, 39.6672, 0
PixelHit 1303, 965, 25.7788, 0
PixelHit 1303, 966, 34.4849, 0
PixelHit 1303, 967, 49.6937, 0
PixelHit 1303, 968, 40.0161, 0
PixelHit 1303, 969, 70.4335, 0
PixelHit 1303, 970, 63.2537, 0
PixelHit 1303, 971, 56.0681, 0
PixelHit 1303, 972, 35.1842, 0
PixelHit 1303, 973, 46.3724, 0
PixelHit 1303, 974, 27.2362, 0
PixelHit 1303, 975, 24.7712, 0
PixelHit 1303, 976, 18.64, 0
PixelHit 1303, 977, 12.051, 0
PixelHit 1303, 978, 37.5623, 0
PixelHit 1303, 979, 50.5187, 0
PixelHit 1303, 980, 53.765, 0
PixelHit 1303, 981, 11.5823, 0
PixelHit 1303, 982, 39.5449, 0
PixelHit 1303, 983, 18.1204, 0
PixelHit 1303, 984, 28.2508, 0
PixelHit 1303, 985, 1.20764, 0
PixelHit 1304, 956, 3.67408, 0
PixelHit 1304, 957, 5.8025, 0
PixelHit 1304, 958, 8.91597, 0
PixelHit 1304, 959, 3.97923, 0
PixelHit 1304, 960, 11.1586, 0
PixelHit 1304, 961, 4.60551, 0
PixelHit 1304, 962, 7.88331, 0
PixelHit 1304, 963, 7.60878, 0
PixelHit 1304, 964, 3.82402, 0
PixelHit 1304, 965, 6.14562, 0
PixelHit 1304, 966, 12.0503, 0
PixelHit 1304, 967, 10.5425, 0
PixelHit 1304, 968, 8.71705, 0
PixelHit 1304, 969, 13.9426, 0
PixelHit 1304, 970, 26.1944, 0
PixelHit 1304, 971, 11.2424, 0
PixelHit 1304, 972, 10.2686, 0
PixelHit 1304, 973, 1.68716, 0
PixelHit 1304, 974, 3.83972, 0
PixelHit 1304, 975, 5.05258, 0
PixelHit 1304, 976, 2.4409, 0
PixelHit 1304, 978, 1.85725, 0
PixelHit 1304, 979, 1.22049, 0
PixelHit 1305, 960, 1.40592, 0
PixelHit 1305, 962, 3.09573, 0
PixelHit 1305, 963, 4.10216, 0
PixelHit 1305, 964, 1.93528, 0
PixelHit 1305, 967, 0.993395, 0
PixelHit 1305, 969, 3.1521, 0
PixelHit 1305, 980, 1.66633, 0
PixelHit 1306, 957, 3.89114, 0
PixelHit 1306, 969, 0.899601, 0
=== 52 ===
=== 53 ===
=== 54 ===
=== 55 ===
--- mydetector ---
PixelHit 1289, 962, 3.8676, 0
PixelHit 1290, 959, 0.510405, 0
PixelHit 1291, 957, 2.46081, 0
PixelHit 1291, 958, 2.67671, 0
PixelHit 1291, 959, 5.7568, 0
PixelHit 1291, 960, 3.859, 0
PixelHit 1291, 962, 2.53773, 0
PixelHit 1291, 964, 3.28912, 0
PixelHit 1291, 965, 0.656999, 0
PixelHit 1291, 969, 3.42778, 0
PixelHit 1291, 970, 5.41604, 0
PixelHit 1291, 971, 4.71805, 0
PixelHit 1291, 972, 2.32699, 0
PixelHit 1292, 957, 2.44352, 0
PixelHit 1292, 958, 6.96299, 0
PixelHit 1292, 959, 14.1256, 0
PixelHit 1292, 960, 16.4921, 0
PixelHit 1292, 961, 11.7493, 0
PixelHit 1292, 963, 7.28067, 0
PixelHit 1292, 964, 4.74652, 0
PixelHit 1292, 965, 3.19126, 0
PixelHit 1292, 966, 4.21596, 0
PixelHit 1292, 967, 2.74834, 0
PixelHit 1292, 968, 9.16757, 0
PixelHit 1292, 969, 21.0498, 0
PixelHit 1292, 970, 18.1868, 0
PixelHit 1292, 971, 15.6376, 0
PixelHit 1292, 972, 12.3945, 0
PixelHit 1292, 973, 5.25913, 0
PixelHit 1292, 974, 9.1449, 0
PixelHit 1292, 975, 10.9905, 0
PixelHit 1292, 976, 6.95338, 0
PixelHit 1292, 979, 3.39004, 0
PixelHit 1292, 980, 10.0478, 0
PixelHit 1292, 981, 9.40575, 0
PixelHit 1292, 982, 3.0871, 0
PixelHit 1293, 957, 7.5483, 0
PixelHit 1293, 958, 18.2579, 0
PixelHit 1293, 959, 33.3244, 0
PixelHit 1293, 960, 41.8044, 0
PixelHit 1293, 961, 19.4873, 0
PixelHit 1293, 962, 14.1651, 0
PixelHit 1293, 963, 17.6069, 0
PixelHit 1293, 964, 16.4261, 0
PixelHit 1293, 965, 25.0233, 0
PixelHit 1293, 966, 10.9336, 0
PixelHit 1293, 967, 14.6826, 0
PixelHit 1293, 968, 38.16, 0
PixelHit 1293, 969, 56.8337, 0
PixelHit 1293, 970, 58.4174, 0
PixelHit 1293, 971, 39.4155, 0
PixelHit 1293, 972, 32.2406, 0
PixelHit 1293, 973, 36.106, 0
PixelHit 1293, 974, 51.0195, 0
PixelHit 1293, 975, 34.7161, 0
PixelHit 1293, 976, 25.7464, 0
PixelHit 1293, 977, 8.77813, 0
PixelHit 1293, 978, 19.9594, 0
PixelHit 1293, 979, 32.8624, 0
PixelHit 1293, 980, 76.3993, 0
PixelHit 1293, 981, 121.577, 0
PixelHit 1293, 982, 83.6455, 0
PixelHit 1293, 983, 40.6464, 0
PixelHit 1293, 984, 22.8594, 0
PixelHit 1293, 985, 18.8733, 0
PixelHit 1293, 986, 5.51187, 0
PixelHit 1294, 957, 5.46358, 0
PixelHit 1294, 958, 19.2134, 0
PixelHit 1294, 959, 29.0309, 0
PixelHit 1294, 960, 39.1445, 0
PixelHit 1294, 961, 15.145, 0
PixelHit 1294, 962, 16.3333, 0
PixelHit 1294, 963, 20.8511, 0
PixelHit 1294, 964, 40.9818, 0
PixelHit 1294, 965, 29.0866, 0
PixelHit 1294, 966, 20.0854, 0
PixelHit 1294, 967, 28.0023, 0
PixelHit 1294, 968, 40.2287, 0
PixelHit 1294, 969, 74.729, 0
PixelHit 1294, 970, 48.2212, 0
PixelHit 1294, 971, 42.7349, 0
PixelHit 1294, 972, 60.0818, 0
PixelHit 1294, 973, 43.1366, 0
PixelHit 1294, 974, 72.0042, 0
PixelHit 1294, 975, 40.9246, 0
PixelHit 1294, 976, 29.8784, 0
PixelHit 1294, 977, 19.201, 0
PixelHit 1294, 978, 16.8779, 0
PixelHit 1294, 979, 26.0168, 0
PixelHit 1294, 980, 99.1942, 0
PixelHit 1294, 981, 122.755, 0
PixelHit 1294, 982, 82.4692, 0
PixelHit 1294, 983, 38.6368, 0
PixelHit 1294, 984, 29.6789, 0
PixelHit 1294, 985, 12.2454, 0
PixelHit 1294, 986, 4.75297, 0
PixelHit 1295, 956, 1.4821, 0
PixelHit 1295, 957, 7.79833, 0
PixelHit 1295, 958, 20.3283, 0
PixelHit 1295, 959, 40.5637, 0
PixelHit 1295, 960, 32.9949, 0
PixelHit 1295, 961, 41.0541, 0
PixelHit 1295, 962, 29.9323, 0
PixelHit 1295, 963, 37.6749, 0
PixelHit 1295, 964, 32.9219, 0
PixelHit 1295, 965, 30.7598, 0
PixelHit 1295, 966, 30.0277, 0
PixelHit 1295, 967, 23.4623, 0
PixelHit 1295, 968, 28.0515, 0
PixelHit 1295, 969, 34.1621, 0
PixelHit 1295, 970, 65.1899, 0
PixelHit 1295, 971, 57.0496, 0
PixelHit 1295, 972, 69.039, 0
PixelHit 1295, 973, 56.083, 0
PixelHit 1295, 974, 42.6722, 0
PixelHit 1295, 975, 23.5865, 0
PixelHit 1295, 976, 22.8143, 0
PixelHit 1295, 977, 31.757, 0
PixelHit 1295, 978, 25.5274, 0
PixelHit 1295, 979, 18.0025, 0
PixelHit 1295, 980, 53.7659, 0
PixelHit 1295, 981, 72.9628, 0
PixelHit 1295, 982, 67.6279, 0
PixelHit 1295, 983, 58.2025, 0
PixelHit 1295, 984, 43.3016, 0
PixelHit 1295, 985, 20.9074, 0
PixelHit 1295, 986, 2.85472, 0
PixelHit 1295, 987, 38.9291, 0
PixelHit 1295, 988, 1.04675, 0
PixelHit 1296, 957, 1.97154, 0
PixelHit 1296, 958, 5.90494, 0
PixelHit 1296, 959, 10.1857, 0
PixelHit 1296, 960, 17.8924, 0
PixelHit 1296, 961, 29.3447, 0
PixelHit 1296, 962, 19.6564, 0
PixelHit 1296, 963, 30.4369, 0
PixelHit 1296, 964, 23.7973, 0
PixelHit 1296, 965, 42.3429, 0
PixelHit 1296, 966, 35.0334, 0
PixelHit 1296, 967, 13.0279, 0
PixelHit 1296, 968, 20.0146, 0
PixelHit 1296, 969, 21.777, 0
PixelHit 1296, 970, 38.0506, 0
PixelHit 1296, 971, 56.1715, 0
PixelHit 1296, 972, 64.9269, 0
PixelHit 1296, 973, 41.0913, 0
PixelHit 1296, 974, 20.4097, 0
PixelHit 1296, 975, 6.57428, 0
PixelHit 1296, 976, 22.1595, 0
PixelHit 1296, 977, 36.234, 0
PixelHit 1296, 978, 15.8004, 0
PixelHit 1296, 979, 20.6337, 0
PixelHit 1296, 980, 45.8194, 0
PixelHit 1296, 981, 69.6099, 0
PixelHit 1296, 982, 79.0713, 0
PixelHit 1296, 983, 65.5974, 0
PixelHit 1296, 984, 46.3463, 0
PixelHit 1296, 985, 30.8694, 0
PixelHit 1296, 986, 6.18852, 0
PixelHit 1296, 987, 34.9498, 0
PixelHit 1296, 988, 0.73682, 0
PixelHit 1297, 958, 2.91795, 0
PixelHit 1297, 959, 6.87511, 0
PixelHit 1297, 960, 14.4039, 0
PixelHit 1297, 961, 11.6495, 0
PixelHit 1297, 962, 7.13354, 0
PixelHit 1297, 963, 13.445, 0
PixelHit 1297, 964, 12.2733, 0
PixelHit 1297, 965, 14.6395, 0
PixelHit 1297, 966, 13.7624, 0
PixelHit 1297, 967, 6.5548, 0
PixelHit 1297, 968, 7.43009, 0
PixelHit 1297, 969, 10.0693, 0
PixelHit 1297, 970, 9.55418, 0
PixelHit 1297, 971, 21.9197, 0
PixelHit 1297, 972, 22.2124, 0
PixelHit 1297, 973, 22.8136, 0
PixelHit 1297, 974, 8.51868, 0
PixelHit 1297, 975, 1.9477, 0
PixelHit 1297, 976, 7.90374, 0
PixelHit 1297, 977, 3.66598, 0
PixelHit 1297, 978, 4.83052, 0
PixelHit 1297, 979, 4.03679, 0
PixelHit 1297, 980, 6.89154, 0
PixelHit 1297, 981, 8.16743, 0
PixelHit 1297, 982, 7.69371, 0
PixelHit 1297, 983, 4.65396, 0
PixelHit 1297, 984, 1.58208, 0
PixelHit 1298, 961, 6.35939, 0
PixelHit 1298, 962, 0.915511, 0
PixelHit 1298, 963, 2.91734, 0
PixelHit 1298, 964, 2.22966, 0
PixelHit 1298, 965, 2.09249, 0
PixelHit 1298, 967, 3.36681, 0
PixelHit 1298, 969, 1.93669, 0
PixelHit 1298, 970, 2.16228, 0
PixelHit 1298, 971, 2.04232, 0
PixelHit 1298, 972, 3.41481, 0
PixelHit 1299, 959, 3.35888, 0
=== 56 ===
=== 57 ===
=== 58 ===
=== 59 ===
=== 60 ===
=== 61 ===
=== 62 ===
=== 63 ===
=== 64 ===
=== 65 ===
=== 66 ===
=== 67 ===
=== 68 ===
=== 69 ===
=== 70 ===
=== 71 ===
=== 72 ===
=== 73 ===
=== 74 ===
=== 75 ===
=== 76 ===
=== 77 ===
=== 78 ===
=== 79 ===
=== 80 ===
=== 81 ===
=== 82 ===
=== 83 ===
=== 84 ===
=== 85 ===
=== 86 ===
=== 87 ===
=== 88 ===
=== 89 ===
=== 90 ===
=== 91 ===
=== 92 ===
=== 93 ===
=== 94 ===
=== 95 ===
=== 96 ===
=== 97 ===
=== 98 ===
=== 99 ===
=== 100 ===
# 678 objects from 3 messages
