# Allpix Squared ASCII data - https://cern.ch/allpix-squared

=== 1 ===
=== 2 ===
=== 3 ===
=== 4 ===
=== 5 ===
=== 6 ===
=== 7 ===
=== 8 ===
=== 9 ===
=== 10 ===
=== 11 ===
=== 12 ===
=== 13 ===
=== 14 ===
=== 15 ===
=== 16 ===
=== 17 ===
=== 18 ===
=== 19 ===
=== 20 ===
=== 21 ===
=== 22 ===
=== 23 ===
=== 24 ===
=== 25 ===
=== 26 ===
=== 27 ===
=== 28 ===
=== 29 ===
=== 30 ===
=== 31 ===
=== 32 ===
=== 33 ===
=== 34 ===
=== 35 ===
=== 36 ===
=== 37 ===
=== 38 ===
=== 39 ===
=== 40 ===
=== 41 ===
=== 42 ===
=== 43 ===
=== 44 ===
=== 45 ===
=== 46 ===
=== 47 ===
=== 48 ===
=== 49 ===
=== 50 ===
=== 51 ===
=== 52 ===
=== 53 ===
=== 54 ===
=== 55 ===
=== 56 ===
=== 57 ===
=== 58 ===
--- mydetector ---
PixelHit 1214, 1108, 3.19961, 0
PixelHit 1215, 1108, 171.22, 0
PixelHit 1215, 1109, 24.392, 0
PixelHit 1216, 1105, 5.80192, 0
PixelHit 1216, 1106, 28.7839, 0
PixelHit 1216, 1107, 70.2604, 0
PixelHit 1216, 1108, 40.2491, 0
PixelHit 1216, 1109, 7.96188, 0
PixelHit 1217, 1104, 73.1847, 0
PixelHit 1217, 1105, 128.326, 0
PixelHit 1217, 1106, 174.799, 0
PixelHit 1217, 1107, 9.63961, 0
PixelHit 1218, 1101, 2.61467, 0
PixelHit 1218, 1102, 1.2032, 0
PixelHit 1218, 1103, 37.4423, 0
PixelHit 1218, 1104, 296.27, 0
PixelHit 1218, 1105, 169.914, 0
PixelHit 1218, 1106, 1.66846, 0
PixelHit 1218, 1107, 1.5282, 0
PixelHit 1219, 1100, 16.1341, 0
PixelHit 1219, 1101, 633.481, 0
PixelHit 1219, 1102, 58.4996, 0
PixelHit 1219, 1103, 21.5716, 0
PixelHit 1219, 1104, 6.45782, 0
PixelHit 1220, 1099, 18.4282, 0
PixelHit 1220, 1100, 152.252, 0
PixelHit 1220, 1101, 1241.79, 0
PixelHit 1220, 1102, 54.451, 0
PixelHit 1221, 1098, 73.9017, 0
PixelHit 1221, 1099, 53.6642, 0
PixelHit 1221, 1100, 12.1581, 0
PixelHit 1221, 1101, 6.22249, 0
PixelHit 1222, 1094, 1.61503, 0
PixelHit 1222, 1095, 11.7199, 0
PixelHit 1222, 1096, 31.6888, 0
PixelHit 1222, 1097, 14.0037, 0
PixelHit 1222, 1098, 12.8346, 0
PixelHit 1223, 1093, 1.89945, 0
PixelHit 1223, 1094, 57.0888, 0
PixelHit 1223, 1095, 162.659, 0
PixelHit 1223, 1096, 68.4216, 0
PixelHit 1223, 1097, 4.96551, 0
PixelHit 1224, 1091, 1.11412, 0
PixelHit 1224, 1092, 12.6689, 0
PixelHit 1224, 1093, 31.3674, 0
PixelHit 1224, 1094, 81.8593, 0
PixelHit 1224, 1095, 23.0733, 0
PixelHit 1225, 1089, 1.10258, 0
PixelHit 1225, 1090, 43.6934, 0
PixelHit 1225, 1091, 55.2071, 0
PixelHit 1225, 1092, 41.5329, 0
PixelHit 1225, 1093, 7.45532, 0
PixelHit 1225, 1094, 1.86616, 0
PixelHit 1226, 1088, 16.9082, 0
PixelHit 1226, 1089, 62.6749, 0
PixelHit 1226, 1090, 142.801, 0
PixelHit 1226, 1091, 61.8746, 0
PixelHit 1226, 1092, 2.04346, 0
PixelHit 1227, 1086, 9.40748, 0
PixelHit 1227, 1087, 37.4214, 0
PixelHit 1227, 1088, 67.7478, 0
PixelHit 1227, 1089, 55.4674, 0
PixelHit 1227, 1090, 19.5939, 0
PixelHit 1228, 1082, 1.90847, 0
PixelHit 1228, 1084, 1.32124, 0
PixelHit 1228, 1085, 8.24467, 0
PixelHit 1228, 1086, 60.0915, 0
PixelHit 1228, 1087, 78.4976, 0
PixelHit 1228, 1088, 8.10786, 0
PixelHit 1229, 1082, 2.49055, 0
PixelHit 1229, 1083, 28.7476, 0
PixelHit 1229, 1084, 51.1237, 0
PixelHit 1229, 1085, 10.3199, 0
PixelHit 1229, 1086, 32.8917, 0
PixelHit 1229, 1087, 5.86918, 0
PixelHit 1230, 1080, 1.65142, 0
PixelHit 1230, 1081, 5.29321, 0
PixelHit 1230, 1082, 43.8148, 0
PixelHit 1230, 1083, 86.4124, 0
PixelHit 1230, 1084, 63.1478, 0
PixelHit 1230, 1085, 0.617317, 0
PixelHit 1231, 1078, 4.00541, 0
PixelHit 1231, 1079, 13.6708, 0
PixelHit 1231, 1080, 23.7374, 0
PixelHit 1231, 1081, 31.8983, 0
PixelHit 1231, 1082, 46.7895, 0
PixelHit 1231, 1083, 14.5589, 0
PixelHit 1231, 1085, 0.861104, 0
PixelHit 1232, 1077, 14.3509, 0
PixelHit 1232, 1078, 62.9688, 0
PixelHit 1232, 1079, 159.724, 0
PixelHit 1232, 1080, 60.7238, 0
PixelHit 1232, 1081, 8.94127, 0
PixelHit 1232, 1082, 1.3087, 0
PixelHit 1233, 1074, 1.9936, 0
PixelHit 1233, 1076, 32.6006, 0
PixelHit 1233, 1077, 57.2107, 0
PixelHit 1233, 1078, 126.047, 0
PixelHit 1233, 1079, 77.8185, 0
PixelHit 1233, 1080, 9.89265, 0
PixelHit 1234, 1073, 12.851, 0
PixelHit 1234, 1074, 10.1405, 0
PixelHit 1234, 1075, 59.4301, 0
PixelHit 1234, 1076, 95.433, 0
PixelHit 1234, 1077, 61.6889, 0
PixelHit 1234, 1078, 16.9735, 0
PixelHit 1235, 1071, 3.05972, 0
PixelHit 1235, 1072, 206.667, 0
PixelHit 1235, 1073, 557.247, 0
PixelHit 1235, 1074, 77.6448, 0
PixelHit 1235, 1075, 60.079, 0
PixelHit 1235, 1076, 32.0499, 0
PixelHit 1235, 1077, 6.52033, 0
PixelHit 1236, 1071, 30.1686, 0
PixelHit 1236, 1072, 466.144, 0
PixelHit 1236, 1073, 956.433, 0
PixelHit 1236, 1074, 97.4074, 0
PixelHit 1236, 1075, 4.25344, 0
PixelHit 1236, 1076, 2.57892, 0
PixelHit 1237, 1066, 0.777343, 0
PixelHit 1237, 1067, 0.925654, 0
PixelHit 1237, 1068, 6.19546, 0
PixelHit 1237, 1069, 15.7051, 0
PixelHit 1237, 1070, 20.8491, 0
PixelHit 1237, 1071, 31.5845, 0
PixelHit 1237, 1072, 116.426, 0
PixelHit 1237, 1073, 73.6186, 0
PixelHit 1237, 1074, 9.15769, 0
PixelHit 1238, 1067, 14.3708, 0
PixelHit 1238, 1068, 38.4805, 0
PixelHit 1238, 1069, 50.7251, 0
PixelHit 1238, 1070, 28.4203, 0
PixelHit 1238, 1071, 5.10162, 0
PixelHit 1238, 1072, 4.09668, 0
PixelHit 1239, 1064, 3.27503, 0
PixelHit 1239, 1065, 3.05902, 0
PixelHit 1239, 1066, 43.2614, 0
PixelHit 1239, 1067, 81.1342, 0
PixelHit 1239, 1068, 96.1864, 0
PixelHit 1239, 1069, 32.1081, 0
PixelHit 1239, 1070, 3.83011, 0
PixelHit 1240, 1063, 4.92952, 0
PixelHit 1240, 1064, 37.2669, 0
PixelHit 1240, 1065, 35.5114, 0
PixelHit 1240, 1066, 45.5461, 0
PixelHit 1240, 1067, 46.3526, 0
PixelHit 1240, 1068, 20.4602, 0
PixelHit 1240, 1069, 3.32987, 0
PixelHit 1241, 1061, 3.17519, 0
PixelHit 1241, 1062, 11.466, 0
PixelHit 1241, 1063, 46.4018, 0
PixelHit 1241, 1064, 65.2079, 0
PixelHit 1241, 1065, 36.6889, 0
PixelHit 1241, 1066, 7.91936, 0
PixelHit 1242, 1059, 1.9003, 0
PixelHit 1242, 1060, 7.72923, 0
PixelHit 1242, 1061, 31.1631, 0
PixelHit 1242, 1062, 51.0793, 0
PixelHit 1242, 1063, 39.9882, 0
PixelHit 1242, 1064, 13.5283, 0
PixelHit 1242, 1065, 7.59221, 0
PixelHit 1242, 1066, 1.76446, 0
PixelHit 1243, 1058, 2.68103, 0
PixelHit 1243, 1059, 16.5903, 0
PixelHit 1243, 1060, 72.1847, 0
PixelHit 1243, 1061, 55.6256, 0
PixelHit 1243, 1062, 18.7797, 0
PixelHit 1243, 1063, 11.8565, 0
PixelHit 1244, 1055, 2.05883, 0
PixelHit 1244, 1056, 10.7071, 0
PixelHit 1244, 1057, 10.3622, 0
PixelHit 1244, 1058, 26.884, 0
PixelHit 1244, 1059, 31.6979, 0
PixelHit 1244, 1060, 30.1384, 0
PixelHit 1244, 1061, 9.49662, 0
PixelHit 1245, 1052, 1.47858, 0
PixelHit 1245, 1053, 0.493399, 0
PixelHit 1245, 1054, 2.39175, 0
PixelHit 1245, 1055, 26.8431, 0
PixelHit 1245, 1056, 50.0961, 0
PixelHit 1245, 1057, 48.1799, 0
PixelHit 1245, 1058, 18.8982, 0
PixelHit 1245, 1059, 13.4517, 0
PixelHit 1245, 1061, 2.79066, 0
PixelHit 1246, 1052, 5.66194, 0
PixelHit 1246, 1053, 16.2856, 0
PixelHit 1246, 1054, 42.5031, 0
PixelHit 1246, 1055, 72.4035, 0
PixelHit 1246, 1056, 41.7315, 0
PixelHit 1246, 1057, 16.1478, 0
PixelHit 1246, 1058, 4.33106, 0
PixelHit 1246, 1059, 2.57259, 0
PixelHit 1247, 1052, 25.01, 0
PixelHit 1247, 1053, 45.0374, 0
PixelHit 1247, 1054, 54.6437, 0
PixelHit 1247, 1055, 35.3926, 0
PixelHit 1247, 1056, 12.4156, 0
PixelHit 1247, 1057, 1.95719, 0
PixelHit 1248, 1049, -0.382483, 0
PixelHit 1248, 1050, 15.8704, 0
PixelHit 1248, 1051, 17.3165, 0
PixelHit 1248, 1052, 43.1094, 0
PixelHit 1248, 1053, 40.2084, 0
PixelHit 1248, 1054, 18.2471, 0
PixelHit 1248, 1055, 0.44225, 0
PixelHit 1249, 1048, 5.43618, 0
PixelHit 1249, 1049, 18.0679, 0
PixelHit 1249, 1050, 43.9591, 0
PixelHit 1249, 1051, 19.6351, 0
PixelHit 1249, 1052, 15.2462, 0
PixelHit 1250, 1046, 10.4192, 0
PixelHit 1250, 1047, 13.2637, 0
PixelHit 1250, 1048, 13.9162, 0
PixelHit 1250, 1049, 17.7546, 0
PixelHit 1250, 1050, 13.1227, 0
PixelHit 1250, 1051, 6.87858, 0
PixelHit 1251, 1042, 3.97157, 0
PixelHit 1251, 1043, 3.94783, 0
PixelHit 1251, 1044, 17.3148, 0
PixelHit 1251, 1045, 33.2631, 0
PixelHit 1251, 1046, 33.3255, 0
PixelHit 1251, 1047, 19.8626, 0
PixelHit 1251, 1048, 8.11565, 0
PixelHit 1251, 1049, 5.52659, 0
PixelHit 1252, 1042, 21.4002, 0
PixelHit 1252, 1043, 59.8775, 0
PixelHit 1252, 1044, 78.9299, 0
PixelHit 1252, 1045, 95.3095, 0
PixelHit 1252, 1046, 29.6829, 0
PixelHit 1252, 1047, 17.2661, 0
PixelHit 1253, 1040, 10.5971, 0
PixelHit 1253, 1041, 34.9486, 0
PixelHit 1253, 1042, 180.332, 0
PixelHit 1253, 1043, 262.511, 0
PixelHit 1253, 1044, 115.263, 0
PixelHit 1253, 1045, 45.2403, 0
PixelHit 1253, 1046, 5.32155, 0
PixelHit 1253, 1047, 2.7691, 0
PixelHit 1253, 1048, 1.32695, 0
PixelHit 1254, 1037, 2.31061, 0
PixelHit 1254, 1039, 10.1174, 0
PixelHit 1254, 1040, 46.8376, 0
PixelHit 1254, 1041, 76.7555, 0
PixelHit 1254, 1042, 199.547, 0
PixelHit 1254, 1043, 189.091, 0
PixelHit 1254, 1044, 26.86, 0
PixelHit 1254, 1045, 8.96306, 0
PixelHit 1255, 1037, 8.71807, 0
PixelHit 1255, 1038, 17.9564, 0
PixelHit 1255, 1039, 36.3646, 0
PixelHit 1255, 1040, 57.5962, 0
PixelHit 1255, 1041, 63.8444, 0
PixelHit 1255, 1042, 43.4973, 0
PixelHit 1255, 1043, 26.3411, 0
PixelHit 1255, 1044, 3.9568, 0
PixelHit 1256, 1035, 2.96259, 0
PixelHit 1256, 1036, 5.03541, 0
PixelHit 1256, 1037, 6.72115, 0
PixelHit 1256, 1038, 24.2639, 0
PixelHit 1256, 1039, 30.4163, 0
PixelHit 1256, 1040, 13.6058, 0
PixelHit 1256, 1041, 8.05222, 0
PixelHit 1257, 1033, 3.53144, 0
PixelHit 1257, 1034, 7.68888, 0
PixelHit 1257, 1035, 21.6517, 0
PixelHit 1257, 1036, 21.5771, 0
PixelHit 1257, 1037, 8.91531, 0
PixelHit 1257, 1038, 6.67648, 0
PixelHit 1257, 1039, 10.139, 0
PixelHit 1257, 1040, 0.280296, 0
PixelHit 1258, 1031, 6.86016, 0
PixelHit 1258, 1032, 19.7315, 0
PixelHit 1258, 1033, 25.6845, 0
PixelHit 1258, 1034, 19.4086, 0
PixelHit 1258, 1035, 22.3808, 0
PixelHit 1258, 1036, 21.6746, 0
PixelHit 1258, 1037, 4.05979, 0
PixelHit 1259, 1028, 1.41758, 0
PixelHit 1259, 1029, 3.26105, 0
PixelHit 1259, 1030, 17.6195, 0
PixelHit 1259, 1031, 50.6158, 0
PixelHit 1259, 1032, 72.2056, 0
PixelHit 1259, 1033, 53.8279, 0
PixelHit 1259, 1034, 14.3529, 0
PixelHit 1259, 1035, 6.31356, 0
PixelHit 1259, 1036, 3.97583, 0
PixelHit 1260, 1028, 3.25967, 0
PixelHit 1260, 1029, 19.185, 0
PixelHit 1260, 1030, 43.8253, 0
PixelHit 1260, 1031, 65.5499, 0
PixelHit 1260, 1032, 68.0352, 0
PixelHit 1260, 1033, 24.8116, 0
PixelHit 1260, 1034, 3.27084, 0
PixelHit 1261, 1026, 7.2393, 0
PixelHit 1261, 1027, 27.5987, 0
PixelHit 1261, 1028, 31.4515, 0
PixelHit 1261, 1029, 55.3532, 0
PixelHit 1261, 1030, 53.0288, 0
PixelHit 1261, 1031, 36.1004, 0
PixelHit 1261, 1032, 19.8059, 0
PixelHit 1261, 1033, 5.93501, 0
PixelHit 1261, 1034, 1.78587, 0
PixelHit 1262, 1023, 3.5421, 0
PixelHit 1262, 1025, 15.9612, 0
PixelHit 1262, 1026, 19.0456, 0
PixelHit 1262, 1027, 47.8316, 0
PixelHit 1262, 1028, 55.6745, 0
PixelHit 1262, 1029, 25.7092, 0
PixelHit 1262, 1030, 21.7255, 0
PixelHit 1262, 1031, 1.20343, 0
PixelHit 1262, 1032, 2.59048, 0
PixelHit 1263, 1022, 3.04174, 0
PixelHit 1263, 1023, 20.1673, 0
PixelHit 1263, 1024, 73.5337, 0
PixelHit 1263, 1025, 81.25, 0
PixelHit 1263, 1026, 45.3524, 0
PixelHit 1263, 1027, 45.8354, 0
PixelHit 1263, 1028, 35.3427, 0
PixelHit 1263, 1029, 9.3835, 0
PixelHit 1264, 1020, 6.69289, 0
PixelHit 1264, 1021, 6.01294, 0
PixelHit 1264, 1022, 36.4883, 0
PixelHit 1264, 1023, 110.788, 0
PixelHit 1264, 1024, 152.914, 0
PixelHit 1264, 1025, 99.8552, 0
PixelHit 1264, 1026, 18.8784, 0
PixelHit 1264, 1027, 3.02005, 0
PixelHit 1264, 1028, 3.10566, 0
PixelHit 1265, 1019, 7.85004, 0
PixelHit 1265, 1020, 27.8127, 0
PixelHit 1265, 1021, 37.6534, 0
PixelHit 1265, 1022, 66.9008, 0
PixelHit 1265, 1023, 95.2941, 0
PixelHit 1265, 1024, 91.6577, 0
PixelHit 1265, 1025, 44.2649, 0
PixelHit 1265, 1026, 8.28865, 0
PixelHit 1266, 1017, 4.94932, 0
PixelHit 1266, 1018, 24.1045, 0
PixelHit 1266, 1019, 33.503, 0
PixelHit 1266, 1020, 68.2149, 0
PixelHit 1266, 1021, 80.5978, 0
PixelHit 1266, 1022, 39.83, 0
PixelHit 1266, 1023, 25.9592, 0
PixelHit 1266, 1024, 10.8738, 0
PixelHit 1266, 1025, 3.28976, 0
PixelHit 1267, 1014, 2.57322, 0
PixelHit 1267, 1015, 2.90714, 0
PixelHit 1267, 1016, 12.5189, 0
PixelHit 1267, 1017, 48.9718, 0
PixelHit 1267, 1018, 70.0707, 0
PixelHit 1267, 1019, 71.0812, 0
PixelHit 1267, 1020, 63.7826, 0
PixelHit 1267, 1021, 37.7691, 0
PixelHit 1267, 1022, 10.357, 0
PixelHit 1267, 1023, 3.611, 0
PixelHit 1267, 1024, 0.703756, 0
PixelHit 1268, 1012, 1.82504, 0
PixelHit 1268, 1013, 6.0458, 0
PixelHit 1268, 1014, 15.551, 0
PixelHit 1268, 1015, 12.5582, 0
PixelHit 1268, 1016, 45.0846, 0
PixelHit 1268, 1017, 124.424, 0
PixelHit 1268, 1018, 89.1184, 0
PixelHit 1268, 1019, 37.5888, 0
PixelHit 1268, 1020, 17.579, 0
PixelHit 1268, 1021, 3.03108, 0
PixelHit 1269, 1011, 4.4875, 0
PixelHit 1269, 1012, 27.5948, 0
PixelHit 1269, 1013, 100.312, 0
PixelHit 1269, 1014, 110.72, 0
PixelHit 1269, 1015, 42.8292, 0
PixelHit 1269, 1016, 37.4508, 0
PixelHit 1269, 1017, 45.0734, 0
PixelHit 1269, 1018, 35.1194, 0
PixelHit 1269, 1019, 7.68659, 0
PixelHit 1269, 1020, 1.09794, 0
PixelHit 1270, 1010, 6.52865, 0
PixelHit 1270, 1011, 32.7824, 0
PixelHit 1270, 1012, 112.394, 0
PixelHit 1270, 1013, 261.474, 0
PixelHit 1270, 1014, 263.308, 0
PixelHit 1270, 1015, 67.9249, 0
PixelHit 1270, 1016, 18.0452, 0
PixelHit 1270, 1017, 7.7595, 0
PixelHit 1270, 1019, 2.0533, 0
PixelHit 1271, 1007, 1.78664, 0
PixelHit 1271, 1008, 3.19704, 0
PixelHit 1271, 1009, 9.41984, 0
PixelHit 1271, 1010, 35.3183, 0
PixelHit 1271, 1011, 98.213, 0
PixelHit 1271, 1012, 156.155, 0
PixelHit 1271, 1013, 191.92, 0
PixelHit 1271, 1014, 114.068, 0
PixelHit 1271, 1015, 41.4629, 0
PixelHit 1271, 1016, 1.30951, 0
PixelHit 1272, 1005, 1.14395, 0
PixelHit 1272, 1007, 5.10897, 0
PixelHit 1272, 1008, 23.4606, 0
PixelHit 1272, 1009, 51.5912, 0
PixelHit 1272, 1010, 81.4076, 0
PixelHit 1272, 1011, 66.3904, 0
PixelHit 1272, 1012, 79.2224, 0
PixelHit 1272, 1013, 45.8661, 0
PixelHit 1272, 1014, 22.4603, 0
PixelHit 1272, 1015, 3.73378, 0
PixelHit 1273, 1005, 9.9135, 0
PixelHit 1273, 1006, 9.22925, 0
PixelHit 1273, 1007, 33.2489, 0
PixelHit 1273, 1008, 44.0254, 0
PixelHit 1273, 1009, 79.1156, 0
PixelHit 1273, 1010, 67.7022, 0
PixelHit 1273, 1011, 27.2572, 0
PixelHit 1273, 1012, 10.8745, 0
PixelHit 1273, 1013, 4.46968, 0
PixelHit 1274, 1003, 5.48054, 0
PixelHit 1274, 1004, 3.86323, 0
PixelHit 1274, 1005, 21.0831, 0
PixelHit 1274, 1006, 47.7655, 0
PixelHit 1274, 1007, 41.0651, 0
PixelHit 1274, 1008, 28.6022, 0
PixelHit 1274, 1009, 24.9983, 0
PixelHit 1274, 1010, 10.9738, 0
PixelHit 1274, 1011, 2.58858, 0
PixelHit 1274, 1012, 2.05279, 0
PixelHit 1275, 1001, 5.88, 0
PixelHit 1275, 1002, 3.93279, 0
PixelHit 1275, 1003, 26.3354, 0
PixelHit 1275, 1004, 39.6628, 0
PixelHit 1275, 1005, 39.4383, 0
PixelHit 1275, 1006, 35.6403, 0
PixelHit 1275, 1007, 18.8359, 0
PixelHit 1275, 1008, 9.78589, 0
PixelHit 1275, 1009, 2.75066, 0
PixelHit 1276, 999, 2.2308, 0
PixelHit 1276, 1000, 12.4533, 0
PixelHit 1276, 1001, 28.0152, 0
PixelHit 1276, 1002, 23.2301, 0
PixelHit 1276, 1003, 36.3043, 0
PixelHit 1276, 1004, 33.3745, 0
PixelHit 1276, 1005, 23.0558, 0
PixelHit 1276, 1006, 11.7061, 0
PixelHit 1276, 1007, 2.08848, 0
PixelHit 1276, 1008, 2.14463, 0
PixelHit 1277, 998, 1.10759, 0
PixelHit 1277, 999, 17.1642, 0
PixelHit 1277, 1000, 70.4667, 0
PixelHit 1277, 1001, 87.9188, 0
PixelHit 1277, 1002, 53.241, 0
PixelHit 1277, 1003, 36.8225, 0
PixelHit 1277, 1004, 17.7961, 0
PixelHit 1277, 1005, 6.385, 0
PixelHit 1277, 1006, 2.78334, 0
PixelHit 1278, 997, 9.27002, 0
PixelHit 1278, 998, 15.4412, 0
PixelHit 1278, 999, 30.9532, 0
PixelHit 1278, 1000, 56.6657, 0
PixelHit 1278, 1001, 72.2346, 0
PixelHit 1278, 1002, 35.9762, 0
PixelHit 1278, 1003, 12.427, 0
PixelHit 1278, 1004, 2.58472, 0
PixelHit 1278, 1005, 0.835033, 0
PixelHit 1279, 994, 1.58046, 0
PixelHit 1279, 995, 7.10925, 0
PixelHit 1279, 996, 12.8715, 0
PixelHit 1279, 997, 21.8388, 0
PixelHit 1279, 998, 22.8035, 0
PixelHit 1279, 999, 24.3268, 0
PixelHit 1279, 1000, 34.4056, 0
PixelHit 1279, 1001, 19.9532, 0
PixelHit 1279, 1002, 7.09853, 0
PixelHit 1279, 1003, 1.62076, 0
PixelHit 1280, 992, 3.91755, 0
PixelHit 1280, 993, 3.00025, 0
PixelHit 1280, 994, 9.65371, 0
PixelHit 1280, 995, 17.8054, 0
PixelHit 1280, 996, 21.4144, 0
PixelHit 1280, 997, 24.0848, 0
PixelHit 1280, 998, 21.5652, 0
PixelHit 1280, 999, 11.3337, 0
PixelHit 1280, 1000, 3.44872, 0
PixelHit 1280, 1001, 1.61798, 0
PixelHit 1281, 990, 2.99304, 0
PixelHit 1281, 991, 12.3696, 0
PixelHit 1281, 992, 22.4924, 0
PixelHit 1281, 993, 43.4266, 0
PixelHit 1281, 994, 51.8192, 0
PixelHit 1281, 995, 16.107, 0
PixelHit 1281, 996, 17.1429, 0
PixelHit 1281, 997, 6.95516, 0
PixelHit 1281, 998, 7.94319, 0
PixelHit 1281, 999, 2.90284, 0
PixelHit 1282, 988, 1.80841, 0
PixelHit 1282, 989, 10.6115, 0
PixelHit 1282, 990, 31.0311, 0
PixelHit 1282, 991, 51.4462, 0
PixelHit 1282, 992, 70.7649, 0
PixelHit 1282, 993, 41.5473, 0
PixelHit 1282, 994, 43.4933, 0
PixelHit 1282, 995, 12.6141, 0
PixelHit 1282, 996, 9.03376, 0
PixelHit 1282, 999, 2.76769, 0
PixelHit 1283, 986, 1.88339, 0
PixelHit 1283, 987, 7.84205, 0
PixelHit 1283, 988, 16.0583, 0
PixelHit 1283, 989, 26.5979, 0
PixelHit 1283, 990, 76.1245, 0
PixelHit 1283, 991, 86.3017, 0
PixelHit 1283, 992, 90.8408, 0
PixelHit 1283, 993, 56.5059, 0
PixelHit 1283, 994, 11.9719, 0
PixelHit 1283, 995, 2.33387, 0
PixelHit 1283, 996, 3.54629, 0
PixelHit 1284, 985, 2.04113, 0
PixelHit 1284, 986, 18.6282, 0
PixelHit 1284, 987, 33.5138, 0
PixelHit 1284, 988, 72.8693, 0
PixelHit 1284, 989, 87.9609, 0
PixelHit 1284, 990, 63.0616, 0
PixelHit 1284, 991, 54.7527, 0
PixelHit 1284, 992, 33.7426, 0
PixelHit 1284, 993, 9.94843, 0
PixelHit 1284, 994, 1.75875, 0
PixelHit 1284, 995, 2.69757, 0
PixelHit 1285, 983, 3.39334, 0
PixelHit 1285, 984, 12.2827, 0
PixelHit 1285, 985, 41.8973, 0
PixelHit 1285, 986, 48.0998, 0
PixelHit 1285, 987, 83.4057, 0
PixelHit 1285, 988, 92.6255, 0
PixelHit 1285, 989, 55.8091, 0
PixelHit 1285, 990, 37.0182, 0
PixelHit 1285, 991, 12.8339, 0
PixelHit 1285, 992, 5.45854, 0
PixelHit 1285, 993, 2.3149, 0
PixelHit 1286, 982, 5.61779, 0
PixelHit 1286, 983, 10.507, 0
PixelHit 1286, 984, 38.683, 0
PixelHit 1286, 985, 83.0495, 0
PixelHit 1286, 986, 75.674, 0
PixelHit 1286, 987, 63.559, 0
PixelHit 1286, 988, 62.3055, 0
PixelHit 1286, 989, 26.1307, 0
PixelHit 1286, 990, 5.66975, 0
PixelHit 1286, 991, 0.625467, 0
PixelHit 1287, 981, 8.64247, 0
PixelHit 1287, 982, 12.7574, 0
PixelHit 1287, 983, 35.7829, 0
PixelHit 1287, 984, 61.8561, 0
PixelHit 1287, 985, 77.0524, 0
PixelHit 1287, 986, 65.3971, 0
PixelHit 1287, 987, 22.1222, 0
PixelHit 1287, 988, 10.7023, 0
PixelHit 1287, 989, 6.97311, 0
PixelHit 1287, 990, 0.161698, 0
PixelHit 1288, 979, 4.21546, 0
PixelHit 1288, 980, 4.93836, 0
PixelHit 1288, 981, 14.83, 0
PixelHit 1288, 982, 26.0845, 0
PixelHit 1288, 983, 45.4524, 0
PixelHit 1288, 984, 43.9616, 0
PixelHit 1288, 985, 24.8683, 0
PixelHit 1288, 986, 22.3406, 0
PixelHit 1288, 987, 6.17673, 0
PixelHit 1289, 976, 1.38919, 0
PixelHit 1289, 977, 7.67167, 0
PixelHit 1289, 978, 11.9637, 0
PixelHit 1289, 979, 10.6743, 0
PixelHit 1289, 980, 28.3472, 0
PixelHit 1289, 981, 23.9491, 0
PixelHit 1289, 982, 22.2051, 0
PixelHit 1289, 983, 19.4783, 0
PixelHit 1289, 984, 10.1645, 0
PixelHit 1289, 985, 2.46087, 0
PixelHit 1289, 986, 4.18674, 0
PixelHit 1289, 987, 1.38803, 0
PixelHit 1290, 975, 5.63935, 0
PixelHit 1290, 976, 12.4059, 0
PixelHit 1290, 977, 13.4472, 0
PixelHit 1290, 978, 26.4839, 0
PixelHit 1290, 979, 32.0323, 0
PixelHit 1290, 980, 23.4503, 0
PixelHit 1290, 981, 18.7731, 0
PixelHit 1290, 982, 10.6595, 0
PixelHit 1290, 983, 3.80121, 0
PixelHit 1290, 984, 0.844877, 0
PixelHit 1291, 973, 6.6431, 0
PixelHit 1291, 974, 22.2333, 0
PixelHit 1291, 975, 43.4446, 0
PixelHit 1291, 976, 46.0053, 0
PixelHit 1291, 977, 44.6905, 0
PixelHit 1291, 978, 40.8947, 0
PixelHit 1291, 979, 14.2696, 0
PixelHit 1291, 980, 10.0894, 0
PixelHit 1291, 981, 4.71705, 0
PixelHit 1292, 970, 3.12642, 0
PixelHit 1292, 971, 2.20544, 0
PixelHit 1292, 972, 14.9297, 0
PixelHit 1292, 973, 51.0778, 0
PixelHit 1292, 974, 104.291, 0
PixelHit 1292, 975, 117.549, 0
PixelHit 1292, 976, 78.39, 0
PixelHit 1292, 977, 51.243, 0
PixelHit 1292, 978, 19.1878, 0
PixelHit 1292, 979, 5.24611, 0
PixelHit 1293, 969, 4.26775, 0
PixelHit 1293, 970, 11.6019, 0
PixelHit 1293, 971, 21.6899, 0
PixelHit 1293, 972, 32.8885, 0
PixelHit 1293, 973, 75.5529, 0
PixelHit 1293, 974, 164.379, 0
PixelHit 1293, 975, 140.614, 0
PixelHit 1293, 976, 70.8873, 0
PixelHit 1293, 977, 16.8455, 0
PixelHit 1293, 978, 2.01862, 0
PixelHit 1294, 967, 2.08682, 0
PixelHit 1294, 968, 7.9308, 0
PixelHit 1294, 969, 25.0245, 0
PixelHit 1294, 970, 58.8762, 0
PixelHit 1294, 971, 95.4973, 0
PixelHit 1294, 972, 57.8042, 0
PixelHit 1294, 973, 36.9226, 0
PixelHit 1294, 974, 91.7239, 0
PixelHit 1294, 975, 36.0776, 0
PixelHit 1294, 976, 19.6095, 0
PixelHit 1294, 978, 3.11943, 0
PixelHit 1295, 966, 10.9717, 0
PixelHit 1295, 967, 23.3123, 0
PixelHit 1295, 968, 38.1113, 0
PixelHit 1295, 969, 70.8995, 0
PixelHit 1295, 970, 136.795, 0
PixelHit 1295, 971, 123.318, 0
PixelHit 1295, 972, 61.613, 0
PixelHit 1295, 973, 20.5915, 0
PixelHit 1295, 974, 14.0383, 0
PixelHit 1295, 975, 6.34806, 0
PixelHit 1295, 976, 1.89069, 0
PixelHit 1295, 978, 1.28466, 0
PixelHit 1296, 965, 14.8837, 0
PixelHit 1296, 966, 39.8049, 0
PixelHit 1296, 967, 64.9202, 0
PixelHit 1296, 968, 83.0498, 0
PixelHit 1296, 969, 93.8744, 0
PixelHit 1296, 970, 67.4751, 0
PixelHit 1296, 971, 66.9736, 0
PixelHit 1296, 972, 34.2702, 0
PixelHit 1296, 973, 8.21809, 0
PixelHit 1296, 974, 1.86818, 0
PixelHit 1296, 975, 3.2094, 0
PixelHit 1297, 962, 5.43759, 0
PixelHit 1297, 963, 6.06402, 0
PixelHit 1297, 964, 21.6482, 0
PixelHit 1297, 965, 36.2291, 0
PixelHit 1297, 966, 61.9774, 0
PixelHit 1297, 967, 74.1981, 0
PixelHit 1297, 968, 79.3541, 0
PixelHit 1297, 969, 56.1045, 0
PixelHit 1297, 970, 37.6403, 0
PixelHit 1297, 971, 6.27234, 0
PixelHit 1297, 972, 4.14905, 0
PixelHit 1298, 962, 16.9703, 0
PixelHit 1298, 963, 40.3579, 0
PixelHit 1298, 964, 39.3257, 0
PixelHit 1298, 965, 53.8099, 0
PixelHit 1298, 966, 67.2869, 0
PixelHit 1298, 967, 46.8808, 0
PixelHit 1298, 968, 31.1887, 0
PixelHit 1298, 969, 18.2324, 0
PixelHit 1298, 970, 6.06221, 0
PixelHit 1299, 959, 2.17666, 0
PixelHit 1299, 960, 8.41365, 0
PixelHit 1299, 961, 12.584, 0
PixelHit 1299, 962, 57.752, 0
PixelHit 1299, 963, 79.4596, 0
PixelHit 1299, 964, 68.745, 0
PixelHit 1299, 965, 41.0371, 0
PixelHit 1299, 966, 26.5146, 0
PixelHit 1299, 967, 11.7125, 0
PixelHit 1299, 968, 11.5898, 0
PixelHit 1299, 969, 1.08669, 0
PixelHit 1299, 971, 2.07651, 0
PixelHit 1300, 959, 1.26487, 0
PixelHit 1300, 960, 6.51875, 0
PixelHit 1300, 961, 29.8787, 0
PixelHit 1300, 962, 50.1071, 0
PixelHit 1300, 963, 70.6114, 0
PixelHit 1300, 964, 38.0685, 0
PixelHit 1300, 965, 13.4374, 0
PixelHit 1300, 966, 5.07989, 0
PixelHit 1301, 959, 1.42742, 0
PixelHit 1301, 960, 5.36137, 0
PixelHit 1301, 961, 15.1694, 0
PixelHit 1301, 962, 26.394, 0
PixelHit 1301, 963, 23.8346, 0
PixelHit 1301, 964, 16.4634, 0
PixelHit 1301, 965, 4.41927, 0
PixelHit 1301, 966, 2.07753, 0
PixelHit 1302, 960, 1.56731, 0
PixelHit 1302, 961, 2.92807, 0
PixelHit 1302, 962, 5.94832, 0
PixelHit 1302, 963, 4.89784, 0
PixelHit 1302, 965, 1.37805, 0
PixelHit 1303, 962, 1.40969, 0
=== 59 ===
=== 60 ===
=== 61 ===
=== 62 ===
=== 63 ===
=== 64 ===
=== 65 ===
=== 66 ===
=== 67 ===
=== 68 ===
=== 69 ===
=== 70 ===
=== 71 ===
=== 72 ===
=== 73 ===
=== 74 ===
=== 75 ===
=== 76 ===
=== 77 ===
=== 78 ===
=== 79 ===
=== 80 ===
=== 81 ===
=== 82 ===
=== 83 ===
=== 84 ===
=== 85 ===
=== 86 ===
=== 87 ===
=== 88 ===
=== 89 ===
=== 90 ===
=== 91 ===
=== 92 ===
=== 93 ===
=== 94 ===
=== 95 ===
=== 96 ===
=== 97 ===
=== 98 ===
=== 99 ===
=== 100 ===
# 702 objects from 1 messages
