# Allpix Squared ASCII data - https://cern.ch/allpix-squared

=== 1 ===
=== 2 ===
=== 3 ===
=== 4 ===
=== 5 ===
=== 6 ===
=== 7 ===
=== 8 ===
=== 9 ===
=== 10 ===
=== 11 ===
=== 12 ===
=== 13 ===
=== 14 ===
=== 15 ===
=== 16 ===
=== 17 ===
=== 18 ===
=== 19 ===
--- mydetector ---
PixelHit 1272, 976, 1.23446, 0
PixelHit 1272, 977, 57.7094, 0
PixelHit 1273, 976, 23.2584, 0
PixelHit 1273, 977, 158.153, 0
PixelHit 1274, 976, 8.62836, 0
PixelHit 1274, 977, 43.7356, 0
PixelHit 1275, 975, 4.93294, 0
PixelHit 1275, 976, 128.705, 0
PixelHit 1275, 977, 76.4445, 0
PixelHit 1275, 978, 1.51087, 0
PixelHit 1276, 975, 12.3188, 0
PixelHit 1276, 976, 197.55, 0
PixelHit 1276, 977, 94.4168, 0
PixelHit 1277, 974, 2.65911, 0
PixelHit 1277, 975, 20.6449, 0
PixelHit 1277, 976, 70.8852, 0
PixelHit 1277, 977, 18.6171, 0
PixelHit 1278, 974, 0.658549, 0
PixelHit 1278, 975, 230.991, 0
PixelHit 1278, 976, 153.046, 0
PixelHit 1278, 977, 18.2233, 0
PixelHit 1279, 974, 1.90456, 0
PixelHit 1279, 975, 204.554, 0
PixelHit 1279, 976, 57.9549, 0
PixelHit 1279, 977, 2.16798, 0
PixelHit 1280, 974, 4.66885, 0
PixelHit 1280, 975, 132.425, 0
PixelHit 1280, 976, 10.9629, 0
PixelHit 1281, 974, 5.31476, 0
PixelHit 1281, 975, 23.1012, 0
PixelHit 1281, 976, 4.68387, 0
PixelHit 1282, 974, 25.0361, 0
PixelHit 1282, 975, 52.249, 0
PixelHit 1282, 976, 10.2857, 0
PixelHit 1282, 978, 0.149012, 0
PixelHit 1283, 973, 5.29689, 0
PixelHit 1283, 974, 103.804, 0
PixelHit 1283, 975, 93.5725, 0
PixelHit 1283, 976, 23.2453, 0
PixelHit 1283, 977, 1.65696, 0
PixelHit 1284, 974, 32.6453, 0
PixelHit 1284, 975, 53.5212, 0
PixelHit 1284, 976, 10.5708, 0
PixelHit 1285, 973, 7.04624, 0
PixelHit 1285, 974, 25.2061, 0
PixelHit 1285, 975, 24.9194, 0
PixelHit 1285, 976, 6.92449, 0
PixelHit 1286, 973, 6.95042, 0
PixelHit 1286, 974, 21.2222, 0
PixelHit 1286, 975, 29.4078, 0
PixelHit 1286, 976, 4.80006, 0
PixelHit 1287, 972, 0.169052, 0
PixelHit 1287, 973, 11.1623, 0
PixelHit 1287, 974, 48.8804, 0
PixelHit 1287, 975, 29.4095, 0
PixelHit 1287, 976, 4.34385, 0
PixelHit 1288, 972, 7.33689, 0
PixelHit 1288, 973, 27.2629, 0
PixelHit 1288, 974, 47.1217, 0
PixelHit 1288, 975, 18.9117, 0
PixelHit 1289, 972, 10.4037, 0
PixelHit 1289, 973, 34.3066, 0
PixelHit 1289, 974, 39.2231, 0
PixelHit 1289, 975, 11.8795, 0
PixelHit 1289, 976, 6.74771, 0
PixelHit 1290, 971, 2.04523, 0
PixelHit 1290, 972, 23.2043, 0
PixelHit 1290, 973, 75.4786, 0
PixelHit 1290, 974, 41.6746, 0
PixelHit 1290, 975, 13.0146, 0
PixelHit 1291, 971, 10.1872, 0
PixelHit 1291, 972, 134.355, 0
PixelHit 1291, 973, 280.274, 0
PixelHit 1291, 974, 100.929, 0
PixelHit 1291, 975, 23.6763, 0
PixelHit 1291, 976, 2.3514, 0
PixelHit 1292, 971, 15.6266, 0
PixelHit 1292, 972, 172.072, 0
PixelHit 1292, 973, 370.671, 0
PixelHit 1292, 974, 170.064, 0
PixelHit 1292, 975, 13.2259, 0
PixelHit 1292, 976, 2.16613, 0
PixelHit 1293, 971, 11.9479, 0
PixelHit 1293, 972, 83.9438, 0
PixelHit 1293, 973, 184.272, 0
PixelHit 1293, 974, 80.5364, 0
PixelHit 1293, 975, 10.5973, 0
PixelHit 1294, 970, 2.04669, 0
PixelHit 1294, 971, 11.2849, 0
PixelHit 1294, 972, 53.5878, 0
PixelHit 1294, 973, 84.0841, 0
PixelHit 1294, 974, 51.4388, 0
PixelHit 1294, 975, 11.3217, 0
PixelHit 1295, 971, 8.08151, 0
PixelHit 1295, 972, 35.3652, 0
PixelHit 1295, 973, 45.7648, 0
PixelHit 1295, 974, 29.1479, 0
PixelHit 1295, 975, 6.59988, 0
PixelHit 1296, 970, 2.52084, 0
PixelHit 1296, 971, 23.0213, 0
PixelHit 1296, 972, 46.2575, 0
PixelHit 1296, 973, 33.9499, 0
PixelHit 1296, 974, 17.4088, 0
PixelHit 1296, 975, 2.43029, 0
PixelHit 1297, 970, 6.29769, 0
PixelHit 1297, 971, 34.4172, 0
PixelHit 1297, 972, 48.0888, 0
PixelHit 1297, 973, 35.3709, 0
PixelHit 1297, 974, 8.61132, 0
PixelHit 1297, 975, 4.13319, 0
PixelHit 1297, 976, 2.40298, 0
PixelHit 1298, 970, 9.01275, 0
PixelHit 1298, 971, 28.845, 0
PixelHit 1298, 972, 34.763, 0
PixelHit 1298, 973, 26.4923, 0
PixelHit 1298, 974, 4.58488, 0
PixelHit 1298, 975, 1.99527, 0
PixelHit 1299, 969, 1.70186, 0
PixelHit 1299, 970, 4.86235, 0
PixelHit 1299, 971, 43.4472, 0
PixelHit 1299, 972, 44.471, 0
PixelHit 1299, 973, 23.2767, 0
PixelHit 1299, 974, 6.00273, 0
PixelHit 1300, 970, 14.7382, 0
PixelHit 1300, 971, 35.2745, 0
PixelHit 1300, 972, 34.9541, 0
PixelHit 1300, 973, 18.7747, 0
PixelHit 1300, 974, 7.18787, 0
PixelHit 1301, 969, 1.17291, 0
PixelHit 1301, 970, 16.5485, 0
PixelHit 1301, 971, 31.8217, 0
PixelHit 1301, 972, 30.8006, 0
PixelHit 1301, 973, 12.1851, 0
PixelHit 1302, 968, 1.45322, 0
PixelHit 1302, 969, 6.26925, 0
PixelHit 1302, 970, 19.5928, 0
PixelHit 1302, 971, 27.9722, 0
PixelHit 1302, 972, 22.6334, 0
PixelHit 1302, 973, 21.2098, 0
PixelHit 1302, 974, 2.65536, 0
PixelHit 1303, 969, 8.82893, 0
PixelHit 1303, 970, 11.555, 0
PixelHit 1303, 971, 30.0224, 0
PixelHit 1303, 972, 21.9499, 0
PixelHit 1303, 973, 15.311, 0
PixelHit 1303, 974, 1.8921, 0
PixelHit 1304, 968, 2.58995, 0
PixelHit 1304, 969, 8.15281, 0
PixelHit 1304, 970, 27.6503, 0
PixelHit 1304, 971, 33.8479, 0
PixelHit 1304, 972, 37.3241, 0
PixelHit 1304, 973, 15.6519, 0
PixelHit 1304, 974, 2.36383, 0
PixelHit 1305, 968, 5.12466, 0
PixelHit 1305, 969, 19.3659, 0
PixelHit 1305, 970, 45.2962, 0
PixelHit 1305, 971, 63.5241, 0
PixelHit 1305, 972, 29.3228, 0
PixelHit 1305, 973, 11.9783, 0
PixelHit 1305, 974, 2.1017, 0
PixelHit 1306, 967, 2.10071, 0
PixelHit 1306, 968, 4.62137, 0
PixelHit 1306, 969, 38.9259, 0
PixelHit 1306, 970, 79.6483, 0
PixelHit 1306, 971, 110.066, 0
PixelHit 1306, 972, 57.1345, 0
PixelHit 1306, 973, 18.2334, 0
PixelHit 1306, 974, 3.35667, 0
PixelHit 1307, 968, 10.57, 0
PixelHit 1307, 969, 51.6611, 0
PixelHit 1307, 970, 115.619, 0
PixelHit 1307, 971, 134.296, 0
PixelHit 1307, 972, 88.6119, 0
PixelHit 1307, 973, 11.5816, 0
PixelHit 1307, 974, 4.68859, 0
PixelHit 1307, 975, 1.37646, 0
PixelHit 1308, 968, 12.7043, 0
PixelHit 1308, 969, 53.4234, 0
PixelHit 1308, 970, 113.987, 0
PixelHit 1308, 971, 96.1211, 0
PixelHit 1308, 972, 66.4984, 0
PixelHit 1308, 973, 16.3893, 0
PixelHit 1308, 974, 2.33832, 0
PixelHit 1309, 968, 19.0878, 0
PixelHit 1309, 969, 58.0143, 0
PixelHit 1309, 970, 69.6174, 0
PixelHit 1309, 971, 64.3445, 0
PixelHit 1309, 972, 27.4744, 0
PixelHit 1309, 973, 7.56141, 0
PixelHit 1309, 974, 2.41545, 0
PixelHit 1310, 966, 2.23831, 0
PixelHit 1310, 968, 11.2618, 0
PixelHit 1310, 969, 22.3181, 0
PixelHit 1310, 970, 39.0923, 0
PixelHit 1310, 971, 32.1277, 0
PixelHit 1310, 972, 6.30376, 0
PixelHit 1310, 973, 6.81286, 0
PixelHit 1311, 966, 2.58497, 0
PixelHit 1311, 968, 6.5216, 0
PixelHit 1311, 969, 11.9178, 0
PixelHit 1311, 970, 21.0031, 0
PixelHit 1311, 971, 12.2857, 0
PixelHit 1311, 972, 3.6077, 0
PixelHit 1312, 968, 5.55127, 0
PixelHit 1312, 969, 18.711, 0
PixelHit 1312, 970, 18.7769, 0
PixelHit 1312, 971, 11.9805, 0
PixelHit 1313, 966, 2.02304, 0
PixelHit 1313, 967, 2.61673, 0
PixelHit 1313, 968, 11.1248, 0
PixelHit 1313, 969, 18.8014, 0
PixelHit 1313, 970, 8.93263, 0
PixelHit 1313, 971, 1.81208, 0
PixelHit 1314, 967, 4.9381, 0
PixelHit 1314, 968, 5.97588, 0
PixelHit 1314, 969, 10.6737, 0
PixelHit 1314, 970, 10.9709, 0
PixelHit 1314, 971, 6.20445, 0
PixelHit 1315, 968, 3.52029, 0
PixelHit 1315, 969, 5.40765, 0
PixelHit 1315, 970, 2.31402, 0
PixelHit 1315, 971, 3.64003, 0
PixelHit 1316, 968, 0.21271, 0
PixelHit 1316, 969, 2.81608, 0
=== 20 ===
=== 21 ===
=== 22 ===
=== 23 ===
=== 24 ===
=== 25 ===
=== 26 ===
=== 27 ===
--- mydetector ---
PixelHit 1278, 976, 16.7205, 0
PixelHit 1278, 977, 1.95294, 0
PixelHit 1279, 975, 3.23545, 0
PixelHit 1279, 976, 34.5604, 0
PixelHit 1279, 977, 2.87088, 0
PixelHit 1280, 975, 4.58512, 0
PixelHit 1280, 976, 14.516, 0
PixelHit 1281, 976, 4.74347, 0
PixelHit 1282, 975, 32.2773, 0
PixelHit 1282, 976, 20.6615, 0
PixelHit 1283, 974, 8.03413, 0
PixelHit 1283, 975, 38.8878, 0
PixelHit 1283, 976, 22.4924, 0
PixelHit 1284, 974, 11.0923, 0
PixelHit 1284, 975, 22.2754, 0
PixelHit 1284, 976, 4.12316, 0
PixelHit 1285, 973, 1.20768, 0
PixelHit 1285, 974, 9.33488, 0
PixelHit 1285, 975, 32.9425, 0
PixelHit 1285, 976, 3.99057, 0
PixelHit 1285, 977, 0.841485, 0
PixelHit 1285, 978, 64.1334, 0
PixelHit 1285, 979, 2.83438, 0
PixelHit 1286, 974, 18.8954, 0
PixelHit 1286, 975, 27.6656, 0
PixelHit 1286, 976, 3.20358, 0
PixelHit 1286, 977, 10.559, 0
PixelHit 1286, 978, 121.864, 0
PixelHit 1286, 979, 3.22491, 0
PixelHit 1287, 974, 24.4562, 0
PixelHit 1287, 975, 33.136, 0
PixelHit 1287, 976, 4.03638, 0
PixelHit 1287, 977, 14.1156, 0
PixelHit 1287, 978, 60.063, 0
PixelHit 1287, 979, 2.28056, 0
PixelHit 1288, 973, 2.37831, 0
PixelHit 1288, 974, 11.5696, 0
PixelHit 1288, 975, 9.5671, 0
PixelHit 1288, 977, 14.6484, 0
PixelHit 1288, 978, 30.5902, 0
PixelHit 1289, 973, 2.84704, 0
PixelHit 1289, 974, 8.32862, 0
PixelHit 1289, 975, 5.75104, 0
PixelHit 1289, 976, 2.21752, 0
PixelHit 1289, 977, 31.5648, 0
PixelHit 1289, 978, 16.0463, 0
PixelHit 1289, 979, 2.87874, 0
PixelHit 1290, 972, 2.23741, 0
PixelHit 1290, 973, 8.22209, 0
PixelHit 1290, 974, 34.8794, 0
PixelHit 1290, 975, 5.89189, 0
PixelHit 1290, 976, 3.73674, 0
PixelHit 1290, 977, 54.7617, 0
PixelHit 1290, 978, 28.1718, 0
PixelHit 1290, 979, 3.25505, 0
PixelHit 1291, 972, 4.28886, 0
PixelHit 1291, 973, 25.7621, 0
PixelHit 1291, 974, 42.0026, 0
PixelHit 1291, 975, 12.2297, 0
PixelHit 1291, 976, 13.1715, 0
PixelHit 1291, 977, 46.0087, 0
PixelHit 1291, 978, 19.7208, 0
PixelHit 1292, 973, 53.2899, 0
PixelHit 1292, 974, 36.7918, 0
PixelHit 1292, 975, 14.0151, 0
PixelHit 1292, 976, 9.8626, 0
PixelHit 1292, 977, 20.8029, 0
PixelHit 1292, 978, 3.28685, 0
PixelHit 1293, 971, 3.78884, 0
PixelHit 1293, 972, 5.55034, 0
PixelHit 1293, 973, 32.7368, 0
PixelHit 1293, 974, 35.8512, 0
PixelHit 1293, 975, 3.28038, 0
PixelHit 1293, 976, 23.0175, 0
PixelHit 1293, 977, 48.7179, 0
PixelHit 1293, 978, 5.91338, 0
PixelHit 1293, 979, 1.19935, 0
PixelHit 1294, 972, 21.7631, 0
PixelHit 1294, 973, 48.0855, 0
PixelHit 1294, 974, 27.2463, 0
PixelHit 1294, 975, 9.29752, 0
PixelHit 1294, 976, 50.4504, 0
PixelHit 1294, 977, 54.0293, 0
PixelHit 1294, 978, 11.7722, 0
PixelHit 1295, 970, 1.82338, 0
PixelHit 1295, 971, 9.96702, 0
PixelHit 1295, 972, 41.1553, 0
PixelHit 1295, 973, 86.7537, 0
PixelHit 1295, 974, 51.16, 0
PixelHit 1295, 975, 17.2808, 0
PixelHit 1295, 976, 28.5359, 0
PixelHit 1295, 977, 33.3553, 0
PixelHit 1295, 978, 3.69336, 0
PixelHit 1296, 971, 11.2494, 0
PixelHit 1296, 972, 75.1061, 0
PixelHit 1296, 973, 101.362, 0
PixelHit 1296, 974, 58.9517, 0
PixelHit 1296, 975, 31.7667, 0
PixelHit 1296, 976, 63.4882, 0
PixelHit 1296, 977, 32.9319, 0
PixelHit 1296, 978, 3.01791, 0
PixelHit 1297, 971, 7.43206, 0
PixelHit 1297, 972, 29.2552, 0
PixelHit 1297, 973, 39.3052, 0
PixelHit 1297, 974, 22.5001, 0
PixelHit 1297, 975, 27.7729, 0
PixelHit 1297, 976, 49.5005, 0
PixelHit 1297, 977, 26.0464, 0
PixelHit 1297, 978, 1.10105, 0
PixelHit 1298, 971, 8.72709, 0
PixelHit 1298, 972, 25.0735, 0
PixelHit 1298, 973, 24.5576, 0
PixelHit 1298, 974, 10.6318, 0
PixelHit 1298, 975, 22.078, 0
PixelHit 1298, 976, 41.0871, 0
PixelHit 1298, 977, 22.5373, 0
PixelHit 1299, 970, 4.83501, 0
PixelHit 1299, 971, 25.7522, 0
PixelHit 1299, 972, 46.6281, 0
PixelHit 1299, 973, 45.9339, 0
PixelHit 1299, 974, 19.2823, 0
PixelHit 1299, 975, 44.0303, 0
PixelHit 1299, 976, 42.5531, 0
PixelHit 1299, 977, 21.4911, 0
PixelHit 1300, 969, 2.63436, 0
PixelHit 1300, 970, 5.40413, 0
PixelHit 1300, 971, 32.3962, 0
PixelHit 1300, 972, 71.0892, 0
PixelHit 1300, 973, 42.5075, 0
PixelHit 1300, 974, 41.2438, 0
PixelHit 1300, 975, 41.9047, 0
PixelHit 1300, 976, 43.95, 0
PixelHit 1300, 977, 11.1968, 0
PixelHit 1300, 978, 6.25976, 0
PixelHit 1301, 969, 2.76276, 0
PixelHit 1301, 970, 5.61565, 0
PixelHit 1301, 971, 25.7787, 0
PixelHit 1301, 972, 64.2692, 0
PixelHit 1301, 973, 49.027, 0
PixelHit 1301, 974, 20.7855, 0
PixelHit 1301, 975, 36.4494, 0
PixelHit 1301, 976, 37.6212, 0
PixelHit 1301, 977, 6.01929, 0
PixelHit 1302, 970, 13.771, 0
PixelHit 1302, 971, 40.6019, 0
PixelHit 1302, 972, 52.4042, 0
PixelHit 1302, 973, 22.8166, 0
PixelHit 1302, 974, 27.6656, 0
PixelHit 1302, 975, 33.6214, 0
PixelHit 1302, 976, 24.2894, 0
PixelHit 1303, 969, 5.09798, 0
PixelHit 1303, 970, 14.1948, 0
PixelHit 1303, 971, 35.284, 0
PixelHit 1303, 972, 50.509, 0
PixelHit 1303, 973, 19.0605, 0
PixelHit 1303, 974, 15.6396, 0
PixelHit 1303, 975, 38.8509, 0
PixelHit 1303, 976, 18.713, 0
PixelHit 1303, 977, 2.17602, 0
PixelHit 1304, 970, 11.7656, 0
PixelHit 1304, 971, 33.0809, 0
PixelHit 1304, 972, 34.6555, 0
PixelHit 1304, 973, 14.8873, 0
PixelHit 1304, 974, 23.5015, 0
PixelHit 1304, 975, 33.4325, 0
PixelHit 1304, 976, 18.155, 0
PixelHit 1304, 977, 1.9711, 0
PixelHit 1304, 978, 2.60605, 0
PixelHit 1305, 969, 7.04875, 0
PixelHit 1305, 970, 8.79298, 0
PixelHit 1305, 971, 25.9467, 0
PixelHit 1305, 972, 20.1583, 0
PixelHit 1305, 973, 16.8902, 0
PixelHit 1305, 974, 36.8374, 0
PixelHit 1305, 975, 35.7814, 0
PixelHit 1305, 976, 16.7376, 0
PixelHit 1305, 977, 4.6791, 0
PixelHit 1306, 969, 5.8535, 0
PixelHit 1306, 970, 26.3154, 0
PixelHit 1306, 971, 31.5455, 0
PixelHit 1306, 972, 10.9931, 0
PixelHit 1306, 973, 10.7602, 0
PixelHit 1306, 974, 29.432, 0
PixelHit 1306, 975, 40.16, 0
PixelHit 1306, 976, 10.3849, 0
PixelHit 1306, 977, 2.6491, 0
PixelHit 1307, 968, 1.49636, 0
PixelHit 1307, 969, 7.35156, 0
PixelHit 1307, 970, 22.1624, 0
PixelHit 1307, 971, 29.6112, 0
PixelHit 1307, 972, 16.7674, 0
PixelHit 1307, 973, 23.7593, 0
PixelHit 1307, 974, 44.9645, 0
PixelHit 1307, 975, 31.0741, 0
PixelHit 1307, 976, 7.21059, 0
PixelHit 1308, 969, 6.57411, 0
PixelHit 1308, 970, 17.6823, 0
PixelHit 1308, 971, 22.2782, 0
PixelHit 1308, 972, 13.3129, 0
PixelHit 1308, 973, 24.1305, 0
PixelHit 1308, 974, 44.2633, 0
PixelHit 1308, 975, 27.6991, 0
PixelHit 1308, 976, 9.39958, 0
PixelHit 1309, 968, 5.60876, 0
PixelHit 1309, 969, 8.00196, 0
PixelHit 1309, 970, 21.763, 0
PixelHit 1309, 971, 21.5817, 0
PixelHit 1309, 972, 21.0995, 0
PixelHit 1309, 973, 22.3257, 0
PixelHit 1309, 974, 24.2343, 0
PixelHit 1309, 975, 18.0496, 0
PixelHit 1309, 976, 6.54541, 0
PixelHit 1310, 968, 8.16618, 0
PixelHit 1310, 969, 17.0567, 0
PixelHit 1310, 970, 35.7671, 0
PixelHit 1310, 971, 25.0398, 0
PixelHit 1310, 972, 24.3027, 0
PixelHit 1310, 973, 47.9087, 0
PixelHit 1310, 974, 36.87, 0
PixelHit 1310, 975, 15.0391, 0
PixelHit 1310, 976, 0.255271, 0
PixelHit 1311, 968, 4.81432, 0
PixelHit 1311, 969, 14.3847, 0
PixelHit 1311, 970, 37.8901, 0
PixelHit 1311, 971, 38.5264, 0
PixelHit 1311, 972, 36.6426, 0
PixelHit 1311, 973, 66.1278, 0
PixelHit 1311, 974, 62.8324, 0
PixelHit 1311, 975, 24.2205, 0
PixelHit 1311, 976, 4.5817, 0
PixelHit 1312, 967, 1.34007, 0
PixelHit 1312, 968, 3.09302, 0
PixelHit 1312, 969, 15.504, 0
PixelHit 1312, 970, 34.689, 0
PixelHit 1312, 971, 30.2716, 0
PixelHit 1312, 972, 32.1021, 0
PixelHit 1312, 973, 58.5158, 0
PixelHit 1312, 974, 47.6007, 0
PixelHit 1312, 975, 20.8322, 0
PixelHit 1312, 976, 5.65196, 0
PixelHit 1313, 969, 8.21328, 0
PixelHit 1313, 970, 27.7797, 0
PixelHit 1313, 971, 25.1428, 0
PixelHit 1313, 972, 28.0682, 0
PixelHit 1313, 973, 39.7658, 0
PixelHit 1313, 974, 35.0662, 0
PixelHit 1313, 975, 11.376, 0
PixelHit 1313, 976, 4.12093, 0
PixelHit 1314, 969, 2.97503, 0
PixelHit 1314, 970, 11.9622, 0
PixelHit 1314, 971, 10.3761, 0
PixelHit 1314, 972, 27.9967, 0
PixelHit 1314, 973, 32.3084, 0
PixelHit 1314, 974, 18.7731, 0
PixelHit 1314, 975, 11.898, 0
PixelHit 1314, 976, 1.88245, 0
PixelHit 1314, 978, 0.186009, 0
PixelHit 1315, 969, 1.46236, 0
PixelHit 1315, 970, 1.72585, 0
PixelHit 1315, 971, 6.30875, 0
PixelHit 1315, 972, 19.5714, 0
PixelHit 1315, 973, 24.9087, 0
PixelHit 1315, 974, 20.0276, 0
PixelHit 1315, 975, 3.89274, 0
PixelHit 1316, 970, 4.76818, 0
PixelHit 1316, 971, 2.83653, 0
PixelHit 1316, 972, 16.669, 0
PixelHit 1316, 973, 19.1855, 0
PixelHit 1316, 974, 5.91295, 0
PixelHit 1316, 975, 3.75586, 0
PixelHit 1316, 976, 1.23341, 0
PixelHit 1317, 971, 3.51562, 0
PixelHit 1317, 972, 13.0356, 0
PixelHit 1317, 973, 16.1769, 0
PixelHit 1317, 974, 7.9651, 0
PixelHit 1318, 970, 4.15724, 0
PixelHit 1318, 971, 9.89497, 0
PixelHit 1318, 972, 16.9523, 0
PixelHit 1318, 973, 19.3918, 0
PixelHit 1318, 974, 6.51811, 0
PixelHit 1319, 969, 3.09264, 0
PixelHit 1319, 970, 6.8046, 0
PixelHit 1319, 971, 20.306, 0
PixelHit 1319, 972, 24.3618, 0
PixelHit 1319, 973, 23.1649, 0
PixelHit 1319, 974, 6.37774, 0
PixelHit 1320, 970, 7.59818, 0
PixelHit 1320, 971, 27.2456, 0
PixelHit 1320, 972, 40.4474, 0
PixelHit 1320, 973, 21.7727, 0
PixelHit 1320, 974, 9.18697, 0
PixelHit 1320, 975, 5.93099, 0
PixelHit 1321, 969, 2.24897, 0
PixelHit 1321, 970, 3.36916, 0
PixelHit 1321, 971, 23.4529, 0
PixelHit 1321, 972, 25.2667, 0
PixelHit 1321, 973, 29.6976, 0
PixelHit 1321, 974, 6.87203, 0
PixelHit 1321, 975, 1.76088, 0
PixelHit 1322, 970, 6.82849, 0
PixelHit 1322, 971, 4.72643, 0
PixelHit 1322, 972, 12.374, 0
PixelHit 1322, 973, 8.21229, 0
PixelHit 1322, 974, 5.27569, 0
PixelHit 1322, 975, 3.04103, 0
PixelHit 1323, 970, 3.16214, 0
PixelHit 1323, 971, 6.38047, 0
PixelHit 1323, 972, 2.05339, 0
PixelHit 1323, 973, 6.7635, 0
=== 28 ===
=== 29 ===
=== 30 ===
=== 31 ===
=== 32 ===
=== 33 ===
=== 34 ===
=== 35 ===
=== 36 ===
=== 37 ===
=== 38 ===
=== 39 ===
=== 40 ===
=== 41 ===
=== 42 ===
=== 43 ===
=== 44 ===
=== 45 ===
=== 46 ===
=== 47 ===
=== 48 ===
=== 49 ===
=== 50 ===
=== 51 ===
=== 52 ===
=== 53 ===
=== 54 ===
--- mydetector ---
PixelHit 1276, 978, 1.07255, 0
PixelHit 1276, 979, 2.42429, 0
PixelHit 1277, 978, 84.0121, 0
PixelHit 1277, 979, 346.783, 0
PixelHit 1277, 980, 12.993, 0
PixelHit 1278, 978, 140.865, 0
PixelHit 1278, 979, 1002.88, 0
PixelHit 1278, 980, 17.3543, 0
PixelHit 1279, 978, 78.3743, 0
PixelHit 1279, 979, 31.1112, 0
PixelHit 1279, 980, 2.75756, 0
PixelHit 1280, 977, 9.2201, 0
PixelHit 1280, 978, 87.9208, 0
PixelHit 1280, 979, 25.8899, 0
PixelHit 1281, 977, 20.7351, 0
PixelHit 1281, 978, 116.968, 0
PixelHit 1281, 979, 35.1106, 0
PixelHit 1282, 977, 17.9159, 0
PixelHit 1282, 978, 57.7313, 0
PixelHit 1282, 979, 13.2279, 0
PixelHit 1283, 976, 5.99067, 0
PixelHit 1283, 977, 55.6022, 0
PixelHit 1283, 978, 50.8359, 0
PixelHit 1283, 979, 6.0649, 0
PixelHit 1284, 976, 6.70848, 0
PixelHit 1284, 977, 59.0723, 0
PixelHit 1284, 978, 51.1737, 0
PixelHit 1284, 979, 6.25928, 0
PixelHit 1285, 976, 7.89326, 0
PixelHit 1285, 977, 43.8101, 0
PixelHit 1285, 978, 69.6747, 0
PixelHit 1285, 979, 5.85435, 0
PixelHit 1286, 975, 2.96199, 0
PixelHit 1286, 976, 25.2372, 0
PixelHit 1286, 977, 60.995, 0
PixelHit 1286, 978, 34.604, 0
PixelHit 1286, 979, 4.47894, 0
PixelHit 1287, 974, 0.533458, 0
PixelHit 1287, 975, 5.37772, 0
PixelHit 1287, 976, 46.4063, 0
PixelHit 1287, 977, 76.0175, 0
PixelHit 1287, 978, 29.309, 0
PixelHit 1287, 979, 0.882608, 0
PixelHit 1288, 975, 3.12045, 0
PixelHit 1288, 976, 58.2903, 0
PixelHit 1288, 977, 65.5508, 0
PixelHit 1288, 978, 24.2524, 0
PixelHit 1288, 979, 2.26528, 0
PixelHit 1289, 975, 14.4442, 0
PixelHit 1289, 976, 60.7017, 0
PixelHit 1289, 977, 49.3151, 0
PixelHit 1289, 978, 17.2453, 0
PixelHit 1290, 975, 30.1964, 0
PixelHit 1290, 976, 70.1282, 0
PixelHit 1290, 977, 54.0344, 0
PixelHit 1290, 978, 5.45532, 0
PixelHit 1291, 973, 1.65251, 0
PixelHit 1291, 974, 6.1684, 0
PixelHit 1291, 975, 57.112, 0
PixelHit 1291, 976, 117.435, 0
PixelHit 1291, 977, 77.3933, 0
PixelHit 1291, 978, 9.43774, 0
PixelHit 1291, 979, 4.8044, 0
PixelHit 1292, 974, 6.08582, 0
PixelHit 1292, 975, 66.8028, 0
PixelHit 1292, 976, 93.0716, 0
PixelHit 1292, 977, 77.0012, 0
PixelHit 1292, 978, 8.77093, 0
PixelHit 1293, 973, 2.25749, 0
PixelHit 1293, 974, 19.6144, 0
PixelHit 1293, 975, 68.2709, 0
PixelHit 1293, 976, 125.362, 0
PixelHit 1293, 977, 70.0054, 0
PixelHit 1293, 978, 7.67436, 0
PixelHit 1294, 973, 1.24094, 0
PixelHit 1294, 974, 16.627, 0
PixelHit 1294, 975, 66.5045, 0
PixelHit 1294, 976, 69.446, 0
PixelHit 1294, 977, 33.2232, 0
PixelHit 1294, 978, 7.27209, 0
PixelHit 1295, 974, 24.246, 0
PixelHit 1295, 975, 46.8318, 0
PixelHit 1295, 976, 51.5694, 0
PixelHit 1295, 977, 14.9158, 0
PixelHit 1295, 978, 2.87868, 0
PixelHit 1296, 973, 5.59042, 0
PixelHit 1296, 974, 24.9724, 0
PixelHit 1296, 975, 63.8755, 0
PixelHit 1296, 976, 36.2652, 0
PixelHit 1296, 977, 5.31949, 0
PixelHit 1297, 972, 1.78938, 0
PixelHit 1297, 973, 4.24192, 0
PixelHit 1297, 974, 22.0811, 0
PixelHit 1297, 975, 36.9157, 0
PixelHit 1297, 976, 27.382, 0
PixelHit 1297, 977, 10.1597, 0
PixelHit 1298, 973, 7.17638, 0
PixelHit 1298, 974, 31.0888, 0
PixelHit 1298, 975, 30.5595, 0
PixelHit 1298, 976, 24.0239, 0
PixelHit 1298, 977, 2.07002, 0
PixelHit 1299, 973, 14.8571, 0
PixelHit 1299, 974, 43.2331, 0
PixelHit 1299, 975, 53.5887, 0
PixelHit 1299, 976, 24.341, 0
PixelHit 1299, 977, 9.8793, 0
PixelHit 1300, 972, 5.1891, 0
PixelHit 1300, 973, 24.3112, 0
PixelHit 1300, 974, 53.7482, 0
PixelHit 1300, 975, 47.2182, 0
PixelHit 1300, 976, 20.8902, 0
PixelHit 1301, 972, 4.80922, 0
PixelHit 1301, 973, 40.2966, 0
PixelHit 1301, 974, 49.8009, 0
PixelHit 1301, 975, 59.1791, 0
PixelHit 1301, 976, 25.7314, 0
PixelHit 1301, 977, 2.09795, 0
PixelHit 1301, 978, 2.17992, 0
PixelHit 1302, 972, 3.89426, 0
PixelHit 1302, 973, 17.063, 0
PixelHit 1302, 974, 39.5394, 0
PixelHit 1302, 975, 36.6785, 0
PixelHit 1302, 976, 8.99423, 0
PixelHit 1303, 971, 2.92152, 0
PixelHit 1303, 972, 3.24274, 0
PixelHit 1303, 973, 27.9337, 0
PixelHit 1303, 974, 40.0897, 0
PixelHit 1303, 975, 22.0767, 0
PixelHit 1303, 976, 2.94049, 0
PixelHit 1303, 977, 0.750699, 0
PixelHit 1304, 971, 1.4109, 0
PixelHit 1304, 972, 11.7892, 0
PixelHit 1304, 973, 25.7979, 0
PixelHit 1304, 974, 22.4324, 0
PixelHit 1304, 975, 17.9633, 0
PixelHit 1304, 976, 4.74962, 0
PixelHit 1304, 977, 2.91183, 0
PixelHit 1305, 971, 3.781, 0
PixelHit 1305, 972, 6.80564, 0
PixelHit 1305, 973, 19.9152, 0
PixelHit 1305, 974, 28.3126, 0
PixelHit 1305, 975, 16.2898, 0
PixelHit 1305, 976, 6.37758, 0
PixelHit 1306, 970, 1.42632, 0
PixelHit 1306, 971, 4.37158, 0
PixelHit 1306, 972, 13.6044, 0
PixelHit 1306, 973, 30.0646, 0
PixelHit 1306, 974, 29.8689, 0
PixelHit 1306, 975, 16.8969, 0
PixelHit 1306, 976, 5.51084, 0
PixelHit 1307, 971, 7.17826, 0
PixelHit 1307, 972, 18.2454, 0
PixelHit 1307, 973, 48.8276, 0
PixelHit 1307, 974, 31.9441, 0
PixelHit 1307, 975, 18.5867, 0
PixelHit 1307, 976, 4.16213, 0
PixelHit 1307, 978, 1.84489, 0
PixelHit 1308, 971, 10.0412, 0
PixelHit 1308, 972, 19.6759, 0
PixelHit 1308, 973, 41.9719, 0
PixelHit 1308, 974, 34.8265, 0
PixelHit 1308, 975, 15.1757, 0
PixelHit 1308, 976, 2.73771, 0
PixelHit 1308, 977, 2.13871, 0
PixelHit 1309, 970, 2.96055, 0
PixelHit 1309, 971, 11.6154, 0
PixelHit 1309, 972, 44.3394, 0
PixelHit 1309, 973, 43.8539, 0
PixelHit 1309, 974, 36.8558, 0
PixelHit 1309, 975, 11.999, 0
PixelHit 1309, 976, 4.39579, 0
PixelHit 1310, 970, 9.00349, 0
PixelHit 1310, 971, 25.8349, 0
PixelHit 1310, 972, 64.989, 0
PixelHit 1310, 973, 61.4756, 0
PixelHit 1310, 974, 38.7404, 0
PixelHit 1310, 975, 12.6808, 0
PixelHit 1310, 976, 4.69152, 0
PixelHit 1310, 977, 1.076, 0
PixelHit 1311, 970, 4.76184, 0
PixelHit 1311, 971, 14.4993, 0
PixelHit 1311, 972, 52.1201, 0
PixelHit 1311, 973, 42.5843, 0
PixelHit 1311, 974, 30.5474, 0
PixelHit 1311, 975, 14.5868, 0
PixelHit 1311, 976, 1.80066, 0
PixelHit 1312, 969, 1.97355, 0
PixelHit 1312, 970, 5.14395, 0
PixelHit 1312, 971, 13.5836, 0
PixelHit 1312, 972, 43.6819, 0
PixelHit 1312, 973, 40.4903, 0
PixelHit 1312, 974, 25.6157, 0
PixelHit 1312, 975, 3.80437, 0
PixelHit 1312, 976, 2.51173, 0
PixelHit 1313, 970, 3.92362, 0
PixelHit 1313, 971, 8.08207, 0
PixelHit 1313, 972, 18.6486, 0
PixelHit 1313, 973, 19.3664, 0
PixelHit 1313, 974, 10.3782, 0
PixelHit 1313, 975, 0.578637, 0
PixelHit 1313, 976, 1.55836, 0
PixelHit 1314, 970, 2.57612, 0
PixelHit 1314, 971, 3.41474, 0
PixelHit 1314, 972, 13.826, 0
PixelHit 1314, 973, 5.23002, 0
PixelHit 1314, 974, 6.34793, 0
PixelHit 1314, 976, 3.31452, 0
PixelHit 1315, 970, 2.52656, 0
PixelHit 1315, 971, 0.587755, 0
PixelHit 1315, 972, 1.25191, 0
PixelHit 1315, 973, 2.81369, 0
=== 55 ===
=== 56 ===
=== 57 ===
=== 58 ===
=== 59 ===
=== 60 ===
=== 61 ===
=== 62 ===
=== 63 ===
=== 64 ===
=== 65 ===
=== 66 ===
=== 67 ===
=== 68 ===
=== 69 ===
=== 70 ===
=== 71 ===
=== 72 ===
=== 73 ===
=== 74 ===
=== 75 ===
=== 76 ===
=== 77 ===
=== 78 ===
=== 79 ===
=== 80 ===
=== 81 ===
=== 82 ===
=== 83 ===
=== 84 ===
=== 85 ===
=== 86 ===
=== 87 ===
=== 88 ===
=== 89 ===
=== 90 ===
=== 91 ===
=== 92 ===
=== 93 ===
=== 94 ===
=== 95 ===
=== 96 ===
=== 97 ===
=== 98 ===
=== 99 ===
=== 100 ===
# 744 objects from 3 messages
