# Allpix Squared ASCII data - https://cern.ch/allpix-squared

=== 1 ===
=== 2 ===
=== 3 ===
=== 4 ===
=== 5 ===
=== 6 ===
=== 7 ===
=== 8 ===
=== 9 ===
=== 10 ===
=== 11 ===
=== 12 ===
--- mydetector ---
PixelHit 1286, 970, 9.67709, 0
PixelHit 1286, 971, 128.138, 0
PixelHit 1286, 972, 28.6186, 0
PixelHit 1286, 973, 7.16003, 0
PixelHit 1287, 970, 26.2269, 0
PixelHit 1287, 971, 181.195, 0
PixelHit 1287, 972, 97.1273, 0
PixelHit 1287, 973, 34.5147, 0
PixelHit 1288, 969, 1.96689, 0
PixelHit 1288, 970, 138.573, 0
PixelHit 1288, 971, 176.398, 0
PixelHit 1288, 972, 230.598, 0
PixelHit 1288, 973, 31.8226, 0
PixelHit 1289, 969, 11.5839, 0
PixelHit 1289, 970, 260.173, 0
PixelHit 1289, 971, 286.233, 0
PixelHit 1289, 972, 149.61, 0
PixelHit 1289, 973, 24.9522, 0
PixelHit 1290, 969, 9.29032, 0
PixelHit 1290, 970, 61.0038, 0
PixelHit 1290, 971, 48.8863, 0
PixelHit 1290, 972, 49.1444, 0
PixelHit 1290, 973, 2.83397, 0
PixelHit 1291, 969, 19.1209, 0
PixelHit 1291, 970, 85.5565, 0
PixelHit 1291, 971, 47.2576, 0
PixelHit 1291, 972, 16.1124, 0
PixelHit 1292, 969, 16.9597, 0
PixelHit 1292, 970, 52.9285, 0
PixelHit 1292, 971, 48.8262, 0
PixelHit 1292, 972, 37.0732, 0
PixelHit 1292, 973, 6.43093, 0
PixelHit 1293, 968, 2.42118, 0
PixelHit 1293, 969, 22.1557, 0
PixelHit 1293, 970, 53.3703, 0
PixelHit 1293, 971, 62.6749, 0
PixelHit 1293, 972, 17.557, 0
PixelHit 1293, 973, 5.5561, 0
PixelHit 1294, 968, 12.4714, 0
PixelHit 1294, 969, 25.7922, 0
PixelHit 1294, 970, 32.0423, 0
PixelHit 1294, 971, 39.6022, 0
PixelHit 1294, 972, 17.5869, 0
PixelHit 1294, 973, 3.25147, 0
PixelHit 1295, 968, 13.8335, 0
PixelHit 1295, 969, 34.5567, 0
PixelHit 1295, 970, 50.773, 0
PixelHit 1295, 971, 43.5551, 0
PixelHit 1295, 972, 11.8747, 0
PixelHit 1295, 973, 2.54937, 0
PixelHit 1296, 967, 2.72658, 0
PixelHit 1296, 968, 10.696, 0
PixelHit 1296, 969, 44.0842, 0
PixelHit 1296, 970, 38.002, 0
PixelHit 1296, 971, 25.2819, 0
PixelHit 1296, 972, 5.81129, 0
PixelHit 1297, 967, 5.90553, 0
PixelHit 1297, 968, 36.1743, 0
PixelHit 1297, 969, 58.3395, 0
PixelHit 1297, 970, 43.3882, 0
PixelHit 1297, 971, 16.7947, 0
PixelHit 1297, 972, 6.72143, 0
PixelHit 1298, 967, 10.8848, 0
PixelHit 1298, 968, 43.4842, 0
PixelHit 1298, 969, 68.7974, 0
PixelHit 1298, 970, 82.6907, 0
PixelHit 1298, 971, 33.5904, 0
PixelHit 1298, 972, 10.0688, 0
PixelHit 1299, 966, 2.34439, 0
PixelHit 1299, 967, 15.5566, 0
PixelHit 1299, 968, 41.1134, 0
PixelHit 1299, 969, 95.2592, 0
PixelHit 1299, 970, 93.0758, 0
PixelHit 1299, 971, 73.7799, 0
PixelHit 1299, 972, 11.8663, 0
PixelHit 1299, 973, 4.08725, 0
PixelHit 1299, 974, 1.59679, 0
PixelHit 1300, 967, 16.3213, 0
PixelHit 1300, 968, 48.961, 0
PixelHit 1300, 969, 70.1428, 0
PixelHit 1300, 970, 51.6823, 0
PixelHit 1300, 971, 39.0748, 0
PixelHit 1300, 972, 9.00975, 0
PixelHit 1300, 973, 2.15945, 0
PixelHit 1301, 967, 22.5714, 0
PixelHit 1301, 968, 42.2765, 0
PixelHit 1301, 969, 56.2382, 0
PixelHit 1301, 970, 50.7968, 0
PixelHit 1301, 971, 31.9901, 0
PixelHit 1301, 972, 6.45996, 0
PixelHit 1301, 973, 0.477523, 0
PixelHit 1302, 966, 8.33767, 0
PixelHit 1302, 967, 32.6545, 0
PixelHit 1302, 968, 43.6354, 0
PixelHit 1302, 969, 82.8493, 0
PixelHit 1302, 970, 62.0841, 0
PixelHit 1302, 971, 21.9799, 0
PixelHit 1302, 972, 7.15193, 0
PixelHit 1302, 973, 0.713962, 0
PixelHit 1302, 974, 2.5123, 0
PixelHit 1303, 965, 1.96144, 0
PixelHit 1303, 966, 17.356, 0
PixelHit 1303, 967, 41.2828, 0
PixelHit 1303, 968, 67.1718, 0
PixelHit 1303, 969, 73.8726, 0
PixelHit 1303, 970, 52.2311, 0
PixelHit 1303, 971, 12.8523, 0
PixelHit 1303, 972, 2.32239, 0
PixelHit 1304, 965, 0.956005, 0
PixelHit 1304, 966, 22.4677, 0
PixelHit 1304, 967, 57.2105, 0
PixelHit 1304, 968, 117.147, 0
PixelHit 1304, 969, 127.958, 0
PixelHit 1304, 970, 71.8635, 0
PixelHit 1304, 971, 33.5492, 0
PixelHit 1304, 972, 5.41154, 0
PixelHit 1305, 965, 5.08654, 0
PixelHit 1305, 966, 18.5668, 0
PixelHit 1305, 967, 92.2747, 0
PixelHit 1305, 968, 185.464, 0
PixelHit 1305, 969, 214.444, 0
PixelHit 1305, 970, 143.939, 0
PixelHit 1305, 971, 43.4892, 0
PixelHit 1305, 972, 5.08714, 0
PixelHit 1306, 965, 8.06256, 0
PixelHit 1306, 966, 30.1175, 0
PixelHit 1306, 967, 95.789, 0
PixelHit 1306, 968, 157.384, 0
PixelHit 1306, 969, 185.813, 0
PixelHit 1306, 970, 152.476, 0
PixelHit 1306, 971, 41.1837, 0
PixelHit 1306, 972, 8.15357, 0
PixelHit 1306, 973, 1.41835, 0
PixelHit 1307, 966, 11.3148, 0
PixelHit 1307, 967, 49.1261, 0
PixelHit 1307, 968, 96.4132, 0
PixelHit 1307, 969, 108.023, 0
PixelHit 1307, 970, 68.5729, 0
PixelHit 1307, 971, 32.968, 0
PixelHit 1308, 966, 5.13101, 0
PixelHit 1308, 967, 6.06611, 0
PixelHit 1308, 968, 30.5921, 0
PixelHit 1308, 969, 38.4685, 0
PixelHit 1308, 970, 20.2556, 0
PixelHit 1308, 971, 1.87845, 0
PixelHit 1309, 967, 2.19223, 0
PixelHit 1309, 968, 8.72238, 0
PixelHit 1309, 969, 5.8271, 0
PixelHit 1309, 970, 2.45574, 0
=== 13 ===
=== 14 ===
=== 15 ===
=== 16 ===
=== 17 ===
=== 18 ===
=== 19 ===
=== 20 ===
=== 21 ===
=== 22 ===
=== 23 ===
=== 24 ===
=== 25 ===
=== 26 ===
=== 27 ===
=== 28 ===
=== 29 ===
=== 30 ===
=== 31 ===
=== 32 ===
=== 33 ===
=== 34 ===
=== 35 ===
=== 36 ===
=== 37 ===
=== 38 ===
=== 39 ===
=== 40 ===
=== 41 ===
=== 42 ===
=== 43 ===
=== 44 ===
=== 45 ===
=== 46 ===
=== 47 ===
=== 48 ===
=== 49 ===
=== 50 ===
--- mydetector ---
PixelHit 1242, 983, 10.5448, 0
PixelHit 1242, 984, 7.55426, 0
PixelHit 1242, 985, 8.68268, 0
PixelHit 1242, 986, 4.72237, 0
PixelHit 1243, 980, 6.74499, 0
PixelHit 1243, 981, 11.1267, 0
PixelHit 1243, 982, 21.6263, 0
PixelHit 1243, 983, 28.5753, 0
PixelHit 1243, 984, 33.9316, 0
PixelHit 1243, 985, 16.1082, 0
PixelHit 1243, 986, 85.1176, 0
PixelHit 1243, 987, 175.851, 0
PixelHit 1243, 988, 9.73656, 0
PixelHit 1244, 977, 3.39395, 0
PixelHit 1244, 978, 1.13381, 0
PixelHit 1244, 979, 10.7985, 0
PixelHit 1244, 980, 19.371, 0
PixelHit 1244, 981, 57.6635, 0
PixelHit 1244, 982, 67.9989, 0
PixelHit 1244, 983, 36.481, 0
PixelHit 1244, 984, 13.4901, 0
PixelHit 1244, 985, 1.10639, 0
PixelHit 1244, 986, 21.9814, 0
PixelHit 1244, 987, 313.081, 0
PixelHit 1244, 988, 11.0112, 0
PixelHit 1245, 975, 5.45634, 0
PixelHit 1245, 976, 8.27774, 0
PixelHit 1245, 977, 11.7871, 0
PixelHit 1245, 978, 22.7708, 0
PixelHit 1245, 979, 22.1541, 0
PixelHit 1245, 980, 39.6019, 0
PixelHit 1245, 981, 45.2608, 0
PixelHit 1245, 982, 26.2465, 0
PixelHit 1245, 983, 4.89127, 0
PixelHit 1245, 987, 2.97102, 0
PixelHit 1246, 974, 4.82736, 0
PixelHit 1246, 975, 10.1272, 0
PixelHit 1246, 976, 24.3595, 0
PixelHit 1246, 977, 29.4251, 0
PixelHit 1246, 978, 26.3867, 0
PixelHit 1246, 979, 6.77733, 0
PixelHit 1246, 980, 13.122, 0
PixelHit 1246, 981, 0.872477, 0
PixelHit 1247, 971, 2.64026, 0
PixelHit 1247, 972, 6.55443, 0
PixelHit 1247, 973, 8.78119, 0
PixelHit 1247, 974, 19.5795, 0
PixelHit 1247, 975, 15.0442, 0
PixelHit 1247, 976, 20.5483, 0
PixelHit 1247, 977, 13.7619, 0
PixelHit 1247, 978, 12.5667, 0
PixelHit 1247, 979, 4.14073, 0
PixelHit 1248, 970, 2.93934, 0
PixelHit 1248, 971, 12.4535, 0
PixelHit 1248, 972, 9.81284, 0
PixelHit 1248, 973, 14.902, 0
PixelHit 1248, 974, 11.317, 0
PixelHit 1248, 975, 18.4396, 0
PixelHit 1248, 976, 6.91685, 0
PixelHit 1248, 977, 2.80962, 0
PixelHit 1248, 978, 2.45276, 0
PixelHit 1249, 965, 1.45561, 0
PixelHit 1249, 970, 7.89406, 0
PixelHit 1249, 971, 21.3686, 0
PixelHit 1249, 972, 23.0763, 0
PixelHit 1249, 973, 13.6954, 0
PixelHit 1249, 974, 9.39542, 0
PixelHit 1249, 977, 0.58416, 0
PixelHit 1250, 965, 3.03236, 0
PixelHit 1250, 967, 3.68694, 0
PixelHit 1250, 968, 6.46405, 0
PixelHit 1250, 969, 6.0441, 0
PixelHit 1250, 970, 7.30271, 0
PixelHit 1250, 971, 4.66641, 0
PixelHit 1250, 972, 13.7435, 0
PixelHit 1250, 973, 3.06973, 0
PixelHit 1250, 974, 2.63611, 0
PixelHit 1251, 964, 7.83743, 0
PixelHit 1251, 965, 6.72971, 0
PixelHit 1251, 966, 12.957, 0
PixelHit 1251, 967, 18.7553, 0
PixelHit 1251, 968, 13.9769, 0
PixelHit 1251, 969, 11.0597, 0
PixelHit 1251, 971, 2.84968, 0
PixelHit 1251, 974, 1.62658, 0
PixelHit 1252, 962, 2.78107, 0
PixelHit 1252, 963, 6.18939, 0
PixelHit 1252, 964, 7.55223, 0
PixelHit 1252, 965, 16.1734, 0
PixelHit 1252, 966, 14.4671, 0
PixelHit 1252, 967, 41.1277, 0
PixelHit 1252, 968, 25.9291, 0
PixelHit 1252, 969, 13.9409, 0
PixelHit 1252, 970, 0.965998, 0
PixelHit 1253, 961, 4.1158, 0
PixelHit 1253, 962, 11.5669, 0
PixelHit 1253, 963, 13.6906, 0
PixelHit 1253, 964, 30.1148, 0
PixelHit 1253, 965, 31.1557, 0
PixelHit 1253, 966, 45.0635, 0
PixelHit 1253, 967, 30.8525, 0
PixelHit 1253, 968, 13.8075, 0
PixelHit 1253, 969, 3.51559, 0
PixelHit 1253, 970, 4.02068, 0
PixelHit 1254, 961, 1.36809, 0
PixelHit 1254, 962, 24.4038, 0
PixelHit 1254, 963, 22.2922, 0
PixelHit 1254, 964, 36.5853, 0
PixelHit 1254, 965, 36.4345, 0
PixelHit 1254, 966, 41.1321, 0
PixelHit 1254, 967, 12.0874, 0
PixelHit 1254, 968, 9.65123, 0
PixelHit 1254, 969, 2.39767, 0
PixelHit 1255, 959, 0.81326, 0
PixelHit 1255, 961, 7.37354, 0
PixelHit 1255, 962, 14.7729, 0
PixelHit 1255, 963, 33.5653, 0
PixelHit 1255, 964, 36.9181, 0
PixelHit 1255, 965, 22.6406, 0
PixelHit 1255, 966, 12.5591, 0
PixelHit 1255, 967, 4.43278, 0
PixelHit 1255, 968, 2.59291, 0
PixelHit 1256, 961, 2.49186, 0
PixelHit 1256, 962, 5.13551, 0
PixelHit 1256, 963, 7.56902, 0
PixelHit 1256, 964, 17.5098, 0
PixelHit 1256, 965, 3.47516, 0
PixelHit 1256, 966, 3.8702, 0
PixelHit 1257, 963, 0.287495, 0
PixelHit 1257, 964, 2.12094, 0
PixelHit 1258, 963, 0.683397, 0
PixelHit 1286, 973, 12.9506, 0
PixelHit 1286, 974, 75.5777, 0
PixelHit 1286, 977, 2.72686, 0
PixelHit 1286, 978, 31.9636, 0
PixelHit 1287, 973, 26.182, 0
PixelHit 1287, 974, 80.8911, 0
PixelHit 1287, 977, 4.12317, 0
PixelHit 1287, 978, 100.982, 0
PixelHit 1287, 979, 3.07108, 0
PixelHit 1288, 973, 25.8261, 0
PixelHit 1288, 974, 31.9253, 0
PixelHit 1288, 976, 1.62289, 0
PixelHit 1288, 977, 48.6415, 0
PixelHit 1288, 978, 72.5884, 0
PixelHit 1289, 972, 1.71539, 0
PixelHit 1289, 973, 15.71, 0
PixelHit 1289, 974, 14.1514, 0
PixelHit 1289, 976, 4.48039, 0
PixelHit 1289, 977, 85.3103, 0
PixelHit 1289, 978, 81.3507, 0
PixelHit 1289, 979, 4.08099, 0
PixelHit 1290, 971, 0.249527, 0
PixelHit 1290, 972, 6.10898, 0
PixelHit 1290, 973, 31.0077, 0
PixelHit 1290, 974, 11.5048, 0
PixelHit 1290, 976, 4.85405, 0
PixelHit 1290, 977, 26.4277, 0
PixelHit 1290, 978, 22.7949, 0
PixelHit 1291, 972, 15.1606, 0
PixelHit 1291, 973, 29.4386, 0
PixelHit 1291, 974, 15.7831, 0
PixelHit 1291, 976, 3.75021, 0
PixelHit 1291, 977, 11.1845, 0
PixelHit 1291, 978, 6.08636, 0
PixelHit 1292, 971, 4.74001, 0
PixelHit 1292, 972, 23.2071, 0
PixelHit 1292, 973, 37.2163, 0
PixelHit 1292, 974, 6.4702, 0
PixelHit 1292, 975, 2.94286, 0
PixelHit 1292, 976, 8.28109, 0
PixelHit 1292, 977, 15.518, 0
PixelHit 1292, 978, 5.42821, 0
PixelHit 1293, 970, 2.33816, 0
PixelHit 1293, 971, 9.47951, 0
PixelHit 1293, 972, 28.737, 0
PixelHit 1293, 973, 24.9227, 0
PixelHit 1293, 974, 12.3162, 0
PixelHit 1293, 975, 5.17871, 0
PixelHit 1293, 976, 30.9281, 0
PixelHit 1293, 977, 33.732, 0
PixelHit 1293, 978, 19.0521, 0
PixelHit 1294, 970, 3.27642, 0
PixelHit 1294, 971, 15.7068, 0
PixelHit 1294, 972, 57.597, 0
PixelHit 1294, 973, 53.301, 0
PixelHit 1294, 974, 11.0023, 0
PixelHit 1294, 975, 12.9961, 0
PixelHit 1294, 976, 41.3946, 0
PixelHit 1294, 977, 47.6637, 0
PixelHit 1294, 978, 9.35942, 0
PixelHit 1295, 970, 3.6741, 0
PixelHit 1295, 971, 36.3633, 0
PixelHit 1295, 972, 88.2586, 0
PixelHit 1295, 973, 58.7034, 0
PixelHit 1295, 974, 12.0958, 0
PixelHit 1295, 975, 10.0012, 0
PixelHit 1295, 976, 35.8433, 0
PixelHit 1295, 977, 41.0591, 0
PixelHit 1295, 978, 5.81434, 0
PixelHit 1296, 969, 2.36999, 0
PixelHit 1296, 970, 6.32176, 0
PixelHit 1296, 971, 48.3645, 0
PixelHit 1296, 972, 74.4877, 0
PixelHit 1296, 973, 45.4275, 0
PixelHit 1296, 974, 9.2784, 0
PixelHit 1296, 975, 10.291, 0
PixelHit 1296, 976, 16.1369, 0
PixelHit 1296, 977, 20.9665, 0
PixelHit 1296, 978, 4.8733, 0
PixelHit 1297, 970, 8.90214, 0
PixelHit 1297, 971, 23.9115, 0
PixelHit 1297, 972, 50.8917, 0
PixelHit 1297, 973, 23.6069, 0
PixelHit 1297, 974, 9.7853, 0
PixelHit 1297, 975, 26.5701, 0
PixelHit 1297, 976, 30.2708, 0
PixelHit 1297, 977, 20.7321, 0
PixelHit 1297, 978, 3.03779, 0
PixelHit 1298, 969, 0.928278, 0
PixelHit 1298, 971, 14.7203, 0
PixelHit 1298, 972, 32.6107, 0
PixelHit 1298, 973, 19.5554, 0
PixelHit 1298, 974, 8.76452, 0
PixelHit 1298, 975, 32.9538, 0
PixelHit 1298, 976, 51.3169, 0
PixelHit 1298, 977, 17.4418, 0
PixelHit 1298, 978, 2.52486, 0
PixelHit 1299, 970, 3.42303, 0
PixelHit 1299, 971, 14.4057, 0
PixelHit 1299, 972, 7.52658, 0
PixelHit 1299, 973, 13.885, 0
PixelHit 1299, 974, 11.4979, 0
PixelHit 1299, 975, 29.8747, 0
PixelHit 1299, 976, 39.7961, 0
PixelHit 1299, 977, 18.3571, 0
PixelHit 1299, 978, 2.43875, 0
PixelHit 1300, 969, 5.2172, 0
PixelHit 1300, 970, 5.50287, 0
PixelHit 1300, 971, 23.7988, 0
PixelHit 1300, 972, 10.5122, 0
PixelHit 1300, 973, 2.59344, 0
PixelHit 1300, 974, 9.50914, 0
PixelHit 1300, 975, 17.9275, 0
PixelHit 1300, 976, 22.6849, 0
PixelHit 1300, 977, 12.7772, 0
PixelHit 1300, 978, 3.85832, 0
PixelHit 1301, 969, 7.91866, 0
PixelHit 1301, 970, 28.0989, 0
PixelHit 1301, 971, 26.5732, 0
PixelHit 1301, 972, 22.6206, 0
PixelHit 1301, 973, 7.00171, 0
PixelHit 1301, 974, 13.1144, 0
PixelHit 1301, 975, 20.9746, 0
PixelHit 1301, 976, 14.2156, 0
PixelHit 1301, 977, 7.82012, 0
PixelHit 1302, 968, 4.38291, 0
PixelHit 1302, 969, 13.4587, 0
PixelHit 1302, 970, 32.3524, 0
PixelHit 1302, 971, 52.4309, 0
PixelHit 1302, 972, 35.3672, 0
PixelHit 1302, 973, 13.8435, 0
PixelHit 1302, 974, 18.7444, 0
PixelHit 1302, 975, 24.3851, 0
PixelHit 1302, 976, 21.9158, 0
PixelHit 1302, 977, 6.06187, 0
PixelHit 1302, 978, 2.43363, 0
PixelHit 1303, 968, 4.11257, 0
PixelHit 1303, 969, 12.8857, 0
PixelHit 1303, 970, 42.7117, 0
PixelHit 1303, 971, 51.9613, 0
PixelHit 1303, 972, 38.9538, 0
PixelHit 1303, 973, 12.7716, 0
PixelHit 1303, 974, 25.3354, 0
PixelHit 1303, 975, 25.619, 0
PixelHit 1303, 976, 21.1019, 0
PixelHit 1303, 977, 3.73973, 0
PixelHit 1303, 978, 4.0383, 0
PixelHit 1304, 969, 12.1679, 0
PixelHit 1304, 970, 34.2239, 0
PixelHit 1304, 971, 41.1071, 0
PixelHit 1304, 972, 26.4007, 0
PixelHit 1304, 973, 14.5323, 0
PixelHit 1304, 974, 19.8258, 0
PixelHit 1304, 975, 21.3924, 0
PixelHit 1304, 976, 11.461, 0
PixelHit 1304, 977, 5.99691, 0
PixelHit 1304, 978, 2.05636, 0
PixelHit 1305, 967, 1.91628, 0
PixelHit 1305, 968, 3.15981, 0
PixelHit 1305, 969, 6.33923, 0
PixelHit 1305, 970, 25.8809, 0
PixelHit 1305, 971, 27.3019, 0
PixelHit 1305, 972, 10.3278, 0
PixelHit 1305, 973, 10.9076, 0
PixelHit 1305, 974, 12.1266, 0
PixelHit 1305, 975, 20.8885, 0
PixelHit 1305, 976, 6.68629, 0
PixelHit 1306, 968, 4.92793, 0
PixelHit 1306, 969, 11.9585, 0
PixelHit 1306, 970, 17.9893, 0
PixelHit 1306, 971, 7.90151, 0
PixelHit 1306, 972, 4.05163, 0
PixelHit 1306, 973, 2.95814, 0
PixelHit 1306, 974, 23.3158, 0
PixelHit 1306, 975, 8.82816, 0
PixelHit 1306, 976, 11.1682, 0
PixelHit 1306, 977, 3.48319, 0
PixelHit 1307, 968, 1.22117, 0
PixelHit 1307, 969, 1.15046, 0
PixelHit 1307, 970, 3.46164, 0
PixelHit 1307, 971, 2.1837, 0
PixelHit 1307, 972, 5.9519, 0
PixelHit 1307, 973, 6.60598, 0
PixelHit 1307, 974, 15.7346, 0
PixelHit 1307, 975, 10.5773, 0
PixelHit 1307, 976, 4.3038, 0
PixelHit 1308, 969, 1.3827, 0
PixelHit 1308, 970, 3.83689, 0
PixelHit 1308, 973, 1.7225, 0
PixelHit 1308, 974, 4.3405, 0
PixelHit 1308, 975, 3.90127, 0
PixelHit 1308, 976, 6.86627, 0
PixelHit 1309, 975, 2.17311, 0
=== 51 ===
=== 52 ===
=== 53 ===
=== 54 ===
=== 55 ===
=== 56 ===
=== 57 ===
=== 58 ===
=== 59 ===
=== 60 ===
=== 61 ===
=== 62 ===
=== 63 ===
=== 64 ===
=== 65 ===
=== 66 ===
=== 67 ===
=== 68 ===
=== 69 ===
=== 70 ===
=== 71 ===
=== 72 ===
=== 73 ===
=== 74 ===
=== 75 ===
=== 76 ===
=== 77 ===
=== 78 ===
=== 79 ===
=== 80 ===
=== 81 ===
=== 82 ===
=== 83 ===
=== 84 ===
=== 85 ===
=== 86 ===
=== 87 ===
=== 88 ===
=== 89 ===
=== 90 ===
=== 91 ===
=== 92 ===
=== 93 ===
=== 94 ===
=== 95 ===
=== 96 ===
=== 97 ===
=== 98 ===
=== 99 ===
=== 100 ===
# 473 objects from 2 messages
