# Allpix Squared ASCII data - https://cern.ch/allpix-squared

=== 1 ===
=== 2 ===
=== 3 ===
=== 4 ===
=== 5 ===
=== 6 ===
=== 7 ===
=== 8 ===
=== 9 ===
=== 10 ===
=== 11 ===
=== 12 ===
=== 13 ===
=== 14 ===
=== 15 ===
=== 16 ===
=== 17 ===
=== 18 ===
=== 19 ===
=== 20 ===
=== 21 ===
=== 22 ===
=== 23 ===
=== 24 ===
=== 25 ===
=== 26 ===
=== 27 ===
=== 28 ===
=== 29 ===
=== 30 ===
=== 31 ===
=== 32 ===
=== 33 ===
=== 34 ===
=== 35 ===
--- mydetector ---
PixelHit 1293, 976, 1.91315, 0
PixelHit 1293, 978, 1.38113, 0
PixelHit 1293, 979, 2.99534, 0
PixelHit 1293, 980, 4.41389, 0
PixelHit 1293, 981, 5.99422, 0
PixelHit 1293, 982, 17.0695, 0
PixelHit 1293, 983, 41.9144, 0
PixelHit 1293, 984, 21.2284, 0
PixelHit 1293, 985, 33.8456, 0
PixelHit 1293, 986, 37.4668, 0
PixelHit 1293, 987, 41.777, 0
PixelHit 1294, 969, 3.30478, 0
PixelHit 1294, 971, 3.3016, 0
PixelHit 1294, 972, 4.75834, 0
PixelHit 1294, 973, 8.20856, 0
PixelHit 1294, 974, 13.7171, 0
PixelHit 1294, 975, 16.1545, 0
PixelHit 1294, 976, 9.16654, 0
PixelHit 1294, 977, 17.4505, 0
PixelHit 1294, 978, 20.1154, 0
PixelHit 1294, 979, 38.3283, 0
PixelHit 1294, 980, 74.9289, 0
PixelHit 1294, 981, 78.3104, 0
PixelHit 1294, 982, 120.142, 0
PixelHit 1294, 983, 191.75, 0
PixelHit 1294, 984, 58.9462, 0
PixelHit 1294, 985, 46.6742, 0
PixelHit 1294, 986, 7.31635, 0
PixelHit 1294, 987, 4.64323, 0
PixelHit 1295, 955, 2.99078, 0
PixelHit 1295, 956, 2.19684, 0
PixelHit 1295, 957, 1.01338, 0
PixelHit 1295, 958, 0.133086, 0
PixelHit 1295, 966, 5.10098, 0
PixelHit 1295, 967, 6.27824, 0
PixelHit 1295, 968, 7.66371, 0
PixelHit 1295, 969, 12.7692, 0
PixelHit 1295, 970, 7.79074, 0
PixelHit 1295, 971, 26.4765, 0
PixelHit 1295, 972, 46.3857, 0
PixelHit 1295, 973, 63.0982, 0
PixelHit 1295, 974, 58.0717, 0
PixelHit 1295, 975, 57.0466, 0
PixelHit 1295, 976, 66.81, 0
PixelHit 1295, 977, 74.4467, 0
PixelHit 1295, 978, 49.6447, 0
PixelHit 1295, 979, 43.7916, 0
PixelHit 1295, 980, 72.7974, 0
PixelHit 1295, 981, 64.5556, 0
PixelHit 1295, 982, 32.8708, 0
PixelHit 1295, 983, 16.9283, 0
PixelHit 1295, 984, 4.10416, 0
PixelHit 1296, 952, 1.50453, 0
PixelHit 1296, 953, 3.42077, 0
PixelHit 1296, 954, 0.314544, 0
PixelHit 1296, 955, 2.60704, 0
PixelHit 1296, 956, 3.81792, 0
PixelHit 1296, 957, 7.07138, 0
PixelHit 1296, 958, 11.1778, 0
PixelHit 1296, 959, 7.19612, 0
PixelHit 1296, 960, 5.65785, 0
PixelHit 1296, 961, 10.9624, 0
PixelHit 1296, 962, 4.28945, 0
PixelHit 1296, 963, 4.93619, 0
PixelHit 1296, 964, 5.04103, 0
PixelHit 1296, 965, 5.72208, 0
PixelHit 1296, 966, 8.90253, 0
PixelHit 1296, 967, 17.1199, 0
PixelHit 1296, 968, 32.5478, 0
PixelHit 1296, 969, 37.1512, 0
PixelHit 1296, 970, 30.698, 0
PixelHit 1296, 971, 48.7798, 0
PixelHit 1296, 972, 94.7653, 0
PixelHit 1296, 973, 86.6639, 0
PixelHit 1296, 974, 53.0864, 0
PixelHit 1296, 975, 40.6759, 0
PixelHit 1296, 976, 24.3477, 0
PixelHit 1296, 977, 23.1396, 0
PixelHit 1296, 978, 8.9748, 0
PixelHit 1296, 980, 2.48162, 0
PixelHit 1296, 981, 4.15822, 0
PixelHit 1297, 952, 1.52769, 0
PixelHit 1297, 953, 0.432292, 0
PixelHit 1297, 954, 4.2636, 0
PixelHit 1297, 955, 10.7929, 0
PixelHit 1297, 956, 31.3848, 0
PixelHit 1297, 957, 44.2391, 0
PixelHit 1297, 958, 42.6594, 0
PixelHit 1297, 959, 17.7182, 0
PixelHit 1297, 960, 28.8381, 0
PixelHit 1297, 961, 38.0728, 0
PixelHit 1297, 962, 18.1862, 0
PixelHit 1297, 963, 12.2195, 0
PixelHit 1297, 964, 7.36489, 0
PixelHit 1297, 965, 13.011, 0
PixelHit 1297, 966, 31.7007, 0
PixelHit 1297, 967, 32.9305, 0
PixelHit 1297, 968, 33.1219, 0
PixelHit 1297, 969, 28.1165, 0
PixelHit 1297, 970, 34.6613, 0
PixelHit 1297, 971, 27.4586, 0
PixelHit 1297, 972, 36.7889, 0
PixelHit 1297, 973, 34.2954, 0
PixelHit 1297, 974, 7.90524, 0
PixelHit 1297, 975, 5.34845, 0
PixelHit 1298, 949, 0.167682, 0
PixelHit 1298, 950, 8.98925, 0
PixelHit 1298, 951, 6.53476, 0
PixelHit 1298, 952, 10.0793, 0
PixelHit 1298, 953, 8.62519, 0
PixelHit 1298, 954, 20.9196, 0
PixelHit 1298, 955, 22.6697, 0
PixelHit 1298, 956, 56.465, 0
PixelHit 1298, 957, 75.8907, 0
PixelHit 1298, 958, 93.2496, 0
PixelHit 1298, 959, 48.1617, 0
PixelHit 1298, 960, 41.173, 0
PixelHit 1298, 961, 56.3661, 0
PixelHit 1298, 962, 25.3777, 0
PixelHit 1298, 963, 6.11984, 0
PixelHit 1298, 964, 7.70562, 0
PixelHit 1298, 965, 8.84493, 0
PixelHit 1298, 966, 6.54766, 0
PixelHit 1298, 967, 17.4035, 0
PixelHit 1298, 968, 15.2272, 0
PixelHit 1298, 969, 11.7385, 0
PixelHit 1298, 970, 9.96476, 0
PixelHit 1298, 971, 5.79278, 0
PixelHit 1298, 973, 1.55154, 0
PixelHit 1298, 974, 1.39017, 0
PixelHit 1299, 948, 1.79843, 0
PixelHit 1299, 949, 1.85905, 0
PixelHit 1299, 950, 8.20053, 0
PixelHit 1299, 951, 27.1204, 0
PixelHit 1299, 952, 18.527, 0
PixelHit 1299, 953, 28.6266, 0
PixelHit 1299, 954, 24.756, 0
PixelHit 1299, 955, 31.8492, 0
PixelHit 1299, 956, 51.5513, 0
PixelHit 1299, 957, 68.9267, 0
PixelHit 1299, 958, 64.6964, 0
PixelHit 1299, 959, 37.9488, 0
PixelHit 1299, 960, 34.0484, 0
PixelHit 1299, 961, 26.4633, 0
PixelHit 1299, 962, 16.892, 0
PixelHit 1299, 963, 7.84108, 0
PixelHit 1299, 964, 3.20416, 0
PixelHit 1299, 965, 1.3287, 0
PixelHit 1299, 966, 1.79996, 0
PixelHit 1299, 967, 3.076, 0
PixelHit 1299, 968, 3.169, 0
PixelHit 1299, 969, 2.7135, 0
PixelHit 1299, 971, 1.93607, 0
PixelHit 1300, 946, 1.35569, 0
PixelHit 1300, 947, 1.43441, 0
PixelHit 1300, 948, 4.69694, 0
PixelHit 1300, 949, 6.25901, 0
PixelHit 1300, 950, 12.4262, 0
PixelHit 1300, 951, 22.0342, 0
PixelHit 1300, 952, 28.1916, 0
PixelHit 1300, 953, 24.0524, 0
PixelHit 1300, 954, 17.5161, 0
PixelHit 1300, 955, 27.911, 0
PixelHit 1300, 956, 32.6972, 0
PixelHit 1300, 957, 35.4214, 0
PixelHit 1300, 958, 35.1378, 0
PixelHit 1300, 959, 21.3401, 0
PixelHit 1300, 960, 7.53913, 0
PixelHit 1300, 961, 10.1373, 0
PixelHit 1300, 962, 3.87461, 0
PixelHit 1300, 963, 2.46306, 0
PixelHit 1300, 965, 3.06788, 0
PixelHit 1301, 948, 3.62441, 0
PixelHit 1301, 949, 9.1685, 0
PixelHit 1301, 950, 10.9003, 0
PixelHit 1301, 951, 18.928, 0
PixelHit 1301, 952, 15.2383, 0
PixelHit 1301, 953, 11.4861, 0
PixelHit 1301, 954, 12.5851, 0
PixelHit 1301, 955, 9.45853, 0
PixelHit 1301, 956, 10.837, 0
PixelHit 1301, 957, 7.55235, 0
PixelHit 1301, 958, 5.255, 0
PixelHit 1301, 959, 5.66932, 0
PixelHit 1301, 961, 0.90935, 0
PixelHit 1301, 963, 1.80118, 0
PixelHit 1302, 948, 1.64228, 0
PixelHit 1302, 950, 4.6282, 0
PixelHit 1302, 951, 3.08479, 0
PixelHit 1302, 954, 4.05538, 0
PixelHit 1302, 955, 2.69752, 0
PixelHit 1302, 956, 1.71513, 0
PixelHit 1302, 957, 3.96377, 0
PixelHit 1302, 961, 0.86619, 0
PixelHit 1303, 953, 1.22158, 0
=== 36 ===
=== 37 ===
=== 38 ===
=== 39 ===
=== 40 ===
=== 41 ===
=== 42 ===
=== 43 ===
=== 44 ===
=== 45 ===
=== 46 ===
=== 47 ===
=== 48 ===
=== 49 ===
=== 50 ===
=== 51 ===
=== 52 ===
=== 53 ===
=== 54 ===
=== 55 ===
=== 56 ===
=== 57 ===
=== 58 ===
=== 59 ===
=== 60 ===
=== 61 ===
=== 62 ===
=== 63 ===
=== 64 ===
=== 65 ===
=== 66 ===
=== 67 ===
=== 68 ===
=== 69 ===
=== 70 ===
=== 71 ===
=== 72 ===
=== 73 ===
=== 74 ===
=== 75 ===
=== 76 ===
--- mydetector ---
PixelHit 1284, 1014, 2.44867, 0
PixelHit 1284, 1016, 2.48584, 0
PixelHit 1284, 1017, 5.33449, 0
PixelHit 1284, 1018, 7.60434, 0
PixelHit 1284, 1019, 8.88415, 0
PixelHit 1284, 1020, 16.2114, 0
PixelHit 1284, 1021, 11.0648, 0
PixelHit 1285, 996, 1.98414, 0
PixelHit 1285, 1000, 1.8275, 0
PixelHit 1285, 1006, 2.16709, 0
PixelHit 1285, 1007, 2.55875, 0
PixelHit 1285, 1008, 2.56357, 0
PixelHit 1285, 1010, 0.746389, 0
PixelHit 1285, 1011, 7.54881, 0
PixelHit 1285, 1012, 12.2803, 0
PixelHit 1285, 1013, 17.3764, 0
PixelHit 1285, 1014, 13.0213, 0
PixelHit 1285, 1015, 18.9009, 0
PixelHit 1285, 1016, 33.9311, 0
PixelHit 1285, 1017, 28.7523, 0
PixelHit 1285, 1018, 31.0478, 0
PixelHit 1285, 1019, 62.4076, 0
PixelHit 1285, 1020, 79.6385, 0
PixelHit 1285, 1021, 45.6081, 0
PixelHit 1286, 989, 0.80042, 0
PixelHit 1286, 993, 2.09405, 0
PixelHit 1286, 994, 0.666713, 0
PixelHit 1286, 995, 0.0129394, 0
PixelHit 1286, 999, 2.16355, 0
PixelHit 1286, 1000, 3.95825, 0
PixelHit 1286, 1001, 5.15276, 0
PixelHit 1286, 1002, 9.54813, 0
PixelHit 1286, 1003, 5.86918, 0
PixelHit 1286, 1004, 7.4663, 0
PixelHit 1286, 1005, 11.3967, 0
PixelHit 1286, 1006, 12.8653, 0
PixelHit 1286, 1007, 12.94, 0
PixelHit 1286, 1008, 18.4899, 0
PixelHit 1286, 1009, 22.3994, 0
PixelHit 1286, 1010, 16.9899, 0
PixelHit 1286, 1011, 23.3968, 0
PixelHit 1286, 1012, 55.0632, 0
PixelHit 1286, 1013, 43.081, 0
PixelHit 1286, 1014, 28.1125, 0
PixelHit 1286, 1015, 23.4329, 0
PixelHit 1286, 1016, 28.3405, 0
PixelHit 1286, 1017, 5.60208, 0
PixelHit 1286, 1018, 4.07662, 0
PixelHit 1286, 1019, 4.0403, 0
PixelHit 1287, 986, 2.95714, 0
PixelHit 1287, 987, 0.952572, 0
PixelHit 1287, 988, 1.74711, 0
PixelHit 1287, 989, 3.50145, 0
PixelHit 1287, 990, 4.82826, 0
PixelHit 1287, 991, 2.221, 0
PixelHit 1287, 992, 4.13295, 0
PixelHit 1287, 993, 7.18312, 0
PixelHit 1287, 994, 4.68072, 0
PixelHit 1287, 995, 4.76588, 0
PixelHit 1287, 996, 5.80415, 0
PixelHit 1287, 997, 3.36263, 0
PixelHit 1287, 998, 3.40683, 0
PixelHit 1287, 999, 12.1412, 0
PixelHit 1287, 1000, 22.7571, 0
PixelHit 1287, 1001, 38.4801, 0
PixelHit 1287, 1002, 36.5955, 0
PixelHit 1287, 1003, 13.3596, 0
PixelHit 1287, 1004, 15.3431, 0
PixelHit 1287, 1005, 21.8285, 0
PixelHit 1287, 1006, 30.3708, 0
PixelHit 1287, 1007, 39.8208, 0
PixelHit 1287, 1008, 15.556, 0
PixelHit 1287, 1009, 21.501, 0
PixelHit 1287, 1010, 24.8831, 0
PixelHit 1287, 1011, 22.0467, 0
PixelHit 1287, 1012, 23.5042, 0
PixelHit 1287, 1013, 12.5811, 0
PixelHit 1287, 1014, 11.2626, 0
PixelHit 1287, 1015, 1.51074, 0
PixelHit 1288, 985, 6.72408, 0
PixelHit 1288, 986, 12.2502, 0
PixelHit 1288, 987, 16.1071, 0
PixelHit 1288, 988, 15.7782, 0
PixelHit 1288, 989, 12.7039, 0
PixelHit 1288, 990, 14.9492, 0
PixelHit 1288, 991, 18.846, 0
PixelHit 1288, 992, 11.9456, 0
PixelHit 1288, 993, 14.5631, 0
PixelHit 1288, 994, 26.998, 0
PixelHit 1288, 995, 14.0699, 0
PixelHit 1288, 996, 19.1406, 0
PixelHit 1288, 997, 12.8458, 0
PixelHit 1288, 998, 30.497, 0
PixelHit 1288, 999, 45.596, 0
PixelHit 1288, 1000, 64.8885, 0
PixelHit 1288, 1001, 77.4288, 0
PixelHit 1288, 1002, 58.3112, 0
PixelHit 1288, 1003, 21.8022, 0
PixelHit 1288, 1004, 19.9669, 0
PixelHit 1288, 1005, 19.5375, 0
PixelHit 1288, 1006, 20.1936, 0
PixelHit 1288, 1007, 13.1712, 0
PixelHit 1288, 1008, 11.9729, 0
PixelHit 1288, 1009, 4.77029, 0
PixelHit 1288, 1010, 4.32287, 0
PixelHit 1288, 1011, 5.72907, 0
PixelHit 1288, 1012, 1.81025, 0
PixelHit 1289, 985, 17.8508, 0
PixelHit 1289, 986, 73.061, 0
PixelHit 1289, 987, 74.2815, 0
PixelHit 1289, 988, 69.2004, 0
PixelHit 1289, 989, 41.5469, 0
PixelHit 1289, 990, 41.4789, 0
PixelHit 1289, 991, 45.0637, 0
PixelHit 1289, 992, 55.167, 0
PixelHit 1289, 993, 26.1081, 0
PixelHit 1289, 994, 53.0206, 0
PixelHit 1289, 995, 42.0597, 0
PixelHit 1289, 996, 27.398, 0
PixelHit 1289, 997, 13.9193, 0
PixelHit 1289, 998, 23.1143, 0
PixelHit 1289, 999, 24.6798, 0
PixelHit 1289, 1000, 35.265, 0
PixelHit 1289, 1001, 39.3398, 0
PixelHit 1289, 1002, 25.0394, 0
PixelHit 1289, 1003, 9.16533, 0
PixelHit 1289, 1004, 4.86849, 0
PixelHit 1289, 1005, 3.37367, 0
PixelHit 1289, 1006, 4.98118, 0
PixelHit 1289, 1007, 2.88663, 0
PixelHit 1289, 1008, 3.76921, 0
PixelHit 1289, 1009, 1.85241, 0
PixelHit 1290, 984, 8.90571, 0
PixelHit 1290, 985, 28.0617, 0
PixelHit 1290, 986, 87.7276, 0
PixelHit 1290, 987, 163.763, 0
PixelHit 1290, 988, 139.135, 0
PixelHit 1290, 989, 88.9107, 0
PixelHit 1290, 990, 52.8314, 0
PixelHit 1290, 991, 56.3167, 0
PixelHit 1290, 992, 58.6213, 0
PixelHit 1290, 993, 49.8003, 0
PixelHit 1290, 994, 27.843, 0
PixelHit 1290, 995, 43.9272, 0
PixelHit 1290, 996, 18.4516, 0
PixelHit 1290, 997, 6.97733, 0
PixelHit 1290, 998, 5.80596, 0
PixelHit 1290, 999, 8.06129, 0
PixelHit 1290, 1000, 7.55158, 0
PixelHit 1290, 1001, 8.29992, 0
PixelHit 1290, 1002, 4.74341, 0
PixelHit 1291, 984, 3.33047, 0
PixelHit 1291, 985, 33.404, 0
PixelHit 1291, 986, 92.413, 0
PixelHit 1291, 987, 135.59, 0
PixelHit 1291, 988, 162.88, 0
PixelHit 1291, 989, 73.9081, 0
PixelHit 1291, 990, 35.4337, 0
PixelHit 1291, 991, 23.1168, 0
PixelHit 1291, 992, 29.998, 0
PixelHit 1291, 993, 13.4821, 0
PixelHit 1291, 994, 10.7904, 0
PixelHit 1291, 995, 11.4791, 0
PixelHit 1291, 996, 5.80139, 0
PixelHit 1291, 997, 1.81709, 0
PixelHit 1291, 999, 2.00911, 0
PixelHit 1291, 1001, 2.28378, 0
PixelHit 1291, 1002, 1.77703, 0
PixelHit 1292, 985, 10.017, 0
PixelHit 1292, 986, 41.8465, 0
PixelHit 1292, 987, 82.1947, 0
PixelHit 1292, 988, 61.421, 0
PixelHit 1292, 989, 25.2023, 0
PixelHit 1292, 990, 22.8338, 0
PixelHit 1292, 991, 2.43141, 0
PixelHit 1292, 992, 9.56228, 0
PixelHit 1292, 994, -0.159023, 0
PixelHit 1292, 995, 3.0957, 0
PixelHit 1293, 985, 8.48955, 0
PixelHit 1293, 986, 10.8011, 0
PixelHit 1293, 987, 19.7361, 0
PixelHit 1293, 988, 14.9319, 0
PixelHit 1293, 989, 10.483, 0
PixelHit 1293, 991, 1.82843, 0
PixelHit 1294, 986, 1.3539, 0
PixelHit 1294, 988, 0.906549, 0
PixelHit 1294, 989, 1.81253, 0
PixelHit 1294, 991, 0.497039, 0
PixelHit 1297, 980, 3.76205, 0
PixelHit 1297, 981, 3.76185, 0
PixelHit 1297, 983, 3.87098, 0
PixelHit 1297, 984, 4.18429, 0
PixelHit 1298, 975, 4.82185, 0
PixelHit 1298, 976, 2.12618, 0
PixelHit 1298, 977, 12.9407, 0
PixelHit 1298, 978, 10.9772, 0
PixelHit 1298, 979, 10.8646, 0
PixelHit 1298, 980, 11.6781, 0
PixelHit 1298, 981, 48.2516, 0
PixelHit 1298, 982, 11.5773, 0
PixelHit 1298, 983, 110.653, 0
PixelHit 1298, 984, 43.5879, 0
PixelHit 1299, 956, 2.02624, 0
PixelHit 1299, 961, 3.00324, 0
PixelHit 1299, 964, 1.90015, 0
PixelHit 1299, 965, 3.38186, 0
PixelHit 1299, 966, 2.17753, 0
PixelHit 1299, 968, 2.96416, 0
PixelHit 1299, 969, 2.61163, 0
PixelHit 1299, 970, 3.65112, 0
PixelHit 1299, 971, 3.53995, 0
PixelHit 1299, 972, 2.4149, 0
PixelHit 1299, 973, 10.7066, 0
PixelHit 1299, 974, 8.43845, 0
PixelHit 1299, 975, 10.2133, 0
PixelHit 1299, 976, 7.74108, 0
PixelHit 1299, 977, 45.3642, 0
PixelHit 1299, 978, 26.6191, 0
PixelHit 1299, 979, 10.6699, 0
PixelHit 1299, 980, 9.816, 0
PixelHit 1299, 981, 21.6182, 0
PixelHit 1299, 982, 4.12911, 0
PixelHit 1299, 983, 1.72436, 0
PixelHit 1299, 984, 2.2585, 0
PixelHit 1300, 953, 1.53257, 0
PixelHit 1300, 954, 2.23006, 0
PixelHit 1300, 956, 1.04659, 0
PixelHit 1300, 957, 2.11016, 0
PixelHit 1300, 958, 2.18081, 0
PixelHit 1300, 960, 4.71665, 0
PixelHit 1300, 961, 9.30867, 0
PixelHit 1300, 962, 9.03707, 0
PixelHit 1300, 963, 3.26276, 0
PixelHit 1300, 964, 8.05771, 0
PixelHit 1300, 965, 12.8404, 0
PixelHit 1300, 966, 5.07588, 0
PixelHit 1300, 967, 11.6205, 0
PixelHit 1300, 968, 18.3465, 0
PixelHit 1300, 969, 26.2053, 0
PixelHit 1300, 970, 15.6284, 0
PixelHit 1300, 971, 6.44562, 0
PixelHit 1300, 972, 11.1842, 0
PixelHit 1300, 973, 10.7482, 0
PixelHit 1300, 974, 18.3033, 0
PixelHit 1300, 975, 6.91589, 0
PixelHit 1300, 976, 6.35139, 0
PixelHit 1300, 977, 9.8173, 0
PixelHit 1300, 978, 3.33019, 0
PixelHit 1300, 981, 1.05514, 0
PixelHit 1301, 953, 2.75684, 0
PixelHit 1301, 954, 8.76894, 0
PixelHit 1301, 955, 19.6908, 0
PixelHit 1301, 956, 10.884, 0
PixelHit 1301, 957, 9.75157, 0
PixelHit 1301, 958, 8.94451, 0
PixelHit 1301, 959, 9.02545, 0
PixelHit 1301, 960, 16.1263, 0
PixelHit 1301, 961, 32.5417, 0
PixelHit 1301, 962, 20.14, 0
PixelHit 1301, 963, 12.4892, 0
PixelHit 1301, 964, 30.2409, 0
PixelHit 1301, 965, 16.7604, 0
PixelHit 1301, 966, 7.93746, 0
PixelHit 1301, 967, 7.45498, 0
PixelHit 1301, 968, 25.2018, 0
PixelHit 1301, 969, 26.5659, 0
PixelHit 1301, 970, 13.324, 0
PixelHit 1301, 971, 6.51074, 0
PixelHit 1302, 948, 3.59535, 0
PixelHit 1302, 949, 2.42956, 0
PixelHit 1302, 950, 5.64807, 0
PixelHit 1302, 951, 3.86309, 0
PixelHit 1302, 952, 6.71612, 0
PixelHit 1302, 953, 10.4087, 0
PixelHit 1302, 954, 20.6174, 0
PixelHit 1302, 955, 23.7567, 0
PixelHit 1302, 956, 39.9295, 0
PixelHit 1302, 957, 15.2487, 0
PixelHit 1302, 958, 20.8407, 0
PixelHit 1302, 959, 18.3039, 0
PixelHit 1302, 960, 34.8794, 0
PixelHit 1302, 961, 17.4402, 0
PixelHit 1302, 962, 29.1272, 0
PixelHit 1302, 963, 16.7234, 0
PixelHit 1302, 964, 17.3311, 0
PixelHit 1302, 965, 14.1031, 0
PixelHit 1302, 966, 11.6331, 0
PixelHit 1302, 967, 10.5337, 0
PixelHit 1302, 968, 5.90908, 0
PixelHit 1302, 969, 7.46254, 0
PixelHit 1302, 970, 6.64582, 0
PixelHit 1303, 948, 1.66259, 0
PixelHit 1303, 949, 5.2513, 0
PixelHit 1303, 950, 11.2982, 0
PixelHit 1303, 951, 3.39541, 0
PixelHit 1303, 952, 19.5926, 0
PixelHit 1303, 953, 9.58048, 0
PixelHit 1303, 954, 27.2258, 0
PixelHit 1303, 955, 47.2429, 0
PixelHit 1303, 956, 52.2847, 0
PixelHit 1303, 957, 26.8859, 0
PixelHit 1303, 958, 11.6695, 0
PixelHit 1303, 959, 19.9991, 0
PixelHit 1303, 960, 13.0503, 0
PixelHit 1303, 961, 10.6847, 0
PixelHit 1303, 962, 4.29396, 0
PixelHit 1303, 963, 5.37271, 0
PixelHit 1303, 964, 2.5887, 0
PixelHit 1303, 965, 4.24056, 0
PixelHit 1303, 966, 2.56588, 0
PixelHit 1303, 967, 3.19795, 0
PixelHit 1303, 971, 1.59288, 0
PixelHit 1304, 947, 2.84759, 0
PixelHit 1304, 948, 11.2103, 0
PixelHit 1304, 949, 19.1736, 0
PixelHit 1304, 950, 12.3114, 0
PixelHit 1304, 951, 13.2081, 0
PixelHit 1304, 952, 6.97838, 0
PixelHit 1304, 953, 7.16717, 0
PixelHit 1304, 954, 18.2264, 0
PixelHit 1304, 955, 29.394, 0
PixelHit 1304, 956, 22.6597, 0
PixelHit 1304, 957, 11.9232, 0
PixelHit 1304, 958, 6.06945, 0
PixelHit 1304, 959, 2.96346, 0
PixelHit 1304, 960, 7.17064, 0
PixelHit 1304, 961, 2.15591, 0
PixelHit 1304, 962, 4.2706, 0
PixelHit 1304, 969, 1.55325, 0
PixelHit 1305, 947, 2.80641, 0
PixelHit 1305, 948, 5.21305, 0
PixelHit 1305, 949, 7.11791, 0
PixelHit 1305, 950, 8.70203, 0
PixelHit 1305, 951, 9.82405, 0
PixelHit 1305, 952, 4.36744, 0
PixelHit 1305, 953, 3.96209, 0
PixelHit 1305, 954, 5.50144, 0
PixelHit 1305, 955, 7.15677, 0
PixelHit 1305, 956, 4.67207, 0
PixelHit 1305, 957, 3.83, 0
PixelHit 1305, 959, -0.436551, 0
PixelHit 1306, 948, 2.15094, 0
PixelHit 1306, 949, 2.31111, 0
PixelHit 1306, 950, 1.92019, 0
PixelHit 1306, 951, 3.02459, 0
PixelHit 1306, 952, 0.426868, 0
PixelHit 1306, 956, 0.622036, 0
PixelHit 1307, 950, 1.38851, 0
=== 77 ===
=== 78 ===
=== 79 ===
=== 80 ===
=== 81 ===
=== 82 ===
=== 83 ===
=== 84 ===
=== 85 ===
=== 86 ===
=== 87 ===
=== 88 ===
=== 89 ===
=== 90 ===
=== 91 ===
=== 92 ===
=== 93 ===
=== 94 ===
=== 95 ===
=== 96 ===
=== 97 ===
=== 98 ===
=== 99 ===
=== 100 ===
--- mydetector ---
PixelHit 1291, 988, 1.22777, 0
PixelHit 1292, 978, 3.48064, 0
PixelHit 1292, 979, 2.54103, 0
PixelHit 1292, 980, 4.54869, 0
PixelHit 1292, 981, 3.33617, 0
PixelHit 1292, 982, 2.66588, 0
PixelHit 1292, 984, 10.9796, 0
PixelHit 1292, 985, 14.8197, 0
PixelHit 1292, 986, 16.2531, 0
PixelHit 1292, 987, 45.7464, 0
PixelHit 1292, 988, 15.0466, 0
PixelHit 1293, 969, 0.695816, 0
PixelHit 1293, 972, 2.9672, 0
PixelHit 1293, 973, 2.15101, 0
PixelHit 1293, 975, 1.78279, 0
PixelHit 1293, 976, 10.9038, 0
PixelHit 1293, 977, 13.3652, 0
PixelHit 1293, 978, 31.8774, 0
PixelHit 1293, 979, 53.2713, 0
PixelHit 1293, 980, 39.0283, 0
PixelHit 1293, 981, 36.1837, 0
PixelHit 1293, 982, 37.7079, 0
PixelHit 1293, 983, 34.4107, 0
PixelHit 1293, 984, 77.6306, 0
PixelHit 1293, 985, 66.7769, 0
PixelHit 1293, 986, 27.737, 0
PixelHit 1293, 987, 24.8684, 0
PixelHit 1293, 988, 8.67215, 0
PixelHit 1293, 993, 2.27903, 0
PixelHit 1293, 994, 1.13853, 0
PixelHit 1294, 960, 2.00045, 0
PixelHit 1294, 964, 1.81405, 0
PixelHit 1294, 966, 4.56504, 0
PixelHit 1294, 968, 4.72741, 0
PixelHit 1294, 969, 11.1754, 0
PixelHit 1294, 970, 13.3453, 0
PixelHit 1294, 971, 12.7451, 0
PixelHit 1294, 972, 17.5841, 0
PixelHit 1294, 973, 22.3841, 0
PixelHit 1294, 974, 28.4149, 0
PixelHit 1294, 975, 23.1884, 0
PixelHit 1294, 976, 30.793, 0
PixelHit 1294, 977, 51.0578, 0
PixelHit 1294, 978, 90.0643, 0
PixelHit 1294, 979, 148.446, 0
PixelHit 1294, 980, 80.3504, 0
PixelHit 1294, 981, 68.1918, 0
PixelHit 1294, 982, 30.2501, 0
PixelHit 1294, 983, 18.9208, 0
PixelHit 1294, 984, 11.632, 0
PixelHit 1294, 985, 6.05935, 0
PixelHit 1294, 986, 3.17482, 0
PixelHit 1294, 987, 3.50787, 0
PixelHit 1294, 988, 1.60774, 0
PixelHit 1294, 989, 8.11424, 0
PixelHit 1294, 990, 13.667, 0
PixelHit 1294, 991, 20.9072, 0
PixelHit 1294, 992, 9.79972, 0
PixelHit 1294, 993, 73.0516, 0
PixelHit 1294, 994, 51.9648, 0
PixelHit 1295, 954, 1.20446, 0
PixelHit 1295, 955, 3.97298, 0
PixelHit 1295, 956, 4.04565, 0
PixelHit 1295, 959, 2.10657, 0
PixelHit 1295, 961, 6.14364, 0
PixelHit 1295, 962, 6.46085, 0
PixelHit 1295, 963, 7.01217, 0
PixelHit 1295, 964, 13.6048, 0
PixelHit 1295, 965, 10.7141, 0
PixelHit 1295, 966, 7.68481, 0
PixelHit 1295, 967, 14.1792, 0
PixelHit 1295, 968, 20.4576, 0
PixelHit 1295, 969, 22.8786, 0
PixelHit 1295, 970, 39.6264, 0
PixelHit 1295, 971, 27.7917, 0
PixelHit 1295, 972, 35.1012, 0
PixelHit 1295, 973, 51.2195, 0
PixelHit 1295, 974, 48.0661, 0
PixelHit 1295, 975, 33.7197, 0
PixelHit 1295, 976, 38.9363, 0
PixelHit 1295, 977, 38.1653, 0
PixelHit 1295, 978, 46.6422, 0
PixelHit 1295, 979, 58.1442, 0
PixelHit 1295, 980, 17.9629, 0
PixelHit 1295, 981, 7.74328, 0
PixelHit 1295, 982, 12.6609, 0
PixelHit 1295, 983, 23.6547, 0
PixelHit 1295, 984, 13.0633, 0
PixelHit 1295, 985, 23.6475, 0
PixelHit 1295, 986, 33.7803, 0
PixelHit 1295, 987, 15.1966, 0
PixelHit 1295, 988, 7.55792, 0
PixelHit 1295, 989, 27.0614, 0
PixelHit 1295, 990, 79.125, 0
PixelHit 1295, 991, 48.459, 0
PixelHit 1295, 992, 9.07312, 0
PixelHit 1295, 993, 8.22139, 0
PixelHit 1295, 994, 16.4326, 0
PixelHit 1296, 952, 1.53618, 0
PixelHit 1296, 953, 4.20119, 0
PixelHit 1296, 954, 9.25049, 0
PixelHit 1296, 955, 16.9521, 0
PixelHit 1296, 956, 19.4486, 0
PixelHit 1296, 957, 18.7108, 0
PixelHit 1296, 958, 13.1381, 0
PixelHit 1296, 959, 13.0534, 0
PixelHit 1296, 960, 10.7999, 0
PixelHit 1296, 961, 14.915, 0
PixelHit 1296, 962, 24.3221, 0
PixelHit 1296, 963, 30.8263, 0
PixelHit 1296, 964, 49.8495, 0
PixelHit 1296, 965, 41.3285, 0
PixelHit 1296, 966, 27.632, 0
PixelHit 1296, 967, 34.1884, 0
PixelHit 1296, 968, 28.3569, 0
PixelHit 1296, 969, 32.0365, 0
PixelHit 1296, 970, 30.2546, 0
PixelHit 1296, 971, 38.5192, 0
PixelHit 1296, 972, 32.5959, 0
PixelHit 1296, 973, 34.6233, 0
PixelHit 1296, 974, 22.7421, 0
PixelHit 1296, 975, 14.664, 0
PixelHit 1296, 976, 7.48453, 0
PixelHit 1296, 977, 15.9953, 0
PixelHit 1296, 978, 22.3413, 0
PixelHit 1296, 979, 25.5795, 0
PixelHit 1296, 980, 19.4545, 0
PixelHit 1296, 981, 19.1293, 0
PixelHit 1296, 982, 48.5036, 0
PixelHit 1296, 983, 68.048, 0
PixelHit 1296, 984, 31.7351, 0
PixelHit 1296, 985, 34.6999, 0
PixelHit 1296, 986, 28.976, 0
PixelHit 1296, 987, 17.8519, 0
PixelHit 1296, 988, 3.59995, 0
PixelHit 1296, 989, 7.14121, 0
PixelHit 1296, 990, 7.88805, 0
PixelHit 1296, 991, 2.68097, 0
PixelHit 1297, 952, 13.2069, 0
PixelHit 1297, 953, 18.6955, 0
PixelHit 1297, 954, 53.3944, 0
PixelHit 1297, 955, 54.1898, 0
PixelHit 1297, 956, 48.618, 0
PixelHit 1297, 957, 27.0879, 0
PixelHit 1297, 958, 21.9271, 0
PixelHit 1297, 959, 23.2085, 0
PixelHit 1297, 960, 21.449, 0
PixelHit 1297, 961, 23.4884, 0
PixelHit 1297, 962, 26.4757, 0
PixelHit 1297, 963, 38.2554, 0
PixelHit 1297, 964, 40.1053, 0
PixelHit 1297, 965, 37.914, 0
PixelHit 1297, 966, 22.273, 0
PixelHit 1297, 967, 24.4107, 0
PixelHit 1297, 968, 20.3084, 0
PixelHit 1297, 969, 17.4274, 0
PixelHit 1297, 970, 24.1006, 0
PixelHit 1297, 971, 25.2397, 0
PixelHit 1297, 972, 24.8116, 0
PixelHit 1297, 973, 36.5993, 0
PixelHit 1297, 974, 33.0877, 0
PixelHit 1297, 975, 17.2666, 0
PixelHit 1297, 976, 20.7265, 0
PixelHit 1297, 977, 17.1475, 0
PixelHit 1297, 978, 28.1564, 0
PixelHit 1297, 979, 38.6655, 0
PixelHit 1297, 980, 15.1121, 0
PixelHit 1297, 981, 27.2505, 0
PixelHit 1297, 982, 26.3568, 0
PixelHit 1297, 983, 40.1501, 0
PixelHit 1297, 984, 13.682, 0
PixelHit 1297, 985, 7.38038, 0
PixelHit 1297, 986, 3.72223, 0
PixelHit 1297, 988, 1.09189, 0
PixelHit 1298, 951, 3.17082, 0
PixelHit 1298, 952, 20.4109, 0
PixelHit 1298, 953, 45.7964, 0
PixelHit 1298, 954, 89.9435, 0
PixelHit 1298, 955, 82.5277, 0
PixelHit 1298, 956, 69.949, 0
PixelHit 1298, 957, 43.1382, 0
PixelHit 1298, 958, 25.4198, 0
PixelHit 1298, 959, 18.8739, 0
PixelHit 1298, 960, 20.5098, 0
PixelHit 1298, 961, 17.311, 0
PixelHit 1298, 962, 21.0889, 0
PixelHit 1298, 963, 29.005, 0
PixelHit 1298, 964, 27.7303, 0
PixelHit 1298, 965, 19.3698, 0
PixelHit 1298, 966, 17.7426, 0
PixelHit 1298, 967, 18.2567, 0
PixelHit 1298, 968, 24.0934, 0
PixelHit 1298, 969, 21.787, 0
PixelHit 1298, 970, 33.9617, 0
PixelHit 1298, 971, 34.4622, 0
PixelHit 1298, 972, 36.7934, 0
PixelHit 1298, 973, 41.5804, 0
PixelHit 1298, 974, 33.6426, 0
PixelHit 1298, 975, 36.9783, 0
PixelHit 1298, 976, 5.42192, 0
PixelHit 1298, 977, 12.136, 0
PixelHit 1298, 978, 18.4959, 0
PixelHit 1298, 979, 12.3728, 0
PixelHit 1298, 980, 4.68715, 0
PixelHit 1298, 982, 4.48876, 0
PixelHit 1298, 983, 0.440953, 0
PixelHit 1299, 950, 0.311043, 0
PixelHit 1299, 951, 4.80014, 0
PixelHit 1299, 952, 15.438, 0
PixelHit 1299, 953, 38.3941, 0
PixelHit 1299, 954, 66.547, 0
PixelHit 1299, 955, 65.3143, 0
PixelHit 1299, 956, 51.247, 0
PixelHit 1299, 957, 31.9488, 0
PixelHit 1299, 958, 15.8417, 0
PixelHit 1299, 959, 20.7819, 0
PixelHit 1299, 960, 27.3183, 0
PixelHit 1299, 961, 15.5313, 0
PixelHit 1299, 962, 33.3503, 0
PixelHit 1299, 963, 24.9584, 0
PixelHit 1299, 964, 29.0492, 0
PixelHit 1299, 965, 21.2372, 0
PixelHit 1299, 966, 21.271, 0
PixelHit 1299, 967, 25.1515, 0
PixelHit 1299, 968, 22.523, 0
PixelHit 1299, 969, 26.5451, 0
PixelHit 1299, 970, 31.9884, 0
PixelHit 1299, 971, 26.1252, 0
PixelHit 1299, 972, 16.2742, 0
PixelHit 1299, 973, 21.2196, 0
PixelHit 1299, 974, 11.5431, 0
PixelHit 1299, 975, 9.27437, 0
PixelHit 1299, 978, 4.00055, 0
PixelHit 1299, 979, 1.49584, 0
PixelHit 1300, 950, 0.762677, 0
PixelHit 1300, 952, 7.22691, 0
PixelHit 1300, 953, 14.2213, 0
PixelHit 1300, 954, 21.4233, 0
PixelHit 1300, 955, 27.3051, 0
PixelHit 1300, 956, 15.3643, 0
PixelHit 1300, 957, 18.3577, 0
PixelHit 1300, 958, 20.0869, 0
PixelHit 1300, 959, 27.6327, 0
PixelHit 1300, 960, 28.4636, 0
PixelHit 1300, 961, 33.5774, 0
PixelHit 1300, 962, 32.0148, 0
PixelHit 1300, 963, 24.5354, 0
PixelHit 1300, 964, 25.5044, 0
PixelHit 1300, 965, 16.1763, 0
PixelHit 1300, 966, 11.4774, 0
PixelHit 1300, 967, 17.8576, 0
PixelHit 1300, 968, 12.7312, 0
PixelHit 1300, 969, 9.66643, 0
PixelHit 1300, 970, 8.95102, 0
PixelHit 1300, 971, 11.4904, 0
PixelHit 1300, 972, 6.2635, 0
PixelHit 1300, 974, 2.38046, 0
PixelHit 1300, 975, 1.98285, 0
PixelHit 1301, 952, 1.94883, 0
PixelHit 1301, 953, 3.43472, 0
PixelHit 1301, 954, 5.97775, 0
PixelHit 1301, 955, 5.22579, 0
PixelHit 1301, 956, 4.97419, 0
PixelHit 1301, 957, 4.0273, 0
PixelHit 1301, 958, 10.7811, 0
PixelHit 1301, 959, 17.9268, 0
PixelHit 1301, 960, 21.1144, 0
PixelHit 1301, 961, 13.6603, 0
PixelHit 1301, 962, 18.1018, 0
PixelHit 1301, 963, 15.9993, 0
PixelHit 1301, 964, 11.9317, 0
PixelHit 1301, 965, 10.0958, 0
PixelHit 1301, 966, 2.41315, 0
PixelHit 1301, 967, 3.55558, 0
PixelHit 1301, 968, 4.17892, 0
PixelHit 1301, 969, 2.41992, 0
PixelHit 1301, 970, 1.60503, 0
PixelHit 1302, 952, 2.32976, 0
PixelHit 1302, 956, 1.47466, 0
PixelHit 1302, 957, 1.51204, 0
PixelHit 1302, 958, 0.795017, 0
PixelHit 1302, 959, 7.49203, 0
PixelHit 1302, 960, 7.33649, 0
PixelHit 1302, 961, 5.74051, 0
PixelHit 1302, 962, 7.10952, 0
PixelHit 1302, 963, 3.52477, 0
PixelHit 1302, 964, 2.99937, 0
PixelHit 1302, 965, 1.35925, 0
PixelHit 1303, 959, 3.10749, 0
PixelHit 1303, 963, 1.47582, 0
# 833 objects from 3 messages
