# Allpix Squared ASCII data - https://cern.ch/allpix-squared

=== 1 ===
=== 2 ===
=== 3 ===
=== 4 ===
=== 5 ===
=== 6 ===
=== 7 ===
--- mydetector ---
PixelHit 1285, 976, 2.14054, 0
PixelHit 1285, 977, 53.9506, 0
PixelHit 1285, 978, 48.3014, 0
PixelHit 1285, 979, 1.79206, 0
PixelHit 1286, 976, 6.85344, 0
PixelHit 1286, 977, 87.4468, 0
PixelHit 1286, 978, 14.1741, 0
PixelHit 1287, 975, 7.57366, 0
PixelHit 1287, 976, 103.041, 0
PixelHit 1287, 977, 64.5307, 0
PixelHit 1288, 974, 1.33888, 0
PixelHit 1288, 975, 45.7408, 0
PixelHit 1288, 976, 124.427, 0
PixelHit 1288, 977, 32.3285, 0
PixelHit 1288, 991, 1.14039, 0
PixelHit 1289, 973, 2.67922, 0
PixelHit 1289, 974, 20.5449, 0
PixelHit 1289, 975, 89.339, 0
PixelHit 1289, 976, 54.4273, 0
PixelHit 1289, 977, 4.86462, 0
PixelHit 1289, 991, 208.045, 0
PixelHit 1289, 992, 133.056, 0
PixelHit 1290, 973, 11.7665, 0
PixelHit 1290, 974, 56.5108, 0
PixelHit 1290, 975, 95.3906, 0
PixelHit 1290, 976, 36.1996, 0
PixelHit 1290, 990, 13.7297, 0
PixelHit 1290, 991, 121.095, 0
PixelHit 1290, 992, 41.6647, 0
PixelHit 1291, 972, 8.51635, 0
PixelHit 1291, 973, 20.6098, 0
PixelHit 1291, 974, 40.4564, 0
PixelHit 1291, 975, 52.1341, 0
PixelHit 1291, 976, 7.96825, 0
PixelHit 1291, 989, 8.44911, 0
PixelHit 1291, 990, 83.759, 0
PixelHit 1291, 991, 69.0263, 0
PixelHit 1291, 992, 2.8063, 0
PixelHit 1292, 972, 25.1782, 0
PixelHit 1292, 973, 82.7825, 0
PixelHit 1292, 974, 86.5836, 0
PixelHit 1292, 975, 19.4142, 0
PixelHit 1292, 988, 2.10248, 0
PixelHit 1292, 989, 21.8235, 0
PixelHit 1292, 990, 93.6034, 0
PixelHit 1292, 991, 34.9192, 0
PixelHit 1292, 992, 1.62141, 0
PixelHit 1293, 971, 16.1525, 0
PixelHit 1293, 972, 30.4743, 0
PixelHit 1293, 973, 75.8324, 0
PixelHit 1293, 974, 70.7634, 0
PixelHit 1293, 975, 9.66346, 0
PixelHit 1293, 976, 2.31625, 0
PixelHit 1293, 987, 6.39126, 0
PixelHit 1293, 988, 27.2621, 0
PixelHit 1293, 989, 79.2587, 0
PixelHit 1293, 990, 38.2831, 0
PixelHit 1293, 991, 0.831941, 0
PixelHit 1294, 970, 12.7203, 0
PixelHit 1294, 971, 38.0583, 0
PixelHit 1294, 972, 80.873, 0
PixelHit 1294, 973, 52.4001, 0
PixelHit 1294, 974, 24.4531, 0
PixelHit 1294, 975, 4.16862, 0
PixelHit 1294, 985, 0.758023, 0
PixelHit 1294, 986, 2.22629, 0
PixelHit 1294, 987, 15.9686, 0
PixelHit 1294, 988, 102.856, 0
PixelHit 1294, 989, 96.9275, 0
PixelHit 1294, 990, 29.8555, 0
PixelHit 1294, 991, 1.11566, 0
PixelHit 1295, 969, 8.96442, 0
PixelHit 1295, 970, 13.6344, 0
PixelHit 1295, 971, 73.6332, 0
PixelHit 1295, 972, 93.5476, 0
PixelHit 1295, 973, 49.2858, 0
PixelHit 1295, 974, 14.2826, 0
PixelHit 1295, 986, 9.77886, 0
PixelHit 1295, 987, 65.682, 0
PixelHit 1295, 988, 123.984, 0
PixelHit 1295, 989, 66.2074, 0
PixelHit 1295, 990, 13.6703, 0
PixelHit 1296, 968, 4.11812, 0
PixelHit 1296, 969, 17.259, 0
PixelHit 1296, 970, 37.0962, 0
PixelHit 1296, 971, 90.3655, 0
PixelHit 1296, 972, 90.5581, 0
PixelHit 1296, 973, 30.2199, 0
PixelHit 1296, 974, 3.02083, 0
PixelHit 1296, 985, 4.04426, 0
PixelHit 1296, 986, 38.408, 0
PixelHit 1296, 987, 116.075, 0
PixelHit 1296, 988, 119.326, 0
PixelHit 1296, 989, 34.3087, 0
PixelHit 1296, 990, 3.49121, 0
PixelHit 1297, 969, 10.7619, 0
PixelHit 1297, 970, 69.7223, 0
PixelHit 1297, 971, 87.6744, 0
PixelHit 1297, 972, 56.9703, 0
PixelHit 1297, 973, 13.172, 0
PixelHit 1297, 974, 2.1549, 0
PixelHit 1297, 985, 7.70667, 0
PixelHit 1297, 986, 23.2664, 0
PixelHit 1297, 987, 61.5214, 0
PixelHit 1297, 988, 51.1015, 0
PixelHit 1297, 989, 7.36882, 0
PixelHit 1298, 967, 2.46575, 0
PixelHit 1298, 968, 4.94697, 0
PixelHit 1298, 969, 11.229, 0
PixelHit 1298, 970, 26.2039, 0
PixelHit 1298, 971, 57.796, 0
PixelHit 1298, 972, 28.3994, 0
PixelHit 1298, 973, 4.59451, 0
PixelHit 1298, 982, 2.29798, 0
PixelHit 1298, 984, 7.10612, 0
PixelHit 1298, 985, 9.65199, 0
PixelHit 1298, 986, 27.5161, 0
PixelHit 1298, 987, 27.7512, 0
PixelHit 1298, 988, 11.5399, 0
PixelHit 1299, 967, 2.26559, 0
PixelHit 1299, 968, 6.31075, 0
PixelHit 1299, 969, 18.9199, 0
PixelHit 1299, 970, 21.5738, 0
PixelHit 1299, 971, 18.2478, 0
PixelHit 1299, 972, 10.9593, 0
PixelHit 1299, 983, 2.83348, 0
PixelHit 1299, 984, 8.62679, 0
PixelHit 1299, 985, 20.4513, 0
PixelHit 1299, 986, 22.3504, 0
PixelHit 1299, 987, 11.2971, 0
PixelHit 1299, 988, 2.03948, 0
PixelHit 1300, 967, 2.60442, 0
PixelHit 1300, 968, 17.0642, 0
PixelHit 1300, 969, 12.3218, 0
PixelHit 1300, 970, 13.9396, 0
PixelHit 1300, 971, 1.23776, 0
PixelHit 1300, 972, 2.14994, 0
PixelHit 1300, 982, 1.76132, 0
PixelHit 1300, 984, 11.8336, 0
PixelHit 1300, 985, 17.2485, 0
PixelHit 1300, 986, 15.6309, 0
PixelHit 1300, 987, 5.60291, 0
PixelHit 1301, 966, 1.23255, 0
PixelHit 1301, 967, 6.64522, 0
PixelHit 1301, 968, 17.4465, 0
PixelHit 1301, 969, 15.1907, 0
PixelHit 1301, 970, 10.5724, 0
PixelHit 1301, 971, 3.82426, 0
PixelHit 1301, 982, 5.54259, 0
PixelHit 1301, 983, 9.72529, 0
PixelHit 1301, 984, 30.8817, 0
PixelHit 1301, 985, 29.7356, 0
PixelHit 1301, 986, 10.2415, 0
PixelHit 1301, 987, 4.92517, 0
PixelHit 1302, 966, 3.72096, 0
PixelHit 1302, 967, 11.192, 0
PixelHit 1302, 968, 12.7861, 0
PixelHit 1302, 969, 5.71002, 0
PixelHit 1302, 981, 1.65215, 0
PixelHit 1302, 982, 10.8284, 0
PixelHit 1302, 983, 24.1937, 0
PixelHit 1302, 984, 34.9686, 0
PixelHit 1302, 985, 21.2784, 0
PixelHit 1302, 986, 4.34476, 0
PixelHit 1302, 987, 2.48639, 0
PixelHit 1303, 966, 2.21932, 0
PixelHit 1303, 967, 2.29352, 0
PixelHit 1303, 968, 5.87493, 0
PixelHit 1303, 969, 6.77176, 0
PixelHit 1303, 971, 2.0933, 0
PixelHit 1303, 981, 7.15465, 0
PixelHit 1303, 982, 15.7559, 0
PixelHit 1303, 983, 34.0921, 0
PixelHit 1303, 984, 34.8311, 0
PixelHit 1303, 985, 28.4758, 0
PixelHit 1303, 986, 3.9653, 0
PixelHit 1304, 967, 2.24223, 0
PixelHit 1304, 969, 3.79678, 0
PixelHit 1304, 970, 0.952239, 0
PixelHit 1304, 980, 2.80563, 0
PixelHit 1304, 981, 18.9982, 0
PixelHit 1304, 982, 34.3336, 0
PixelHit 1304, 983, 42.569, 0
PixelHit 1304, 984, 28.6154, 0
PixelHit 1304, 985, 6.38268, 0
PixelHit 1304, 986, 2.25278, 0
PixelHit 1305, 980, 6.04452, 0
PixelHit 1305, 981, 21.261, 0
PixelHit 1305, 982, 41.0621, 0
PixelHit 1305, 983, 39.3467, 0
PixelHit 1305, 984, 19.5581, 0
PixelHit 1305, 985, 6.23803, 0
PixelHit 1306, 980, 6.71866, 0
PixelHit 1306, 981, 24.7554, 0
PixelHit 1306, 982, 31.7643, 0
PixelHit 1306, 983, 18.3136, 0
PixelHit 1306, 984, 6.08954, 0
PixelHit 1307, 978, 1.99149, 0
PixelHit 1307, 980, 5.66373, 0
PixelHit 1307, 981, 17.3259, 0
PixelHit 1307, 982, 19.391, 0
PixelHit 1307, 983, 13.3326, 0
PixelHit 1307, 984, 2.88072, 0
PixelHit 1308, 979, 3.30991, 0
PixelHit 1308, 980, 3.09789, 0
PixelHit 1308, 981, 6.29526, 0
PixelHit 1308, 982, 13.8334, 0
PixelHit 1308, 984, 3.78372, 0
PixelHit 1309, 982, 4.82422, 0
PixelHit 1309, 983, 2.0361, 0
=== 8 ===
=== 9 ===
=== 10 ===
=== 11 ===
=== 12 ===
=== 13 ===
=== 14 ===
=== 15 ===
=== 16 ===
=== 17 ===
=== 18 ===
=== 19 ===
--- mydetector ---
PixelHit 1281, 977, 20.5241, 0
PixelHit 1281, 978, 25.3612, 0
PixelHit 1282, 976, 1.18044, 0
PixelHit 1282, 977, 43.5988, 0
PixelHit 1282, 978, 75.6926, 0
PixelHit 1282, 979, -0.193345, 0
PixelHit 1283, 976, 14.9418, 0
PixelHit 1283, 977, 110.111, 0
PixelHit 1283, 978, 31.9641, 0
PixelHit 1284, 974, 3.85053, 0
PixelHit 1284, 975, 17.9442, 0
PixelHit 1284, 976, 59.68, 0
PixelHit 1284, 977, 63.0898, 0
PixelHit 1284, 978, 13.8446, 0
PixelHit 1285, 973, 4.03529, 0
PixelHit 1285, 974, 27.5525, 0
PixelHit 1285, 975, 133.654, 0
PixelHit 1285, 976, 138.412, 0
PixelHit 1285, 977, 30.4902, 0
PixelHit 1286, 972, 0.941935, 0
PixelHit 1286, 973, 33.2939, 0
PixelHit 1286, 974, 154.669, 0
PixelHit 1286, 975, 337.401, 0
PixelHit 1286, 976, 172.159, 0
PixelHit 1286, 977, 10.9746, 0
PixelHit 1287, 972, 16.2301, 0
PixelHit 1287, 973, 147.297, 0
PixelHit 1287, 974, 388.152, 0
PixelHit 1287, 975, 439.741, 0
PixelHit 1287, 976, 130.121, 0
PixelHit 1287, 977, 9.85033, 0
PixelHit 1288, 970, 1.8667, 0
PixelHit 1288, 971, 2.90983, 0
PixelHit 1288, 972, 44.4153, 0
PixelHit 1288, 973, 188.09, 0
PixelHit 1288, 974, 407.864, 0
PixelHit 1288, 975, 269.269, 0
PixelHit 1288, 976, 42.8145, 0
PixelHit 1288, 977, 4.40904, 0
PixelHit 1289, 971, 13.9164, 0
PixelHit 1289, 972, 82.7398, 0
PixelHit 1289, 973, 205.181, 0
PixelHit 1289, 974, 198.741, 0
PixelHit 1289, 975, 55.3198, 0
PixelHit 1289, 976, 11.0471, 0
PixelHit 1290, 969, -0.05712, 0
PixelHit 1290, 970, 4.33285, 0
PixelHit 1290, 971, 36.3408, 0
PixelHit 1290, 972, 120.52, 0
PixelHit 1290, 973, 146.774, 0
PixelHit 1290, 974, 107.114, 0
PixelHit 1290, 975, 19.4736, 0
PixelHit 1291, 969, 4.36309, 0
PixelHit 1291, 970, 13.3689, 0
PixelHit 1291, 971, 46.1938, 0
PixelHit 1291, 972, 86.1794, 0
PixelHit 1291, 973, 79.6147, 0
PixelHit 1291, 974, 47.3306, 0
PixelHit 1291, 975, 2.3422, 0
PixelHit 1291, 976, 0.221895, 0
PixelHit 1292, 968, 0.884004, 0
PixelHit 1292, 970, 16.3316, 0
PixelHit 1292, 971, 54.4565, 0
PixelHit 1292, 972, 81.2863, 0
PixelHit 1292, 973, 43.9205, 0
PixelHit 1292, 974, 11.1023, 0
PixelHit 1292, 975, 1.18939, 0
PixelHit 1293, 968, 1.29286, 0
PixelHit 1293, 969, 9.42212, 0
PixelHit 1293, 970, 29.4218, 0
PixelHit 1293, 971, 93.1526, 0
PixelHit 1293, 972, 48.2944, 0
PixelHit 1293, 973, 25.7112, 0
PixelHit 1294, 967, 2.07284, 0
PixelHit 1294, 968, 13.1933, 0
PixelHit 1294, 969, 29.9403, 0
PixelHit 1294, 970, 55.2444, 0
PixelHit 1294, 971, 64.8696, 0
PixelHit 1294, 972, 30.554, 0
PixelHit 1294, 973, 4.38304, 0
PixelHit 1294, 974, 1.46357, 0
PixelHit 1295, 966, 2.43641, 0
PixelHit 1295, 967, 9.91531, 0
PixelHit 1295, 968, 26.0042, 0
PixelHit 1295, 969, 48.4286, 0
PixelHit 1295, 970, 58.5553, 0
PixelHit 1295, 971, 32.804, 0
PixelHit 1295, 972, 10.4271, 0
PixelHit 1295, 973, 1.90308, 0
PixelHit 1296, 966, 3.35197, 0
PixelHit 1296, 967, 17.154, 0
PixelHit 1296, 968, 47.8212, 0
PixelHit 1296, 969, 70.7958, 0
PixelHit 1296, 970, 74.9289, 0
PixelHit 1296, 971, 37.7437, 0
PixelHit 1296, 972, 5.99256, 0
PixelHit 1297, 966, 4.76632, 0
PixelHit 1297, 967, 23.0216, 0
PixelHit 1297, 968, 61.3428, 0
PixelHit 1297, 969, 68.5602, 0
PixelHit 1297, 970, 56.9944, 0
PixelHit 1297, 971, 15.2516, 0
PixelHit 1297, 972, 4.83965, 0
PixelHit 1298, 966, 3.73538, 0
PixelHit 1298, 967, 21.3849, 0
PixelHit 1298, 968, 47.083, 0
PixelHit 1298, 969, 43.0664, 0
PixelHit 1298, 970, 21.1619, 0
PixelHit 1298, 971, 2.40296, 0
PixelHit 1298, 972, 0.331081, 0
PixelHit 1299, 966, 5.55397, 0
PixelHit 1299, 967, 27.5656, 0
PixelHit 1299, 968, 50.8985, 0
PixelHit 1299, 969, 22.8262, 0
PixelHit 1299, 970, 8.24489, 0
PixelHit 1299, 971, 1.35831, 0
PixelHit 1300, 965, 0.0524805, 0
PixelHit 1300, 966, 2.09949, 0
PixelHit 1300, 967, 14.4809, 0
PixelHit 1300, 968, 14.588, 0
PixelHit 1300, 969, 16.295, 0
PixelHit 1300, 970, 10.3827, 0
PixelHit 1301, 966, 5.00651, 0
PixelHit 1301, 967, 8.13702, 0
PixelHit 1301, 968, 9.77326, 0
PixelHit 1301, 969, 4.16531, 0
PixelHit 1301, 970, 2.29355, 0
PixelHit 1301, 971, 1.99414, 0
PixelHit 1303, 967, 1.73558, 0
=== 20 ===
=== 21 ===
=== 22 ===
=== 23 ===
=== 24 ===
=== 25 ===
=== 26 ===
=== 27 ===
=== 28 ===
=== 29 ===
=== 30 ===
=== 31 ===
=== 32 ===
=== 33 ===
=== 34 ===
=== 35 ===
=== 36 ===
=== 37 ===
=== 38 ===
=== 39 ===
=== 40 ===
=== 41 ===
=== 42 ===
=== 43 ===
--- mydetector ---
PixelHit 1240, 963, 3.38381, 0
PixelHit 1241, 962, 25.1914, 0
PixelHit 1241, 963, 28.5224, 0
PixelHit 1242, 960, 1.9055, 0
PixelHit 1242, 961, 13.5707, 0
PixelHit 1242, 962, 48.2331, 0
PixelHit 1242, 963, 25.2055, 0
PixelHit 1243, 960, 15.1035, 0
PixelHit 1243, 961, 117.894, 0
PixelHit 1243, 962, 84.5979, 0
PixelHit 1243, 963, 6.29056, 0
PixelHit 1244, 959, 1.96081, 0
PixelHit 1244, 960, 21.9172, 0
PixelHit 1244, 961, 184.823, 0
PixelHit 1244, 962, 79.923, 0
PixelHit 1245, 960, 12.8762, 0
PixelHit 1245, 961, 35.2155, 0
PixelHit 1245, 962, 10.4173, 0
PixelHit 1246, 957, 1.37211, 0
PixelHit 1246, 958, 3.7255, 0
PixelHit 1246, 959, 7.17439, 0
PixelHit 1246, 960, 10.0392, 0
PixelHit 1246, 961, 5.8599, 0
PixelHit 1247, 958, 17.583, 0
PixelHit 1247, 959, 34.9879, 0
PixelHit 1247, 960, 14.2779, 0
PixelHit 1247, 961, 1.86466, 0
PixelHit 1248, 956, 3.57446, 0
PixelHit 1248, 957, 16.1713, 0
PixelHit 1248, 958, 32.5473, 0
PixelHit 1248, 959, 50.7593, 0
PixelHit 1248, 960, 16.0138, 0
PixelHit 1248, 961, 2.76973, 0
PixelHit 1249, 955, 0.931504, 0
PixelHit 1249, 956, 8.44306, 0
PixelHit 1249, 957, 38.0113, 0
PixelHit 1249, 958, 78.1085, 0
PixelHit 1249, 959, 46.7638, 0
PixelHit 1249, 960, 15.423, 0
PixelHit 1249, 961, 1.80325, 0
PixelHit 1250, 955, 5.06341, 0
PixelHit 1250, 956, 21.8157, 0
PixelHit 1250, 957, 54.4395, 0
PixelHit 1250, 958, 89.1563, 0
PixelHit 1250, 959, 60.8331, 0
PixelHit 1250, 960, 5.52512, 0
PixelHit 1250, 961, 3.56265, 0
PixelHit 1251, 954, 7.29356, 0
PixelHit 1251, 955, 25.9977, 0
PixelHit 1251, 956, 62.9647, 0
PixelHit 1251, 957, 87.7403, 0
PixelHit 1251, 958, 48.5517, 0
PixelHit 1251, 959, 11.8668, 0
PixelHit 1251, 960, 2.44778, 0
PixelHit 1252, 954, 12.3162, 0
PixelHit 1252, 955, 46.3699, 0
PixelHit 1252, 956, 137.339, 0
PixelHit 1252, 957, 137.705, 0
PixelHit 1252, 958, 46.637, 0
PixelHit 1252, 959, 7.32152, 0
PixelHit 1253, 953, 4.35942, 0
PixelHit 1253, 954, 9.64294, 0
PixelHit 1253, 955, 68.1579, 0
PixelHit 1253, 956, 120.448, 0
PixelHit 1253, 957, 121.374, 0
PixelHit 1253, 958, 54.6135, 0
PixelHit 1253, 959, 5.08947, 0
PixelHit 1253, 960, 1.27117, 0
PixelHit 1254, 951, 1.54935, 0
PixelHit 1254, 953, 3.30477, 0
PixelHit 1254, 954, 15.2844, 0
PixelHit 1254, 955, 54.4403, 0
PixelHit 1254, 956, 68.86, 0
PixelHit 1254, 957, 46.2411, 0
PixelHit 1254, 958, 18.4691, 0
PixelHit 1254, 959, 4.5745, 0
PixelHit 1255, 952, 1.25267, 0
PixelHit 1255, 953, 6.74549, 0
PixelHit 1255, 954, 27.9602, 0
PixelHit 1255, 955, 32.5622, 0
PixelHit 1255, 956, 26.0901, 0
PixelHit 1255, 957, 10.1663, 0
PixelHit 1255, 958, 4.87953, 0
PixelHit 1256, 952, 6.56978, 0
PixelHit 1256, 953, 30.7352, 0
PixelHit 1256, 954, 23.5437, 0
PixelHit 1256, 955, 34.2778, 0
PixelHit 1256, 956, 17.2137, 0
PixelHit 1256, 957, 4.82075, 0
PixelHit 1257, 951, 5.90215, 0
PixelHit 1257, 952, 10.5887, 0
PixelHit 1257, 953, 24.1368, 0
PixelHit 1257, 954, 53.8102, 0
PixelHit 1257, 955, 34.1924, 0
PixelHit 1257, 956, 19.406, 0
PixelHit 1258, 951, 3.07705, 0
PixelHit 1258, 952, 11.0327, 0
PixelHit 1258, 953, 29.8448, 0
PixelHit 1258, 954, 27.7824, 0
PixelHit 1258, 955, 32.934, 0
PixelHit 1258, 956, 0.454281, 0
PixelHit 1259, 952, 5.7953, 0
PixelHit 1259, 953, 7.89136, 0
PixelHit 1259, 954, 12.2314, 0
PixelHit 1259, 955, 9.20517, 0
PixelHit 1259, 956, 3.03818, 0
PixelHit 1260, 951, 2.15306, 0
PixelHit 1260, 954, 4.06923, 0
PixelHit 1260, 956, 3.09376, 0
PixelHit 1261, 953, 0.175617, 0
PixelHit 1288, 978, 4.9378, 0
PixelHit 1288, 979, 20.2113, 0
PixelHit 1289, 978, 94.8057, 0
PixelHit 1289, 979, 153.638, 0
PixelHit 1290, 977, 4.8808, 0
PixelHit 1290, 978, 37.748, 0
PixelHit 1290, 979, 11.7813, 0
PixelHit 1291, 975, 4.09204, 0
PixelHit 1291, 976, 13.417, 0
PixelHit 1291, 977, 37.1791, 0
PixelHit 1291, 978, 7.75633, 0
PixelHit 1291, 979, 1.09406, 0
PixelHit 1292, 975, 2.61421, 0
PixelHit 1292, 976, 45.899, 0
PixelHit 1292, 977, 95.4695, 0
PixelHit 1292, 978, 38.0072, 0
PixelHit 1292, 979, 2.96124, 0
PixelHit 1293, 975, 8.63869, 0
PixelHit 1293, 976, 41.5765, 0
PixelHit 1293, 977, 41.5249, 0
PixelHit 1293, 978, 4.2893, 0
PixelHit 1294, 974, 1.64528, 0
PixelHit 1294, 975, 9.50678, 0
PixelHit 1294, 976, 4.73539, 0
PixelHit 1294, 977, 7.10294, 0
PixelHit 1295, 973, 1.43624, 0
PixelHit 1295, 974, 5.06977, 0
PixelHit 1295, 975, 12.8933, 0
PixelHit 1295, 976, 12.2645, 0
PixelHit 1295, 978, 1.79708, 0
PixelHit 1296, 972, 1.39515, 0
PixelHit 1296, 973, 5.12763, 0
PixelHit 1296, 974, 13.878, 0
PixelHit 1296, 975, 10.0497, 0
PixelHit 1296, 976, 3.11724, 0
PixelHit 1297, 972, 9.07177, 0
PixelHit 1297, 973, 29.1377, 0
PixelHit 1297, 974, 24.0456, 0
PixelHit 1297, 975, 6.27798, 0
PixelHit 1297, 976, 3.56102, 0
PixelHit 1298, 971, 3.41947, 0
PixelHit 1298, 972, 23.6002, 0
PixelHit 1298, 973, 39.3066, 0
PixelHit 1298, 974, 29.6124, 0
PixelHit 1298, 975, 8.9943, 0
PixelHit 1298, 976, 2.8235, 0
PixelHit 1299, 970, 0.150316, 0
PixelHit 1299, 971, 21.0754, 0
PixelHit 1299, 972, 49.6448, 0
PixelHit 1299, 973, 63.7549, 0
PixelHit 1299, 974, 30.0083, 0
PixelHit 1299, 975, 6.60803, 0
PixelHit 1299, 976, 1.06905, 0
PixelHit 1300, 969, 3.37164, 0
PixelHit 1300, 970, 5.35894, 0
PixelHit 1300, 971, 33.4595, 0
PixelHit 1300, 972, 52.2843, 0
PixelHit 1300, 973, 46.5245, 0
PixelHit 1300, 974, 24.4115, 0
PixelHit 1300, 975, 4.98926, 0
PixelHit 1301, 969, 2.13149, 0
PixelHit 1301, 970, 15.1032, 0
PixelHit 1301, 971, 38.1769, 0
PixelHit 1301, 972, 39.8891, 0
PixelHit 1301, 973, 19.3837, 0
PixelHit 1301, 974, 6.84602, 0
PixelHit 1302, 968, 5.16607, 0
PixelHit 1302, 969, 17.389, 0
PixelHit 1302, 970, 22.2184, 0
PixelHit 1302, 971, 46.9012, 0
PixelHit 1302, 972, 39.9711, 0
PixelHit 1302, 973, 8.80398, 0
PixelHit 1303, 968, 4.2433, 0
PixelHit 1303, 969, 15.8572, 0
PixelHit 1303, 970, 37.0287, 0
PixelHit 1303, 971, 35.1079, 0
PixelHit 1303, 972, 17.3304, 0
PixelHit 1303, 973, 4.74279, 0
PixelHit 1303, 974, 3.89958, 0
PixelHit 1304, 966, 1.53378, 0
PixelHit 1304, 968, 8.56063, 0
PixelHit 1304, 969, 26.8089, 0
PixelHit 1304, 970, 31.111, 0
PixelHit 1304, 971, 22.7168, 0
PixelHit 1304, 972, 10.3889, 0
PixelHit 1304, 974, 2.68292, 0
PixelHit 1305, 967, 4.3362, 0
PixelHit 1305, 968, 8.40477, 0
PixelHit 1305, 969, 22.3184, 0
PixelHit 1305, 970, 22.3267, 0
PixelHit 1305, 971, 17.3515, 0
PixelHit 1305, 972, 3.23259, 0
PixelHit 1306, 968, 3.10803, 0
PixelHit 1306, 969, 12.4989, 0
PixelHit 1306, 970, 12.7209, 0
PixelHit 1306, 971, 7.96143, 0
PixelHit 1306, 972, 2.99542, 0
PixelHit 1307, 968, 5.84287, 0
PixelHit 1307, 970, 5.30046, 0
PixelHit 1307, 971, 4.9805, 0
PixelHit 1308, 969, 2.28947, 0
=== 44 ===
=== 45 ===
=== 46 ===
=== 47 ===
=== 48 ===
=== 49 ===
=== 50 ===
=== 51 ===
=== 52 ===
=== 53 ===
=== 54 ===
=== 55 ===
=== 56 ===
=== 57 ===
=== 58 ===
=== 59 ===
=== 60 ===
=== 61 ===
=== 62 ===
=== 63 ===
=== 64 ===
=== 65 ===
=== 66 ===
=== 67 ===
=== 68 ===
=== 69 ===
=== 70 ===
=== 71 ===
=== 72 ===
=== 73 ===
=== 74 ===
=== 75 ===
=== 76 ===
=== 77 ===
=== 78 ===
=== 79 ===
=== 80 ===
=== 81 ===
=== 82 ===
=== 83 ===
=== 84 ===
=== 85 ===
=== 86 ===
=== 87 ===
=== 88 ===
=== 89 ===
=== 90 ===
=== 91 ===
=== 92 ===
=== 93 ===
=== 94 ===
=== 95 ===
=== 96 ===
=== 97 ===
=== 98 ===
=== 99 ===
=== 100 ===
# 550 objects from 3 messages
