# Allpix Squared ASCII data - https://cern.ch/allpix-squared

=== 1 ===
=== 2 ===
=== 3 ===
=== 4 ===
=== 5 ===
=== 6 ===
=== 7 ===
=== 8 ===
=== 9 ===
=== 10 ===
=== 11 ===
=== 12 ===
=== 13 ===
=== 14 ===
--- mydetector ---
PixelHit 1287, 977, 2.87339, 0
PixelHit 1288, 973, 3.09822, 0
PixelHit 1288, 974, 18.7592, 0
PixelHit 1288, 975, 30.6951, 0
PixelHit 1288, 976, 19.1164, 0
PixelHit 1288, 977, 122.65, 0
PixelHit 1288, 978, 4.61812, 0
PixelHit 1289, 967, 2.09624, 0
PixelHit 1289, 968, 1.25938, 0
PixelHit 1289, 969, 4.24183, 0
PixelHit 1289, 970, 5.046, 0
PixelHit 1289, 971, 10.1992, 0
PixelHit 1289, 972, 34.1949, 0
PixelHit 1289, 973, 18.4407, 0
PixelHit 1289, 974, 55.7246, 0
PixelHit 1289, 975, 109.802, 0
PixelHit 1289, 976, 33.7786, 0
PixelHit 1289, 977, 5.70606, 0
PixelHit 1290, 965, 3.86439, 0
PixelHit 1290, 966, 3.63936, 0
PixelHit 1290, 967, 5.85635, 0
PixelHit 1290, 968, 15.7748, 0
PixelHit 1290, 969, 19.2462, 0
PixelHit 1290, 970, 27.9159, 0
PixelHit 1290, 971, 48.1991, 0
PixelHit 1290, 972, 53.3494, 0
PixelHit 1290, 973, 31.5998, 0
PixelHit 1290, 974, 22.2821, 0
PixelHit 1290, 975, 13.6923, 0
PixelHit 1291, 958, 0.935961, 0
PixelHit 1291, 960, 1.94782, 0
PixelHit 1291, 961, 5.76915, 0
PixelHit 1291, 963, 4.25425, 0
PixelHit 1291, 964, 12.1807, 0
PixelHit 1291, 965, 17.5942, 0
PixelHit 1291, 966, 20.3851, 0
PixelHit 1291, 967, 22.4221, 0
PixelHit 1291, 968, 35.0532, 0
PixelHit 1291, 969, 51.1142, 0
PixelHit 1291, 970, 48.2285, 0
PixelHit 1291, 971, 76.8789, 0
PixelHit 1291, 972, 22.3096, 0
PixelHit 1291, 973, 7.40902, 0
PixelHit 1292, 959, 6.50635, 0
PixelHit 1292, 960, 3.955, 0
PixelHit 1292, 961, 21.4481, 0
PixelHit 1292, 962, 23.8148, 0
PixelHit 1292, 963, 18.1259, 0
PixelHit 1292, 964, 31.4196, 0
PixelHit 1292, 965, 57.0266, 0
PixelHit 1292, 966, 40.4981, 0
PixelHit 1292, 967, 42.5273, 0
PixelHit 1292, 968, 45.2929, 0
PixelHit 1292, 969, 75.0693, 0
PixelHit 1292, 970, 105.782, 0
PixelHit 1292, 971, 73.2673, 0
PixelHit 1292, 972, 0.697072, 0
PixelHit 1293, 958, 2.6172, 0
PixelHit 1293, 959, 7.70576, 0
PixelHit 1293, 960, 30.2179, 0
PixelHit 1293, 961, 42.1494, 0
PixelHit 1293, 962, 71.0725, 0
PixelHit 1293, 963, 52.1189, 0
PixelHit 1293, 964, 66.448, 0
PixelHit 1293, 965, 67.9668, 0
PixelHit 1293, 966, 62.1581, 0
PixelHit 1293, 967, 49.7279, 0
PixelHit 1293, 968, 29.0983, 0
PixelHit 1293, 969, 13.6754, 0
PixelHit 1293, 970, 17.8785, 0
PixelHit 1294, 957, 3.45262, 0
PixelHit 1294, 959, 23.2656, 0
PixelHit 1294, 960, 54.755, 0
PixelHit 1294, 961, 84.0155, 0
PixelHit 1294, 962, 108.086, 0
PixelHit 1294, 963, 113.117, 0
PixelHit 1294, 964, 91.1469, 0
PixelHit 1294, 965, 60.7854, 0
PixelHit 1294, 966, 44.4635, 0
PixelHit 1294, 967, 14.9648, 0
PixelHit 1294, 968, 4.92145, 0
PixelHit 1295, 953, 1.53351, 0
PixelHit 1295, 955, 3.022, 0
PixelHit 1295, 956, 9.65964, 0
PixelHit 1295, 957, 19.0612, 0
PixelHit 1295, 958, 19.0555, 0
PixelHit 1295, 959, 48.3796, 0
PixelHit 1295, 960, 80.5057, 0
PixelHit 1295, 961, 99.4141, 0
PixelHit 1295, 962, 85.5081, 0
PixelHit 1295, 963, 83.7145, 0
PixelHit 1295, 964, 60.8488, 0
PixelHit 1295, 965, 20.2318, 0
PixelHit 1295, 966, 8.55132, 0
PixelHit 1295, 967, 2.40358, 0
PixelHit 1296, 951, 2.20878, 0
PixelHit 1296, 953, 3.41422, 0
PixelHit 1296, 954, 8.03342, 0
PixelHit 1296, 955, 12.1967, 0
PixelHit 1296, 956, 28.5932, 0
PixelHit 1296, 957, 30.5011, 0
PixelHit 1296, 958, 40.4485, 0
PixelHit 1296, 959, 48.7467, 0
PixelHit 1296, 960, 76.4632, 0
PixelHit 1296, 961, 59.6105, 0
PixelHit 1296, 962, 31.3748, 0
PixelHit 1296, 963, 20.3871, 0
PixelHit 1296, 964, 12.6353, 0
PixelHit 1296, 965, 4.07584, 0
PixelHit 1296, 966, 1.68859, 0
PixelHit 1297, 951, 3.01108, 0
PixelHit 1297, 953, 13.5203, 0
PixelHit 1297, 954, 15.3457, 0
PixelHit 1297, 955, 20.831, 0
PixelHit 1297, 956, 38.1273, 0
PixelHit 1297, 957, 51.9978, 0
PixelHit 1297, 958, 32.7975, 0
PixelHit 1297, 959, 25.6834, 0
PixelHit 1297, 960, 22.5623, 0
PixelHit 1297, 961, 10.3829, 0
PixelHit 1297, 962, 6.38938, 0
PixelHit 1297, 963, 1.20299, 0
PixelHit 1298, 951, 1.70394, 0
PixelHit 1298, 952, 14.9347, 0
PixelHit 1298, 953, 12.5857, 0
PixelHit 1298, 954, 16.4583, 0
PixelHit 1298, 955, 30.0031, 0
PixelHit 1298, 956, 14.7452, 0
PixelHit 1298, 957, 26.5723, 0
PixelHit 1298, 958, 15.7265, 0
PixelHit 1298, 959, 12.1598, 0
PixelHit 1298, 960, 5.41935, 0
PixelHit 1299, 951, 3.54456, 0
PixelHit 1299, 952, 4.59782, 0
PixelHit 1299, 954, 13.122, 0
PixelHit 1299, 955, 14.42, 0
PixelHit 1299, 956, 5.06778, 0
PixelHit 1299, 957, 6.33706, 0
PixelHit 1299, 958, 3.1722, 0
PixelHit 1299, 959, 1.87778, 0
PixelHit 1300, 952, 3.28539, 0
PixelHit 1300, 954, 3.36699, 0
PixelHit 1300, 955, 3.71312, 0
PixelHit 1300, 956, 1.74545, 0
=== 15 ===
=== 16 ===
=== 17 ===
=== 18 ===
=== 19 ===
=== 20 ===
=== 21 ===
=== 22 ===
=== 23 ===
=== 24 ===
=== 25 ===
=== 26 ===
=== 27 ===
--- mydetector ---
PixelHit 1274, 974, 3.90121, 0
PixelHit 1274, 975, 3.05826, 0
PixelHit 1275, 971, 2.19072, 0
PixelHit 1275, 972, 6.49943, 0
PixelHit 1275, 973, 6.4751, 0
PixelHit 1275, 974, 35.9874, 0
PixelHit 1275, 975, 104.129, 0
PixelHit 1275, 976, 13.3453, 0
PixelHit 1276, 965, 1.89078, 0
PixelHit 1276, 966, 3.53279, 0
PixelHit 1276, 967, 1.87761, 0
PixelHit 1276, 968, 10.5273, 0
PixelHit 1276, 969, 10.8479, 0
PixelHit 1276, 970, 27.1686, 0
PixelHit 1276, 971, 30.846, 0
PixelHit 1276, 972, 43.9475, 0
PixelHit 1276, 973, 27.0955, 0
PixelHit 1276, 974, 39.8426, 0
PixelHit 1276, 975, 31.44, 0
PixelHit 1276, 976, 1.43775, 0
PixelHit 1277, 961, 0.83993, 0
PixelHit 1277, 962, 2.03215, 0
PixelHit 1277, 963, 5.01844, 0
PixelHit 1277, 966, 14.1107, 0
PixelHit 1277, 967, 21.4237, 0
PixelHit 1277, 968, 43.0415, 0
PixelHit 1277, 969, 42.7884, 0
PixelHit 1277, 970, 73.3864, 0
PixelHit 1277, 971, 40.2343, 0
PixelHit 1277, 972, 20.0087, 0
PixelHit 1277, 973, 9.30382, 0
PixelHit 1278, 959, 1.76579, 0
PixelHit 1278, 960, 0.793274, 0
PixelHit 1278, 961, 6.56878, 0
PixelHit 1278, 962, 17.4253, 0
PixelHit 1278, 963, 17.2979, 0
PixelHit 1278, 964, 12.5498, 0
PixelHit 1278, 965, 20.7042, 0
PixelHit 1278, 966, 20.4293, 0
PixelHit 1278, 967, 45.9823, 0
PixelHit 1278, 968, 50.032, 0
PixelHit 1278, 969, 36.1255, 0
PixelHit 1278, 970, 40.7082, 0
PixelHit 1278, 971, 12.2708, 0
PixelHit 1278, 972, 3.35231, 0
PixelHit 1279, 957, 3.04028, 0
PixelHit 1279, 958, 8.13459, 0
PixelHit 1279, 959, 3.54108, 0
PixelHit 1279, 960, 16.9892, 0
PixelHit 1279, 961, 35.7285, 0
PixelHit 1279, 962, 49.2099, 0
PixelHit 1279, 963, 57.3047, 0
PixelHit 1279, 964, 40.1481, 0
PixelHit 1279, 965, 36.5753, 0
PixelHit 1279, 966, 28.14, 0
PixelHit 1279, 967, 26.7862, 0
PixelHit 1279, 968, 20.1968, 0
PixelHit 1279, 969, 3.04863, 0
PixelHit 1279, 970, 2.82813, 0
PixelHit 1279, 971, 1.30609, 0
PixelHit 1280, 955, 1.8325, 0
PixelHit 1280, 956, 7.53913, 0
PixelHit 1280, 957, 11.3984, 0
PixelHit 1280, 958, 22.3769, 0
PixelHit 1280, 959, 23.3916, 0
PixelHit 1280, 960, 40.3795, 0
PixelHit 1280, 961, 57.7907, 0
PixelHit 1280, 962, 74.9737, 0
PixelHit 1280, 963, 71.0202, 0
PixelHit 1280, 964, 44.3927, 0
PixelHit 1280, 965, 13.183, 0
PixelHit 1280, 966, 15.6716, 0
PixelHit 1280, 967, 2.60906, 0
PixelHit 1280, 969, -0.315305, 0
PixelHit 1281, 955, 4.47801, 0
PixelHit 1281, 956, 22.4909, 0
PixelHit 1281, 957, 20.3095, 0
PixelHit 1281, 958, 32.9087, 0
PixelHit 1281, 959, 40.5519, 0
PixelHit 1281, 960, 46.8588, 0
PixelHit 1281, 961, 31.326, 0
PixelHit 1281, 962, 37.4018, 0
PixelHit 1281, 963, 23.3044, 0
PixelHit 1281, 964, 16.233, 0
PixelHit 1281, 965, 6.0918, 0
PixelHit 1282, 955, 4.26389, 0
PixelHit 1282, 956, 8.48567, 0
PixelHit 1282, 957, 23.6057, 0
PixelHit 1282, 958, 27.7861, 0
PixelHit 1282, 959, 33.2782, 0
PixelHit 1282, 960, 21.5596, 0
PixelHit 1282, 961, 13.0157, 0
PixelHit 1282, 962, 8.44747, 0
PixelHit 1282, 963, 5.17984, 0
PixelHit 1282, 964, 4.18957, 0
PixelHit 1283, 954, 3.13721, 0
PixelHit 1283, 956, 5.86175, 0
PixelHit 1283, 957, 20.3282, 0
PixelHit 1283, 958, 17.2031, 0
PixelHit 1283, 959, 13.397, 0
PixelHit 1283, 960, 8.09526, 0
PixelHit 1283, 961, 3.15505, 0
PixelHit 1283, 962, 3.38377, 0
PixelHit 1284, 954, 1.08336, 0
PixelHit 1284, 955, 0.978179, 0
PixelHit 1284, 958, 2.9426, 0
PixelHit 1284, 960, 4.79452, 0
PixelHit 1284, 979, 2.25258, 0
PixelHit 1284, 982, 10.9152, 0
PixelHit 1284, 983, 5.78044, 0
PixelHit 1285, 957, 2.48162, 0
PixelHit 1285, 978, 4.1509, 0
PixelHit 1285, 979, 8.15583, 0
PixelHit 1285, 980, 16.2319, 0
PixelHit 1285, 981, 55.0355, 0
PixelHit 1285, 982, 85.6989, 0
PixelHit 1285, 983, 72.9116, 0
PixelHit 1285, 984, 3.52008, 0
PixelHit 1286, 973, 1.082, 0
PixelHit 1286, 974, 2.87317, 0
PixelHit 1286, 975, 4.56457, 0
PixelHit 1286, 976, 4.08347, 0
PixelHit 1286, 977, 7.70718, 0
PixelHit 1286, 978, 19.1787, 0
PixelHit 1286, 979, 33.9819, 0
PixelHit 1286, 980, 40.2867, 0
PixelHit 1286, 981, 43.6205, 0
PixelHit 1286, 982, 11.5248, 0
PixelHit 1286, 983, 0.35636, 0
PixelHit 1287, 969, 4.509, 0
PixelHit 1287, 971, 2.58155, 0
PixelHit 1287, 972, 3.9481, 0
PixelHit 1287, 973, 17.3834, 0
PixelHit 1287, 974, 29.8486, 0
PixelHit 1287, 975, 19.7885, 0
PixelHit 1287, 976, 22.081, 0
PixelHit 1287, 977, 20.0624, 0
PixelHit 1287, 978, 22.3563, 0
PixelHit 1287, 979, 16.0128, 0
PixelHit 1287, 980, 9.242, 0
PixelHit 1287, 981, 3.19171, 0
PixelHit 1288, 965, 0.95986, 0
PixelHit 1288, 968, 6.2869, 0
PixelHit 1288, 969, 10.5907, 0
PixelHit 1288, 970, 9.98463, 0
PixelHit 1288, 971, 11.9403, 0
PixelHit 1288, 972, 8.65215, 0
PixelHit 1288, 973, 33.7031, 0
PixelHit 1288, 974, 38.8424, 0
PixelHit 1288, 975, 39.2523, 0
PixelHit 1288, 976, 12.7645, 0
PixelHit 1288, 977, 4.45486, 0
PixelHit 1288, 978, 0.804803, 0
PixelHit 1289, 964, 1.38279, 0
PixelHit 1289, 965, 1.77756, 0
PixelHit 1289, 966, 4.44555, 0
PixelHit 1289, 967, 6.28194, 0
PixelHit 1289, 968, 8.15172, 0
PixelHit 1289, 969, 26.1466, 0
PixelHit 1289, 970, 34.6467, 0
PixelHit 1289, 971, 30.906, 0
PixelHit 1289, 972, 28.0657, 0
PixelHit 1289, 973, 28.9793, 0
PixelHit 1289, 974, 30.5401, 0
PixelHit 1289, 975, 20.2823, 0
PixelHit 1289, 976, 6.71926, 0
PixelHit 1289, 977, 2.43601, 0
PixelHit 1290, 965, 10.9627, 0
PixelHit 1290, 966, 6.41311, 0
PixelHit 1290, 967, 9.13035, 0
PixelHit 1290, 968, 18.159, 0
PixelHit 1290, 969, 20.4766, 0
PixelHit 1290, 970, 36.4397, 0
PixelHit 1290, 971, 22.8336, 0
PixelHit 1290, 972, 17.2926, 0
PixelHit 1290, 973, 6.20222, 0
PixelHit 1290, 974, 7.57678, 0
PixelHit 1290, 975, 4.23007, 0
PixelHit 1290, 976, 3.07066, 0
PixelHit 1291, 963, 7.1085, 0
PixelHit 1291, 964, 6.11799, 0
PixelHit 1291, 965, 7.25486, 0
PixelHit 1291, 966, 16.3, 0
PixelHit 1291, 967, 16.1683, 0
PixelHit 1291, 968, 22.7869, 0
PixelHit 1291, 969, 15.8153, 0
PixelHit 1291, 970, 11.7438, 0
PixelHit 1291, 971, 10.4674, 0
PixelHit 1291, 972, 4.26049, 0
PixelHit 1291, 973, 2.69618, 0
PixelHit 1292, 962, 0.733136, 0
PixelHit 1292, 963, 5.33446, 0
PixelHit 1292, 964, 4.56309, 0
PixelHit 1292, 965, 4.01865, 0
PixelHit 1292, 966, 8.72874, 0
PixelHit 1292, 967, 9.13834, 0
PixelHit 1292, 968, 5.50988, 0
PixelHit 1292, 969, 4.20158, 0
PixelHit 1292, 970, 4.70598, 0
PixelHit 1293, 963, 2.07165, 0
PixelHit 1293, 964, 1.49427, 0
PixelHit 1293, 965, 2.95363, 0
PixelHit 1293, 966, 3.83244, 0
PixelHit 1293, 968, 4.40681, 0
PixelHit 1293, 969, 3.65994, 0
PixelHit 1293, 970, 3.34051, 0
PixelHit 1294, 964, 1.16834, 0
=== 28 ===
=== 29 ===
=== 30 ===
=== 31 ===
=== 32 ===
=== 33 ===
=== 34 ===
=== 35 ===
=== 36 ===
=== 37 ===
=== 38 ===
=== 39 ===
=== 40 ===
=== 41 ===
--- mydetector ---
PixelHit 1294, 985, 0.906796, 0
PixelHit 1294, 988, 1.48035, 0
PixelHit 1294, 989, 6.91167, 0
PixelHit 1294, 990, 16.6898, 0
PixelHit 1294, 991, 21.6699, 0
PixelHit 1295, 983, 1.46476, 0
PixelHit 1295, 984, 3.8638, 0
PixelHit 1295, 985, 3.18235, 0
PixelHit 1295, 986, 3.72453, 0
PixelHit 1295, 988, 21.1453, 0
PixelHit 1295, 989, 117.24, 0
PixelHit 1295, 990, 98.2937, 0
PixelHit 1295, 991, 54.193, 0
PixelHit 1295, 992, 2.44014, 0
PixelHit 1296, 978, 3.13865, 0
PixelHit 1296, 979, 5.64565, 0
PixelHit 1296, 980, 2.55351, 0
PixelHit 1296, 981, 25.5724, 0
PixelHit 1296, 982, 57.9681, 0
PixelHit 1296, 983, 62.9849, 0
PixelHit 1296, 984, 111.559, 0
PixelHit 1296, 985, 24.9224, 0
PixelHit 1296, 986, 25.9985, 0
PixelHit 1296, 987, 28.5504, 0
PixelHit 1296, 988, 21.1031, 0
PixelHit 1296, 989, 36.9415, 0
PixelHit 1296, 990, 31.071, 0
PixelHit 1297, 973, 1.7302, 0
PixelHit 1297, 974, 2.94615, 0
PixelHit 1297, 975, 2.95083, 0
PixelHit 1297, 976, 3.87577, 0
PixelHit 1297, 977, 11.867, 0
PixelHit 1297, 978, 31.7743, 0
PixelHit 1297, 979, 76.5382, 0
PixelHit 1297, 980, 61.4812, 0
PixelHit 1297, 981, 122.928, 0
PixelHit 1297, 982, 223.023, 0
PixelHit 1297, 983, 86.7834, 0
PixelHit 1297, 984, 46.8668, 0
PixelHit 1297, 985, 50.2725, 0
PixelHit 1297, 986, 28.9842, 0
PixelHit 1297, 987, 11.1217, 0
PixelHit 1297, 988, 2.97214, 0
PixelHit 1297, 989, 2.18068, 0
PixelHit 1298, 970, 0.0292992, 0
PixelHit 1298, 971, 1.30296, 0
PixelHit 1298, 972, 1.02613, 0
PixelHit 1298, 973, 2.34524, 0
PixelHit 1298, 974, 12.3576, 0
PixelHit 1298, 975, 29.4696, 0
PixelHit 1298, 976, 47.7422, 0
PixelHit 1298, 977, 59.0141, 0
PixelHit 1298, 978, 66.5891, 0
PixelHit 1298, 979, 152.602, 0
PixelHit 1298, 980, 131.047, 0
PixelHit 1298, 981, 63.0143, 0
PixelHit 1298, 982, 53.4918, 0
PixelHit 1298, 983, 19.4276, 0
PixelHit 1298, 984, 22.8062, 0
PixelHit 1298, 985, 19.0708, 0
PixelHit 1298, 986, 5.79153, 0
PixelHit 1299, 965, 2.04434, 0
PixelHit 1299, 968, 5.1236, 0
PixelHit 1299, 969, 1.95069, 0
PixelHit 1299, 970, 9.2757, 0
PixelHit 1299, 971, 9.17271, 0
PixelHit 1299, 972, 16.6812, 0
PixelHit 1299, 973, 20.136, 0
PixelHit 1299, 974, 34.1306, 0
PixelHit 1299, 975, 73.4598, 0
PixelHit 1299, 976, 102.237, 0
PixelHit 1299, 977, 72.4053, 0
PixelHit 1299, 978, 54.903, 0
PixelHit 1299, 979, 52.7872, 0
PixelHit 1299, 980, 28.321, 0
PixelHit 1299, 981, 19.3516, 0
PixelHit 1299, 982, 10.1639, 0
PixelHit 1299, 983, 9.64807, 0
PixelHit 1299, 984, 5.73245, 0
PixelHit 1300, 966, 5.22679, 0
PixelHit 1300, 967, 11.2799, 0
PixelHit 1300, 968, 15.7463, 0
PixelHit 1300, 969, 20.7179, 0
PixelHit 1300, 970, 23.5923, 0
PixelHit 1300, 971, 22.5901, 0
PixelHit 1300, 972, 41.6631, 0
PixelHit 1300, 973, 47.7763, 0
PixelHit 1300, 974, 42.3078, 0
PixelHit 1300, 975, 69.1032, 0
PixelHit 1300, 976, 64.4352, 0
PixelHit 1300, 977, 44.1168, 0
PixelHit 1300, 978, 26.7563, 0
PixelHit 1300, 979, 9.07174, 0
PixelHit 1300, 980, 4.74853, 0
PixelHit 1300, 981, 3.90739, 0
PixelHit 1300, 984, 1.61733, 0
PixelHit 1301, 963, 3.0708, 0
PixelHit 1301, 965, 11.7865, 0
PixelHit 1301, 966, 21.2001, 0
PixelHit 1301, 967, 35.6676, 0
PixelHit 1301, 968, 55.2668, 0
PixelHit 1301, 969, 49.0759, 0
PixelHit 1301, 970, 26.8506, 0
PixelHit 1301, 971, 22.8612, 0
PixelHit 1301, 972, 45.2847, 0
PixelHit 1301, 973, 38.4982, 0
PixelHit 1301, 974, 40.3916, 0
PixelHit 1301, 975, 30.5569, 0
PixelHit 1301, 976, 37.5578, 0
PixelHit 1301, 977, 20.1393, 0
PixelHit 1301, 978, 3.36886, 0
PixelHit 1301, 979, 2.39944, 0
PixelHit 1302, 961, 0.748002, 0
PixelHit 1302, 964, 11.1117, 0
PixelHit 1302, 965, 20.6073, 0
PixelHit 1302, 966, 42.4612, 0
PixelHit 1302, 967, 49.9636, 0
PixelHit 1302, 968, 73.3394, 0
PixelHit 1302, 969, 50.6835, 0
PixelHit 1302, 970, 25.3735, 0
PixelHit 1302, 971, 24.5623, 0
PixelHit 1302, 972, 19.9323, 0
PixelHit 1302, 973, 14.5484, 0
PixelHit 1302, 974, 24.0263, 0
PixelHit 1302, 975, 11.0844, 0
PixelHit 1302, 976, 4.58196, 0
PixelHit 1302, 977, 3.57104, 0
PixelHit 1302, 978, 2.79313, 0
PixelHit 1303, 962, 1.05432, 0
PixelHit 1303, 963, 3.42548, 0
PixelHit 1303, 964, 10.0596, 0
PixelHit 1303, 965, 36.2356, 0
PixelHit 1303, 966, 36.1964, 0
PixelHit 1303, 967, 47.6328, 0
PixelHit 1303, 968, 36.4468, 0
PixelHit 1303, 969, 29.6305, 0
PixelHit 1303, 970, 10.547, 0
PixelHit 1303, 971, 6.33016, 0
PixelHit 1303, 972, 10.0757, 0
PixelHit 1303, 973, 7.88023, 0
PixelHit 1303, 974, 7.80809, 0
PixelHit 1303, 975, 5.72427, 0
PixelHit 1303, 976, 6.42399, 0
PixelHit 1303, 977, 3.2201, 0
PixelHit 1304, 963, 2.22142, 0
PixelHit 1304, 964, 10.3981, 0
PixelHit 1304, 965, 19.0041, 0
PixelHit 1304, 966, 10.5427, 0
PixelHit 1304, 967, 18.699, 0
PixelHit 1304, 968, 14.0274, 0
PixelHit 1304, 969, 13.8764, 0
PixelHit 1304, 971, 1.38853, 0
PixelHit 1305, 963, 1.34931, 0
PixelHit 1305, 964, 2.0822, 0
PixelHit 1305, 965, 3.29295, 0
PixelHit 1305, 966, 8.3178, 0
PixelHit 1305, 967, 8.6888, 0
PixelHit 1305, 968, 2.91805, 0
PixelHit 1305, 971, 0.220412, 0
=== 42 ===
=== 43 ===
=== 44 ===
=== 45 ===
=== 46 ===
=== 47 ===
=== 48 ===
=== 49 ===
=== 50 ===
=== 51 ===
=== 52 ===
=== 53 ===
=== 54 ===
=== 55 ===
=== 56 ===
=== 57 ===
=== 58 ===
=== 59 ===
=== 60 ===
=== 61 ===
=== 62 ===
=== 63 ===
=== 64 ===
=== 65 ===
=== 66 ===
=== 67 ===
=== 68 ===
=== 69 ===
=== 70 ===
=== 71 ===
=== 72 ===
=== 73 ===
=== 74 ===
=== 75 ===
=== 76 ===
=== 77 ===
=== 78 ===
=== 79 ===
=== 80 ===
=== 81 ===
=== 82 ===
=== 83 ===
=== 84 ===
=== 85 ===
=== 86 ===
=== 87 ===
--- mydetector ---
PixelHit 1291, 979, 1.34415, 0
PixelHit 1292, 967, 2.94053, 0
PixelHit 1292, 974, 4.79193, 0
PixelHit 1292, 975, 3.27998, 0
PixelHit 1292, 976, 13.0569, 0
PixelHit 1292, 977, 8.06709, 0
PixelHit 1292, 978, 26.9821, 0
PixelHit 1292, 979, 105.188, 0
PixelHit 1292, 980, 3.39472, 0
PixelHit 1293, 970, 3.65871, 0
PixelHit 1293, 971, 2.49879, 0
PixelHit 1293, 972, 7.94394, 0
PixelHit 1293, 973, 4.8013, 0
PixelHit 1293, 974, 32.0587, 0
PixelHit 1293, 975, 77.8727, 0
PixelHit 1293, 976, 86.5718, 0
PixelHit 1293, 977, 62.8965, 0
PixelHit 1293, 978, 27.8129, 0
PixelHit 1293, 979, 34.1192, 0
PixelHit 1294, 967, 4.49351, 0
PixelHit 1294, 968, 3.31035, 0
PixelHit 1294, 969, 3.83605, 0
PixelHit 1294, 970, 23.7758, 0
PixelHit 1294, 971, 28.1885, 0
PixelHit 1294, 972, 25.2109, 0
PixelHit 1294, 973, 36.2902, 0
PixelHit 1294, 974, 113.081, 0
PixelHit 1294, 975, 143.426, 0
PixelHit 1294, 976, 88.5048, 0
PixelHit 1294, 977, 16.9981, 0
PixelHit 1294, 978, 1.25272, 0
PixelHit 1294, 979, 1.79419, 0
PixelHit 1294, 980, 3.76057, 0
PixelHit 1294, 981, 5.21249, 0
PixelHit 1295, 965, 8.92372, 0
PixelHit 1295, 966, 20.6675, 0
PixelHit 1295, 967, 16.2926, 0
PixelHit 1295, 968, 19.3122, 0
PixelHit 1295, 969, 36.592, 0
PixelHit 1295, 970, 60.2933, 0
PixelHit 1295, 971, 93.5558, 0
PixelHit 1295, 972, 64.3159, 0
PixelHit 1295, 973, 37.459, 0
PixelHit 1295, 974, 37.8798, 0
PixelHit 1295, 975, 24.4239, 0
PixelHit 1295, 976, 7.76457, 0
PixelHit 1295, 977, 2.42686, 0
PixelHit 1295, 978, 5.49634, 0
PixelHit 1295, 979, 11.8949, 0
PixelHit 1295, 980, 34.5727, 0
PixelHit 1295, 981, 98.906, 0
PixelHit 1295, 982, 30.4525, 0
PixelHit 1295, 983, 10.833, 0
PixelHit 1296, 960, 2.07134, 0
PixelHit 1296, 963, 7.23526, 0
PixelHit 1296, 964, 21.1302, 0
PixelHit 1296, 965, 42.1971, 0
PixelHit 1296, 966, 71.1797, 0
PixelHit 1296, 967, 72.5132, 0
PixelHit 1296, 968, 55.8863, 0
PixelHit 1296, 969, 44.1593, 0
PixelHit 1296, 970, 58.4812, 0
PixelHit 1296, 971, 66.671, 0
PixelHit 1296, 972, 22.5163, 0
PixelHit 1296, 973, 14.6306, 0
PixelHit 1296, 974, 4.87916, 0
PixelHit 1296, 975, 11.3652, 0
PixelHit 1296, 976, 6.37405, 0
PixelHit 1296, 977, 19.4154, 0
PixelHit 1296, 978, 40.5785, 0
PixelHit 1296, 979, 54.5689, 0
PixelHit 1296, 980, 68.0025, 0
PixelHit 1296, 981, 72.2413, 0
PixelHit 1296, 982, 12.5355, 0
PixelHit 1297, 959, 4.52121, 0
PixelHit 1297, 960, 9.81551, 0
PixelHit 1297, 961, 7.825, 0
PixelHit 1297, 962, 3.26873, 0
PixelHit 1297, 963, 24.61, 0
PixelHit 1297, 964, 31.3176, 0
PixelHit 1297, 965, 89.6707, 0
PixelHit 1297, 966, 81.7386, 0
PixelHit 1297, 967, 67.7254, 0
PixelHit 1297, 968, 34.2714, 0
PixelHit 1297, 969, 19.7498, 0
PixelHit 1297, 970, 16.4274, 0
PixelHit 1297, 971, 23.278, 0
PixelHit 1297, 972, 15.0433, 0
PixelHit 1297, 973, 16.7572, 0
PixelHit 1297, 974, 31.5633, 0
PixelHit 1297, 975, 54.073, 0
PixelHit 1297, 976, 47.8387, 0
PixelHit 1297, 977, 60.4326, 0
PixelHit 1297, 978, 25.3888, 0
PixelHit 1297, 979, 24.3233, 0
PixelHit 1297, 980, 8.69558, 0
PixelHit 1297, 981, 2.11518, 0
PixelHit 1298, 959, 5.53, 0
PixelHit 1298, 960, 21.4298, 0
PixelHit 1298, 961, 16.7138, 0
PixelHit 1298, 962, 21.538, 0
PixelHit 1298, 963, 16.9062, 0
PixelHit 1298, 964, 33.5777, 0
PixelHit 1298, 965, 62.8343, 0
PixelHit 1298, 966, 60.4524, 0
PixelHit 1298, 967, 43.1564, 0
PixelHit 1298, 968, 44.7663, 0
PixelHit 1298, 969, 33.7185, 0
PixelHit 1298, 970, 21.719, 0
PixelHit 1298, 971, 32.2422, 0
PixelHit 1298, 972, 30.8893, 0
PixelHit 1298, 973, 43.2445, 0
PixelHit 1298, 974, 60.5825, 0
PixelHit 1298, 975, 42.4805, 0
PixelHit 1298, 976, 24.8357, 0
PixelHit 1298, 977, 21.0534, 0
PixelHit 1298, 978, 5.98353, 0
PixelHit 1299, 958, 5.97584, 0
PixelHit 1299, 959, 11.9211, 0
PixelHit 1299, 960, 30.7811, 0
PixelHit 1299, 961, 21.2974, 0
PixelHit 1299, 962, 28.6388, 0
PixelHit 1299, 963, 11.5107, 0
PixelHit 1299, 964, 16.4991, 0
PixelHit 1299, 965, 26.989, 0
PixelHit 1299, 966, 30.2206, 0
PixelHit 1299, 967, 31.7917, 0
PixelHit 1299, 968, 53.0349, 0
PixelHit 1299, 969, 60.2362, 0
PixelHit 1299, 970, 50.8083, 0
PixelHit 1299, 971, 35.2164, 0
PixelHit 1299, 972, 48.8686, 0
PixelHit 1299, 973, 40.6987, 0
PixelHit 1299, 974, 24.7846, 0
PixelHit 1299, 975, 19.2192, 0
PixelHit 1299, 976, 1.45819, 0
PixelHit 1299, 978, 2.29375, 0
PixelHit 1300, 960, 15.4784, 0
PixelHit 1300, 961, 20.6387, 0
PixelHit 1300, 962, 10.4175, 0
PixelHit 1300, 963, 5.6164, 0
PixelHit 1300, 964, 7.75629, 0
PixelHit 1300, 965, 27.419, 0
PixelHit 1300, 966, 29.7423, 0
PixelHit 1300, 967, 53.1693, 0
PixelHit 1300, 968, 65.1128, 0
PixelHit 1300, 969, 91.7652, 0
PixelHit 1300, 970, 42.374, 0
PixelHit 1300, 971, 24.2101, 0
PixelHit 1300, 972, 7.44181, 0
PixelHit 1300, 973, 5.40964, 0
PixelHit 1300, 974, 8.33403, 0
PixelHit 1301, 959, 2.64196, 0
PixelHit 1301, 960, 5.46316, 0
PixelHit 1301, 961, 5.82666, 0
PixelHit 1301, 962, 5.27038, 0
PixelHit 1301, 963, 3.27271, 0
PixelHit 1301, 964, 12.4936, 0
PixelHit 1301, 965, 29.1116, 0
PixelHit 1301, 966, 34.2952, 0
PixelHit 1301, 967, 30.4587, 0
PixelHit 1301, 968, 57.2897, 0
PixelHit 1301, 969, 46.474, 0
PixelHit 1301, 970, 32.6263, 0
PixelHit 1301, 971, 7.70884, 0
PixelHit 1301, 972, 3.22497, 0
PixelHit 1302, 961, 2.58649, 0
PixelHit 1302, 963, 3.2965, 0
PixelHit 1302, 964, 8.26578, 0
PixelHit 1302, 965, 17.4051, 0
PixelHit 1302, 966, 19.2349, 0
PixelHit 1302, 967, 21.0334, 0
PixelHit 1302, 968, 17.5411, 0
PixelHit 1302, 969, 10.9498, 0
PixelHit 1302, 970, 4.08633, 0
PixelHit 1303, 964, 4.87467, 0
PixelHit 1303, 965, 7.00401, 0
PixelHit 1303, 966, 4.66612, 0
PixelHit 1303, 967, 2.92242, 0
PixelHit 1303, 968, 3.62806, 0
PixelHit 1304, 966, 1.5849, 0
PixelHit 1304, 967, 1.905, 0
=== 88 ===
=== 89 ===
=== 90 ===
=== 91 ===
=== 92 ===
=== 93 ===
=== 94 ===
=== 95 ===
=== 96 ===
=== 97 ===
=== 98 ===
=== 99 ===
=== 100 ===
# 692 objects from 4 messages
