# Allpix Squared ASCII data - https://cern.ch/allpix-squared

=== 1 ===
=== 2 ===
=== 3 ===
=== 4 ===
=== 5 ===
=== 6 ===
=== 7 ===
=== 8 ===
--- mydetector ---
PixelHit 950, 657, 1.65614, 0
PixelHit 950, 658, 4.2209, 0
PixelHit 950, 659, 4.00378, 0
PixelHit 950, 660, 5.95002, 0
PixelHit 950, 661, 5.14024, 0
PixelHit 950, 662, 3.90413, 0
PixelHit 950, 664, 4.97486, 0
PixelHit 951, 652, 1.40043, 0
PixelHit 951, 655, 2.50136, 0
PixelHit 951, 656, 15.0514, 0
PixelHit 951, 657, 5.92007, 0
PixelHit 951, 658, 24.4236, 0
PixelHit 951, 659, 39.0724, 0
PixelHit 951, 660, 51.5302, 0
PixelHit 951, 661, 36.112, 0
PixelHit 951, 662, 35.6873, 0
PixelHit 951, 663, 31.1934, 0
PixelHit 951, 664, 40.01, 0
PixelHit 951, 665, 24.1436, 0
PixelHit 951, 666, 11.7064, 0
PixelHit 951, 667, 4.35254, 0
PixelHit 952, 652, 6.37273, 0
PixelHit 952, 653, 14.446, 0
PixelHit 952, 654, 21.5977, 0
PixelHit 952, 655, 25.4365, 0
PixelHit 952, 656, 43.6185, 0
PixelHit 952, 657, 38.8494, 0
PixelHit 952, 658, 58.1652, 0
PixelHit 952, 659, 93.7583, 0
PixelHit 952, 660, 72.1328, 0
PixelHit 952, 661, 59.572, 0
PixelHit 952, 662, 104.36, 0
PixelHit 952, 663, 137.332, 0
PixelHit 952, 664, 153.828, 0
PixelHit 952, 665, 138.826, 0
PixelHit 952, 666, 65.4026, 0
PixelHit 952, 667, 22.9162, 0
PixelHit 952, 668, 3.05667, 0
PixelHit 953, 646, 1.67324, 0
PixelHit 953, 649, 2.20772, 0
PixelHit 953, 650, 5.08438, 0
PixelHit 953, 651, 3.34161, 0
PixelHit 953, 652, 19.211, 0
PixelHit 953, 653, 43.8673, 0
PixelHit 953, 654, 71.8329, 0
PixelHit 953, 655, 47.5803, 0
PixelHit 953, 656, 43.0293, 0
PixelHit 953, 657, 59.0218, 0
PixelHit 953, 658, 78.0255, 0
PixelHit 953, 659, 83.3108, 0
PixelHit 953, 660, 76.6804, 0
PixelHit 953, 661, 47.9674, 0
PixelHit 953, 662, 63.1051, 0
PixelHit 953, 663, 102.699, 0
PixelHit 953, 664, 179.669, 0
PixelHit 953, 665, 221.545, 0
PixelHit 953, 666, 127, 0
PixelHit 953, 667, 83.4899, 0
PixelHit 953, 668, 38.7135, 0
PixelHit 953, 669, 8.55522, 0
PixelHit 953, 670, 3.63487, 0
PixelHit 954, 643, 0.791553, 0
PixelHit 954, 644, 14.9851, 0
PixelHit 954, 645, 36.7104, 0
PixelHit 954, 646, 18.945, 0
PixelHit 954, 647, 6.02909, 0
PixelHit 954, 649, 17.2965, 0
PixelHit 954, 650, 34.3182, 0
PixelHit 954, 651, 49.0863, 0
PixelHit 954, 652, 59.7391, 0
PixelHit 954, 653, 78.474, 0
PixelHit 954, 654, 63.331, 0
PixelHit 954, 655, 54.4678, 0
PixelHit 954, 656, 20.0705, 0
PixelHit 954, 657, 23.2572, 0
PixelHit 954, 658, 24.578, 0
PixelHit 954, 659, 23.8034, 0
PixelHit 954, 660, 18.6587, 0
PixelHit 954, 661, 9.3099, 0
PixelHit 954, 662, 19.524, 0
PixelHit 954, 663, 36.3242, 0
PixelHit 954, 664, 80.6926, 0
PixelHit 954, 665, 103.067, 0
PixelHit 954, 666, 95.3849, 0
PixelHit 954, 667, 66.6821, 0
PixelHit 954, 668, 57.3486, 0
PixelHit 954, 669, 56.3607, 0
PixelHit 954, 670, 30.857, 0
PixelHit 955, 642, 6.57485, 0
PixelHit 955, 643, 33.5564, 0
PixelHit 955, 644, 127.285, 0
PixelHit 955, 645, 274.272, 0
PixelHit 955, 646, 131.482, 0
PixelHit 955, 647, 44.4087, 0
PixelHit 955, 648, 38.1128, 0
PixelHit 955, 649, 101.204, 0
PixelHit 955, 650, 212.44, 0
PixelHit 955, 651, 267.575, 0
PixelHit 955, 652, 143.551, 0
PixelHit 955, 653, 70.7214, 0
PixelHit 955, 654, 48.2084, 0
PixelHit 955, 655, 12.3587, 0
PixelHit 955, 656, 6.37453, 0
PixelHit 955, 657, 3.5354, 0
PixelHit 955, 658, 3.6612, 0
PixelHit 955, 659, 2.35885, 0
PixelHit 955, 660, 2.38581, 0
PixelHit 955, 662, 1.44183, 0
PixelHit 955, 663, 3.21818, 0
PixelHit 955, 664, 3.85044, 0
PixelHit 955, 665, 14.2398, 0
PixelHit 955, 666, 7.45394, 0
PixelHit 955, 667, 12.7121, 0
PixelHit 955, 668, 19.4971, 0
PixelHit 955, 669, 36.4182, 0
PixelHit 955, 670, 55.32, 0
PixelHit 955, 671, 36.4627, 0
PixelHit 955, 672, 8.02857, 0
PixelHit 955, 673, 1.22871, 0
PixelHit 956, 638, 1.66292, 0
PixelHit 956, 639, 5.6785, 0
PixelHit 956, 640, 26.7702, 0
PixelHit 956, 641, 23.1445, 0
PixelHit 956, 642, 79.4677, 0
PixelHit 956, 643, 134.095, 0
PixelHit 956, 644, 213.752, 0
PixelHit 956, 645, 332.202, 0
PixelHit 956, 646, 146.63, 0
PixelHit 956, 647, 120.621, 0
PixelHit 956, 648, 105.046, 0
PixelHit 956, 649, 207.465, 0
PixelHit 956, 650, 459.216, 0
PixelHit 956, 651, 508.057, 0
PixelHit 956, 652, 231.711, 0
PixelHit 956, 653, 72.3868, 0
PixelHit 956, 654, 8.95272, 0
PixelHit 956, 655, 1.59676, 0
PixelHit 956, 668, 2.70541, 0
PixelHit 956, 669, 9.50247, 0
PixelHit 956, 670, 36.683, 0
PixelHit 956, 671, 116.47, 0
PixelHit 956, 672, 99.0565, 0
PixelHit 956, 673, 14.7096, 0
PixelHit 957, 639, 113.043, 0
PixelHit 957, 640, 287.231, 0
PixelHit 957, 641, 188.681, 0
PixelHit 957, 642, 146.239, 0
PixelHit 957, 643, 127.47, 0
PixelHit 957, 644, 90.4743, 0
PixelHit 957, 645, 62.6889, 0
PixelHit 957, 646, 31.9969, 0
PixelHit 957, 647, 38.047, 0
PixelHit 957, 648, 39.6684, 0
PixelHit 957, 649, 124.119, 0
PixelHit 957, 650, 293.825, 0
PixelHit 957, 651, 286.18, 0
PixelHit 957, 652, 101.303, 0
PixelHit 957, 653, 15.9671, 0
PixelHit 957, 654, 5.33152, 0
PixelHit 957, 670, 7.09182, 0
PixelHit 957, 671, 44.5948, 0
PixelHit 957, 672, 110.607, 0
PixelHit 957, 673, 70.4537, 0
PixelHit 957, 674, 44.4327, 0
PixelHit 957, 675, 8.77901, 0
PixelHit 958, 638, 2.94582, 0
PixelHit 958, 639, 168.832, 0
PixelHit 958, 640, 282.204, 0
PixelHit 958, 641, 154.706, 0
PixelHit 958, 642, 53.1334, 0
PixelHit 958, 643, 20.0572, 0
PixelHit 958, 644, 3.16601, 0
PixelHit 958, 645, 6.04839, 0
PixelHit 958, 646, 3.23543, 0
PixelHit 958, 647, 4.92848, 0
PixelHit 958, 648, 6.67347, 0
PixelHit 958, 649, 16.8873, 0
PixelHit 958, 650, 48.4098, 0
PixelHit 958, 651, 45.9611, 0
PixelHit 958, 652, 15.8443, 0
PixelHit 958, 653, 2.95289, 0
PixelHit 958, 671, 4.21884, 0
PixelHit 958, 672, 11.0083, 0
PixelHit 958, 673, 55.7914, 0
PixelHit 958, 674, 252.984, 0
PixelHit 958, 675, 82.8677, 0
PixelHit 958, 676, 2.16336, 0
PixelHit 959, 639, 16.2045, 0
PixelHit 959, 640, 203.815, 0
PixelHit 959, 641, 79.3944, 0
PixelHit 959, 642, 4.676, 0
PixelHit 959, 650, 4.28966, 0
PixelHit 959, 652, 1.75507, 0
PixelHit 959, 673, 24.2818, 0
PixelHit 959, 674, 123.346, 0
PixelHit 959, 675, 67.9146, 0
PixelHit 959, 676, 17.0839, 0
PixelHit 960, 640, 110.561, 0
PixelHit 960, 641, 386.617, 0
PixelHit 960, 642, 7.63793, 0
PixelHit 960, 674, 6.14393, 0
PixelHit 960, 675, 47.484, 0
PixelHit 960, 676, 42.904, 0
PixelHit 960, 677, 2.86311, 0
PixelHit 961, 641, 3.22468, 0
PixelHit 961, 675, 12.0039, 0
PixelHit 961, 676, 60.5654, 0
PixelHit 961, 677, 72.2263, 0
PixelHit 961, 678, 8.53237, 0
PixelHit 962, 675, 1.93884, 0
PixelHit 962, 676, 54.1912, 0
PixelHit 962, 677, 191.116, 0
PixelHit 962, 678, 43.936, 0
PixelHit 963, 676, 11.3921, 0
PixelHit 963, 677, 75.866, 0
PixelHit 963, 678, 107.66, 0
PixelHit 963, 679, 8.65484, 0
PixelHit 964, 676, 1.45478, 0
PixelHit 964, 677, 16.2026, 0
PixelHit 964, 678, 173.228, 0
PixelHit 964, 679, 42.2281, 0
PixelHit 965, 677, 2.16668, 0
PixelHit 965, 678, 60.2622, 0
PixelHit 965, 679, 69.8348, 0
PixelHit 965, 680, 4.10148, 0
PixelHit 966, 678, 1.47506, 0
PixelHit 966, 679, 56.6072, 0
PixelHit 966, 680, 57.3381, 0
PixelHit 966, 681, 3.26101, 0
PixelHit 967, 679, 42.1347, 0
PixelHit 967, 680, 93.2857, 0
PixelHit 967, 681, 67.2022, 0
PixelHit 967, 682, 11.059, 0
PixelHit 967, 683, 2.63258, 0
PixelHit 968, 679, 1.43244, 0
PixelHit 968, 680, 26.7289, 0
PixelHit 968, 681, 154.299, 0
PixelHit 968, 682, 209.36, 0
PixelHit 968, 683, 34.6477, 0
PixelHit 969, 680, 1.33099, 0
PixelHit 969, 681, 73.5938, 0
PixelHit 969, 682, 420.308, 0
PixelHit 969, 683, 100.16, 0
PixelHit 970, 681, 8.81962, 0
PixelHit 970, 682, 71.251, 0
PixelHit 970, 683, 104.863, 0
PixelHit 970, 684, 20.3553, 0
PixelHit 971, 681, 1.42402, 0
PixelHit 971, 682, 12.2412, 0
PixelHit 971, 683, 87.2266, 0
PixelHit 971, 684, 40.9948, 0
PixelHit 971, 685, 2.01721, 0
PixelHit 972, 682, 2.96856, 0
PixelHit 972, 683, 74.6863, 0
PixelHit 972, 684, 73.7837, 0
PixelHit 972, 685, 12.0802, 0
PixelHit 973, 682, 4.38639, 0
PixelHit 973, 683, 75.6651, 0
PixelHit 973, 684, 159.771, 0
PixelHit 973, 685, 35.8291, 0
PixelHit 974, 682, 3.04255, 0
PixelHit 974, 683, 40.3832, 0
PixelHit 974, 684, 108.703, 0
PixelHit 974, 685, 22.178, 0
PixelHit 975, 683, 17.697, 0
PixelHit 975, 684, 49.122, 0
PixelHit 975, 685, 35.5638, 0
PixelHit 975, 686, 2.68859, 0
PixelHit 976, 683, 3.8936, 0
PixelHit 976, 684, 44.496, 0
PixelHit 976, 685, 80.1979, 0
PixelHit 976, 686, 41.8146, 0
PixelHit 976, 687, 4.62201, 0
PixelHit 977, 684, 19.2672, 0
PixelHit 977, 685, 79.9038, 0
PixelHit 977, 686, 90.5008, 0
PixelHit 977, 687, 13.3842, 0
PixelHit 978, 684, 2.89879, 0
PixelHit 978, 685, 25.855, 0
PixelHit 978, 686, 38.2778, 0
PixelHit 978, 687, 27.9755, 0
PixelHit 979, 685, 1.94327, 0
PixelHit 979, 686, 19.8629, 0
PixelHit 979, 687, 60.6034, 0
PixelHit 979, 688, 40.3315, 0
PixelHit 979, 689, 5.71581, 0
PixelHit 980, 685, 0.838926, 0
PixelHit 980, 686, 2.3252, 0
PixelHit 980, 687, 44.0889, 0
PixelHit 980, 688, 47.6847, 0
PixelHit 980, 689, 50.3665, 0
PixelHit 980, 690, 7.31438, 0
PixelHit 981, 687, 6.15365, 0
PixelHit 981, 688, 47.5644, 0
PixelHit 981, 689, 165.231, 0
PixelHit 981, 690, 312.141, 0
PixelHit 981, 691, 85.9312, 0
PixelHit 981, 692, 0.593952, 0
PixelHit 982, 688, 8.1955, 0
PixelHit 982, 689, 210.462, 0
PixelHit 982, 690, 1153.98, 0
PixelHit 982, 691, 412.834, 0
PixelHit 982, 692, 30.784, 0
PixelHit 982, 693, 17.6366, 0
PixelHit 982, 694, 2.6184, 0
PixelHit 983, 689, 36.4534, 0
PixelHit 983, 690, 252.256, 0
PixelHit 983, 691, 282.473, 0
PixelHit 983, 692, 303, 0
PixelHit 983, 693, 149.921, 0
PixelHit 983, 694, 29.9626, 0
PixelHit 984, 689, 4.29852, 0
PixelHit 984, 690, 5.42521, 0
PixelHit 984, 691, 14.2586, 0
PixelHit 984, 692, 16.8813, 0
PixelHit 984, 693, 4.89313, 0
PixelHit 1273, 1027, 4.24098, 0
PixelHit 1274, 1026, 3.43516, 0
PixelHit 1274, 1027, 66.0913, 0
PixelHit 1275, 1026, 58.9702, 0
PixelHit 1275, 1027, 146.154, 0
PixelHit 1276, 1025, 12.5052, 0
PixelHit 1276, 1026, 102.811, 0
PixelHit 1276, 1027, 80.0222, 0
PixelHit 1277, 1024, 2.07462, 0
PixelHit 1277, 1025, 18.1961, 0
PixelHit 1277, 1026, 37.6269, 0
PixelHit 1277, 1027, 26.3674, 0
PixelHit 1278, 1024, 15.0619, 0
PixelHit 1278, 1025, 65.3231, 0
PixelHit 1278, 1026, 54.8675, 0
PixelHit 1278, 1027, 12.8256, 0
PixelHit 1279, 1022, 3.54695, 0
PixelHit 1279, 1023, 1.59117, 0
PixelHit 1279, 1024, 28.2512, 0
PixelHit 1279, 1025, 83.4233, 0
PixelHit 1279, 1026, 43.8254, 0
PixelHit 1279, 1027, 2.90868, 0
PixelHit 1279, 1028, 1.95648, 0
PixelHit 1280, 1022, 1.73567, 0
PixelHit 1280, 1023, 17.2407, 0
PixelHit 1280, 1024, 38.0263, 0
PixelHit 1280, 1025, 65.2975, 0
PixelHit 1280, 1026, 26.159, 0
PixelHit 1281, 1020, 2.12025, 0
PixelHit 1281, 1022, 4.64929, 0
PixelHit 1281, 1023, 30.5458, 0
PixelHit 1281, 1024, 43.9533, 0
PixelHit 1281, 1025, 50.659, 0
PixelHit 1281, 1026, 16.6204, 0
PixelHit 1281, 1027, 1.67098, 0
PixelHit 1282, 1022, 12.3917, 0
PixelHit 1282, 1023, 28.8649, 0
PixelHit 1282, 1024, 59.454, 0
PixelHit 1282, 1025, 34.155, 0
PixelHit 1282, 1026, 10.3422, 0
PixelHit 1282, 1027, 2.22149, 0
PixelHit 1283, 1020, 1.42241, 0
PixelHit 1283, 1021, 6.18107, 0
PixelHit 1283, 1022, 9.49794, 0
PixelHit 1283, 1023, 38.9894, 0
PixelHit 1283, 1024, 47.3402, 0
PixelHit 1283, 1025, 24.1954, 0
PixelHit 1284, 1019, 0.502876, 0
PixelHit 1284, 1020, 0.866359, 0
PixelHit 1284, 1021, 7.81922, 0
PixelHit 1284, 1022, 29.8594, 0
PixelHit 1284, 1023, 36.3981, 0
PixelHit 1284, 1024, 44.8026, 0
PixelHit 1284, 1025, 11.3768, 0
PixelHit 1284, 1026, 2.25737, 0
PixelHit 1285, 1019, -0.243688, 0
PixelHit 1285, 1020, 6.07902, 0
PixelHit 1285, 1021, 17.0697, 0
PixelHit 1285, 1022, 26.4854, 0
PixelHit 1285, 1023, 37.2781, 0
PixelHit 1285, 1024, 18.5635, 0
PixelHit 1285, 1025, 4.48443, 0
PixelHit 1286, 1019, 2.94192, 0
PixelHit 1286, 1020, 4.82101, 0
PixelHit 1286, 1021, 17.4011, 0
PixelHit 1286, 1022, 27.1435, 0
PixelHit 1286, 1023, 32.1882, 0
PixelHit 1286, 1024, 16.302, 0
PixelHit 1286, 1025, 7.94168, 0
PixelHit 1287, 1020, 4.74098, 0
PixelHit 1287, 1021, 16.4463, 0
PixelHit 1287, 1022, 23.8178, 0
PixelHit 1287, 1023, 22.3484, 0
PixelHit 1287, 1024, 11.7357, 0
PixelHit 1287, 1026, 0.782738, 0
PixelHit 1288, 1020, 2.39834, 0
PixelHit 1288, 1021, 7.94598, 0
PixelHit 1288, 1022, 3.22205, 0
PixelHit 1288, 1023, 5.95882, 0
PixelHit 1289, 1021, 3.20127, 0
PixelHit 1289, 1022, 3.76359, 0
PixelHit 1289, 1023, 2.04384, 0
PixelHit 1290, 1023, 2.2526, 0
PixelHit 1291, 972, 2.79885, 0
PixelHit 1292, 970, 26.9904, 0
PixelHit 1292, 971, 125.358, 0
PixelHit 1292, 972, 0.572528, 0
PixelHit 1293, 969, 2.36999, 0
PixelHit 1293, 970, 36.708, 0
PixelHit 1293, 971, 67.3137, 0
PixelHit 1294, 969, 36.6049, 0
PixelHit 1294, 970, 91.5644, 0
PixelHit 1294, 971, 21.0686, 0
PixelHit 1295, 967, 2.06106, 0
PixelHit 1295, 968, 4.86516, 0
PixelHit 1295, 969, 82.4484, 0
PixelHit 1295, 970, 135.053, 0
PixelHit 1295, 971, 19.2836, 0
PixelHit 1296, 968, 24.9503, 0
PixelHit 1296, 969, 90.1694, 0
PixelHit 1296, 970, 75.1001, 0
PixelHit 1296, 971, 10.4931, 0
PixelHit 1297, 966, 0.499107, 0
PixelHit 1297, 967, 9.68315, 0
PixelHit 1297, 968, 59.429, 0
PixelHit 1297, 969, 91.0808, 0
PixelHit 1297, 970, 38.6314, 0
PixelHit 1297, 971, 4.5265, 0
PixelHit 1298, 967, 8.20912, 0
PixelHit 1298, 968, 45.0748, 0
PixelHit 1298, 969, 47.4096, 0
PixelHit 1298, 970, 21.6615, 0
PixelHit 1298, 971, 1.86289, 0
PixelHit 1299, 966, 2.79819, 0
PixelHit 1299, 967, 9.04646, 0
PixelHit 1299, 968, 19.0214, 0
PixelHit 1299, 969, 32.0568, 0
PixelHit 1299, 970, 5.51759, 0
PixelHit 1299, 971, 0.985542, 0
PixelHit 1300, 965, 0.809801, 0
PixelHit 1300, 967, 6.01704, 0
PixelHit 1300, 968, 14.7881, 0
PixelHit 1300, 969, 8.16245, 0
PixelHit 1300, 970, 3.59055, 0
PixelHit 1301, 966, 3.31027, 0
PixelHit 1301, 967, 6.92798, 0
PixelHit 1301, 968, 6.80916, 0
PixelHit 1301, 969, 2.58406, 0
PixelHit 1302, 964, 2.51807, 0
PixelHit 1302, 965, 7.57131, 0
PixelHit 1302, 966, 19.6951, 0
PixelHit 1302, 967, 23.515, 0
PixelHit 1302, 968, 11.2471, 0
PixelHit 1302, 969, 2.30502, 0
PixelHit 1302, 970, 1.01537, 0
PixelHit 1303, 964, 2.916, 0
PixelHit 1303, 965, 13.6794, 0
PixelHit 1303, 966, 38.1939, 0
PixelHit 1303, 967, 29.198, 0
PixelHit 1303, 968, 25.3767, 0
PixelHit 1303, 969, 5.63426, 0
PixelHit 1304, 964, 3.46566, 0
PixelHit 1304, 965, 13.3687, 0
PixelHit 1304, 966, 42.712, 0
PixelHit 1304, 967, 50.2482, 0
PixelHit 1304, 968, 14.4738, 0
PixelHit 1304, 969, 3.5398, 0
PixelHit 1305, 964, 2.31276, 0
PixelHit 1305, 965, 12.5242, 0
PixelHit 1305, 966, 20.4324, 0
PixelHit 1305, 967, 19.2634, 0
PixelHit 1305, 968, 5.45551, 0
PixelHit 1306, 965, 5.6756, 0
PixelHit 1306, 966, 6.48714, 0
PixelHit 1306, 967, 7.07469, 0
PixelHit 1308, 968, 1.2639, 0
=== 9 ===
=== 10 ===
=== 11 ===
=== 12 ===
=== 13 ===
=== 14 ===
=== 15 ===
=== 16 ===
=== 17 ===
=== 18 ===
=== 19 ===
=== 20 ===
=== 21 ===
=== 22 ===
=== 23 ===
=== 24 ===
=== 25 ===
=== 26 ===
=== 27 ===
=== 28 ===
=== 29 ===
=== 30 ===
=== 31 ===
=== 32 ===
=== 33 ===
=== 34 ===
=== 35 ===
=== 36 ===
=== 37 ===
=== 38 ===
=== 39 ===
=== 40 ===
=== 41 ===
=== 42 ===
=== 43 ===
=== 44 ===
=== 45 ===
=== 46 ===
=== 47 ===
=== 48 ===
=== 49 ===
=== 50 ===
=== 51 ===
=== 52 ===
=== 53 ===
=== 54 ===
=== 55 ===
=== 56 ===
=== 57 ===
=== 58 ===
=== 59 ===
=== 60 ===
=== 61 ===
=== 62 ===
=== 63 ===
=== 64 ===
=== 65 ===
=== 66 ===
=== 67 ===
=== 68 ===
=== 69 ===
=== 70 ===
=== 71 ===
=== 72 ===
=== 73 ===
=== 74 ===
=== 75 ===
=== 76 ===
=== 77 ===
=== 78 ===
=== 79 ===
=== 80 ===
=== 81 ===
=== 82 ===
=== 83 ===
=== 84 ===
=== 85 ===
=== 86 ===
=== 87 ===
=== 88 ===
=== 89 ===
=== 90 ===
=== 91 ===
=== 92 ===
=== 93 ===
=== 94 ===
=== 95 ===
=== 96 ===
=== 97 ===
=== 98 ===
=== 99 ===
=== 100 ===
# 472 objects from 1 messages
