# Allpix Squared ASCII data - https://cern.ch/allpix-squared

=== 1 ===
=== 2 ===
=== 3 ===
=== 4 ===
=== 5 ===
=== 6 ===
=== 7 ===
=== 8 ===
=== 9 ===
=== 10 ===
=== 11 ===
=== 12 ===
=== 13 ===
=== 14 ===
=== 15 ===
=== 16 ===
=== 17 ===
=== 18 ===
=== 19 ===
=== 20 ===
=== 21 ===
=== 22 ===
=== 23 ===
=== 24 ===
=== 25 ===
=== 26 ===
--- mydetector ---
PixelHit 1284, 966, 2.30574, 0
PixelHit 1284, 967, 8.40306, 0
PixelHit 1285, 966, 10.9296, 0
PixelHit 1285, 967, 13.5797, 0
PixelHit 1285, 969, 6.62392, 0
PixelHit 1285, 970, 1.67291, 0
PixelHit 1286, 966, 14.4641, 0
PixelHit 1286, 967, 21.7056, 0
PixelHit 1286, 969, 22.1378, 0
PixelHit 1286, 970, 2.8637, 0
PixelHit 1287, 966, 8.79881, 0
PixelHit 1287, 967, 17.9921, 0
PixelHit 1287, 968, 2.78615, 0
PixelHit 1287, 969, 7.93037, 0
PixelHit 1287, 970, 1.17908, 0
PixelHit 1288, 965, 4.64032, 0
PixelHit 1288, 966, 40.983, 0
PixelHit 1288, 967, 37.6578, 0
PixelHit 1288, 968, 10.4854, 0
PixelHit 1288, 969, 43.0345, 0
PixelHit 1288, 970, 20.7644, 0
PixelHit 1289, 966, 44.8611, 0
PixelHit 1289, 967, 40.8138, 0
PixelHit 1289, 968, 15.483, 0
PixelHit 1289, 969, 74.9004, 0
PixelHit 1289, 970, 30.8605, 0
PixelHit 1289, 971, 2.11571, 0
PixelHit 1290, 965, 2.51833, 0
PixelHit 1290, 966, 48.3958, 0
PixelHit 1290, 967, 48.8607, 0
PixelHit 1290, 968, 31.0049, 0
PixelHit 1290, 969, 57.6567, 0
PixelHit 1290, 970, 26.3099, 0
PixelHit 1291, 965, 29.771, 0
PixelHit 1291, 966, 198.216, 0
PixelHit 1291, 967, 199.428, 0
PixelHit 1291, 968, 49.1283, 0
PixelHit 1291, 969, 38.8517, 0
PixelHit 1291, 970, 22.3199, 0
PixelHit 1291, 971, 1.76374, 0
PixelHit 1292, 964, 5.45164, 0
PixelHit 1292, 965, 68.3721, 0
PixelHit 1292, 966, 319.15, 0
PixelHit 1292, 967, 341.786, 0
PixelHit 1292, 968, 94.3144, 0
PixelHit 1292, 969, 58.4972, 0
PixelHit 1292, 970, 25.3963, 0
PixelHit 1292, 971, 3.94611, 0
PixelHit 1293, 964, 6.3611, 0
PixelHit 1293, 965, 43.1339, 0
PixelHit 1293, 966, 213.374, 0
PixelHit 1293, 967, 233.767, 0
PixelHit 1293, 968, 92.4822, 0
PixelHit 1293, 969, 87.0177, 0
PixelHit 1293, 970, 39.3948, 0
PixelHit 1293, 971, 4.37013, 0
PixelHit 1294, 964, 2.42931, 0
PixelHit 1294, 965, 21.7859, 0
PixelHit 1294, 966, 94.2426, 0
PixelHit 1294, 967, 127.42, 0
PixelHit 1294, 968, 54.09, 0
PixelHit 1294, 969, 82.9111, 0
PixelHit 1294, 970, 47.5015, 0
PixelHit 1294, 971, 6.84629, 0
PixelHit 1294, 972, 3.89745, 0
PixelHit 1295, 965, 22.6783, 0
PixelHit 1295, 966, 64.9558, 0
PixelHit 1295, 967, 73.5227, 0
PixelHit 1295, 968, 51.1217, 0
PixelHit 1295, 969, 42.9103, 0
PixelHit 1295, 970, 19.2576, 0
PixelHit 1295, 971, 5.81369, 0
PixelHit 1296, 964, 6.27401, 0
PixelHit 1296, 965, 27.4336, 0
PixelHit 1296, 966, 85.5639, 0
PixelHit 1296, 967, 87.558, 0
PixelHit 1296, 968, 45.1332, 0
PixelHit 1296, 969, 35.9996, 0
PixelHit 1296, 970, 14.3592, 0
PixelHit 1296, 971, 5.78093, 0
PixelHit 1297, 964, 5.52345, 0
PixelHit 1297, 965, 44.8367, 0
PixelHit 1297, 966, 148.595, 0
PixelHit 1297, 967, 157.003, 0
PixelHit 1297, 968, 83.9029, 0
PixelHit 1297, 969, 59.7054, 0
PixelHit 1297, 970, 40.9792, 0
PixelHit 1297, 971, 7.71735, 0
PixelHit 1298, 964, 9.16249, 0
PixelHit 1298, 965, 58.0203, 0
PixelHit 1298, 966, 131.964, 0
PixelHit 1298, 967, 152.643, 0
PixelHit 1298, 968, 107.933, 0
PixelHit 1298, 969, 88.6062, 0
PixelHit 1298, 970, 48.163, 0
PixelHit 1298, 971, 11.1482, 0
PixelHit 1298, 972, -0.0958302, 0
PixelHit 1299, 964, 6.49417, 0
PixelHit 1299, 965, 52.5658, 0
PixelHit 1299, 966, 78.8749, 0
PixelHit 1299, 967, 96.0748, 0
PixelHit 1299, 968, 81.3852, 0
PixelHit 1299, 969, 76.6089, 0
PixelHit 1299, 970, 37.2112, 0
PixelHit 1299, 971, 7.0174, 0
PixelHit 1299, 972, 1.91979, 0
PixelHit 1300, 964, 4.23802, 0
PixelHit 1300, 965, 20.52, 0
PixelHit 1300, 966, 62.3422, 0
PixelHit 1300, 967, 74.9197, 0
PixelHit 1300, 968, 59.2226, 0
PixelHit 1300, 969, 49.0369, 0
PixelHit 1300, 970, 20.5791, 0
PixelHit 1300, 971, 7.39821, 0
PixelHit 1300, 972, 2.35424, 0
PixelHit 1301, 964, 2.92855, 0
PixelHit 1301, 965, 14.8182, 0
PixelHit 1301, 966, 58.6497, 0
PixelHit 1301, 967, 54.9427, 0
PixelHit 1301, 968, 54.2462, 0
PixelHit 1301, 969, 30.4961, 0
PixelHit 1301, 970, 40.0871, 0
PixelHit 1301, 971, 9.68226, 0
PixelHit 1302, 965, 14.4556, 0
PixelHit 1302, 966, 39.2379, 0
PixelHit 1302, 967, 52.5823, 0
PixelHit 1302, 968, 51.2566, 0
PixelHit 1302, 969, 55.6135, 0
PixelHit 1302, 970, 42.6902, 0
PixelHit 1302, 971, 10.3356, 0
PixelHit 1303, 965, 16.9672, 0
PixelHit 1303, 966, 34.8629, 0
PixelHit 1303, 967, 47.2418, 0
PixelHit 1303, 968, 47.4936, 0
PixelHit 1303, 969, 66.5175, 0
PixelHit 1303, 970, 38.4696, 0
PixelHit 1303, 971, 6.79364, 0
PixelHit 1304, 964, 5.12817, 0
PixelHit 1304, 965, 13.4946, 0
PixelHit 1304, 966, 37.1853, 0
PixelHit 1304, 967, 45.9338, 0
PixelHit 1304, 968, 47.2737, 0
PixelHit 1304, 969, 45.6453, 0
PixelHit 1304, 970, 27.202, 0
PixelHit 1304, 971, 12.6405, 0
PixelHit 1304, 972, 4.17624, 0
PixelHit 1305, 964, 5.56595, 0
PixelHit 1305, 965, 16.8897, 0
PixelHit 1305, 966, 32.7528, 0
PixelHit 1305, 967, 40.8721, 0
PixelHit 1305, 968, 33.4204, 0
PixelHit 1305, 969, 36.9097, 0
PixelHit 1305, 970, 29.2588, 0
PixelHit 1305, 971, 13.9105, 0
PixelHit 1305, 972, 3.39345, 0
PixelHit 1306, 963, 1.99935, 0
PixelHit 1306, 964, 1.74272, 0
PixelHit 1306, 965, 5.84287, 0
PixelHit 1306, 966, 15.4608, 0
PixelHit 1306, 967, 18.886, 0
PixelHit 1306, 968, 26.9237, 0
PixelHit 1306, 969, 31.4474, 0
PixelHit 1306, 970, 25.9573, 0
PixelHit 1306, 971, 9.86954, 0
PixelHit 1307, 966, 5.30487, 0
PixelHit 1307, 967, 1.79034, 0
PixelHit 1307, 968, 8.59085, 0
PixelHit 1307, 969, 11.1838, 0
PixelHit 1307, 970, 8.47954, 0
PixelHit 1307, 971, 4.5785, 0
PixelHit 1308, 969, 3.8499, 0
=== 27 ===
=== 28 ===
=== 29 ===
=== 30 ===
=== 31 ===
=== 32 ===
=== 33 ===
=== 34 ===
=== 35 ===
=== 36 ===
=== 37 ===
=== 38 ===
=== 39 ===
=== 40 ===
=== 41 ===
=== 42 ===
=== 43 ===
=== 44 ===
=== 45 ===
=== 46 ===
=== 47 ===
=== 48 ===
=== 49 ===
=== 50 ===
=== 51 ===
=== 52 ===
=== 53 ===
=== 54 ===
=== 55 ===
=== 56 ===
=== 57 ===
=== 58 ===
=== 59 ===
=== 60 ===
=== 61 ===
=== 62 ===
=== 63 ===
=== 64 ===
=== 65 ===
=== 66 ===
--- mydetector ---
PixelHit 1288, 969, 4.46637, 0
PixelHit 1289, 968, 4.74568, 0
PixelHit 1289, 969, 126.604, 0
PixelHit 1290, 968, 3.75546, 0
PixelHit 1290, 969, 43.9741, 0
PixelHit 1290, 970, 109.748, 0
PixelHit 1290, 971, 8.87977, 0
PixelHit 1291, 968, 18.9518, 0
PixelHit 1291, 969, 62.1288, 0
PixelHit 1291, 970, 144.997, 0
PixelHit 1291, 971, 15.3613, 0
PixelHit 1292, 968, 45.1043, 0
PixelHit 1292, 969, 189.385, 0
PixelHit 1292, 970, 151.973, 0
PixelHit 1292, 971, 22.119, 0
PixelHit 1293, 967, 3.69958, 0
PixelHit 1293, 968, 73.6479, 0
PixelHit 1293, 969, 194.401, 0
PixelHit 1293, 970, 163.057, 0
PixelHit 1293, 971, 17.391, 0
PixelHit 1294, 967, 1.31384, 0
PixelHit 1294, 968, 45.2014, 0
PixelHit 1294, 969, 117.729, 0
PixelHit 1294, 970, 82.0993, 0
PixelHit 1294, 971, 12.5081, 0
PixelHit 1295, 967, 1.08951, 0
PixelHit 1295, 968, 17.0993, 0
PixelHit 1295, 969, 49.1898, 0
PixelHit 1295, 970, 87.0254, 0
PixelHit 1295, 971, 39.302, 0
PixelHit 1295, 972, 1.59661, 0
PixelHit 1296, 967, 2.75428, 0
PixelHit 1296, 968, 35.8289, 0
PixelHit 1296, 969, 70.7077, 0
PixelHit 1296, 970, 106.796, 0
PixelHit 1296, 971, 43.3448, 0
PixelHit 1296, 972, 4.23605, 0
PixelHit 1297, 967, 2.59589, 0
PixelHit 1297, 968, 29.2617, 0
PixelHit 1297, 969, 95.194, 0
PixelHit 1297, 970, 99.0372, 0
PixelHit 1297, 971, 35.7002, 0
PixelHit 1297, 972, 3.41973, 0
PixelHit 1298, 968, 30.0489, 0
PixelHit 1298, 969, 92.6816, 0
PixelHit 1298, 970, 165.282, 0
PixelHit 1298, 971, 84.1552, 0
PixelHit 1298, 972, 20.2599, 0
PixelHit 1298, 973, 3.84642, 0
PixelHit 1299, 966, 1.846, 0
PixelHit 1299, 967, 4.71288, 0
PixelHit 1299, 968, 56.0321, 0
PixelHit 1299, 969, 316.799, 0
PixelHit 1299, 970, 441.304, 0
PixelHit 1299, 971, 258.86, 0
PixelHit 1299, 972, 58.7462, 0
PixelHit 1299, 973, 3.26036, 0
PixelHit 1300, 967, 5.66561, 0
PixelHit 1300, 968, 72.767, 0
PixelHit 1300, 969, 278.324, 0
PixelHit 1300, 970, 481.357, 0
PixelHit 1300, 971, 272.863, 0
PixelHit 1300, 972, 37.6844, 0
PixelHit 1300, 973, 4.62047, 0
PixelHit 1301, 967, 12.7572, 0
PixelHit 1301, 968, 47.8529, 0
PixelHit 1301, 969, 146.998, 0
PixelHit 1301, 970, 222.665, 0
PixelHit 1301, 971, 113.034, 0
PixelHit 1301, 972, 12.8803, 0
PixelHit 1302, 966, 2.05427, 0
PixelHit 1302, 967, 8.27919, 0
PixelHit 1302, 968, 35.1157, 0
PixelHit 1302, 969, 75.1076, 0
PixelHit 1302, 970, 92.1502, 0
PixelHit 1302, 971, 61.7394, 0
PixelHit 1302, 972, 21.0249, 0
PixelHit 1303, 967, 3.31647, 0
PixelHit 1303, 968, 13.4861, 0
PixelHit 1303, 969, 49.2717, 0
PixelHit 1303, 970, 63.7909, 0
PixelHit 1303, 971, 37.6329, 0
PixelHit 1303, 972, 7.51062, 0
PixelHit 1304, 967, 2.3959, 0
PixelHit 1304, 968, 16.0701, 0
PixelHit 1304, 969, 37.7595, 0
PixelHit 1304, 970, 54.2315, 0
PixelHit 1304, 971, 33.3646, 0
PixelHit 1304, 972, 10.2355, 0
PixelHit 1304, 973, 2.44229, 0
PixelHit 1305, 967, 13.3055, 0
PixelHit 1305, 968, 21.8172, 0
PixelHit 1305, 969, 34.4922, 0
PixelHit 1305, 970, 44.3918, 0
PixelHit 1305, 971, 39.2066, 0
PixelHit 1305, 972, 6.55654, 0
PixelHit 1305, 973, 3.65441, 0
PixelHit 1306, 965, 1.51738, 0
PixelHit 1306, 967, 6.10039, 0
PixelHit 1306, 968, 37.3877, 0
PixelHit 1306, 969, 53.0614, 0
PixelHit 1306, 970, 66.0157, 0
PixelHit 1306, 971, 35.0867, 0
PixelHit 1306, 972, 10.2835, 0
PixelHit 1307, 967, 10.9354, 0
PixelHit 1307, 968, 44.6584, 0
PixelHit 1307, 969, 61.2129, 0
PixelHit 1307, 970, 75.1733, 0
PixelHit 1307, 971, 24.2069, 0
PixelHit 1307, 972, 12.1991, 0
PixelHit 1307, 973, 0.242102, 0
PixelHit 1308, 966, 3.11648, 0
PixelHit 1308, 967, 14.983, 0
PixelHit 1308, 968, 34.3819, 0
PixelHit 1308, 969, 55.2164, 0
PixelHit 1308, 970, 61.7657, 0
PixelHit 1308, 971, 23.4073, 0
PixelHit 1308, 972, 10.7316, 0
PixelHit 1308, 973, 2.72623, 0
PixelHit 1309, 966, 5.68684, 0
PixelHit 1309, 967, 11.6769, 0
PixelHit 1309, 968, 29.9003, 0
PixelHit 1309, 969, 47.8842, 0
PixelHit 1309, 970, 32.828, 0
PixelHit 1309, 971, 20.5485, 0
PixelHit 1309, 972, 3.40934, 0
PixelHit 1310, 968, 9.91932, 0
PixelHit 1310, 969, 20.5764, 0
PixelHit 1310, 970, 15.3238, 0
PixelHit 1310, 971, 11.3782, 0
PixelHit 1310, 972, 3.47843, 0
PixelHit 1311, 967, 4.55051, 0
PixelHit 1311, 968, 0.575382, 0
PixelHit 1311, 969, 4.19026, 0
PixelHit 1311, 970, 8.80791, 0
PixelHit 1311, 971, 4.2278, 0
PixelHit 1311, 973, 2.6768, 0
PixelHit 1312, 972, 2.07613, 0
PixelHit 1314, 968, 2.45003, 0
=== 67 ===
=== 68 ===
=== 69 ===
=== 70 ===
=== 71 ===
=== 72 ===
=== 73 ===
=== 74 ===
=== 75 ===
=== 76 ===
=== 77 ===
=== 78 ===
=== 79 ===
=== 80 ===
=== 81 ===
=== 82 ===
=== 83 ===
=== 84 ===
=== 85 ===
=== 86 ===
=== 87 ===
=== 88 ===
=== 89 ===
=== 90 ===
=== 91 ===
=== 92 ===
=== 93 ===
=== 94 ===
=== 95 ===
=== 96 ===
=== 97 ===
=== 98 ===
=== 99 ===
=== 100 ===
# 310 objects from 2 messages
