# Allpix Squared ASCII data - https://cern.ch/allpix-squared

=== 1 ===
=== 2 ===
=== 3 ===
=== 4 ===
=== 5 ===
=== 6 ===
=== 7 ===
=== 8 ===
=== 9 ===
=== 10 ===
=== 11 ===
=== 12 ===
=== 13 ===
=== 14 ===
=== 15 ===
=== 16 ===
=== 17 ===
=== 18 ===
=== 19 ===
=== 20 ===
=== 21 ===
--- mydetector ---
PixelHit 1281, 979, 17.5731, 0
PixelHit 1281, 980, 4.72404, 0
PixelHit 1282, 978, 46.5015, 0
PixelHit 1282, 979, 71.2642, 0
PixelHit 1282, 980, 37.0863, 0
PixelHit 1282, 981, 14.7992, 0
PixelHit 1283, 977, 10.7235, 0
PixelHit 1283, 978, 102.303, 0
PixelHit 1283, 979, 21.6535, 0
PixelHit 1283, 980, 21.7828, 0
PixelHit 1283, 981, 3.1238, 0
PixelHit 1284, 976, 4.00076, 0
PixelHit 1284, 977, 54.608, 0
PixelHit 1284, 978, 59.056, 0
PixelHit 1284, 979, 47.4194, 0
PixelHit 1284, 980, 17.9027, 0
PixelHit 1285, 976, 30.2987, 0
PixelHit 1285, 977, 52.4201, 0
PixelHit 1285, 978, 19.7025, 0
PixelHit 1285, 979, 27.1433, 0
PixelHit 1285, 980, 3.43441, 0
PixelHit 1286, 975, 5.09329, 0
PixelHit 1286, 976, 45.6863, 0
PixelHit 1286, 977, 70.0653, 0
PixelHit 1286, 978, 36.4107, 0
PixelHit 1286, 979, 15.4958, 0
PixelHit 1287, 974, 2.19443, 0
PixelHit 1287, 975, 5.91098, 0
PixelHit 1287, 976, 14.7723, 0
PixelHit 1287, 977, 35.629, 0
PixelHit 1287, 978, 25.6415, 0
PixelHit 1287, 979, 4.78359, 0
PixelHit 1288, 973, 4.05103, 0
PixelHit 1288, 974, 5.44421, 0
PixelHit 1288, 975, 21.3264, 0
PixelHit 1288, 976, 29.2252, 0
PixelHit 1288, 977, 46.9269, 0
PixelHit 1288, 978, 28.4951, 0
PixelHit 1289, 973, 12.2445, 0
PixelHit 1289, 974, 31.3582, 0
PixelHit 1289, 975, 36.5126, 0
PixelHit 1289, 976, 39.3002, 0
PixelHit 1289, 977, 39.3308, 0
PixelHit 1289, 978, 10.6757, 0
PixelHit 1290, 972, 4.29606, 0
PixelHit 1290, 973, 26.8895, 0
PixelHit 1290, 974, 74.3849, 0
PixelHit 1290, 975, 32.4177, 0
PixelHit 1290, 976, 33.1652, 0
PixelHit 1290, 977, 15.5963, 0
PixelHit 1291, 972, 6.54644, 0
PixelHit 1291, 973, 18.5681, 0
PixelHit 1291, 974, 45.3844, 0
PixelHit 1291, 975, 25.8645, 0
PixelHit 1291, 976, 11.0559, 0
PixelHit 1291, 977, 2.39381, 0
PixelHit 1292, 971, 8.9712, 0
PixelHit 1292, 972, 20.8496, 0
PixelHit 1292, 973, 25.981, 0
PixelHit 1292, 974, 24.1109, 0
PixelHit 1292, 975, 11.4861, 0
PixelHit 1292, 976, 8.45966, 0
PixelHit 1293, 970, 10.6864, 0
PixelHit 1293, 971, 28.0474, 0
PixelHit 1293, 972, 58.1818, 0
PixelHit 1293, 973, 40.4961, 0
PixelHit 1293, 974, 22.7098, 0
PixelHit 1293, 975, 14.2144, 0
PixelHit 1293, 976, 4.46503, 0
PixelHit 1294, 969, 4.31053, 0
PixelHit 1294, 970, 14.6485, 0
PixelHit 1294, 971, 54.8124, 0
PixelHit 1294, 972, 69.873, 0
PixelHit 1294, 973, 57.896, 0
PixelHit 1294, 974, 25.5846, 0
PixelHit 1294, 975, 7.94558, 0
PixelHit 1295, 969, 1.39283, 0
PixelHit 1295, 970, 12.1497, 0
PixelHit 1295, 971, 41.0213, 0
PixelHit 1295, 972, 61.6131, 0
PixelHit 1295, 973, 49.6118, 0
PixelHit 1295, 974, 15.867, 0
PixelHit 1295, 975, 7.95399, 0
PixelHit 1296, 968, 3.10699, 0
PixelHit 1296, 969, 5.53221, 0
PixelHit 1296, 970, 13.0597, 0
PixelHit 1296, 971, 48.8168, 0
PixelHit 1296, 972, 49.0548, 0
PixelHit 1296, 973, 41.8696, 0
PixelHit 1296, 974, 13.386, 0
PixelHit 1297, 967, 2.30199, 0
PixelHit 1297, 968, 9.04597, 0
PixelHit 1297, 969, 14.948, 0
PixelHit 1297, 970, 33.3456, 0
PixelHit 1297, 971, 55.7981, 0
PixelHit 1297, 972, 68.4244, 0
PixelHit 1297, 973, 28.067, 0
PixelHit 1297, 974, 6.59919, 0
PixelHit 1298, 966, 0.7304, 0
PixelHit 1298, 967, 6.23009, 0
PixelHit 1298, 968, 15.468, 0
PixelHit 1298, 969, 37.2423, 0
PixelHit 1298, 970, 65.7486, 0
PixelHit 1298, 971, 68.3117, 0
PixelHit 1298, 972, 59.6687, 0
PixelHit 1298, 973, 23.7704, 0
PixelHit 1298, 974, 3.15174, 0
PixelHit 1299, 966, 3.97849, 0
PixelHit 1299, 967, 7.02043, 0
PixelHit 1299, 968, 31.4409, 0
PixelHit 1299, 969, 54.5798, 0
PixelHit 1299, 970, 71.8434, 0
PixelHit 1299, 971, 54.16, 0
PixelHit 1299, 972, 34.0323, 0
PixelHit 1299, 973, 6.41114, 0
PixelHit 1299, 974, 2.34252, 0
PixelHit 1300, 965, 2.21379, 0
PixelHit 1300, 966, 5.39367, 0
PixelHit 1300, 967, 20.9545, 0
PixelHit 1300, 968, 34.4574, 0
PixelHit 1300, 969, 66.0787, 0
PixelHit 1300, 970, 43.4112, 0
PixelHit 1300, 971, 47.2592, 0
PixelHit 1300, 972, 17.0641, 0
PixelHit 1300, 973, 6.9336, 0
PixelHit 1301, 965, 6.90025, 0
PixelHit 1301, 966, 15.7636, 0
PixelHit 1301, 967, 19.8689, 0
PixelHit 1301, 968, 22.3538, 0
PixelHit 1301, 969, 37.0273, 0
PixelHit 1301, 970, 26.0544, 0
PixelHit 1301, 971, 19.1913, 0
PixelHit 1301, 972, 10.3802, 0
PixelHit 1302, 964, 1.41709, 0
PixelHit 1302, 965, 13.6029, 0
PixelHit 1302, 966, 17.42, 0
PixelHit 1302, 967, 40.5309, 0
PixelHit 1302, 968, 35.2519, 0
PixelHit 1302, 969, 30.0515, 0
PixelHit 1302, 970, 12.5607, 0
PixelHit 1302, 971, 5.28549, 0
PixelHit 1303, 964, 5.79191, 0
PixelHit 1303, 965, 21.48, 0
PixelHit 1303, 966, 29.8712, 0
PixelHit 1303, 967, 52.714, 0
PixelHit 1303, 968, 34.6814, 0
PixelHit 1303, 969, 21.7153, 0
PixelHit 1303, 970, 15.9565, 0
PixelHit 1303, 971, 3.79681, 0
PixelHit 1304, 961, 0.789061, 0
PixelHit 1304, 964, 8.99683, 0
PixelHit 1304, 965, 35.6522, 0
PixelHit 1304, 966, 30.7732, 0
PixelHit 1304, 967, 44.0769, 0
PixelHit 1304, 968, 29.6068, 0
PixelHit 1304, 969, 22.1507, 0
PixelHit 1304, 970, 7.56872, 0
PixelHit 1305, 963, 5.15487, 0
PixelHit 1305, 964, 16.102, 0
PixelHit 1305, 965, 24.0533, 0
PixelHit 1305, 966, 35.8821, 0
PixelHit 1305, 967, 31.3808, 0
PixelHit 1305, 968, 17.409, 0
PixelHit 1305, 969, 15.7127, 0
PixelHit 1305, 970, 1.0141, 0
PixelHit 1305, 972, 1.48522, 0
PixelHit 1306, 963, 2.23567, 0
PixelHit 1306, 964, 17.4636, 0
PixelHit 1306, 965, 21.6164, 0
PixelHit 1306, 966, 23.4774, 0
PixelHit 1306, 967, 21.0347, 0
PixelHit 1306, 968, 11.8619, 0
PixelHit 1306, 969, 2.50002, 0
PixelHit 1306, 970, 1.45331, 0
PixelHit 1307, 963, 3.39755, 0
PixelHit 1307, 964, 5.47982, 0
PixelHit 1307, 965, 13.5715, 0
PixelHit 1307, 966, 9.78081, 0
PixelHit 1307, 967, 5.96937, 0
PixelHit 1307, 968, 4.62979, 0
PixelHit 1307, 969, 2.50502, 0
PixelHit 1308, 964, 5.72981, 0
PixelHit 1308, 965, 0.987908, 0
PixelHit 1308, 966, 3.40061, 0
PixelHit 1308, 967, 2.58878, 0
PixelHit 1309, 965, 1.40094, 0
PixelHit 1309, 969, 1.04769, 0
=== 22 ===
=== 23 ===
--- mydetector ---
PixelHit 1282, 979, 2.90316, 0
PixelHit 1282, 980, 31.4096, 0
PixelHit 1282, 981, 49.9458, 0
PixelHit 1283, 979, 6.05236, 0
PixelHit 1283, 980, 139.117, 0
PixelHit 1283, 981, 58.1167, 0
PixelHit 1284, 979, 12.195, 0
PixelHit 1284, 980, 74.5741, 0
PixelHit 1284, 981, 8.01726, 0
PixelHit 1285, 979, 2.695, 0
=== 24 ===
=== 25 ===
=== 26 ===
=== 27 ===
=== 28 ===
=== 29 ===
=== 30 ===
=== 31 ===
=== 32 ===
=== 33 ===
=== 34 ===
=== 35 ===
=== 36 ===
=== 37 ===
=== 38 ===
=== 39 ===
=== 40 ===
=== 41 ===
=== 42 ===
=== 43 ===
=== 44 ===
=== 45 ===
=== 46 ===
=== 47 ===
=== 48 ===
=== 49 ===
=== 50 ===
=== 51 ===
=== 52 ===
=== 53 ===
=== 54 ===
=== 55 ===
=== 56 ===
=== 57 ===
=== 58 ===
=== 59 ===
=== 60 ===
=== 61 ===
=== 62 ===
=== 63 ===
=== 64 ===
=== 65 ===
=== 66 ===
=== 67 ===
=== 68 ===
=== 69 ===
=== 70 ===
=== 71 ===
=== 72 ===
=== 73 ===
=== 74 ===
=== 75 ===
=== 76 ===
=== 77 ===
=== 78 ===
=== 79 ===
=== 80 ===
=== 81 ===
=== 82 ===
=== 83 ===
=== 84 ===
=== 85 ===
=== 86 ===
=== 87 ===
=== 88 ===
=== 89 ===
=== 90 ===
=== 91 ===
=== 92 ===
=== 93 ===
=== 94 ===
=== 95 ===
=== 96 ===
=== 97 ===
=== 98 ===
=== 99 ===
--- mydetector ---
PixelHit 1286, 981, 3.80736, 0
PixelHit 1286, 982, 1.34605, 0
PixelHit 1287, 980, 13.5708, 0
PixelHit 1287, 981, 65.1638, 0
PixelHit 1287, 982, 0.288775, 0
PixelHit 1288, 979, 5.39853, 0
PixelHit 1288, 980, 87.0021, 0
PixelHit 1288, 981, 104.861, 0
PixelHit 1289, 979, 20.8516, 0
PixelHit 1289, 980, 95.8651, 0
PixelHit 1289, 981, 16.4839, 0
PixelHit 1290, 978, 3.06163, 0
PixelHit 1290, 979, 41.4201, 0
PixelHit 1290, 980, 45.7179, 0
PixelHit 1291, 978, 5.45552, 0
PixelHit 1291, 979, 23.8554, 0
PixelHit 1291, 980, 7.88216, 0
PixelHit 1292, 977, 3.96798, 0
PixelHit 1292, 978, 24.0232, 0
PixelHit 1292, 979, 9.83911, 0
PixelHit 1293, 976, 7.53114, 0
PixelHit 1293, 977, 27.0988, 0
PixelHit 1293, 978, 29.1086, 0
PixelHit 1293, 979, 5.95893, 0
PixelHit 1294, 976, 7.18406, 0
PixelHit 1294, 977, 32.2568, 0
PixelHit 1294, 978, 20.0365, 0
PixelHit 1294, 979, 3.97686, 0
PixelHit 1295, 976, 14.3801, 0
PixelHit 1295, 977, 7.27413, 0
PixelHit 1295, 978, 2.50478, 0
PixelHit 1296, 974, 4.20792, 0
PixelHit 1296, 975, 6.96195, 0
PixelHit 1296, 976, 11.2402, 0
PixelHit 1296, 977, 6.21791, 0
PixelHit 1297, 974, 12.6156, 0
PixelHit 1297, 975, 22.8545, 0
PixelHit 1297, 976, 10.1447, 0
PixelHit 1298, 972, 2.79233, 0
PixelHit 1298, 973, 15.4673, 0
PixelHit 1298, 974, 37.8799, 0
PixelHit 1298, 975, 36.3615, 0
PixelHit 1298, 976, 18.0775, 0
PixelHit 1299, 971, 1.42905, 0
PixelHit 1299, 972, 8.32305, 0
PixelHit 1299, 973, 17.8194, 0
PixelHit 1299, 974, 55.8394, 0
PixelHit 1299, 975, 42.039, 0
PixelHit 1299, 976, 6.89229, 0
PixelHit 1300, 971, 6.3882, 0
PixelHit 1300, 972, 18.2667, 0
PixelHit 1300, 973, 29.9129, 0
PixelHit 1300, 974, 54.4053, 0
PixelHit 1300, 975, 22.7565, 0
PixelHit 1300, 976, 3.38008, 0
PixelHit 1301, 971, 3.65737, 0
PixelHit 1301, 972, 20.1034, 0
PixelHit 1301, 973, 38.8729, 0
PixelHit 1301, 974, 30.1344, 0
PixelHit 1301, 975, 7.79219, 0
PixelHit 1301, 976, 2.98496, 0
PixelHit 1302, 970, 4.54683, 0
PixelHit 1302, 971, 8.06926, 0
PixelHit 1302, 972, 19.3036, 0
PixelHit 1302, 973, 18.9125, 0
PixelHit 1302, 974, 12.704, 0
PixelHit 1302, 975, 4.6743, 0
PixelHit 1303, 970, 14.1697, 0
PixelHit 1303, 971, 5.66155, 0
PixelHit 1303, 972, 18.6917, 0
PixelHit 1303, 973, 10.4982, 0
PixelHit 1303, 974, 4.48306, 0
PixelHit 1304, 968, 0.876014, 0
PixelHit 1304, 969, 1.83227, 0
PixelHit 1304, 970, 17.1341, 0
PixelHit 1304, 971, 25.152, 0
PixelHit 1304, 972, 28.4842, 0
PixelHit 1304, 973, 8.74933, 0
PixelHit 1304, 974, 2.54593, 0
PixelHit 1305, 968, 3.37301, 0
PixelHit 1305, 969, 11.2542, 0
PixelHit 1305, 970, 11.4979, 0
PixelHit 1305, 971, 19.9638, 0
PixelHit 1305, 972, 10.7974, 0
PixelHit 1305, 973, 2.03965, 0
PixelHit 1306, 968, 2.5656, 0
PixelHit 1306, 969, 12.6682, 0
PixelHit 1306, 970, 20.022, 0
PixelHit 1306, 971, 18.1677, 0
PixelHit 1306, 972, 8.48445, 0
PixelHit 1306, 973, 1.28466, 0
PixelHit 1306, 974, 1.9885, 0
PixelHit 1307, 968, 4.21507, 0
PixelHit 1307, 969, 8.03818, 0
PixelHit 1307, 970, 7.36575, 0
PixelHit 1307, 971, 6.69844, 0
PixelHit 1307, 973, 2.01858, 0
PixelHit 1308, 967, -0.109176, 0
PixelHit 1308, 968, 7.11639, 0
PixelHit 1308, 969, 3.44053, 0
PixelHit 1308, 970, 2.55597, 0
PixelHit 1308, 971, 2.66519, 0
PixelHit 1309, 966, 0.97217, 0
PixelHit 1309, 967, 6.19628, 0
PixelHit 1309, 968, 12.7934, 0
PixelHit 1309, 969, 7.69033, 0
PixelHit 1309, 970, 2.94606, 0
PixelHit 1310, 966, 3.22484, 0
PixelHit 1310, 967, 7.41358, 0
PixelHit 1310, 968, 7.34211, 0
PixelHit 1310, 969, 6.85135, 0
PixelHit 1310, 970, 2.24292, 0
PixelHit 1311, 967, 6.09131, 0
PixelHit 1311, 968, 3.35384, 0
PixelHit 1311, 969, 4.40226, 0
PixelHit 1312, 968, 0.147982, 0
PixelHit 1312, 969, 2.75414, 0
PixelHit 1313, 968, 0.824736, 0
PixelHit 1318, 965, 15.6327, 0
PixelHit 1318, 966, 6.16493, 0
PixelHit 1319, 964, 15.9058, 0
PixelHit 1319, 965, 51.4616, 0
PixelHit 1320, 964, 53.4705, 0
PixelHit 1320, 965, 50.2991, 0
PixelHit 1320, 966, 2.172, 0
PixelHit 1321, 962, 6.94564, 0
PixelHit 1321, 963, 24.3635, 0
PixelHit 1321, 964, 23.5856, 0
PixelHit 1321, 965, 4.17862, 0
PixelHit 1322, 962, 20.4183, 0
PixelHit 1322, 963, 135.633, 0
PixelHit 1322, 964, 66.7379, 0
PixelHit 1322, 965, 2.33656, 0
PixelHit 1323, 961, 8.492, 0
PixelHit 1323, 962, 68.1908, 0
PixelHit 1323, 963, 115.216, 0
PixelHit 1323, 964, 27.461, 0
PixelHit 1324, 960, 2.6091, 0
PixelHit 1324, 961, 12.7673, 0
PixelHit 1324, 962, 71.2359, 0
PixelHit 1324, 963, 37.1219, 0
PixelHit 1324, 964, 5.06153, 0
PixelHit 1325, 960, 7.80169, 0
PixelHit 1325, 961, 30.4852, 0
PixelHit 1325, 962, 25.9426, 0
PixelHit 1325, 963, 10.3699, 0
PixelHit 1325, 964, 1.61388, 0
PixelHit 1326, 959, 3.54457, 0
PixelHit 1326, 960, 16.5568, 0
PixelHit 1326, 961, 28.3235, 0
PixelHit 1326, 962, 19.8705, 0
PixelHit 1326, 963, 2.94445, 0
PixelHit 1327, 959, 5.71515, 0
PixelHit 1327, 960, 19.7953, 0
PixelHit 1327, 961, 18.7943, 0
PixelHit 1327, 962, 7.48683, 0
PixelHit 1328, 958, 2.88896, 0
PixelHit 1328, 959, 8.53496, 0
PixelHit 1328, 960, 15.8712, 0
PixelHit 1328, 961, 3.84417, 0
PixelHit 1328, 962, 3.92458, 0
PixelHit 1329, 957, 2.3288, 0
PixelHit 1329, 958, 10.755, 0
PixelHit 1329, 959, 19.8042, 0
PixelHit 1329, 960, 6.57809, 0
PixelHit 1329, 961, 5.80454, 0
PixelHit 1330, 956, 3.02264, 0
PixelHit 1330, 957, 10.716, 0
PixelHit 1330, 958, 16.6157, 0
PixelHit 1330, 959, 13.8927, 0
PixelHit 1330, 960, 0.977549, 0
PixelHit 1330, 961, 2.43093, 0
PixelHit 1331, 955, 2.85454, 0
PixelHit 1331, 956, 6.61712, 0
PixelHit 1331, 957, 22.5632, 0
PixelHit 1331, 958, 36.5325, 0
PixelHit 1331, 959, 19.2168, 0
PixelHit 1331, 960, 8.35354, 0
PixelHit 1332, 955, 5.6001, 0
PixelHit 1332, 956, 8.35818, 0
PixelHit 1332, 957, 26.7995, 0
PixelHit 1332, 958, 27.9978, 0
PixelHit 1332, 959, 12.7433, 0
PixelHit 1332, 961, 3.05556, 0
PixelHit 1333, 955, 3.15573, 0
PixelHit 1333, 956, 10.4863, 0
PixelHit 1333, 957, 16.6122, 0
PixelHit 1333, 958, 20.8502, 0
PixelHit 1333, 959, 4.73025, 0
PixelHit 1334, 952, 2.49104, 0
PixelHit 1334, 953, 1.99404, 0
PixelHit 1334, 954, 5.44608, 0
PixelHit 1334, 955, 23.0951, 0
PixelHit 1334, 956, 29.1792, 0
PixelHit 1334, 957, 31.3998, 0
PixelHit 1334, 958, 6.44867, 0
PixelHit 1335, 953, 3.15263, 0
PixelHit 1335, 954, 18.3289, 0
PixelHit 1335, 955, 24.2261, 0
PixelHit 1335, 956, 29.7221, 0
PixelHit 1335, 957, 17.1774, 0
PixelHit 1335, 958, 4.46944, 0
PixelHit 1336, 953, 5.99389, 0
PixelHit 1336, 954, 27.634, 0
PixelHit 1336, 955, 38.7785, 0
PixelHit 1336, 956, 29.368, 0
PixelHit 1336, 957, 10.8254, 0
PixelHit 1336, 958, 3.15002, 0
PixelHit 1337, 952, 8.27218, 0
PixelHit 1337, 953, 23.0672, 0
PixelHit 1337, 954, 47.2412, 0
PixelHit 1337, 955, 38.6572, 0
PixelHit 1337, 956, 16.9254, 0
PixelHit 1337, 957, 13.1072, 0
PixelHit 1338, 951, 3.55875, 0
PixelHit 1338, 952, 11.105, 0
PixelHit 1338, 953, 29.2104, 0
PixelHit 1338, 954, 53.1936, 0
PixelHit 1338, 955, 49.3948, 0
PixelHit 1338, 956, 8.18527, 0
PixelHit 1338, 958, 1.35878, 0
PixelHit 1339, 951, 10.2288, 0
PixelHit 1339, 952, 31.0362, 0
PixelHit 1339, 953, 37.3636, 0
PixelHit 1339, 954, 41.3109, 0
PixelHit 1339, 955, 16.1139, 0
PixelHit 1339, 956, 8.96191, 0
PixelHit 1340, 950, 8.26812, 0
PixelHit 1340, 951, 22.8898, 0
PixelHit 1340, 952, 38.7459, 0
PixelHit 1340, 953, 61.4953, 0
PixelHit 1340, 954, 30.9093, 0
PixelHit 1340, 955, 7.63715, 0
PixelHit 1340, 956, 2.38194, 0
PixelHit 1341, 949, 4.04848, 0
PixelHit 1341, 950, 7.27659, 0
PixelHit 1341, 951, 36.1777, 0
PixelHit 1341, 952, 66.8016, 0
PixelHit 1341, 953, 67.1146, 0
PixelHit 1341, 954, 26.9835, 0
PixelHit 1341, 955, 4.23165, 0
PixelHit 1342, 949, 2.60776, 0
PixelHit 1342, 950, 6.413, 0
PixelHit 1342, 951, 29.4704, 0
PixelHit 1342, 952, 51.6281, 0
PixelHit 1342, 953, 32.5356, 0
PixelHit 1342, 954, 10.0967, 0
PixelHit 1342, 955, 5.35211, 0
PixelHit 1342, 957, 0.946638, 0
PixelHit 1343, 949, 1.98447, 0
PixelHit 1343, 950, 5.48196, 0
PixelHit 1343, 951, 12.2398, 0
PixelHit 1343, 952, 13.3985, 0
PixelHit 1343, 953, 14.674, 0
PixelHit 1343, 954, 8.81316, 0
PixelHit 1344, 951, 0.750235, 0
PixelHit 1344, 952, 1.34765, 0
PixelHit 1345, 952, 1.87281, 0
=== 100 ===
# 455 objects from 3 messages
