# Allpix Squared ASCII data - https://cern.ch/allpix-squared

=== 1 ===
=== 2 ===
=== 3 ===
=== 4 ===
=== 5 ===
=== 6 ===
=== 7 ===
=== 8 ===
=== 9 ===
=== 10 ===
=== 11 ===
=== 12 ===
--- mydetector ---
PixelHit 1286, 970, 28.5416, 0
PixelHit 1286, 971, 17.2059, 0
PixelHit 1287, 969, 1.01528, 0
PixelHit 1287, 970, 97.5768, 0
PixelHit 1287, 971, 69.2761, 0
PixelHit 1288, 969, 3.20979, 0
PixelHit 1288, 970, 66.0729, 0
PixelHit 1288, 971, 61.2485, 0
PixelHit 1288, 972, 1.55805, 0
PixelHit 1289, 969, 8.00665, 0
PixelHit 1289, 970, 117.401, 0
PixelHit 1289, 971, 88.6165, 0
PixelHit 1289, 972, 17.1384, 0
PixelHit 1290, 969, 35.5251, 0
PixelHit 1290, 970, 333.991, 0
PixelHit 1290, 971, 304.911, 0
PixelHit 1290, 972, 77.899, 0
PixelHit 1290, 973, 4.56294, 0
PixelHit 1291, 968, 1.03471, 0
PixelHit 1291, 969, 51.1627, 0
PixelHit 1291, 970, 418.675, 0
PixelHit 1291, 971, 510.24, 0
PixelHit 1291, 972, 130.948, 0
PixelHit 1291, 973, 3.48164, 0
PixelHit 1292, 967, -0.779494, 0
PixelHit 1292, 968, 3.64535, 0
PixelHit 1292, 969, 36.2509, 0
PixelHit 1292, 970, 171.435, 0
PixelHit 1292, 971, 178.157, 0
PixelHit 1292, 972, 48.8182, 0
PixelHit 1292, 973, 1.88504, 0
PixelHit 1293, 969, 30.8164, 0
PixelHit 1293, 970, 97.8831, 0
PixelHit 1293, 971, 62.1751, 0
PixelHit 1293, 972, 18.7953, 0
PixelHit 1293, 973, 1.32671, 0
PixelHit 1294, 968, 8.13485, 0
PixelHit 1294, 969, 58.1293, 0
PixelHit 1294, 970, 135.878, 0
PixelHit 1294, 971, 72.6967, 0
PixelHit 1294, 972, 10.5495, 0
PixelHit 1294, 973, 0.700984, 0
PixelHit 1295, 968, 8.00401, 0
PixelHit 1295, 969, 62.3134, 0
PixelHit 1295, 970, 142.525, 0
PixelHit 1295, 971, 76.3018, 0
PixelHit 1295, 972, 18.1684, 0
PixelHit 1295, 973, 3.55788, 0
PixelHit 1296, 967, 0.559643, 0
PixelHit 1296, 968, 10.9401, 0
PixelHit 1296, 969, 45.0932, 0
PixelHit 1296, 970, 96.4219, 0
PixelHit 1296, 971, 44.9121, 0
PixelHit 1296, 972, 17.7723, 0
PixelHit 1297, 967, 1.30361, 0
PixelHit 1297, 968, 14.7001, 0
PixelHit 1297, 969, 51.701, 0
PixelHit 1297, 970, 114.636, 0
PixelHit 1297, 971, 80.1701, 0
PixelHit 1297, 972, 29.5067, 0
PixelHit 1297, 973, 5.94846, 0
PixelHit 1298, 968, 10.3431, 0
PixelHit 1298, 969, 56.8051, 0
PixelHit 1298, 970, 112.897, 0
PixelHit 1298, 971, 81.9651, 0
PixelHit 1298, 972, 17.3813, 0
PixelHit 1298, 973, 9.04447, 0
PixelHit 1299, 966, 1.23413, 0
PixelHit 1299, 968, 6.11265, 0
PixelHit 1299, 969, 51.914, 0
PixelHit 1299, 970, 73.3576, 0
PixelHit 1299, 971, 65.1483, 0
PixelHit 1299, 972, 14.8835, 0
PixelHit 1299, 973, 3.12752, 0
PixelHit 1300, 967, 0.236313, 0
PixelHit 1300, 968, 10.059, 0
PixelHit 1300, 969, 31.5312, 0
PixelHit 1300, 970, 52.9102, 0
PixelHit 1300, 971, 54.2031, 0
PixelHit 1300, 972, 14.2468, 0
PixelHit 1300, 973, 2.94284, 0
PixelHit 1301, 966, 1.85246, 0
PixelHit 1301, 968, 5.62403, 0
PixelHit 1301, 969, 19.3377, 0
PixelHit 1301, 970, 29.3414, 0
PixelHit 1301, 971, 28.5143, 0
PixelHit 1301, 972, 5.54433, 0
PixelHit 1301, 973, 2.63775, 0
PixelHit 1302, 969, 12.5059, 0
PixelHit 1302, 970, 17.3167, 0
PixelHit 1302, 971, 15.1923, 0
PixelHit 1302, 972, 1.99966, 0
PixelHit 1303, 968, 6.24776, 0
PixelHit 1303, 969, 16.4219, 0
PixelHit 1303, 970, 12.3415, 0
PixelHit 1303, 971, 7.98868, 0
PixelHit 1304, 968, 3.31258, 0
PixelHit 1304, 969, 3.04699, 0
PixelHit 1304, 970, 3.31112, 0
PixelHit 1304, 972, 3.13003, 0
PixelHit 1305, 971, 1.1081, 0
PixelHit 1305, 972, 1.76821, 0
=== 13 ===
=== 14 ===
=== 15 ===
=== 16 ===
=== 17 ===
=== 18 ===
=== 19 ===
=== 20 ===
=== 21 ===
=== 22 ===
=== 23 ===
=== 24 ===
=== 25 ===
=== 26 ===
=== 27 ===
=== 28 ===
=== 29 ===
=== 30 ===
=== 31 ===
=== 32 ===
=== 33 ===
=== 34 ===
=== 35 ===
=== 36 ===
=== 37 ===
=== 38 ===
=== 39 ===
=== 40 ===
=== 41 ===
=== 42 ===
=== 43 ===
=== 44 ===
=== 45 ===
=== 46 ===
=== 47 ===
=== 48 ===
=== 49 ===
=== 50 ===
=== 51 ===
=== 52 ===
=== 53 ===
=== 54 ===
=== 55 ===
=== 56 ===
=== 57 ===
=== 58 ===
=== 59 ===
=== 60 ===
=== 61 ===
--- mydetector ---
PixelHit 1290, 972, 7.37529, 0
PixelHit 1291, 971, 12.3139, 0
PixelHit 1291, 972, 49.61, 0
PixelHit 1292, 971, 34.136, 0
PixelHit 1292, 972, 111.603, 0
PixelHit 1292, 973, 7.39082, 0
PixelHit 1293, 970, 1.1244, 0
PixelHit 1293, 971, 39.1168, 0
PixelHit 1293, 972, 142.171, 0
PixelHit 1293, 973, 5.27439, 0
PixelHit 1294, 970, 0.815588, 0
PixelHit 1294, 971, 36.8156, 0
PixelHit 1294, 972, 118.933, 0
PixelHit 1294, 973, 13.5429, 0
PixelHit 1295, 970, 4.98147, 0
PixelHit 1295, 971, 84.7092, 0
PixelHit 1295, 972, 238.163, 0
PixelHit 1295, 973, 42.4914, 0
PixelHit 1296, 970, 4.25715, 0
PixelHit 1296, 971, 106.523, 0
PixelHit 1296, 972, 275.484, 0
PixelHit 1296, 973, 81.2201, 0
PixelHit 1296, 974, 3.38589, 0
PixelHit 1297, 970, 24.1494, 0
PixelHit 1297, 971, 105.155, 0
PixelHit 1297, 972, 173.94, 0
PixelHit 1297, 973, 53.5476, 0
PixelHit 1297, 974, 6.02979, 0
PixelHit 1298, 970, 27.6659, 0
PixelHit 1298, 971, 168.465, 0
PixelHit 1298, 972, 277.459, 0
PixelHit 1298, 973, 119.729, 0
PixelHit 1298, 974, 14.468, 0
PixelHit 1298, 975, 1.5723, 0
PixelHit 1299, 969, 1.96662, 0
PixelHit 1299, 970, 49.4459, 0
PixelHit 1299, 971, 218.119, 0
PixelHit 1299, 972, 294.856, 0
PixelHit 1299, 973, 149.593, 0
PixelHit 1299, 974, 15.6788, 0
PixelHit 1300, 969, 6.06291, 0
PixelHit 1300, 970, 32.5171, 0
PixelHit 1300, 971, 128.165, 0
PixelHit 1300, 972, 182.444, 0
PixelHit 1300, 973, 102.609, 0
PixelHit 1300, 974, 20.0943, 0
PixelHit 1300, 975, 1.73375, 0
PixelHit 1301, 969, 4.60218, 0
PixelHit 1301, 970, 41.6623, 0
PixelHit 1301, 971, 105.249, 0
PixelHit 1301, 972, 143.709, 0
PixelHit 1301, 973, 84.2542, 0
PixelHit 1301, 974, 14.3513, 0
PixelHit 1301, 975, 1.20299, 0
PixelHit 1302, 968, 0.658705, 0
PixelHit 1302, 969, 3.93357, 0
PixelHit 1302, 970, 29.1111, 0
PixelHit 1302, 971, 98.7731, 0
PixelHit 1302, 972, 135.584, 0
PixelHit 1302, 973, 79.4808, 0
PixelHit 1302, 974, 17.5258, 0
PixelHit 1303, 969, 6.21684, 0
PixelHit 1303, 970, 24.3443, 0
PixelHit 1303, 971, 90.5801, 0
PixelHit 1303, 972, 93.6061, 0
PixelHit 1303, 973, 39.1174, 0
PixelHit 1303, 974, 15.723, 0
PixelHit 1303, 975, 2.90339, 0
PixelHit 1304, 969, 2.13697, 0
PixelHit 1304, 970, 20.9392, 0
PixelHit 1304, 971, 48.4443, 0
PixelHit 1304, 972, 60.8469, 0
PixelHit 1304, 973, 39.0375, 0
PixelHit 1304, 974, 8.5259, 0
PixelHit 1305, 969, 2.11137, 0
PixelHit 1305, 970, 13.6409, 0
PixelHit 1305, 971, 25.5733, 0
PixelHit 1305, 972, 29.5237, 0
PixelHit 1305, 973, 19.0698, 0
PixelHit 1305, 974, 7.56236, 0
PixelHit 1306, 969, 1.84208, 0
PixelHit 1306, 970, 9.10641, 0
PixelHit 1306, 971, 16.578, 0
PixelHit 1306, 972, 12.4042, 0
PixelHit 1306, 973, 9.38048, 0
PixelHit 1306, 974, 3.93946, 0
PixelHit 1307, 971, 2.84475, 0
PixelHit 1307, 972, 10.2918, 0
PixelHit 1307, 973, 6.26584, 0
PixelHit 1308, 971, 1.5619, 0
PixelHit 1308, 972, 3.3385, 0
PixelHit 1309, 973, 2.02848, 0
=== 62 ===
=== 63 ===
=== 64 ===
=== 65 ===
=== 66 ===
=== 67 ===
=== 68 ===
=== 69 ===
--- mydetector ---
PixelHit 1287, 973, 0.32435, 0
PixelHit 1288, 972, 2.13134, 0
PixelHit 1288, 973, 75.8257, 0
PixelHit 1288, 974, 11.0642, 0
PixelHit 1289, 972, 26.8853, 0
PixelHit 1289, 973, 905.44, 0
PixelHit 1289, 974, 93.6595, 0
PixelHit 1290, 971, 1.64854, 0
PixelHit 1290, 972, 59.123, 0
PixelHit 1290, 973, 362.583, 0
PixelHit 1290, 974, 94.9004, 0
PixelHit 1291, 971, 1.10655, 0
PixelHit 1291, 972, 56.2937, 0
PixelHit 1291, 973, 261.074, 0
PixelHit 1291, 974, 74.5045, 0
PixelHit 1291, 975, 2.38294, 0
PixelHit 1292, 971, 2.37245, 0
PixelHit 1292, 972, 57.8142, 0
PixelHit 1292, 973, 188.837, 0
PixelHit 1292, 974, 90.588, 0
PixelHit 1292, 975, 6.63639, 0
PixelHit 1293, 971, 5.98195, 0
PixelHit 1293, 972, 76.1752, 0
PixelHit 1293, 973, 162.01, 0
PixelHit 1293, 974, 67.8263, 0
PixelHit 1293, 975, 7.21283, 0
PixelHit 1294, 971, 7.80177, 0
PixelHit 1294, 972, 47.14, 0
PixelHit 1294, 973, 142.734, 0
PixelHit 1294, 974, 70.2249, 0
PixelHit 1294, 975, 8.74356, 0
PixelHit 1295, 971, 13.5938, 0
PixelHit 1295, 972, 114.86, 0
PixelHit 1295, 973, 153.07, 0
PixelHit 1295, 974, 124.916, 0
PixelHit 1295, 975, 26.688, 0
PixelHit 1295, 976, 5.2102, 0
PixelHit 1296, 970, 4.90619, 0
PixelHit 1296, 971, 28.1037, 0
PixelHit 1296, 972, 189.269, 0
PixelHit 1296, 973, 401.902, 0
PixelHit 1296, 974, 299.932, 0
PixelHit 1296, 975, 64.0259, 0
PixelHit 1296, 976, 9.58528, 0
PixelHit 1297, 970, 2.46548, 0
PixelHit 1297, 971, 44.1995, 0
PixelHit 1297, 972, 234.599, 0
PixelHit 1297, 973, 470.816, 0
PixelHit 1297, 974, 374.163, 0
PixelHit 1297, 975, 75.0756, 0
PixelHit 1297, 976, 9.87968, 0
PixelHit 1297, 977, 2.27589, 0
PixelHit 1298, 971, 33.583, 0
PixelHit 1298, 972, 128.974, 0
PixelHit 1298, 973, 269.548, 0
PixelHit 1298, 974, 206.846, 0
PixelHit 1298, 975, 70.3437, 0
PixelHit 1298, 976, 5.33758, 0
PixelHit 1299, 971, 15.9055, 0
PixelHit 1299, 972, 63.243, 0
PixelHit 1299, 973, 145.674, 0
PixelHit 1299, 974, 81.9232, 0
PixelHit 1299, 975, 23.0314, 0
PixelHit 1299, 976, 3.15418, 0
PixelHit 1299, 977, 0.868929, 0
PixelHit 1300, 970, 3.72025, 0
PixelHit 1300, 971, 18.6683, 0
PixelHit 1300, 972, 76.2191, 0
PixelHit 1300, 973, 94.0142, 0
PixelHit 1300, 974, 72.4652, 0
PixelHit 1300, 975, 23.509, 0
PixelHit 1301, 970, 3.56711, 0
PixelHit 1301, 971, 19.1458, 0
PixelHit 1301, 972, 72.5213, 0
PixelHit 1301, 973, 99.6632, 0
PixelHit 1301, 974, 68.2586, 0
PixelHit 1301, 975, 23.3449, 0
PixelHit 1301, 976, 7.13374, 0
PixelHit 1302, 970, 3.50494, 0
PixelHit 1302, 971, 19.6164, 0
PixelHit 1302, 972, 43.0706, 0
PixelHit 1302, 973, 67.1277, 0
PixelHit 1302, 974, 54.904, 0
PixelHit 1302, 975, 23.7237, 0
PixelHit 1302, 976, 5.22308, 0
PixelHit 1303, 970, 2.49039, 0
PixelHit 1303, 971, 6.32316, 0
PixelHit 1303, 972, 18.6669, 0
PixelHit 1303, 973, 29.852, 0
PixelHit 1303, 974, 24.9609, 0
PixelHit 1303, 975, 10.0013, 0
PixelHit 1303, 976, 2.65893, 0
PixelHit 1304, 970, 0.276734, 0
PixelHit 1304, 972, 1.12649, 0
PixelHit 1304, 973, 8.56222, 0
PixelHit 1304, 974, 3.89503, 0
PixelHit 1305, 973, 2.82915, 0
=== 70 ===
=== 71 ===
=== 72 ===
=== 73 ===
=== 74 ===
=== 75 ===
=== 76 ===
=== 77 ===
=== 78 ===
=== 79 ===
=== 80 ===
=== 81 ===
=== 82 ===
=== 83 ===
=== 84 ===
=== 85 ===
=== 86 ===
=== 87 ===
=== 88 ===
=== 89 ===
=== 90 ===
=== 91 ===
=== 92 ===
=== 93 ===
=== 94 ===
=== 95 ===
=== 96 ===
=== 97 ===
=== 98 ===
=== 99 ===
=== 100 ===
# 291 objects from 3 messages
