# Allpix Squared ASCII data - https://cern.ch/allpix-squared

=== 1 ===
=== 2 ===
=== 3 ===
=== 4 ===
=== 5 ===
=== 6 ===
=== 7 ===
=== 8 ===
=== 9 ===
--- mydetector ---
PixelHit 1277, 977, 19.5814, 0
PixelHit 1278, 976, 41.2167, 0
PixelHit 1278, 977, 50.5422, 0
PixelHit 1279, 975, 14.6467, 0
PixelHit 1279, 976, 133.684, 0
PixelHit 1279, 977, 31.344, 0
PixelHit 1280, 974, 2.28241, 0
PixelHit 1280, 975, 29.3842, 0
PixelHit 1280, 976, 126.791, 0
PixelHit 1280, 977, 18.0267, 0
PixelHit 1281, 974, 4.33218, 0
PixelHit 1281, 975, 33.665, 0
PixelHit 1281, 976, 37.672, 0
PixelHit 1282, 974, 15.8054, 0
PixelHit 1282, 975, 50.4978, 0
PixelHit 1282, 976, 18.868, 0
PixelHit 1283, 973, 1.1417, 0
PixelHit 1283, 974, 28.011, 0
PixelHit 1283, 975, 51.8679, 0
PixelHit 1283, 976, 9.12904, 0
PixelHit 1284, 973, 5.13994, 0
PixelHit 1284, 974, 46.167, 0
PixelHit 1284, 975, 32.1917, 0
PixelHit 1284, 976, 5.46081, 0
PixelHit 1285, 973, 11.9182, 0
PixelHit 1285, 974, 26.332, 0
PixelHit 1285, 975, 19.2714, 0
PixelHit 1285, 976, 1.30523, 0
PixelHit 1286, 972, 9.47068, 0
PixelHit 1286, 973, 44.693, 0
PixelHit 1286, 974, 37.8784, 0
PixelHit 1286, 975, 3.38202, 0
PixelHit 1287, 972, 32.546, 0
PixelHit 1287, 973, 81.792, 0
PixelHit 1287, 974, 61.3107, 0
PixelHit 1287, 975, 13.7744, 0
PixelHit 1288, 971, 5.4477, 0
PixelHit 1288, 972, 29.1567, 0
PixelHit 1288, 973, 60.1838, 0
PixelHit 1288, 974, 40.2329, 0
PixelHit 1288, 975, 9.49447, 0
PixelHit 1289, 971, 8.49435, 0
PixelHit 1289, 972, 23.8694, 0
PixelHit 1289, 973, 19.6659, 0
PixelHit 1289, 974, 5.14904, 0
PixelHit 1290, 970, 2.27434, 0
PixelHit 1290, 971, 7.6089, 0
PixelHit 1290, 972, 28.0652, 0
PixelHit 1290, 973, 22.9819, 0
PixelHit 1290, 974, 3.11506, 0
PixelHit 1291, 970, 7.09876, 0
PixelHit 1291, 971, 22.9461, 0
PixelHit 1291, 972, 34.3515, 0
PixelHit 1291, 973, 14.7719, 0
PixelHit 1291, 974, 2.70874, 0
PixelHit 1292, 969, -0.248009, 0
PixelHit 1292, 970, 17.7551, 0
PixelHit 1292, 971, 35.0771, 0
PixelHit 1292, 972, 37.9417, 0
PixelHit 1292, 973, 10.0514, 0
PixelHit 1292, 974, 1.27592, 0
PixelHit 1293, 969, 7.59872, 0
PixelHit 1293, 970, 19.6375, 0
PixelHit 1293, 971, 39.8742, 0
PixelHit 1293, 972, 23.8237, 0
PixelHit 1293, 973, 7.2655, 0
PixelHit 1293, 974, 2.51261, 0
PixelHit 1294, 967, 2.92611, 0
PixelHit 1294, 968, 4.88257, 0
PixelHit 1294, 969, 13.1943, 0
PixelHit 1294, 970, 47.9673, 0
PixelHit 1294, 971, 48.1993, 0
PixelHit 1294, 972, 29.2479, 0
PixelHit 1294, 973, 6.06429, 0
PixelHit 1295, 968, 17.5729, 0
PixelHit 1295, 969, 52.8264, 0
PixelHit 1295, 970, 98.6878, 0
PixelHit 1295, 971, 57.2355, 0
PixelHit 1295, 972, 14.4562, 0
PixelHit 1295, 973, 3.76056, 0
PixelHit 1296, 967, 2.84819, 0
PixelHit 1296, 968, 30.74, 0
PixelHit 1296, 969, 106.081, 0
PixelHit 1296, 970, 149.759, 0
PixelHit 1296, 971, 108.65, 0
PixelHit 1296, 972, 23.2957, 0
PixelHit 1296, 973, 5.16908, 0
PixelHit 1296, 974, 0.847198, 0
PixelHit 1297, 966, 3.38024, 0
PixelHit 1297, 967, 0.753016, 0
PixelHit 1297, 968, 38.6961, 0
PixelHit 1297, 969, 103.37, 0
PixelHit 1297, 970, 142.358, 0
PixelHit 1297, 971, 79.2275, 0
PixelHit 1297, 972, 28.208, 0
PixelHit 1297, 973, 1.61648, 0
PixelHit 1298, 967, 1.99451, 0
PixelHit 1298, 968, 29.4818, 0
PixelHit 1298, 969, 45.0317, 0
PixelHit 1298, 970, 65.5808, 0
PixelHit 1298, 971, 50.25, 0
PixelHit 1298, 972, 12.0037, 0
PixelHit 1299, 966, 3.48098, 0
PixelHit 1299, 967, 6.34765, 0
PixelHit 1299, 968, 17.2697, 0
PixelHit 1299, 969, 35.3661, 0
PixelHit 1299, 970, 23.6881, 0
PixelHit 1299, 971, 19.4292, 0
PixelHit 1299, 972, 1.62731, 0
PixelHit 1300, 966, 3.99964, 0
PixelHit 1300, 967, 7.68001, 0
PixelHit 1300, 968, 23.1526, 0
PixelHit 1300, 969, 13.0365, 0
PixelHit 1300, 970, 8.11331, 0
PixelHit 1300, 971, 1.90503, 0
PixelHit 1301, 964, 0.624857, 0
PixelHit 1301, 966, 5.95999, 0
PixelHit 1301, 967, 12.1199, 0
PixelHit 1301, 968, 17.7418, 0
PixelHit 1301, 969, 15.4121, 0
PixelHit 1301, 970, 7.45034, 0
PixelHit 1302, 965, 1.96467, 0
PixelHit 1302, 966, 5.54336, 0
PixelHit 1302, 967, 18.4141, 0
PixelHit 1302, 968, 16.9391, 0
PixelHit 1302, 969, 11.4059, 0
PixelHit 1302, 970, 3.66362, 0
PixelHit 1302, 971, 2.28463, 0
PixelHit 1303, 965, 3.51978, 0
PixelHit 1303, 966, 10.5981, 0
PixelHit 1303, 967, 18.6286, 0
PixelHit 1303, 968, 12.6826, 0
PixelHit 1303, 969, 3.37232, 0
PixelHit 1303, 970, 4.76211, 0
PixelHit 1304, 966, 5.66469, 0
PixelHit 1304, 967, 9.10595, 0
PixelHit 1304, 968, 7.39568, 0
PixelHit 1304, 969, 6.73166, 0
PixelHit 1305, 966, 2.42772, 0
PixelHit 1305, 967, 2.74416, 0
PixelHit 1305, 968, 2.6743, 0
PixelHit 1305, 971, 1.56111, 0
PixelHit 1344, 1003, 5.23813, 0
PixelHit 1345, 1002, 2.75136, 0
PixelHit 1345, 1003, 63.1777, 0
PixelHit 1345, 1004, 4.40306, 0
PixelHit 1346, 1002, 59.9385, 0
PixelHit 1346, 1003, 114.407, 0
PixelHit 1346, 1004, 3.85474, 0
PixelHit 1347, 1001, 1.80295, 0
PixelHit 1347, 1002, 33.1117, 0
PixelHit 1347, 1003, 29.0697, 0
PixelHit 1348, 1001, 7.85555, 0
PixelHit 1348, 1002, 18.7003, 0
PixelHit 1349, 990, 0.763802, 0
PixelHit 1349, 1000, 5.78281, 0
PixelHit 1349, 1001, 27.1277, 0
PixelHit 1349, 1002, 25.7038, 0
PixelHit 1350, 990, 5.7618, 0
PixelHit 1350, 991, 10.7189, 0
PixelHit 1350, 992, 3.70798, 0
PixelHit 1350, 1000, 21.7484, 0
PixelHit 1350, 1001, 64.9361, 0
PixelHit 1350, 1002, 19.9975, 0
PixelHit 1351, 988, 5.28857, 0
PixelHit 1351, 989, 15.0265, 0
PixelHit 1351, 990, 26.8704, 0
PixelHit 1351, 991, 34.1537, 0
PixelHit 1351, 992, 26.9035, 0
PixelHit 1351, 993, 4.9714, 0
PixelHit 1351, 999, 9.75069, 0
PixelHit 1351, 1000, 39.1158, 0
PixelHit 1351, 1001, 62.3863, 0
PixelHit 1351, 1002, 13.8015, 0
PixelHit 1352, 987, 2.77944, 0
PixelHit 1352, 988, 8.63629, 0
PixelHit 1352, 989, 77.1776, 0
PixelHit 1352, 990, 157.763, 0
PixelHit 1352, 991, 219.066, 0
PixelHit 1352, 992, 117.177, 0
PixelHit 1352, 993, 27.1859, 0
PixelHit 1352, 994, 3.14951, 0
PixelHit 1352, 999, 31.268, 0
PixelHit 1352, 1000, 60.2288, 0
PixelHit 1352, 1001, 55.311, 0
PixelHit 1352, 1002, 7.34485, 0
PixelHit 1353, 987, 7.90281, 0
PixelHit 1353, 988, 46.7077, 0
PixelHit 1353, 989, 173.474, 0
PixelHit 1353, 990, 429.428, 0
PixelHit 1353, 991, 437.577, 0
PixelHit 1353, 992, 240.982, 0
PixelHit 1353, 993, 64.3711, 0
PixelHit 1353, 994, 12.3225, 0
PixelHit 1353, 995, 6.54996, 0
PixelHit 1353, 996, 3.16813, 0
PixelHit 1353, 997, 5.97908, 0
PixelHit 1353, 998, 6.34678, 0
PixelHit 1353, 999, 26.8098, 0
PixelHit 1353, 1000, 82.3274, 0
PixelHit 1353, 1001, 39.3022, 0
PixelHit 1354, 987, 6.91959, 0
PixelHit 1354, 988, 66.0073, 0
PixelHit 1354, 989, 248.487, 0
PixelHit 1354, 990, 495.399, 0
PixelHit 1354, 991, 525.385, 0
PixelHit 1354, 992, 272.934, 0
PixelHit 1354, 993, 67.4023, 0
PixelHit 1354, 994, 34.1279, 0
PixelHit 1354, 995, 37.0142, 0
PixelHit 1354, 996, 30.0564, 0
PixelHit 1354, 997, 4.74564, 0
PixelHit 1354, 998, 6.26181, 0
PixelHit 1354, 999, 19.313, 0
PixelHit 1354, 1000, 29.7166, 0
PixelHit 1354, 1001, 11.6286, 0
PixelHit 1355, 987, 7.62951, 0
PixelHit 1355, 988, 73.0478, 0
PixelHit 1355, 989, 257.604, 0
PixelHit 1355, 990, 450.159, 0
PixelHit 1355, 991, 431.848, 0
PixelHit 1355, 992, 208.045, 0
PixelHit 1355, 993, 81.274, 0
PixelHit 1355, 994, 108.489, 0
PixelHit 1355, 995, 157.266, 0
PixelHit 1355, 996, 138.893, 0
PixelHit 1355, 997, 52.3542, 0
PixelHit 1355, 998, 18.2519, 0
PixelHit 1355, 999, 20.2265, 0
PixelHit 1355, 1000, 9.19106, 0
PixelHit 1356, 987, 4.13513, 0
PixelHit 1356, 988, 57.6474, 0
PixelHit 1356, 989, 190.044, 0
PixelHit 1356, 990, 368.901, 0
PixelHit 1356, 991, 356.116, 0
PixelHit 1356, 992, 196.42, 0
PixelHit 1356, 993, 143.153, 0
PixelHit 1356, 994, 161.063, 0
PixelHit 1356, 995, 226.671, 0
PixelHit 1356, 996, 187.431, 0
PixelHit 1356, 997, 124.97, 0
PixelHit 1356, 998, 61.3097, 0
PixelHit 1356, 999, 27.9171, 0
PixelHit 1356, 1000, 6.42518, 0
PixelHit 1357, 987, 8.78669, 0
PixelHit 1357, 988, 52.2995, 0
PixelHit 1357, 989, 172.501, 0
PixelHit 1357, 990, 377.784, 0
PixelHit 1357, 991, 407.697, 0
PixelHit 1357, 992, 303.263, 0
PixelHit 1357, 993, 188.691, 0
PixelHit 1357, 994, 129.277, 0
PixelHit 1357, 995, 117.29, 0
PixelHit 1357, 996, 209.785, 0
PixelHit 1357, 997, 255.901, 0
PixelHit 1357, 998, 153.974, 0
PixelHit 1357, 999, 42.5461, 0
PixelHit 1357, 1000, 7.69912, 0
PixelHit 1357, 1001, 1.85667, 0
PixelHit 1358, 987, 1.8294, 0
PixelHit 1358, 988, 24.5942, 0
PixelHit 1358, 989, 115.995, 0
PixelHit 1358, 990, 280.653, 0
PixelHit 1358, 991, 305.3, 0
PixelHit 1358, 992, 232.001, 0
PixelHit 1358, 993, 100.083, 0
PixelHit 1358, 994, 46.9303, 0
PixelHit 1358, 995, 32.1603, 0
PixelHit 1358, 996, 135.76, 0
PixelHit 1358, 997, 202.163, 0
PixelHit 1358, 998, 146.131, 0
PixelHit 1358, 999, 48.2089, 0
PixelHit 1358, 1000, 7.98429, 0
PixelHit 1359, 988, 10.9339, 0
PixelHit 1359, 989, 46.7175, 0
PixelHit 1359, 990, 125.377, 0
PixelHit 1359, 991, 132.766, 0
PixelHit 1359, 992, 91.727, 0
PixelHit 1359, 993, 30.2697, 0
PixelHit 1359, 994, 10.7558, 0
PixelHit 1359, 995, 11.1586, 0
PixelHit 1359, 996, 49.8024, 0
PixelHit 1359, 997, 95.509, 0
PixelHit 1359, 998, 67.664, 0
PixelHit 1359, 999, 29.1288, 0
PixelHit 1359, 1000, 4.5, 0
PixelHit 1360, 986, 1.62633, 0
PixelHit 1360, 987, 1.20005, 0
PixelHit 1360, 989, 10.8828, 0
PixelHit 1360, 990, 25.6505, 0
PixelHit 1360, 991, 18.9734, 0
PixelHit 1360, 992, 26.4779, 0
PixelHit 1360, 993, 2.72382, 0
PixelHit 1360, 995, 3.908, 0
PixelHit 1360, 996, 9.43008, 0
PixelHit 1360, 997, 38.3193, 0
PixelHit 1360, 998, 36.693, 0
PixelHit 1360, 999, 9.74912, 0
PixelHit 1360, 1001, 2.92046, 0
PixelHit 1361, 989, 0.983779, 0
PixelHit 1361, 991, 3.90282, 0
PixelHit 1361, 992, 0.507834, 0
PixelHit 1361, 993, 1.45334, 0
PixelHit 1361, 996, 12.3605, 0
PixelHit 1361, 997, 21.2617, 0
PixelHit 1361, 998, 15.7982, 0
PixelHit 1362, 994, 4.22381, 0
PixelHit 1362, 995, 6.52449, 0
PixelHit 1362, 996, 13.9279, 0
PixelHit 1362, 997, 11.3778, 0
PixelHit 1362, 998, 7.28856, 0
PixelHit 1362, 999, 2.95802, 0
PixelHit 1363, 994, 5.16231, 0
PixelHit 1363, 995, 18.2266, 0
PixelHit 1363, 996, 13.1309, 0
PixelHit 1363, 997, 10.5213, 0
PixelHit 1363, 998, 3.48733, 0
PixelHit 1364, 993, 0.915086, 0
PixelHit 1364, 994, 6.42771, 0
PixelHit 1364, 995, 15.6431, 0
PixelHit 1364, 996, 22.3874, 0
PixelHit 1364, 997, 11.5374, 0
PixelHit 1364, 998, 4.81112, 0
PixelHit 1365, 992, 1.45592, 0
PixelHit 1365, 994, 14.3203, 0
PixelHit 1365, 995, 21.9841, 0
PixelHit 1365, 996, 18.7591, 0
PixelHit 1365, 997, 3.94599, 0
PixelHit 1365, 998, 3.34163, 0
PixelHit 1366, 993, 4.13555, 0
PixelHit 1366, 994, 13.8456, 0
PixelHit 1366, 995, 25.9885, 0
PixelHit 1366, 996, 12.9876, 0
PixelHit 1366, 997, 7.0267, 0
PixelHit 1367, 993, 5.84848, 0
PixelHit 1367, 994, 5.0857, 0
PixelHit 1367, 995, 17.6214, 0
PixelHit 1367, 996, 7.46253, 0
PixelHit 1367, 997, 2.50963, 0
PixelHit 1368, 992, 4.9333, 0
PixelHit 1368, 993, 7.40173, 0
PixelHit 1368, 994, 8.94035, 0
PixelHit 1368, 995, 12.7398, 0
PixelHit 1368, 996, 2.75137, 0
PixelHit 1368, 997, 0.895674, 0
PixelHit 1369, 992, 7.66333, 0
PixelHit 1369, 993, 10.9864, 0
PixelHit 1369, 994, 13.6721, 0
PixelHit 1369, 995, 8.95696, 0
PixelHit 1369, 996, 2.77892, 0
PixelHit 1370, 992, 5.79284, 0
PixelHit 1370, 993, 5.41602, 0
PixelHit 1370, 994, 12.9205, 0
PixelHit 1370, 995, 3.27276, 0
PixelHit 1371, 991, 0.870241, 0
PixelHit 1371, 992, 4.27675, 0
PixelHit 1371, 994, 4.75378, 0
PixelHit 1371, 995, 3.61016, 0
PixelHit 1372, 993, 0.797694, 0
PixelHit 1372, 995, 2.13391, 0
=== 10 ===
=== 11 ===
=== 12 ===
--- mydetector ---
PixelHit 1031, 1065, 1.84525, 0
PixelHit 1032, 1064, 2.46922, 0
PixelHit 1032, 1065, 4.40854, 0
PixelHit 1032, 1066, 4.24388, 0
PixelHit 1032, 1067, 14.9457, 0
PixelHit 1032, 1068, 10.9883, 0
PixelHit 1032, 1069, 4.40495, 0
PixelHit 1033, 1064, 1.48383, 0
PixelHit 1033, 1065, 3.9274, 0
PixelHit 1033, 1066, 21.2138, 0
PixelHit 1033, 1067, 36.0247, 0
PixelHit 1033, 1068, 31.0354, 0
PixelHit 1033, 1069, 10.0901, 0
PixelHit 1033, 1070, 4.66678, 0
PixelHit 1034, 1064, 1.52857, 0
PixelHit 1034, 1065, 10.3502, 0
PixelHit 1034, 1066, 28.56, 0
PixelHit 1034, 1067, 59.0062, 0
PixelHit 1034, 1068, 38.0757, 0
PixelHit 1034, 1069, 19.5287, 0
PixelHit 1034, 1070, 5.81975, 0
PixelHit 1034, 1071, 0.674285, 0
PixelHit 1035, 1064, 0.924694, 0
PixelHit 1035, 1065, 6.72909, 0
PixelHit 1035, 1066, 29.617, 0
PixelHit 1035, 1067, 54.3063, 0
PixelHit 1035, 1068, 40.1002, 0
PixelHit 1035, 1069, 24.7158, 0
PixelHit 1035, 1070, 7.67869, 0
PixelHit 1036, 1064, 1.90355, 0
PixelHit 1036, 1065, 1.72008, 0
PixelHit 1036, 1066, 3.93863, 0
PixelHit 1036, 1067, 21.4284, 0
PixelHit 1036, 1068, 36.134, 0
PixelHit 1036, 1069, 34.0062, 0
PixelHit 1036, 1070, 13.5105, 0
PixelHit 1036, 1071, 7.09562, 0
PixelHit 1036, 1072, 1.14483, 0
PixelHit 1037, 1065, 0.48974, 0
PixelHit 1037, 1066, 4.61821, 0
PixelHit 1037, 1067, 20.8853, 0
PixelHit 1037, 1068, 34.7209, 0
PixelHit 1037, 1069, 54.1405, 0
PixelHit 1037, 1070, 22.2192, 0
PixelHit 1037, 1071, 10.7142, 0
PixelHit 1037, 1072, 3.77501, 0
PixelHit 1038, 1066, 1.09366, 0
PixelHit 1038, 1067, 5.54304, 0
PixelHit 1038, 1068, 27.189, 0
PixelHit 1038, 1069, 41.5239, 0
PixelHit 1038, 1070, 40.5737, 0
PixelHit 1038, 1071, 22.702, 0
PixelHit 1038, 1072, 2.15843, 0
PixelHit 1038, 1074, 1.12098, 0
PixelHit 1039, 1067, 7.15314, 0
PixelHit 1039, 1068, 15.8975, 0
PixelHit 1039, 1069, 39.0944, 0
PixelHit 1039, 1070, 56.7858, 0
PixelHit 1039, 1071, 33.0003, 0
PixelHit 1039, 1072, 4.33101, 0
PixelHit 1040, 1067, 3.31117, 0
PixelHit 1040, 1068, 14.3305, 0
PixelHit 1040, 1069, 31.0021, 0
PixelHit 1040, 1070, 44.5304, 0
PixelHit 1040, 1071, 22.6408, 0
PixelHit 1040, 1072, 11.2276, 0
PixelHit 1040, 1073, 1.93031, 0
PixelHit 1041, 1068, 7.34694, 0
PixelHit 1041, 1069, 17.1107, 0
PixelHit 1041, 1070, 30.0496, 0
PixelHit 1041, 1071, 37.9259, 0
PixelHit 1041, 1072, 15.966, 0
PixelHit 1041, 1073, 2.77857, 0
PixelHit 1042, 1068, 6.42714, 0
PixelHit 1042, 1069, 22.2097, 0
PixelHit 1042, 1070, 81.3615, 0
PixelHit 1042, 1071, 93.5296, 0
PixelHit 1042, 1072, 44.3523, 0
PixelHit 1042, 1073, 6.72701, 0
PixelHit 1043, 1068, 5.95011, 0
PixelHit 1043, 1069, 54.9142, 0
PixelHit 1043, 1070, 205.086, 0
PixelHit 1043, 1071, 247.17, 0
PixelHit 1043, 1072, 110.848, 0
PixelHit 1043, 1073, 13.8161, 0
PixelHit 1043, 1074, 0.46394, 0
PixelHit 1044, 1068, 3.90557, 0
PixelHit 1044, 1069, 51.2057, 0
PixelHit 1044, 1070, 214.034, 0
PixelHit 1044, 1071, 243.525, 0
PixelHit 1044, 1072, 129.111, 0
PixelHit 1044, 1073, 24.1604, 0
PixelHit 1044, 1074, 1.89271, 0
PixelHit 1045, 1068, 2.60444, 0
PixelHit 1045, 1069, 29.7762, 0
PixelHit 1045, 1070, 89.4095, 0
PixelHit 1045, 1071, 124.185, 0
PixelHit 1045, 1072, 81.0953, 0
PixelHit 1045, 1073, 22.4851, 0
PixelHit 1046, 1069, 2.66616, 0
PixelHit 1046, 1070, 34.4348, 0
PixelHit 1046, 1071, 76.2964, 0
PixelHit 1046, 1072, 23.4155, 0
PixelHit 1046, 1073, 9.2401, 0
PixelHit 1046, 1074, 0.143359, 0
PixelHit 1047, 1067, 2.32193, 0
PixelHit 1047, 1069, 5.15688, 0
PixelHit 1047, 1070, 28.8913, 0
PixelHit 1047, 1071, 65.2289, 0
PixelHit 1047, 1072, 42.5059, 0
PixelHit 1047, 1073, 12.9732, 0
PixelHit 1048, 1069, 2.33728, 0
PixelHit 1048, 1070, 27.0833, 0
PixelHit 1048, 1071, 46.1813, 0
PixelHit 1048, 1072, 44.6273, 0
PixelHit 1048, 1073, 12.6527, 0
PixelHit 1049, 1069, 6.16525, 0
PixelHit 1049, 1070, 18.0818, 0
PixelHit 1049, 1071, 35.1801, 0
PixelHit 1049, 1072, 31.6313, 0
PixelHit 1049, 1073, 12.9963, 0
PixelHit 1050, 1069, 2.97386, 0
PixelHit 1050, 1070, 10.0085, 0
PixelHit 1050, 1071, 42.0176, 0
PixelHit 1050, 1072, 38.0236, 0
PixelHit 1050, 1073, 7.73056, 0
PixelHit 1050, 1074, 2.40021, 0
PixelHit 1051, 1070, 10.1807, 0
PixelHit 1051, 1071, 10.1956, 0
PixelHit 1051, 1072, 21.8939, 0
PixelHit 1051, 1073, 5.21002, 0
PixelHit 1052, 1071, 2.88081, 0
PixelHit 1052, 1072, 11.2584, 0
PixelHit 1052, 1073, 7.48359, 0
PixelHit 1053, 1071, 4.11751, 0
PixelHit 1053, 1072, 7.00234, 0
PixelHit 1053, 1073, 7.95911, 0
PixelHit 1054, 1070, 3.58551, 0
PixelHit 1054, 1071, 3.57993, 0
PixelHit 1054, 1072, 26.0947, 0
PixelHit 1054, 1073, 33.4562, 0
PixelHit 1054, 1074, 12.4332, 0
PixelHit 1054, 1075, 0.828791, 0
PixelHit 1055, 1071, 9.08948, 0
PixelHit 1055, 1072, 48.0057, 0
PixelHit 1055, 1073, 61.5018, 0
PixelHit 1055, 1074, 9.44066, 0
PixelHit 1056, 1071, 2.65876, 0
PixelHit 1056, 1072, 12.7059, 0
PixelHit 1056, 1073, 30.859, 0
PixelHit 1056, 1074, 13.8485, 0
PixelHit 1056, 1075, 2.59219, 0
PixelHit 1057, 1071, 1.36448, 0
PixelHit 1057, 1072, 7.5761, 0
PixelHit 1057, 1073, 34.2997, 0
PixelHit 1057, 1074, 17.8087, 0
PixelHit 1057, 1075, 3.31183, 0
PixelHit 1058, 1071, 2.68348, 0
PixelHit 1058, 1072, 5.85143, 0
PixelHit 1058, 1073, 23.7305, 0
PixelHit 1058, 1074, 35.8858, 0
PixelHit 1058, 1075, 4.90381, 0
PixelHit 1059, 1072, 4.27754, 0
PixelHit 1059, 1073, 6.59839, 0
PixelHit 1059, 1074, 24.1355, 0
PixelHit 1059, 1075, 15.3957, 0
PixelHit 1060, 1073, 7.17389, 0
PixelHit 1060, 1074, 40.2032, 0
PixelHit 1060, 1075, 23.837, 0
PixelHit 1060, 1076, 2.43409, 0
PixelHit 1061, 1073, 3.61853, 0
PixelHit 1061, 1074, 24.9139, 0
PixelHit 1061, 1075, 42.334, 0
PixelHit 1061, 1076, 6.51359, 0
PixelHit 1062, 1074, 32.3586, 0
PixelHit 1062, 1075, 88.2113, 0
PixelHit 1062, 1076, 26.259, 0
PixelHit 1063, 1074, 33.8308, 0
PixelHit 1063, 1075, 87.8963, 0
PixelHit 1063, 1076, 19.0873, 0
PixelHit 1064, 1073, 4.94492, 0
PixelHit 1064, 1074, 52.8005, 0
PixelHit 1064, 1075, 32.0124, 0
PixelHit 1065, 1073, 11.3203, 0
PixelHit 1065, 1074, 42.6402, 0
PixelHit 1065, 1075, 12.1251, 0
PixelHit 1066, 1073, 8.59604, 0
PixelHit 1066, 1074, 5.41958, 0
PixelHit 1067, 1072, 8.00687, 0
PixelHit 1067, 1073, 13.8487, 0
PixelHit 1068, 1071, 4.8742, 0
PixelHit 1068, 1072, 82.3671, 0
PixelHit 1068, 1073, 23.6119, 0
PixelHit 1069, 1071, 1.52951, 0
PixelHit 1069, 1072, 23.8195, 0
PixelHit 1069, 1073, 1.193, 0
PixelHit 1284, 976, 32.0258, 0
PixelHit 1284, 977, 3.20912, 0
PixelHit 1285, 975, 4.39366, 0
PixelHit 1285, 976, 19.7152, 0
PixelHit 1286, 975, 39.8851, 0
PixelHit 1286, 976, 40.787, 0
PixelHit 1287, 974, 9.06409, 0
PixelHit 1287, 975, 55.7011, 0
PixelHit 1287, 976, 15.1203, 0
PixelHit 1288, 974, 34.1744, 0
PixelHit 1288, 975, 73.6098, 0
PixelHit 1288, 976, 7.47474, 0
PixelHit 1289, 973, 9.59482, 0
PixelHit 1289, 974, 71.7048, 0
PixelHit 1289, 975, 49.4915, 0
PixelHit 1289, 976, 5.66731, 0
PixelHit 1290, 973, 52.5562, 0
PixelHit 1290, 974, 188.06, 0
PixelHit 1290, 975, 34.8288, 0
PixelHit 1290, 976, 1.59921, 0
PixelHit 1291, 972, 7.86587, 0
PixelHit 1291, 973, 143.387, 0
PixelHit 1291, 974, 149.52, 0
PixelHit 1291, 975, 23.0497, 0
PixelHit 1291, 976, 1.51595, 0
PixelHit 1292, 972, 5.11573, 0
PixelHit 1292, 973, 87.2611, 0
PixelHit 1292, 974, 57.231, 0
PixelHit 1292, 975, 10.4019, 0
PixelHit 1293, 971, 11.4254, 0
PixelHit 1293, 972, 139.539, 0
PixelHit 1293, 973, 155.421, 0
PixelHit 1293, 974, 21.4169, 0
PixelHit 1293, 975, 3.04805, 0
PixelHit 1294, 971, 26.7336, 0
PixelHit 1294, 972, 234.437, 0
PixelHit 1294, 973, 174.636, 0
PixelHit 1294, 974, 14.5512, 0
PixelHit 1295, 970, 6.76937, 0
PixelHit 1295, 971, 36.9597, 0
PixelHit 1295, 972, 131.649, 0
PixelHit 1295, 973, 58.5616, 0
PixelHit 1295, 974, 3.36666, 0
PixelHit 1296, 970, 16.0347, 0
PixelHit 1296, 971, 69.2928, 0
PixelHit 1296, 972, 83.4479, 0
PixelHit 1296, 973, 29.8678, 0
PixelHit 1296, 974, 2.50933, 0
PixelHit 1297, 969, 2.61759, 0
PixelHit 1297, 970, 54.779, 0
PixelHit 1297, 971, 168.506, 0
PixelHit 1297, 972, 105.962, 0
PixelHit 1297, 973, 21.1256, 0
PixelHit 1297, 974, 2.97654, 0
PixelHit 1298, 969, 9.39514, 0
PixelHit 1298, 970, 56.1888, 0
PixelHit 1298, 971, 146.874, 0
PixelHit 1298, 972, 65.4779, 0
PixelHit 1298, 973, 15.8462, 0
PixelHit 1299, 968, 1.62565, 0
PixelHit 1299, 969, 9.72323, 0
PixelHit 1299, 970, 52.5077, 0
PixelHit 1299, 971, 58.9832, 0
PixelHit 1299, 972, 35.9663, 0
PixelHit 1299, 973, 2.57732, 0
PixelHit 1300, 968, 9.58887, 0
PixelHit 1300, 969, 25.9714, 0
PixelHit 1300, 970, 62.2022, 0
PixelHit 1300, 971, 51.3534, 0
PixelHit 1300, 972, 15.8198, 0
PixelHit 1301, 968, 9.3244, 0
PixelHit 1301, 969, 32.8754, 0
PixelHit 1301, 970, 63.5804, 0
PixelHit 1301, 971, 31.9799, 0
PixelHit 1301, 972, 6.66599, 0
PixelHit 1302, 967, 4.8697, 0
PixelHit 1302, 968, 12.5886, 0
PixelHit 1302, 969, 31.5941, 0
PixelHit 1302, 970, 52.0653, 0
PixelHit 1302, 971, 19.921, 0
PixelHit 1302, 972, 4.08727, 0
PixelHit 1303, 967, 3.71314, 0
PixelHit 1303, 968, 12.0615, 0
PixelHit 1303, 969, 40.5494, 0
PixelHit 1303, 970, 27.5603, 0
PixelHit 1303, 971, 8.74707, 0
PixelHit 1304, 966, 4.21738, 0
PixelHit 1304, 967, 10.7237, 0
PixelHit 1304, 968, 41.8194, 0
PixelHit 1304, 969, 34.3138, 0
PixelHit 1304, 970, 19.92, 0
PixelHit 1304, 971, 5.03089, 0
PixelHit 1304, 972, 2.74898, 0
PixelHit 1305, 966, 3.42468, 0
PixelHit 1305, 967, 36.8212, 0
PixelHit 1305, 968, 63.3767, 0
PixelHit 1305, 969, 41.7723, 0
PixelHit 1305, 970, 17.5721, 0
PixelHit 1305, 971, 2.56578, 0
PixelHit 1306, 965, 1.85651, 0
PixelHit 1306, 966, 14.7201, 0
PixelHit 1306, 967, 62.3087, 0
PixelHit 1306, 968, 99.7121, 0
PixelHit 1306, 969, 58.1292, 0
PixelHit 1306, 970, 19.5175, 0
PixelHit 1306, 971, 0.929578, 0
PixelHit 1307, 965, 5.62559, 0
PixelHit 1307, 966, 15.1216, 0
PixelHit 1307, 967, 69.7638, 0
PixelHit 1307, 968, 67.0586, 0
PixelHit 1307, 969, 43.9273, 0
PixelHit 1307, 970, 19.0306, 0
PixelHit 1308, 964, 2.97054, 0
PixelHit 1308, 965, 4.1567, 0
PixelHit 1308, 966, 27.76, 0
PixelHit 1308, 967, 31.2149, 0
PixelHit 1308, 968, 36.6145, 0
PixelHit 1308, 969, 20.2517, 0
PixelHit 1308, 970, 8.86923, 0
PixelHit 1309, 964, 2.87737, 0
PixelHit 1309, 965, 11.6962, 0
PixelHit 1309, 966, 16.2592, 0
PixelHit 1309, 967, 23.1354, 0
PixelHit 1309, 968, 32.6624, 0
PixelHit 1309, 969, 7.16313, 0
PixelHit 1309, 970, 4.36945, 0
PixelHit 1310, 964, 4.3666, 0
PixelHit 1310, 965, 18.5069, 0
PixelHit 1310, 966, 22.775, 0
PixelHit 1310, 967, 34.5009, 0
PixelHit 1310, 968, 10.8818, 0
PixelHit 1310, 969, 3.20666, 0
PixelHit 1310, 970, 1.8786, 0
PixelHit 1311, 964, 6.45617, 0
PixelHit 1311, 965, 20.0225, 0
PixelHit 1311, 966, 35.4757, 0
PixelHit 1311, 967, 30.8144, 0
PixelHit 1311, 968, 12.6307, 0
PixelHit 1312, 962, 2.38866, 0
PixelHit 1312, 963, 1.58025, 0
PixelHit 1312, 964, 4.13922, 0
PixelHit 1312, 965, 22.6745, 0
PixelHit 1312, 966, 16.0088, 0
PixelHit 1312, 967, 21.6254, 0
PixelHit 1312, 968, 7.39234, 0
PixelHit 1313, 963, 4.16073, 0
PixelHit 1313, 964, 4.49162, 0
PixelHit 1313, 965, 19.5666, 0
PixelHit 1313, 966, 20.2216, 0
PixelHit 1313, 967, 10.3247, 0
PixelHit 1313, 968, 4.09279, 0
PixelHit 1313, 969, 1.81049, 0
PixelHit 1314, 963, 4.47637, 0
PixelHit 1314, 964, 8.32668, 0
PixelHit 1314, 965, 21.5654, 0
PixelHit 1314, 966, 21.2909, 0
PixelHit 1314, 967, 5.13088, 0
PixelHit 1315, 963, 4.78279, 0
PixelHit 1315, 964, 11.1182, 0
PixelHit 1315, 965, 10.7492, 0
PixelHit 1315, 966, 8.25122, 0
PixelHit 1315, 967, 4.02531, 0
PixelHit 1316, 962, 3.06081, 0
PixelHit 1316, 963, 4.93519, 0
PixelHit 1316, 964, 7.63899, 0
PixelHit 1316, 965, 10.2428, 0
PixelHit 1316, 966, 4.92736, 0
PixelHit 1316, 967, 1.61797, 0
PixelHit 1317, 963, 2.12288, 0
PixelHit 1317, 964, 2.53242, 0
PixelHit 1317, 965, 2.18191, 0
PixelHit 1317, 966, 4.70974, 0
=== 13 ===
=== 14 ===
=== 15 ===
=== 16 ===
=== 17 ===
=== 18 ===
=== 19 ===
=== 20 ===
=== 21 ===
=== 22 ===
=== 23 ===
=== 24 ===
=== 25 ===
=== 26 ===
=== 27 ===
=== 28 ===
=== 29 ===
=== 30 ===
=== 31 ===
=== 32 ===
=== 33 ===
=== 34 ===
=== 35 ===
=== 36 ===
=== 37 ===
=== 38 ===
=== 39 ===
=== 40 ===
=== 41 ===
=== 42 ===
=== 43 ===
=== 44 ===
=== 45 ===
=== 46 ===
=== 47 ===
=== 48 ===
=== 49 ===
=== 50 ===
=== 51 ===
=== 52 ===
=== 53 ===
=== 54 ===
=== 55 ===
=== 56 ===
=== 57 ===
=== 58 ===
--- mydetector ---
PixelHit 1287, 969, 3.31817, 0
PixelHit 1287, 970, 107.764, 0
PixelHit 1287, 971, 7.24173, 0
PixelHit 1288, 969, 43.95, 0
PixelHit 1288, 970, 58.0891, 0
PixelHit 1288, 971, 1.20627, 0
PixelHit 1289, 968, 3.34504, 0
PixelHit 1289, 969, 46.9162, 0
PixelHit 1289, 970, 51.1699, 0
PixelHit 1289, 971, 1.55616, 0
PixelHit 1290, 968, 24.0757, 0
PixelHit 1290, 969, 110.994, 0
PixelHit 1290, 970, 14.6973, 0
PixelHit 1291, 968, 28.9766, 0
PixelHit 1291, 969, 60.1598, 0
PixelHit 1291, 970, 4.92486, 0
PixelHit 1292, 967, 14.6139, 0
PixelHit 1292, 968, 50.4246, 0
PixelHit 1292, 969, 31.6693, 0
PixelHit 1293, 967, 29.5428, 0
PixelHit 1293, 968, 70.0086, 0
PixelHit 1293, 969, 19.1469, 0
PixelHit 1294, 966, 7.6523, 0
PixelHit 1294, 967, 31.9415, 0
PixelHit 1294, 968, 42.6559, 0
PixelHit 1294, 969, 11.3283, 0
PixelHit 1295, 965, 4.59171, 0
PixelHit 1295, 966, 31.3258, 0
PixelHit 1295, 967, 67.9491, 0
PixelHit 1295, 968, 37.9561, 0
PixelHit 1295, 969, 3.81334, 0
PixelHit 1296, 965, 5.25264, 0
PixelHit 1296, 966, 81.6094, 0
PixelHit 1296, 967, 98.8302, 0
PixelHit 1296, 968, 38.9816, 0
PixelHit 1297, 964, 1.85065, 0
PixelHit 1297, 965, 13.4562, 0
PixelHit 1297, 966, 49.3224, 0
PixelHit 1297, 967, 55.6035, 0
PixelHit 1297, 968, 18.8848, 0
PixelHit 1297, 969, 4.54583, 0
PixelHit 1298, 963, 1.10241, 0
PixelHit 1298, 965, 19.1041, 0
PixelHit 1298, 966, 29.9721, 0
PixelHit 1298, 967, 22.2607, 0
PixelHit 1298, 968, 8.6788, 0
PixelHit 1299, 963, 1.70485, 0
PixelHit 1299, 964, 4.14992, 0
PixelHit 1299, 965, 14.2288, 0
PixelHit 1299, 966, 24.2743, 0
PixelHit 1299, 967, 13.1409, 0
PixelHit 1300, 964, 2.76225, 0
PixelHit 1300, 965, 14.1329, 0
PixelHit 1300, 966, 11.5522, 0
PixelHit 1300, 967, 7.03308, 0
PixelHit 1301, 963, 1.51921, 0
PixelHit 1301, 964, 8.2253, 0
PixelHit 1301, 965, 7.95789, 0
PixelHit 1301, 966, 6.48505, 0
PixelHit 1301, 967, 2.76044, 0
PixelHit 1301, 983, 7.44468, 0
PixelHit 1301, 984, 4.93854, 0
PixelHit 1302, 963, 4.99503, 0
PixelHit 1302, 964, 8.74414, 0
PixelHit 1302, 965, 14.9989, 0
PixelHit 1302, 966, 5.17973, 0
PixelHit 1302, 967, 1.81279, 0
PixelHit 1302, 982, 9.5138, 0
PixelHit 1302, 983, 43.3728, 0
PixelHit 1303, 962, 3.38707, 0
PixelHit 1303, 963, 15.6649, 0
PixelHit 1303, 964, 21.4453, 0
PixelHit 1303, 965, 9.81086, 0
PixelHit 1303, 966, 3.0505, 0
PixelHit 1303, 981, 2.99083, 0
PixelHit 1303, 982, 48.668, 0
PixelHit 1303, 983, 56.2246, 0
PixelHit 1304, 962, 10.3653, 0
PixelHit 1304, 963, 19.7216, 0
PixelHit 1304, 964, 37.1678, 0
PixelHit 1304, 965, 12.6979, 0
PixelHit 1304, 966, 4.03286, 0
PixelHit 1304, 967, 2.50169, 0
PixelHit 1304, 981, 6.04903, 0
PixelHit 1304, 982, 47.8368, 0
PixelHit 1304, 983, 26.7485, 0
PixelHit 1305, 962, 6.96428, 0
PixelHit 1305, 963, 44.5641, 0
PixelHit 1305, 964, 38.8386, 0
PixelHit 1305, 965, 11.373, 0
PixelHit 1305, 966, 5.10377, 0
PixelHit 1305, 980, 3.51412, 0
PixelHit 1305, 981, 16.7991, 0
PixelHit 1305, 982, 37.3265, 0
PixelHit 1305, 983, 9.303, 0
PixelHit 1306, 961, 6.90736, 0
PixelHit 1306, 962, 16.4125, 0
PixelHit 1306, 963, 38.2334, 0
PixelHit 1306, 964, 23.0796, 0
PixelHit 1306, 965, 10.9028, 0
PixelHit 1306, 980, 13.6052, 0
PixelHit 1306, 981, 70.5921, 0
PixelHit 1306, 982, 46.3052, 0
PixelHit 1306, 983, 5.1739, 0
PixelHit 1307, 960, 2.86527, 0
PixelHit 1307, 961, 12.9557, 0
PixelHit 1307, 962, 24.9325, 0
PixelHit 1307, 963, 35.3157, 0
PixelHit 1307, 964, 13.9, 0
PixelHit 1307, 965, 6.05064, 0
PixelHit 1307, 966, 2.86759, 0
PixelHit 1307, 980, 29.1931, 0
PixelHit 1307, 981, 73.5769, 0
PixelHit 1307, 982, 33.9939, 0
PixelHit 1307, 983, 1.96765, 0
PixelHit 1308, 960, 3.93479, 0
PixelHit 1308, 961, 10.8322, 0
PixelHit 1308, 962, 41.0151, 0
PixelHit 1308, 963, 33.5402, 0
PixelHit 1308, 964, 9.72664, 0
PixelHit 1308, 965, 3.7627, 0
PixelHit 1308, 979, 4.51066, 0
PixelHit 1308, 980, 22.0587, 0
PixelHit 1308, 981, 44.6277, 0
PixelHit 1308, 982, 13.3562, 0
PixelHit 1309, 959, 4.02442, 0
PixelHit 1309, 960, 8.81854, 0
PixelHit 1309, 961, 27.0803, 0
PixelHit 1309, 962, 43.0842, 0
PixelHit 1309, 963, 21.5225, 0
PixelHit 1309, 964, 19.394, 0
PixelHit 1309, 966, 1.01134, 0
PixelHit 1309, 980, 14.266, 0
PixelHit 1309, 981, 14.9683, 0
PixelHit 1309, 982, 3.02648, 0
PixelHit 1310, 959, 6.82448, 0
PixelHit 1310, 960, 14.1903, 0
PixelHit 1310, 961, 36.7175, 0
PixelHit 1310, 962, 43.1049, 0
PixelHit 1310, 963, 25.9102, 0
PixelHit 1310, 964, 2.51715, 0
PixelHit 1310, 965, 0.931392, 0
PixelHit 1310, 978, 0.00984322, 0
PixelHit 1310, 979, 4.3144, 0
PixelHit 1310, 980, 9.75197, 0
PixelHit 1310, 981, 3.9123, 0
PixelHit 1311, 959, 9.80198, 0
PixelHit 1311, 960, 21.266, 0
PixelHit 1311, 961, 37.2987, 0
PixelHit 1311, 962, 34.5679, 0
PixelHit 1311, 963, 15.0787, 0
PixelHit 1311, 964, 4.80462, 0
PixelHit 1311, 979, 10.9877, 0
PixelHit 1311, 980, 9.09825, 0
PixelHit 1311, 981, 2.47716, 0
PixelHit 1311, 982, 1.79351, 0
PixelHit 1312, 958, 0.940978, 0
PixelHit 1312, 959, 10.6012, 0
PixelHit 1312, 960, 31.7298, 0
PixelHit 1312, 961, 42.76, 0
PixelHit 1312, 962, 40.3876, 0
PixelHit 1312, 963, 14.0024, 0
PixelHit 1312, 964, 3.66695, 0
PixelHit 1312, 977, 1.15936, 0
PixelHit 1312, 978, 9.53626, 0
PixelHit 1312, 979, 14.0202, 0
PixelHit 1312, 980, 6.58812, 0
PixelHit 1312, 981, 1.3849, 0
PixelHit 1313, 958, 5.78991, 0
PixelHit 1313, 959, 16.9015, 0
PixelHit 1313, 960, 23.9895, 0
PixelHit 1313, 961, 43.878, 0
PixelHit 1313, 962, 24.7766, 0
PixelHit 1313, 963, 3.39954, 0
PixelHit 1313, 964, 5.52856, 0
PixelHit 1313, 977, 5.98644, 0
PixelHit 1313, 978, 26.4135, 0
PixelHit 1313, 979, 28.0806, 0
PixelHit 1313, 980, 6.15422, 0
PixelHit 1313, 981, 3.05274, 0
PixelHit 1314, 958, 3.85384, 0
PixelHit 1314, 959, 5.38681, 0
PixelHit 1314, 960, 12.9913, 0
PixelHit 1314, 961, 29.1059, 0
PixelHit 1314, 962, 10.1465, 0
PixelHit 1314, 963, 5.80209, 0
PixelHit 1314, 977, 13.7042, 0
PixelHit 1314, 978, 32.9615, 0
PixelHit 1314, 979, 45.4267, 0
PixelHit 1314, 980, 14.9938, 0
PixelHit 1315, 959, 0.562081, 0
PixelHit 1315, 960, 11.5025, 0
PixelHit 1315, 961, 10.6285, 0
PixelHit 1315, 962, 0.75031, 0
PixelHit 1315, 963, 4.03384, 0
PixelHit 1315, 975, 1.74378, 0
PixelHit 1315, 977, 16.099, 0
PixelHit 1315, 978, 29.5024, 0
PixelHit 1315, 979, 32.0084, 0
PixelHit 1315, 980, 10.385, 0
PixelHit 1316, 960, 4.08331, 0
PixelHit 1316, 961, 4.52785, 0
PixelHit 1316, 962, 2.67914, 0
PixelHit 1316, 976, 3.09484, 0
PixelHit 1316, 977, 8.28706, 0
PixelHit 1316, 978, 19.5282, 0
PixelHit 1316, 979, 12.2889, 0
PixelHit 1316, 980, 2.96534, 0
PixelHit 1317, 962, 1.6498, 0
PixelHit 1317, 976, 5.7449, 0
PixelHit 1317, 977, 12.4171, 0
PixelHit 1317, 978, 12.6039, 0
PixelHit 1317, 979, 4.84417, 0
PixelHit 1318, 975, 2.19221, 0
PixelHit 1318, 976, 5.6805, 0
PixelHit 1318, 977, 9.02806, 0
PixelHit 1318, 978, 9.48756, 0
PixelHit 1318, 979, 1.94814, 0
PixelHit 1319, 975, 2.09606, 0
PixelHit 1319, 976, 11.5669, 0
PixelHit 1319, 977, 4.69081, 0
PixelHit 1319, 978, 5.47615, 0
PixelHit 1320, 973, 0.44564, 0
PixelHit 1320, 974, 6.74332, 0
PixelHit 1320, 975, 9.01018, 0
PixelHit 1320, 976, 14.4604, 0
PixelHit 1320, 977, 10.0386, 0
PixelHit 1320, 978, 5.76849, 0
PixelHit 1321, 973, 4.63607, 0
PixelHit 1321, 974, 15.6779, 0
PixelHit 1321, 975, 25.535, 0
PixelHit 1321, 976, 31.3014, 0
PixelHit 1321, 977, 23.1967, 0
PixelHit 1321, 978, 5.8245, 0
PixelHit 1322, 973, 1.48953, 0
PixelHit 1322, 974, 17.4375, 0
PixelHit 1322, 975, 49.2146, 0
PixelHit 1322, 976, 42.0752, 0
PixelHit 1322, 977, 23.1318, 0
PixelHit 1322, 978, 8.84391, 0
PixelHit 1323, 973, 1.6148, 0
PixelHit 1323, 974, 22.4267, 0
PixelHit 1323, 975, 36.3861, 0
PixelHit 1323, 976, 40.1952, 0
PixelHit 1323, 977, 21.9344, 0
PixelHit 1324, 972, 1.46993, 0
PixelHit 1324, 973, 6.31168, 0
PixelHit 1324, 974, 22.1285, 0
PixelHit 1324, 975, 25.1005, 0
PixelHit 1324, 976, 19.5936, 0
PixelHit 1324, 977, 7.09372, 0
PixelHit 1324, 978, 1.97717, 0
PixelHit 1325, 973, 11.6356, 0
PixelHit 1325, 974, 24.4449, 0
PixelHit 1325, 975, 28.7712, 0
PixelHit 1325, 976, 14.1005, 0
PixelHit 1325, 977, 3.79293, 0
PixelHit 1326, 972, 3.85813, 0
PixelHit 1326, 973, 8.45174, 0
PixelHit 1326, 974, 22.5418, 0
PixelHit 1326, 975, 12.2784, 0
PixelHit 1326, 976, 9.95402, 0
PixelHit 1326, 977, 5.2161, 0
PixelHit 1327, 972, 3.19453, 0
PixelHit 1327, 973, 9.01438, 0
PixelHit 1327, 974, 6.06457, 0
PixelHit 1327, 975, 11.0656, 0
PixelHit 1328, 974, 4.21598, 0
PixelHit 1328, 976, 2.73199, 0
PixelHit 1329, 974, 1.75937, 0
=== 59 ===
=== 60 ===
=== 61 ===
=== 62 ===
=== 63 ===
=== 64 ===
=== 65 ===
=== 66 ===
=== 67 ===
=== 68 ===
=== 69 ===
=== 70 ===
=== 71 ===
=== 72 ===
=== 73 ===
=== 74 ===
=== 75 ===
=== 76 ===
=== 77 ===
=== 78 ===
=== 79 ===
=== 80 ===
=== 81 ===
=== 82 ===
=== 83 ===
=== 84 ===
=== 85 ===
=== 86 ===
=== 87 ===
=== 88 ===
=== 89 ===
=== 90 ===
=== 91 ===
=== 92 ===
=== 93 ===
=== 94 ===
=== 95 ===
=== 96 ===
=== 97 ===
=== 98 ===
=== 99 ===
=== 100 ===
# 998 objects from 3 messages
