# Allpix Squared ASCII data - https://cern.ch/allpix-squared

=== 1 ===
=== 2 ===
=== 3 ===
=== 4 ===
=== 5 ===
=== 6 ===
=== 7 ===
=== 8 ===
=== 9 ===
=== 10 ===
=== 11 ===
=== 12 ===
=== 13 ===
=== 14 ===
=== 15 ===
=== 16 ===
=== 17 ===
=== 18 ===
=== 19 ===
=== 20 ===
=== 21 ===
=== 22 ===
=== 23 ===
=== 24 ===
=== 25 ===
--- mydetector ---
PixelHit 1292, 982, 30.286, 0
PixelHit 1293, 980, 15.9824, 0
PixelHit 1293, 981, 20.5536, 0
PixelHit 1293, 982, 3.89933, 0
PixelHit 1293, 983, 1.94235, 0
PixelHit 1294, 976, 8.04479, 0
PixelHit 1294, 977, 86.7188, 0
PixelHit 1294, 978, 10.1526, 0
PixelHit 1294, 979, 9.19173, 0
PixelHit 1294, 980, 50.951, 0
PixelHit 1294, 981, 20.3659, 0
PixelHit 1295, 975, 19.3242, 0
PixelHit 1295, 976, 70.0229, 0
PixelHit 1295, 977, 74.6955, 0
PixelHit 1295, 979, 10.8765, 0
PixelHit 1295, 980, 11.4102, 0
PixelHit 1295, 981, 4.45641, 0
PixelHit 1296, 973, 6.81862, 0
PixelHit 1296, 974, 40.6418, 0
PixelHit 1296, 975, 82.4749, 0
PixelHit 1296, 976, 51.7941, 0
PixelHit 1296, 977, 22.2, 0
PixelHit 1296, 978, 11.7661, 0
PixelHit 1297, 972, 3.37868, 0
PixelHit 1297, 973, 52.3388, 0
PixelHit 1297, 974, 152.065, 0
PixelHit 1297, 975, 59.6995, 0
PixelHit 1297, 976, 32.7474, 0
PixelHit 1297, 977, 24.7087, 0
PixelHit 1297, 978, 3.22119, 0
PixelHit 1298, 970, 1.86231, 0
PixelHit 1298, 971, 6.96788, 0
PixelHit 1298, 972, 27.9828, 0
PixelHit 1298, 973, 24.3895, 0
PixelHit 1298, 974, 45.917, 0
PixelHit 1298, 975, 53.47, 0
PixelHit 1298, 976, 31.2486, 0
PixelHit 1298, 977, 8.00904, 0
PixelHit 1298, 978, 1.69291, 0
PixelHit 1299, 969, 2.07605, 0
PixelHit 1299, 970, 11.195, 0
PixelHit 1299, 971, 25.3348, 0
PixelHit 1299, 972, 38.1579, 0
PixelHit 1299, 973, 21.0389, 0
PixelHit 1299, 974, 26.1701, 0
PixelHit 1299, 975, 13.6643, 0
PixelHit 1299, 976, 7.18297, 0
PixelHit 1299, 977, 1.77433, 0
PixelHit 1300, 965, 1.17671, 0
PixelHit 1300, 967, 2.92246, 0
PixelHit 1300, 968, 4.19789, 0
PixelHit 1300, 969, 9.751, 0
PixelHit 1300, 970, 33.3549, 0
PixelHit 1300, 971, 59.8102, 0
PixelHit 1300, 972, 31.0842, 0
PixelHit 1300, 973, 14.7592, 0
PixelHit 1300, 974, 6.83631, 0
PixelHit 1300, 976, 3.32724, 0
PixelHit 1301, 967, 6.24797, 0
PixelHit 1301, 968, 17.8992, 0
PixelHit 1301, 969, 59.896, 0
PixelHit 1301, 970, 73.3285, 0
PixelHit 1301, 971, 98.2208, 0
PixelHit 1301, 972, 58.393, 0
PixelHit 1301, 973, 10.5761, 0
PixelHit 1301, 974, 5.17277, 0
PixelHit 1302, 966, 7.71051, 0
PixelHit 1302, 967, 14.0885, 0
PixelHit 1302, 968, 53.9771, 0
PixelHit 1302, 969, 58.058, 0
PixelHit 1302, 970, 98.4223, 0
PixelHit 1302, 971, 116.521, 0
PixelHit 1302, 972, 40.2177, 0
PixelHit 1302, 973, 4.53515, 0
PixelHit 1303, 962, 1.34167, 0
PixelHit 1303, 964, 5.2173, 0
PixelHit 1303, 965, 8.55336, 0
PixelHit 1303, 966, 20.9005, 0
PixelHit 1303, 967, 28.451, 0
PixelHit 1303, 968, 30.9811, 0
PixelHit 1303, 969, 36.2447, 0
PixelHit 1303, 970, 31.7135, 0
PixelHit 1303, 971, 42.3878, 0
PixelHit 1303, 972, 20.7871, 0
PixelHit 1303, 973, 5.15506, 0
PixelHit 1303, 974, 2.94508, 0
PixelHit 1304, 963, 11.8845, 0
PixelHit 1304, 964, 24.4164, 0
PixelHit 1304, 965, 14.0764, 0
PixelHit 1304, 966, 29.1888, 0
PixelHit 1304, 967, 34.2457, 0
PixelHit 1304, 968, 37.4957, 0
PixelHit 1304, 969, 20.4179, 0
PixelHit 1304, 970, 9.16015, 0
PixelHit 1304, 971, 6.60913, 0
PixelHit 1304, 972, 5.10177, 0
PixelHit 1304, 973, 0.777919, 0
PixelHit 1305, 960, 1.9422, 0
PixelHit 1305, 961, 3.00446, 0
PixelHit 1305, 962, 17.4349, 0
PixelHit 1305, 963, 58.1442, 0
PixelHit 1305, 964, 58.1011, 0
PixelHit 1305, 965, 46.8612, 0
PixelHit 1305, 966, 34.6888, 0
PixelHit 1305, 967, 31.3612, 0
PixelHit 1305, 968, 26.1252, 0
PixelHit 1305, 969, 12.8847, 0
PixelHit 1305, 971, 1.39475, 0
PixelHit 1306, 959, 0.679894, 0
PixelHit 1306, 960, 1.87054, 0
PixelHit 1306, 961, 16.6889, 0
PixelHit 1306, 962, 50.0927, 0
PixelHit 1306, 963, 68.3604, 0
PixelHit 1306, 964, 65.3999, 0
PixelHit 1306, 965, 52.3308, 0
PixelHit 1306, 966, 23.9404, 0
PixelHit 1306, 967, 16.4838, 0
PixelHit 1306, 968, 10.76, 0
PixelHit 1307, 959, 3.21317, 0
PixelHit 1307, 960, 15.8414, 0
PixelHit 1307, 961, 37.9611, 0
PixelHit 1307, 962, 49.1389, 0
PixelHit 1307, 963, 73.3908, 0
PixelHit 1307, 964, 54.7333, 0
PixelHit 1307, 965, 43.4521, 0
PixelHit 1307, 966, 16.752, 0
PixelHit 1307, 967, 3.6286, 0
PixelHit 1307, 968, 3.20174, 0
PixelHit 1307, 969, 1.53195, 0
PixelHit 1308, 957, 3.08528, 0
PixelHit 1308, 959, 17.0163, 0
PixelHit 1308, 960, 30.9744, 0
PixelHit 1308, 961, 61.4458, 0
PixelHit 1308, 962, 55.0208, 0
PixelHit 1308, 963, 58.7026, 0
PixelHit 1308, 964, 42.854, 0
PixelHit 1308, 965, 25.7758, 0
PixelHit 1308, 966, 13.5364, 0
PixelHit 1308, 967, 1.868, 0
PixelHit 1309, 956, 4.85991, 0
PixelHit 1309, 957, 12.5887, 0
PixelHit 1309, 958, 10.9797, 0
PixelHit 1309, 959, 29.7399, 0
PixelHit 1309, 960, 47.2813, 0
PixelHit 1309, 961, 67.6836, 0
PixelHit 1309, 962, 57.6995, 0
PixelHit 1309, 963, 27.8739, 0
PixelHit 1309, 964, 16.3628, 0
PixelHit 1309, 965, 14.4918, 0
PixelHit 1309, 966, 2.53132, 0
PixelHit 1310, 955, 5.69999, 0
PixelHit 1310, 956, 14.8532, 0
PixelHit 1310, 957, 24.67, 0
PixelHit 1310, 958, 44.1271, 0
PixelHit 1310, 959, 27.774, 0
PixelHit 1310, 960, 36.1383, 0
PixelHit 1310, 961, 71.3504, 0
PixelHit 1310, 962, 57.9349, 0
PixelHit 1310, 963, 16.7961, 0
PixelHit 1310, 964, 5.11947, 0
PixelHit 1310, 965, 1.54789, 0
PixelHit 1311, 954, 2.0608, 0
PixelHit 1311, 955, 4.21011, 0
PixelHit 1311, 956, 20.8479, 0
PixelHit 1311, 957, 32.1258, 0
PixelHit 1311, 958, 33.7365, 0
PixelHit 1311, 959, 33.2266, 0
PixelHit 1311, 960, 22.4836, 0
PixelHit 1311, 961, 37.4882, 0
PixelHit 1311, 962, 22.9736, 0
PixelHit 1311, 963, 23.5609, 0
PixelHit 1311, 964, 3.13555, 0
PixelHit 1311, 965, 1.70552, 0
PixelHit 1312, 955, 6.04706, 0
PixelHit 1312, 956, 17.8495, 0
PixelHit 1312, 957, 16.1811, 0
PixelHit 1312, 958, 24.6498, 0
PixelHit 1312, 959, 13.1146, 0
PixelHit 1312, 960, 4.93081, 0
PixelHit 1312, 961, 9.37862, 0
PixelHit 1312, 962, 7.2111, 0
PixelHit 1312, 963, 2.71217, 0
PixelHit 1312, 964, 3.937, 0
PixelHit 1313, 954, 0.604779, 0
PixelHit 1313, 956, 7.45784, 0
PixelHit 1313, 957, 12.0418, 0
PixelHit 1313, 958, 11.7793, 0
PixelHit 1313, 959, 4.57578, 0
PixelHit 1313, 960, 1.61574, 0
PixelHit 1314, 956, 3.39179, 0
PixelHit 1314, 957, 1.448, 0
PixelHit 1314, 958, 4.03619, 0
PixelHit 1314, 962, 1.79161, 0
=== 26 ===
=== 27 ===
=== 28 ===
=== 29 ===
=== 30 ===
=== 31 ===
=== 32 ===
=== 33 ===
=== 34 ===
=== 35 ===
=== 36 ===
=== 37 ===
=== 38 ===
=== 39 ===
=== 40 ===
=== 41 ===
=== 42 ===
=== 43 ===
=== 44 ===
=== 45 ===
=== 46 ===
=== 47 ===
=== 48 ===
=== 49 ===
=== 50 ===
=== 51 ===
=== 52 ===
=== 53 ===
=== 54 ===
=== 55 ===
=== 56 ===
=== 57 ===
=== 58 ===
=== 59 ===
=== 60 ===
=== 61 ===
=== 62 ===
=== 63 ===
=== 64 ===
=== 65 ===
=== 66 ===
=== 67 ===
=== 68 ===
=== 69 ===
=== 70 ===
=== 71 ===
=== 72 ===
=== 73 ===
=== 74 ===
=== 75 ===
=== 76 ===
=== 77 ===
=== 78 ===
=== 79 ===
=== 80 ===
=== 81 ===
=== 82 ===
=== 83 ===
--- mydetector ---
PixelHit 1284, 990, 15.6282, 0
PixelHit 1284, 991, 39.9292, 0
PixelHit 1285, 989, 11.0375, 0
PixelHit 1285, 990, 129.287, 0
PixelHit 1285, 991, 100.284, 0
PixelHit 1285, 992, 2.77295, 0
PixelHit 1286, 987, 5.04974, 0
PixelHit 1286, 988, 10.856, 0
PixelHit 1286, 989, 49.3128, 0
PixelHit 1286, 990, 24.9351, 0
PixelHit 1287, 985, 1.70422, 0
PixelHit 1287, 986, 4.79838, 0
PixelHit 1287, 987, 28.4192, 0
PixelHit 1287, 988, 22.6323, 0
PixelHit 1287, 989, 6.39718, 0
PixelHit 1288, 982, 23.1849, 0
PixelHit 1288, 983, 15.9946, 0
PixelHit 1288, 984, 2.55835, 0
PixelHit 1288, 985, 15.6622, 0
PixelHit 1288, 986, 34.8174, 0
PixelHit 1288, 987, 43.5987, 0
PixelHit 1288, 988, 14.7511, 0
PixelHit 1289, 980, 5.15237, 0
PixelHit 1289, 981, 35.7084, 0
PixelHit 1289, 982, 107.457, 0
PixelHit 1289, 983, 32.9912, 0
PixelHit 1289, 984, 14.6599, 0
PixelHit 1289, 985, 68.9104, 0
PixelHit 1289, 986, 35.8963, 0
PixelHit 1289, 987, 7.69227, 0
PixelHit 1289, 988, 0.0295205, 0
PixelHit 1290, 979, 4.54777, 0
PixelHit 1290, 980, 48.7147, 0
PixelHit 1290, 981, 52.3135, 0
PixelHit 1290, 982, 21.1144, 0
PixelHit 1290, 983, 30.858, 0
PixelHit 1290, 984, 27.9504, 0
PixelHit 1290, 985, 33.0935, 0
PixelHit 1290, 986, 15.8794, 0
PixelHit 1290, 987, 1.55479, 0
PixelHit 1291, 977, 3.92449, 0
PixelHit 1291, 978, 8.60884, 0
PixelHit 1291, 979, 22.548, 0
PixelHit 1291, 980, 40.406, 0
PixelHit 1291, 981, 35.9038, 0
PixelHit 1291, 982, 41.2054, 0
PixelHit 1291, 983, 49.0208, 0
PixelHit 1291, 984, 36.476, 0
PixelHit 1291, 985, 8.56105, 0
PixelHit 1292, 975, 5.42602, 0
PixelHit 1292, 976, 4.51432, 0
PixelHit 1292, 977, 12.3957, 0
PixelHit 1292, 978, 30.6493, 0
PixelHit 1292, 979, 30.2916, 0
PixelHit 1292, 980, 50.0835, 0
PixelHit 1292, 981, 48.6996, 0
PixelHit 1292, 982, 33.7028, 0
PixelHit 1292, 983, 38.2536, 0
PixelHit 1292, 984, 16.7531, 0
PixelHit 1292, 985, 1.38154, 0
PixelHit 1293, 974, 4.60299, 0
PixelHit 1293, 975, 18.918, 0
PixelHit 1293, 976, 43.5963, 0
PixelHit 1293, 977, 45.4819, 0
PixelHit 1293, 978, 19.4007, 0
PixelHit 1293, 979, 53.2107, 0
PixelHit 1293, 980, 83.1837, 0
PixelHit 1293, 981, 77.266, 0
PixelHit 1293, 982, 22.1466, 0
PixelHit 1293, 983, 9.18875, 0
PixelHit 1293, 984, 3.07457, 0
PixelHit 1294, 973, 7.42826, 0
PixelHit 1294, 974, 14.391, 0
PixelHit 1294, 975, 72.5443, 0
PixelHit 1294, 976, 75.2734, 0
PixelHit 1294, 977, 33.3456, 0
PixelHit 1294, 978, 35.8707, 0
PixelHit 1294, 979, 56.8587, 0
PixelHit 1294, 980, 70.16, 0
PixelHit 1294, 981, 56.8074, 0
PixelHit 1294, 982, 19.7187, 0
PixelHit 1295, 972, 2.38806, 0
PixelHit 1295, 973, 19.351, 0
PixelHit 1295, 974, 51.8714, 0
PixelHit 1295, 975, 72.682, 0
PixelHit 1295, 976, 71.0509, 0
PixelHit 1295, 977, 50.5355, 0
PixelHit 1295, 978, 66.2818, 0
PixelHit 1295, 979, 53.1704, 0
PixelHit 1295, 980, 31.667, 0
PixelHit 1295, 981, 17.0249, 0
PixelHit 1295, 982, 3.89482, 0
PixelHit 1296, 971, 4.52895, 0
PixelHit 1296, 972, 10.6508, 0
PixelHit 1296, 973, 37.7402, 0
PixelHit 1296, 974, 39.2293, 0
PixelHit 1296, 975, 50.8642, 0
PixelHit 1296, 976, 42.4314, 0
PixelHit 1296, 977, 50.8869, 0
PixelHit 1296, 978, 45.3524, 0
PixelHit 1296, 979, 26.8979, 0
PixelHit 1296, 980, 6.07225, 0
PixelHit 1296, 981, 3.71524, 0
PixelHit 1297, 967, 0.00329421, 0
PixelHit 1297, 969, 3.3758, 0
PixelHit 1297, 970, 1.5851, 0
PixelHit 1297, 971, 7.08777, 0
PixelHit 1297, 972, 22.2408, 0
PixelHit 1297, 973, 17.5317, 0
PixelHit 1297, 974, 34.1452, 0
PixelHit 1297, 975, 31.6479, 0
PixelHit 1297, 976, 42.0897, 0
PixelHit 1297, 977, 30.0241, 0
PixelHit 1297, 978, 16.6725, 0
PixelHit 1297, 979, 3.13921, 0
PixelHit 1297, 980, 1.83482, 0
PixelHit 1298, 968, 8.47893, 0
PixelHit 1298, 969, 21.2826, 0
PixelHit 1298, 970, 17.998, 0
PixelHit 1298, 971, 23.8284, 0
PixelHit 1298, 972, 19.1815, 0
PixelHit 1298, 973, 19.7789, 0
PixelHit 1298, 974, 25.6987, 0
PixelHit 1298, 975, 27.0596, 0
PixelHit 1298, 976, 36.3374, 0
PixelHit 1298, 977, 13.6072, 0
PixelHit 1298, 978, 2.37746, 0
PixelHit 1299, 967, 9.72798, 0
PixelHit 1299, 968, 30.8802, 0
PixelHit 1299, 969, 47.2101, 0
PixelHit 1299, 970, 62.1761, 0
PixelHit 1299, 971, 53.7713, 0
PixelHit 1299, 972, 33.2387, 0
PixelHit 1299, 973, 9.83481, 0
PixelHit 1299, 974, 18.5591, 0
PixelHit 1299, 975, 11.8366, 0
PixelHit 1299, 976, 13.1808, 0
PixelHit 1299, 977, 3.66833, 0
PixelHit 1299, 978, 3.49333, 0
PixelHit 1300, 967, 10.938, 0
PixelHit 1300, 968, 65.7907, 0
PixelHit 1300, 969, 99.6022, 0
PixelHit 1300, 970, 121.744, 0
PixelHit 1300, 971, 114.763, 0
PixelHit 1300, 972, 66.6279, 0
PixelHit 1300, 973, 25.7236, 0
PixelHit 1300, 974, 5.18212, 0
PixelHit 1300, 975, 1.50456, 0
PixelHit 1300, 976, 3.78212, 0
PixelHit 1301, 963, 2.71744, 0
PixelHit 1301, 964, 3.23224, 0
PixelHit 1301, 965, 4.5506, 0
PixelHit 1301, 966, 11.8471, 0
PixelHit 1301, 967, 18.8001, 0
PixelHit 1301, 968, 51.7187, 0
PixelHit 1301, 969, 130.431, 0
PixelHit 1301, 970, 227.697, 0
PixelHit 1301, 971, 201.608, 0
PixelHit 1301, 972, 134.202, 0
PixelHit 1301, 973, 35.7895, 0
PixelHit 1301, 974, 8.46304, 0
PixelHit 1301, 975, 2.19886, 0
PixelHit 1301, 976, 1.84006, 0
PixelHit 1302, 964, 7.74544, 0
PixelHit 1302, 965, 17.8068, 0
PixelHit 1302, 966, 28.8894, 0
PixelHit 1302, 967, 19.2156, 0
PixelHit 1302, 968, 35.6668, 0
PixelHit 1302, 969, 135.059, 0
PixelHit 1302, 970, 250.304, 0
PixelHit 1302, 971, 236.421, 0
PixelHit 1302, 972, 129.486, 0
PixelHit 1302, 973, 36.6804, 0
PixelHit 1302, 974, 2.90214, 0
PixelHit 1302, 975, 2.77259, 0
PixelHit 1303, 962, 4.46652, 0
PixelHit 1303, 963, 13.4896, 0
PixelHit 1303, 964, 21.9773, 0
PixelHit 1303, 965, 14.3313, 0
PixelHit 1303, 966, 32.8655, 0
PixelHit 1303, 967, 10.111, 0
PixelHit 1303, 968, 15.303, 0
PixelHit 1303, 969, 58.5049, 0
PixelHit 1303, 970, 130.511, 0
PixelHit 1303, 971, 143.315, 0
PixelHit 1303, 972, 75.4938, 0
PixelHit 1303, 973, 24.2983, 0
PixelHit 1304, 960, 1.46538, 0
PixelHit 1304, 962, 18.4033, 0
PixelHit 1304, 963, 14.6976, 0
PixelHit 1304, 964, 31.3102, 0
PixelHit 1304, 965, 11.3583, 0
PixelHit 1304, 966, 8.96084, 0
PixelHit 1304, 967, 4.74935, 0
PixelHit 1304, 968, 0.0943264, 0
PixelHit 1304, 969, 17.1406, 0
PixelHit 1304, 970, 42.4123, 0
PixelHit 1304, 971, 41.6932, 0
PixelHit 1304, 972, 24.1413, 0
PixelHit 1304, 973, 8.2538, 0
PixelHit 1305, 960, 6.58453, 0
PixelHit 1305, 961, 13.8621, 0
PixelHit 1305, 962, 24.4309, 0
PixelHit 1305, 963, 26.1074, 0
PixelHit 1305, 964, 21.3912, 0
PixelHit 1305, 965, 6.75307, 0
PixelHit 1305, 966, 4.93441, 0
PixelHit 1305, 968, 1.1395, 0
PixelHit 1305, 969, 1.42822, 0
PixelHit 1305, 970, 8.38424, 0
PixelHit 1305, 971, 6.33464, 0
PixelHit 1305, 972, 2.46471, 0
PixelHit 1306, 961, 8.971, 0
PixelHit 1306, 962, 21.0343, 0
PixelHit 1306, 963, 14.3021, 0
PixelHit 1306, 964, 10.9515, 0
PixelHit 1306, 965, 4.03621, 0
PixelHit 1306, 966, 4.74119, 0
PixelHit 1306, 971, 0.858744, 0
PixelHit 1307, 959, -0.499666, 0
PixelHit 1307, 961, 2.74926, 0
PixelHit 1307, 962, 6.4922, 0
PixelHit 1307, 963, 10.0818, 0
PixelHit 1307, 964, 3.899, 0
PixelHit 1308, 962, 0.302459, 0
PixelHit 1308, 963, 1.88494, 0
PixelHit 1308, 964, 2.86749, 0
PixelHit 1309, 962, 2.2828, 0
=== 84 ===
=== 85 ===
=== 86 ===
=== 87 ===
=== 88 ===
=== 89 ===
=== 90 ===
=== 91 ===
=== 92 ===
=== 93 ===
=== 94 ===
=== 95 ===
=== 96 ===
=== 97 ===
=== 98 ===
=== 99 ===
=== 100 ===
# 421 objects from 2 messages
