# Allpix Squared ASCII data - https://cern.ch/allpix-squared

=== 1 ===
=== 2 ===
=== 3 ===
=== 4 ===
=== 5 ===
=== 6 ===
=== 7 ===
=== 8 ===
=== 9 ===
=== 10 ===
=== 11 ===
=== 12 ===
=== 13 ===
=== 14 ===
=== 15 ===
=== 16 ===
=== 17 ===
=== 18 ===
=== 19 ===
=== 20 ===
=== 21 ===
=== 22 ===
=== 23 ===
=== 24 ===
=== 25 ===
=== 26 ===
=== 27 ===
=== 28 ===
=== 29 ===
=== 30 ===
=== 31 ===
=== 32 ===
=== 33 ===
=== 34 ===
=== 35 ===
=== 36 ===
=== 37 ===
=== 38 ===
=== 39 ===
=== 40 ===
=== 41 ===
=== 42 ===
=== 43 ===
=== 44 ===
--- mydetector ---
PixelHit 1277, 973, 1.38239, 0
PixelHit 1277, 974, 1.56354, 0
PixelHit 1278, 973, 10.633, 0
PixelHit 1278, 974, 74.2655, 0
PixelHit 1278, 975, 0.65972, 0
PixelHit 1279, 973, 10.2019, 0
PixelHit 1279, 974, 20.9578, 0
PixelHit 1280, 973, 2.26619, 0
PixelHit 1281, 972, 0.899191, 0
PixelHit 1281, 973, 4.62839, 0
PixelHit 1281, 974, 4.07576, 0
PixelHit 1282, 972, 9.18276, 0
PixelHit 1282, 973, 26.4426, 0
PixelHit 1282, 974, 9.55023, 0
PixelHit 1283, 955, 2.25136, 0
PixelHit 1283, 956, 34.8519, 0
PixelHit 1283, 972, 24.6304, 0
PixelHit 1283, 973, 34.7809, 0
PixelHit 1283, 974, 11.5525, 0
PixelHit 1284, 956, 32.7571, 0
PixelHit 1284, 971, 2.49339, 0
PixelHit 1284, 972, 32.0098, 0
PixelHit 1284, 973, 33.3184, 0
PixelHit 1284, 974, 7.41974, 0
PixelHit 1285, 954, 2.87734, 0
PixelHit 1285, 955, 72.9015, 0
PixelHit 1285, 956, 96.3242, 0
PixelHit 1285, 957, 6.66476, 0
PixelHit 1285, 971, 3.78097, 0
PixelHit 1285, 972, 27.2919, 0
PixelHit 1285, 973, 39.6126, 0
PixelHit 1285, 974, 1.31676, 0
PixelHit 1286, 954, 2.02249, 0
PixelHit 1286, 955, 137.673, 0
PixelHit 1286, 956, 141.295, 0
PixelHit 1286, 970, 0.488513, 0
PixelHit 1286, 971, 11.9368, 0
PixelHit 1286, 972, 68.5953, 0
PixelHit 1286, 973, 38.1261, 0
PixelHit 1286, 974, 4.95588, 0
PixelHit 1287, 955, 35.217, 0
PixelHit 1287, 956, 16.2818, 0
PixelHit 1287, 970, 4.17681, 0
PixelHit 1287, 971, 26.6901, 0
PixelHit 1287, 972, 82.2018, 0
PixelHit 1287, 973, 48.2045, 0
PixelHit 1287, 974, 6.39488, 0
PixelHit 1288, 954, 3.06316, 0
PixelHit 1288, 955, 32.9756, 0
PixelHit 1288, 956, 13.4443, 0
PixelHit 1288, 970, 4.6307, 0
PixelHit 1288, 971, 59.787, 0
PixelHit 1288, 972, 102.804, 0
PixelHit 1288, 973, 43.6336, 0
PixelHit 1288, 974, 2.65968, 0
PixelHit 1289, 954, 33.5776, 0
PixelHit 1289, 955, 62.4113, 0
PixelHit 1289, 956, 12.6985, 0
PixelHit 1289, 957, 2.33447, 0
PixelHit 1289, 970, 7.77356, 0
PixelHit 1289, 971, 48.9851, 0
PixelHit 1289, 972, 118.703, 0
PixelHit 1289, 973, 41.873, 0
PixelHit 1289, 974, 4.70774, 0
PixelHit 1290, 953, 4.50711, 0
PixelHit 1290, 954, 44.4817, 0
PixelHit 1290, 955, 80.4811, 0
PixelHit 1290, 956, 25.1684, 0
PixelHit 1290, 957, 4.38372, 0
PixelHit 1290, 970, 10.4777, 0
PixelHit 1290, 971, 34.2254, 0
PixelHit 1290, 972, 43.797, 0
PixelHit 1290, 973, 9.91265, 0
PixelHit 1290, 974, -0.360712, 0
PixelHit 1291, 953, 7.76069, 0
PixelHit 1291, 954, 33.0194, 0
PixelHit 1291, 955, 41.7198, 0
PixelHit 1291, 956, 11.2987, 0
PixelHit 1291, 957, 0.433761, 0
PixelHit 1291, 969, 2.85049, 0
PixelHit 1291, 970, 7.575, 0
PixelHit 1291, 971, 42.9397, 0
PixelHit 1291, 972, 32.9963, 0
PixelHit 1291, 973, 10.9371, 0
PixelHit 1292, 953, 12.4923, 0
PixelHit 1292, 954, 42.6143, 0
PixelHit 1292, 955, 29.5822, 0
PixelHit 1292, 956, 7.60703, 0
PixelHit 1292, 969, 2.31538, 0
PixelHit 1292, 970, 24.4426, 0
PixelHit 1292, 971, 45.7942, 0
PixelHit 1292, 972, 41.151, 0
PixelHit 1292, 973, 13.1902, 0
PixelHit 1292, 974, -0.0734968, 0
PixelHit 1293, 952, 2.26041, 0
PixelHit 1293, 953, 13.5236, 0
PixelHit 1293, 954, 51.6147, 0
PixelHit 1293, 955, 28.9735, 0
PixelHit 1293, 956, 3.24995, 0
PixelHit 1293, 969, 5.13295, 0
PixelHit 1293, 970, 20.6526, 0
PixelHit 1293, 971, 62.0023, 0
PixelHit 1293, 972, 35.3906, 0
PixelHit 1293, 973, 8.80043, 0
PixelHit 1294, 952, 0.990472, 0
PixelHit 1294, 953, 15.0624, 0
PixelHit 1294, 954, 39.4181, 0
PixelHit 1294, 955, 24.9024, 0
PixelHit 1294, 956, 1.02906, 0
PixelHit 1294, 969, 1.41878, 0
PixelHit 1294, 970, 16.541, 0
PixelHit 1294, 971, 28.5135, 0
PixelHit 1294, 972, 17.7031, 0
PixelHit 1294, 973, 3.95918, 0
PixelHit 1295, 952, 3.60721, 0
PixelHit 1295, 953, 14.4804, 0
PixelHit 1295, 954, 34.5686, 0
PixelHit 1295, 955, 19.228, 0
PixelHit 1295, 969, 5.99015, 0
PixelHit 1295, 970, 20.4773, 0
PixelHit 1295, 971, 24.1996, 0
PixelHit 1295, 972, 6.49516, 0
PixelHit 1295, 973, 3.28396, 0
PixelHit 1296, 951, 0.497778, 0
PixelHit 1296, 952, 7.05678, 0
PixelHit 1296, 953, 23.959, 0
PixelHit 1296, 954, 37.8235, 0
PixelHit 1296, 955, 8.52499, 0
PixelHit 1296, 968, 3.28454, 0
PixelHit 1296, 969, 9.62467, 0
PixelHit 1296, 970, 29.4755, 0
PixelHit 1296, 971, 24.6644, 0
PixelHit 1296, 972, 17.7327, 0
PixelHit 1296, 973, 2.62462, 0
PixelHit 1297, 952, 15.9009, 0
PixelHit 1297, 953, 44.8736, 0
PixelHit 1297, 954, 37.8994, 0
PixelHit 1297, 955, 6.66333, 0
PixelHit 1297, 956, 4.09947, 0
PixelHit 1297, 968, 3.35242, 0
PixelHit 1297, 969, 21.7211, 0
PixelHit 1297, 970, 32.9997, 0
PixelHit 1297, 971, 25.0024, 0
PixelHit 1297, 972, 14.1035, 0
PixelHit 1298, 951, 1.45213, 0
PixelHit 1298, 952, 27.0625, 0
PixelHit 1298, 953, 49.2304, 0
PixelHit 1298, 954, 42.6022, 0
PixelHit 1298, 955, 9.77771, 0
PixelHit 1298, 967, 2.88249, 0
PixelHit 1298, 968, 5.89037, 0
PixelHit 1298, 969, 35.2457, 0
PixelHit 1298, 970, 49.8372, 0
PixelHit 1298, 971, 34.4634, 0
PixelHit 1298, 972, 18.1547, 0
PixelHit 1298, 973, 1.00362, 0
PixelHit 1299, 950, 3.31823, 0
PixelHit 1299, 951, 2.32535, 0
PixelHit 1299, 952, 27.9103, 0
PixelHit 1299, 953, 59.8676, 0
PixelHit 1299, 954, 41.773, 0
PixelHit 1299, 955, 14.5278, 0
PixelHit 1299, 956, 3.46045, 0
PixelHit 1299, 967, 0.63573, 0
PixelHit 1299, 968, 9.05027, 0
PixelHit 1299, 969, 30.6219, 0
PixelHit 1299, 970, 55.1447, 0
PixelHit 1299, 971, 42.7175, 0
PixelHit 1299, 972, 10.2728, 0
PixelHit 1299, 974, 1.28849, 0
PixelHit 1300, 951, 4.87301, 0
PixelHit 1300, 952, 29.2577, 0
PixelHit 1300, 953, 43.6689, 0
PixelHit 1300, 954, 34.5437, 0
PixelHit 1300, 955, 6.43437, 0
PixelHit 1300, 968, 8.76217, 0
PixelHit 1300, 969, 16.6088, 0
PixelHit 1300, 970, 30.2395, 0
PixelHit 1300, 971, 25.0849, 0
PixelHit 1300, 972, 4.55743, 0
PixelHit 1300, 973, 0.594921, 0
PixelHit 1301, 951, 9.64681, 0
PixelHit 1301, 952, 32.7143, 0
PixelHit 1301, 953, 40.4447, 0
PixelHit 1301, 954, 27.4926, 0
PixelHit 1301, 955, 5.26215, 0
PixelHit 1301, 968, 6.62865, 0
PixelHit 1301, 969, 13.5771, 0
PixelHit 1301, 970, 22.3188, 0
PixelHit 1301, 971, 14.3532, 0
PixelHit 1301, 972, 5.02361, 0
PixelHit 1301, 973, 2.03367, 0
PixelHit 1302, 950, 1.91685, 0
PixelHit 1302, 951, 17.3181, 0
PixelHit 1302, 952, 28.949, 0
PixelHit 1302, 953, 28.8084, 0
PixelHit 1302, 954, 10.3122, 0
PixelHit 1302, 955, 3.01519, 0
PixelHit 1302, 967, 1.38128, 0
PixelHit 1302, 968, 8.00352, 0
PixelHit 1302, 969, 24.4885, 0
PixelHit 1302, 970, 25.725, 0
PixelHit 1302, 971, 9.32365, 0
PixelHit 1302, 972, 3.76874, 0
PixelHit 1303, 950, 4.32953, 0
PixelHit 1303, 951, 10.7937, 0
PixelHit 1303, 952, 25.6917, 0
PixelHit 1303, 953, 28.3553, 0
PixelHit 1303, 954, 12.8138, 0
PixelHit 1303, 955, 5.18361, 0
PixelHit 1303, 967, 10.6101, 0
PixelHit 1303, 968, 13.325, 0
PixelHit 1303, 969, 14.8903, 0
PixelHit 1303, 970, 15.5039, 0
PixelHit 1303, 971, 11.4122, 0
PixelHit 1303, 972, 2.8513, 0
PixelHit 1304, 950, 1.24585, 0
PixelHit 1304, 951, 11.0853, 0
PixelHit 1304, 952, 30.2964, 0
PixelHit 1304, 953, 19.3746, 0
PixelHit 1304, 954, 6.80671, 0
PixelHit 1304, 955, 2.94671, 0
PixelHit 1304, 968, 13.1261, 0
PixelHit 1304, 969, 10.6366, 0
PixelHit 1304, 970, 11.6192, 0
PixelHit 1304, 971, 10.5672, 0
PixelHit 1304, 972, 1.38564, 0
PixelHit 1305, 949, 2.25441, 0
PixelHit 1305, 950, 5.81261, 0
PixelHit 1305, 951, 18.4186, 0
PixelHit 1305, 952, 32.3255, 0
PixelHit 1305, 953, 23.4592, 0
PixelHit 1305, 954, 3.89646, 0
PixelHit 1305, 955, 3.84807, 0
PixelHit 1305, 968, 9.02102, 0
PixelHit 1305, 969, 10.2034, 0
PixelHit 1305, 970, 8.48557, 0
PixelHit 1305, 971, 7.81593, 0
PixelHit 1306, 949, 3.48845, 0
PixelHit 1306, 950, 13.8807, 0
PixelHit 1306, 951, 22.8292, 0
PixelHit 1306, 952, 37.1574, 0
PixelHit 1306, 953, 17.9108, 0
PixelHit 1306, 954, 7.85373, 0
PixelHit 1306, 955, 1.72792, 0
PixelHit 1306, 967, 1.05252, 0
PixelHit 1306, 968, 2.44067, 0
PixelHit 1306, 969, 5.30645, 0
PixelHit 1306, 971, 2.47208, 0
PixelHit 1307, 949, 4.35995, 0
PixelHit 1307, 950, 13.8761, 0
PixelHit 1307, 951, 32.0357, 0
PixelHit 1307, 952, 45.1691, 0
PixelHit 1307, 953, 24.9786, 0
PixelHit 1307, 954, 8.23801, 0
PixelHit 1308, 950, 20.5004, 0
PixelHit 1308, 951, 27.6734, 0
PixelHit 1308, 952, 38.6785, 0
PixelHit 1308, 953, 26.204, 0
PixelHit 1308, 954, 5.13937, 0
PixelHit 1309, 950, 14.2461, 0
PixelHit 1309, 951, 31.6152, 0
PixelHit 1309, 952, 38.9219, 0
PixelHit 1309, 953, 15.9038, 0
PixelHit 1309, 954, 4.03482, 0
PixelHit 1309, 955, 1.21259, 0
PixelHit 1310, 952, 15.4873, 0
PixelHit 1310, 953, 5.8896, 0
PixelHit 1311, 951, 4.36595, 0
PixelHit 1311, 952, 5.32163, 0
PixelHit 1312, 954, 2.11503, 0
=== 45 ===
=== 46 ===
=== 47 ===
=== 48 ===
=== 49 ===
=== 50 ===
=== 51 ===
=== 52 ===
=== 53 ===
=== 54 ===
=== 55 ===
=== 56 ===
--- mydetector ---
PixelHit 1276, 968, 20.0475, 0
PixelHit 1276, 969, 22.6386, 0
PixelHit 1277, 968, 28.9765, 0
PixelHit 1277, 969, 8.04694, 0
PixelHit 1278, 967, 4.65356, 0
PixelHit 1278, 968, 43.0098, 0
PixelHit 1278, 969, 18.2253, 0
PixelHit 1278, 971, 7.04993, 0
PixelHit 1279, 968, 19.9898, 0
PixelHit 1279, 969, 1.59993, 0
PixelHit 1279, 970, 2.37267, 0
PixelHit 1279, 971, 80.3205, 0
PixelHit 1279, 972, 1.83743, 0
PixelHit 1280, 967, 3.05549, 0
PixelHit 1280, 968, 13.8912, 0
PixelHit 1280, 969, 3.86151, 0
PixelHit 1280, 970, 4.72327, 0
PixelHit 1280, 971, 91.084, 0
PixelHit 1281, 967, 29.2374, 0
PixelHit 1281, 968, 34.749, 0
PixelHit 1281, 969, 2.48171, 0
PixelHit 1281, 970, 23.4365, 0
PixelHit 1281, 971, 55.6337, 0
PixelHit 1281, 972, 2.35672, 0
PixelHit 1282, 966, 4.35085, 0
PixelHit 1282, 967, 73.5425, 0
PixelHit 1282, 968, 69.9801, 0
PixelHit 1282, 969, 10.3801, 0
PixelHit 1282, 970, 108.193, 0
PixelHit 1282, 971, 95.9601, 0
PixelHit 1282, 972, 2.49709, 0
PixelHit 1283, 966, 6.83523, 0
PixelHit 1283, 967, 28.4142, 0
PixelHit 1283, 968, 28.6405, 0
PixelHit 1283, 969, 10.1944, 0
PixelHit 1283, 970, 77.0141, 0
PixelHit 1283, 971, 34.5589, 0
PixelHit 1283, 972, 0.695298, 0
PixelHit 1284, 966, 3.93024, 0
PixelHit 1284, 967, 21.3511, 0
PixelHit 1284, 968, 14.3785, 0
PixelHit 1284, 969, 7.91413, 0
PixelHit 1284, 970, 47.9085, 0
PixelHit 1284, 971, 11.8304, 0
PixelHit 1285, 966, 3.97083, 0
PixelHit 1285, 967, 19.4052, 0
PixelHit 1285, 968, 11.867, 0
PixelHit 1285, 969, 26.1901, 0
PixelHit 1285, 970, 51.2642, 0
PixelHit 1285, 971, 8.20836, 0
PixelHit 1285, 972, 2.03272, 0
PixelHit 1286, 966, 3.53479, 0
PixelHit 1286, 967, 12.3859, 0
PixelHit 1286, 968, 5.52354, 0
PixelHit 1286, 969, 44.3581, 0
PixelHit 1286, 970, 62.8446, 0
PixelHit 1286, 971, 5.24446, 0
PixelHit 1287, 965, 2.28074, 0
PixelHit 1287, 966, 2.39592, 0
PixelHit 1287, 967, 0.635504, 0
PixelHit 1287, 968, 10.3789, 0
PixelHit 1287, 969, 39.5046, 0
PixelHit 1287, 970, 47.2213, 0
PixelHit 1287, 971, 4.1353, 0
PixelHit 1288, 965, 3.81947, 0
PixelHit 1288, 966, 4.12149, 0
PixelHit 1288, 967, 9.37159, 0
PixelHit 1288, 968, 11.3129, 0
PixelHit 1288, 969, 32.5368, 0
PixelHit 1288, 970, 33.4801, 0
PixelHit 1288, 971, 6.51557, 0
PixelHit 1289, 965, 4.48964, 0
PixelHit 1289, 966, 20.1026, 0
PixelHit 1289, 967, 24.7717, 0
PixelHit 1289, 968, 10.4677, 0
PixelHit 1289, 969, 16.4625, 0
PixelHit 1289, 970, 9.92422, 0
PixelHit 1289, 971, 3.93393, 0
PixelHit 1290, 964, 3.06183, 0
PixelHit 1290, 965, 42.0479, 0
PixelHit 1290, 966, 54.7952, 0
PixelHit 1290, 967, 33.4347, 0
PixelHit 1290, 968, 18.9745, 0
PixelHit 1290, 969, 29.1277, 0
PixelHit 1290, 970, 12.9142, 0
PixelHit 1290, 971, 4.17799, 0
PixelHit 1291, 964, 8.84124, 0
PixelHit 1291, 965, 48.2848, 0
PixelHit 1291, 966, 84.7552, 0
PixelHit 1291, 967, 39.3027, 0
PixelHit 1291, 968, 37.4731, 0
PixelHit 1291, 969, 45.9451, 0
PixelHit 1291, 970, 14.3203, 0
PixelHit 1292, 964, 10.5408, 0
PixelHit 1292, 965, 40.1157, 0
PixelHit 1292, 966, 76.5388, 0
PixelHit 1292, 967, 36.2121, 0
PixelHit 1292, 968, 25.7943, 0
PixelHit 1292, 969, 40.4172, 0
PixelHit 1292, 970, 13.2355, 0
PixelHit 1293, 964, 6.75033, 0
PixelHit 1293, 965, 23.1302, 0
PixelHit 1293, 966, 42.1394, 0
PixelHit 1293, 967, 24.6888, 0
PixelHit 1293, 968, 27.3011, 0
PixelHit 1293, 969, 29.9724, 0
PixelHit 1293, 970, 9.834, 0
PixelHit 1294, 963, 3.01184, 0
PixelHit 1294, 964, 6.61601, 0
PixelHit 1294, 965, 25.3936, 0
PixelHit 1294, 966, 26.0214, 0
PixelHit 1294, 967, 24.6551, 0
PixelHit 1294, 968, 35.2743, 0
PixelHit 1294, 969, 20.15, 0
PixelHit 1294, 970, 3.34095, 0
PixelHit 1294, 971, 2.67732, 0
PixelHit 1295, 963, 6.91603, 0
PixelHit 1295, 964, 23.0423, 0
PixelHit 1295, 965, 35.3991, 0
PixelHit 1295, 966, 25.4111, 0
PixelHit 1295, 967, 32.9839, 0
PixelHit 1295, 968, 52.3602, 0
PixelHit 1295, 969, 35.9142, 0
PixelHit 1295, 970, 4.19118, 0
PixelHit 1296, 963, 10.6989, 0
PixelHit 1296, 964, 26.6318, 0
PixelHit 1296, 965, 48.4934, 0
PixelHit 1296, 966, 41.7153, 0
PixelHit 1296, 967, 38.7348, 0
PixelHit 1296, 968, 75.2553, 0
PixelHit 1296, 969, 30.7769, 0
PixelHit 1296, 970, 7.2778, 0
PixelHit 1297, 962, 3.70855, 0
PixelHit 1297, 963, 13.9781, 0
PixelHit 1297, 964, 28.8885, 0
PixelHit 1297, 965, 48.6101, 0
PixelHit 1297, 966, 34.4716, 0
PixelHit 1297, 967, 39.6988, 0
PixelHit 1297, 968, 54.4359, 0
PixelHit 1297, 969, 31.3606, 0
PixelHit 1297, 970, 4.83368, 0
PixelHit 1298, 962, 1.64239, 0
PixelHit 1298, 963, 9.0724, 0
PixelHit 1298, 964, 37.0083, 0
PixelHit 1298, 965, 40.8141, 0
PixelHit 1298, 966, 33.7828, 0
PixelHit 1298, 967, 27.0713, 0
PixelHit 1298, 968, 29.747, 0
PixelHit 1298, 969, 10.0079, 0
PixelHit 1298, 970, 3.33725, 0
PixelHit 1299, 962, 4.20096, 0
PixelHit 1299, 963, 7.5729, 0
PixelHit 1299, 964, 16.6602, 0
PixelHit 1299, 965, 23.7669, 0
PixelHit 1299, 966, 25.167, 0
PixelHit 1299, 967, 23.7682, 0
PixelHit 1299, 968, 20.3039, 0
PixelHit 1299, 969, 3.24481, 0
PixelHit 1299, 970, 1.50665, 0
PixelHit 1300, 963, 6.22836, 0
PixelHit 1300, 964, 17.4747, 0
PixelHit 1300, 965, 35.5549, 0
PixelHit 1300, 966, 34.7741, 0
PixelHit 1300, 967, 43.7097, 0
PixelHit 1300, 968, 29.918, 0
PixelHit 1300, 969, 8.77129, 0
PixelHit 1300, 970, 2.08936, 0
PixelHit 1301, 962, 1.54683, 0
PixelHit 1301, 963, 6.68025, 0
PixelHit 1301, 964, 11.7791, 0
PixelHit 1301, 965, 20.6388, 0
PixelHit 1301, 966, 29.4977, 0
PixelHit 1301, 967, 40.5944, 0
PixelHit 1301, 968, 30.0799, 0
PixelHit 1301, 969, 13.3092, 0
PixelHit 1302, 962, 3.32199, 0
PixelHit 1302, 963, 14.9335, 0
PixelHit 1302, 964, 18.081, 0
PixelHit 1302, 965, 26.0301, 0
PixelHit 1302, 966, 40.7469, 0
PixelHit 1302, 967, 53.0898, 0
PixelHit 1302, 968, 29.6347, 0
PixelHit 1302, 969, 9.11677, 0
PixelHit 1303, 960, 1.54461, 0
PixelHit 1303, 962, 2.44107, 0
PixelHit 1303, 963, 12.1568, 0
PixelHit 1303, 964, 10.4712, 0
PixelHit 1303, 965, 22.197, 0
PixelHit 1303, 966, 20.7919, 0
PixelHit 1303, 967, 34.5547, 0
PixelHit 1303, 968, 25.9518, 0
PixelHit 1303, 969, 7.14304, 0
PixelHit 1303, 970, 0.447149, 0
PixelHit 1304, 962, 0.0661322, 0
PixelHit 1304, 963, 6.60626, 0
PixelHit 1304, 964, 7.142, 0
PixelHit 1304, 965, 15.058, 0
PixelHit 1304, 966, 28.1235, 0
PixelHit 1304, 967, 21.326, 0
PixelHit 1304, 968, 13.2086, 0
PixelHit 1304, 969, 4.03598, 0
PixelHit 1305, 963, 2.49051, 0
PixelHit 1305, 965, 7.12075, 0
PixelHit 1305, 966, 16.6329, 0
PixelHit 1305, 967, 13.9302, 0
PixelHit 1305, 968, 3.40425, 0
PixelHit 1305, 969, 1.59651, 0
PixelHit 1306, 962, 2.35532, 0
PixelHit 1306, 963, 2.51897, 0
PixelHit 1306, 965, 6.50124, 0
PixelHit 1306, 966, 10.6191, 0
PixelHit 1306, 967, 10.7989, 0
PixelHit 1306, 968, 8.32558, 0
PixelHit 1307, 965, 5.1264, 0
PixelHit 1307, 966, 6.80335, 0
PixelHit 1307, 967, 2.73332, 0
PixelHit 1307, 968, 2.85419, 0
PixelHit 1307, 969, 1.36935, 0
PixelHit 1308, 965, 1.1468, 0
PixelHit 1308, 967, 2.24375, 0
PixelHit 1308, 968, 1.31589, 0
PixelHit 1309, 967, -0.0715411, 0
=== 57 ===
=== 58 ===
=== 59 ===
=== 60 ===
=== 61 ===
=== 62 ===
=== 63 ===
=== 64 ===
=== 65 ===
=== 66 ===
=== 67 ===
=== 68 ===
=== 69 ===
=== 70 ===
=== 71 ===
=== 72 ===
=== 73 ===
=== 74 ===
=== 75 ===
=== 76 ===
=== 77 ===
=== 78 ===
=== 79 ===
=== 80 ===
=== 81 ===
=== 82 ===
=== 83 ===
=== 84 ===
=== 85 ===
=== 86 ===
=== 87 ===
=== 88 ===
=== 89 ===
=== 90 ===
=== 91 ===
=== 92 ===
=== 93 ===
=== 94 ===
=== 95 ===
=== 96 ===
=== 97 ===
=== 98 ===
=== 99 ===
=== 100 ===
# 493 objects from 2 messages
