# Allpix Squared ASCII data - https://cern.ch/allpix-squared

=== 1 ===
=== 2 ===
=== 3 ===
=== 4 ===
=== 5 ===
=== 6 ===
=== 7 ===
=== 8 ===
=== 9 ===
=== 10 ===
=== 11 ===
=== 12 ===
=== 13 ===
=== 14 ===
=== 15 ===
=== 16 ===
=== 17 ===
=== 18 ===
=== 19 ===
=== 20 ===
=== 21 ===
=== 22 ===
=== 23 ===
=== 24 ===
=== 25 ===
=== 26 ===
=== 27 ===
=== 28 ===
=== 29 ===
=== 30 ===
=== 31 ===
=== 32 ===
=== 33 ===
=== 34 ===
=== 35 ===
=== 36 ===
=== 37 ===
=== 38 ===
=== 39 ===
=== 40 ===
=== 41 ===
=== 42 ===
=== 43 ===
=== 44 ===
=== 45 ===
=== 46 ===
--- mydetector ---
PixelHit 962, 1151, 2.07969, 0
PixelHit 963, 1151, 1.05648, 0
PixelHit 963, 1152, 3.03568, 0
PixelHit 963, 1153, 2.56712, 0
PixelHit 963, 1154, 4.25407, 0
PixelHit 964, 1151, 16.2713, 0
PixelHit 964, 1152, 8.50317, 0
PixelHit 964, 1153, 6.25968, 0
PixelHit 964, 1154, 8.75036, 0
PixelHit 964, 1156, 0.513834, 0
PixelHit 965, 1149, 1.11632, 0
PixelHit 965, 1150, 2.29888, 0
PixelHit 965, 1151, 19.3388, 0
PixelHit 965, 1152, 29.7995, 0
PixelHit 965, 1153, 25.3913, 0
PixelHit 965, 1154, 8.07517, 0
PixelHit 965, 1155, 2.2701, 0
PixelHit 966, 1150, 7.18554, 0
PixelHit 966, 1151, 15.6771, 0
PixelHit 966, 1152, 32.0185, 0
PixelHit 966, 1153, 42.6944, 0
PixelHit 966, 1154, 20.5086, 0
PixelHit 966, 1155, 1.31661, 0
PixelHit 966, 1156, 3.03317, 0
PixelHit 967, 1150, 1.9286, 0
PixelHit 967, 1151, 18.2015, 0
PixelHit 967, 1152, 35.5506, 0
PixelHit 967, 1153, 34.5694, 0
PixelHit 967, 1154, 31.4099, 0
PixelHit 967, 1155, 11.7967, 0
PixelHit 967, 1156, 4.53731, 0
PixelHit 968, 1150, 1.62198, 0
PixelHit 968, 1151, 3.75868, 0
PixelHit 968, 1152, 19.4793, 0
PixelHit 968, 1153, 50.6214, 0
PixelHit 968, 1154, 53.7304, 0
PixelHit 968, 1155, 41.6968, 0
PixelHit 968, 1156, 1.88021, 0
PixelHit 968, 1157, 2.69476, 0
PixelHit 969, 1152, 28.9215, 0
PixelHit 969, 1153, 43.3661, 0
PixelHit 969, 1154, 77.0193, 0
PixelHit 969, 1155, 49.0102, 0
PixelHit 969, 1156, 18.1255, 0
PixelHit 969, 1157, 4.0514, 0
PixelHit 970, 1151, 1.72082, 0
PixelHit 970, 1152, 11.2537, 0
PixelHit 970, 1153, 40.6026, 0
PixelHit 970, 1154, 64.3935, 0
PixelHit 970, 1155, 53.4521, 0
PixelHit 970, 1156, 14.3792, 0
PixelHit 970, 1157, 3.63406, 0
PixelHit 971, 1152, 12.6781, 0
PixelHit 971, 1153, 26.4027, 0
PixelHit 971, 1154, 53.6302, 0
PixelHit 971, 1155, 27.2698, 0
PixelHit 971, 1156, 17.7297, 0
PixelHit 972, 1151, 2.4292, 0
PixelHit 972, 1152, 5.68446, 0
PixelHit 972, 1153, 31.3615, 0
PixelHit 972, 1154, 36.0606, 0
PixelHit 972, 1155, 28.2725, 0
PixelHit 972, 1156, 8.81737, 0
PixelHit 972, 1157, 1.501, 0
PixelHit 973, 1151, 3.03053, 0
PixelHit 973, 1152, 9.71159, 0
PixelHit 973, 1153, 34.729, 0
PixelHit 973, 1154, 56.375, 0
PixelHit 973, 1155, 27.1653, 0
PixelHit 973, 1156, 10.6637, 0
PixelHit 973, 1157, 1.68601, 0
PixelHit 974, 1152, 15.4352, 0
PixelHit 974, 1153, 45.9936, 0
PixelHit 974, 1154, 81.6895, 0
PixelHit 974, 1155, 37.5599, 0
PixelHit 974, 1156, 6.0952, 0
PixelHit 975, 1151, 2.97002, 0
PixelHit 975, 1152, 29.1366, 0
PixelHit 975, 1153, 52.1979, 0
PixelHit 975, 1154, 71.6051, 0
PixelHit 975, 1155, 37.1885, 0
PixelHit 975, 1156, 7.04589, 0
PixelHit 976, 1151, 6.36132, 0
PixelHit 976, 1152, 15.8861, 0
PixelHit 976, 1153, 58.3403, 0
PixelHit 976, 1154, 56.0767, 0
PixelHit 976, 1155, 30.2736, 0
PixelHit 976, 1156, 6.8625, 0
PixelHit 976, 1157, 1.82525, 0
PixelHit 977, 1151, 11.7908, 0
PixelHit 977, 1152, 15.633, 0
PixelHit 977, 1153, 52.1082, 0
PixelHit 977, 1154, 46.0554, 0
PixelHit 977, 1155, 14.8027, 0
PixelHit 977, 1156, 4.85967, 0
PixelHit 978, 1151, 3.8109, 0
PixelHit 978, 1152, 14.8588, 0
PixelHit 978, 1153, 42.2434, 0
PixelHit 978, 1154, 28.5197, 0
PixelHit 978, 1155, 11.2577, 0
PixelHit 978, 1156, 1.15611, 0
PixelHit 979, 1152, 12.4901, 0
PixelHit 979, 1153, 23.7893, 0
PixelHit 979, 1154, 26.9817, 0
PixelHit 979, 1155, 12.6308, 0
PixelHit 980, 1152, 26.4301, 0
PixelHit 980, 1153, 44.4617, 0
PixelHit 980, 1154, 34.0299, 0
PixelHit 980, 1155, 3.18502, 0
PixelHit 981, 1150, 1.63421, 0
PixelHit 981, 1151, 6.16214, 0
PixelHit 981, 1152, 17.5834, 0
PixelHit 981, 1153, 39.9392, 0
PixelHit 981, 1154, 25.2219, 0
PixelHit 981, 1155, 5.05303, 0
PixelHit 982, 1151, 4.15568, 0
PixelHit 982, 1152, 28.8186, 0
PixelHit 982, 1153, 41.5204, 0
PixelHit 982, 1154, 14.5211, 0
PixelHit 982, 1155, 3.46453, 0
PixelHit 983, 1151, 9.0208, 0
PixelHit 983, 1152, 25.6253, 0
PixelHit 983, 1153, 30.5028, 0
PixelHit 983, 1154, 16.5152, 0
PixelHit 984, 1151, 6.3112, 0
PixelHit 984, 1152, 23.3597, 0
PixelHit 984, 1153, 11.5936, 0
PixelHit 984, 1154, 7.3406, 0
PixelHit 985, 1151, 5.29759, 0
PixelHit 985, 1152, 16.1011, 0
PixelHit 985, 1153, 9.47716, 0
PixelHit 986, 1151, 19.8655, 0
PixelHit 986, 1152, 26.3319, 0
PixelHit 986, 1153, 5.68412, 0
PixelHit 986, 1154, 1.94771, 0
PixelHit 987, 1150, 8.49997, 0
PixelHit 987, 1151, 14.3142, 0
PixelHit 987, 1152, 29.2867, 0
PixelHit 987, 1153, 15.3913, 0
PixelHit 987, 1154, 1.32437, 0
PixelHit 988, 1149, 2.15431, 0
PixelHit 988, 1150, 2.4196, 0
PixelHit 988, 1151, 29.5397, 0
PixelHit 988, 1152, 31.8513, 0
PixelHit 988, 1153, 12.8937, 0
PixelHit 989, 1149, 2.00674, 0
PixelHit 989, 1150, 6.45746, 0
PixelHit 989, 1151, 23.1894, 0
PixelHit 989, 1152, 23.947, 0
PixelHit 989, 1153, 11.3858, 0
PixelHit 990, 1149, 7.63564, 0
PixelHit 990, 1150, 28.7904, 0
PixelHit 990, 1151, 45.3174, 0
PixelHit 990, 1152, 29.9001, 0
PixelHit 990, 1153, 9.11631, 0
PixelHit 990, 1154, 0.859659, 0
PixelHit 991, 1148, 7.97701, 0
PixelHit 991, 1149, 47.3874, 0
PixelHit 991, 1150, 141.181, 0
PixelHit 991, 1151, 109.943, 0
PixelHit 991, 1152, 34.3413, 0
PixelHit 991, 1153, 6.18688, 0
PixelHit 992, 1146, 31.1628, 0
PixelHit 992, 1147, 69.0953, 0
PixelHit 992, 1148, 90.5273, 0
PixelHit 992, 1149, 92.7057, 0
PixelHit 992, 1150, 161.763, 0
PixelHit 992, 1151, 108.696, 0
PixelHit 992, 1152, 25.4915, 0
PixelHit 993, 1146, 42.2079, 0
PixelHit 993, 1147, 126.088, 0
PixelHit 993, 1148, 90.4856, 0
PixelHit 993, 1149, 52.3502, 0
PixelHit 993, 1150, 52.0767, 0
PixelHit 993, 1151, 29.4599, 0
PixelHit 993, 1152, 5.31436, 0
PixelHit 994, 1147, 4.35214, 0
PixelHit 994, 1148, 2.89227, 0
PixelHit 994, 1150, 4.63026, 0
PixelHit 994, 1151, 1.70998, 0
PixelHit 1294, 978, 20.1265, 0
PixelHit 1294, 979, 16.4907, 0
PixelHit 1294, 980, 13.1328, 0
PixelHit 1295, 976, 11.69, 0
PixelHit 1295, 977, 42.7233, 0
PixelHit 1295, 978, 227.836, 0
PixelHit 1295, 979, 170.007, 0
PixelHit 1295, 980, 32.3956, 0
PixelHit 1296, 973, 1.32236, 0
PixelHit 1296, 974, 6.86664, 0
PixelHit 1296, 975, 29.5581, 0
PixelHit 1296, 976, 63.8725, 0
PixelHit 1296, 977, 105.788, 0
PixelHit 1296, 978, 224.965, 0
PixelHit 1296, 979, 55.5211, 0
PixelHit 1296, 980, 2.25992, 0
PixelHit 1297, 970, 0.774444, 0
PixelHit 1297, 971, 6.13485, 0
PixelHit 1297, 972, 22.0973, 0
PixelHit 1297, 973, 19.5908, 0
PixelHit 1297, 974, 48.6013, 0
PixelHit 1297, 975, 81.112, 0
PixelHit 1297, 976, 110.385, 0
PixelHit 1297, 977, 26.1861, 0
PixelHit 1297, 978, 11.5915, 0
PixelHit 1297, 979, 2.23562, 0
PixelHit 1298, 968, 5.67646, 0
PixelHit 1298, 969, 7.13686, 0
PixelHit 1298, 970, 14.1897, 0
PixelHit 1298, 971, 23.3874, 0
PixelHit 1298, 972, 40.9408, 0
PixelHit 1298, 973, 35.8166, 0
PixelHit 1298, 974, 55.8467, 0
PixelHit 1298, 975, 38.5357, 0
PixelHit 1298, 976, 16.9213, 0
PixelHit 1298, 977, 8.86785, 0
PixelHit 1299, 964, 0.762987, 0
PixelHit 1299, 966, 2.14341, 0
PixelHit 1299, 967, 5.40554, 0
PixelHit 1299, 968, 15.1475, 0
PixelHit 1299, 969, 23.4115, 0
PixelHit 1299, 970, 54.8136, 0
PixelHit 1299, 971, 48.0877, 0
PixelHit 1299, 972, 41.2682, 0
PixelHit 1299, 973, 32.7756, 0
PixelHit 1299, 974, 14.9236, 0
PixelHit 1299, 975, 5.60882, 0
PixelHit 1299, 976, 5.30251, 0
PixelHit 1299, 977, 0.73741, 0
PixelHit 1300, 963, 1.84448, 0
PixelHit 1300, 964, 5.82285, 0
PixelHit 1300, 965, 8.60969, 0
PixelHit 1300, 966, 13.4473, 0
PixelHit 1300, 967, 29.4323, 0
PixelHit 1300, 968, 31.2743, 0
PixelHit 1300, 969, 53.6854, 0
PixelHit 1300, 970, 68.3937, 0
PixelHit 1300, 971, 46.9183, 0
PixelHit 1300, 972, 25.3892, 0
PixelHit 1300, 973, 8.39108, 0
PixelHit 1301, 962, 4.38665, 0
PixelHit 1301, 963, 16.642, 0
PixelHit 1301, 964, 31.4881, 0
PixelHit 1301, 965, 59.2201, 0
PixelHit 1301, 966, 73.0928, 0
PixelHit 1301, 967, 79.5591, 0
PixelHit 1301, 968, 54.1499, 0
PixelHit 1301, 969, 44.4708, 0
PixelHit 1301, 970, 34.7109, 0
PixelHit 1301, 971, 21.7616, 0
PixelHit 1301, 972, 2.36678, 0
PixelHit 1301, 973, 0.885479, 0
PixelHit 1302, 960, 2.61339, 0
PixelHit 1302, 961, 7.85793, 0
PixelHit 1302, 962, 20.3509, 0
PixelHit 1302, 963, 63.7187, 0
PixelHit 1302, 964, 99.312, 0
PixelHit 1302, 965, 138.418, 0
PixelHit 1302, 966, 114.236, 0
PixelHit 1302, 967, 85.8088, 0
PixelHit 1302, 968, 45.9638, 0
PixelHit 1302, 969, 19.4911, 0
PixelHit 1302, 970, 3.01482, 0
PixelHit 1302, 971, 1.48235, 0
PixelHit 1303, 959, 1.48622, 0
PixelHit 1303, 960, 4.50984, 0
PixelHit 1303, 961, 18.4121, 0
PixelHit 1303, 962, 39.3903, 0
PixelHit 1303, 963, 107.703, 0
PixelHit 1303, 964, 225.86, 0
PixelHit 1303, 965, 238.643, 0
PixelHit 1303, 966, 142.544, 0
PixelHit 1303, 967, 66.2673, 0
PixelHit 1303, 968, 11.8163, 0
PixelHit 1303, 969, 3.4586, 0
PixelHit 1303, 970, 2.93487, 0
PixelHit 1304, 959, 3.37185, 0
PixelHit 1304, 960, 7.01735, 0
PixelHit 1304, 961, 34.9161, 0
PixelHit 1304, 962, 85.0094, 0
PixelHit 1304, 963, 108.446, 0
PixelHit 1304, 964, 193.596, 0
PixelHit 1304, 965, 178.254, 0
PixelHit 1304, 966, 113.822, 0
PixelHit 1304, 967, 30.2622, 0
PixelHit 1304, 968, 4.16642, 0
PixelHit 1305, 957, 2.09794, 0
PixelHit 1305, 958, 0.425491, 0
PixelHit 1305, 960, 10.1363, 0
PixelHit 1305, 961, 29.3722, 0
PixelHit 1305, 962, 55.7922, 0
PixelHit 1305, 963, 78.0238, 0
PixelHit 1305, 964, 106.945, 0
PixelHit 1305, 965, 95.7572, 0
PixelHit 1305, 966, 29.809, 0
PixelHit 1305, 967, 17.0136, 0
PixelHit 1305, 968, 2.27192, 0
PixelHit 1306, 959, 2.50639, 0
PixelHit 1306, 960, 5.06975, 0
PixelHit 1306, 961, 17.2022, 0
PixelHit 1306, 962, 25.6262, 0
PixelHit 1306, 963, 25.9587, 0
PixelHit 1306, 964, 24.3554, 0
PixelHit 1306, 965, 12.7796, 0
PixelHit 1306, 966, 9.51724, 0
PixelHit 1307, 962, 10.7811, 0
PixelHit 1307, 963, 6.07378, 0
PixelHit 1307, 964, 2.8596, 0
PixelHit 1308, 962, 2.78743, 0
=== 47 ===
=== 48 ===
=== 49 ===
=== 50 ===
=== 51 ===
=== 52 ===
=== 53 ===
=== 54 ===
=== 55 ===
=== 56 ===
=== 57 ===
=== 58 ===
=== 59 ===
=== 60 ===
=== 61 ===
=== 62 ===
=== 63 ===
=== 64 ===
=== 65 ===
=== 66 ===
=== 67 ===
=== 68 ===
=== 69 ===
=== 70 ===
=== 71 ===
=== 72 ===
=== 73 ===
=== 74 ===
=== 75 ===
=== 76 ===
=== 77 ===
=== 78 ===
=== 79 ===
=== 80 ===
=== 81 ===
=== 82 ===
=== 83 ===
=== 84 ===
=== 85 ===
=== 86 ===
=== 87 ===
=== 88 ===
=== 89 ===
=== 90 ===
=== 91 ===
=== 92 ===
=== 93 ===
=== 94 ===
=== 95 ===
=== 96 ===
=== 97 ===
=== 98 ===
=== 99 ===
=== 100 ===
# 309 objects from 1 messages
