# Allpix Squared ASCII data - https://cern.ch/allpix-squared

=== 1 ===
=== 2 ===
=== 3 ===
--- mydetector ---
PixelHit 1245, 980, 11.4056, 0
PixelHit 1246, 980, 29.6572, 0
PixelHit 1246, 981, 3.09442, 0
PixelHit 1247, 979, 28.1642, 0
PixelHit 1247, 980, 74.4128, 0
PixelHit 1248, 979, 8.49093, 0
PixelHit 1248, 980, 17.4013, 0
PixelHit 1249, 978, 3.12072, 0
PixelHit 1249, 979, 22.2682, 0
PixelHit 1249, 980, 0.512422, 0
PixelHit 1250, 978, 11.1519, 0
PixelHit 1250, 979, 10.1037, 0
PixelHit 1251, 977, 6.74781, 0
PixelHit 1251, 978, 90.9144, 0
PixelHit 1251, 979, 15.084, 0
PixelHit 1252, 977, 26.581, 0
PixelHit 1252, 978, 95.7645, 0
PixelHit 1252, 979, 11.2413, 0
PixelHit 1253, 977, 67.0367, 0
PixelHit 1253, 978, 63.0656, 0
PixelHit 1253, 984, 29.3743, 0
PixelHit 1254, 976, 4.89676, 0
PixelHit 1254, 977, 31.7649, 0
PixelHit 1254, 978, 20.3938, 0
PixelHit 1254, 979, 1.43183, 0
PixelHit 1254, 983, 24.6677, 0
PixelHit 1254, 984, 38.1529, 0
PixelHit 1255, 976, 10.4913, 0
PixelHit 1255, 977, 23.9918, 0
PixelHit 1255, 978, 1.74991, 0
PixelHit 1255, 983, 39.1108, 0
PixelHit 1255, 984, 8.61016, 0
PixelHit 1256, 976, 50.7029, 0
PixelHit 1256, 977, 41.6855, 0
PixelHit 1256, 982, 11.4045, 0
PixelHit 1256, 983, 55.266, 0
PixelHit 1257, 975, 4.45727, 0
PixelHit 1257, 976, 26.5211, 0
PixelHit 1257, 977, 19.4108, 0
PixelHit 1257, 982, 192.662, 0
PixelHit 1257, 983, 138.817, 0
PixelHit 1258, 974, 2.28684, 0
PixelHit 1258, 975, 33.0476, 0
PixelHit 1258, 976, 31.3425, 0
PixelHit 1258, 977, 1.64986, 0
PixelHit 1258, 981, 3.3702, 0
PixelHit 1258, 982, 125.751, 0
PixelHit 1258, 983, 35.5977, 0
PixelHit 1259, 974, 2.20833, 0
PixelHit 1259, 975, 18.8832, 0
PixelHit 1259, 976, 24.8562, 0
PixelHit 1259, 977, 4.19311, 0
PixelHit 1259, 981, 2.97841, 0
PixelHit 1259, 982, 24.6576, 0
PixelHit 1260, 974, 9.14402, 0
PixelHit 1260, 975, 43.0736, 0
PixelHit 1260, 976, 7.11586, 0
PixelHit 1260, 977, 0.964259, 0
PixelHit 1260, 980, 2.68997, 0
PixelHit 1260, 981, 36.2133, 0
PixelHit 1260, 982, 11.2028, 0
PixelHit 1260, 983, 5.40858, 0
PixelHit 1261, 974, 6.68153, 0
PixelHit 1261, 975, 15.9842, 0
PixelHit 1261, 976, 3.5379, 0
PixelHit 1261, 980, 0.0683701, 0
PixelHit 1261, 981, 38.2036, 0
PixelHit 1261, 982, 7.47618, 0
PixelHit 1262, 974, 4.94033, 0
PixelHit 1262, 975, 4.3238, 0
PixelHit 1262, 980, 31.6702, 0
PixelHit 1262, 981, 26.9169, 0
PixelHit 1263, 973, 3.53564, 0
PixelHit 1263, 974, 6.79803, 0
PixelHit 1263, 975, 2.53428, 0
PixelHit 1263, 979, 1.77787, 0
PixelHit 1263, 980, 23.3825, 0
PixelHit 1263, 981, 17.4964, 0
PixelHit 1263, 982, 0.843221, 0
PixelHit 1264, 972, 3.31635, 0
PixelHit 1264, 973, 7.71537, 0
PixelHit 1264, 974, 8.5075, 0
PixelHit 1264, 975, 1.20714, 0
PixelHit 1264, 979, 3.50684, 0
PixelHit 1264, 980, 3.09422, 0
PixelHit 1265, 972, 4.88695, 0
PixelHit 1265, 973, 7.9688, 0
PixelHit 1265, 974, 5.33449, 0
PixelHit 1265, 979, 9.05005, 0
PixelHit 1265, 980, 3.9171, 0
PixelHit 1266, 971, 4.45771, 0
PixelHit 1266, 972, 29.7935, 0
PixelHit 1266, 973, 19.0565, 0
PixelHit 1266, 974, 5.66734, 0
PixelHit 1266, 978, 7.36418, 0
PixelHit 1266, 979, 43.6236, 0
PixelHit 1266, 980, 7.08211, 0
PixelHit 1267, 970, 1.6013, 0
PixelHit 1267, 971, 13.8213, 0
PixelHit 1267, 972, 73.4783, 0
PixelHit 1267, 973, 35.882, 0
PixelHit 1267, 974, 7.62554, 0
PixelHit 1267, 978, 23.5726, 0
PixelHit 1267, 979, 57.274, 0
PixelHit 1267, 980, 11.8336, 0
PixelHit 1268, 971, 15.0571, 0
PixelHit 1268, 972, 50.3361, 0
PixelHit 1268, 973, 25.9461, 0
PixelHit 1268, 974, 1.42533, 0
PixelHit 1268, 977, 1.89553, 0
PixelHit 1268, 978, 25.543, 0
PixelHit 1268, 979, 28.7525, 0
PixelHit 1268, 980, 3.5512, 0
PixelHit 1269, 970, 3.2471, 0
PixelHit 1269, 971, 32.1894, 0
PixelHit 1269, 972, 46.4215, 0
PixelHit 1269, 973, 13.8818, 0
PixelHit 1269, 977, 6.51838, 0
PixelHit 1269, 978, 41.1449, 0
PixelHit 1269, 979, 8.92312, 0
PixelHit 1270, 969, 2.04495, 0
PixelHit 1270, 970, 22.3327, 0
PixelHit 1270, 971, 66.8815, 0
PixelHit 1270, 972, 60.5352, 0
PixelHit 1270, 973, 10.5347, 0
PixelHit 1270, 976, 3.29588, 0
PixelHit 1270, 977, 34.6001, 0
PixelHit 1270, 978, 41.3583, 0
PixelHit 1270, 979, 8.89255, 0
PixelHit 1271, 969, 1.20011, 0
PixelHit 1271, 970, 38.7102, 0
PixelHit 1271, 971, 82.0822, 0
PixelHit 1271, 972, 39.2517, 0
PixelHit 1271, 973, 8.69664, 0
PixelHit 1271, 976, 45.5903, 0
PixelHit 1271, 977, 279.627, 0
PixelHit 1271, 978, 155.627, 0
PixelHit 1271, 979, 10.5285, 0
PixelHit 1272, 969, 5.22571, 0
PixelHit 1272, 970, 32.378, 0
PixelHit 1272, 971, 57.7108, 0
PixelHit 1272, 972, 15.5618, 0
PixelHit 1272, 975, 1.04742, 0
PixelHit 1272, 976, 63.4454, 0
PixelHit 1272, 977, 247.947, 0
PixelHit 1272, 978, 122.018, 0
PixelHit 1272, 979, 11.4175, 0
PixelHit 1273, 968, 1.36362, 0
PixelHit 1273, 969, 12.0243, 0
PixelHit 1273, 970, 21.1068, 0
PixelHit 1273, 971, 20.4154, 0
PixelHit 1273, 972, 4.19152, 0
PixelHit 1273, 975, 6.00334, 0
PixelHit 1273, 976, 34.984, 0
PixelHit 1273, 977, 68.7476, 0
PixelHit 1273, 978, 20.5635, 0
PixelHit 1274, 968, 1.3641, 0
PixelHit 1274, 969, 14.0573, 0
PixelHit 1274, 970, 20.477, 0
PixelHit 1274, 971, 7.10545, 0
PixelHit 1274, 972, 1.78316, 0
PixelHit 1274, 975, 14.5224, 0
PixelHit 1274, 976, 27.5361, 0
PixelHit 1274, 977, 30.3109, 0
PixelHit 1275, 967, 1.64588, 0
PixelHit 1275, 968, 5.02427, 0
PixelHit 1275, 969, 19.0181, 0
PixelHit 1275, 970, 18.3157, 0
PixelHit 1275, 971, 4.13656, 0
PixelHit 1275, 974, 4.23168, 0
PixelHit 1275, 975, 12.8739, 0
PixelHit 1275, 976, 35.8598, 0
PixelHit 1275, 977, 15.0041, 0
PixelHit 1276, 967, 1.95428, 0
PixelHit 1276, 968, 17.879, 0
PixelHit 1276, 969, 31.2238, 0
PixelHit 1276, 970, 22.6663, 0
PixelHit 1276, 971, 5.45373, 0
PixelHit 1276, 974, 4.34405, 0
PixelHit 1276, 975, 15.9535, 0
PixelHit 1276, 976, 14.5589, 0
PixelHit 1276, 977, 2.163, 0
PixelHit 1277, 967, 3.17823, 0
PixelHit 1277, 968, 19.5367, 0
PixelHit 1277, 969, 36.4346, 0
PixelHit 1277, 970, 8.07842, 0
PixelHit 1277, 971, 4.18005, 0
PixelHit 1277, 974, 1.55134, 0
PixelHit 1277, 975, 10.4405, 0
PixelHit 1277, 976, 7.29455, 0
PixelHit 1277, 977, 1.0285, 0
PixelHit 1278, 968, 22.1383, 0
PixelHit 1278, 969, 26.3987, 0
PixelHit 1278, 970, 6.51605, 0
PixelHit 1278, 974, 2.34949, 0
PixelHit 1278, 975, 5.40335, 0
PixelHit 1278, 976, 2.16335, 0
PixelHit 1279, 967, 8.30536, 0
PixelHit 1279, 968, 7.47067, 0
PixelHit 1279, 969, 15.8952, 0
PixelHit 1279, 970, 1.53066, 0
PixelHit 1279, 972, 2.16723, 0
PixelHit 1279, 973, 3.2154, 0
PixelHit 1279, 974, 13.4461, 0
PixelHit 1279, 975, 1.35654, 0
PixelHit 1280, 966, 2.46822, 0
PixelHit 1280, 967, 23.9783, 0
PixelHit 1280, 968, 28.4569, 0
PixelHit 1280, 969, 13.7641, 0
PixelHit 1280, 972, 3.1847, 0
PixelHit 1280, 973, 29.1941, 0
PixelHit 1280, 974, 52.9284, 0
PixelHit 1280, 975, 22.4004, 0
PixelHit 1281, 965, 1.46574, 0
PixelHit 1281, 966, 11.5694, 0
PixelHit 1281, 967, 29.9437, 0
PixelHit 1281, 968, 22.3189, 0
PixelHit 1281, 972, 8.30776, 0
PixelHit 1281, 973, 60.4977, 0
PixelHit 1281, 974, 119.754, 0
PixelHit 1281, 975, 33.5359, 0
PixelHit 1281, 976, 3.0205, 0
PixelHit 1282, 965, 8.16608, 0
PixelHit 1282, 966, 26.6432, 0
PixelHit 1282, 967, 26.3451, 0
PixelHit 1282, 968, 15.5034, 0
PixelHit 1282, 969, 3.66131, 0
PixelHit 1282, 972, 11.455, 0
PixelHit 1282, 973, 41.5402, 0
PixelHit 1282, 974, 56.9947, 0
PixelHit 1282, 975, 15.4055, 0
PixelHit 1282, 976, 3.51228, 0
PixelHit 1283, 965, 33.3758, 0
PixelHit 1283, 966, 78.8543, 0
PixelHit 1283, 967, 59.1078, 0
PixelHit 1283, 968, 19.5708, 0
PixelHit 1283, 969, 3.12621, 0
PixelHit 1283, 971, 4.49254, 0
PixelHit 1283, 972, 11.0484, 0
PixelHit 1283, 973, 30.3804, 0
PixelHit 1283, 974, 13.9835, 0
PixelHit 1283, 975, 2.15054, 0
PixelHit 1284, 963, 2.73622, 0
PixelHit 1284, 964, 6.5355, 0
PixelHit 1284, 965, 44.9764, 0
PixelHit 1284, 966, 145.034, 0
PixelHit 1284, 967, 105.081, 0
PixelHit 1284, 968, 27.5457, 0
PixelHit 1284, 969, 3.04058, 0
PixelHit 1284, 971, 5.48315, 0
PixelHit 1284, 972, 29.2829, 0
PixelHit 1284, 973, 28.6862, 0
PixelHit 1284, 974, 10.3211, 0
PixelHit 1285, 964, 4.16694, 0
PixelHit 1285, 965, 41.6256, 0
PixelHit 1285, 966, 85.7228, 0
PixelHit 1285, 967, 59.9176, 0
PixelHit 1285, 968, 12.7628, 0
PixelHit 1285, 971, 14.3746, 0
PixelHit 1285, 972, 43.3405, 0
PixelHit 1285, 973, 26.759, 0
PixelHit 1285, 974, 5.10788, 0
PixelHit 1286, 964, 2.55094, 0
PixelHit 1286, 965, 16.2525, 0
PixelHit 1286, 966, 27.0137, 0
PixelHit 1286, 967, 14.7899, 0
PixelHit 1286, 968, 3.29883, 0
PixelHit 1286, 969, 2.54746, 0
PixelHit 1286, 970, 1.2439, 0
PixelHit 1286, 971, 13.6329, 0
PixelHit 1286, 972, 35.3187, 0
PixelHit 1286, 973, 11.2643, 0
PixelHit 1287, 964, 10.1954, 0
PixelHit 1287, 965, 12.9235, 0
PixelHit 1287, 966, 7.49992, 0
PixelHit 1287, 971, 5.42989, 0
PixelHit 1287, 972, 19.9236, 0
PixelHit 1287, 973, 4.23375, 0
PixelHit 1287, 974, 2.57336, 0
PixelHit 1288, 962, 0.448361, 0
PixelHit 1288, 963, 4.15601, 0
PixelHit 1288, 964, 13.0721, 0
PixelHit 1288, 965, 14.4384, 0
PixelHit 1288, 966, 4.88117, 0
PixelHit 1288, 970, 4.21949, 0
PixelHit 1288, 971, 10.933, 0
PixelHit 1288, 972, 10.6946, 0
PixelHit 1289, 962, 2.63805, 0
PixelHit 1289, 963, 14.3878, 0
PixelHit 1289, 964, 18.0941, 0
PixelHit 1289, 965, 21.5494, 0
PixelHit 1289, 966, 3.63712, 0
PixelHit 1289, 970, 6.26324, 0
PixelHit 1289, 971, 14.5528, 0
PixelHit 1289, 972, 5.86346, 0
PixelHit 1290, 961, 1.97426, 0
PixelHit 1290, 962, 7.35013, 0
PixelHit 1290, 963, 27.8524, 0
PixelHit 1290, 964, 28.8494, 0
PixelHit 1290, 965, 14.4643, 0
PixelHit 1290, 966, 2.81885, 0
PixelHit 1290, 969, 6.23992, 0
PixelHit 1290, 970, 14.1552, 0
PixelHit 1290, 971, 5.95192, 0
PixelHit 1290, 972, 3.20746, 0
PixelHit 1291, 962, 10.1292, 0
PixelHit 1291, 963, 24.5199, 0
PixelHit 1291, 964, 37.1707, 0
PixelHit 1291, 965, 18.6566, 0
PixelHit 1291, 966, 3.15846, 0
PixelHit 1291, 969, 10.8481, 0
PixelHit 1291, 970, 17.8474, 0
PixelHit 1291, 971, 10.8539, 0
PixelHit 1292, 962, 9.07288, 0
PixelHit 1292, 963, 25.6372, 0
PixelHit 1292, 964, 26.7131, 0
PixelHit 1292, 965, 14.6689, 0
PixelHit 1292, 966, 2.74795, 0
PixelHit 1292, 968, 6.31747, 0
PixelHit 1292, 969, 14.621, 0
PixelHit 1292, 970, 22.9934, 0
PixelHit 1292, 971, 7.88442, 0
PixelHit 1292, 972, 3.62669, 0
PixelHit 1293, 960, 1.93703, 0
PixelHit 1293, 961, 6.76529, 0
PixelHit 1293, 962, 21.6851, 0
PixelHit 1293, 963, 37.6245, 0
PixelHit 1293, 964, 33.6995, 0
PixelHit 1293, 965, 5.24255, 0
PixelHit 1293, 967, 2.85255, 0
PixelHit 1293, 968, 19.0607, 0
PixelHit 1293, 969, 27.1554, 0
PixelHit 1293, 970, 32.8493, 0
PixelHit 1293, 971, 5.54604, 0
PixelHit 1294, 961, 19.0137, 0
PixelHit 1294, 962, 33.3971, 0
PixelHit 1294, 963, 38.8487, 0
PixelHit 1294, 964, 22.8434, 0
PixelHit 1294, 965, 2.33287, 0
PixelHit 1294, 966, 1.2145, 0
PixelHit 1294, 967, 7.09215, 0
PixelHit 1294, 968, 50.7453, 0
PixelHit 1294, 969, 58.8955, 0
PixelHit 1294, 970, 32.2574, 0
PixelHit 1294, 971, 4.67605, 0
PixelHit 1294, 972, 1.00013, 0
PixelHit 1295, 960, 12.788, 0
PixelHit 1295, 961, 33.9662, 0
PixelHit 1295, 962, 74.8128, 0
PixelHit 1295, 963, 56.1474, 0
PixelHit 1295, 964, 10.7483, 0
PixelHit 1295, 966, 1.71256, 0
PixelHit 1295, 967, 15.2591, 0
PixelHit 1295, 968, 49.4717, 0
PixelHit 1295, 969, 63.4745, 0
PixelHit 1295, 970, 30.7971, 0
PixelHit 1295, 971, 5.20153, 0
PixelHit 1296, 959, 2.49173, 0
PixelHit 1296, 960, 15.0689, 0
PixelHit 1296, 961, 30.6046, 0
PixelHit 1296, 962, 59.0899, 0
PixelHit 1296, 963, 37.2843, 0
PixelHit 1296, 964, 14.2994, 0
PixelHit 1296, 967, 14.6803, 0
PixelHit 1296, 968, 44.6403, 0
PixelHit 1296, 969, 41.9549, 0
PixelHit 1296, 970, 11.8779, 0
PixelHit 1296, 971, 2.51995, 0
PixelHit 1297, 960, 16.6651, 0
PixelHit 1297, 961, 45.2725, 0
PixelHit 1297, 962, 49.1981, 0
PixelHit 1297, 963, 18.6356, 0
PixelHit 1297, 964, 3.29031, 0
PixelHit 1297, 966, 6.01953, 0
PixelHit 1297, 967, 16.8781, 0
PixelHit 1297, 968, 17.7379, 0
PixelHit 1297, 969, 8.09583, 0
PixelHit 1297, 970, 6.40769, 0
PixelHit 1298, 959, 5.53998, 0
PixelHit 1298, 960, 12.5997, 0
PixelHit 1298, 961, 41.7352, 0
PixelHit 1298, 962, 28.8263, 0
PixelHit 1298, 963, 8.25685, 0
PixelHit 1298, 964, 3.71075, 0
PixelHit 1298, 965, 3.06566, 0
PixelHit 1298, 966, 11.4797, 0
PixelHit 1298, 967, 19.484, 0
PixelHit 1298, 968, 14.2754, 0
PixelHit 1298, 969, 4.18103, 0
PixelHit 1298, 970, 3.05638, 0
PixelHit 1299, 959, 3.02532, 0
PixelHit 1299, 960, 14.0728, 0
PixelHit 1299, 961, 33.0681, 0
PixelHit 1299, 962, 19.2755, 0
PixelHit 1299, 963, 8.15204, 0
PixelHit 1299, 964, 36.3631, 0
PixelHit 1299, 965, 101.984, 0
PixelHit 1299, 966, 90.7453, 0
PixelHit 1299, 967, 49.6859, 0
PixelHit 1299, 968, 24.3411, 0
PixelHit 1299, 969, 5.53825, 0
PixelHit 1300, 959, 5.55395, 0
PixelHit 1300, 960, 31.7899, 0
PixelHit 1300, 961, 18.6072, 0
PixelHit 1300, 962, 11.1392, 0
PixelHit 1300, 963, 21.732, 0
PixelHit 1300, 964, 151.89, 0
PixelHit 1300, 965, 386.16, 0
PixelHit 1300, 966, 400.558, 0
PixelHit 1300, 967, 183.516, 0
PixelHit 1300, 968, 51.9905, 0
PixelHit 1300, 969, 4.5373, 0
PixelHit 1301, 958, 6.93985, 0
PixelHit 1301, 959, 8.76096, 0
PixelHit 1301, 960, 16.3916, 0
PixelHit 1301, 961, 12.3953, 0
PixelHit 1301, 962, 1.71859, 0
PixelHit 1301, 963, 36.3236, 0
PixelHit 1301, 964, 253.378, 0
PixelHit 1301, 965, 658.822, 0
PixelHit 1301, 966, 744.07, 0
PixelHit 1301, 967, 295.796, 0
PixelHit 1301, 968, 56.0932, 0
PixelHit 1301, 969, 4.97207, 0
PixelHit 1302, 957, 3.1757, 0
PixelHit 1302, 959, 16.6766, 0
PixelHit 1302, 960, 20.9896, 0
PixelHit 1302, 961, 10.1548, 0
PixelHit 1302, 962, 4.30571, 0
PixelHit 1302, 963, 17.894, 0
PixelHit 1302, 964, 155.96, 0
PixelHit 1302, 965, 442.283, 0
PixelHit 1302, 966, 499.028, 0
PixelHit 1302, 967, 189.019, 0
PixelHit 1302, 968, 27.7176, 0
PixelHit 1302, 969, 1.7262, 0
PixelHit 1303, 956, 2.28265, 0
PixelHit 1303, 957, 6.48162, 0
PixelHit 1303, 958, 16.9286, 0
PixelHit 1303, 959, 36.0639, 0
PixelHit 1303, 960, 20.8523, 0
PixelHit 1303, 961, 8.91083, 0
PixelHit 1303, 962, 2.96314, 0
PixelHit 1303, 963, 6.88039, 0
PixelHit 1303, 964, 48.5096, 0
PixelHit 1303, 965, 127.809, 0
PixelHit 1303, 966, 161.126, 0
PixelHit 1303, 967, 54.4055, 0
PixelHit 1303, 968, 8.43422, 0
PixelHit 1304, 956, 1.70077, 0
PixelHit 1304, 957, 4.4355, 0
PixelHit 1304, 958, 16.7827, 0
PixelHit 1304, 959, 37.1756, 0
PixelHit 1304, 960, 23.7768, 0
PixelHit 1304, 961, 9.18315, 0
PixelHit 1304, 963, 2.89592, 0
PixelHit 1304, 964, 11.8849, 0
PixelHit 1304, 965, 37.7282, 0
PixelHit 1304, 966, 30.0805, 0
PixelHit 1304, 967, 9.78367, 0
PixelHit 1304, 968, 4.43003, 0
PixelHit 1305, 956, 1.30041, 0
PixelHit 1305, 957, 4.84784, 0
PixelHit 1305, 958, 17.6867, 0
PixelHit 1305, 959, 24.3935, 0
PixelHit 1305, 960, 17.0372, 0
PixelHit 1305, 961, 6.26145, 0
PixelHit 1305, 964, 17.1491, 0
PixelHit 1305, 965, 27.3295, 0
PixelHit 1305, 966, 19.374, 0
PixelHit 1305, 967, 4.4461, 0
PixelHit 1306, 956, 2.27049, 0
PixelHit 1306, 957, 7.32242, 0
PixelHit 1306, 958, 15.5315, 0
PixelHit 1306, 959, 13.6846, 0
PixelHit 1306, 960, 6.00896, 0
PixelHit 1306, 962, 1.77168, 0
PixelHit 1306, 963, 5.41295, 0
PixelHit 1306, 964, 17.6145, 0
PixelHit 1306, 965, 23.6559, 0
PixelHit 1306, 966, 9.15137, 0
PixelHit 1306, 967, 2.4272, 0
PixelHit 1307, 955, 3.20716, 0
PixelHit 1307, 956, 3.05263, 0
PixelHit 1307, 957, 11.6161, 0
PixelHit 1307, 958, 16.1321, 0
PixelHit 1307, 959, 4.62284, 0
PixelHit 1307, 960, 5.0434, 0
PixelHit 1307, 962, 1.62081, 0
PixelHit 1307, 963, 4.1306, 0
PixelHit 1307, 964, 16.2748, 0
PixelHit 1307, 965, 13.7318, 0
PixelHit 1307, 966, 5.12629, 0
PixelHit 1307, 967, 0.72161, 0
PixelHit 1308, 955, 0.497354, 0
PixelHit 1308, 956, 6.74035, 0
PixelHit 1308, 957, 14.5255, 0
PixelHit 1308, 958, 9.61361, 0
PixelHit 1308, 959, 6.7222, 0
PixelHit 1308, 960, 0.8558, 0
PixelHit 1308, 962, 9.06197, 0
PixelHit 1308, 963, 8.96321, 0
PixelHit 1308, 964, 14.0659, 0
PixelHit 1308, 965, 7.87656, 0
PixelHit 1308, 966, 3.90069, 0
PixelHit 1309, 956, 10.4425, 0
PixelHit 1309, 957, 15.4733, 0
PixelHit 1309, 958, 6.35719, 0
PixelHit 1309, 959, 3.27493, 0
PixelHit 1309, 960, 2.1015, 0
PixelHit 1309, 961, 5.7873, 0
PixelHit 1309, 962, 17.2252, 0
PixelHit 1309, 963, 19.1144, 0
PixelHit 1309, 964, 18.0923, 0
PixelHit 1309, 965, 4.91294, 0
PixelHit 1310, 953, 3.12667, 0
PixelHit 1310, 955, 7.66752, 0
PixelHit 1310, 956, 17.0447, 0
PixelHit 1310, 957, 20.0469, 0
PixelHit 1310, 958, 8.341, 0
PixelHit 1310, 961, 8.44821, 0
PixelHit 1310, 962, 25.3042, 0
PixelHit 1310, 963, 42.8939, 0
PixelHit 1310, 964, 39.6763, 0
PixelHit 1310, 965, 13.1874, 0
PixelHit 1311, 954, 2.59068, 0
PixelHit 1311, 955, 17.4072, 0
PixelHit 1311, 956, 31.4182, 0
PixelHit 1311, 957, 19.562, 0
PixelHit 1311, 958, 4.8692, 0
PixelHit 1311, 961, 8.51048, 0
PixelHit 1311, 962, 29.8561, 0
PixelHit 1311, 963, 44.6832, 0
PixelHit 1311, 964, 24.3782, 0
PixelHit 1311, 965, 12.1011, 0
PixelHit 1311, 966, 1.39287, 0
PixelHit 1312, 952, 1.50218, 0
PixelHit 1312, 953, 2.2474, 0
PixelHit 1312, 954, 9.81385, 0
PixelHit 1312, 955, 13.9302, 0
PixelHit 1312, 956, 38.845, 0
PixelHit 1312, 957, 21.2432, 0
PixelHit 1312, 958, 2.40429, 0
PixelHit 1312, 959, 2.18989, 0
PixelHit 1312, 961, 6.39471, 0
PixelHit 1312, 962, 13.7977, 0
PixelHit 1312, 963, 32.9446, 0
PixelHit 1312, 964, 8.78503, 0
PixelHit 1312, 965, 4.0741, 0
PixelHit 1313, 953, 3.07623, 0
PixelHit 1313, 954, 11.7484, 0
PixelHit 1313, 955, 36.0216, 0
PixelHit 1313, 956, 34.4012, 0
PixelHit 1313, 957, 24.6064, 0
PixelHit 1313, 958, 5.41011, 0
PixelHit 1313, 959, 1.39579, 0
PixelHit 1313, 960, 1.77886, 0
PixelHit 1313, 961, 5.70425, 0
PixelHit 1313, 962, 7.28436, 0
PixelHit 1313, 963, 5.59456, 0
PixelHit 1313, 964, 1.08623, 0
PixelHit 1314, 953, 9.82385, 0
PixelHit 1314, 954, 21.1781, 0
PixelHit 1314, 955, 39.6459, 0
PixelHit 1314, 956, 37.2613, 0
PixelHit 1314, 957, 20.691, 0
PixelHit 1314, 958, 5.87535, 0
PixelHit 1314, 959, 1.77418, 0
PixelHit 1314, 961, 7.66651, 0
PixelHit 1314, 962, 9.91878, 0
PixelHit 1314, 963, 2.69915, 0
PixelHit 1315, 953, 9.8761, 0
PixelHit 1315, 954, 25.5945, 0
PixelHit 1315, 955, 44.1752, 0
PixelHit 1315, 956, 27.8843, 0
PixelHit 1315, 957, 20.3104, 0
PixelHit 1315, 958, 2.74802, 0
PixelHit 1315, 959, 14.6622, 0
PixelHit 1315, 960, 12.7567, 0
PixelHit 1315, 961, 26.1902, 0
PixelHit 1315, 962, 20.0189, 0
PixelHit 1315, 963, 3.56022, 0
PixelHit 1316, 952, 6.14262, 0
PixelHit 1316, 953, 18.2137, 0
PixelHit 1316, 954, 39.3813, 0
PixelHit 1316, 955, 31.7451, 0
PixelHit 1316, 956, 18.655, 0
PixelHit 1316, 957, 8.3728, 0
PixelHit 1316, 958, 1.80504, 0
PixelHit 1316, 959, 13.3799, 0
PixelHit 1316, 960, 59.9715, 0
PixelHit 1316, 961, 55.4073, 0
PixelHit 1316, 962, 34.1045, 0
PixelHit 1316, 963, 9.58098, 0
PixelHit 1317, 951, 4.58141, 0
PixelHit 1317, 952, 14.53, 0
PixelHit 1317, 953, 24.3984, 0
PixelHit 1317, 954, 52.6888, 0
PixelHit 1317, 955, 45.5772, 0
PixelHit 1317, 956, 13.8783, 0
PixelHit 1317, 957, 3.61366, 0
PixelHit 1317, 958, 10.1317, 0
PixelHit 1317, 959, 31.9186, 0
PixelHit 1317, 960, 82.4692, 0
PixelHit 1317, 961, 98.2906, 0
PixelHit 1317, 962, 48.9636, 0
PixelHit 1317, 963, 17.6697, 0
PixelHit 1318, 951, 5.37287, 0
PixelHit 1318, 952, 16.8344, 0
PixelHit 1318, 953, 29.0073, 0
PixelHit 1318, 954, 37.1471, 0
PixelHit 1318, 955, 33.1999, 0
PixelHit 1318, 956, 12.4695, 0
PixelHit 1318, 957, 2.64883, 0
PixelHit 1318, 958, 7.84018, 0
PixelHit 1318, 959, 26.5515, 0
PixelHit 1318, 960, 86.0668, 0
PixelHit 1318, 961, 48.6696, 0
PixelHit 1318, 962, 36.9742, 0
PixelHit 1318, 963, 3.34452, 0
PixelHit 1318, 964, 2.19177, 0
PixelHit 1319, 950, 2.08294, 0
PixelHit 1319, 951, 5.16184, 0
PixelHit 1319, 952, 17.784, 0
PixelHit 1319, 953, 33.7775, 0
PixelHit 1319, 954, 33.6827, 0
PixelHit 1319, 955, 28.0142, 0
PixelHit 1319, 956, 9.26209, 0
PixelHit 1319, 957, 4.22108, 0
PixelHit 1319, 958, 4.4568, 0
PixelHit 1319, 959, 21.8648, 0
PixelHit 1319, 960, 39.6057, 0
PixelHit 1319, 961, 23.5508, 0
PixelHit 1319, 962, 9.80468, 0
PixelHit 1319, 963, 2.56625, 0
PixelHit 1320, 951, 2.47014, 0
PixelHit 1320, 952, 17.9459, 0
PixelHit 1320, 953, 21.0586, 0
PixelHit 1320, 954, 32.9444, 0
PixelHit 1320, 955, 20.6604, 0
PixelHit 1320, 956, 6.04551, 0
PixelHit 1320, 957, 0.784454, 0
PixelHit 1320, 958, 10.5905, 0
PixelHit 1320, 959, 12.2981, 0
PixelHit 1320, 960, 12.3464, 0
PixelHit 1320, 961, 12.6407, 0
PixelHit 1320, 964, -0.247021, 0
PixelHit 1321, 951, 3.88914, 0
PixelHit 1321, 952, 17.2884, 0
PixelHit 1321, 953, 34.6536, 0
PixelHit 1321, 954, 19.0104, 0
PixelHit 1321, 955, 5.77686, 0
PixelHit 1321, 956, 5.63946, 0
PixelHit 1321, 957, 3.6949, 0
PixelHit 1321, 958, 20.2943, 0
PixelHit 1321, 959, 18.7361, 0
PixelHit 1321, 960, 26.0805, 0
PixelHit 1321, 961, 4.4866, 0
PixelHit 1321, 962, 3.03714, 0
PixelHit 1322, 950, 3.96223, 0
PixelHit 1322, 951, 7.56949, 0
PixelHit 1322, 952, 12.0995, 0
PixelHit 1322, 953, 8.84762, 0
PixelHit 1322, 954, 11.7176, 0
PixelHit 1322, 955, 2.23037, 0
PixelHit 1322, 956, 1.01889, 0
PixelHit 1322, 957, 21.0718, 0
PixelHit 1322, 958, 31.173, 0
PixelHit 1322, 959, 35.341, 0
PixelHit 1322, 960, 17.3396, 0
PixelHit 1322, 961, 3.54252, 0
PixelHit 1323, 951, 3.37815, 0
PixelHit 1323, 952, 14.0369, 0
PixelHit 1323, 953, 9.62987, 0
PixelHit 1323, 954, 4.45466, 0
PixelHit 1323, 955, 6.25109, 0
PixelHit 1323, 956, 5.10963, 0
PixelHit 1323, 957, 39.27, 0
PixelHit 1323, 958, 55.5614, 0
PixelHit 1323, 959, 49.2914, 0
PixelHit 1323, 960, 16.4401, 0
PixelHit 1323, 961, 2.61677, 0
PixelHit 1324, 950, 5.55957, 0
PixelHit 1324, 951, 17.1833, 0
PixelHit 1324, 952, 17.8584, 0
PixelHit 1324, 953, 8.4028, 0
PixelHit 1324, 954, 5.22366, 0
PixelHit 1324, 955, 3.4438, 0
PixelHit 1324, 956, 23.778, 0
PixelHit 1324, 957, 74.839, 0
PixelHit 1324, 958, 104.001, 0
PixelHit 1324, 959, 72.4916, 0
PixelHit 1324, 960, 25.5857, 0
PixelHit 1324, 961, 0.863544, 0
PixelHit 1325, 948, 1.25619, 0
PixelHit 1325, 949, 3.76569, 0
PixelHit 1325, 950, 15.0896, 0
PixelHit 1325, 951, 16.5162, 0
PixelHit 1325, 952, 9.44585, 0
PixelHit 1325, 953, 6.65874, 0
PixelHit 1325, 954, 3.67178, 0
PixelHit 1325, 955, 10.7893, 0
PixelHit 1325, 956, 42.5214, 0
PixelHit 1325, 957, 94.7297, 0
PixelHit 1325, 958, 102.52, 0
PixelHit 1325, 959, 78.0859, 0
PixelHit 1325, 960, 20.4381, 0
PixelHit 1325, 961, 3.26548, 0
PixelHit 1326, 948, 4.75526, 0
PixelHit 1326, 949, 9.67657, 0
PixelHit 1326, 950, 10.1926, 0
PixelHit 1326, 951, 26.3104, 0
PixelHit 1326, 952, 16.5872, 0
PixelHit 1326, 953, 5.53741, 0
PixelHit 1326, 954, 3.68345, 0
PixelHit 1326, 955, 13.7351, 0
PixelHit 1326, 956, 45.2189, 0
PixelHit 1326, 957, 107.167, 0
PixelHit 1326, 958, 84.5354, 0
PixelHit 1326, 959, 50.1431, 0
PixelHit 1326, 960, 4.23469, 0
PixelHit 1326, 961, 2.54281, 0
PixelHit 1327, 949, 13.4058, 0
PixelHit 1327, 950, 22.7634, 0
PixelHit 1327, 951, 32.8146, 0
PixelHit 1327, 952, 21.7248, 0
PixelHit 1327, 953, 7.28752, 0
PixelHit 1327, 954, 1.89867, 0
PixelHit 1327, 955, 9.38303, 0
PixelHit 1327, 956, 36.4253, 0
PixelHit 1327, 957, 73.6539, 0
PixelHit 1327, 958, 69.0563, 0
PixelHit 1327, 959, 25.9913, 0
PixelHit 1327, 960, 3.83037, 0
PixelHit 1327, 961, 1.75961, 0
PixelHit 1328, 948, 2.8816, 0
PixelHit 1328, 949, 2.16878, 0
PixelHit 1328, 950, 9.38702, 0
PixelHit 1328, 951, 15.2411, 0
PixelHit 1328, 952, 7.53822, 0
PixelHit 1328, 953, 4.2466, 0
PixelHit 1328, 954, 3.40408, 0
PixelHit 1328, 955, 15.1318, 0
PixelHit 1328, 956, 17.0273, 0
PixelHit 1328, 957, 33.8636, 0
PixelHit 1328, 958, 21.1369, 0
PixelHit 1328, 959, 7.73106, 0
PixelHit 1328, 960, 3.94251, 0
PixelHit 1329, 949, 3.76277, 0
PixelHit 1329, 950, 5.69727, 0
PixelHit 1329, 951, 5.03841, 0
PixelHit 1329, 952, 3.17229, 0
PixelHit 1329, 954, 4.72072, 0
PixelHit 1329, 955, 22.5176, 0
PixelHit 1329, 956, 24.8194, 0
PixelHit 1329, 957, 23.975, 0
PixelHit 1329, 958, 11.3822, 0
PixelHit 1329, 959, 4.47074, 0
PixelHit 1330, 950, 0.424209, 0
PixelHit 1330, 953, 4.33132, 0
PixelHit 1330, 954, 11.8073, 0
PixelHit 1330, 955, 27.0087, 0
PixelHit 1330, 956, 37.505, 0
PixelHit 1330, 957, 18.5875, 0
PixelHit 1330, 958, 3.24136, 0
PixelHit 1331, 953, 11.8849, 0
PixelHit 1331, 954, 24.5602, 0
PixelHit 1331, 955, 42.1113, 0
PixelHit 1331, 956, 35.0416, 0
PixelHit 1331, 957, 19.4369, 0
PixelHit 1331, 958, 5.18086, 0
PixelHit 1331, 959, 0.936371, 0
PixelHit 1332, 952, 2.6165, 0
PixelHit 1332, 953, 16.0088, 0
PixelHit 1332, 954, 20.9316, 0
PixelHit 1332, 955, 47.9213, 0
PixelHit 1332, 956, 30.1294, 0
PixelHit 1332, 957, 8.22569, 0
PixelHit 1332, 958, 1.92185, 0
PixelHit 1333, 952, 8.63355, 0
PixelHit 1333, 953, 20.6777, 0
PixelHit 1333, 954, 52.9438, 0
PixelHit 1333, 955, 39.2355, 0
PixelHit 1333, 956, 27.7499, 0
PixelHit 1333, 957, 12.117, 0
PixelHit 1334, 952, 5.32793, 0
PixelHit 1334, 953, 35.9758, 0
PixelHit 1334, 954, 80.9614, 0
PixelHit 1334, 955, 43.2794, 0
PixelHit 1334, 956, 17.4753, 0
PixelHit 1334, 957, 4.82449, 0
PixelHit 1334, 958, 2.04732, 0
PixelHit 1335, 951, 3.13392, 0
PixelHit 1335, 952, 6.95346, 0
PixelHit 1335, 953, 37.4783, 0
PixelHit 1335, 954, 46.1305, 0
PixelHit 1335, 955, 41.6088, 0
PixelHit 1335, 956, 15.2003, 0
PixelHit 1335, 957, 9.48532, 0
PixelHit 1336, 952, 2.03804, 0
PixelHit 1336, 953, 12.5944, 0
PixelHit 1336, 954, 27.1767, 0
PixelHit 1336, 955, 23.9082, 0
PixelHit 1336, 956, 13.649, 0
PixelHit 1336, 957, 4.00789, 0
PixelHit 1337, 952, 2.38386, 0
PixelHit 1337, 953, 9.3475, 0
PixelHit 1337, 954, 12.68, 0
PixelHit 1337, 955, 9.35226, 0
PixelHit 1337, 956, 6.6609, 0
PixelHit 1338, 950, 2.24959, 0
PixelHit 1338, 953, 0.218924, 0
PixelHit 1338, 956, 1.06889, 0
=== 4 ===
=== 5 ===
=== 6 ===
=== 7 ===
=== 8 ===
=== 9 ===
=== 10 ===
=== 11 ===
=== 12 ===
=== 13 ===
=== 14 ===
=== 15 ===
=== 16 ===
=== 17 ===
=== 18 ===
=== 19 ===
=== 20 ===
=== 21 ===
=== 22 ===
=== 23 ===
=== 24 ===
=== 25 ===
=== 26 ===
=== 27 ===
=== 28 ===
=== 29 ===
=== 30 ===
=== 31 ===
=== 32 ===
=== 33 ===
=== 34 ===
=== 35 ===
=== 36 ===
=== 37 ===
=== 38 ===
=== 39 ===
=== 40 ===
=== 41 ===
=== 42 ===
=== 43 ===
=== 44 ===
=== 45 ===
=== 46 ===
=== 47 ===
=== 48 ===
=== 49 ===
=== 50 ===
=== 51 ===
=== 52 ===
=== 53 ===
=== 54 ===
=== 55 ===
=== 56 ===
=== 57 ===
=== 58 ===
=== 59 ===
=== 60 ===
=== 61 ===
=== 62 ===
=== 63 ===
=== 64 ===
=== 65 ===
=== 66 ===
=== 67 ===
=== 68 ===
=== 69 ===
=== 70 ===
=== 71 ===
=== 72 ===
=== 73 ===
=== 74 ===
=== 75 ===
=== 76 ===
=== 77 ===
=== 78 ===
=== 79 ===
=== 80 ===
=== 81 ===
=== 82 ===
=== 83 ===
=== 84 ===
=== 85 ===
=== 86 ===
=== 87 ===
=== 88 ===
=== 89 ===
=== 90 ===
=== 91 ===
=== 92 ===
=== 93 ===
=== 94 ===
=== 95 ===
=== 96 ===
=== 97 ===
=== 98 ===
=== 99 ===
=== 100 ===
# 813 objects from 1 messages
