# Allpix Squared ASCII data - https://cern.ch/allpix-squared

=== 1 ===
=== 2 ===
=== 3 ===
=== 4 ===
=== 5 ===
=== 6 ===
=== 7 ===
--- mydetector ---
PixelHit 1291, 971, 1.93686, 0
PixelHit 1292, 970, 10.1548, 0
PixelHit 1292, 971, 36.3683, 0
PixelHit 1292, 972, 35.2929, 0
PixelHit 1292, 973, 4.88011, 0
PixelHit 1293, 969, 4.46584, 0
PixelHit 1293, 970, 124.869, 0
PixelHit 1293, 971, 365.442, 0
PixelHit 1293, 972, 290.562, 0
PixelHit 1293, 973, 37.6633, 0
PixelHit 1293, 974, 0.0487252, 0
PixelHit 1294, 969, 11.5857, 0
PixelHit 1294, 970, 208.021, 0
PixelHit 1294, 971, 674.559, 0
PixelHit 1294, 972, 469.311, 0
PixelHit 1294, 973, 56.0781, 0
PixelHit 1294, 974, 1.38647, 0
PixelHit 1295, 969, 4.64135, 0
PixelHit 1295, 970, 63.563, 0
PixelHit 1295, 971, 181.946, 0
PixelHit 1295, 972, 137.636, 0
PixelHit 1295, 973, 12.6413, 0
PixelHit 1296, 971, 11.4609, 0
PixelHit 1296, 972, 7.60396, 0
PixelHit 1296, 973, 4.41449, 0
=== 8 ===
--- mydetector ---
PixelHit 1292, 970, 2.37463, 0
PixelHit 1292, 971, 2.61212, 0
PixelHit 1292, 972, 3.88315, 0
PixelHit 1293, 968, 2.21073, 0
PixelHit 1293, 969, 10.417, 0
PixelHit 1293, 970, 25.2752, 0
PixelHit 1293, 971, 27.3364, 0
PixelHit 1293, 972, 9.71274, 0
PixelHit 1293, 973, 2.72522, 0
PixelHit 1294, 969, 38.8798, 0
PixelHit 1294, 970, 158.118, 0
PixelHit 1294, 971, 176.956, 0
PixelHit 1294, 972, 77.7182, 0
PixelHit 1294, 973, 13.5693, 0
PixelHit 1295, 968, 16.7817, 0
PixelHit 1295, 969, 98.603, 0
PixelHit 1295, 970, 333.583, 0
PixelHit 1295, 971, 435.726, 0
PixelHit 1295, 972, 163.575, 0
PixelHit 1295, 973, 30.3944, 0
PixelHit 1296, 968, 4.79721, 0
PixelHit 1296, 969, 79.5553, 0
PixelHit 1296, 970, 281.724, 0
PixelHit 1296, 971, 332.522, 0
PixelHit 1296, 972, 149.625, 0
PixelHit 1296, 973, 20.7207, 0
PixelHit 1296, 974, 2.87678, 0
PixelHit 1297, 968, 0.34771, 0
PixelHit 1297, 969, 20.7141, 0
PixelHit 1297, 970, 70.4216, 0
PixelHit 1297, 971, 99.019, 0
PixelHit 1297, 972, 52.0239, 0
PixelHit 1297, 973, 5.3775, 0
PixelHit 1298, 969, 2.27409, 0
PixelHit 1298, 970, 4.90692, 0
PixelHit 1298, 971, 3.66141, 0
PixelHit 1298, 972, 3.28921, 0
=== 9 ===
=== 10 ===
=== 11 ===
=== 12 ===
=== 13 ===
=== 14 ===
=== 15 ===
=== 16 ===
--- mydetector ---
PixelHit 1291, 971, 2.72722, 0
PixelHit 1292, 969, 3.09907, 0
PixelHit 1292, 970, 7.72247, 0
PixelHit 1292, 972, 2.59928, 0
PixelHit 1293, 968, 7.59895, 0
PixelHit 1293, 969, 30.3524, 0
PixelHit 1293, 970, 69.7201, 0
PixelHit 1293, 971, 40.6205, 0
PixelHit 1293, 972, 22.5533, 0
PixelHit 1293, 973, 6.59173, 0
PixelHit 1294, 967, 3.80093, 0
PixelHit 1294, 968, 40.0584, 0
PixelHit 1294, 969, 118.156, 0
PixelHit 1294, 970, 162.923, 0
PixelHit 1294, 971, 149.801, 0
PixelHit 1294, 972, 70.1753, 0
PixelHit 1294, 973, 14.9692, 0
PixelHit 1295, 966, 0.459354, 0
PixelHit 1295, 967, 11.4758, 0
PixelHit 1295, 968, 49.1348, 0
PixelHit 1295, 969, 161.465, 0
PixelHit 1295, 970, 292.719, 0
PixelHit 1295, 971, 262.897, 0
PixelHit 1295, 972, 94.736, 0
PixelHit 1295, 973, 12.6646, 0
PixelHit 1295, 974, 4.8611, 0
PixelHit 1296, 966, 1.98947, 0
PixelHit 1296, 967, 12.1014, 0
PixelHit 1296, 968, 49.8356, 0
PixelHit 1296, 969, 143.567, 0
PixelHit 1296, 970, 232.148, 0
PixelHit 1296, 971, 199.321, 0
PixelHit 1296, 972, 93.5828, 0
PixelHit 1296, 973, 14.4546, 0
PixelHit 1296, 974, 0.882809, 0
PixelHit 1297, 968, 24.4754, 0
PixelHit 1297, 969, 53.6628, 0
PixelHit 1297, 970, 97.0259, 0
PixelHit 1297, 971, 89.0047, 0
PixelHit 1297, 972, 23.3624, 0
PixelHit 1297, 973, 6.28691, 0
PixelHit 1297, 974, 1.26272, 0
PixelHit 1298, 969, 9.26067, 0
PixelHit 1298, 970, 16.2049, 0
PixelHit 1298, 971, 12.2917, 0
PixelHit 1298, 972, 7.73433, 0
PixelHit 1298, 973, 3.35046, 0
PixelHit 1299, 970, 1.65851, 0
PixelHit 1299, 971, 4.93939, 0
=== 17 ===
=== 18 ===
=== 19 ===
=== 20 ===
=== 21 ===
=== 22 ===
=== 23 ===
=== 24 ===
=== 25 ===
=== 26 ===
=== 27 ===
=== 28 ===
=== 29 ===
=== 30 ===
=== 31 ===
=== 32 ===
=== 33 ===
=== 34 ===
=== 35 ===
=== 36 ===
=== 37 ===
=== 38 ===
=== 39 ===
=== 40 ===
=== 41 ===
=== 42 ===
=== 43 ===
=== 44 ===
=== 45 ===
=== 46 ===
=== 47 ===
=== 48 ===
=== 49 ===
--- mydetector ---
PixelHit 1295, 971, 1.87095, 0
PixelHit 1295, 972, 22.3879, 0
PixelHit 1295, 973, 4.74388, 0
PixelHit 1296, 971, 58.6572, 0
PixelHit 1296, 972, 773.667, 0
PixelHit 1296, 973, 404.955, 0
PixelHit 1296, 974, 6.30036, 0
PixelHit 1297, 970, 2.66703, 0
PixelHit 1297, 971, 98.5719, 0
PixelHit 1297, 972, 900.039, 0
PixelHit 1297, 973, 423.208, 0
PixelHit 1297, 974, 6.26689, 0
PixelHit 1298, 971, 5.18161, 0
PixelHit 1298, 972, 29.1916, 0
PixelHit 1298, 973, 19.537, 0
=== 50 ===
=== 51 ===
=== 52 ===
=== 53 ===
=== 54 ===
=== 55 ===
=== 56 ===
=== 57 ===
=== 58 ===
=== 59 ===
=== 60 ===
--- mydetector ---
PixelHit 1293, 967, 1.57544, 0
PixelHit 1293, 968, 2.2851, 0
PixelHit 1294, 967, 2.95809, 0
PixelHit 1294, 968, 7.2912, 0
PixelHit 1294, 969, 6.06306, 0
PixelHit 1294, 970, 6.4883, 0
PixelHit 1295, 965, 5.14205, 0
PixelHit 1295, 966, 8.42571, 0
PixelHit 1295, 967, 26.1369, 0
PixelHit 1295, 968, 38.7064, 0
PixelHit 1295, 969, 44.5095, 0
PixelHit 1295, 970, 12.2821, 0
PixelHit 1295, 971, 6.72024, 0
PixelHit 1296, 965, 3.06086, 0
PixelHit 1296, 966, 19.9529, 0
PixelHit 1296, 967, 79.572, 0
PixelHit 1296, 968, 131.524, 0
PixelHit 1296, 969, 119.354, 0
PixelHit 1296, 970, 62.2472, 0
PixelHit 1296, 971, 14.1119, 0
PixelHit 1297, 965, 5.71904, 0
PixelHit 1297, 966, 59.0856, 0
PixelHit 1297, 967, 143.713, 0
PixelHit 1297, 968, 243.967, 0
PixelHit 1297, 969, 227.258, 0
PixelHit 1297, 970, 127.176, 0
PixelHit 1297, 971, 23.8306, 0
PixelHit 1297, 972, 4.57338, 0
PixelHit 1298, 964, 1.08885, 0
PixelHit 1298, 965, 3.90278, 0
PixelHit 1298, 966, 43.3167, 0
PixelHit 1298, 967, 132.138, 0
PixelHit 1298, 968, 252.375, 0
PixelHit 1298, 969, 250.044, 0
PixelHit 1298, 970, 109.397, 0
PixelHit 1298, 971, 26.1775, 0
PixelHit 1298, 972, 2.91814, 0
PixelHit 1298, 973, 1.42464, 0
PixelHit 1299, 965, 7.47279, 0
PixelHit 1299, 966, 19.4689, 0
PixelHit 1299, 967, 60.913, 0
PixelHit 1299, 968, 102.939, 0
PixelHit 1299, 969, 107.753, 0
PixelHit 1299, 970, 58.5325, 0
PixelHit 1299, 971, 10.4289, 0
PixelHit 1299, 972, 3.21295, 0
PixelHit 1300, 965, 3.06284, 0
PixelHit 1300, 966, 3.88775, 0
PixelHit 1300, 967, 25.823, 0
PixelHit 1300, 968, 31.1051, 0
PixelHit 1300, 969, 37.914, 0
PixelHit 1300, 970, 14.3155, 0
PixelHit 1300, 971, 3.12198, 0
PixelHit 1301, 966, 5.53138, 0
PixelHit 1301, 968, 7.78879, 0
PixelHit 1301, 969, 3.4556, 0
PixelHit 1301, 971, 4.00749, 0
PixelHit 1302, 969, 2.05596, 0
=== 61 ===
=== 62 ===
=== 63 ===
=== 64 ===
=== 65 ===
=== 66 ===
=== 67 ===
=== 68 ===
--- mydetector ---
PixelHit 1293, 970, 9.55719, 0
PixelHit 1293, 971, 83.7887, 0
PixelHit 1293, 972, 21.5766, 0
PixelHit 1293, 973, 2.55719, 0
PixelHit 1294, 969, 2.33319, 0
PixelHit 1294, 970, 177.319, 0
PixelHit 1294, 971, 1124.72, 0
PixelHit 1294, 972, 298.241, 0
PixelHit 1294, 973, 1.56156, 0
PixelHit 1295, 970, 133.719, 0
PixelHit 1295, 971, 700.17, 0
PixelHit 1295, 972, 184.075, 0
PixelHit 1296, 971, 11.3489, 0
PixelHit 1296, 972, 3.15254, 0
=== 69 ===
=== 70 ===
=== 71 ===
=== 72 ===
=== 73 ===
=== 74 ===
=== 75 ===
=== 76 ===
=== 77 ===
=== 78 ===
=== 79 ===
=== 80 ===
=== 81 ===
--- mydetector ---
PixelHit 1294, 970, 4.08836, 0
PixelHit 1294, 971, 13.9922, 0
PixelHit 1295, 969, 9.97227, 0
PixelHit 1295, 970, 174.598, 0
PixelHit 1295, 971, 264.516, 0
PixelHit 1295, 972, 27.7513, 0
PixelHit 1296, 969, 51.2667, 0
PixelHit 1296, 970, 749.742, 0
PixelHit 1296, 971, 850.214, 0
PixelHit 1296, 972, 88.9795, 0
PixelHit 1296, 973, 2.84072, 0
PixelHit 1297, 969, 17.2135, 0
PixelHit 1297, 970, 205.367, 0
PixelHit 1297, 971, 255.965, 0
PixelHit 1297, 972, 22.3675, 0
PixelHit 1298, 970, 9.69683, 0
PixelHit 1298, 971, 9.12022, 0
=== 82 ===
=== 83 ===
=== 84 ===
=== 85 ===
=== 86 ===
=== 87 ===
=== 88 ===
=== 89 ===
=== 90 ===
=== 91 ===
=== 92 ===
=== 93 ===
=== 94 ===
=== 95 ===
=== 96 ===
=== 97 ===
=== 98 ===
=== 99 ===
--- mydetector ---
PixelHit 1293, 969, 1.53486, 0
PixelHit 1293, 970, 1.44519, 0
PixelHit 1293, 971, 4.83047, 0
PixelHit 1294, 968, 2.31304, 0
PixelHit 1294, 969, 25.9427, 0
PixelHit 1294, 970, 62.0946, 0
PixelHit 1294, 971, 51.4981, 0
PixelHit 1294, 972, 8.3774, 0
PixelHit 1295, 968, 13.2271, 0
PixelHit 1295, 969, 109.401, 0
PixelHit 1295, 970, 285.229, 0
PixelHit 1295, 971, 217.609, 0
PixelHit 1295, 972, 58.4511, 0
PixelHit 1295, 973, 9.32294, 0
PixelHit 1296, 968, 18.3478, 0
PixelHit 1296, 969, 151.222, 0
PixelHit 1296, 970, 445.607, 0
PixelHit 1296, 971, 400.156, 0
PixelHit 1296, 972, 110.015, 0
PixelHit 1296, 973, 13.4386, 0
PixelHit 1297, 967, 1.8208, 0
PixelHit 1297, 968, 17.5193, 0
PixelHit 1297, 969, 110.112, 0
PixelHit 1297, 970, 244.666, 0
PixelHit 1297, 971, 201.544, 0
PixelHit 1297, 972, 49.3438, 0
PixelHit 1297, 973, 5.74863, 0
PixelHit 1298, 968, 2.66665, 0
PixelHit 1298, 969, 10.5081, 0
PixelHit 1298, 970, 50.2345, 0
PixelHit 1298, 971, 32.9736, 0
PixelHit 1298, 972, 17.0646, 0
PixelHit 1298, 973, 3.56692, 0
PixelHit 1299, 970, 1.73625, 0
PixelHit 1300, 969, 1.25241, 0
=== 100 ===
--- mydetector ---
PixelHit 1297, 974, 2.62947, 0
PixelHit 1298, 972, 6.2226, 0
PixelHit 1298, 973, 20.5942, 0
PixelHit 1298, 974, 19.2656, 0
PixelHit 1298, 975, 14.0879, 0
PixelHit 1298, 976, 2.48311, 0
PixelHit 1298, 977, 2.72495, 0
PixelHit 1299, 972, 26.8045, 0
PixelHit 1299, 973, 157.05, 0
PixelHit 1299, 974, 187.036, 0
PixelHit 1299, 975, 78.5143, 0
PixelHit 1299, 976, 6.998, 0
PixelHit 1300, 971, 3.81864, 0
PixelHit 1300, 972, 68.5033, 0
PixelHit 1300, 973, 364.328, 0
PixelHit 1300, 974, 438.012, 0
PixelHit 1300, 975, 201.557, 0
PixelHit 1300, 976, 17.0022, 0
PixelHit 1300, 977, 1.60477, 0
PixelHit 1301, 971, 3.98824, 0
PixelHit 1301, 972, 48.2752, 0
PixelHit 1301, 973, 310.839, 0
PixelHit 1301, 974, 375.245, 0
PixelHit 1301, 975, 146.456, 0
PixelHit 1301, 976, 23.8669, 0
PixelHit 1302, 972, 14.387, 0
PixelHit 1302, 973, 65.7699, 0
PixelHit 1302, 974, 91.4778, 0
PixelHit 1302, 975, 40.6815, 0
PixelHit 1302, 976, 4.91235, 0
PixelHit 1303, 972, 3.02236, 0
PixelHit 1303, 973, 3.44682, 0
PixelHit 1303, 974, 8.1891, 0
PixelHit 1303, 975, 3.83472, 0
# 284 objects from 9 messages
