# Allpix Squared ASCII data - https://cern.ch/allpix-squared

=== 1 ===
=== 2 ===
=== 3 ===
=== 4 ===
=== 5 ===
=== 6 ===
=== 7 ===
=== 8 ===
=== 9 ===
=== 10 ===
=== 11 ===
=== 12 ===
=== 13 ===
=== 14 ===
=== 15 ===
=== 16 ===
=== 17 ===
=== 18 ===
=== 19 ===
=== 20 ===
=== 21 ===
--- mydetector ---
PixelHit 1938, 258, 1.92133, 0
PixelHit 1938, 263, 4.40637, 0
PixelHit 1938, 264, 3.54844, 0
PixelHit 1938, 266, 1.44693, 0
PixelHit 1938, 268, 3.79258, 0
PixelHit 1938, 269, 3.22232, 0
PixelHit 1938, 271, 6.84324, 0
PixelHit 1938, 272, 11.0647, 0
PixelHit 1938, 273, 4.92229, 0
PixelHit 1939, 253, 2.22113, 0
PixelHit 1939, 254, 3.35763, 0
PixelHit 1939, 255, 2.62007, 0
PixelHit 1939, 257, 0.15028, 0
PixelHit 1939, 259, 4.22919, 0
PixelHit 1939, 262, 11.1207, 0
PixelHit 1939, 263, 20.16, 0
PixelHit 1939, 264, 15.2732, 0
PixelHit 1939, 265, 15.3458, 0
PixelHit 1939, 266, 23.9608, 0
PixelHit 1939, 267, 13.1113, 0
PixelHit 1939, 268, 24.2981, 0
PixelHit 1939, 269, 38.3966, 0
PixelHit 1939, 270, 23.8319, 0
PixelHit 1939, 271, 45.9192, 0
PixelHit 1939, 272, 61.9664, 0
PixelHit 1939, 273, 27.5506, 0
PixelHit 1940, 251, 2.95854, 0
PixelHit 1940, 252, 2.77239, 0
PixelHit 1940, 253, 3.68196, 0
PixelHit 1940, 254, 4.69071, 0
PixelHit 1940, 255, 8.03861, 0
PixelHit 1940, 256, 7.68447, 0
PixelHit 1940, 257, 9.16132, 0
PixelHit 1940, 258, 10.9432, 0
PixelHit 1940, 259, 28.0885, 0
PixelHit 1940, 260, 22.4326, 0
PixelHit 1940, 261, 44.0133, 0
PixelHit 1940, 262, 78.9962, 0
PixelHit 1940, 263, 77.0883, 0
PixelHit 1940, 264, 67.6142, 0
PixelHit 1940, 265, 51.5891, 0
PixelHit 1940, 266, 28.2662, 0
PixelHit 1940, 267, 33.4099, 0
PixelHit 1940, 268, 46.6079, 0
PixelHit 1940, 269, 20.3962, 0
PixelHit 1940, 270, 7.7549, 0
PixelHit 1940, 271, 3.48546, 0
PixelHit 1940, 272, 1.42196, 0
PixelHit 1941, 249, 0.834296, 0
PixelHit 1941, 250, 3.45322, 0
PixelHit 1941, 251, 8.36465, 0
PixelHit 1941, 252, 11.6623, 0
PixelHit 1941, 253, 14.7639, 0
PixelHit 1941, 254, 19.9987, 0
PixelHit 1941, 255, 16.0503, 0
PixelHit 1941, 256, 33.9607, 0
PixelHit 1941, 257, 30.5653, 0
PixelHit 1941, 258, 54.7936, 0
PixelHit 1941, 259, 67.3488, 0
PixelHit 1941, 260, 59.471, 0
PixelHit 1941, 261, 70.4251, 0
PixelHit 1941, 262, 99.9071, 0
PixelHit 1941, 263, 77.858, 0
PixelHit 1941, 264, 65.6639, 0
PixelHit 1941, 265, 31.5894, 0
PixelHit 1941, 266, 19.006, 0
PixelHit 1941, 267, 3.79589, 0
PixelHit 1941, 268, 3.78167, 0
PixelHit 1941, 269, 2.43183, 0
PixelHit 1942, 250, 2.6882, 0
PixelHit 1942, 251, 3.68733, 0
PixelHit 1942, 252, 22.1593, 0
PixelHit 1942, 253, 23.8201, 0
PixelHit 1942, 254, 35.3096, 0
PixelHit 1942, 255, 53.977, 0
PixelHit 1942, 256, 45.7323, 0
PixelHit 1942, 257, 44.3025, 0
PixelHit 1942, 258, 64.369, 0
PixelHit 1942, 259, 68.523, 0
PixelHit 1942, 260, 69.7467, 0
PixelHit 1942, 261, 70.5899, 0
PixelHit 1942, 262, 52.3747, 0
PixelHit 1942, 263, 29.7976, 0
PixelHit 1942, 264, 13.4378, 0
PixelHit 1942, 265, 7.26112, 0
PixelHit 1942, 266, 4.63375, 0
PixelHit 1943, 248, 1.3975, 0
PixelHit 1943, 249, 1.13588, 0
PixelHit 1943, 250, 3.12291, 0
PixelHit 1943, 251, 11.277, 0
PixelHit 1943, 252, 16.6517, 0
PixelHit 1943, 253, 19.4163, 0
PixelHit 1943, 254, 38.0956, 0
PixelHit 1943, 255, 23.505, 0
PixelHit 1943, 256, 29.0069, 0
PixelHit 1943, 257, 14.0353, 0
PixelHit 1943, 258, 16.8156, 0
PixelHit 1943, 259, 37.764, 0
PixelHit 1943, 260, 53.9671, 0
PixelHit 1943, 261, 37.0239, 0
PixelHit 1943, 262, 33.1953, 0
PixelHit 1943, 263, 13.3708, 0
PixelHit 1943, 264, 5.35046, 0
PixelHit 1944, 252, 4.73587, 0
PixelHit 1944, 253, 7.30145, 0
PixelHit 1944, 254, 6.16486, 0
PixelHit 1944, 255, 10.0842, 0
PixelHit 1944, 256, 3.5488, 0
PixelHit 1944, 257, 1.94479, 0
PixelHit 1944, 258, 4.31108, 0
PixelHit 1944, 259, 11.8484, 0
PixelHit 1944, 260, 11.6256, 0
PixelHit 1944, 261, 21.9418, 0
PixelHit 1944, 262, 17.3426, 0
PixelHit 1944, 263, 10.5927, 0
PixelHit 1944, 264, 3.16372, 0
PixelHit 1945, 253, 1.9775, 0
PixelHit 1945, 259, 2.46771, 0
PixelHit 1945, 260, 4.31042, 0
PixelHit 1945, 261, 20.2604, 0
PixelHit 1945, 262, 36.1495, 0
PixelHit 1945, 263, 22.8662, 0
PixelHit 1945, 264, 2.36026, 0
PixelHit 1946, 254, 2.9359, 0
PixelHit 1946, 261, 7.42157, 0
PixelHit 1946, 262, 25.3693, 0
PixelHit 1946, 263, 27.9774, 0
PixelHit 1946, 264, 13.2897, 0
PixelHit 1946, 265, 2.1424, 0
PixelHit 1947, 260, 2.43159, 0
PixelHit 1947, 261, 2.7296, 0
PixelHit 1947, 262, 20.6264, 0
PixelHit 1947, 263, 58.1924, 0
PixelHit 1947, 264, 28.1204, 0
PixelHit 1947, 265, 10.8192, 0
PixelHit 1948, 261, 2.98887, 0
PixelHit 1948, 262, 34.5668, 0
PixelHit 1948, 263, 106.992, 0
PixelHit 1948, 264, 103.759, 0
PixelHit 1948, 265, 37.2087, 0
PixelHit 1948, 266, 2.50678, 0
PixelHit 1949, 261, 3.53006, 0
PixelHit 1949, 262, 39.7486, 0
PixelHit 1949, 263, 122.016, 0
PixelHit 1949, 264, 149.836, 0
PixelHit 1949, 265, 61.2978, 0
PixelHit 1949, 266, 5.95199, 0
PixelHit 1950, 261, 1.49437, 0
PixelHit 1950, 262, 22.1658, 0
PixelHit 1950, 263, 85.0205, 0
PixelHit 1950, 264, 112.326, 0
PixelHit 1950, 265, 48.6367, 0
PixelHit 1950, 266, 1.75006, 0
PixelHit 1951, 262, 11.9982, 0
PixelHit 1951, 263, 39.3353, 0
PixelHit 1951, 264, 54.5587, 0
PixelHit 1951, 265, 26.9511, 0
PixelHit 1951, 266, 5.37269, 0
PixelHit 1952, 262, 2.81469, 0
PixelHit 1952, 263, 17.3948, 0
PixelHit 1952, 264, 28.8277, 0
PixelHit 1952, 265, 34.8239, 0
PixelHit 1952, 266, 1.75201, 0
PixelHit 1953, 262, 1.47901, 0
PixelHit 1953, 263, 23.4605, 0
PixelHit 1953, 264, 84.4014, 0
PixelHit 1953, 265, 91.7449, 0
PixelHit 1953, 266, 28.5012, 0
PixelHit 1953, 267, 2.48408, 0
PixelHit 1954, 262, 3.60889, 0
PixelHit 1954, 263, 33.9685, 0
PixelHit 1954, 264, 152.455, 0
PixelHit 1954, 265, 159.91, 0
PixelHit 1954, 266, 50.6292, 0
PixelHit 1954, 267, 7.17679, 0
PixelHit 1955, 263, 22.8226, 0
PixelHit 1955, 264, 128.989, 0
PixelHit 1955, 265, 155.728, 0
PixelHit 1955, 266, 57.7016, 0
PixelHit 1955, 267, 9.12061, 0
PixelHit 1956, 263, 11.9619, 0
PixelHit 1956, 264, 75.9015, 0
PixelHit 1956, 265, 84.9451, 0
PixelHit 1956, 266, 55.2444, 0
PixelHit 1956, 267, 4.84585, 0
PixelHit 1957, 263, 6.42983, 0
PixelHit 1957, 264, 64.5923, 0
PixelHit 1957, 265, 97.2406, 0
PixelHit 1957, 266, 45.368, 0
PixelHit 1957, 267, 3.74594, 0
PixelHit 1958, 263, 7.47623, 0
PixelHit 1958, 264, 44.0338, 0
PixelHit 1958, 265, 90.4445, 0
PixelHit 1958, 266, 57.1969, 0
PixelHit 1958, 267, 6.23506, 0
PixelHit 1959, 263, 3.69036, 0
PixelHit 1959, 264, 48.2145, 0
PixelHit 1959, 265, 70.8906, 0
PixelHit 1959, 266, 80.9389, 0
PixelHit 1959, 267, 9.26419, 0
PixelHit 1960, 263, 5.28691, 0
PixelHit 1960, 264, 35.9224, 0
PixelHit 1960, 265, 102.293, 0
PixelHit 1960, 266, 68.2091, 0
PixelHit 1960, 267, 18.6584, 0
PixelHit 1961, 262, 1.00556, 0
PixelHit 1961, 263, 9.30011, 0
PixelHit 1961, 264, 52.5274, 0
PixelHit 1961, 265, 105.327, 0
PixelHit 1961, 266, 56.5907, 0
PixelHit 1961, 267, 8.32566, 0
PixelHit 1962, 263, 17.2859, 0
PixelHit 1962, 264, 70.2746, 0
PixelHit 1962, 265, 108.7, 0
PixelHit 1962, 266, 43.5833, 0
PixelHit 1962, 267, 5.36775, 0
PixelHit 1963, 263, 27.8091, 0
PixelHit 1963, 264, 41.5121, 0
PixelHit 1963, 265, 59.1956, 0
PixelHit 1963, 266, 24.7297, 0
PixelHit 1963, 267, 4.94255, 0
PixelHit 1964, 262, 3.06152, 0
PixelHit 1964, 263, 21.9296, 0
PixelHit 1964, 264, 24.3982, 0
PixelHit 1964, 265, 17.5715, 0
PixelHit 1964, 266, 4.7253, 0
PixelHit 1965, 261, 4.35279, 0
PixelHit 1965, 262, 23.2547, 0
PixelHit 1965, 263, 40.7636, 0
PixelHit 1965, 264, 24.3443, 0
PixelHit 1965, 265, 6.97131, 0
PixelHit 1966, 261, 4.5732, 0
PixelHit 1966, 262, 31.4556, 0
PixelHit 1966, 263, 72.8184, 0
PixelHit 1966, 264, 26.7009, 0
PixelHit 1967, 261, 10.5971, 0
PixelHit 1967, 262, 40.0666, 0
PixelHit 1967, 263, 44.013, 0
PixelHit 1967, 264, 20.0147, 0
PixelHit 1968, 261, 12.4715, 0
PixelHit 1968, 262, 30.9804, 0
PixelHit 1968, 263, 29.4455, 0
PixelHit 1968, 264, 5.76781, 0
PixelHit 1969, 261, 15.327, 0
PixelHit 1969, 262, 24.4619, 0
PixelHit 1969, 263, 24.7776, 0
PixelHit 1969, 264, 7.1131, 0
PixelHit 1970, 260, 3.75938, 0
PixelHit 1970, 261, 21.8081, 0
PixelHit 1970, 262, 40.3312, 0
PixelHit 1970, 263, 49.4595, 0
PixelHit 1970, 264, 16.3479, 0
PixelHit 1970, 265, 5.45278, 0
PixelHit 1970, 267, 1.22267, 0
PixelHit 1971, 261, 24.2614, 0
PixelHit 1971, 262, 69.2623, 0
PixelHit 1971, 263, 150.952, 0
PixelHit 1971, 264, 88.9614, 0
PixelHit 1971, 265, 19.0459, 0
PixelHit 1971, 267, 4.66931, 0
PixelHit 1972, 261, 4.40319, 0
PixelHit 1972, 262, 50.2421, 0
PixelHit 1972, 263, 122.73, 0
PixelHit 1972, 264, 94.7619, 0
PixelHit 1972, 265, 46.8358, 0
PixelHit 1972, 266, 47.9705, 0
PixelHit 1972, 267, 5.59609, 0
PixelHit 1973, 262, 6.33094, 0
PixelHit 1973, 263, 26.0627, 0
PixelHit 1973, 264, 20.9644, 0
PixelHit 1973, 265, 53.2981, 0
PixelHit 1973, 266, 62.3057, 0
PixelHit 1973, 267, 46.46, 0
PixelHit 1973, 268, 4.13496, 0
PixelHit 1974, 264, 1.26202, 0
PixelHit 1974, 265, 16.7297, 0
PixelHit 1974, 266, 48.8179, 0
PixelHit 1974, 267, 72.6222, 0
PixelHit 1974, 268, 33.5822, 0
PixelHit 1974, 269, 2.44316, 0
PixelHit 1975, 265, 2.92806, 0
PixelHit 1975, 266, 21.382, 0
PixelHit 1975, 267, 128.905, 0
PixelHit 1975, 268, 140.027, 0
PixelHit 1975, 269, 25.1012, 0
PixelHit 1975, 270, 3.06579, 0
PixelHit 1976, 266, 4.89299, 0
PixelHit 1976, 267, 38.6265, 0
PixelHit 1976, 268, 79.076, 0
PixelHit 1976, 269, 94.7022, 0
PixelHit 1976, 270, 98.6771, 0
PixelHit 1976, 271, 17.4319, 0
PixelHit 1977, 268, 9.95724, 0
PixelHit 1977, 269, 49.9579, 0
PixelHit 1977, 270, 169.042, 0
PixelHit 1977, 271, 146.96, 0
PixelHit 1977, 272, 57.7445, 0
PixelHit 1977, 273, 22.3888, 0
PixelHit 1977, 274, 5.33107, 0
PixelHit 1978, 270, 11.1333, 0
PixelHit 1978, 271, 27.5339, 0
PixelHit 1978, 272, 157.596, 0
PixelHit 1978, 273, 166.443, 0
PixelHit 1978, 274, 37.4171, 0
PixelHit 1978, 275, 117.631, 0
PixelHit 1978, 276, 58.7668, 0
PixelHit 1978, 277, 3.74956, 0
PixelHit 1979, 271, 0.936184, 0
PixelHit 1979, 272, 1.42795, 0
PixelHit 1979, 273, 4.54144, 0
PixelHit 1979, 274, 2.70545, 0
PixelHit 1979, 275, 64.4727, 0
PixelHit 1979, 276, 269.528, 0
PixelHit 1981, 283, 5.52189, 0
PixelHit 1981, 284, 18.0334, 0
PixelHit 1981, 285, 7.83545, 0
PixelHit 1981, 286, 4.71416, 0
PixelHit 1982, 283, 14.0859, 0
PixelHit 1982, 284, 113.664, 0
PixelHit 1982, 285, 228.897, 0
PixelHit 1982, 286, 349.706, 0
PixelHit 1982, 287, 53.7052, 0
PixelHit 1982, 289, 0.490443, 0
PixelHit 1983, 284, 0.891329, 0
PixelHit 1983, 285, 2.75541, 0
PixelHit 1983, 286, 55.9082, 0
PixelHit 1983, 287, 54.3344, 0
PixelHit 1983, 288, 113.936, 0
PixelHit 1983, 289, 97.0399, 0
PixelHit 1983, 290, 54.8404, 0
PixelHit 1984, 289, 1.10445, 0
PixelHit 1984, 290, 7.86551, 0
=== 22 ===
=== 23 ===
=== 24 ===
=== 25 ===
=== 26 ===
=== 27 ===
=== 28 ===
=== 29 ===
=== 30 ===
=== 31 ===
=== 32 ===
=== 33 ===
=== 34 ===
=== 35 ===
=== 36 ===
=== 37 ===
=== 38 ===
=== 39 ===
=== 40 ===
=== 41 ===
=== 42 ===
=== 43 ===
=== 44 ===
=== 45 ===
=== 46 ===
=== 47 ===
=== 48 ===
=== 49 ===
=== 50 ===
=== 51 ===
=== 52 ===
=== 53 ===
=== 54 ===
=== 55 ===
=== 56 ===
=== 57 ===
=== 58 ===
=== 59 ===
=== 60 ===
=== 61 ===
=== 62 ===
=== 63 ===
=== 64 ===
=== 65 ===
=== 66 ===
=== 67 ===
=== 68 ===
=== 69 ===
=== 70 ===
=== 71 ===
=== 72 ===
=== 73 ===
=== 74 ===
=== 75 ===
=== 76 ===
=== 77 ===
=== 78 ===
=== 79 ===
=== 80 ===
=== 81 ===
=== 82 ===
=== 83 ===
=== 84 ===
=== 85 ===
=== 86 ===
=== 87 ===
=== 88 ===
=== 89 ===
=== 90 ===
=== 91 ===
=== 92 ===
=== 93 ===
=== 94 ===
=== 95 ===
=== 96 ===
=== 97 ===
=== 98 ===
--- mydetector ---
PixelHit 304, 765, 2.38496, 0
PixelHit 304, 766, 43.3338, 0
PixelHit 304, 767, 51.3869, 0
PixelHit 305, 763, 2.90332, 0
PixelHit 305, 764, 40.4529, 0
PixelHit 305, 765, 197.22, 0
PixelHit 305, 766, 108.264, 0
PixelHit 305, 767, 15.6368, 0
PixelHit 306, 762, 2.96088, 0
PixelHit 306, 763, 158.278, 0
PixelHit 306, 764, 852.702, 0
PixelHit 306, 765, 703.468, 0
PixelHit 306, 766, 60.0598, 0
PixelHit 307, 761, 0.870584, 0
PixelHit 307, 762, 61.0492, 0
PixelHit 307, 763, 771.265, 0
PixelHit 307, 764, 1567.31, 0
PixelHit 307, 765, 904.216, 0
PixelHit 307, 766, 39.1417, 0
PixelHit 308, 758, 0.72105, 0
PixelHit 308, 760, 9.05513, 0
PixelHit 308, 761, 20.4453, 0
PixelHit 308, 762, 123.527, 0
PixelHit 308, 763, 959.458, 0
PixelHit 308, 764, 208.718, 0
PixelHit 308, 765, 75.896, 0
PixelHit 308, 766, 4.50732, 0
PixelHit 309, 759, 4.67579, 0
PixelHit 309, 760, 112.54, 0
PixelHit 309, 761, 621.677, 0
PixelHit 309, 762, 643.541, 0
PixelHit 309, 763, 570.224, 0
PixelHit 309, 764, 14.1827, 0
PixelHit 310, 757, 4.06312, 0
PixelHit 310, 758, 7.1834, 0
PixelHit 310, 759, 17.1604, 0
PixelHit 310, 760, 206.369, 0
PixelHit 310, 761, 726.512, 0
PixelHit 310, 762, 179.2, 0
PixelHit 310, 763, 16.3098, 0
PixelHit 310, 764, 1.12373, 0
PixelHit 311, 757, 12.5065, 0
PixelHit 311, 758, 32.4682, 0
PixelHit 311, 759, 44.3562, 0
PixelHit 311, 760, 61.666, 0
PixelHit 311, 761, 204.569, 0
PixelHit 311, 762, 63.3965, 0
PixelHit 311, 763, 4.90621, 0
PixelHit 312, 754, 6.18434, 0
PixelHit 312, 755, 3.66284, 0
PixelHit 312, 756, 4.73029, 0
PixelHit 312, 757, 10.8361, 0
PixelHit 312, 758, 25.8358, 0
PixelHit 312, 759, 15.9607, 0
PixelHit 312, 760, 6.40787, 0
PixelHit 312, 761, 15.2779, 0
PixelHit 312, 762, 3.56237, 0
PixelHit 313, 752, 2.33491, 0
PixelHit 313, 753, 5.48665, 0
PixelHit 313, 754, 12.9371, 0
PixelHit 313, 755, 22.0868, 0
PixelHit 313, 756, 8.20386, 0
PixelHit 313, 757, 9.74276, 0
PixelHit 313, 758, 7.52591, 0
PixelHit 314, 751, 2.24595, 0
PixelHit 314, 752, 13.8541, 0
PixelHit 314, 753, 26.0008, 0
PixelHit 314, 754, 31.6514, 0
PixelHit 314, 755, 23.2887, 0
PixelHit 314, 756, 20.8515, 0
PixelHit 314, 757, 3.1533, 0
PixelHit 315, 750, 6.75443, 0
PixelHit 315, 751, 18.2076, 0
PixelHit 315, 752, 76.9198, 0
PixelHit 315, 753, 86.1048, 0
PixelHit 315, 754, 56.421, 0
PixelHit 315, 755, 26.5281, 0
PixelHit 315, 756, 15.2421, 0
PixelHit 316, 749, -0.904756, 0
PixelHit 316, 750, 11.2628, 0
PixelHit 316, 751, 28.3579, 0
PixelHit 316, 752, 115.686, 0
PixelHit 316, 753, 127.573, 0
PixelHit 316, 754, 53.3523, 0
PixelHit 316, 755, 11.4169, 0
PixelHit 316, 756, 7.41509, 0
PixelHit 317, 747, 4.00464, 0
PixelHit 317, 749, 6.22071, 0
PixelHit 317, 750, 11.8652, 0
PixelHit 317, 751, 33.8089, 0
PixelHit 317, 752, 59.8677, 0
PixelHit 317, 753, 77.3152, 0
PixelHit 317, 754, 34.7359, 0
PixelHit 318, 743, 1.25121, 0
PixelHit 318, 746, 0.541988, 0
PixelHit 318, 747, 2.021, 0
PixelHit 318, 748, 8.46521, 0
PixelHit 318, 749, 9.41841, 0
PixelHit 318, 750, 10.1984, 0
PixelHit 318, 751, 12.0134, 0
PixelHit 318, 752, 23.1594, 0
PixelHit 318, 753, 22.9844, 0
PixelHit 318, 754, 6.68933, 0
PixelHit 318, 755, 1.78572, 0
PixelHit 319, 744, 0.345606, 0
PixelHit 319, 745, 3.42522, 0
PixelHit 319, 746, 6.95198, 0
PixelHit 319, 747, 6.45307, 0
PixelHit 319, 748, 14.2377, 0
PixelHit 319, 749, 21.9575, 0
PixelHit 319, 750, 7.84959, 0
PixelHit 319, 751, 6.48688, 0
PixelHit 319, 752, 3.92344, 0
PixelHit 319, 753, 2.76991, 0
PixelHit 320, 743, 2.47946, 0
PixelHit 320, 744, 4.89314, 0
PixelHit 320, 745, 9.20671, 0
PixelHit 320, 746, 8.07215, 0
PixelHit 320, 747, 15.9508, 0
PixelHit 320, 748, 17.2049, 0
PixelHit 320, 749, 12.5681, 0
PixelHit 320, 750, 6.29313, 0
PixelHit 320, 751, 1.79282, 0
PixelHit 321, 743, 3.91983, 0
PixelHit 321, 744, 7.19569, 0
PixelHit 321, 745, 26.8959, 0
PixelHit 321, 746, 26.8211, 0
PixelHit 321, 747, 20.1884, 0
PixelHit 321, 748, 16.0927, 0
PixelHit 321, 749, 10.8539, 0
PixelHit 321, 751, 1.85038, 0
PixelHit 322, 743, 5.67435, 0
PixelHit 322, 744, 24.9396, 0
PixelHit 322, 745, 44.4949, 0
PixelHit 322, 746, 35.7565, 0
PixelHit 322, 747, 13.7335, 0
PixelHit 322, 748, 2.36553, 0
PixelHit 322, 749, 2.24647, 0
PixelHit 323, 743, 2.2003, 0
PixelHit 323, 744, 15.0509, 0
PixelHit 323, 745, 34.8758, 0
PixelHit 323, 746, 22.3538, 0
PixelHit 323, 747, 16.2187, 0
PixelHit 323, 748, 1.47227, 0
PixelHit 324, 743, 0.914528, 0
PixelHit 324, 744, 4.50177, 0
PixelHit 324, 745, 8.41779, 0
PixelHit 324, 746, 5.66179, 0
PixelHit 324, 747, 2.47644, 0
=== 99 ===
=== 100 ===
# 481 objects from 2 messages
