# Allpix Squared ASCII data - https://cern.ch/allpix-squared

=== 1 ===
=== 2 ===
=== 3 ===
=== 4 ===
=== 5 ===
=== 6 ===
=== 7 ===
=== 8 ===
=== 9 ===
=== 10 ===
=== 11 ===
=== 12 ===
=== 13 ===
=== 14 ===
=== 15 ===
=== 16 ===
=== 17 ===
=== 18 ===
=== 19 ===
=== 20 ===
=== 21 ===
=== 22 ===
=== 23 ===
=== 24 ===
=== 25 ===
=== 26 ===
=== 27 ===
=== 28 ===
=== 29 ===
=== 30 ===
=== 31 ===
=== 32 ===
=== 33 ===
=== 34 ===
=== 35 ===
=== 36 ===
=== 37 ===
=== 38 ===
=== 39 ===
=== 40 ===
=== 41 ===
=== 42 ===
=== 43 ===
=== 44 ===
=== 45 ===
=== 46 ===
=== 47 ===
=== 48 ===
=== 49 ===
=== 50 ===
=== 51 ===
=== 52 ===
--- mydetector ---
PixelHit 269, 1664, 6.93363, 0
PixelHit 269, 1665, 18.1696, 0
PixelHit 269, 1666, 54.1359, 0
PixelHit 270, 1659, 4.71187, 0
PixelHit 270, 1660, 5.4495, 0
PixelHit 270, 1661, 28.5909, 0
PixelHit 270, 1662, 34.2066, 0
PixelHit 270, 1663, 18.5059, 0
PixelHit 270, 1664, 22.4385, 0
PixelHit 270, 1665, 13.7604, 0
PixelHit 270, 1666, 3.12609, 0
PixelHit 271, 1652, 1.55947, 0
PixelHit 271, 1653, 1.76056, 0
PixelHit 271, 1654, 2.30766, 0
PixelHit 271, 1655, 7.19988, 0
PixelHit 271, 1656, 22.5191, 0
PixelHit 271, 1657, 33.5865, 0
PixelHit 271, 1658, 18.6753, 0
PixelHit 271, 1659, 29.5413, 0
PixelHit 271, 1660, 19.9526, 0
PixelHit 271, 1661, 21.3074, 0
PixelHit 271, 1662, 16.4004, 0
PixelHit 271, 1663, 1.47863, 0
PixelHit 272, 1647, 1.6995, 0
PixelHit 272, 1648, 2.73675, 0
PixelHit 272, 1649, 9.91421, 0
PixelHit 272, 1650, 7.86875, 0
PixelHit 272, 1651, 25.6776, 0
PixelHit 272, 1652, 16.0344, 0
PixelHit 272, 1653, 6.19961, 0
PixelHit 272, 1654, 24.8721, 0
PixelHit 272, 1655, 20.2108, 0
PixelHit 272, 1656, 48.9582, 0
PixelHit 272, 1657, 36.9913, 0
PixelHit 272, 1658, 9.60613, 0
PixelHit 272, 1659, 5.7212, 0
PixelHit 273, 1644, 2.2604, 0
PixelHit 273, 1646, 5.57494, 0
PixelHit 273, 1647, 10.8305, 0
PixelHit 273, 1648, 32.8167, 0
PixelHit 273, 1649, 104.611, 0
PixelHit 273, 1650, 95.7721, 0
PixelHit 273, 1651, 88.2945, 0
PixelHit 273, 1652, 49.19, 0
PixelHit 273, 1653, 11.5273, 0
PixelHit 273, 1654, 11.4039, 0
PixelHit 273, 1655, 7.27933, 0
PixelHit 273, 1656, 2.48231, 0
PixelHit 274, 1637, 2.9895, 0
PixelHit 274, 1638, 1.24348, 0
PixelHit 274, 1639, 2.04366, 0
PixelHit 274, 1640, 5.75562, 0
PixelHit 274, 1642, 2.69397, 0
PixelHit 274, 1643, 5.03831, 0
PixelHit 274, 1644, 17.3293, 0
PixelHit 274, 1645, 34.1175, 0
PixelHit 274, 1646, 14.057, 0
PixelHit 274, 1647, 13.3709, 0
PixelHit 274, 1648, 40.5274, 0
PixelHit 274, 1649, 81.4357, 0
PixelHit 274, 1650, 38.2113, 0
PixelHit 274, 1651, 21.2464, 0
PixelHit 274, 1652, 17.1532, 0
PixelHit 275, 1627, 2.78887, 0
PixelHit 275, 1634, 0.643761, 0
PixelHit 275, 1637, 6.33979, 0
PixelHit 275, 1638, 18.5489, 0
PixelHit 275, 1639, 35.2193, 0
PixelHit 275, 1640, 19.2771, 0
PixelHit 275, 1641, 4.4121, 0
PixelHit 275, 1642, 10.631, 0
PixelHit 275, 1643, 13.0716, 0
PixelHit 275, 1644, 11.007, 0
PixelHit 275, 1645, 14.7072, 0
PixelHit 275, 1646, 6.43867, 0
PixelHit 275, 1647, 2.79263, 0
PixelHit 275, 1649, 2.92332, 0
PixelHit 276, 1628, 3.49386, 0
PixelHit 276, 1629, 3.92467, 0
PixelHit 276, 1630, 3.6511, 0
PixelHit 276, 1631, 2.47943, 0
PixelHit 276, 1632, 3.84801, 0
PixelHit 276, 1633, 6.93386, 0
PixelHit 276, 1634, 5.00371, 0
PixelHit 276, 1635, 8.60346, 0
PixelHit 276, 1636, 3.02963, 0
PixelHit 276, 1637, 17.4519, 0
PixelHit 276, 1638, 25.1281, 0
PixelHit 276, 1639, 65.2263, 0
PixelHit 276, 1640, 28.1395, 0
PixelHit 276, 1641, 5.16955, 0
PixelHit 276, 1642, 1.58046, 0
PixelHit 276, 1643, 8.03323, 0
PixelHit 276, 1644, 3.0436, 0
PixelHit 276, 1645, 2.72204, 0
PixelHit 277, 1624, 2.16959, 0
PixelHit 277, 1625, 4.59272, 0
PixelHit 277, 1626, 2.42052, 0
PixelHit 277, 1627, 3.79804, 0
PixelHit 277, 1628, 4.83861, 0
PixelHit 277, 1629, 24.5064, 0
PixelHit 277, 1630, 30.9572, 0
PixelHit 277, 1631, 21.0418, 0
PixelHit 277, 1632, 17.4605, 0
PixelHit 277, 1633, 7.50176, 0
PixelHit 277, 1634, 9.64666, 0
PixelHit 277, 1635, 9.38824, 0
PixelHit 277, 1636, 10.8099, 0
PixelHit 277, 1637, 5.04707, 0
PixelHit 277, 1638, 9.44646, 0
PixelHit 277, 1639, 12.3002, 0
PixelHit 277, 1640, 6.50846, 0
PixelHit 278, 1619, 2.69525, 0
PixelHit 278, 1621, 5.49751, 0
PixelHit 278, 1622, 7.16525, 0
PixelHit 278, 1623, 5.63249, 0
PixelHit 278, 1624, 16.2332, 0
PixelHit 278, 1625, 17.861, 0
PixelHit 278, 1626, 8.93067, 0
PixelHit 278, 1627, 6.57282, 0
PixelHit 278, 1628, 18.6619, 0
PixelHit 278, 1629, 33.8843, 0
PixelHit 278, 1630, 45.945, 0
PixelHit 278, 1631, 25.5243, 0
PixelHit 278, 1632, 15.8381, 0
PixelHit 278, 1633, 5.58982, 0
PixelHit 278, 1636, 1.63985, 0
PixelHit 278, 1638, 2.19755, 0
PixelHit 279, 1617, 7.36045, 0
PixelHit 279, 1618, 9.74235, 0
PixelHit 279, 1619, 10.1499, 0
PixelHit 279, 1620, 17.1031, 0
PixelHit 279, 1621, 22.0434, 0
PixelHit 279, 1622, 10.5942, 0
PixelHit 279, 1623, 20.9773, 0
PixelHit 279, 1624, 34.4677, 0
PixelHit 279, 1625, 28.5968, 0
PixelHit 279, 1626, 14.491, 0
PixelHit 279, 1627, 9.79177, 0
PixelHit 279, 1628, 14.0348, 0
PixelHit 279, 1629, 21.6498, 0
PixelHit 279, 1630, 20.7792, 0
PixelHit 279, 1631, 7.5966, 0
PixelHit 280, 1604, 0.509374, 0
PixelHit 280, 1607, 2.24316, 0
PixelHit 280, 1609, 3.27804, 0
PixelHit 280, 1610, 5.3521, 0
PixelHit 280, 1611, 1.33745, 0
PixelHit 280, 1612, 1.78912, 0
PixelHit 280, 1615, 4.93314, 0
PixelHit 280, 1616, 3.86193, 0
PixelHit 280, 1617, 17.2436, 0
PixelHit 280, 1618, 16.6051, 0
PixelHit 280, 1619, 21.9209, 0
PixelHit 280, 1620, 40.6749, 0
PixelHit 280, 1621, 42.2106, 0
PixelHit 280, 1622, 17.9698, 0
PixelHit 280, 1623, 23.6415, 0
PixelHit 280, 1624, 28.728, 0
PixelHit 280, 1625, 19.8045, 0
PixelHit 280, 1626, 10.5875, 0
PixelHit 280, 1627, 1.53597, 0
PixelHit 280, 1628, 5.71747, 0
PixelHit 280, 1629, 3.3347, 0
PixelHit 280, 1630, 1.602, 0
PixelHit 281, 1604, 1.78384, 0
PixelHit 281, 1606, 1.71089, 0
PixelHit 281, 1607, 2.27555, 0
PixelHit 281, 1608, 1.19622, 0
PixelHit 281, 1609, 7.58249, 0
PixelHit 281, 1610, 7.57225, 0
PixelHit 281, 1611, 4.51265, 0
PixelHit 281, 1612, 2.40589, 0
PixelHit 281, 1613, 3.61476, 0
PixelHit 281, 1614, 6.73637, 0
PixelHit 281, 1615, 11.3354, 0
PixelHit 281, 1616, 10.6184, 0
PixelHit 281, 1617, 8.07357, 0
PixelHit 281, 1618, 26.278, 0
PixelHit 281, 1619, 24.5958, 0
PixelHit 281, 1620, 31.7796, 0
PixelHit 281, 1621, 23.617, 0
PixelHit 281, 1622, 14.745, 0
PixelHit 281, 1623, 2.51545, 0
PixelHit 281, 1624, 5.64697, 0
PixelHit 281, 1625, 4.28295, 0
PixelHit 281, 1626, 5.41578, 0
PixelHit 281, 1631, 0.616208, 0
PixelHit 282, 1593, 2.98047, 0
PixelHit 282, 1595, 3.50301, 0
PixelHit 282, 1596, 2.21157, 0
PixelHit 282, 1597, 1.94284, 0
PixelHit 282, 1598, 8.02569, 0
PixelHit 282, 1599, 3.70977, 0
PixelHit 282, 1602, 5.94443, 0
PixelHit 282, 1603, 0.602141, 0
PixelHit 282, 1604, 6.50865, 0
PixelHit 282, 1605, 1.31534, 0
PixelHit 282, 1606, 3.09019, 0
PixelHit 282, 1607, 3.30428, 0
PixelHit 282, 1608, 12.0914, 0
PixelHit 282, 1609, 17.8687, 0
PixelHit 282, 1610, 7.64896, 0
PixelHit 282, 1611, 3.68002, 0
PixelHit 282, 1613, 3.13584, 0
PixelHit 282, 1614, 5.93162, 0
PixelHit 282, 1615, 6.14761, 0
PixelHit 282, 1616, 7.19926, 0
PixelHit 282, 1617, 2.65453, 0
PixelHit 282, 1618, 6.3477, 0
PixelHit 282, 1619, 4.47681, 0
PixelHit 282, 1620, 8.87015, 0
PixelHit 282, 1621, 3.81171, 0
PixelHit 282, 1622, 4.34472, 0
PixelHit 283, 1590, 1.65953, 0
PixelHit 283, 1592, 1.54533, 0
PixelHit 283, 1593, 4.51685, 0
PixelHit 283, 1594, 2.89174, 0
PixelHit 283, 1595, 9.93585, 0
PixelHit 283, 1596, 5.60357, 0
PixelHit 283, 1597, 13.2415, 0
PixelHit 283, 1598, 19.1484, 0
PixelHit 283, 1599, 20.8736, 0
PixelHit 283, 1600, 12.3265, 0
PixelHit 283, 1601, 5.81257, 0
PixelHit 283, 1602, 20.4135, 0
PixelHit 283, 1603, 10.8188, 0
PixelHit 283, 1604, 4.98374, 0
PixelHit 283, 1605, 1.89791, 0
PixelHit 283, 1607, 7.3665, 0
PixelHit 283, 1608, 9.61374, 0
PixelHit 283, 1609, 16.862, 0
PixelHit 283, 1610, 16.5164, 0
PixelHit 283, 1611, 4.28647, 0
PixelHit 283, 1612, 3.76672, 0
PixelHit 283, 1613, 3.66552, 0
PixelHit 283, 1614, 0.710556, 0
PixelHit 283, 1615, 5.19286, 0
PixelHit 283, 1617, 1.14313, 0
PixelHit 283, 1621, 0.858806, 0
PixelHit 283, 1623, 1.02253, 0
PixelHit 284, 1590, 1.82166, 0
PixelHit 284, 1591, 5.55971, 0
PixelHit 284, 1592, 13.2857, 0
PixelHit 284, 1593, 24.7301, 0
PixelHit 284, 1594, 16.8173, 0
PixelHit 284, 1595, 12.5558, 0
PixelHit 284, 1596, 17.379, 0
PixelHit 284, 1597, 29.8578, 0
PixelHit 284, 1598, 32.9969, 0
PixelHit 284, 1599, 31.0986, 0
PixelHit 284, 1600, 17.8111, 0
PixelHit 284, 1601, 22.1095, 0
PixelHit 284, 1602, 22.2107, 0
PixelHit 284, 1603, 17.5174, 0
PixelHit 284, 1604, 7.04119, 0
PixelHit 284, 1605, 5.5662, 0
PixelHit 284, 1606, 5.66966, 0
PixelHit 284, 1607, 2.7931, 0
PixelHit 284, 1608, 8.02345, 0
PixelHit 284, 1609, 6.62289, 0
PixelHit 284, 1610, 2.69265, 0
PixelHit 284, 1611, 4.59468, 0
PixelHit 285, 1591, 10.8808, 0
PixelHit 285, 1592, 32.7131, 0
PixelHit 285, 1593, 57.1368, 0
PixelHit 285, 1594, 29.5696, 0
PixelHit 285, 1595, 19.3673, 0
PixelHit 285, 1596, 22.0105, 0
PixelHit 285, 1597, 20.4128, 0
PixelHit 285, 1598, 39.2491, 0
PixelHit 285, 1599, 36.4624, 0
PixelHit 285, 1600, 11.7339, 0
PixelHit 285, 1601, 19.4339, 0
PixelHit 285, 1602, 16.6181, 0
PixelHit 285, 1603, 10.4351, 0
PixelHit 285, 1604, 3.87111, 0
PixelHit 285, 1608, 1.51783, 0
PixelHit 286, 1590, 6.05681, 0
PixelHit 286, 1591, 15.4579, 0
PixelHit 286, 1592, 33.0691, 0
PixelHit 286, 1593, 32.4941, 0
PixelHit 286, 1594, 36.9859, 0
PixelHit 286, 1595, 18.1323, 0
PixelHit 286, 1596, 16.7462, 0
PixelHit 286, 1597, 14.0379, 0
PixelHit 286, 1598, 21.8338, 0
PixelHit 286, 1599, 22.8294, 0
PixelHit 286, 1600, 9.89365, 0
PixelHit 286, 1602, 2.54021, 0
PixelHit 287, 1590, 3.52125, 0
PixelHit 287, 1591, 8.25902, 0
PixelHit 287, 1592, 15.0774, 0
PixelHit 287, 1593, 19.3791, 0
PixelHit 287, 1594, 10.9214, 0
PixelHit 287, 1595, 7.79563, 0
PixelHit 287, 1596, 8.81438, 0
PixelHit 287, 1597, 6.47976, 0
PixelHit 287, 1598, 5.09904, 0
PixelHit 287, 1599, 6.77833, 0
PixelHit 287, 1602, 2.8035, 0
PixelHit 287, 1603, 1.37823, 0
PixelHit 288, 1590, 2.71009, 0
PixelHit 288, 1592, 7.0842, 0
PixelHit 288, 1593, 3.36463, 0
PixelHit 288, 1594, 7.73366, 0
PixelHit 288, 1595, 4.25234, 0
PixelHit 288, 1597, 1.39056, 0
PixelHit 289, 1590, 1.26333, 0
PixelHit 289, 1592, 1.11301, 0
=== 53 ===
=== 54 ===
=== 55 ===
=== 56 ===
=== 57 ===
=== 58 ===
=== 59 ===
=== 60 ===
=== 61 ===
=== 62 ===
=== 63 ===
=== 64 ===
=== 65 ===
=== 66 ===
=== 67 ===
=== 68 ===
=== 69 ===
=== 70 ===
=== 71 ===
=== 72 ===
=== 73 ===
=== 74 ===
=== 75 ===
=== 76 ===
=== 77 ===
=== 78 ===
=== 79 ===
=== 80 ===
=== 81 ===
=== 82 ===
=== 83 ===
=== 84 ===
=== 85 ===
=== 86 ===
=== 87 ===
=== 88 ===
=== 89 ===
=== 90 ===
=== 91 ===
=== 92 ===
=== 93 ===
=== 94 ===
=== 95 ===
=== 96 ===
=== 97 ===
=== 98 ===
=== 99 ===
=== 100 ===
# 310 objects from 1 messages
