# Allpix Squared ASCII data - https://cern.ch/allpix-squared

=== 1 ===
=== 2 ===
=== 3 ===
=== 4 ===
=== 5 ===
=== 6 ===
=== 7 ===
=== 8 ===
--- mydetector ---
PixelHit 494, 1232, 1.54961, 0
PixelHit 495, 1231, 19.3401, 0
PixelHit 495, 1232, 73.3838, 0
PixelHit 496, 1230, 23.0765, 0
PixelHit 496, 1231, 20.2458, 0
PixelHit 496, 1232, 21.1974, 0
PixelHit 497, 1228, 6.92011, 0
PixelHit 497, 1229, 25.1541, 0
PixelHit 497, 1230, 33.7732, 0
PixelHit 498, 1226, 5.70442, 0
PixelHit 498, 1227, 16.6677, 0
PixelHit 498, 1228, 27.6449, 0
PixelHit 498, 1229, 30.3148, 0
PixelHit 498, 1230, 3.71529, 0
PixelHit 499, 1224, 4.95738, 0
PixelHit 499, 1225, 8.26894, 0
PixelHit 499, 1226, 32.3655, 0
PixelHit 499, 1227, 42.778, 0
PixelHit 499, 1228, 26.8319, 0
PixelHit 499, 1229, 2.02943, 0
PixelHit 500, 1222, 0.851076, 0
PixelHit 500, 1223, 3.30154, 0
PixelHit 500, 1224, 14.4186, 0
PixelHit 500, 1225, 65.0937, 0
PixelHit 500, 1226, 65.7346, 0
PixelHit 500, 1227, 31.7654, 0
PixelHit 500, 1228, 3.63543, 0
PixelHit 501, 1221, 1.73981, 0
PixelHit 501, 1222, 1.3023, 0
PixelHit 501, 1223, 10.1783, 0
PixelHit 501, 1224, 36.251, 0
PixelHit 501, 1225, 34.3362, 0
PixelHit 501, 1226, 16.1501, 0
PixelHit 501, 1227, 5.54581, 0
PixelHit 502, 1220, 1.77873, 0
PixelHit 502, 1221, 10.7247, 0
PixelHit 502, 1222, 28.7355, 0
PixelHit 502, 1223, 43.573, 0
PixelHit 502, 1224, 16.4104, 0
PixelHit 502, 1225, 7.25743, 0
PixelHit 502, 1226, 3.90326, 0
PixelHit 503, 1218, 3.0968, 0
PixelHit 503, 1219, 4.81783, 0
PixelHit 503, 1220, 17.4871, 0
PixelHit 503, 1221, 20.0631, 0
PixelHit 503, 1222, 30.6133, 0
PixelHit 503, 1223, 13.8482, 0
PixelHit 503, 1224, 6.49448, 0
PixelHit 503, 1225, 2.97386, 0
PixelHit 504, 1217, 4.1758, 0
PixelHit 504, 1218, 22.5247, 0
PixelHit 504, 1219, 38.2316, 0
PixelHit 504, 1220, 51.899, 0
PixelHit 504, 1221, 33.0558, 0
PixelHit 504, 1222, 13.3598, 0
PixelHit 504, 1223, 0.214473, 0
PixelHit 505, 1214, 1.22493, 0
PixelHit 505, 1215, 1.05296, 0
PixelHit 505, 1216, 2.168, 0
PixelHit 505, 1217, 19.3487, 0
PixelHit 505, 1218, 61.5745, 0
PixelHit 505, 1219, 76.6425, 0
PixelHit 505, 1220, 75.219, 0
PixelHit 505, 1221, 17.9896, 0
PixelHit 505, 1222, 7.14626, 0
PixelHit 506, 1215, 7.00043, 0
PixelHit 506, 1216, 12.1127, 0
PixelHit 506, 1217, 33.4495, 0
PixelHit 506, 1218, 65.8729, 0
PixelHit 506, 1219, 55.2203, 0
PixelHit 506, 1220, 19.0126, 0
PixelHit 506, 1221, 2.54056, 0
PixelHit 506, 1222, 1.69704, 0
PixelHit 507, 1213, 3.69317, 0
PixelHit 507, 1214, 11.2731, 0
PixelHit 507, 1215, 29.7031, 0
PixelHit 507, 1216, 27.6419, 0
PixelHit 507, 1217, 25.4667, 0
PixelHit 507, 1218, 15.7741, 0
PixelHit 507, 1219, 8.33012, 0
PixelHit 507, 1221, 1.08043, 0
PixelHit 508, 1210, 1.63957, 0
PixelHit 508, 1211, 1.27103, 0
PixelHit 508, 1212, 5.41418, 0
PixelHit 508, 1213, 11.7497, 0
PixelHit 508, 1214, 26.163, 0
PixelHit 508, 1215, 34.9992, 0
PixelHit 508, 1216, 29.3805, 0
PixelHit 508, 1217, 15.0813, 0
PixelHit 508, 1218, 1.50591, 0
PixelHit 508, 1219, 2.15792, 0
PixelHit 509, 1210, 3.41096, 0
PixelHit 509, 1211, 16.7559, 0
PixelHit 509, 1212, 19.2482, 0
PixelHit 509, 1213, 33.9844, 0
PixelHit 509, 1214, 24.7702, 0
PixelHit 509, 1215, 22.3716, 0
PixelHit 509, 1216, 9.88251, 0
PixelHit 509, 1217, 4.71259, 0
PixelHit 510, 1208, 4.09164, 0
PixelHit 510, 1209, 4.23362, 0
PixelHit 510, 1210, 19.7807, 0
PixelHit 510, 1211, 28.8682, 0
PixelHit 510, 1212, 44.7716, 0
PixelHit 510, 1213, 23.2088, 0
PixelHit 510, 1214, 16.7501, 0
PixelHit 510, 1215, 6.32098, 0
PixelHit 510, 1216, -0.293342, 0
PixelHit 511, 1207, 5.67778, 0
PixelHit 511, 1208, 6.42122, 0
PixelHit 511, 1209, 15.3814, 0
PixelHit 511, 1210, 21.6737, 0
PixelHit 511, 1211, 22.0881, 0
PixelHit 511, 1212, 25.2799, 0
PixelHit 511, 1213, 5.4491, 0
PixelHit 511, 1214, 1.69597, 0
PixelHit 511, 1215, 4.11603, 0
PixelHit 512, 1204, 1.83136, 0
PixelHit 512, 1206, 4.19234, 0
PixelHit 512, 1207, 7.23753, 0
PixelHit 512, 1208, 22.1984, 0
PixelHit 512, 1209, 22.8225, 0
PixelHit 512, 1210, 20.7409, 0
PixelHit 512, 1211, 22.9957, 0
PixelHit 512, 1212, 12.2639, 0
PixelHit 512, 1213, 2.45968, 0
PixelHit 513, 1203, 1.97708, 0
PixelHit 513, 1205, 5.92837, 0
PixelHit 513, 1206, 10.623, 0
PixelHit 513, 1207, 14.005, 0
PixelHit 513, 1208, 13.5257, 0
PixelHit 513, 1209, 12.2317, 0
PixelHit 513, 1210, 9.63484, 0
PixelHit 513, 1211, 4.18514, 0
PixelHit 514, 1201, 0.823367, 0
PixelHit 514, 1202, 4.79105, 0
PixelHit 514, 1203, 6.31448, 0
PixelHit 514, 1204, 4.03283, 0
PixelHit 514, 1205, 8.98102, 0
PixelHit 514, 1206, 20.897, 0
PixelHit 514, 1207, 10.1861, 0
PixelHit 514, 1208, 7.33336, 0
PixelHit 514, 1212, 0.191547, 0
PixelHit 515, 1199, 2.06766, 0
PixelHit 515, 1200, 2.8722, 0
PixelHit 515, 1201, 3.10084, 0
PixelHit 515, 1202, 14.199, 0
PixelHit 515, 1203, 14.5367, 0
PixelHit 515, 1204, 19.3225, 0
PixelHit 515, 1205, 11.3477, 0
PixelHit 515, 1206, 6.89329, 0
PixelHit 515, 1207, 9.69892, 0
PixelHit 516, 1197, 3.21862, 0
PixelHit 516, 1198, 2.28541, 0
PixelHit 516, 1199, 4.6132, 0
PixelHit 516, 1200, 8.14252, 0
PixelHit 516, 1201, 15.0319, 0
PixelHit 516, 1202, 23.8367, 0
PixelHit 516, 1203, 26.0696, 0
PixelHit 516, 1204, 24.9722, 0
PixelHit 516, 1205, 10.0058, 0
PixelHit 516, 1206, 2.42146, 0
PixelHit 516, 1208, 1.83141, 0
PixelHit 517, 1196, 1.3028, 0
PixelHit 517, 1197, 8.5073, 0
PixelHit 517, 1198, 7.01453, 0
PixelHit 517, 1199, 12.1425, 0
PixelHit 517, 1200, 11.6081, 0
PixelHit 517, 1201, 22.7108, 0
PixelHit 517, 1202, 23.4911, 0
PixelHit 517, 1203, 22.805, 0
PixelHit 517, 1204, 13.971, 0
PixelHit 517, 1205, 1.39356, 0
PixelHit 518, 1196, 3.30949, 0
PixelHit 518, 1197, 14.0459, 0
PixelHit 518, 1198, 22.346, 0
PixelHit 518, 1199, 22.3681, 0
PixelHit 518, 1200, 18.407, 0
PixelHit 518, 1201, 24.5428, 0
PixelHit 518, 1202, 14.1679, 0
PixelHit 518, 1203, 10.8198, 0
PixelHit 518, 1204, 5.69016, 0
PixelHit 518, 1205, 5.3589, 0
PixelHit 519, 1195, 1.38342, 0
PixelHit 519, 1196, 10.8668, 0
PixelHit 519, 1197, 16.6917, 0
PixelHit 519, 1198, 16.4009, 0
PixelHit 519, 1199, 21.8577, 0
PixelHit 519, 1200, 15.2109, 0
PixelHit 519, 1201, 9.70154, 0
PixelHit 519, 1202, 4.50731, 0
PixelHit 519, 1203, 3.22372, 0
PixelHit 519, 1204, 1.84992, 0
PixelHit 520, 1194, 2.73363, 0
PixelHit 520, 1195, 2.77051, 0
PixelHit 520, 1196, 5.43614, 0
PixelHit 520, 1197, 14.0943, 0
PixelHit 520, 1198, 14.5911, 0
PixelHit 520, 1199, 11.7306, 0
PixelHit 520, 1200, 2.75396, 0
PixelHit 520, 1201, 2.04522, 0
PixelHit 520, 1203, 1.96832, 0
PixelHit 521, 1195, 1.63384, 0
PixelHit 521, 1196, 7.09445, 0
PixelHit 521, 1197, 6.84611, 0
PixelHit 521, 1198, 2.55277, 0
=== 9 ===
=== 10 ===
=== 11 ===
=== 12 ===
=== 13 ===
=== 14 ===
=== 15 ===
=== 16 ===
=== 17 ===
=== 18 ===
=== 19 ===
=== 20 ===
=== 21 ===
=== 22 ===
=== 23 ===
=== 24 ===
=== 25 ===
=== 26 ===
=== 27 ===
=== 28 ===
=== 29 ===
=== 30 ===
=== 31 ===
=== 32 ===
=== 33 ===
=== 34 ===
=== 35 ===
=== 36 ===
=== 37 ===
=== 38 ===
=== 39 ===
=== 40 ===
=== 41 ===
=== 42 ===
=== 43 ===
=== 44 ===
=== 45 ===
=== 46 ===
=== 47 ===
=== 48 ===
=== 49 ===
=== 50 ===
=== 51 ===
=== 52 ===
=== 53 ===
=== 54 ===
=== 55 ===
=== 56 ===
=== 57 ===
=== 58 ===
=== 59 ===
=== 60 ===
=== 61 ===
=== 62 ===
=== 63 ===
=== 64 ===
=== 65 ===
=== 66 ===
=== 67 ===
=== 68 ===
--- mydetector ---
PixelHit 1251, 769, 2.49954, 0
PixelHit 1252, 768, 46.1246, 0
PixelHit 1252, 769, 67.5404, 0
PixelHit 1252, 770, 4.81344, 0
PixelHit 1253, 762, 0.810673, 0
PixelHit 1253, 763, 3.70024, 0
PixelHit 1253, 764, 0.0844896, 0
PixelHit 1253, 765, 21.8713, 0
PixelHit 1253, 766, 12.5702, 0
PixelHit 1253, 767, 45.5583, 0
PixelHit 1253, 768, 16.4526, 0
PixelHit 1253, 769, 15.9227, 0
PixelHit 1254, 754, 1.98916, 0
PixelHit 1254, 760, 1.42625, 0
PixelHit 1254, 761, 6.89902, 0
PixelHit 1254, 762, 15.4633, 0
PixelHit 1254, 763, 35.279, 0
PixelHit 1254, 764, 16.662, 0
PixelHit 1254, 765, 31.3218, 0
PixelHit 1254, 766, 12.6795, 0
PixelHit 1255, 757, 3.56715, 0
PixelHit 1255, 758, 5.53281, 0
PixelHit 1255, 759, 12.5861, 0
PixelHit 1255, 760, 8.0486, 0
PixelHit 1255, 761, 5.77587, 0
PixelHit 1255, 762, 32.2193, 0
PixelHit 1255, 763, 23.1812, 0
PixelHit 1255, 764, 5.82674, 0
PixelHit 1255, 765, 3.23094, 0
PixelHit 1255, 766, 3.07312, 0
PixelHit 1256, 753, 2.73301, 0
PixelHit 1256, 754, 2.50342, 0
PixelHit 1256, 755, 7.43829, 0
PixelHit 1256, 756, 11.1495, 0
PixelHit 1256, 757, 6.01195, 0
PixelHit 1256, 758, 18.0331, 0
PixelHit 1256, 759, 39.3002, 0
PixelHit 1256, 760, 23.3709, 0
PixelHit 1256, 761, 2.44687, 0
PixelHit 1256, 762, 4.33863, 0
PixelHit 1256, 763, 3.56059, 0
PixelHit 1256, 764, 4.83406, 0
PixelHit 1257, 750, 4.13053, 0
PixelHit 1257, 751, 3.53118, 0
PixelHit 1257, 752, 11.055, 0
PixelHit 1257, 753, 13.9799, 0
PixelHit 1257, 754, 36.5757, 0
PixelHit 1257, 755, 38.4793, 0
PixelHit 1257, 756, 18.5815, 0
PixelHit 1257, 757, 10.333, 0
PixelHit 1257, 758, 10.1435, 0
PixelHit 1257, 759, 18.4786, 0
PixelHit 1257, 760, 7.24126, 0
PixelHit 1258, 747, 2.73543, 0
PixelHit 1258, 748, 4.05592, 0
PixelHit 1258, 749, 7.43217, 0
PixelHit 1258, 750, 8.15988, 0
PixelHit 1258, 751, 15.9875, 0
PixelHit 1258, 752, 20.7953, 0
PixelHit 1258, 753, 30.371, 0
PixelHit 1258, 754, 50.0036, 0
PixelHit 1258, 755, 44.0597, 0
PixelHit 1258, 756, 24.4741, 0
PixelHit 1258, 757, 12.4461, 0
PixelHit 1258, 758, 6.57741, 0
PixelHit 1258, 759, -0.0160996, 0
PixelHit 1259, 741, 1.24025, 0
PixelHit 1259, 743, 3.81779, 0
PixelHit 1259, 747, 4.5079, 0
PixelHit 1259, 748, 5.46046, 0
PixelHit 1259, 749, 19.1387, 0
PixelHit 1259, 750, 23.0482, 0
PixelHit 1259, 751, 31.3416, 0
PixelHit 1259, 752, 27.6684, 0
PixelHit 1259, 753, 32.211, 0
PixelHit 1259, 754, 27.4869, 0
PixelHit 1259, 755, 11.6805, 0
PixelHit 1259, 756, 3.6825, 0
PixelHit 1259, 757, 4.47492, 0
PixelHit 1260, 740, -0.0161796, 0
PixelHit 1260, 742, 2.2122, 0
PixelHit 1260, 743, 2.20821, 0
PixelHit 1260, 744, 11.7613, 0
PixelHit 1260, 745, 5.83453, 0
PixelHit 1260, 746, 5.21234, 0
PixelHit 1260, 747, 8.30777, 0
PixelHit 1260, 748, 20.4728, 0
PixelHit 1260, 749, 25.8763, 0
PixelHit 1260, 750, 29.7252, 0
PixelHit 1260, 751, 20.4053, 0
PixelHit 1260, 752, 8.88599, 0
PixelHit 1260, 753, 7.02134, 0
PixelHit 1260, 754, 2.21481, 0
PixelHit 1261, 738, 2.23474, 0
PixelHit 1261, 740, 2.04887, 0
PixelHit 1261, 742, 7.19079, 0
PixelHit 1261, 743, 15.9114, 0
PixelHit 1261, 744, 23.2154, 0
PixelHit 1261, 745, 15.7686, 0
PixelHit 1261, 746, 10.6626, 0
PixelHit 1261, 747, 15.5471, 0
PixelHit 1261, 748, 16.669, 0
PixelHit 1261, 749, 25.5236, 0
PixelHit 1261, 750, 6.12034, 0
PixelHit 1261, 751, 7.71703, 0
PixelHit 1262, 736, 1.10769, 0
PixelHit 1262, 737, 5.306, 0
PixelHit 1262, 738, 5.44257, 0
PixelHit 1262, 739, 2.34091, 0
PixelHit 1262, 740, 7.32414, 0
PixelHit 1262, 741, 14.6264, 0
PixelHit 1262, 742, 17.8082, 0
PixelHit 1262, 743, 23.4485, 0
PixelHit 1262, 744, 15.1111, 0
PixelHit 1262, 745, 16.9905, 0
PixelHit 1262, 746, 5.74401, 0
PixelHit 1262, 747, 3.04174, 0
PixelHit 1262, 748, 5.18353, 0
PixelHit 1262, 749, 2.08727, 0
PixelHit 1263, 736, 3.80944, 0
PixelHit 1263, 737, 12.1147, 0
PixelHit 1263, 738, 13.8932, 0
PixelHit 1263, 739, 16.3582, 0
PixelHit 1263, 740, 15.507, 0
PixelHit 1263, 741, 17.1519, 0
PixelHit 1263, 742, 17.0221, 0
PixelHit 1263, 743, 18.0309, 0
PixelHit 1263, 744, 12.936, 0
PixelHit 1263, 745, 9.93797, 0
PixelHit 1263, 746, 1.70708, 0
PixelHit 1263, 747, 1.78895, 0
PixelHit 1263, 748, 2.51145, 0
PixelHit 1264, 736, 5.52236, 0
PixelHit 1264, 737, 13.2348, 0
PixelHit 1264, 738, 17.3643, 0
PixelHit 1264, 739, 22.5336, 0
PixelHit 1264, 740, 12.1853, 0
PixelHit 1264, 741, 15.016, 0
PixelHit 1264, 742, 7.58307, 0
PixelHit 1264, 743, 5.94942, 0
PixelHit 1264, 744, 10.2487, 0
PixelHit 1264, 745, 4.63305, 0
PixelHit 1264, 746, 3.90887, 0
PixelHit 1265, 735, 4.68539, 0
PixelHit 1265, 736, 5.32344, 0
PixelHit 1265, 737, 15.4702, 0
PixelHit 1265, 738, 24.6906, 0
PixelHit 1265, 739, 20.6132, 0
PixelHit 1265, 740, 8.92466, 0
PixelHit 1265, 741, 2.24132, 0
PixelHit 1265, 742, 5.64382, 0
PixelHit 1265, 743, 4.59584, 0
PixelHit 1266, 736, 1.56797, 0
PixelHit 1266, 737, 2.90772, 0
PixelHit 1266, 738, 9.97862, 0
PixelHit 1266, 739, 11.4666, 0
PixelHit 1266, 740, 3.2753, 0
PixelHit 1266, 741, 3.20814, 0
PixelHit 1266, 742, 2.85805, 0
PixelHit 1266, 743, 2.89276, 0
PixelHit 1267, 735, 0.267985, 0
PixelHit 1267, 736, 2.45594, 0
PixelHit 1267, 738, 2.58316, 0
PixelHit 1267, 739, 2.65511, 0
=== 69 ===
=== 70 ===
=== 71 ===
=== 72 ===
=== 73 ===
=== 74 ===
=== 75 ===
=== 76 ===
=== 77 ===
=== 78 ===
=== 79 ===
=== 80 ===
=== 81 ===
=== 82 ===
=== 83 ===
=== 84 ===
=== 85 ===
=== 86 ===
=== 87 ===
=== 88 ===
=== 89 ===
=== 90 ===
=== 91 ===
=== 92 ===
=== 93 ===
=== 94 ===
=== 95 ===
=== 96 ===
=== 97 ===
=== 98 ===
=== 99 ===
=== 100 ===
# 370 objects from 2 messages
