# Allpix Squared ASCII data - https://cern.ch/allpix-squared

=== 1 ===
=== 2 ===
=== 3 ===
=== 4 ===
=== 5 ===
=== 6 ===
=== 7 ===
=== 8 ===
=== 9 ===
=== 10 ===
=== 11 ===
=== 12 ===
=== 13 ===
=== 14 ===
=== 15 ===
=== 16 ===
=== 17 ===
=== 18 ===
=== 19 ===
--- mydetector ---
PixelHit 482, 1869, 3.19233, 0
PixelHit 483, 1868, 35.7565, 0
PixelHit 483, 1869, 19.411, 0
PixelHit 484, 1866, 5.99179, 0
PixelHit 484, 1867, 67.6684, 0
PixelHit 484, 1868, 32.6334, 0
PixelHit 484, 1869, 6.9399, 0
PixelHit 485, 1865, 42.1275, 0
PixelHit 485, 1866, 52.7552, 0
PixelHit 485, 1867, 6.10164, 0
PixelHit 486, 1863, 16.7479, 0
PixelHit 486, 1864, 15.0954, 0
PixelHit 486, 1865, 23.0821, 0
PixelHit 486, 1866, 7.12818, 0
PixelHit 487, 1861, 4.93115, 0
PixelHit 487, 1862, 58.2284, 0
PixelHit 487, 1863, 44.5553, 0
PixelHit 487, 1864, 25.8683, 0
PixelHit 488, 1860, 11.1998, 0
PixelHit 488, 1861, 85.6475, 0
PixelHit 488, 1862, 134.13, 0
PixelHit 488, 1863, 12.0536, 0
PixelHit 489, 1857, 1.1449, 0
PixelHit 489, 1858, 20.1599, 0
PixelHit 489, 1859, 26.0175, 0
PixelHit 489, 1860, 23.6421, 0
PixelHit 489, 1861, 31.6214, 0
PixelHit 489, 1862, 7.60818, 0
PixelHit 490, 1855, 4.14408, 0
PixelHit 490, 1856, 5.04559, 0
PixelHit 490, 1857, 33.7047, 0
PixelHit 490, 1858, 65.6167, 0
PixelHit 490, 1859, 56.9869, 0
PixelHit 490, 1860, 10.3237, 0
PixelHit 491, 1854, 37.7429, 0
PixelHit 491, 1855, 220.859, 0
PixelHit 491, 1856, 106.375, 0
PixelHit 491, 1857, 48.6407, 0
PixelHit 491, 1858, 59.9763, 0
PixelHit 491, 1859, 10.3378, 0
PixelHit 492, 1852, 3.19892, 0
PixelHit 492, 1853, 3.30227, 0
PixelHit 492, 1854, 172.346, 0
PixelHit 492, 1855, 841.148, 0
PixelHit 492, 1856, 342.666, 0
PixelHit 492, 1857, 11.0608, 0
PixelHit 492, 1858, 5.17506, 0
PixelHit 493, 1852, 11.6141, 0
PixelHit 493, 1853, 32.1017, 0
PixelHit 493, 1854, 67.248, 0
PixelHit 493, 1855, 267.257, 0
PixelHit 493, 1856, 108.326, 0
PixelHit 493, 1857, 4.31768, 0
PixelHit 494, 1850, 8.60914, 0
PixelHit 494, 1851, 17.3046, 0
PixelHit 494, 1852, 32.3281, 0
PixelHit 494, 1853, 30.4303, 0
PixelHit 494, 1854, 18.4828, 0
PixelHit 494, 1855, 12.12, 0
PixelHit 495, 1847, 0.52711, 0
PixelHit 495, 1848, 0.528888, 0
PixelHit 495, 1849, 13.018, 0
PixelHit 495, 1850, 30.9387, 0
PixelHit 495, 1851, 37.6201, 0
PixelHit 495, 1852, 19.6625, 0
PixelHit 495, 1853, 13.175, 0
PixelHit 495, 1854, 3.06547, 0
PixelHit 496, 1844, 0.391589, 0
PixelHit 496, 1847, 6.54134, 0
PixelHit 496, 1848, 11.0294, 0
PixelHit 496, 1849, 21.7002, 0
PixelHit 496, 1850, 37.5551, 0
PixelHit 496, 1851, 18.9395, 0
PixelHit 496, 1852, 2.67214, 0
PixelHit 497, 1845, 1.82009, 0
PixelHit 497, 1846, 7.97005, 0
PixelHit 497, 1847, 27.2823, 0
PixelHit 497, 1848, 15.6741, 0
PixelHit 497, 1849, 16.1347, 0
PixelHit 497, 1850, 11.9317, 0
PixelHit 497, 1851, 3.75458, 0
PixelHit 498, 1843, 4.85897, 0
PixelHit 498, 1844, 15.2759, 0
PixelHit 498, 1845, 20.2438, 0
PixelHit 498, 1846, 25.6128, 0
PixelHit 498, 1847, 17.0521, 0
PixelHit 498, 1848, 14.1591, 0
PixelHit 499, 1841, 0.597145, 0
PixelHit 499, 1842, 9.19831, 0
PixelHit 499, 1843, 22.8405, 0
PixelHit 499, 1844, 36.3506, 0
PixelHit 499, 1845, 20.3968, 0
PixelHit 499, 1846, 22.9364, 0
PixelHit 499, 1847, 4.63794, 0
PixelHit 499, 1848, 2.77191, 0
PixelHit 499, 1849, 2.07155, 0
PixelHit 500, 1841, 3.43004, 0
PixelHit 500, 1842, 19.7865, 0
PixelHit 500, 1843, 42.3933, 0
PixelHit 500, 1844, 42.2945, 0
PixelHit 500, 1845, 15.4478, 0
PixelHit 500, 1846, 2.85848, 0
PixelHit 500, 1847, 1.47642, 0
PixelHit 501, 1838, 4.77601, 0
PixelHit 501, 1839, 7.67343, 0
PixelHit 501, 1840, 4.42437, 0
PixelHit 501, 1841, 2.87641, 0
PixelHit 501, 1842, 14.4907, 0
PixelHit 501, 1843, 26.503, 0
PixelHit 501, 1844, 9.21357, 0
PixelHit 501, 1845, 4.44607, 0
PixelHit 502, 1837, 4.80452, 0
PixelHit 502, 1838, 19.5999, 0
PixelHit 502, 1839, 18.7073, 0
PixelHit 502, 1840, 13.5437, 0
PixelHit 502, 1841, 6.65117, 0
PixelHit 502, 1842, 3.47582, 0
PixelHit 502, 1843, 3.64276, 0
PixelHit 503, 1834, 0.797348, 0
PixelHit 503, 1836, 5.15981, 0
PixelHit 503, 1837, 16.7558, 0
PixelHit 503, 1838, 22.0433, 0
PixelHit 503, 1839, 26.7843, 0
PixelHit 503, 1840, 3.51149, 0
PixelHit 503, 1841, 5.08806, 0
PixelHit 503, 1842, 2.85508, 0
PixelHit 504, 1832, 2.67389, 0
PixelHit 504, 1833, 1.75703, 0
PixelHit 504, 1834, 7.76338, 0
PixelHit 504, 1835, 9.0566, 0
PixelHit 504, 1836, 12.3334, 0
PixelHit 504, 1837, 24.5094, 0
PixelHit 504, 1838, 24.5382, 0
PixelHit 504, 1839, 6.96286, 0
PixelHit 504, 1840, 3.35206, 0
PixelHit 505, 1832, 6.59913, 0
PixelHit 505, 1833, 19.6378, 0
PixelHit 505, 1834, 23.2372, 0
PixelHit 505, 1835, 16.2749, 0
PixelHit 505, 1836, 8.15257, 0
PixelHit 505, 1837, 9.86641, 0
PixelHit 505, 1838, 9.10952, 0
PixelHit 505, 1839, 2.1358, 0
PixelHit 506, 1830, 4.06231, 0
PixelHit 506, 1831, 7.14022, 0
PixelHit 506, 1832, 19.2796, 0
PixelHit 506, 1833, 17.8356, 0
PixelHit 506, 1834, 30.8994, 0
PixelHit 506, 1835, 9.94068, 0
PixelHit 506, 1836, 1.98718, 0
PixelHit 506, 1838, 3.55719, 0
PixelHit 507, 1826, -0.529273, 0
PixelHit 507, 1827, 0.874188, 0
PixelHit 507, 1829, 6.87794, 0
PixelHit 507, 1830, 15.4983, 0
PixelHit 507, 1831, 11.8787, 0
PixelHit 507, 1832, 24.3977, 0
PixelHit 507, 1833, 23.046, 0
PixelHit 507, 1834, 12.358, 0
PixelHit 507, 1835, 4.69009, 0
PixelHit 508, 1826, 0.392529, 0
PixelHit 508, 1827, 3.39931, 0
PixelHit 508, 1828, 5.04154, 0
PixelHit 508, 1829, 18.8331, 0
PixelHit 508, 1830, 32.2287, 0
PixelHit 508, 1831, 23.9115, 0
PixelHit 508, 1832, 7.90134, 0
PixelHit 508, 1833, 11.8805, 0
PixelHit 508, 1834, 7.55529, 0
PixelHit 508, 1835, 1.9958, 0
PixelHit 508, 1836, 1.30068, 0
PixelHit 509, 1825, 6.07574, 0
PixelHit 509, 1826, 14.3645, 0
PixelHit 509, 1827, 16.3183, 0
PixelHit 509, 1828, 15.2795, 0
PixelHit 509, 1829, 24.1876, 0
PixelHit 509, 1830, 19.2112, 0
PixelHit 509, 1831, 11.6367, 0
PixelHit 509, 1832, 4.16219, 0
PixelHit 510, 1824, 3.49626, 0
PixelHit 510, 1825, 6.66779, 0
PixelHit 510, 1826, 23.8025, 0
PixelHit 510, 1827, 32.9394, 0
PixelHit 510, 1828, 27.4559, 0
PixelHit 510, 1829, 17.7249, 0
PixelHit 510, 1830, 8.23575, 0
PixelHit 510, 1831, 3.94992, 0
PixelHit 511, 1821, 1.47621, 0
PixelHit 511, 1823, 8.04361, 0
PixelHit 511, 1824, 9.89377, 0
PixelHit 511, 1825, 8.6817, 0
PixelHit 511, 1826, 14.4425, 0
PixelHit 511, 1827, 17.4492, 0
PixelHit 511, 1828, 11.8682, 0
PixelHit 511, 1829, 3.05813, 0
PixelHit 512, 1820, 2.21087, 0
PixelHit 512, 1822, 4.02262, 0
PixelHit 512, 1823, 9.39403, 0
PixelHit 512, 1824, 9.97136, 0
PixelHit 512, 1825, 20.1555, 0
PixelHit 512, 1826, 11.0206, 0
PixelHit 512, 1827, 5.51171, 0
PixelHit 512, 1828, 1.86604, 0
PixelHit 513, 1820, 8.6274, 0
PixelHit 513, 1821, 5.65945, 0
PixelHit 513, 1823, 4.85686, 0
PixelHit 513, 1824, 7.14036, 0
PixelHit 513, 1825, 4.20611, 0
PixelHit 513, 1826, 1.90368, 0
PixelHit 513, 1827, 0.741151, 0
PixelHit 514, 1816, 1.78894, 0
PixelHit 514, 1817, 7.10644, 0
PixelHit 514, 1818, 2.94962, 0
PixelHit 514, 1819, 3.89071, 0
PixelHit 514, 1820, 10.7213, 0
PixelHit 514, 1821, 5.62214, 0
PixelHit 514, 1822, 4.55669, 0
PixelHit 514, 1823, 1.36826, 0
PixelHit 515, 1813, 1.38853, 0
PixelHit 515, 1814, 3.8258, 0
PixelHit 515, 1815, 4.15694, 0
PixelHit 515, 1816, 15.2713, 0
PixelHit 515, 1817, 17.6292, 0
PixelHit 515, 1818, 20.7783, 0
PixelHit 515, 1819, 11.6441, 0
PixelHit 515, 1820, 7.38979, 0
PixelHit 515, 1821, 3.4149, 0
PixelHit 515, 1822, 1.35447, 0
PixelHit 515, 1823, 1.02609, 0
PixelHit 516, 1813, 2.98908, 0
PixelHit 516, 1814, 7.52572, 0
PixelHit 516, 1815, 14.297, 0
PixelHit 516, 1816, 53.1816, 0
PixelHit 516, 1817, 54.5918, 0
PixelHit 516, 1818, 29.2891, 0
PixelHit 516, 1819, 9.63668, 0
PixelHit 516, 1820, 6.1784, 0
PixelHit 516, 1821, 2.77999, 0
PixelHit 517, 1811, 2.38767, 0
PixelHit 517, 1812, 1.84782, 0
PixelHit 517, 1813, 4.28175, 0
PixelHit 517, 1814, 12.6084, 0
PixelHit 517, 1815, 13.2243, 0
PixelHit 517, 1816, 43.2931, 0
PixelHit 517, 1817, 54.3359, 0
PixelHit 517, 1818, 24.1983, 0
PixelHit 517, 1820, 3.45453, 0
PixelHit 518, 1808, 2.54552, 0
PixelHit 518, 1809, 3.21863, 0
PixelHit 518, 1810, 5.11262, 0
PixelHit 518, 1811, 13.6058, 0
PixelHit 518, 1812, 14.2185, 0
PixelHit 518, 1813, 5.67694, 0
PixelHit 518, 1814, 13.0025, 0
PixelHit 518, 1815, 16.7042, 0
PixelHit 518, 1816, 18.7934, 0
PixelHit 518, 1817, 20.9855, 0
PixelHit 518, 1818, 10.4776, 0
PixelHit 518, 1819, 4.79355, 0
PixelHit 518, 1820, 1.55112, 0
PixelHit 519, 1808, 2.90113, 0
PixelHit 519, 1809, 6.34708, 0
PixelHit 519, 1810, 17.4607, 0
PixelHit 519, 1811, 22.5271, 0
PixelHit 519, 1812, 19.9085, 0
PixelHit 519, 1813, 18.6928, 0
PixelHit 519, 1814, 3.23227, 0
PixelHit 519, 1815, 8.84332, 0
PixelHit 519, 1816, 7.75028, 0
PixelHit 519, 1817, 1.77505, 0
PixelHit 519, 1818, 3.15051, 0
PixelHit 520, 1804, 1.67479, 0
PixelHit 520, 1805, 0.807654, 0
PixelHit 520, 1808, 3.35052, 0
PixelHit 520, 1809, 11.0734, 0
PixelHit 520, 1810, 37.6081, 0
PixelHit 520, 1811, 48.957, 0
PixelHit 520, 1812, 33.1555, 0
PixelHit 520, 1813, 12.0226, 0
PixelHit 520, 1814, 6.15948, 0
PixelHit 520, 1815, 6.14339, 0
PixelHit 520, 1816, 2.05742, 0
PixelHit 521, 1804, 1.88435, 0
PixelHit 521, 1806, 2.81433, 0
PixelHit 521, 1807, 3.12747, 0
PixelHit 521, 1808, 13.3937, 0
PixelHit 521, 1809, 14.6234, 0
PixelHit 521, 1810, 31.0853, 0
PixelHit 521, 1811, 28.0068, 0
PixelHit 521, 1812, 24.1261, 0
PixelHit 521, 1813, 8.09588, 0
PixelHit 521, 1814, 1.98922, 0
PixelHit 521, 1815, 2.73376, 0
PixelHit 522, 1803, 2.60394, 0
PixelHit 522, 1804, 9.06203, 0
PixelHit 522, 1805, 12.5902, 0
PixelHit 522, 1806, 7.62638, 0
PixelHit 522, 1807, 6.36331, 0
PixelHit 522, 1808, 7.8773, 0
PixelHit 522, 1809, 3.56485, 0
PixelHit 522, 1810, 11.6979, 0
PixelHit 522, 1811, 13.2387, 0
PixelHit 522, 1812, 7.04633, 0
PixelHit 523, 1802, 5.03392, 0
PixelHit 523, 1803, 13.01, 0
PixelHit 523, 1804, 28.0471, 0
PixelHit 523, 1805, 15.2834, 0
PixelHit 523, 1806, 14.8676, 0
PixelHit 523, 1807, 12.9365, 0
PixelHit 523, 1808, 4.25055, 0
PixelHit 523, 1809, 3.3964, 0
PixelHit 523, 1810, 6.11856, 0
PixelHit 524, 1801, 1.06613, 0
PixelHit 524, 1802, 13.3446, 0
PixelHit 524, 1803, 28.6097, 0
PixelHit 524, 1804, 36.322, 0
PixelHit 524, 1805, 22.4163, 0
PixelHit 524, 1806, 18.0199, 0
PixelHit 524, 1807, 3.70859, 0
PixelHit 524, 1808, 0.834681, 0
PixelHit 524, 1809, 2.79692, 0
PixelHit 525, 1802, 9.31519, 0
PixelHit 525, 1803, 21.5726, 0
PixelHit 525, 1804, 29.0532, 0
PixelHit 525, 1805, 23.4104, 0
PixelHit 525, 1806, 13.4832, 0
PixelHit 525, 1807, 4.78008, 0
PixelHit 526, 1801, 3.21439, 0
PixelHit 526, 1802, 8.7363, 0
PixelHit 526, 1803, 13.627, 0
PixelHit 526, 1804, 5.06741, 0
PixelHit 526, 1805, 4.94324, 0
PixelHit 526, 1806, 7.08973, 0
PixelHit 527, 1801, 2.22965, 0
PixelHit 527, 1802, 2.07769, 0
PixelHit 527, 1803, 1.62172, 0
PixelHit 527, 1804, 5.04066, 0
PixelHit 527, 1805, 2.82245, 0
PixelHit 527, 1806, 1.29322, 0
=== 20 ===
=== 21 ===
=== 22 ===
=== 23 ===
=== 24 ===
--- mydetector ---
PixelHit 841, 18, 0.660424, 0
PixelHit 842, 17, 7.52438, 0
PixelHit 842, 18, 68.7885, 0
PixelHit 842, 19, 63.3292, 0
PixelHit 843, 17, 215.619, 0
PixelHit 843, 18, 258.078, 0
PixelHit 843, 19, 47.0559, 0
PixelHit 844, 15, 2.40495, 0
PixelHit 844, 16, 51.889, 0
PixelHit 844, 17, 1366.51, 0
PixelHit 844, 18, 442.26, 0
PixelHit 845, 14, 8.00862, 0
PixelHit 845, 15, 47.9136, 0
PixelHit 845, 16, 45.9679, 0
PixelHit 845, 17, 22.8087, 0
PixelHit 845, 18, 5.17953, 0
PixelHit 846, 13, 5.39745, 0
PixelHit 846, 14, 51.279, 0
PixelHit 846, 15, 50.124, 0
PixelHit 846, 16, 5.85748, 0
PixelHit 847, 12, 10.707, 0
PixelHit 847, 13, 57.0442, 0
PixelHit 847, 14, 27.6757, 0
PixelHit 847, 15, 14.5406, 0
PixelHit 848, 11, 14.1417, 0
PixelHit 848, 12, 35.0571, 0
PixelHit 848, 13, 46.5621, 0
PixelHit 848, 14, 5.90629, 0
PixelHit 849, 9, 8.19819, 0
PixelHit 849, 10, 29.2611, 0
PixelHit 849, 11, 35.3512, 0
PixelHit 849, 12, 38.7858, 0
PixelHit 849, 13, 2.84326, 0
PixelHit 850, 8, 4.09932, 0
PixelHit 850, 9, 36.0299, 0
PixelHit 850, 10, 106.761, 0
PixelHit 850, 11, 49.1593, 0
PixelHit 850, 12, 4.32275, 0
PixelHit 851, 7, 12.8574, 0
PixelHit 851, 8, 27.9435, 0
PixelHit 851, 9, 44.4861, 0
PixelHit 851, 10, 63.6635, 0
PixelHit 851, 11, 12.2968, 0
PixelHit 852, 4, 0.0508477, 0
PixelHit 852, 6, 7.5285, 0
PixelHit 852, 7, 22.885, 0
PixelHit 852, 8, 44.3517, 0
PixelHit 852, 9, 24.7399, 0
PixelHit 852, 10, 8.14107, 0
PixelHit 853, 5, 7.77241, 0
PixelHit 853, 6, 21.9603, 0
PixelHit 853, 7, 23.6191, 0
PixelHit 853, 8, 10.1289, 0
PixelHit 853, 9, 7.27082, 0
PixelHit 854, 3, 7.35903, 0
PixelHit 854, 4, 12.867, 0
PixelHit 854, 5, 37.682, 0
PixelHit 854, 6, 27.6788, 0
PixelHit 854, 7, 9.27851, 0
PixelHit 854, 8, 7.18549, 0
PixelHit 855, 2, 8.06929, 0
PixelHit 855, 3, 40.6626, 0
PixelHit 855, 4, 59.1392, 0
PixelHit 855, 5, 43.1681, 0
PixelHit 855, 6, 16.9594, 0
PixelHit 855, 7, 3.75241, 0
PixelHit 856, 1, 13.8017, 0
PixelHit 856, 2, 28.0469, 0
PixelHit 856, 3, 75.0428, 0
PixelHit 856, 4, 67.6561, 0
PixelHit 856, 5, 36.6558, 0
PixelHit 856, 6, 2.71557, 0
PixelHit 856, 7, 1.68652, 0
PixelHit 857, 0, 4.456, 0
PixelHit 857, 1, 20.8485, 0
PixelHit 857, 2, 41.0906, 0
PixelHit 857, 3, 40.2727, 0
PixelHit 857, 4, 26.2462, 0
PixelHit 857, 5, 9.95057, 0
PixelHit 858, 0, 17.0998, 0
PixelHit 858, 1, 35.2301, 0
PixelHit 858, 2, 30.0129, 0
PixelHit 858, 3, 27.0839, 0
PixelHit 858, 4, 3.02539, 0
PixelHit 859, 0, 11.2747, 0
PixelHit 859, 1, 22.6117, 0
PixelHit 859, 2, 16.6698, 0
PixelHit 859, 4, 2.19117, 0
PixelHit 860, 0, 0.621714, 0
PixelHit 860, 1, 5.82197, 0
PixelHit 860, 2, 1.23668, 0
=== 25 ===
=== 26 ===
--- mydetector ---
PixelHit 1134, 1942, 1.13884, 0
PixelHit 1135, 1942, 3.78051, 0
PixelHit 1136, 1941, 1.39988, 0
PixelHit 1136, 1942, 7.05154, 0
PixelHit 1136, 1943, 3.40867, 0
PixelHit 1137, 1942, 7.29318, 0
PixelHit 1137, 1943, 3.71633, 0
PixelHit 1138, 1940, 1.24737, 0
PixelHit 1138, 1941, 2.81711, 0
PixelHit 1138, 1942, 4.30547, 0
PixelHit 1139, 1941, 2.15852, 0
PixelHit 1139, 1942, 1.42156, 0
PixelHit 1139, 1943, 2.22664, 0
=== 27 ===
=== 28 ===
=== 29 ===
=== 30 ===
=== 31 ===
=== 32 ===
=== 33 ===
=== 34 ===
=== 35 ===
=== 36 ===
=== 37 ===
=== 38 ===
=== 39 ===
=== 40 ===
=== 41 ===
=== 42 ===
=== 43 ===
=== 44 ===
=== 45 ===
=== 46 ===
=== 47 ===
=== 48 ===
=== 49 ===
=== 50 ===
=== 51 ===
=== 52 ===
=== 53 ===
=== 54 ===
=== 55 ===
=== 56 ===
=== 57 ===
=== 58 ===
=== 59 ===
=== 60 ===
=== 61 ===
=== 62 ===
=== 63 ===
=== 64 ===
=== 65 ===
=== 66 ===
=== 67 ===
=== 68 ===
=== 69 ===
=== 70 ===
=== 71 ===
=== 72 ===
=== 73 ===
=== 74 ===
=== 75 ===
=== 76 ===
=== 77 ===
=== 78 ===
=== 79 ===
=== 80 ===
=== 81 ===
=== 82 ===
=== 83 ===
=== 84 ===
=== 85 ===
=== 86 ===
=== 87 ===
=== 88 ===
=== 89 ===
=== 90 ===
=== 91 ===
=== 92 ===
=== 93 ===
=== 94 ===
=== 95 ===
=== 96 ===
=== 97 ===
=== 98 ===
=== 99 ===
=== 100 ===
# 443 objects from 3 messages
