# Allpix Squared ASCII data - https://cern.ch/allpix-squared

=== 1 ===
--- mydetector ---
PixelHit 284, 821, 34.8287, 0
PixelHit 284, 822, 4.05491, 0
PixelHit 285, 820, 0.688615, 0
PixelHit 285, 821, 125.342, 0
PixelHit 285, 822, 16.0995, 0
PixelHit 286, 820, 5.13286, 0
PixelHit 286, 821, 72.9887, 0
PixelHit 286, 822, 14.3644, 0
PixelHit 287, 820, 8.10051, 0
PixelHit 287, 821, 57.7157, 0
PixelHit 287, 822, 4.83641, 0
PixelHit 288, 820, 8.72149, 0
PixelHit 288, 821, 14.399, 0
PixelHit 288, 822, 2.33005, 0
PixelHit 289, 819, 1.90571, 0
PixelHit 289, 820, 11.392, 0
PixelHit 289, 821, 12.3107, 0
PixelHit 290, 819, 1.69984, 0
PixelHit 290, 820, 36.9362, 0
PixelHit 290, 821, 33.6667, 0
PixelHit 291, 819, 10.0622, 0
PixelHit 291, 820, 49.4156, 0
PixelHit 291, 821, 22.334, 0
PixelHit 291, 822, 4.96735, 0
PixelHit 292, 818, 2.65925, 0
PixelHit 292, 819, 27.2043, 0
PixelHit 292, 820, 96.7033, 0
PixelHit 292, 821, 29.4965, 0
PixelHit 293, 818, 5.45964, 0
PixelHit 293, 819, 63.2063, 0
PixelHit 293, 820, 162.426, 0
PixelHit 293, 821, 77.4393, 0
PixelHit 294, 818, 3.97384, 0
PixelHit 294, 819, 55.1247, 0
PixelHit 294, 820, 131.29, 0
PixelHit 294, 821, 40.0893, 0
PixelHit 294, 822, 5.7605, 0
PixelHit 295, 818, 4.30306, 0
PixelHit 295, 819, 53.836, 0
PixelHit 295, 820, 63.4503, 0
PixelHit 295, 821, 23.2052, 0
PixelHit 296, 818, 4.43052, 0
PixelHit 296, 819, 36.8574, 0
PixelHit 296, 820, 39.8825, 0
PixelHit 296, 821, 10.4162, 0
PixelHit 297, 818, 4.83184, 0
PixelHit 297, 819, 22.7912, 0
PixelHit 297, 820, 17.4592, 0
PixelHit 297, 821, 2.00091, 0
PixelHit 298, 817, 6.72163, 0
PixelHit 298, 818, 36.7201, 0
PixelHit 298, 819, 89.1262, 0
PixelHit 298, 820, 54.1026, 0
PixelHit 298, 821, 5.94881, 0
PixelHit 299, 817, 12.207, 0
PixelHit 299, 818, 112.986, 0
PixelHit 299, 819, 224.534, 0
PixelHit 299, 820, 137.47, 0
PixelHit 299, 821, 17.3796, 0
PixelHit 300, 817, 19.375, 0
PixelHit 300, 818, 111.382, 0
PixelHit 300, 819, 217.753, 0
PixelHit 300, 820, 126.027, 0
PixelHit 300, 821, 20.7363, 0
PixelHit 300, 822, 2.18198, 0
PixelHit 301, 816, 1.77749, 0
PixelHit 301, 817, 25.697, 0
PixelHit 301, 818, 105.486, 0
PixelHit 301, 819, 184.282, 0
PixelHit 301, 820, 83.682, 0
PixelHit 301, 821, 8.70133, 0
PixelHit 302, 817, 8.85898, 0
PixelHit 302, 818, 27.1957, 0
PixelHit 302, 819, 69.2419, 0
PixelHit 302, 820, 27.9676, 0
PixelHit 302, 821, 4.87846, 0
PixelHit 303, 817, 4.94354, 0
PixelHit 303, 818, 26.3547, 0
PixelHit 303, 819, 26.281, 0
PixelHit 303, 820, 12.8877, 0
PixelHit 303, 821, 3.83388, 0
PixelHit 304, 816, 1.49818, 0
PixelHit 304, 817, 4.22129, 0
PixelHit 304, 818, 26.0081, 0
PixelHit 304, 819, 22.9806, 0
PixelHit 304, 820, 9.42314, 0
PixelHit 304, 822, -0.437256, 0
PixelHit 305, 817, 7.49869, 0
PixelHit 305, 818, 20.9366, 0
PixelHit 305, 819, 11.9557, 0
PixelHit 305, 820, 3.10444, 0
PixelHit 306, 816, 3.70835, 0
PixelHit 306, 817, 11.6247, 0
PixelHit 306, 818, 18.9184, 0
PixelHit 306, 819, 14.0876, 0
PixelHit 306, 820, 4.7129, 0
PixelHit 307, 816, 3.11406, 0
PixelHit 307, 817, 20.4743, 0
PixelHit 307, 818, 30.1168, 0
PixelHit 307, 819, 17.5102, 0
PixelHit 307, 820, 3.89201, 0
PixelHit 308, 816, 4.72572, 0
PixelHit 308, 817, 23.6423, 0
PixelHit 308, 818, 35.7855, 0
PixelHit 308, 819, 20.5266, 0
PixelHit 308, 820, 5.17999, 0
PixelHit 309, 816, 5.84754, 0
PixelHit 309, 817, 21.2516, 0
PixelHit 309, 818, 36.4176, 0
PixelHit 309, 819, 15.2333, 0
PixelHit 310, 815, 1.50212, 0
PixelHit 310, 816, 2.859, 0
PixelHit 310, 817, 13.793, 0
PixelHit 310, 818, 10.8775, 0
PixelHit 310, 819, 7.64941, 0
PixelHit 310, 820, 1.29177, 0
PixelHit 311, 815, 4.09356, 0
PixelHit 311, 816, 15.0829, 0
PixelHit 311, 817, 23.6495, 0
PixelHit 311, 818, 28.2014, 0
PixelHit 311, 819, 10.4385, 0
PixelHit 311, 820, 5.17809, 0
PixelHit 312, 815, 6.68068, 0
PixelHit 312, 816, 26.8734, 0
PixelHit 312, 817, 38.3048, 0
PixelHit 312, 818, 42.7257, 0
PixelHit 312, 819, 16.7083, 0
PixelHit 313, 814, 3.39177, 0
PixelHit 313, 815, 13.5809, 0
PixelHit 313, 816, 39.7776, 0
PixelHit 313, 817, 67.1253, 0
PixelHit 313, 818, 66.4376, 0
PixelHit 313, 819, 21.7394, 0
PixelHit 313, 820, 5.27656, 0
PixelHit 313, 821, 3.4217, 0
PixelHit 314, 814, 1.73692, 0
PixelHit 314, 815, 21.4686, 0
PixelHit 314, 816, 37.6113, 0
PixelHit 314, 817, 60.7245, 0
PixelHit 314, 818, 39.2891, 0
PixelHit 314, 819, 17.4496, 0
PixelHit 315, 813, 2.06587, 0
PixelHit 315, 814, 3.2068, 0
PixelHit 315, 815, 8.81481, 0
PixelHit 315, 816, 37.756, 0
PixelHit 315, 817, 45.9934, 0
PixelHit 315, 818, 23.5812, 0
PixelHit 315, 819, 16.4549, 0
PixelHit 316, 815, 10.2747, 0
PixelHit 316, 816, 11.8432, 0
PixelHit 316, 817, 23.4939, 0
PixelHit 316, 818, 36.5868, 0
PixelHit 316, 819, 7.02562, 0
PixelHit 316, 820, 3.43805, 0
PixelHit 317, 815, 7.69054, 0
PixelHit 317, 816, 22.2422, 0
PixelHit 317, 817, 31.5279, 0
PixelHit 317, 818, 11.5538, 0
PixelHit 317, 819, 2.04438, 0
PixelHit 318, 814, 3.8401, 0
PixelHit 318, 815, 18.3675, 0
PixelHit 318, 816, 35.3814, 0
PixelHit 318, 817, 45.0558, 0
PixelHit 318, 818, 21.169, 0
PixelHit 318, 819, 3.18002, 0
PixelHit 319, 814, 6.11603, 0
PixelHit 319, 815, 15.1434, 0
PixelHit 319, 816, 33.7118, 0
PixelHit 319, 817, 31.317, 0
PixelHit 319, 818, 17.5576, 0
PixelHit 319, 819, 4.84245, 0
PixelHit 320, 814, 4.90625, 0
PixelHit 320, 815, 10.1679, 0
PixelHit 320, 816, 29.494, 0
PixelHit 320, 817, 20.3187, 0
PixelHit 320, 818, 6.7895, 0
PixelHit 320, 819, 2.0764, 0
PixelHit 321, 817, 7.42665, 0
=== 2 ===
=== 3 ===
=== 4 ===
=== 5 ===
=== 6 ===
=== 7 ===
=== 8 ===
=== 9 ===
=== 10 ===
=== 11 ===
=== 12 ===
=== 13 ===
=== 14 ===
=== 15 ===
=== 16 ===
=== 17 ===
=== 18 ===
=== 19 ===
=== 20 ===
=== 21 ===
=== 22 ===
=== 23 ===
=== 24 ===
=== 25 ===
=== 26 ===
=== 27 ===
=== 28 ===
=== 29 ===
=== 30 ===
=== 31 ===
=== 32 ===
=== 33 ===
=== 34 ===
=== 35 ===
=== 36 ===
=== 37 ===
=== 38 ===
=== 39 ===
=== 40 ===
=== 41 ===
=== 42 ===
=== 43 ===
=== 44 ===
=== 45 ===
=== 46 ===
=== 47 ===
=== 48 ===
=== 49 ===
=== 50 ===
=== 51 ===
=== 52 ===
=== 53 ===
=== 54 ===
=== 55 ===
=== 56 ===
=== 57 ===
=== 58 ===
=== 59 ===
=== 60 ===
=== 61 ===
=== 62 ===
=== 63 ===
=== 64 ===
=== 65 ===
=== 66 ===
=== 67 ===
=== 68 ===
=== 69 ===
=== 70 ===
=== 71 ===
=== 72 ===
=== 73 ===
=== 74 ===
=== 75 ===
=== 76 ===
=== 77 ===
=== 78 ===
=== 79 ===
--- mydetector ---
PixelHit 1619, 761, 2.02691, 0
PixelHit 1620, 760, 1.81883, 0
PixelHit 1620, 761, 33.7401, 0
PixelHit 1620, 762, 1.94747, 0
PixelHit 1621, 760, 4.07285, 0
PixelHit 1621, 761, 187.351, 0
PixelHit 1622, 760, 14.5704, 0
PixelHit 1622, 761, 21.6994, 0
PixelHit 1622, 762, 2.9416, 0
PixelHit 1623, 760, 33.7443, 0
PixelHit 1623, 761, 73.0181, 0
PixelHit 1623, 762, 7.0428, 0
PixelHit 1624, 759, 2.79727, 0
PixelHit 1624, 760, 35.5667, 0
PixelHit 1624, 761, 65.7492, 0
PixelHit 1624, 762, 1.97054, 0
PixelHit 1625, 760, 28.3578, 0
PixelHit 1625, 761, 43.0422, 0
PixelHit 1625, 762, 4.44234, 0
PixelHit 1626, 759, 3.92864, 0
PixelHit 1626, 760, 48.3566, 0
PixelHit 1626, 761, 36.1767, 0
PixelHit 1626, 762, 6.49088, 0
PixelHit 1627, 759, 7.18957, 0
PixelHit 1627, 760, 43.3928, 0
PixelHit 1627, 761, 28.3463, 0
PixelHit 1627, 762, 2.48433, 0
PixelHit 1628, 759, 3.73944, 0
PixelHit 1628, 760, 26.0258, 0
PixelHit 1628, 761, 10.8211, 0
PixelHit 1628, 762, 1.29434, 0
PixelHit 1629, 759, 8.74204, 0
PixelHit 1629, 760, 35.2666, 0
PixelHit 1629, 761, 23.5152, 0
PixelHit 1630, 758, 4.08386, 0
PixelHit 1630, 759, 18.9133, 0
PixelHit 1630, 760, 29.8867, 0
PixelHit 1630, 761, 9.30602, 0
PixelHit 1631, 759, 15.9595, 0
PixelHit 1631, 760, 30.0236, 0
PixelHit 1631, 761, 15.5397, 0
PixelHit 1631, 762, 3.00128, 0
PixelHit 1632, 758, 6.59788, 0
PixelHit 1632, 759, 17.8929, 0
PixelHit 1632, 760, 26.7146, 0
PixelHit 1632, 761, 11.0588, 0
PixelHit 1633, 758, 2.21466, 0
PixelHit 1633, 759, 12.4475, 0
PixelHit 1633, 760, 27.4304, 0
PixelHit 1633, 761, 9.21066, 0
PixelHit 1634, 758, 9.13366, 0
PixelHit 1634, 759, 21.4767, 0
PixelHit 1634, 760, 19.54, 0
PixelHit 1634, 761, 9.44205, 0
PixelHit 1635, 757, 3.68048, 0
PixelHit 1635, 758, 9.30101, 0
PixelHit 1635, 759, 25.2201, 0
PixelHit 1635, 760, 20.1669, 0
PixelHit 1635, 761, 7.80488, 0
PixelHit 1635, 762, 1.88443, 0
PixelHit 1636, 757, 3.27132, 0
PixelHit 1636, 758, 7.74879, 0
PixelHit 1636, 759, 29.6223, 0
PixelHit 1636, 760, 21.6594, 0
PixelHit 1636, 761, 1.81784, 0
PixelHit 1637, 756, 1.91276, 0
PixelHit 1637, 757, 6.2024, 0
PixelHit 1637, 758, 21.342, 0
PixelHit 1637, 759, 32.363, 0
PixelHit 1637, 760, 21.0829, 0
PixelHit 1637, 761, 10.8146, 0
PixelHit 1638, 756, 2.94456, 0
PixelHit 1638, 757, 2.89899, 0
PixelHit 1638, 758, 30.5417, 0
PixelHit 1638, 759, 40.0752, 0
PixelHit 1638, 760, 40.1038, 0
PixelHit 1638, 761, 10.5042, 0
PixelHit 1638, 762, 4.03217, 0
PixelHit 1639, 756, 4.00989, 0
PixelHit 1639, 757, 13.7033, 0
PixelHit 1639, 758, 29.3394, 0
PixelHit 1639, 759, 50.6024, 0
PixelHit 1639, 760, 35.5226, 0
PixelHit 1639, 761, 13.0397, 0
PixelHit 1640, 756, 2.43758, 0
PixelHit 1640, 757, 18.1747, 0
PixelHit 1640, 758, 39.3284, 0
PixelHit 1640, 759, 68.4932, 0
PixelHit 1640, 760, 56.1671, 0
PixelHit 1640, 761, 13.0903, 0
PixelHit 1641, 755, 3.98626, 0
PixelHit 1641, 756, 4.56701, 0
PixelHit 1641, 757, 17.6372, 0
PixelHit 1641, 758, 45.3468, 0
PixelHit 1641, 759, 64.1932, 0
PixelHit 1641, 760, 37.952, 0
PixelHit 1641, 761, 11.8961, 0
PixelHit 1641, 762, 2.31742, 0
PixelHit 1642, 757, 6.55056, 0
PixelHit 1642, 758, 27.082, 0
PixelHit 1642, 759, 39.4274, 0
PixelHit 1642, 760, 20.6407, 0
PixelHit 1642, 761, 7.22706, 0
PixelHit 1643, 757, 5.41189, 0
PixelHit 1643, 758, 17.6838, 0
PixelHit 1643, 759, 20.9447, 0
PixelHit 1643, 760, 22.4641, 0
PixelHit 1643, 761, 5.44543, 0
PixelHit 1643, 762, 2.47367, 0
PixelHit 1644, 756, 0.795792, 0
PixelHit 1644, 757, 6.20415, 0
PixelHit 1644, 758, 9.16229, 0
PixelHit 1644, 759, 12.2342, 0
PixelHit 1644, 760, 8.3936, 0
PixelHit 1644, 761, 1.55081, 0
PixelHit 1645, 757, 0.272667, 0
PixelHit 1645, 758, 3.08938, 0
PixelHit 1645, 759, 7.39943, 0
PixelHit 1645, 760, 6.51917, 0
PixelHit 1646, 757, 1.41162, 0
PixelHit 1646, 759, 2.49206, 0
=== 80 ===
=== 81 ===
=== 82 ===
=== 83 ===
=== 84 ===
=== 85 ===
=== 86 ===
=== 87 ===
=== 88 ===
=== 89 ===
=== 90 ===
=== 91 ===
=== 92 ===
=== 93 ===
=== 94 ===
=== 95 ===
=== 96 ===
=== 97 ===
=== 98 ===
=== 99 ===
=== 100 ===
# 299 objects from 2 messages
