# Allpix Squared ASCII data - https://cern.ch/allpix-squared

=== 1 ===
=== 2 ===
=== 3 ===
=== 4 ===
=== 5 ===
=== 6 ===
=== 7 ===
=== 8 ===
=== 9 ===
=== 10 ===
=== 11 ===
=== 12 ===
=== 13 ===
=== 14 ===
=== 15 ===
=== 16 ===
=== 17 ===
=== 18 ===
=== 19 ===
=== 20 ===
=== 21 ===
=== 22 ===
=== 23 ===
=== 24 ===
=== 25 ===
=== 26 ===
=== 27 ===
=== 28 ===
=== 29 ===
=== 30 ===
--- mydetector ---
PixelHit 1304, 1661, 1.53197, 0
PixelHit 1304, 1662, 11.5334, 0
PixelHit 1304, 1663, 11.7805, 0
PixelHit 1305, 1659, 9.13812, 0
PixelHit 1305, 1660, 38.5062, 0
PixelHit 1305, 1661, 20.9655, 0
PixelHit 1305, 1662, 20.2717, 0
PixelHit 1305, 1663, 3.31096, 0
PixelHit 1306, 1657, 6.10691, 0
PixelHit 1306, 1658, 40.7624, 0
PixelHit 1306, 1659, 69.8807, 0
PixelHit 1306, 1660, 121.287, 0
PixelHit 1306, 1661, 6.20833, 0
PixelHit 1307, 1654, 5.09998, 0
PixelHit 1307, 1655, 3.45468, 0
PixelHit 1307, 1656, 3.66838, 0
PixelHit 1307, 1657, 24.2535, 0
PixelHit 1307, 1658, 37.9785, 0
PixelHit 1307, 1659, 14.4659, 0
PixelHit 1308, 1653, 3.17871, 0
PixelHit 1308, 1654, 49.5808, 0
PixelHit 1308, 1655, 44.7639, 0
PixelHit 1308, 1656, 7.99748, 0
PixelHit 1308, 1657, 2.67504, 0
PixelHit 1309, 1651, 3.97085, 0
PixelHit 1309, 1652, 4.2319, 0
PixelHit 1309, 1653, 17.6131, 0
PixelHit 1309, 1654, 24.0164, 0
PixelHit 1309, 1655, 4.82021, 0
PixelHit 1310, 1648, 6.74944, 0
PixelHit 1310, 1649, 11.5468, 0
PixelHit 1310, 1650, 9.63649, 0
PixelHit 1310, 1651, 3.72982, 0
PixelHit 1310, 1652, 4.4113, 0
PixelHit 1310, 1655, 0.996602, 0
PixelHit 1311, 1646, 10.5723, 0
PixelHit 1311, 1647, 20.7213, 0
PixelHit 1311, 1648, 23.1097, 0
PixelHit 1311, 1649, 21.7309, 0
PixelHit 1311, 1650, 8.65044, 0
PixelHit 1312, 1641, 2.44638, 0
PixelHit 1312, 1642, 3.07105, 0
PixelHit 1312, 1643, 2.92545, 0
PixelHit 1312, 1644, 4.62069, 0
PixelHit 1312, 1645, 8.67419, 0
PixelHit 1312, 1646, 26.5537, 0
PixelHit 1312, 1647, 32.8452, 0
PixelHit 1312, 1648, 12.0577, 0
PixelHit 1312, 1649, 1.37889, 0
PixelHit 1312, 1650, -0.063898, 0
PixelHit 1313, 1639, 1.28808, 0
PixelHit 1313, 1640, 1.26057, 0
PixelHit 1313, 1641, 5.70318, 0
PixelHit 1313, 1642, 5.82945, 0
PixelHit 1313, 1643, 26.3157, 0
PixelHit 1313, 1644, 16.6216, 0
PixelHit 1313, 1645, 10.2828, 0
PixelHit 1313, 1646, 8.22721, 0
PixelHit 1313, 1647, 9.91206, 0
PixelHit 1313, 1648, 2.18921, 0
PixelHit 1314, 1636, 1.26546, 0
PixelHit 1314, 1637, 1.8611, 0
PixelHit 1314, 1638, 3.90293, 0
PixelHit 1314, 1639, 5.18783, 0
PixelHit 1314, 1640, 12.6461, 0
PixelHit 1314, 1641, 34.2482, 0
PixelHit 1314, 1642, 21.5118, 0
PixelHit 1314, 1643, 20.7281, 0
PixelHit 1314, 1644, 11.914, 0
PixelHit 1315, 1636, 1.79421, 0
PixelHit 1315, 1637, 8.84137, 0
PixelHit 1315, 1638, 22.0174, 0
PixelHit 1315, 1639, 29.6378, 0
PixelHit 1315, 1640, 40.0643, 0
PixelHit 1315, 1641, 23.6976, 0
PixelHit 1315, 1642, 8.63903, 0
PixelHit 1315, 1643, 1.69607, 0
PixelHit 1315, 1644, 1.94873, 0
PixelHit 1316, 1633, 3.40518, 0
PixelHit 1316, 1634, 2.46837, 0
PixelHit 1316, 1635, 2.89507, 0
PixelHit 1316, 1636, 15.3791, 0
PixelHit 1316, 1637, 39.0947, 0
PixelHit 1316, 1638, 48.5492, 0
PixelHit 1316, 1639, 29.5058, 0
PixelHit 1316, 1640, 17.2756, 0
PixelHit 1316, 1641, 6.08478, 0
PixelHit 1317, 1630, 2.23339, 0
PixelHit 1317, 1632, 4.06258, 0
PixelHit 1317, 1633, 16.9616, 0
PixelHit 1317, 1634, 39.6371, 0
PixelHit 1317, 1635, 20.4984, 0
PixelHit 1317, 1636, 19.9067, 0
PixelHit 1317, 1637, 28.0246, 0
PixelHit 1317, 1638, 8.70978, 0
PixelHit 1317, 1639, 5.58254, 0
PixelHit 1317, 1640, 2.82334, 0
PixelHit 1318, 1629, 3.42726, 0
PixelHit 1318, 1630, 6.71419, 0
PixelHit 1318, 1631, 13.1857, 0
PixelHit 1318, 1632, 21.7851, 0
PixelHit 1318, 1633, 39.784, 0
PixelHit 1318, 1634, 44.4263, 0
PixelHit 1318, 1635, 23.127, 0
PixelHit 1318, 1636, 6.33192, 0
PixelHit 1318, 1637, 9.55604, 0
PixelHit 1318, 1638, 1.41706, 0
PixelHit 1319, 1626, 1.52942, 0
PixelHit 1319, 1627, 0.944547, 0
PixelHit 1319, 1628, 4.65931, 0
PixelHit 1319, 1629, 23.2127, 0
PixelHit 1319, 1630, 50.4093, 0
PixelHit 1319, 1631, 27.4167, 0
PixelHit 1319, 1632, 22.3743, 0
PixelHit 1319, 1633, 16.0518, 0
PixelHit 1319, 1634, 9.15636, 0
PixelHit 1319, 1635, 5.19796, 0
PixelHit 1319, 1636, 1.24261, 0
PixelHit 1320, 1625, 3.70064, 0
PixelHit 1320, 1626, 9.6072, 0
PixelHit 1320, 1627, 13.286, 0
PixelHit 1320, 1628, 21.8631, 0
PixelHit 1320, 1629, 17.4341, 0
PixelHit 1320, 1630, 43.9605, 0
PixelHit 1320, 1631, 24.414, 0
PixelHit 1320, 1632, 9.33899, 0
PixelHit 1320, 1633, 1.73206, 0
PixelHit 1321, 1621, 4.16231, 0
PixelHit 1321, 1622, 3.85699, 0
PixelHit 1321, 1623, 10.5097, 0
PixelHit 1321, 1624, 4.91255, 0
PixelHit 1321, 1625, 11.6094, 0
PixelHit 1321, 1626, 11.1546, 0
PixelHit 1321, 1627, 15.3185, 0
PixelHit 1321, 1628, 20.1282, 0
PixelHit 1321, 1629, 10.588, 0
PixelHit 1321, 1630, 9.0068, 0
PixelHit 1321, 1631, 4.00354, 0
PixelHit 1321, 1632, 0.546376, 0
PixelHit 1322, 1618, 3.01073, 0
PixelHit 1322, 1619, 2.56708, 0
PixelHit 1322, 1620, 5.96163, 0
PixelHit 1322, 1621, 11.1905, 0
PixelHit 1322, 1622, 17.4978, 0
PixelHit 1322, 1623, 21.8338, 0
PixelHit 1322, 1624, 27.0236, 0
PixelHit 1322, 1625, 6.74319, 0
PixelHit 1322, 1626, 6.8252, 0
PixelHit 1322, 1627, 9.39697, 0
PixelHit 1322, 1628, 3.07922, 0
PixelHit 1322, 1629, 3.96753, 0
PixelHit 1322, 1630, 4.34314, 0
PixelHit 1323, 1613, 4.05633, 0
PixelHit 1323, 1614, 2.194, 0
PixelHit 1323, 1616, 3.00566, 0
PixelHit 1323, 1617, 7.50902, 0
PixelHit 1323, 1618, 9.65888, 0
PixelHit 1323, 1619, 16.7663, 0
PixelHit 1323, 1620, 8.30398, 0
PixelHit 1323, 1621, 32.5977, 0
PixelHit 1323, 1622, 25.9652, 0
PixelHit 1323, 1623, 24.2163, 0
PixelHit 1323, 1624, 3.58334, 0
PixelHit 1323, 1625, 7.88741, 0
PixelHit 1324, 1612, 7.56743, 0
PixelHit 1324, 1613, 12.0903, 0
PixelHit 1324, 1614, 9.50307, 0
PixelHit 1324, 1615, 15.9517, 0
PixelHit 1324, 1616, 17.6056, 0
PixelHit 1324, 1617, 20.8399, 0
PixelHit 1324, 1618, 15.7787, 0
PixelHit 1324, 1619, 20.1797, 0
PixelHit 1324, 1620, 16.6304, 0
PixelHit 1324, 1621, 20.4544, 0
PixelHit 1324, 1622, 8.25421, 0
PixelHit 1324, 1623, 8.17386, 0
PixelHit 1324, 1624, 4.51516, 0
PixelHit 1324, 1625, 1.17013, 0
PixelHit 1325, 1610, 1.71317, 0
PixelHit 1325, 1611, 12.5754, 0
PixelHit 1325, 1612, 40.8586, 0
PixelHit 1325, 1613, 88.8489, 0
PixelHit 1325, 1614, 67.033, 0
PixelHit 1325, 1615, 42.3823, 0
PixelHit 1325, 1616, 28.0546, 0
PixelHit 1325, 1617, 31.1018, 0
PixelHit 1325, 1618, 12.516, 0
PixelHit 1325, 1619, 4.64347, 0
PixelHit 1325, 1620, 7.84614, 0
PixelHit 1325, 1621, 5.79542, 0
PixelHit 1326, 1608, 5.30707, 0
PixelHit 1326, 1609, 17.4819, 0
PixelHit 1326, 1610, 21.2631, 0
PixelHit 1326, 1611, 42.4305, 0
PixelHit 1326, 1612, 127.714, 0
PixelHit 1326, 1613, 222.413, 0
PixelHit 1326, 1614, 160.481, 0
PixelHit 1326, 1615, 53.49, 0
PixelHit 1326, 1616, 31.1264, 0
PixelHit 1326, 1617, 9.79885, 0
PixelHit 1326, 1618, 3.2568, 0
PixelHit 1326, 1620, 0.373284, 0
PixelHit 1327, 1605, 2.50176, 0
PixelHit 1327, 1606, 6.96758, 0
PixelHit 1327, 1607, 7.90031, 0
PixelHit 1327, 1608, 36.6237, 0
PixelHit 1327, 1609, 52.7299, 0
PixelHit 1327, 1610, 59.0583, 0
PixelHit 1327, 1611, 64.197, 0
PixelHit 1327, 1612, 114.659, 0
PixelHit 1327, 1613, 179.457, 0
PixelHit 1327, 1614, 114.369, 0
PixelHit 1327, 1615, 37.2226, 0
PixelHit 1327, 1616, 4.78439, 0
PixelHit 1327, 1617, 1.77882, 0
PixelHit 1328, 1599, 1.78074, 0
PixelHit 1328, 1604, 5.69472, 0
PixelHit 1328, 1605, 7.46369, 0
PixelHit 1328, 1606, 6.26343, 0
PixelHit 1328, 1607, 21.1519, 0
PixelHit 1328, 1608, 42.1139, 0
PixelHit 1328, 1609, 97.7187, 0
PixelHit 1328, 1610, 65.321, 0
PixelHit 1328, 1611, 46.8452, 0
PixelHit 1328, 1612, 33.4216, 0
PixelHit 1328, 1613, 38.4854, 0
PixelHit 1328, 1614, 25.4927, 0
PixelHit 1328, 1615, 7.08831, 0
PixelHit 1329, 1600, 1.37306, 0
PixelHit 1329, 1601, 4.54709, 0
PixelHit 1329, 1602, 6.03549, 0
PixelHit 1329, 1603, 7.52157, 0
PixelHit 1329, 1604, 9.76199, 0
PixelHit 1329, 1605, 9.42776, 0
PixelHit 1329, 1606, 13.9809, 0
PixelHit 1329, 1607, 17.1234, 0
PixelHit 1329, 1608, 17.6996, 0
PixelHit 1329, 1609, 40.1029, 0
PixelHit 1329, 1610, 30.5495, 0
PixelHit 1329, 1611, 4.89985, 0
PixelHit 1329, 1612, 5.81941, 0
PixelHit 1329, 1613, 7.68351, 0
PixelHit 1329, 1614, 2.72473, 0
PixelHit 1330, 1595, 2.0237, 0
PixelHit 1330, 1596, 1.31451, 0
PixelHit 1330, 1597, 2.01036, 0
PixelHit 1330, 1598, 3.12936, 0
PixelHit 1330, 1599, 2.40025, 0
PixelHit 1330, 1600, 9.9661, 0
PixelHit 1330, 1601, 11.36, 0
PixelHit 1330, 1602, 6.0087, 0
PixelHit 1330, 1603, 14.8885, 0
PixelHit 1330, 1604, 8.06492, 0
PixelHit 1330, 1605, 13.819, 0
PixelHit 1330, 1606, 7.8255, 0
PixelHit 1330, 1607, 9.90167, 0
PixelHit 1330, 1608, 8.55556, 0
PixelHit 1330, 1609, 3.82062, 0
PixelHit 1330, 1610, 4.36199, 0
PixelHit 1330, 1611, 2.53611, 0
PixelHit 1330, 1614, -0.160577, 0
PixelHit 1331, 1593, 2.5281, 0
PixelHit 1331, 1594, 2.28857, 0
PixelHit 1331, 1595, 5.7389, 0
PixelHit 1331, 1596, 13.0712, 0
PixelHit 1331, 1597, 6.75139, 0
PixelHit 1331, 1598, 8.17269, 0
PixelHit 1331, 1599, 8.39712, 0
PixelHit 1331, 1600, 22.8983, 0
PixelHit 1331, 1601, 17.6969, 0
PixelHit 1331, 1602, 7.71318, 0
PixelHit 1331, 1603, 4.68769, 0
PixelHit 1331, 1604, 11.0731, 0
PixelHit 1331, 1605, 6.00362, 0
PixelHit 1331, 1606, 3.96778, 0
PixelHit 1331, 1607, 1.64309, 0
PixelHit 1331, 1608, -0.383315, 0
PixelHit 1331, 1609, 2.40412, 0
PixelHit 1332, 1590, 2.7854, 0
PixelHit 1332, 1591, 1.52088, 0
PixelHit 1332, 1592, 2.01752, 0
PixelHit 1332, 1593, 6.47536, 0
PixelHit 1332, 1594, 11.6538, 0
PixelHit 1332, 1595, 23.9063, 0
PixelHit 1332, 1596, 22.9194, 0
PixelHit 1332, 1597, 14.3327, 0
PixelHit 1332, 1598, 9.12772, 0
PixelHit 1332, 1599, 20.3482, 0
PixelHit 1332, 1600, 19.3515, 0
PixelHit 1332, 1601, 14.8337, 0
PixelHit 1332, 1602, 8.07186, 0
PixelHit 1332, 1604, 0.643431, 0
PixelHit 1332, 1605, 1.83178, 0
PixelHit 1332, 1606, 2.12911, 0
PixelHit 1333, 1587, 2.50116, 0
PixelHit 1333, 1590, 2.35388, 0
PixelHit 1333, 1591, 6.76609, 0
PixelHit 1333, 1592, 10.1758, 0
PixelHit 1333, 1593, 17.6517, 0
PixelHit 1333, 1594, 29.6045, 0
PixelHit 1333, 1595, 29.2673, 0
PixelHit 1333, 1596, 33.2642, 0
PixelHit 1333, 1597, 26.7496, 0
PixelHit 1333, 1598, 7.75764, 0
PixelHit 1333, 1599, 4.63977, 0
PixelHit 1333, 1600, 7.45941, 0
PixelHit 1333, 1601, 4.7042, 0
PixelHit 1333, 1603, 1.61271, 0
PixelHit 1334, 1584, 1.20053, 0
PixelHit 1334, 1586, 1.87095, 0
PixelHit 1334, 1587, 1.26196, 0
PixelHit 1334, 1588, 4.83939, 0
PixelHit 1334, 1589, 2.25358, 0
PixelHit 1334, 1590, 3.60797, 0
PixelHit 1334, 1591, 10.1504, 0
PixelHit 1334, 1592, 22.1469, 0
PixelHit 1334, 1593, 18.9799, 0
PixelHit 1334, 1594, 29.2409, 0
PixelHit 1334, 1595, 36.7105, 0
PixelHit 1334, 1596, 21.0306, 0
PixelHit 1334, 1597, 11.3857, 0
PixelHit 1334, 1598, 0.601936, 0
PixelHit 1335, 1583, 10.9127, 0
PixelHit 1335, 1584, 4.70913, 0
PixelHit 1335, 1585, 5.13666, 0
PixelHit 1335, 1586, 2.06312, 0
PixelHit 1335, 1587, 7.00683, 0
PixelHit 1335, 1588, 16.5787, 0
PixelHit 1335, 1589, 7.63822, 0
PixelHit 1335, 1590, 6.71467, 0
PixelHit 1335, 1591, 11.6622, 0
PixelHit 1335, 1592, 8.66393, 0
PixelHit 1335, 1593, 9.36248, 0
PixelHit 1335, 1594, 16.1099, 0
PixelHit 1335, 1595, 13.5276, 0
PixelHit 1335, 1596, 4.72545, 0
PixelHit 1335, 1597, 1.90168, 0
PixelHit 1335, 1601, 1.7148, 0
PixelHit 1336, 1581, 3.11919, 0
PixelHit 1336, 1582, 6.32453, 0
PixelHit 1336, 1583, 25.0391, 0
PixelHit 1336, 1584, 28.1549, 0
PixelHit 1336, 1585, 21.3768, 0
PixelHit 1336, 1586, 6.42918, 0
PixelHit 1336, 1587, 13.9905, 0
PixelHit 1336, 1588, 15.5526, 0
PixelHit 1336, 1589, 12.2037, 0
PixelHit 1336, 1590, 8.34064, 0
PixelHit 1336, 1591, 4.66478, 0
PixelHit 1336, 1592, 2.11697, 0
PixelHit 1336, 1593, 3.68806, 0
PixelHit 1336, 1594, 2.27664, 0
PixelHit 1337, 1576, 2.04287, 0
PixelHit 1337, 1577, 0.946479, 0
PixelHit 1337, 1578, 0.7509, 0
PixelHit 1337, 1579, 2.04699, 0
PixelHit 1337, 1580, 3.63196, 0
PixelHit 1337, 1581, 12.0699, 0
PixelHit 1337, 1582, 17.4714, 0
PixelHit 1337, 1583, 48.0865, 0
PixelHit 1337, 1584, 53.6878, 0
PixelHit 1337, 1585, 37.7385, 0
PixelHit 1337, 1586, 16.3876, 0
PixelHit 1337, 1587, 5.55815, 0
PixelHit 1337, 1588, 3.92042, 0
PixelHit 1337, 1589, 3.32848, 0
PixelHit 1337, 1590, 4.83147, 0
PixelHit 1337, 1595, 0.842207, 0
PixelHit 1338, 1574, 2.44179, 0
PixelHit 1338, 1575, 2.73476, 0
PixelHit 1338, 1577, 9.75633, 0
PixelHit 1338, 1578, 10.0668, 0
PixelHit 1338, 1579, 17.9899, 0
PixelHit 1338, 1580, 20.3683, 0
PixelHit 1338, 1581, 19.1586, 0
PixelHit 1338, 1582, 26.845, 0
PixelHit 1338, 1583, 46.9944, 0
PixelHit 1338, 1584, 55.8752, 0
PixelHit 1338, 1585, 28.2181, 0
PixelHit 1338, 1586, 12.8892, 0
PixelHit 1338, 1587, 3.15958, 0
PixelHit 1338, 1588, 4.83475, 0
PixelHit 1339, 1574, 1.58929, 0
PixelHit 1339, 1575, 6.8047, 0
PixelHit 1339, 1576, 7.65031, 0
PixelHit 1339, 1577, 18.962, 0
PixelHit 1339, 1578, 20.4415, 0
PixelHit 1339, 1579, 21.3574, 0
PixelHit 1339, 1580, 25.0568, 0
PixelHit 1339, 1581, 21.5848, 0
PixelHit 1339, 1582, 13.542, 0
PixelHit 1339, 1583, 23.2966, 0
PixelHit 1339, 1584, 24.2934, 0
PixelHit 1339, 1585, 4.65153, 0
PixelHit 1339, 1586, 1.88306, 0
PixelHit 1340, 1570, 3.31877, 0
PixelHit 1340, 1571, 3.0549, 0
PixelHit 1340, 1572, 5.59498, 0
PixelHit 1340, 1573, 9.57817, 0
PixelHit 1340, 1574, 6.75515, 0
PixelHit 1340, 1575, 14.2165, 0
PixelHit 1340, 1576, 8.2701, 0
PixelHit 1340, 1577, 12.1081, 0
PixelHit 1340, 1578, 15.924, 0
PixelHit 1340, 1579, 18.8879, 0
PixelHit 1340, 1580, 15.3344, 0
PixelHit 1340, 1581, 13.6982, 0
PixelHit 1340, 1582, 6.15344, 0
PixelHit 1340, 1583, 6.42942, 0
PixelHit 1340, 1584, 7.82677, 0
PixelHit 1340, 1585, 1.39117, 0
PixelHit 1341, 1569, 2.6705, 0
PixelHit 1341, 1570, 0.95935, 0
PixelHit 1341, 1571, 1.62046, 0
PixelHit 1341, 1572, 9.30011, 0
PixelHit 1341, 1573, 12.9864, 0
PixelHit 1341, 1574, 25.5478, 0
PixelHit 1341, 1575, 5.39868, 0
PixelHit 1341, 1576, 6.25264, 0
PixelHit 1341, 1577, 3.24701, 0
PixelHit 1341, 1578, 4.26641, 0
PixelHit 1341, 1579, 4.90014, 0
PixelHit 1341, 1580, 10.6312, 0
PixelHit 1341, 1582, 0.723443, 0
PixelHit 1341, 1583, 1.34281, 0
PixelHit 1342, 1571, 3.26962, 0
PixelHit 1342, 1572, 7.21716, 0
PixelHit 1342, 1573, 19.1679, 0
PixelHit 1342, 1574, 6.58486, 0
PixelHit 1342, 1575, 6.59414, 0
PixelHit 1342, 1576, 1.66758, 0
PixelHit 1342, 1577, 3.9343, 0
PixelHit 1342, 1579, 2.39264, 0
PixelHit 1342, 1580, 1.66047, 0
PixelHit 1342, 1581, 1.1088, 0
PixelHit 1343, 1570, 1.54034, 0
PixelHit 1343, 1572, 4.84462, 0
PixelHit 1343, 1573, 6.11709, 0
PixelHit 1343, 1574, 5.07398, 0
PixelHit 1343, 1575, 2.4918, 0
PixelHit 1343, 1576, 3.40317, 0
PixelHit 1344, 1571, 2.43168, 0
PixelHit 1344, 1573, 2.84384, 0
PixelHit 1344, 1574, 3.22932, 0
=== 31 ===
=== 32 ===
=== 33 ===
=== 34 ===
=== 35 ===
=== 36 ===
=== 37 ===
=== 38 ===
=== 39 ===
=== 40 ===
=== 41 ===
=== 42 ===
=== 43 ===
=== 44 ===
=== 45 ===
=== 46 ===
=== 47 ===
=== 48 ===
=== 49 ===
=== 50 ===
=== 51 ===
=== 52 ===
=== 53 ===
=== 54 ===
=== 55 ===
=== 56 ===
=== 57 ===
=== 58 ===
=== 59 ===
=== 60 ===
=== 61 ===
=== 62 ===
=== 63 ===
=== 64 ===
=== 65 ===
=== 66 ===
=== 67 ===
=== 68 ===
=== 69 ===
=== 70 ===
=== 71 ===
=== 72 ===
=== 73 ===
=== 74 ===
=== 75 ===
=== 76 ===
=== 77 ===
=== 78 ===
=== 79 ===
=== 80 ===
=== 81 ===
=== 82 ===
=== 83 ===
=== 84 ===
=== 85 ===
=== 86 ===
=== 87 ===
=== 88 ===
=== 89 ===
=== 90 ===
=== 91 ===
=== 92 ===
=== 93 ===
=== 94 ===
=== 95 ===
=== 96 ===
=== 97 ===
=== 98 ===
=== 99 ===
=== 100 ===
# 444 objects from 1 messages
