# Allpix Squared ASCII data - https://cern.ch/allpix-squared

=== 1 ===
=== 2 ===
=== 3 ===
=== 4 ===
=== 5 ===
=== 6 ===
=== 7 ===
=== 8 ===
=== 9 ===
=== 10 ===
=== 11 ===
=== 12 ===
=== 13 ===
=== 14 ===
--- mydetector ---
PixelHit 2157, 1190, 2.49995, 0
PixelHit 2157, 1191, 2.56949, 0
PixelHit 2157, 1194, 3.04229, 0
PixelHit 2157, 1195, 3.04802, 0
PixelHit 2157, 1196, 1.5422, 0
PixelHit 2157, 1197, 0.69299, 0
PixelHit 2157, 1205, 2.57857, 0
PixelHit 2157, 1206, 6.26396, 0
PixelHit 2157, 1207, 3.24371, 0
PixelHit 2157, 1208, 2.19645, 0
PixelHit 2157, 1211, 3.3326, 0
PixelHit 2157, 1212, 12.7363, 0
PixelHit 2157, 1213, 9.23776, 0
PixelHit 2157, 1214, 7.15502, 0
PixelHit 2158, 1168, 3.50025, 0
PixelHit 2158, 1171, 3.30841, 0
PixelHit 2158, 1176, 1.43687, 0
PixelHit 2158, 1182, 1.9902, 0
PixelHit 2158, 1183, 1.75353, 0
PixelHit 2158, 1186, 1.84243, 0
PixelHit 2158, 1187, 3.57358, 0
PixelHit 2158, 1188, 9.71242, 0
PixelHit 2158, 1189, 10.8384, 0
PixelHit 2158, 1190, 22.8013, 0
PixelHit 2158, 1191, 21.6615, 0
PixelHit 2158, 1192, 9.79023, 0
PixelHit 2158, 1193, 17.9598, 0
PixelHit 2158, 1194, 33.376, 0
PixelHit 2158, 1195, 31.5784, 0
PixelHit 2158, 1196, 33.1, 0
PixelHit 2158, 1197, 15.7823, 0
PixelHit 2158, 1198, 7.32163, 0
PixelHit 2158, 1199, 20.1215, 0
PixelHit 2158, 1200, 17.5184, 0
PixelHit 2158, 1201, 3.33025, 0
PixelHit 2158, 1202, 26.2989, 0
PixelHit 2158, 1203, 9.55606, 0
PixelHit 2158, 1204, 10.2606, 0
PixelHit 2158, 1205, 7.13149, 0
PixelHit 2158, 1206, 13.0698, 0
PixelHit 2158, 1207, 24.2803, 0
PixelHit 2158, 1208, 8.81619, 0
PixelHit 2158, 1209, 1.65846, 0
PixelHit 2158, 1211, 18.9343, 0
PixelHit 2158, 1212, 81.1814, 0
PixelHit 2158, 1213, 51.7488, 0
PixelHit 2158, 1214, 30.9501, 0
PixelHit 2158, 1215, 3.63099, 0
PixelHit 2159, 1158, 1.69503, 0
PixelHit 2159, 1160, 0.886875, 0
PixelHit 2159, 1168, 3.96862, 0
PixelHit 2159, 1169, 4.82827, 0
PixelHit 2159, 1170, 7.89002, 0
PixelHit 2159, 1171, 2.54225, 0
PixelHit 2159, 1172, 4.32607, 0
PixelHit 2159, 1173, 10.5951, 0
PixelHit 2159, 1174, 3.07291, 0
PixelHit 2159, 1176, 2.15968, 0
PixelHit 2159, 1177, 3.54469, 0
PixelHit 2159, 1178, 13.3244, 0
PixelHit 2159, 1179, 11.9651, 0
PixelHit 2159, 1180, 7.04894, 0
PixelHit 2159, 1181, 11.1626, 0
PixelHit 2159, 1182, 5.22141, 0
PixelHit 2159, 1183, 3.98504, 0
PixelHit 2159, 1184, 12.7588, 0
PixelHit 2159, 1185, 16.4979, 0
PixelHit 2159, 1186, 9.80434, 0
PixelHit 2159, 1187, 22.7537, 0
PixelHit 2159, 1188, 42.5374, 0
PixelHit 2159, 1189, 38.6661, 0
PixelHit 2159, 1190, 58.5181, 0
PixelHit 2159, 1191, 70.1671, 0
PixelHit 2159, 1192, 31.2383, 0
PixelHit 2159, 1193, 40.595, 0
PixelHit 2159, 1194, 63.336, 0
PixelHit 2159, 1195, 59.6147, 0
PixelHit 2159, 1196, 51.8957, 0
PixelHit 2159, 1197, 26.4743, 0
PixelHit 2159, 1198, 4.92543, 0
PixelHit 2159, 1199, 14.2932, 0
PixelHit 2159, 1200, 12.9065, 0
PixelHit 2159, 1202, 16.2224, 0
PixelHit 2159, 1203, 1.63038, 0
PixelHit 2159, 1206, 0.674217, 0
PixelHit 2159, 1207, 3.61848, 0
PixelHit 2159, 1208, 3.43141, 0
PixelHit 2159, 1213, 1.45752, 0
PixelHit 2160, 1140, 2.74052, 0
PixelHit 2160, 1143, 2.47194, 0
PixelHit 2160, 1144, 7.59027, 0
PixelHit 2160, 1145, 5.17874, 0
PixelHit 2160, 1146, 5.76715, 0
PixelHit 2160, 1147, 0.910617, 0
PixelHit 2160, 1150, 2.55888, 0
PixelHit 2160, 1152, 5.66083, 0
PixelHit 2160, 1154, 1.18359, 0
PixelHit 2160, 1156, 9.48948, 0
PixelHit 2160, 1160, 3.81818, 0
PixelHit 2160, 1161, 3.28825, 0
PixelHit 2160, 1162, 1.10017, 0
PixelHit 2160, 1164, 4.91293, 0
PixelHit 2160, 1165, 3.29472, 0
PixelHit 2160, 1167, 10.876, 0
PixelHit 2160, 1168, 20.1366, 0
PixelHit 2160, 1169, 18.887, 0
PixelHit 2160, 1170, 26.1136, 0
PixelHit 2160, 1171, 27.4112, 0
PixelHit 2160, 1172, 38.6935, 0
PixelHit 2160, 1173, 47.8494, 0
PixelHit 2160, 1174, 33.8665, 0
PixelHit 2160, 1175, 4.37713, 0
PixelHit 2160, 1176, 15.0318, 0
PixelHit 2160, 1177, 8.36986, 0
PixelHit 2160, 1178, 15.2166, 0
PixelHit 2160, 1179, 27.5436, 0
PixelHit 2160, 1180, 42.1366, 0
PixelHit 2160, 1181, 27.2776, 0
PixelHit 2160, 1182, 6.56947, 0
PixelHit 2160, 1183, 5.76523, 0
PixelHit 2160, 1184, 11.4058, 0
PixelHit 2160, 1185, 19.1129, 0
PixelHit 2160, 1186, 7.28426, 0
PixelHit 2160, 1187, 19.6705, 0
PixelHit 2160, 1188, 24.1851, 0
PixelHit 2160, 1189, 35.2379, 0
PixelHit 2160, 1190, 46.3356, 0
PixelHit 2160, 1191, 36.6947, 0
PixelHit 2160, 1192, 14.937, 0
PixelHit 2160, 1193, 21.1945, 0
PixelHit 2160, 1194, 25.8916, 0
PixelHit 2160, 1195, 16.4896, 0
PixelHit 2160, 1196, 6.83763, 0
PixelHit 2160, 1197, 2.05631, 0
PixelHit 2160, 1199, 2.33738, 0
PixelHit 2161, 1138, 3.97865, 0
PixelHit 2161, 1140, 3.31517, 0
PixelHit 2161, 1141, 0.658702, 0
PixelHit 2161, 1142, 6.41295, 0
PixelHit 2161, 1143, 16.2092, 0
PixelHit 2161, 1144, 25.6091, 0
PixelHit 2161, 1145, 33.6818, 0
PixelHit 2161, 1146, 24.6078, 0
PixelHit 2161, 1147, 12.2027, 0
PixelHit 2161, 1148, 5.43592, 0
PixelHit 2161, 1149, 7.69375, 0
PixelHit 2161, 1150, 5.29036, 0
PixelHit 2161, 1151, 10.3362, 0
PixelHit 2161, 1152, 1.93486, 0
PixelHit 2161, 1153, 3.36776, 0
PixelHit 2161, 1154, 8.71664, 0
PixelHit 2161, 1155, 11.4007, 0
PixelHit 2161, 1156, 9.84755, 0
PixelHit 2161, 1157, 8.51101, 0
PixelHit 2161, 1158, 7.33192, 0
PixelHit 2161, 1159, 6.08364, 0
PixelHit 2161, 1160, 14.318, 0
PixelHit 2161, 1161, 14.6668, 0
PixelHit 2161, 1162, 14.4729, 0
PixelHit 2161, 1163, 8.74989, 0
PixelHit 2161, 1164, 11.9676, 0
PixelHit 2161, 1165, 6.88798, 0
PixelHit 2161, 1166, 16.6702, 0
PixelHit 2161, 1167, 19.8614, 0
PixelHit 2161, 1168, 42.601, 0
PixelHit 2161, 1169, 50.7953, 0
PixelHit 2161, 1170, 48.8971, 0
PixelHit 2161, 1171, 61.317, 0
PixelHit 2161, 1172, 58.262, 0
PixelHit 2161, 1173, 91.2255, 0
PixelHit 2161, 1174, 41.9, 0
PixelHit 2161, 1175, 11.1842, 0
PixelHit 2161, 1176, 10.1515, 0
PixelHit 2161, 1177, 10.8132, 0
PixelHit 2161, 1178, 20.2838, 0
PixelHit 2161, 1179, 15.5137, 0
PixelHit 2161, 1180, 24.1661, 0
PixelHit 2161, 1181, 16.4901, 0
PixelHit 2161, 1182, 4.84873, 0
PixelHit 2161, 1183, 3.06099, 0
PixelHit 2161, 1186, 2.30354, 0
PixelHit 2161, 1187, 2.6629, 0
PixelHit 2161, 1188, 3.21209, 0
PixelHit 2161, 1189, 4.90724, 0
PixelHit 2161, 1190, 6.95641, 0
PixelHit 2161, 1191, 2.24872, 0
PixelHit 2161, 1194, 1.31206, 0
PixelHit 2162, 1134, 2.05057, 0
PixelHit 2162, 1135, 6.60795, 0
PixelHit 2162, 1136, 3.78255, 0
PixelHit 2162, 1137, 8.30809, 0
PixelHit 2162, 1138, 8.0978, 0
PixelHit 2162, 1139, 6.43787, 0
PixelHit 2162, 1140, 2.69989, 0
PixelHit 2162, 1142, 13.9286, 0
PixelHit 2162, 1143, 35.567, 0
PixelHit 2162, 1144, 71.7212, 0
PixelHit 2162, 1145, 123.817, 0
PixelHit 2162, 1146, 84.7652, 0
PixelHit 2162, 1147, 34.674, 0
PixelHit 2162, 1148, 9.82816, 0
PixelHit 2162, 1149, 10.3151, 0
PixelHit 2162, 1150, 12.7334, 0
PixelHit 2162, 1151, 17.8982, 0
PixelHit 2162, 1152, 3.99475, 0
PixelHit 2162, 1153, 7.10514, 0
PixelHit 2162, 1154, 8.16569, 0
PixelHit 2162, 1155, 24.5126, 0
PixelHit 2162, 1156, 20.3258, 0
PixelHit 2162, 1157, 20.1982, 0
PixelHit 2162, 1158, 4.00447, 0
PixelHit 2162, 1159, 8.06501, 0
PixelHit 2162, 1160, 14.4379, 0
PixelHit 2162, 1161, 18.881, 0
PixelHit 2162, 1162, 11.9512, 0
PixelHit 2162, 1163, 11.0894, 0
PixelHit 2162, 1164, 9.29409, 0
PixelHit 2162, 1165, 10.897, 0
PixelHit 2162, 1166, 13.407, 0
PixelHit 2162, 1167, 9.65364, 0
PixelHit 2162, 1168, 31.5468, 0
PixelHit 2162, 1169, 30.4109, 0
PixelHit 2162, 1170, 32.1031, 0
PixelHit 2162, 1171, 36.4322, 0
PixelHit 2162, 1172, 36.5226, 0
PixelHit 2162, 1173, 43.8194, 0
PixelHit 2162, 1174, 29.7323, 0
PixelHit 2162, 1175, 4.63749, 0
PixelHit 2162, 1176, 2.76468, 0
PixelHit 2162, 1177, 5.54922, 0
PixelHit 2162, 1178, 5.18447, 0
PixelHit 2162, 1179, 3.14623, 0
PixelHit 2162, 1180, 2.79202, 0
PixelHit 2162, 1181, 2.66946, 0
PixelHit 2162, 1186, 1.37466, 0
PixelHit 2163, 1132, 1.54032, 0
PixelHit 2163, 1133, 2.25126, 0
PixelHit 2163, 1134, 5.90909, 0
PixelHit 2163, 1135, 6.25513, 0
PixelHit 2163, 1136, 13.1345, 0
PixelHit 2163, 1137, 12.0686, 0
PixelHit 2163, 1138, 15.9378, 0
PixelHit 2163, 1139, 15.8268, 0
PixelHit 2163, 1140, 13.6147, 0
PixelHit 2163, 1141, 6.4124, 0
PixelHit 2163, 1142, 19.8913, 0
PixelHit 2163, 1143, 59.1656, 0
PixelHit 2163, 1144, 132.185, 0
PixelHit 2163, 1145, 193.367, 0
PixelHit 2163, 1146, 127.109, 0
PixelHit 2163, 1147, 59.7278, 0
PixelHit 2163, 1148, 26.4683, 0
PixelHit 2163, 1149, 20.0714, 0
PixelHit 2163, 1150, 15.3095, 0
PixelHit 2163, 1151, 19.0019, 0
PixelHit 2163, 1152, 14.3165, 0
PixelHit 2163, 1153, 9.33754, 0
PixelHit 2163, 1154, 12.8624, 0
PixelHit 2163, 1155, 10.3157, 0
PixelHit 2163, 1156, 28.523, 0
PixelHit 2163, 1157, 12.2001, 0
PixelHit 2163, 1158, 7.14618, 0
PixelHit 2163, 1159, 8.36769, 0
PixelHit 2163, 1160, 12.7685, 0
PixelHit 2163, 1161, 8.77059, 0
PixelHit 2163, 1162, 4.38653, 0
PixelHit 2163, 1163, 5.52467, 0
PixelHit 2163, 1164, 3.056, 0
PixelHit 2163, 1165, 2.24595, 0
PixelHit 2163, 1166, 1.6825, 0
PixelHit 2163, 1167, 4.16175, 0
PixelHit 2163, 1169, 6.04541, 0
PixelHit 2163, 1170, 8.96855, 0
PixelHit 2163, 1171, 5.43668, 0
PixelHit 2163, 1172, 9.17648, 0
PixelHit 2163, 1173, 10.1744, 0
PixelHit 2163, 1180, 1.88974, 0
PixelHit 2164, 1133, 2.3975, 0
PixelHit 2164, 1134, 2.71347, 0
PixelHit 2164, 1135, 6.33097, 0
PixelHit 2164, 1136, 11.8139, 0
PixelHit 2164, 1137, 6.40739, 0
PixelHit 2164, 1138, 16.3634, 0
PixelHit 2164, 1139, 7.70239, 0
PixelHit 2164, 1140, 5.99336, 0
PixelHit 2164, 1141, 8.95183, 0
PixelHit 2164, 1142, 19.8994, 0
PixelHit 2164, 1143, 30.3003, 0
PixelHit 2164, 1144, 96.4981, 0
PixelHit 2164, 1145, 120.389, 0
PixelHit 2164, 1146, 78.5096, 0
PixelHit 2164, 1147, 32.0828, 0
PixelHit 2164, 1148, 13.9799, 0
PixelHit 2164, 1149, 7.25595, 0
PixelHit 2164, 1150, 7.31368, 0
PixelHit 2164, 1151, 11.8472, 0
PixelHit 2164, 1152, 7.04484, 0
PixelHit 2164, 1153, 3.80452, 0
PixelHit 2164, 1154, 8.38015, 0
PixelHit 2164, 1155, 0.569214, 0
PixelHit 2164, 1156, 7.61527, 0
PixelHit 2164, 1157, 4.19495, 0
PixelHit 2164, 1159, 4.91635, 0
PixelHit 2164, 1160, 2.03053, 0
PixelHit 2164, 1161, 3.4358, 0
PixelHit 2164, 1163, 0.936215, 0
PixelHit 2164, 1164, 2.30512, 0
PixelHit 2164, 1165, 2.04983, 0
PixelHit 2165, 1134, 1.73469, 0
PixelHit 2165, 1135, 2.4062, 0
PixelHit 2165, 1136, 9.66755, 0
PixelHit 2165, 1137, 8.88448, 0
PixelHit 2165, 1139, 5.44355, 0
PixelHit 2165, 1141, 1.77396, 0
PixelHit 2165, 1142, 3.52537, 0
PixelHit 2165, 1143, 12.2586, 0
PixelHit 2165, 1144, 36.7415, 0
PixelHit 2165, 1145, 37.6167, 0
PixelHit 2165, 1146, 19.7234, 0
PixelHit 2165, 1147, 10.1711, 0
PixelHit 2165, 1149, 4.79079, 0
PixelHit 2165, 1152, 2.52444, 0
PixelHit 2165, 1153, 3.80458, 0
PixelHit 2165, 1156, 3.07025, 0
PixelHit 2165, 1161, 3.78858, 0
PixelHit 2166, 1139, 1.13175, 0
PixelHit 2166, 1144, 1.19665, 0
PixelHit 2166, 1145, 6.64014, 0
PixelHit 2166, 1146, 4.96467, 0
PixelHit 2167, 1146, 1.92956, 0
=== 15 ===
=== 16 ===
=== 17 ===
=== 18 ===
=== 19 ===
=== 20 ===
=== 21 ===
=== 22 ===
=== 23 ===
=== 24 ===
=== 25 ===
=== 26 ===
=== 27 ===
=== 28 ===
=== 29 ===
=== 30 ===
=== 31 ===
=== 32 ===
=== 33 ===
=== 34 ===
=== 35 ===
=== 36 ===
=== 37 ===
=== 38 ===
=== 39 ===
=== 40 ===
=== 41 ===
=== 42 ===
=== 43 ===
=== 44 ===
=== 45 ===
=== 46 ===
=== 47 ===
=== 48 ===
=== 49 ===
=== 50 ===
=== 51 ===
=== 52 ===
=== 53 ===
=== 54 ===
=== 55 ===
=== 56 ===
=== 57 ===
=== 58 ===
=== 59 ===
=== 60 ===
=== 61 ===
=== 62 ===
=== 63 ===
=== 64 ===
=== 65 ===
=== 66 ===
=== 67 ===
=== 68 ===
=== 69 ===
=== 70 ===
=== 71 ===
=== 72 ===
=== 73 ===
=== 74 ===
=== 75 ===
=== 76 ===
=== 77 ===
=== 78 ===
=== 79 ===
=== 80 ===
=== 81 ===
=== 82 ===
=== 83 ===
=== 84 ===
=== 85 ===
=== 86 ===
=== 87 ===
=== 88 ===
=== 89 ===
=== 90 ===
=== 91 ===
=== 92 ===
=== 93 ===
=== 94 ===
=== 95 ===
=== 96 ===
=== 97 ===
=== 98 ===
=== 99 ===
=== 100 ===
# 330 objects from 1 messages
