# Allpix Squared ASCII data - https://cern.ch/allpix-squared

=== 1 ===
=== 2 ===
=== 3 ===
=== 4 ===
=== 5 ===
=== 6 ===
=== 7 ===
=== 8 ===
--- mydetector ---
PixelHit 1192, 1126, 3.04908, 0
PixelHit 1192, 1135, 3.86713, 0
PixelHit 1193, 1127, 3.01862, 0
PixelHit 1193, 1128, 5.53415, 0
PixelHit 1193, 1129, 8.43009, 0
PixelHit 1193, 1130, 2.59665, 0
PixelHit 1193, 1131, 8.91833, 0
PixelHit 1193, 1132, 5.07078, 0
PixelHit 1193, 1133, 11.4005, 0
PixelHit 1193, 1134, 7.01665, 0
PixelHit 1193, 1135, 4.60575, 0
PixelHit 1193, 1136, 7.56615, 0
PixelHit 1193, 1137, 4.00767, 0
PixelHit 1193, 1138, 2.65585, 0
PixelHit 1193, 1140, 2.45887, 0
PixelHit 1193, 1141, 2.85342, 0
PixelHit 1193, 1143, -0.184581, 0
PixelHit 1193, 1144, 7.80332, 0
PixelHit 1193, 1145, 2.90143, 0
PixelHit 1194, 1125, 7.34563, 0
PixelHit 1194, 1126, 5.6072, 0
PixelHit 1194, 1127, 10.8996, 0
PixelHit 1194, 1128, 13.4057, 0
PixelHit 1194, 1129, 18.4189, 0
PixelHit 1194, 1130, 16.5554, 0
PixelHit 1194, 1131, 30.0687, 0
PixelHit 1194, 1132, 41.587, 0
PixelHit 1194, 1133, 26.2694, 0
PixelHit 1194, 1134, 13.2584, 0
PixelHit 1194, 1135, 16.4109, 0
PixelHit 1194, 1136, 25.7653, 0
PixelHit 1194, 1137, 15.8456, 0
PixelHit 1194, 1138, 12.2101, 0
PixelHit 1194, 1139, 20.6603, 0
PixelHit 1194, 1140, 14.2946, 0
PixelHit 1194, 1141, 14.9979, 0
PixelHit 1194, 1142, 9.37373, 0
PixelHit 1194, 1143, 51.6293, 0
PixelHit 1194, 1144, 106.889, 0
PixelHit 1194, 1145, 57.3015, 0
PixelHit 1194, 1146, 37.8509, 0
PixelHit 1194, 1147, 153.403, 0
PixelHit 1194, 1148, 4.67949, 0
PixelHit 1195, 1124, 1.61891, 0
PixelHit 1195, 1125, 6.41049, 0
PixelHit 1195, 1126, 4.70012, 0
PixelHit 1195, 1127, 14.3731, 0
PixelHit 1195, 1128, 16.0584, 0
PixelHit 1195, 1129, 17.1925, 0
PixelHit 1195, 1130, 19.0358, 0
PixelHit 1195, 1131, 34.2447, 0
PixelHit 1195, 1132, 53.7545, 0
PixelHit 1195, 1133, 40.6092, 0
PixelHit 1195, 1134, 19.9649, 0
PixelHit 1195, 1135, 21.6792, 0
PixelHit 1195, 1136, 28.7459, 0
PixelHit 1195, 1137, 13.7011, 0
PixelHit 1195, 1138, 12.4001, 0
PixelHit 1195, 1139, 16.0612, 0
PixelHit 1195, 1140, 17.8599, 0
PixelHit 1195, 1141, 9.01642, 0
PixelHit 1195, 1142, 7.49377, 0
PixelHit 1195, 1143, 34.2822, 0
PixelHit 1195, 1144, 68.9517, 0
PixelHit 1195, 1145, 50.3502, 0
PixelHit 1195, 1146, 11.8147, 0
PixelHit 1195, 1147, 33.6555, 0
PixelHit 1195, 1148, 1.30223, 0
PixelHit 1196, 1123, 1.6769, 0
PixelHit 1196, 1125, 2.31595, 0
PixelHit 1196, 1127, 5.03806, 0
PixelHit 1196, 1128, 4.35454, 0
PixelHit 1196, 1129, 10.7186, 0
PixelHit 1196, 1130, 9.40575, 0
PixelHit 1196, 1131, 15.096, 0
PixelHit 1196, 1132, 28.4636, 0
PixelHit 1196, 1133, 11.8336, 0
PixelHit 1196, 1134, 3.94365, 0
PixelHit 1196, 1135, 10.564, 0
PixelHit 1196, 1136, 4.51304, 0
PixelHit 1196, 1137, 4.53463, 0
PixelHit 1196, 1138, 1.81517, 0
PixelHit 1196, 1139, 6.64119, 0
PixelHit 1196, 1140, 7.26184, 0
PixelHit 1196, 1142, 0.0950228, 0
PixelHit 1196, 1143, 2.81911, 0
PixelHit 1196, 1144, 2.99837, 0
PixelHit 1196, 1145, 2.44204, 0
PixelHit 1197, 1124, 1.95504, 0
PixelHit 1197, 1125, 2.29652, 0
PixelHit 1197, 1126, 4.36425, 0
PixelHit 1197, 1127, 4.4419, 0
PixelHit 1197, 1129, 2.57889, 0
PixelHit 1197, 1131, 6.29087, 0
PixelHit 1197, 1132, 9.55289, 0
PixelHit 1197, 1133, 2.53355, 0
PixelHit 1197, 1140, 1.11622, 0
PixelHit 1198, 1129, 2.26953, 0
PixelHit 1198, 1136, 1.45639, 0
PixelHit 1277, 940, 2.06542, 0
PixelHit 1277, 943, 3.16447, 0
PixelHit 1277, 944, 0.813689, 0
PixelHit 1277, 946, 4.12089, 0
PixelHit 1277, 947, 3.30297, 0
PixelHit 1277, 948, 1.56505, 0
PixelHit 1278, 939, 3.55096, 0
PixelHit 1278, 940, 11.5094, 0
PixelHit 1278, 941, 12.7449, 0
PixelHit 1278, 942, 10.3922, 0
PixelHit 1278, 943, 5.84936, 0
PixelHit 1278, 944, 4.99092, 0
PixelHit 1278, 945, 5.66485, 0
PixelHit 1278, 946, 5.67321, 0
PixelHit 1278, 947, 6.39723, 0
PixelHit 1278, 948, 14.3969, 0
PixelHit 1278, 949, 8.73932, 0
PixelHit 1278, 950, 4.31643, 0
PixelHit 1278, 951, 5.72475, 0
PixelHit 1278, 952, 5.0809, 0
PixelHit 1278, 954, 3.86527, 0
PixelHit 1278, 955, 1.63697, 0
PixelHit 1279, 939, 7.1344, 0
PixelHit 1279, 940, 30.6774, 0
PixelHit 1279, 941, 27.7143, 0
PixelHit 1279, 942, 37.3216, 0
PixelHit 1279, 943, 24.2127, 0
PixelHit 1279, 944, 21.138, 0
PixelHit 1279, 945, 20.1437, 0
PixelHit 1279, 946, 33.5501, 0
PixelHit 1279, 947, 47.7789, 0
PixelHit 1279, 948, 48.2934, 0
PixelHit 1279, 949, 33.7198, 0
PixelHit 1279, 950, 27.826, 0
PixelHit 1279, 951, 26.6285, 0
PixelHit 1279, 952, 29.7084, 0
PixelHit 1279, 953, 25.2769, 0
PixelHit 1279, 954, 34.1625, 0
PixelHit 1279, 955, 31.263, 0
PixelHit 1279, 956, 12.638, 0
PixelHit 1279, 957, 10.2593, 0
PixelHit 1279, 958, 8.42992, 0
PixelHit 1279, 960, 4.98657, 0
PixelHit 1280, 938, 3.94826, 0
PixelHit 1280, 939, 6.22332, 0
PixelHit 1280, 940, 42.0847, 0
PixelHit 1280, 941, 54.2288, 0
PixelHit 1280, 942, 50.8947, 0
PixelHit 1280, 943, 38.4218, 0
PixelHit 1280, 944, 21.5881, 0
PixelHit 1280, 945, 31.2868, 0
PixelHit 1280, 946, 40.3345, 0
PixelHit 1280, 947, 73.3935, 0
PixelHit 1280, 948, 82.3098, 0
PixelHit 1280, 949, 52.2321, 0
PixelHit 1280, 950, 56.3958, 0
PixelHit 1280, 951, 53.9803, 0
PixelHit 1280, 952, 49.1607, 0
PixelHit 1280, 953, 72.3284, 0
PixelHit 1280, 954, 58.8907, 0
PixelHit 1280, 955, 54.2685, 0
PixelHit 1280, 956, 38.6272, 0
PixelHit 1280, 957, 26.6013, 0
PixelHit 1280, 958, 22.076, 0
PixelHit 1280, 959, 19.145, 0
PixelHit 1280, 960, 12.4247, 0
PixelHit 1280, 961, 10.2769, 0
PixelHit 1281, 938, 2.32217, 0
PixelHit 1281, 939, 7.12125, 0
PixelHit 1281, 940, 21.0505, 0
PixelHit 1281, 941, 39.8799, 0
PixelHit 1281, 942, 41.5562, 0
PixelHit 1281, 943, 16.9552, 0
PixelHit 1281, 944, 17.4294, 0
PixelHit 1281, 945, 17.8386, 0
PixelHit 1281, 946, 25.3862, 0
PixelHit 1281, 947, 51.2701, 0
PixelHit 1281, 948, 47.6543, 0
PixelHit 1281, 949, 36.3449, 0
PixelHit 1281, 950, 21.0952, 0
PixelHit 1281, 951, 20.7648, 0
PixelHit 1281, 952, 26.5572, 0
PixelHit 1281, 953, 10.4146, 0
PixelHit 1281, 954, 29.4779, 0
PixelHit 1281, 955, 19.4566, 0
PixelHit 1281, 956, 6.60157, 0
PixelHit 1281, 957, 3.11284, 0
PixelHit 1281, 958, 4.88843, 0
PixelHit 1282, 938, 0.499825, 0
PixelHit 1282, 940, 20.0035, 0
PixelHit 1282, 941, 7.39114, 0
PixelHit 1282, 942, 10.8872, 0
PixelHit 1282, 943, 6.40974, 0
PixelHit 1282, 944, 2.99543, 0
PixelHit 1282, 945, 5.92922, 0
PixelHit 1282, 946, 8.24573, 0
PixelHit 1282, 947, 19.2359, 0
PixelHit 1282, 948, 4.88476, 0
PixelHit 1282, 949, 5.5746, 0
PixelHit 1282, 950, 3.8117, 0
PixelHit 1282, 951, 0.743541, 0
PixelHit 1282, 952, 1.41817, 0
PixelHit 1282, 953, 1.74637, 0
PixelHit 1282, 955, 1.98843, 0
PixelHit 1283, 939, 3.35885, 0
PixelHit 1283, 941, 2.9466, 0
PixelHit 1283, 945, 2.14711, 0
PixelHit 1283, 947, 0.969634, 0
PixelHit 1283, 951, 3.0444, 0
=== 9 ===
=== 10 ===
=== 11 ===
=== 12 ===
=== 13 ===
=== 14 ===
=== 15 ===
=== 16 ===
=== 17 ===
=== 18 ===
=== 19 ===
=== 20 ===
=== 21 ===
=== 22 ===
=== 23 ===
=== 24 ===
=== 25 ===
=== 26 ===
=== 27 ===
=== 28 ===
=== 29 ===
=== 30 ===
=== 31 ===
=== 32 ===
=== 33 ===
=== 34 ===
=== 35 ===
=== 36 ===
=== 37 ===
=== 38 ===
--- mydetector ---
PixelHit 1291, 947, 2.03928, 0
PixelHit 1291, 948, 0.99232, 0
PixelHit 1292, 943, 0.883661, 0
PixelHit 1292, 944, 4.60421, 0
PixelHit 1292, 945, 16.1008, 0
PixelHit 1292, 946, 14.4933, 0
PixelHit 1292, 947, 4.71818, 0
PixelHit 1292, 948, 8.91577, 0
PixelHit 1292, 949, 4.92174, 0
PixelHit 1292, 950, 4.12446, 0
PixelHit 1292, 951, 3.64669, 0
PixelHit 1292, 952, 3.60533, 0
PixelHit 1292, 959, 2.06628, 0
PixelHit 1293, 940, 2.42043, 0
PixelHit 1293, 941, 3.94974, 0
PixelHit 1293, 942, 4.59832, 0
PixelHit 1293, 943, 16.6033, 0
PixelHit 1293, 944, 15.4775, 0
PixelHit 1293, 945, 32.3212, 0
PixelHit 1293, 946, 44.9631, 0
PixelHit 1293, 947, 39.2524, 0
PixelHit 1293, 948, 28.8199, 0
PixelHit 1293, 949, 29.0291, 0
PixelHit 1293, 950, 24.1044, 0
PixelHit 1293, 951, 16.8295, 0
PixelHit 1293, 952, 12.0945, 0
PixelHit 1293, 953, 7.14773, 0
PixelHit 1293, 954, 4.55791, 0
PixelHit 1293, 955, 3.53554, 0
PixelHit 1293, 956, 10.2683, 0
PixelHit 1293, 957, 15.8909, 0
PixelHit 1293, 958, 24.7321, 0
PixelHit 1293, 959, 40.6004, 0
PixelHit 1293, 960, 23.2677, 0
PixelHit 1293, 961, 10.0932, 0
PixelHit 1293, 962, 1.48357, 0
PixelHit 1294, 941, 3.49754, 0
PixelHit 1294, 942, 11.1633, 0
PixelHit 1294, 943, 26.835, 0
PixelHit 1294, 944, 50.814, 0
PixelHit 1294, 945, 60.3659, 0
PixelHit 1294, 946, 88.8698, 0
PixelHit 1294, 947, 74.5813, 0
PixelHit 1294, 948, 59.4587, 0
PixelHit 1294, 949, 41.9053, 0
PixelHit 1294, 950, 33.2373, 0
PixelHit 1294, 951, 38.1708, 0
PixelHit 1294, 952, 21.9801, 0
PixelHit 1294, 953, 33.2442, 0
PixelHit 1294, 954, 16.4268, 0
PixelHit 1294, 955, 21.7111, 0
PixelHit 1294, 956, 46.6905, 0
PixelHit 1294, 957, 50.5974, 0
PixelHit 1294, 958, 107.611, 0
PixelHit 1294, 959, 284.242, 0
PixelHit 1294, 960, 155.414, 0
PixelHit 1294, 961, 92.1699, 0
PixelHit 1294, 962, 45.3037, 0
PixelHit 1294, 963, 44.7749, 0
PixelHit 1294, 964, 2.92316, 0
PixelHit 1295, 942, 8.85922, 0
PixelHit 1295, 943, 29.2309, 0
PixelHit 1295, 944, 37.5943, 0
PixelHit 1295, 945, 56.5691, 0
PixelHit 1295, 946, 67.0616, 0
PixelHit 1295, 947, 73.7742, 0
PixelHit 1295, 948, 55.543, 0
PixelHit 1295, 949, 34.7334, 0
PixelHit 1295, 950, 24.3352, 0
PixelHit 1295, 951, 16.9889, 0
PixelHit 1295, 952, 18.6204, 0
PixelHit 1295, 953, 7.11555, 0
PixelHit 1295, 954, 12.5211, 0
PixelHit 1295, 955, 17.3182, 0
PixelHit 1295, 956, 34.0323, 0
PixelHit 1295, 957, 20.0125, 0
PixelHit 1295, 958, 56.1468, 0
PixelHit 1295, 959, 160.45, 0
PixelHit 1295, 960, 97.8459, 0
PixelHit 1295, 961, 52.8021, 0
PixelHit 1295, 962, 4.75971, 0
PixelHit 1295, 963, 3.56165, 0
PixelHit 1295, 990, 4.89182, 0
PixelHit 1295, 998, 1.75471, 0
PixelHit 1296, 942, 4.63874, 0
PixelHit 1296, 943, 17.7784, 0
PixelHit 1296, 944, 15.9505, 0
PixelHit 1296, 945, 30.2341, 0
PixelHit 1296, 946, 33.6687, 0
PixelHit 1296, 947, 23.918, 0
PixelHit 1296, 948, 21.5471, 0
PixelHit 1296, 949, 18.3456, 0
PixelHit 1296, 950, 10.9276, 0
PixelHit 1296, 951, 4.26386, 0
PixelHit 1296, 952, 7.46056, 0
PixelHit 1296, 953, 3.50372, 0
PixelHit 1296, 955, 2.51728, 0
PixelHit 1296, 956, 3.04718, 0
PixelHit 1296, 957, 2.49326, 0
PixelHit 1296, 959, 12.8138, 0
PixelHit 1296, 960, 5.0666, 0
PixelHit 1296, 988, 3.64953, 0
PixelHit 1296, 989, 9.65883, 0
PixelHit 1296, 990, 12.3385, 0
PixelHit 1296, 991, 7.06008, 0
PixelHit 1296, 992, 5.65964, 0
PixelHit 1296, 994, 3.40818, 0
PixelHit 1296, 995, 1.81256, 0
PixelHit 1296, 996, 1.64628, 0
PixelHit 1296, 998, 3.6552, 0
PixelHit 1296, 1004, 1.01857, 0
PixelHit 1297, 943, 4.87416, 0
PixelHit 1297, 944, 4.88234, 0
PixelHit 1297, 945, 4.59907, 0
PixelHit 1297, 946, 3.03264, 0
PixelHit 1297, 948, 2.42859, 0
PixelHit 1297, 950, 1.56966, 0
PixelHit 1297, 955, 1.41411, 0
PixelHit 1297, 986, 2.16853, 0
PixelHit 1297, 988, 6.85066, 0
PixelHit 1297, 989, 18.9993, 0
PixelHit 1297, 990, 42.488, 0
PixelHit 1297, 991, 44.2546, 0
PixelHit 1297, 992, 23.3519, 0
PixelHit 1297, 993, 15.7985, 0
PixelHit 1297, 994, 12.6874, 0
PixelHit 1297, 995, 6.57928, 0
PixelHit 1297, 996, 13.7701, 0
PixelHit 1297, 997, 9.07124, 0
PixelHit 1297, 998, 19.106, 0
PixelHit 1297, 999, 20.6702, 0
PixelHit 1297, 1000, 18.8389, 0
PixelHit 1297, 1002, 5.25558, 0
PixelHit 1297, 1003, 4.25555, 0
PixelHit 1297, 1004, 12.4334, 0
PixelHit 1297, 1005, 5.18547, 0
PixelHit 1297, 1006, 4.32299, 0
PixelHit 1297, 1007, 10.3567, 0
PixelHit 1297, 1008, 1.69679, 0
PixelHit 1298, 945, 1.77253, 0
PixelHit 1298, 987, 8.25964, 0
PixelHit 1298, 988, 9.72412, 0
PixelHit 1298, 989, 28.613, 0
PixelHit 1298, 990, 60.7698, 0
PixelHit 1298, 991, 64.5266, 0
PixelHit 1298, 992, 43.334, 0
PixelHit 1298, 993, 16.6952, 0
PixelHit 1298, 994, 15.0733, 0
PixelHit 1298, 995, 14.7921, 0
PixelHit 1298, 996, 28.3479, 0
PixelHit 1298, 997, 30.7531, 0
PixelHit 1298, 998, 36.4214, 0
PixelHit 1298, 999, 50.7994, 0
PixelHit 1298, 1000, 27.7035, 0
PixelHit 1298, 1001, 17.9883, 0
PixelHit 1298, 1002, 15.3443, 0
PixelHit 1298, 1003, 32.7819, 0
PixelHit 1298, 1004, 72.7827, 0
PixelHit 1298, 1005, 28.9115, 0
PixelHit 1298, 1006, 72.2173, 0
PixelHit 1298, 1007, 162.492, 0
PixelHit 1298, 1008, 32.6868, 0
PixelHit 1299, 943, 3.48694, 0
PixelHit 1299, 987, 3.34851, 0
PixelHit 1299, 988, 10.2541, 0
PixelHit 1299, 989, 27.0362, 0
PixelHit 1299, 990, 45.8598, 0
PixelHit 1299, 991, 53.2518, 0
PixelHit 1299, 992, 36.7209, 0
PixelHit 1299, 993, 16.723, 0
PixelHit 1299, 994, 12.1953, 0
PixelHit 1299, 995, 15.4843, 0
PixelHit 1299, 996, 25.4589, 0
PixelHit 1299, 997, 11.2007, 0
PixelHit 1299, 998, 20.5691, 0
PixelHit 1299, 999, 26.3949, 0
PixelHit 1299, 1000, 21.6823, 0
PixelHit 1299, 1001, 3.43099, 0
PixelHit 1299, 1002, 7.4485, 0
PixelHit 1299, 1003, 9.29338, 0
PixelHit 1299, 1004, 19.6777, 0
PixelHit 1299, 1005, 9.42275, 0
PixelHit 1299, 1006, 4.24479, 0
PixelHit 1299, 1007, 8.54064, 0
PixelHit 1299, 1008, 4.83079, 0
PixelHit 1300, 988, 1.95797, 0
PixelHit 1300, 989, 8.25106, 0
PixelHit 1300, 990, 13.7113, 0
PixelHit 1300, 991, 16.8513, 0
PixelHit 1300, 992, 9.2882, 0
PixelHit 1300, 994, 1.75404, 0
PixelHit 1300, 996, 0.819803, 0
PixelHit 1300, 997, 2.07638, 0
PixelHit 1300, 998, 0.54438, 0
PixelHit 1300, 1000, 1.75259, 0
PixelHit 1301, 991, 2.07113, 0
PixelHit 1301, 993, 1.3128, 0
=== 39 ===
=== 40 ===
=== 41 ===
=== 42 ===
=== 43 ===
=== 44 ===
=== 45 ===
=== 46 ===
=== 47 ===
=== 48 ===
=== 49 ===
=== 50 ===
=== 51 ===
=== 52 ===
=== 53 ===
=== 54 ===
=== 55 ===
=== 56 ===
=== 57 ===
=== 58 ===
=== 59 ===
=== 60 ===
=== 61 ===
=== 62 ===
--- mydetector ---
PixelHit 1253, 855, 2.06973, 0
PixelHit 1253, 860, 0.837416, 0
PixelHit 1254, 853, 1.46813, 0
PixelHit 1254, 854, 1.06057, 0
PixelHit 1254, 855, 4.70502, 0
PixelHit 1254, 856, 5.04851, 0
PixelHit 1254, 857, 5.48719, 0
PixelHit 1254, 858, 5.1687, 0
PixelHit 1254, 859, 2.14668, 0
PixelHit 1254, 860, 4.40618, 0
PixelHit 1254, 861, 2.2934, 0
PixelHit 1254, 862, 2.93294, 0
PixelHit 1254, 863, 1.73202, 0
PixelHit 1254, 864, 2.53983, 0
PixelHit 1254, 866, 4.95943, 0
PixelHit 1254, 867, 2.29036, 0
PixelHit 1254, 868, 2.50207, 0
PixelHit 1255, 853, 4.53084, 0
PixelHit 1255, 854, 9.27608, 0
PixelHit 1255, 855, 18.9516, 0
PixelHit 1255, 856, 20.5492, 0
PixelHit 1255, 857, 14.2229, 0
PixelHit 1255, 858, 10.6993, 0
PixelHit 1255, 859, 31.8512, 0
PixelHit 1255, 860, 16.7986, 0
PixelHit 1255, 861, 22.1346, 0
PixelHit 1255, 862, 23.0827, 0
PixelHit 1255, 863, 10.241, 0
PixelHit 1255, 864, 15.7634, 0
PixelHit 1255, 865, 14.6415, 0
PixelHit 1255, 866, 16.4894, 0
PixelHit 1255, 867, 14.4037, 0
PixelHit 1255, 868, 7.66961, 0
PixelHit 1255, 869, 9.11125, 0
PixelHit 1255, 870, 14.043, 0
PixelHit 1255, 871, 1.30096, 0
PixelHit 1256, 853, 2.27644, 0
PixelHit 1256, 854, 19.3591, 0
PixelHit 1256, 855, 28.6974, 0
PixelHit 1256, 856, 34.3893, 0
PixelHit 1256, 857, 27.3799, 0
PixelHit 1256, 858, 31.7665, 0
PixelHit 1256, 859, 44.8563, 0
PixelHit 1256, 860, 49.0615, 0
PixelHit 1256, 861, 63.5552, 0
PixelHit 1256, 862, 46.2035, 0
PixelHit 1256, 863, 54.6008, 0
PixelHit 1256, 864, 29.887, 0
PixelHit 1256, 865, 26.5982, 0
PixelHit 1256, 866, 33.3495, 0
PixelHit 1256, 867, 41.9671, 0
PixelHit 1256, 868, 23.449, 0
PixelHit 1256, 869, 29.1569, 0
PixelHit 1256, 870, 55.8672, 0
PixelHit 1256, 871, 34.8793, 0
PixelHit 1256, 872, 60.4326, 0
PixelHit 1256, 873, 35.2091, 0
PixelHit 1257, 853, 1.90859, 0
PixelHit 1257, 854, 12.9296, 0
PixelHit 1257, 855, 16.8408, 0
PixelHit 1257, 856, 20.5811, 0
PixelHit 1257, 857, 14.3855, 0
PixelHit 1257, 858, 23.2604, 0
PixelHit 1257, 859, 34.6401, 0
PixelHit 1257, 860, 41.719, 0
PixelHit 1257, 861, 43.167, 0
PixelHit 1257, 862, 34.7961, 0
PixelHit 1257, 863, 42.0541, 0
PixelHit 1257, 864, 22.2976, 0
PixelHit 1257, 865, 14.7021, 0
PixelHit 1257, 866, 24.0979, 0
PixelHit 1257, 867, 23.8029, 0
PixelHit 1257, 868, 14.1972, 0
PixelHit 1257, 869, 16.3997, 0
PixelHit 1257, 870, 14.8557, 0
PixelHit 1257, 871, 4.06787, 0
PixelHit 1257, 872, 0.801821, 0
PixelHit 1257, 873, 2.90444, 0
PixelHit 1258, 853, 2.79898, 0
PixelHit 1258, 854, 5.49195, 0
PixelHit 1258, 855, 10.9011, 0
PixelHit 1258, 856, 12.5397, 0
PixelHit 1258, 857, 5.84775, 0
PixelHit 1258, 858, 5.27616, 0
PixelHit 1258, 859, 10.5366, 0
PixelHit 1258, 860, 13.9633, 0
PixelHit 1258, 861, 8.36827, 0
PixelHit 1258, 862, 8.6358, 0
PixelHit 1258, 863, 6.86751, 0
PixelHit 1258, 864, 2.90699, 0
PixelHit 1258, 865, 3.83233, 0
PixelHit 1258, 866, 2.86609, 0
PixelHit 1258, 867, 0.581213, 0
PixelHit 1258, 868, 0.821137, 0
PixelHit 1259, 855, 0.97307, 0
PixelHit 1259, 856, 5.89653, 0
PixelHit 1259, 857, 1.59054, 0
PixelHit 1259, 859, 0.65256, 0
PixelHit 1259, 860, 2.0509, 0
PixelHit 1260, 860, 2.18888, 0
PixelHit 1296, 964, 4.6072, 0
PixelHit 1296, 965, 4.07372, 0
PixelHit 1296, 966, 1.97315, 0
PixelHit 1296, 970, 1.94743, 0
PixelHit 1296, 975, 1.88593, 0
PixelHit 1297, 962, 1.68574, 0
PixelHit 1297, 963, 2.88088, 0
PixelHit 1297, 964, 13.5718, 0
PixelHit 1297, 965, 18.3347, 0
PixelHit 1297, 966, 19.1663, 0
PixelHit 1297, 967, 7.3897, 0
PixelHit 1297, 968, 8.48697, 0
PixelHit 1297, 969, 7.68086, 0
PixelHit 1297, 970, 9.20349, 0
PixelHit 1297, 971, 5.27998, 0
PixelHit 1297, 972, 5.05322, 0
PixelHit 1297, 973, 6.42127, 0
PixelHit 1297, 974, 2.11128, 0
PixelHit 1297, 975, 5.47975, 0
PixelHit 1297, 976, 4.46616, 0
PixelHit 1297, 977, 3.77643, 0
PixelHit 1297, 978, 6.02717, 0
PixelHit 1297, 980, 3.49323, 0
PixelHit 1297, 982, 3.41527, 0
PixelHit 1298, 962, 3.37194, 0
PixelHit 1298, 963, 17.6413, 0
PixelHit 1298, 964, 32.4027, 0
PixelHit 1298, 965, 33.9161, 0
PixelHit 1298, 966, 23.1866, 0
PixelHit 1298, 967, 24.3948, 0
PixelHit 1298, 968, 21.7273, 0
PixelHit 1298, 969, 19.4108, 0
PixelHit 1298, 970, 20.7725, 0
PixelHit 1298, 971, 14.2719, 0
PixelHit 1298, 972, 10.2082, 0
PixelHit 1298, 973, 14.8106, 0
PixelHit 1298, 974, 5.31358, 0
PixelHit 1298, 975, 11.345, 0
PixelHit 1298, 976, 31.5219, 0
PixelHit 1298, 977, 24.254, 0
PixelHit 1298, 978, 28.43, 0
PixelHit 1298, 979, 68.8382, 0
PixelHit 1298, 980, 50.9204, 0
PixelHit 1298, 981, 18.7939, 0
PixelHit 1298, 982, 27.323, 0
PixelHit 1298, 983, 54.4753, 0
PixelHit 1298, 984, 17.6517, 0
PixelHit 1298, 985, 9.907, 0
PixelHit 1299, 962, 3.25548, 0
PixelHit 1299, 963, 13.241, 0
PixelHit 1299, 964, 33.3213, 0
PixelHit 1299, 965, 32.306, 0
PixelHit 1299, 966, 34.8133, 0
PixelHit 1299, 967, 33.214, 0
PixelHit 1299, 968, 28.2188, 0
PixelHit 1299, 969, 18.4479, 0
PixelHit 1299, 970, 17.7525, 0
PixelHit 1299, 971, 13.0152, 0
PixelHit 1299, 972, 18.8837, 0
PixelHit 1299, 973, 14.0881, 0
PixelHit 1299, 974, 7.09553, 0
PixelHit 1299, 975, 12.536, 0
PixelHit 1299, 976, 30.268, 0
PixelHit 1299, 977, 31.152, 0
PixelHit 1299, 978, 39.5034, 0
PixelHit 1299, 979, 89.2395, 0
PixelHit 1299, 980, 63.6806, 0
PixelHit 1299, 981, 24.2704, 0
PixelHit 1299, 982, 68.3534, 0
PixelHit 1299, 983, 78.8502, 0
PixelHit 1299, 984, 31.2377, 0
PixelHit 1299, 985, 26.0423, 0
PixelHit 1300, 963, 7.36484, 0
PixelHit 1300, 964, 19.1923, 0
PixelHit 1300, 965, 20.6019, 0
PixelHit 1300, 966, 27.2363, 0
PixelHit 1300, 967, 12.2069, 0
PixelHit 1300, 968, 15.6041, 0
PixelHit 1300, 969, 13.8134, 0
PixelHit 1300, 970, 20.5502, 0
PixelHit 1300, 971, 9.88456, 0
PixelHit 1300, 972, 9.07879, 0
PixelHit 1300, 973, 5.26122, 0
PixelHit 1300, 975, 7.06141, 0
PixelHit 1300, 976, 12.184, 0
PixelHit 1300, 977, 12.8997, 0
PixelHit 1300, 978, 9.26207, 0
PixelHit 1300, 979, 29.8718, 0
PixelHit 1300, 980, 13.5145, 0
PixelHit 1300, 981, 4.91098, 0
PixelHit 1300, 982, 5.19401, 0
PixelHit 1300, 983, 6.06289, 0
PixelHit 1301, 963, 6.15452, 0
PixelHit 1301, 964, 3.29032, 0
PixelHit 1301, 965, 7.61279, 0
PixelHit 1301, 966, 0.895252, 0
PixelHit 1301, 967, 3.1021, 0
PixelHit 1301, 968, 3.40831, 0
PixelHit 1301, 969, 5.74634, 0
PixelHit 1301, 972, 2.61095, 0
PixelHit 1301, 973, 1.74282, 0
PixelHit 1302, 963, 1.37882, 0
PixelHit 1302, 965, 2.35294, 0
PixelHit 1302, 967, 1.91166, 0
=== 63 ===
=== 64 ===
=== 65 ===
=== 66 ===
=== 67 ===
=== 68 ===
=== 69 ===
=== 70 ===
=== 71 ===
=== 72 ===
=== 73 ===
=== 74 ===
=== 75 ===
=== 76 ===
=== 77 ===
=== 78 ===
=== 79 ===
=== 80 ===
=== 81 ===
=== 82 ===
=== 83 ===
=== 84 ===
=== 85 ===
=== 86 ===
=== 87 ===
=== 88 ===
=== 89 ===
=== 90 ===
=== 91 ===
=== 92 ===
=== 93 ===
=== 94 ===
=== 95 ===
=== 96 ===
=== 97 ===
=== 98 ===
=== 99 ===
=== 100 ===
# 609 objects from 3 messages
