# Allpix Squared ASCII data - https://cern.ch/allpix-squared

=== 1 ===
=== 2 ===
=== 3 ===
--- mydetector ---
PixelHit 1291, 986, 1.49451, 0
PixelHit 1291, 989, 7.57602, 0
PixelHit 1291, 990, 2.56907, 0
PixelHit 1291, 991, 7.99465, 0
PixelHit 1291, 992, 22.1657, 0
PixelHit 1292, 984, 7.32154, 0
PixelHit 1292, 985, 8.69223, 0
PixelHit 1292, 986, 12.0112, 0
PixelHit 1292, 987, 12.5984, 0
PixelHit 1292, 988, 29.1942, 0
PixelHit 1292, 989, 123.721, 0
PixelHit 1292, 990, 81.2319, 0
PixelHit 1292, 991, 25.6281, 0
PixelHit 1292, 992, 28.0926, 0
PixelHit 1293, 976, 1.65349, 0
PixelHit 1293, 977, 1.72072, 0
PixelHit 1293, 978, 3.96198, 0
PixelHit 1293, 980, 1.554, 0
PixelHit 1293, 982, 4.90497, 0
PixelHit 1293, 983, 15.3696, 0
PixelHit 1293, 984, 59.8879, 0
PixelHit 1293, 985, 105.449, 0
PixelHit 1293, 986, 83.8587, 0
PixelHit 1293, 987, 73.8955, 0
PixelHit 1293, 988, 42.3404, 0
PixelHit 1293, 989, 134.137, 0
PixelHit 1293, 990, 62.0265, 0
PixelHit 1293, 991, 3.66843, 0
PixelHit 1294, 974, 1.18628, 0
PixelHit 1294, 976, 3.17809, 0
PixelHit 1294, 977, 6.24238, 0
PixelHit 1294, 978, 29.622, 0
PixelHit 1294, 979, 19.0777, 0
PixelHit 1294, 980, 9.62764, 0
PixelHit 1294, 981, 22.8886, 0
PixelHit 1294, 982, 32.6778, 0
PixelHit 1294, 983, 51.7659, 0
PixelHit 1294, 984, 174.876, 0
PixelHit 1294, 985, 252.934, 0
PixelHit 1294, 986, 123.945, 0
PixelHit 1294, 987, 87.0033, 0
PixelHit 1294, 988, 19.7541, 0
PixelHit 1294, 989, 9.70488, 0
PixelHit 1294, 990, 2.97175, 0
PixelHit 1295, 975, 7.12934, 0
PixelHit 1295, 976, 11.8192, 0
PixelHit 1295, 977, 58.1902, 0
PixelHit 1295, 978, 118.044, 0
PixelHit 1295, 979, 100.563, 0
PixelHit 1295, 980, 52.5843, 0
PixelHit 1295, 981, 45.6825, 0
PixelHit 1295, 982, 58.4669, 0
PixelHit 1295, 983, 68.4105, 0
PixelHit 1295, 984, 128.031, 0
PixelHit 1295, 985, 135.857, 0
PixelHit 1295, 986, 42.6401, 0
PixelHit 1295, 987, 18.191, 0
PixelHit 1295, 988, 1.94695, 0
PixelHit 1295, 989, 1.63724, 0
PixelHit 1296, 972, 1.26597, 0
PixelHit 1296, 973, 8.39175, 0
PixelHit 1296, 974, 7.81404, 0
PixelHit 1296, 975, 17.4523, 0
PixelHit 1296, 976, 42.4605, 0
PixelHit 1296, 977, 130.104, 0
PixelHit 1296, 978, 268.951, 0
PixelHit 1296, 979, 265.08, 0
PixelHit 1296, 980, 125.239, 0
PixelHit 1296, 981, 56.4327, 0
PixelHit 1296, 982, 46.7037, 0
PixelHit 1296, 983, 26.6823, 0
PixelHit 1296, 984, 16.2751, 0
PixelHit 1296, 985, 16.7891, 0
PixelHit 1296, 986, 2.87281, 0
PixelHit 1297, 971, 3.82997, 0
PixelHit 1297, 972, 11.3028, 0
PixelHit 1297, 973, 15.2339, 0
PixelHit 1297, 974, 28.6716, 0
PixelHit 1297, 975, 31.7785, 0
PixelHit 1297, 976, 54.888, 0
PixelHit 1297, 977, 152.338, 0
PixelHit 1297, 978, 284.788, 0
PixelHit 1297, 979, 213.612, 0
PixelHit 1297, 980, 104.705, 0
PixelHit 1297, 981, 27.3103, 0
PixelHit 1297, 982, 11.5652, 0
PixelHit 1297, 983, 8.77892, 0
PixelHit 1297, 984, 3.56441, 0
PixelHit 1298, 969, 2.86228, 0
PixelHit 1298, 970, 4.33855, 0
PixelHit 1298, 971, 22.58, 0
PixelHit 1298, 972, 37.1637, 0
PixelHit 1298, 973, 56.2493, 0
PixelHit 1298, 974, 101.537, 0
PixelHit 1298, 975, 248.323, 0
PixelHit 1298, 976, 58.9629, 0
PixelHit 1298, 977, 65.8983, 0
PixelHit 1298, 978, 114.616, 0
PixelHit 1298, 979, 85.9863, 0
PixelHit 1298, 980, 39.7092, 0
PixelHit 1298, 981, 13.0022, 0
PixelHit 1298, 982, 0.786522, 0
PixelHit 1299, 964, 1.88292, 0
PixelHit 1299, 967, 1.86737, 0
PixelHit 1299, 968, 7.06323, 0
PixelHit 1299, 969, 11.6279, 0
PixelHit 1299, 970, 38.2117, 0
PixelHit 1299, 971, 143.7, 0
PixelHit 1299, 972, 122.319, 0
PixelHit 1299, 973, 145.928, 0
PixelHit 1299, 974, 89.4319, 0
PixelHit 1299, 975, 85.3322, 0
PixelHit 1299, 976, 9.982, 0
PixelHit 1299, 977, 12.6125, 0
PixelHit 1299, 978, 19.9167, 0
PixelHit 1299, 979, 20.829, 0
PixelHit 1299, 980, 7.96566, 0
PixelHit 1299, 981, 1.16712, 0
PixelHit 1300, 958, 0.365568, 0
PixelHit 1300, 962, 7.25893, 0
PixelHit 1300, 963, 5.42853, 0
PixelHit 1300, 966, 3.95486, 0
PixelHit 1300, 967, 8.96814, 0
PixelHit 1300, 968, 19.4151, 0
PixelHit 1300, 969, 17.5752, 0
PixelHit 1300, 970, 51.0942, 0
PixelHit 1300, 971, 188.781, 0
PixelHit 1300, 972, 110.358, 0
PixelHit 1300, 973, 28.994, 0
PixelHit 1300, 974, 9.79365, 0
PixelHit 1300, 975, 8.50547, 0
PixelHit 1300, 976, 5.18749, 0
PixelHit 1300, 977, 1.28555, 0
PixelHit 1300, 979, 2.35767, 0
PixelHit 1301, 956, 1.77598, 0
PixelHit 1301, 957, 2.40188, 0
PixelHit 1301, 960, 3.22457, 0
PixelHit 1301, 961, 3.04344, 0
PixelHit 1301, 962, 12.1096, 0
PixelHit 1301, 963, 14.8021, 0
PixelHit 1301, 964, 9.39744, 0
PixelHit 1301, 965, 7.13062, 0
PixelHit 1301, 966, 17.209, 0
PixelHit 1301, 967, 25.6996, 0
PixelHit 1301, 968, 24.2434, 0
PixelHit 1301, 969, 29.7259, 0
PixelHit 1301, 970, 14.5115, 0
PixelHit 1301, 971, 18.3394, 0
PixelHit 1301, 972, 9.14517, 0
PixelHit 1301, 973, 3.03772, 0
PixelHit 1301, 979, 1.5898, 0
PixelHit 1302, 956, 4.75593, 0
PixelHit 1302, 957, 2.57663, 0
PixelHit 1302, 958, 19.615, 0
PixelHit 1302, 959, 28.2455, 0
PixelHit 1302, 960, 28.9582, 0
PixelHit 1302, 961, 18.3424, 0
PixelHit 1302, 962, 31.0553, 0
PixelHit 1302, 963, 23.4414, 0
PixelHit 1302, 964, 20.9858, 0
PixelHit 1302, 965, 14.4694, 0
PixelHit 1302, 966, 19.6531, 0
PixelHit 1302, 967, 9.74653, 0
PixelHit 1302, 968, 2.60755, 0
PixelHit 1302, 969, 3.73507, 0
PixelHit 1302, 973, 2.8109, 0
PixelHit 1303, 955, 1.68514, 0
PixelHit 1303, 956, 8.5645, 0
PixelHit 1303, 957, 19.9059, 0
PixelHit 1303, 958, 49.31, 0
PixelHit 1303, 959, 60.0551, 0
PixelHit 1303, 960, 56.4895, 0
PixelHit 1303, 961, 41.0375, 0
PixelHit 1303, 962, 36.8968, 0
PixelHit 1303, 963, 40.8482, 0
PixelHit 1303, 964, 31.6656, 0
PixelHit 1303, 965, 8.50359, 0
PixelHit 1303, 966, 4.00225, 0
PixelHit 1303, 967, -0.433648, 0
PixelHit 1303, 968, 2.25641, 0
PixelHit 1304, 956, 11.1845, 0
PixelHit 1304, 957, 34.1727, 0
PixelHit 1304, 958, 66.7462, 0
PixelHit 1304, 959, 94.8856, 0
PixelHit 1304, 960, 81.5313, 0
PixelHit 1304, 961, 39.4106, 0
PixelHit 1304, 962, 20.6857, 0
PixelHit 1304, 963, 16.9193, 0
PixelHit 1304, 964, 5.55946, 0
PixelHit 1305, 956, 7.51948, 0
PixelHit 1305, 957, 23.7543, 0
PixelHit 1305, 958, 50.5754, 0
PixelHit 1305, 959, 57.1383, 0
PixelHit 1305, 960, 44.724, 0
PixelHit 1305, 961, 27.3728, 0
PixelHit 1305, 962, 5.61605, 0
PixelHit 1305, 963, 1.96878, 0
PixelHit 1305, 964, 1.99628, 0
PixelHit 1305, 966, 1.18933, 0
PixelHit 1306, 955, 2.52635, 0
PixelHit 1306, 957, 13.7085, 0
PixelHit 1306, 958, 25.9553, 0
PixelHit 1306, 959, 15.2153, 0
PixelHit 1306, 960, 10.4598, 0
PixelHit 1306, 961, 4.94491, 0
PixelHit 1306, 963, 1.02337, 0
PixelHit 1307, 957, 2.09591, 0
PixelHit 1307, 958, 2.68618, 0
PixelHit 1307, 959, 1.55004, 0
PixelHit 1307, 960, 1.97938, 0
PixelHit 1366, 279, 4.41548, 0
PixelHit 1366, 280, 8.21677, 0
PixelHit 1366, 281, 4.16286, 0
PixelHit 1366, 282, 4.38232, 0
PixelHit 1366, 283, 6.86133, 0
PixelHit 1367, 278, 4.07467, 0
PixelHit 1367, 279, 9.79826, 0
PixelHit 1367, 280, 27.8848, 0
PixelHit 1367, 281, 46.1217, 0
PixelHit 1367, 282, 36.8604, 0
PixelHit 1367, 283, 10.0733, 0
PixelHit 1367, 284, 4.15302, 0
PixelHit 1368, 278, 7.7988, 0
PixelHit 1368, 279, 36.0261, 0
PixelHit 1368, 280, 101.278, 0
PixelHit 1368, 281, 189.586, 0
PixelHit 1368, 282, 194.225, 0
PixelHit 1368, 283, 106.347, 0
PixelHit 1368, 284, 24.6456, 0
PixelHit 1368, 285, 4.60224, 0
PixelHit 1369, 277, 1.85202, 0
PixelHit 1369, 278, 12.6442, 0
PixelHit 1369, 279, 64.9983, 0
PixelHit 1369, 280, 235.569, 0
PixelHit 1369, 281, 436.937, 0
PixelHit 1369, 282, 382.948, 0
PixelHit 1369, 283, 212.349, 0
PixelHit 1369, 284, 51.768, 0
PixelHit 1369, 285, 7.1395, 0
PixelHit 1369, 287, 0.0728959, 0
PixelHit 1370, 277, 2.14502, 0
PixelHit 1370, 278, 17.3855, 0
PixelHit 1370, 279, 66.4162, 0
PixelHit 1370, 280, 240.769, 0
PixelHit 1370, 281, 504.826, 0
PixelHit 1370, 282, 540.957, 0
PixelHit 1370, 283, 262.106, 0
PixelHit 1370, 284, 96.9637, 0
PixelHit 1370, 285, 12.3105, 0
PixelHit 1370, 286, 2.52186, 0
PixelHit 1370, 287, 0.868905, 0
PixelHit 1371, 278, 3.13568, 0
PixelHit 1371, 279, 41.1021, 0
PixelHit 1371, 280, 151.68, 0
PixelHit 1371, 281, 309.533, 0
PixelHit 1371, 282, 352.926, 0
PixelHit 1371, 283, 203.958, 0
PixelHit 1371, 284, 57.5208, 0
PixelHit 1371, 285, 14.3095, 0
PixelHit 1372, 279, 15.1771, 0
PixelHit 1372, 280, 45.8973, 0
PixelHit 1372, 281, 122.283, 0
PixelHit 1372, 282, 120.791, 0
PixelHit 1372, 283, 74.7246, 0
PixelHit 1372, 284, 30.1384, 0
PixelHit 1372, 285, 2.08851, 0
PixelHit 1373, 279, 2.36534, 0
PixelHit 1373, 280, 9.16308, 0
PixelHit 1373, 281, 25.0516, 0
PixelHit 1373, 282, 38.8489, 0
PixelHit 1373, 283, 17.9307, 0
PixelHit 1373, 284, 9.21843, 0
PixelHit 1374, 281, 1.14931, 0
PixelHit 1374, 282, 1.50773, 0
PixelHit 1375, 282, 2.42452, 0
=== 4 ===
=== 5 ===
=== 6 ===
=== 7 ===
=== 8 ===
=== 9 ===
=== 10 ===
=== 11 ===
=== 12 ===
=== 13 ===
=== 14 ===
=== 15 ===
=== 16 ===
=== 17 ===
=== 18 ===
=== 19 ===
=== 20 ===
=== 21 ===
=== 22 ===
=== 23 ===
=== 24 ===
=== 25 ===
=== 26 ===
=== 27 ===
=== 28 ===
=== 29 ===
=== 30 ===
=== 31 ===
=== 32 ===
=== 33 ===
=== 34 ===
=== 35 ===
=== 36 ===
=== 37 ===
=== 38 ===
=== 39 ===
=== 40 ===
=== 41 ===
=== 42 ===
=== 43 ===
=== 44 ===
=== 45 ===
=== 46 ===
=== 47 ===
=== 48 ===
=== 49 ===
=== 50 ===
=== 51 ===
=== 52 ===
=== 53 ===
=== 54 ===
=== 55 ===
=== 56 ===
=== 57 ===
=== 58 ===
=== 59 ===
=== 60 ===
=== 61 ===
=== 62 ===
=== 63 ===
=== 64 ===
=== 65 ===
=== 66 ===
=== 67 ===
=== 68 ===
=== 69 ===
=== 70 ===
=== 71 ===
=== 72 ===
=== 73 ===
=== 74 ===
=== 75 ===
=== 76 ===
=== 77 ===
=== 78 ===
=== 79 ===
=== 80 ===
=== 81 ===
=== 82 ===
=== 83 ===
=== 84 ===
=== 85 ===
=== 86 ===
=== 87 ===
=== 88 ===
=== 89 ===
=== 90 ===
=== 91 ===
=== 92 ===
=== 93 ===
=== 94 ===
=== 95 ===
=== 96 ===
=== 97 ===
=== 98 ===
=== 99 ===
=== 100 ===
# 275 objects from 1 messages
