# Allpix Squared ASCII data - https://cern.ch/allpix-squared

=== 1 ===
=== 2 ===
=== 3 ===
=== 4 ===
=== 5 ===
=== 6 ===
=== 7 ===
=== 8 ===
=== 9 ===
=== 10 ===
=== 11 ===
=== 12 ===
=== 13 ===
=== 14 ===
=== 15 ===
=== 16 ===
=== 17 ===
=== 18 ===
=== 19 ===
=== 20 ===
=== 21 ===
=== 22 ===
=== 23 ===
=== 24 ===
=== 25 ===
=== 26 ===
=== 27 ===
=== 28 ===
=== 29 ===
=== 30 ===
=== 31 ===
=== 32 ===
=== 33 ===
=== 34 ===
=== 35 ===
=== 36 ===
=== 37 ===
=== 38 ===
=== 39 ===
=== 40 ===
=== 41 ===
=== 42 ===
--- mydetector ---
PixelHit 1186, 1149, 3.40765, 0
PixelHit 1186, 1150, 3.4489, 0
PixelHit 1186, 1151, 68.7644, 0
PixelHit 1187, 1147, 2.96104, 0
PixelHit 1187, 1148, 7.21615, 0
PixelHit 1187, 1149, 17.3728, 0
PixelHit 1187, 1150, 64.3807, 0
PixelHit 1187, 1151, 25.5471, 0
PixelHit 1188, 1146, 7.50257, 0
PixelHit 1188, 1147, 91.5163, 0
PixelHit 1188, 1148, 97.3821, 0
PixelHit 1188, 1149, 68.7925, 0
PixelHit 1188, 1150, 75.3859, 0
PixelHit 1188, 1151, 7.83594, 0
PixelHit 1189, 1146, 43.3683, 0
PixelHit 1189, 1147, 269.154, 0
PixelHit 1189, 1148, 105.874, 0
PixelHit 1189, 1149, 92.969, 0
PixelHit 1189, 1150, 11.2614, 0
PixelHit 1189, 1151, 2.09383, 0
PixelHit 1190, 1144, 49.1599, 0
PixelHit 1190, 1145, 12.6808, 0
PixelHit 1190, 1146, 36.2215, 0
PixelHit 1190, 1147, 417.537, 0
PixelHit 1190, 1148, 115.627, 0
PixelHit 1190, 1149, 3.99546, 0
PixelHit 1191, 1141, 4.12765, 0
PixelHit 1191, 1142, 6.15059, 0
PixelHit 1191, 1143, 6.79484, 0
PixelHit 1191, 1144, 22.9352, 0
PixelHit 1191, 1145, 2.79841, 0
PixelHit 1191, 1146, 32.2561, 0
PixelHit 1191, 1147, 20.5539, 0
PixelHit 1191, 1148, 2.74943, 0
PixelHit 1192, 1139, 2.28906, 0
PixelHit 1192, 1140, 23.1458, 0
PixelHit 1192, 1141, 142.37, 0
PixelHit 1192, 1142, 41.6525, 0
PixelHit 1192, 1143, 200.527, 0
PixelHit 1192, 1144, 153.354, 0
PixelHit 1192, 1145, 4.32197, 0
PixelHit 1193, 1138, 1.97121, 0
PixelHit 1193, 1139, 62.8852, 0
PixelHit 1193, 1140, 57.7757, 0
PixelHit 1193, 1141, 208.627, 0
PixelHit 1193, 1142, 54.9418, 0
PixelHit 1193, 1143, 51.9294, 0
PixelHit 1193, 1144, 7.61946, 0
PixelHit 1193, 1145, 0.615531, 0
PixelHit 1194, 1136, 3.89347, 0
PixelHit 1194, 1137, 9.01082, 0
PixelHit 1194, 1138, 11.9966, 0
PixelHit 1194, 1139, 49.4324, 0
PixelHit 1194, 1140, 87.7121, 0
PixelHit 1194, 1141, 190.78, 0
PixelHit 1194, 1142, 11.9468, 0
PixelHit 1194, 1143, 3.01081, 0
PixelHit 1195, 1134, 16.7405, 0
PixelHit 1195, 1135, 45.6322, 0
PixelHit 1195, 1136, 31.6288, 0
PixelHit 1195, 1137, 33.545, 0
PixelHit 1195, 1138, 47.2365, 0
PixelHit 1195, 1139, 48.6567, 0
PixelHit 1195, 1140, 26.0147, 0
PixelHit 1196, 1133, 14.7128, 0
PixelHit 1196, 1134, 191.37, 0
PixelHit 1196, 1135, 196.234, 0
PixelHit 1196, 1136, 47.4267, 0
PixelHit 1196, 1137, 58.0075, 0
PixelHit 1196, 1138, 39.0304, 0
PixelHit 1197, 1132, 17.6154, 0
PixelHit 1197, 1133, 65.1496, 0
PixelHit 1197, 1134, 79.2305, 0
PixelHit 1197, 1135, 138.034, 0
PixelHit 1197, 1136, 77.278, 0
PixelHit 1198, 1129, 5.3787, 0
PixelHit 1198, 1130, 15.0998, 0
PixelHit 1198, 1131, 4.45223, 0
PixelHit 1198, 1132, 9.056, 0
PixelHit 1198, 1133, 7.13307, 0
PixelHit 1198, 1134, 14.8959, 0
PixelHit 1198, 1135, 22.6173, 0
PixelHit 1199, 1127, 3.65473, 0
PixelHit 1199, 1128, 10.8316, 0
PixelHit 1199, 1129, 19.3094, 0
PixelHit 1199, 1130, 48.9129, 0
PixelHit 1199, 1131, 50.4347, 0
PixelHit 1199, 1132, 51.1502, 0
PixelHit 1199, 1133, 0.404123, 0
PixelHit 1200, 1126, 31.0285, 0
PixelHit 1200, 1127, 109.983, 0
PixelHit 1200, 1128, 43.5607, 0
PixelHit 1200, 1129, 90.2588, 0
PixelHit 1200, 1130, 55.5681, 0
PixelHit 1200, 1131, 31.8249, 0
PixelHit 1200, 1132, 1.30933, 0
PixelHit 1201, 1124, 9.93225, 0
PixelHit 1201, 1125, 14.9343, 0
PixelHit 1201, 1126, 63.4274, 0
PixelHit 1201, 1127, 94.8307, 0
PixelHit 1201, 1128, 89.6851, 0
PixelHit 1201, 1129, 100.58, 0
PixelHit 1201, 1130, 5.58512, 0
PixelHit 1202, 1122, 2.9489, 0
PixelHit 1202, 1123, 9.84152, 0
PixelHit 1202, 1124, 55.3932, 0
PixelHit 1202, 1125, 37.2881, 0
PixelHit 1202, 1126, 50.81, 0
PixelHit 1202, 1127, 36.1715, 0
PixelHit 1202, 1128, 14.6748, 0
PixelHit 1203, 1120, 2.58435, 0
PixelHit 1203, 1121, 18.7064, 0
PixelHit 1203, 1122, 35.2823, 0
PixelHit 1203, 1123, 29.0796, 0
PixelHit 1203, 1124, 40.5749, 0
PixelHit 1203, 1125, 59.9576, 0
PixelHit 1203, 1126, 18.1234, 0
PixelHit 1203, 1127, 2.46249, 0
PixelHit 1204, 1119, 25.4615, 0
PixelHit 1204, 1120, 25.4952, 0
PixelHit 1204, 1121, 50.6642, 0
PixelHit 1204, 1122, 59.1195, 0
PixelHit 1204, 1123, 77.8282, 0
PixelHit 1204, 1124, 29.0977, 0
PixelHit 1204, 1125, 3.12927, 0
PixelHit 1205, 1117, 1.75186, 0
PixelHit 1205, 1118, 14.8773, 0
PixelHit 1205, 1119, 69.416, 0
PixelHit 1205, 1120, 65.8506, 0
PixelHit 1205, 1121, 81.5758, 0
PixelHit 1205, 1122, 43.0423, 0
PixelHit 1205, 1123, 14.1515, 0
PixelHit 1205, 1124, 0.485088, 0
PixelHit 1206, 1114, 3.24747, 0
PixelHit 1206, 1115, 4.43305, 0
PixelHit 1206, 1116, 20.9887, 0
PixelHit 1206, 1117, 28.4052, 0
PixelHit 1206, 1118, 25.761, 0
PixelHit 1206, 1119, 19.8132, 0
PixelHit 1206, 1120, 47.1918, 0
PixelHit 1206, 1121, 17.0997, 0
PixelHit 1206, 1122, 1.25283, 0
PixelHit 1207, 1114, 72.8093, 0
PixelHit 1207, 1115, 85.9318, 0
PixelHit 1207, 1116, 55.6475, 0
PixelHit 1207, 1117, 51.7573, 0
PixelHit 1207, 1118, 38.7952, 0
PixelHit 1207, 1119, 11.063, 0
PixelHit 1207, 1121, 2.19425, 0
PixelHit 1208, 1113, 15.085, 0
PixelHit 1208, 1114, 115.125, 0
PixelHit 1208, 1115, 112.502, 0
PixelHit 1208, 1116, 76.9833, 0
PixelHit 1208, 1117, 49.3928, 0
PixelHit 1208, 1118, 5.98533, 0
PixelHit 1209, 1109, 2.8726, 0
PixelHit 1209, 1110, 10.0527, 0
PixelHit 1209, 1111, 31.9863, 0
PixelHit 1209, 1112, 30.8965, 0
PixelHit 1209, 1113, 11.461, 0
PixelHit 1209, 1114, 39.4946, 0
PixelHit 1209, 1115, 29.98, 0
PixelHit 1209, 1116, 9.57512, 0
PixelHit 1209, 1117, 5.58137, 0
PixelHit 1210, 1108, 1.77415, 0
PixelHit 1210, 1109, 9.8078, 0
PixelHit 1210, 1110, 51.2917, 0
PixelHit 1210, 1111, 119.442, 0
PixelHit 1210, 1112, 100.186, 0
PixelHit 1210, 1113, 20.3514, 0
PixelHit 1210, 1114, 5.08306, 0
PixelHit 1210, 1115, 2.86028, 0
PixelHit 1211, 1105, 1.4762, 0
PixelHit 1211, 1107, 5.87336, 0
PixelHit 1211, 1108, 15.6159, 0
PixelHit 1211, 1109, 13.0857, 0
PixelHit 1211, 1110, 50.6351, 0
PixelHit 1211, 1111, 87.3605, 0
PixelHit 1211, 1112, 87.2884, 0
PixelHit 1211, 1113, 6.4266, 0
PixelHit 1212, 1105, 16.0023, 0
PixelHit 1212, 1106, 54.5245, 0
PixelHit 1212, 1107, 24.8152, 0
PixelHit 1212, 1108, 30.8294, 0
PixelHit 1212, 1109, 25.8168, 0
PixelHit 1212, 1110, 8.40447, 0
PixelHit 1212, 1111, 14.7979, 0
PixelHit 1212, 1112, 6.60725, 0
PixelHit 1213, 1103, 11.0929, 0
PixelHit 1213, 1104, 10.7429, 0
PixelHit 1213, 1105, 39.3318, 0
PixelHit 1213, 1106, 83.5866, 0
PixelHit 1213, 1107, 40.1451, 0
PixelHit 1213, 1108, 19.9307, 0
PixelHit 1213, 1109, 14.5995, 0
PixelHit 1214, 1101, 4.01671, 0
PixelHit 1214, 1102, 14.309, 0
PixelHit 1214, 1103, 50.2932, 0
PixelHit 1214, 1104, 60.0186, 0
PixelHit 1214, 1105, 54.1355, 0
PixelHit 1214, 1106, 56.0046, 0
PixelHit 1214, 1107, 17.2237, 0
PixelHit 1214, 1108, 2.51932, 0
PixelHit 1214, 1109, 1.58444, 0
PixelHit 1215, 1099, 1.68679, 0
PixelHit 1215, 1100, 2.55021, 0
PixelHit 1215, 1101, 20.0866, 0
PixelHit 1215, 1102, 32.7211, 0
PixelHit 1215, 1103, 74.6694, 0
PixelHit 1215, 1104, 49.9087, 0
PixelHit 1215, 1105, 32.6632, 0
PixelHit 1215, 1106, 11.5561, 0
PixelHit 1216, 1098, 0.603121, 0
PixelHit 1216, 1099, 16.3151, 0
PixelHit 1216, 1100, 15.6122, 0
PixelHit 1216, 1101, 33.8885, 0
PixelHit 1216, 1102, 36.5294, 0
PixelHit 1216, 1103, 48.8072, 0
PixelHit 1216, 1104, 12.8655, 0
PixelHit 1216, 1105, 1.37726, 0
PixelHit 1217, 1095, 5.62014, 0
PixelHit 1217, 1096, 6.95633, 0
PixelHit 1217, 1097, 10.2676, 0
PixelHit 1217, 1098, 20.792, 0
PixelHit 1217, 1099, 45.5749, 0
PixelHit 1217, 1100, 46.6924, 0
PixelHit 1217, 1101, 30.954, 0
PixelHit 1217, 1102, 6.90472, 0
PixelHit 1217, 1103, 5.70374, 0
PixelHit 1217, 1104, 1.63431, 0
PixelHit 1218, 1094, 3.76476, 0
PixelHit 1218, 1095, 50.8497, 0
PixelHit 1218, 1096, 116.355, 0
PixelHit 1218, 1097, 47.2718, 0
PixelHit 1218, 1098, 50.6674, 0
PixelHit 1218, 1099, 71.1152, 0
PixelHit 1218, 1100, 48.3663, 0
PixelHit 1218, 1101, 10.8224, 0
PixelHit 1218, 1102, 4.3583, 0
PixelHit 1219, 1092, 2.15853, 0
PixelHit 1219, 1093, 15.2358, 0
PixelHit 1219, 1094, 20.4608, 0
PixelHit 1219, 1095, 67.8044, 0
PixelHit 1219, 1096, 132.413, 0
PixelHit 1219, 1097, 50.838, 0
PixelHit 1219, 1098, 20.4809, 0
PixelHit 1219, 1099, 13.2616, 0
PixelHit 1219, 1100, 4.42904, 0
PixelHit 1220, 1090, -0.359695, 0
PixelHit 1220, 1091, 5.77429, 0
PixelHit 1220, 1092, 24.8783, 0
PixelHit 1220, 1093, 41.6509, 0
PixelHit 1220, 1094, 55.1197, 0
PixelHit 1220, 1095, 69.8757, 0
PixelHit 1220, 1096, 38.4388, 0
PixelHit 1220, 1097, 17.5488, 0
PixelHit 1221, 1088, 2.64656, 0
PixelHit 1221, 1089, 6.50587, 0
PixelHit 1221, 1090, 13.9613, 0
PixelHit 1221, 1091, 11.7985, 0
PixelHit 1221, 1092, 20.9213, 0
PixelHit 1221, 1093, 24.0697, 0
PixelHit 1221, 1094, 51.0248, 0
PixelHit 1221, 1095, 24.3376, 0
PixelHit 1222, 1085, 2.99568, 0
PixelHit 1222, 1086, 0.829784, 0
PixelHit 1222, 1087, 12.0188, 0
PixelHit 1222, 1088, 19.4867, 0
PixelHit 1222, 1089, 62.2787, 0
PixelHit 1222, 1090, 36.2948, 0
PixelHit 1222, 1091, 29.7595, 0
PixelHit 1222, 1092, 20.0745, 0
PixelHit 1222, 1093, 3.69919, 0
PixelHit 1222, 1094, 1.14033, 0
PixelHit 1222, 1095, 2.96158, 0
PixelHit 1223, 1084, 1.97217, 0
PixelHit 1223, 1085, 6.85074, 0
PixelHit 1223, 1086, 26.3393, 0
PixelHit 1223, 1087, 87.3256, 0
PixelHit 1223, 1088, 77.2526, 0
PixelHit 1223, 1089, 53.3218, 0
PixelHit 1223, 1090, 19.6502, 0
PixelHit 1223, 1091, 11.5519, 0
PixelHit 1223, 1092, 1.46284, 0
PixelHit 1224, 1083, 1.98036, 0
PixelHit 1224, 1084, 4.74335, 0
PixelHit 1224, 1085, 35.2855, 0
PixelHit 1224, 1086, 72.4948, 0
PixelHit 1224, 1087, 79.085, 0
PixelHit 1224, 1088, 83.9207, 0
PixelHit 1224, 1089, 31.5763, 0
PixelHit 1224, 1090, 1.43888, 0
PixelHit 1225, 1082, 5.71448, 0
PixelHit 1225, 1083, 15.5731, 0
PixelHit 1225, 1084, 50.2396, 0
PixelHit 1225, 1085, 55.5291, 0
PixelHit 1225, 1086, 73.8895, 0
PixelHit 1225, 1087, 50.1162, 0
PixelHit 1225, 1088, 22.6638, 0
PixelHit 1225, 1089, 3.68273, 0
PixelHit 1226, 1080, 2.68358, 0
PixelHit 1226, 1081, 15.6868, 0
PixelHit 1226, 1082, 22.4519, 0
PixelHit 1226, 1083, 31.5214, 0
PixelHit 1226, 1084, 17.7072, 0
PixelHit 1226, 1085, 25.9683, 0
PixelHit 1226, 1086, 13.8559, 0
PixelHit 1226, 1087, 7.98697, 0
PixelHit 1227, 1079, 11.4031, 0
PixelHit 1227, 1080, 17.2213, 0
PixelHit 1227, 1081, 38.8393, 0
PixelHit 1227, 1082, 43.5755, 0
PixelHit 1227, 1083, 42.9468, 0
PixelHit 1227, 1084, 16.7538, 0
PixelHit 1227, 1085, 4.65181, 0
PixelHit 1227, 1086, 3.90278, 0
PixelHit 1227, 1088, 1.12142, 0
PixelHit 1228, 1076, 3.6446, 0
PixelHit 1228, 1077, 14.5849, 0
PixelHit 1228, 1078, 15.2679, 0
PixelHit 1228, 1079, 40.0562, 0
PixelHit 1228, 1080, 33.0176, 0
PixelHit 1228, 1081, 25.1218, 0
PixelHit 1228, 1082, 25.2213, 0
PixelHit 1228, 1083, 16.3941, 0
PixelHit 1228, 1084, 6.41864, 0
PixelHit 1229, 1075, 4.19978, 0
PixelHit 1229, 1076, 45.7792, 0
PixelHit 1229, 1077, 101.774, 0
PixelHit 1229, 1078, 75.5478, 0
PixelHit 1229, 1079, 61.5155, 0
PixelHit 1229, 1080, 14.4894, 0
PixelHit 1229, 1081, 5.89451, 0
PixelHit 1229, 1082, 5.74532, 0
PixelHit 1229, 1083, 2.0316, 0
PixelHit 1230, 1073, 2.04673, 0
PixelHit 1230, 1074, 25.209, 0
PixelHit 1230, 1075, 26.6152, 0
PixelHit 1230, 1076, 64.1289, 0
PixelHit 1230, 1077, 114.721, 0
PixelHit 1230, 1078, 85.7029, 0
PixelHit 1230, 1079, 37.8127, 0
PixelHit 1230, 1080, 6.81186, 0
PixelHit 1230, 1081, 1.68582, 0
PixelHit 1231, 1071, 1.73337, 0
PixelHit 1231, 1072, 12.7889, 0
PixelHit 1231, 1073, 20.1146, 0
PixelHit 1231, 1074, 75.0544, 0
PixelHit 1231, 1075, 50.6712, 0
PixelHit 1231, 1076, 39.4907, 0
PixelHit 1231, 1077, 49.099, 0
PixelHit 1231, 1078, 29.4379, 0
PixelHit 1231, 1079, 11.6927, 0
PixelHit 1232, 1067, 1.69581, 0
PixelHit 1232, 1068, 3.65034, 0
PixelHit 1232, 1070, 4.12852, 0
PixelHit 1232, 1071, 10.9994, 0
PixelHit 1232, 1072, 30.1318, 0
PixelHit 1232, 1073, 45.8323, 0
PixelHit 1232, 1074, 55.56, 0
PixelHit 1232, 1075, 12.1667, 0
PixelHit 1232, 1076, 15.8022, 0
PixelHit 1232, 1077, 8.42917, 0
PixelHit 1232, 1078, 4.93799, 0
PixelHit 1233, 1068, 2.97654, 0
PixelHit 1233, 1069, 22.1222, 0
PixelHit 1233, 1070, 34.8696, 0
PixelHit 1233, 1071, 19.1123, 0
PixelHit 1233, 1072, 27.8267, 0
PixelHit 1233, 1073, 46.8251, 0
PixelHit 1233, 1074, 45.0833, 0
PixelHit 1233, 1075, 4.81718, 0
PixelHit 1233, 1076, 3.19803, 0
PixelHit 1234, 1066, 3.09371, 0
PixelHit 1234, 1067, 19.6128, 0
PixelHit 1234, 1068, 48.3348, 0
PixelHit 1234, 1069, 75.2672, 0
PixelHit 1234, 1070, 68.065, 0
PixelHit 1234, 1071, 18.9114, 0
PixelHit 1234, 1072, 7.92169, 0
PixelHit 1234, 1073, 2.66979, 0
PixelHit 1234, 1074, 6.50048, 0
PixelHit 1234, 1075, 3.03596, 0
PixelHit 1235, 1065, 4.75688, 0
PixelHit 1235, 1066, 24.6244, 0
PixelHit 1235, 1067, 52.5538, 0
PixelHit 1235, 1068, 63.9086, 0
PixelHit 1235, 1069, 62.7415, 0
PixelHit 1235, 1070, 37.5995, 0
PixelHit 1235, 1071, 8.68786, 0
PixelHit 1235, 1072, 4.51883, 0
PixelHit 1236, 1062, 2.67951, 0
PixelHit 1236, 1063, 8.51199, 0
PixelHit 1236, 1064, 4.84692, 0
PixelHit 1236, 1065, 20.89, 0
PixelHit 1236, 1066, 32.7842, 0
PixelHit 1236, 1067, 29.3596, 0
PixelHit 1236, 1068, 51.5568, 0
PixelHit 1236, 1069, 22.2668, 0
PixelHit 1236, 1070, 3.33669, 0
PixelHit 1237, 1060, 1.98824, 0
PixelHit 1237, 1061, 1.27288, 0
PixelHit 1237, 1062, 12.9536, 0
PixelHit 1237, 1063, 57.5545, 0
PixelHit 1237, 1064, 60.7354, 0
PixelHit 1237, 1065, 43.9669, 0
PixelHit 1237, 1066, 39.3045, 0
PixelHit 1237, 1067, 15.6247, 0
PixelHit 1237, 1068, 14.3205, 0
PixelHit 1237, 1069, 4.83825, 0
PixelHit 1238, 1059, 3.10654, 0
PixelHit 1238, 1060, 2.3766, 0
PixelHit 1238, 1061, 29.2225, 0
PixelHit 1238, 1062, 43.6649, 0
PixelHit 1238, 1063, 120.992, 0
PixelHit 1238, 1064, 128.697, 0
PixelHit 1238, 1065, 52.8357, 0
PixelHit 1238, 1066, 18.1546, 0
PixelHit 1238, 1067, 3.21149, 0
PixelHit 1238, 1069, 4.00463, 0
PixelHit 1239, 1058, 6.84127, 0
PixelHit 1239, 1059, 16.5013, 0
PixelHit 1239, 1060, 16.2592, 0
PixelHit 1239, 1061, 46.4122, 0
PixelHit 1239, 1062, 82.1155, 0
PixelHit 1239, 1063, 78.3075, 0
PixelHit 1239, 1064, 91.4329, 0
PixelHit 1239, 1065, 21.1888, 0
PixelHit 1239, 1066, 3.55044, 0
PixelHit 1240, 1056, 3.00718, 0
PixelHit 1240, 1057, 4.66674, 0
PixelHit 1240, 1058, 27.2589, 0
PixelHit 1240, 1059, 40.1491, 0
PixelHit 1240, 1060, 25.063, 0
PixelHit 1240, 1061, 24.1444, 0
PixelHit 1240, 1062, 31.2495, 0
PixelHit 1240, 1063, 18.6929, 0
PixelHit 1240, 1064, 6.34783, 0
PixelHit 1240, 1065, 3.00494, 0
PixelHit 1241, 1054, 5.15516, 0
PixelHit 1241, 1055, 19.3859, 0
PixelHit 1241, 1056, 28.2023, 0
PixelHit 1241, 1057, 28.2463, 0
PixelHit 1241, 1058, 45.5389, 0
PixelHit 1241, 1059, 48.0477, 0
PixelHit 1241, 1060, 12.779, 0
PixelHit 1241, 1061, 6.12346, 0
PixelHit 1241, 1062, 6.08304, 0
PixelHit 1241, 1064, 2.3297, 0
PixelHit 1242, 1051, 1.68075, 0
PixelHit 1242, 1053, 5.86104, 0
PixelHit 1242, 1054, 21.3608, 0
PixelHit 1242, 1055, 65.3711, 0
PixelHit 1242, 1056, 51.4645, 0
PixelHit 1242, 1057, 43.3508, 0
PixelHit 1242, 1058, 39.0555, 0
PixelHit 1242, 1059, 13.06, 0
PixelHit 1242, 1060, 2.63054, 0
PixelHit 1243, 1049, 2.90226, 0
PixelHit 1243, 1051, 9.12934, 0
PixelHit 1243, 1052, 22.9447, 0
PixelHit 1243, 1053, 17.5748, 0
PixelHit 1243, 1054, 32.2711, 0
PixelHit 1243, 1055, 53.8468, 0
PixelHit 1243, 1056, 59.522, 0
PixelHit 1243, 1057, 12.2976, 0
PixelHit 1243, 1058, 11.6402, 0
PixelHit 1243, 1059, 1.7587, 0
PixelHit 1243, 1060, 1.75382, 0
PixelHit 1244, 1047, 0.296643, 0
PixelHit 1244, 1049, 3.2533, 0
PixelHit 1244, 1050, 11.7186, 0
PixelHit 1244, 1051, 18.7999, 0
PixelHit 1244, 1052, 55.732, 0
PixelHit 1244, 1053, 37.4832, 0
PixelHit 1244, 1054, 19.8426, 0
PixelHit 1244, 1055, 29.309, 0
PixelHit 1244, 1056, 11.0285, 0
PixelHit 1244, 1057, 2.74762, 0
PixelHit 1244, 1058, 2.01836, 0
PixelHit 1245, 1047, 10.5288, 0
PixelHit 1245, 1048, 16.5772, 0
PixelHit 1245, 1049, 12.6406, 0
PixelHit 1245, 1050, 10.5054, 0
PixelHit 1245, 1051, 33.739, 0
PixelHit 1245, 1052, 39.0786, 0
PixelHit 1245, 1053, 22.5993, 0
PixelHit 1245, 1054, 8.45379, 0
PixelHit 1245, 1057, 1.85472, 0
PixelHit 1246, 1043, 1.07701, 0
PixelHit 1246, 1044, 3.02087, 0
PixelHit 1246, 1045, 3.57638, 0
PixelHit 1246, 1046, 12.7004, 0
PixelHit 1246, 1047, 54.5511, 0
PixelHit 1246, 1048, 90.2441, 0
PixelHit 1246, 1049, 55.9496, 0
PixelHit 1246, 1050, 18.8028, 0
PixelHit 1246, 1051, 10.1297, 0
PixelHit 1246, 1052, 19.3429, 0
PixelHit 1246, 1053, 6.33092, 0
PixelHit 1246, 1054, 2.1612, 0
PixelHit 1246, 1055, 1.31509, 0
PixelHit 1247, 1042, 2.30188, 0
PixelHit 1247, 1043, 5.59145, 0
PixelHit 1247, 1044, 23.8696, 0
PixelHit 1247, 1045, 25.3858, 0
PixelHit 1247, 1046, 35.4266, 0
PixelHit 1247, 1047, 124.341, 0
PixelHit 1247, 1048, 172.659, 0
PixelHit 1247, 1049, 101.903, 0
PixelHit 1247, 1050, 15.8194, 0
PixelHit 1248, 1042, 4.90456, 0
PixelHit 1248, 1043, 26.8252, 0
PixelHit 1248, 1044, 60.7628, 0
PixelHit 1248, 1045, 82.7883, 0
PixelHit 1248, 1046, 58.6506, 0
PixelHit 1248, 1047, 75.489, 0
PixelHit 1248, 1048, 91.3068, 0
PixelHit 1248, 1049, 40.1511, 0
PixelHit 1248, 1050, 6.08977, 0
PixelHit 1249, 1036, 0.65623, 0
PixelHit 1249, 1037, 1.51303, 0
PixelHit 1249, 1039, 1.34566, 0
PixelHit 1249, 1040, 9.35377, 0
PixelHit 1249, 1041, 7.14994, 0
PixelHit 1249, 1042, 21.8944, 0
PixelHit 1249, 1043, 40.7125, 0
PixelHit 1249, 1044, 62.6009, 0
PixelHit 1249, 1045, 74.5287, 0
PixelHit 1249, 1046, 26.0844, 0
PixelHit 1249, 1047, 19.227, 0
PixelHit 1249, 1048, 12.0498, 0
PixelHit 1249, 1049, 5.16432, 0
PixelHit 1250, 1036, 0.858067, 0
PixelHit 1250, 1038, 5.76552, 0
PixelHit 1250, 1039, 8.91095, 0
PixelHit 1250, 1040, 28.7258, 0
PixelHit 1250, 1041, 39.4846, 0
PixelHit 1250, 1042, 61.6212, 0
PixelHit 1250, 1043, 58.7134, 0
PixelHit 1250, 1044, 31.4189, 0
PixelHit 1250, 1045, 19.5224, 0
PixelHit 1250, 1046, 6.91937, 0
PixelHit 1250, 1047, 1.90837, 0
PixelHit 1251, 1036, 5.43912, 0
PixelHit 1251, 1037, 10.9318, 0
PixelHit 1251, 1038, 31.5258, 0
PixelHit 1251, 1039, 16.4363, 0
PixelHit 1251, 1040, 27.9945, 0
PixelHit 1251, 1041, 60.5149, 0
PixelHit 1251, 1042, 53.3611, 0
PixelHit 1251, 1043, 34.0054, 0
PixelHit 1251, 1044, 12.8687, 0
PixelHit 1251, 1045, 4.26576, 0
PixelHit 1251, 1046, 1.32767, 0
PixelHit 1252, 1032, 2.05911, 0
PixelHit 1252, 1034, 1.76356, 0
PixelHit 1252, 1035, 7.49233, 0
PixelHit 1252, 1036, 32.7676, 0
PixelHit 1252, 1037, 44.7632, 0
PixelHit 1252, 1038, 52.7191, 0
PixelHit 1252, 1039, 37.3319, 0
PixelHit 1252, 1040, 28.6083, 0
PixelHit 1252, 1041, 20.7694, 0
PixelHit 1252, 1042, 17.5477, 0
PixelHit 1252, 1043, 6.91659, 0
PixelHit 1252, 1044, 3.37922, 0
PixelHit 1252, 1045, 0.82895, 0
PixelHit 1253, 1034, 5.41205, 0
PixelHit 1253, 1035, 36.5231, 0
PixelHit 1253, 1036, 50.2224, 0
PixelHit 1253, 1037, 51.2929, 0
PixelHit 1253, 1038, 35.5947, 0
PixelHit 1253, 1039, 11.9871, 0
PixelHit 1253, 1040, 11.2786, 0
PixelHit 1253, 1041, 3.45662, 0
PixelHit 1253, 1043, -0.112851, 0
PixelHit 1254, 1030, 2.5053, 0
PixelHit 1254, 1031, 3.62678, 0
PixelHit 1254, 1032, 7.68761, 0
PixelHit 1254, 1033, 15.2209, 0
PixelHit 1254, 1034, 20.0513, 0
PixelHit 1254, 1035, 41.8793, 0
PixelHit 1254, 1036, 66.6362, 0
PixelHit 1254, 1037, 46.475, 0
PixelHit 1254, 1038, 15.4586, 0
PixelHit 1254, 1039, 4.20035, 0
PixelHit 1254, 1040, 2.35902, 0
PixelHit 1254, 1041, 2.23976, 0
PixelHit 1255, 1029, 1.34284, 0
PixelHit 1255, 1030, 2.38499, 0
PixelHit 1255, 1031, 13.377, 0
PixelHit 1255, 1032, 19.5139, 0
PixelHit 1255, 1033, 54.8269, 0
PixelHit 1255, 1034, 36.6817, 0
PixelHit 1255, 1035, 27.4204, 0
PixelHit 1255, 1036, 38.7804, 0
PixelHit 1255, 1037, 22.3942, 0
PixelHit 1255, 1038, 3.40285, 0
PixelHit 1256, 1027, 0.799234, 0
PixelHit 1256, 1028, 3.71943, 0
PixelHit 1256, 1029, 7.35409, 0
PixelHit 1256, 1030, 12.8179, 0
PixelHit 1256, 1031, 24.1789, 0
PixelHit 1256, 1032, 41.3773, 0
PixelHit 1256, 1033, 35.736, 0
PixelHit 1256, 1034, 29.7402, 0
PixelHit 1256, 1035, 16.223, 0
PixelHit 1256, 1036, 8.11128, 0
PixelHit 1256, 1037, 5.73089, 0
PixelHit 1257, 1025, 4.5786, 0
PixelHit 1257, 1026, 3.61155, 0
PixelHit 1257, 1027, 11.5931, 0
PixelHit 1257, 1028, 15.5557, 0
PixelHit 1257, 1029, 17.9155, 0
PixelHit 1257, 1030, 21.0377, 0
PixelHit 1257, 1031, 26.8646, 0
PixelHit 1257, 1032, 24.982, 0
PixelHit 1257, 1033, 10.5072, 0
PixelHit 1257, 1034, 4.77277, 0
PixelHit 1257, 1036, 1.59483, 0
PixelHit 1258, 1025, 3.96232, 0
PixelHit 1258, 1026, 25.7839, 0
PixelHit 1258, 1027, 35.569, 0
PixelHit 1258, 1028, 49.4293, 0
PixelHit 1258, 1029, 28.8926, 0
PixelHit 1258, 1030, 14.1981, 0
PixelHit 1258, 1031, 12.0392, 0
PixelHit 1258, 1032, 7.07148, 0
PixelHit 1258, 1033, 5.5274, 0
PixelHit 1258, 1036, 2.52464, 0
PixelHit 1259, 1022, 1.22678, 0
PixelHit 1259, 1023, 12.3671, 0
PixelHit 1259, 1024, 19.0228, 0
PixelHit 1259, 1025, 20.081, 0
PixelHit 1259, 1026, 59.8908, 0
PixelHit 1259, 1027, 56.2829, 0
PixelHit 1259, 1028, 30.7225, 0
PixelHit 1259, 1029, 20.5853, 0
PixelHit 1259, 1030, 4.05001, 0
PixelHit 1260, 1022, 19.9515, 0
PixelHit 1260, 1023, 51.3681, 0
PixelHit 1260, 1024, 52.5782, 0
PixelHit 1260, 1025, 66.9558, 0
PixelHit 1260, 1026, 44.6816, 0
PixelHit 1260, 1027, 29.9991, 0
PixelHit 1260, 1028, 12.86, 0
PixelHit 1260, 1029, 4.0705, 0
PixelHit 1260, 1030, 1.22425, 0
PixelHit 1261, 1017, 1.54893, 0
PixelHit 1261, 1019, 5.90279, 0
PixelHit 1261, 1020, 8.35429, 0
PixelHit 1261, 1021, 28.8093, 0
PixelHit 1261, 1022, 52.1565, 0
PixelHit 1261, 1023, 116.035, 0
PixelHit 1261, 1024, 79.7353, 0
PixelHit 1261, 1025, 47.4698, 0
PixelHit 1261, 1026, 23.6893, 0
PixelHit 1261, 1027, 16.0634, 0
PixelHit 1261, 1028, 7.0388, 0
PixelHit 1262, 1018, 2.81194, 0
PixelHit 1262, 1019, 27.7252, 0
PixelHit 1262, 1020, 62.4446, 0
PixelHit 1262, 1021, 41.9994, 0
PixelHit 1262, 1022, 62.3568, 0
PixelHit 1262, 1023, 103.682, 0
PixelHit 1262, 1024, 44.4029, 0
PixelHit 1262, 1025, 15.5921, 0
PixelHit 1262, 1026, 4.76879, 0
PixelHit 1262, 1027, 2.95231, 0
PixelHit 1263, 1015, 4.45451, 0
PixelHit 1263, 1016, 10.4949, 0
PixelHit 1263, 1017, 16.4742, 0
PixelHit 1263, 1018, 26.4939, 0
PixelHit 1263, 1019, 49.0186, 0
PixelHit 1263, 1020, 74.6525, 0
PixelHit 1263, 1021, 50.6257, 0
PixelHit 1263, 1022, 33.7788, 0
PixelHit 1263, 1023, 28.5835, 0
PixelHit 1263, 1024, 9.37337, 0
PixelHit 1263, 1025, 6.828, 0
PixelHit 1263, 1026, 3.36895, 0
PixelHit 1263, 1027, 1.87791, 0
PixelHit 1264, 1013, 2.88043, 0
PixelHit 1264, 1014, 2.09868, 0
PixelHit 1264, 1015, 8.54482, 0
PixelHit 1264, 1016, 26.4661, 0
PixelHit 1264, 1017, 28.684, 0
PixelHit 1264, 1018, 32.9528, 0
PixelHit 1264, 1019, 52.2828, 0
PixelHit 1264, 1020, 50.7332, 0
PixelHit 1264, 1021, 26.9981, 0
PixelHit 1264, 1022, 3.70587, 0
PixelHit 1265, 1011, 0.035167, 0
PixelHit 1265, 1012, 3.25052, 0
PixelHit 1265, 1013, 4.14095, 0
PixelHit 1265, 1014, 10.1817, 0
PixelHit 1265, 1015, 18.4915, 0
PixelHit 1265, 1016, 32.976, 0
PixelHit 1265, 1017, 44.7202, 0
PixelHit 1265, 1018, 30.6187, 0
PixelHit 1265, 1019, 16.7751, 0
PixelHit 1265, 1020, 11.2886, 0
PixelHit 1265, 1021, 10.0932, 0
PixelHit 1265, 1022, 2.56042, 0
PixelHit 1266, 1007, 1.62775, 0
PixelHit 1266, 1009, 2.91785, 0
PixelHit 1266, 1010, 3.90309, 0
PixelHit 1266, 1011, 5.70781, 0
PixelHit 1266, 1012, 7.8558, 0
PixelHit 1266, 1013, 18.1981, 0
PixelHit 1266, 1014, 14.2574, 0
PixelHit 1266, 1015, 19.8864, 0
PixelHit 1266, 1016, 19.1995, 0
PixelHit 1266, 1017, 19.4213, 0
PixelHit 1266, 1018, 7.81272, 0
PixelHit 1266, 1019, 5.78542, 0
PixelHit 1266, 1020, 1.72825, 0
PixelHit 1267, 1008, 9.67989, 0
PixelHit 1267, 1009, 15.9234, 0
PixelHit 1267, 1010, 7.97414, 0
PixelHit 1267, 1011, 19.4281, 0
PixelHit 1267, 1012, 29.4223, 0
PixelHit 1267, 1013, 19.9169, 0
PixelHit 1267, 1014, 22.3179, 0
PixelHit 1267, 1015, 16.1869, 0
PixelHit 1267, 1016, 5.33843, 0
PixelHit 1267, 1017, 2.28843, 0
PixelHit 1268, 1005, 1.5651, 0
PixelHit 1268, 1006, 1.21445, 0
PixelHit 1268, 1007, 14.5423, 0
PixelHit 1268, 1008, 37.6014, 0
PixelHit 1268, 1009, 56.2725, 0
PixelHit 1268, 1010, 35.109, 0
PixelHit 1268, 1011, 33.8482, 0
PixelHit 1268, 1012, 31.755, 0
PixelHit 1268, 1013, 24.9973, 0
PixelHit 1268, 1014, 14.1642, 0
PixelHit 1268, 1015, 4.25035, 0
PixelHit 1269, 1002, 1.77928, 0
PixelHit 1269, 1004, 3.49035, 0
PixelHit 1269, 1005, 11.8866, 0
PixelHit 1269, 1006, 6.25729, 0
PixelHit 1269, 1007, 33.7743, 0
PixelHit 1269, 1008, 89.5591, 0
PixelHit 1269, 1009, 131.488, 0
PixelHit 1269, 1010, 64.6404, 0
PixelHit 1269, 1011, 34.711, 0
PixelHit 1269, 1012, 6.5424, 0
PixelHit 1269, 1013, 5.70431, 0
PixelHit 1269, 1014, 2.56565, 0
PixelHit 1270, 1002, 1.01327, 0
PixelHit 1270, 1003, 36.2686, 0
PixelHit 1270, 1004, 66.6634, 0
PixelHit 1270, 1005, 47.0413, 0
PixelHit 1270, 1006, 33.814, 0
PixelHit 1270, 1007, 37.8004, 0
PixelHit 1270, 1008, 83.321, 0
PixelHit 1270, 1009, 97.0881, 0
PixelHit 1270, 1010, 46.9054, 0
PixelHit 1270, 1011, 11.7406, 0
PixelHit 1270, 1012, 4.99409, 0
PixelHit 1270, 1014, 1.83149, 0
PixelHit 1271, 1000, 5.14904, 0
PixelHit 1271, 1002, 38.906, 0
PixelHit 1271, 1003, 132.781, 0
PixelHit 1271, 1004, 297.003, 0
PixelHit 1271, 1005, 268.344, 0
PixelHit 1271, 1006, 97.8051, 0
PixelHit 1271, 1007, 27.4321, 0
PixelHit 1271, 1008, 34.0377, 0
PixelHit 1271, 1009, 20.897, 0
PixelHit 1271, 1010, 6.78373, 0
PixelHit 1271, 1011, 2.23361, 0
PixelHit 1272, 999, 3.70206, 0
PixelHit 1272, 1000, 4.2233, 0
PixelHit 1272, 1001, 16.959, 0
PixelHit 1272, 1002, 76.6344, 0
PixelHit 1272, 1003, 260.694, 0
PixelHit 1272, 1004, 540.807, 0
PixelHit 1272, 1005, 433.383, 0
PixelHit 1272, 1006, 153.061, 0
PixelHit 1272, 1007, 38.0807, 0
PixelHit 1272, 1008, 8.55128, 0
PixelHit 1272, 1009, 7.20044, 0
PixelHit 1272, 1011, 0.903331, 0
PixelHit 1273, 997, 2.33084, 0
PixelHit 1273, 998, 10.6562, 0
PixelHit 1273, 999, 23.7849, 0
PixelHit 1273, 1000, 37.4155, 0
PixelHit 1273, 1001, 47.6073, 0
PixelHit 1273, 1002, 102.323, 0
PixelHit 1273, 1003, 204.025, 0
PixelHit 1273, 1004, 307.424, 0
PixelHit 1273, 1005, 274.009, 0
PixelHit 1273, 1006, 59.2627, 0
PixelHit 1273, 1007, 6.14874, 0
PixelHit 1273, 1008, 1.1693, 0
PixelHit 1273, 1009, 1.18437, 0
PixelHit 1274, 996, 1.8597, 0
PixelHit 1274, 997, 6.18934, 0
PixelHit 1274, 998, 39.8138, 0
PixelHit 1274, 999, 66.5563, 0
PixelHit 1274, 1000, 75.1111, 0
PixelHit 1274, 1001, 75.5319, 0
PixelHit 1274, 1002, 66.5052, 0
PixelHit 1274, 1003, 84.0928, 0
PixelHit 1274, 1004, 85.63, 0
PixelHit 1274, 1005, 49.1591, 0
PixelHit 1274, 1006, 16.8016, 0
PixelHit 1275, 994, 0.983398, 0
PixelHit 1275, 995, 0.812705, 0
PixelHit 1275, 996, 10.9782, 0
PixelHit 1275, 997, 21.1248, 0
PixelHit 1275, 998, 40.9729, 0
PixelHit 1275, 999, 87.0374, 0
PixelHit 1275, 1000, 83.8659, 0
PixelHit 1275, 1001, 49.2012, 0
PixelHit 1275, 1002, 26.651, 0
PixelHit 1275, 1003, 15.3688, 0
PixelHit 1275, 1004, 12.5432, 0
PixelHit 1275, 1005, 5.45039, 0
PixelHit 1275, 1006, 2.14751, 0
PixelHit 1275, 1007, 1.18009, 0
PixelHit 1276, 991, 1.5058, 0
PixelHit 1276, 992, 0.594044, 0
PixelHit 1276, 993, 1.60916, 0
PixelHit 1276, 994, 7.75689, 0
PixelHit 1276, 995, 21.3605, 0
PixelHit 1276, 996, 30.1468, 0
PixelHit 1276, 997, 21.4983, 0
PixelHit 1276, 998, 47.95, 0
PixelHit 1276, 999, 56.3333, 0
PixelHit 1276, 1000, 37.0832, 0
PixelHit 1276, 1001, 18.6898, 0
PixelHit 1276, 1002, 4.3049, 0
PixelHit 1276, 1005, 0.982065, 0
PixelHit 1277, 990, 2.84268, 0
PixelHit 1277, 992, 3.30325, 0
PixelHit 1277, 993, 13.9203, 0
PixelHit 1277, 994, 20.9499, 0
PixelHit 1277, 995, 39.0817, 0
PixelHit 1277, 996, 46.7855, 0
PixelHit 1277, 997, 25.8832, 0
PixelHit 1277, 998, 17.2896, 0
PixelHit 1277, 999, 18.7604, 0
PixelHit 1277, 1000, 14.0751, 0
PixelHit 1277, 1002, 1.72863, 0
PixelHit 1278, 990, 9.98135, 0
PixelHit 1278, 991, 12.0142, 0
PixelHit 1278, 992, 12.2764, 0
PixelHit 1278, 993, 17.3352, 0
PixelHit 1278, 994, 30.5432, 0
PixelHit 1278, 995, 41.7369, 0
PixelHit 1278, 996, 29.9893, 0
PixelHit 1278, 997, 9.468, 0
PixelHit 1278, 998, 6.47475, 0
PixelHit 1278, 1000, 2.84287, 0
PixelHit 1279, 987, 3.84039, 0
PixelHit 1279, 988, 4.56165, 0
PixelHit 1279, 989, 24.1009, 0
PixelHit 1279, 990, 28.581, 0
PixelHit 1279, 991, 22.8104, 0
PixelHit 1279, 992, 24.547, 0
PixelHit 1279, 993, 18.1145, 0
PixelHit 1279, 994, 23.5948, 0
PixelHit 1279, 995, 16.0408, 0
PixelHit 1279, 996, 8.09159, 0
PixelHit 1280, 984, 2.09135, 0
PixelHit 1280, 987, 14.8553, 0
PixelHit 1280, 988, 26.9601, 0
PixelHit 1280, 989, 44.1517, 0
PixelHit 1280, 990, 81.4239, 0
PixelHit 1280, 991, 61.7016, 0
PixelHit 1280, 992, 28.428, 0
PixelHit 1280, 993, 5.06264, 0
PixelHit 1280, 994, 3.76916, 0
PixelHit 1281, 983, 1.9099, 0
PixelHit 1281, 984, 9.96409, 0
PixelHit 1281, 985, 7.44926, 0
PixelHit 1281, 986, 17.8137, 0
PixelHit 1281, 987, 32.3593, 0
PixelHit 1281, 988, 34.9329, 0
PixelHit 1281, 989, 44.3603, 0
PixelHit 1281, 990, 67.0355, 0
PixelHit 1281, 991, 58.2702, 0
PixelHit 1281, 992, 15.2467, 0
PixelHit 1281, 993, 3.4825, 0
PixelHit 1282, 979, 3.28824, 0
PixelHit 1282, 981, 1.83847, 0
PixelHit 1282, 982, 4.23334, 0
PixelHit 1282, 983, 2.56634, 0
PixelHit 1282, 984, 18.27, 0
PixelHit 1282, 985, 35.8529, 0
PixelHit 1282, 986, 30.9124, 0
PixelHit 1282, 987, 33.008, 0
PixelHit 1282, 988, 29.6735, 0
PixelHit 1282, 989, 26.2864, 0
PixelHit 1282, 990, 25.929, 0
PixelHit 1282, 991, 18.3171, 0
PixelHit 1282, 992, 8.41099, 0
PixelHit 1283, 979, 3.47565, 0
PixelHit 1283, 980, 3.93613, 0
PixelHit 1283, 981, 25.2402, 0
PixelHit 1283, 982, 30.2179, 0
PixelHit 1283, 983, 26.595, 0
PixelHit 1283, 984, 53.1533, 0
PixelHit 1283, 985, 38.9225, 0
PixelHit 1283, 986, 41.8695, 0
PixelHit 1283, 987, 27.9878, 0
PixelHit 1283, 988, 17.3496, 0
PixelHit 1283, 989, 8.25979, 0
PixelHit 1283, 990, 4.65926, 0
PixelHit 1284, 978, 2.90619, 0
PixelHit 1284, 979, 10.5771, 0
PixelHit 1284, 980, 32.2896, 0
PixelHit 1284, 981, 73.9579, 0
PixelHit 1284, 982, 102.512, 0
PixelHit 1284, 983, 88.6536, 0
PixelHit 1284, 984, 62.4813, 0
PixelHit 1284, 985, 41.5262, 0
PixelHit 1284, 986, 28.3603, 0
PixelHit 1284, 987, 11.9646, 0
PixelHit 1284, 988, 5.03955, 0
PixelHit 1284, 989, 1.46832, 0
PixelHit 1285, 976, 3.3503, 0
PixelHit 1285, 977, 5.54403, 0
PixelHit 1285, 978, 10.5196, 0
PixelHit 1285, 979, 28.7358, 0
PixelHit 1285, 980, 72.6489, 0
PixelHit 1285, 981, 159.564, 0
PixelHit 1285, 982, 185.704, 0
PixelHit 1285, 983, 120.122, 0
PixelHit 1285, 984, 58.7027, 0
PixelHit 1285, 985, 15.5436, 0
PixelHit 1285, 986, 8.47118, 0
PixelHit 1285, 987, 3.36175, 0
PixelHit 1285, 988, 1.56249, 0
PixelHit 1286, 972, 2.18549, 0
PixelHit 1286, 974, 1.77218, 0
PixelHit 1286, 976, 5.46474, 0
PixelHit 1286, 977, 21.9203, 0
PixelHit 1286, 978, 29.2144, 0
PixelHit 1286, 979, 48.7011, 0
PixelHit 1286, 980, 89.2953, 0
PixelHit 1286, 981, 120.301, 0
PixelHit 1286, 982, 103.404, 0
PixelHit 1286, 983, 68.5028, 0
PixelHit 1286, 984, 23.1577, 0
PixelHit 1286, 985, 8.05551, 0
PixelHit 1286, 986, 1.00985, 0
PixelHit 1286, 987, -0.605695, 0
PixelHit 1287, 973, 3.57593, 0
PixelHit 1287, 974, 9.29752, 0
PixelHit 1287, 975, 10.5218, 0
PixelHit 1287, 976, 18.3501, 0
PixelHit 1287, 977, 34.9264, 0
PixelHit 1287, 978, 44.4158, 0
PixelHit 1287, 979, 43.9668, 0
PixelHit 1287, 980, 38.983, 0
PixelHit 1287, 981, 45.907, 0
PixelHit 1287, 982, 38.3323, 0
PixelHit 1287, 983, 24.1794, 0
PixelHit 1287, 984, 4.01402, 0
PixelHit 1287, 985, 0.172706, 0
PixelHit 1288, 973, 20.8461, 0
PixelHit 1288, 974, 21.0805, 0
PixelHit 1288, 975, 45.1583, 0
PixelHit 1288, 976, 46.3741, 0
PixelHit 1288, 977, 41.8149, 0
PixelHit 1288, 978, 49.6979, 0
PixelHit 1288, 979, 24.6357, 0
PixelHit 1288, 980, 19.2032, 0
PixelHit 1288, 981, 10.4529, 0
PixelHit 1288, 982, 3.43446, 0
PixelHit 1288, 983, 2.47939, 0
PixelHit 1289, 968, 1.34067, 0
PixelHit 1289, 969, 0.989713, 0
PixelHit 1289, 970, 5.19313, 0
PixelHit 1289, 971, 10.0408, 0
PixelHit 1289, 972, 11.8299, 0
PixelHit 1289, 973, 30.6476, 0
PixelHit 1289, 974, 48.1647, 0
PixelHit 1289, 975, 50.3387, 0
PixelHit 1289, 976, 45.4243, 0
PixelHit 1289, 977, 15.7448, 0
PixelHit 1289, 978, 17.5886, 0
PixelHit 1289, 979, 3.98227, 0
PixelHit 1289, 980, 2.02382, 0
PixelHit 1289, 981, 0.071506, 0
PixelHit 1290, 967, 5.42218, 0
PixelHit 1290, 968, 4.52009, 0
PixelHit 1290, 969, 14.9153, 0
PixelHit 1290, 970, 18.2806, 0
PixelHit 1290, 971, 28.885, 0
PixelHit 1290, 972, 25.7224, 0
PixelHit 1290, 973, 36.745, 0
PixelHit 1290, 974, 51.4393, 0
PixelHit 1290, 975, 47.5079, 0
PixelHit 1290, 976, 29.2243, 0
PixelHit 1290, 977, 13.8389, 0
PixelHit 1290, 978, 5.34441, 0
PixelHit 1290, 979, 3.39315, 0
PixelHit 1291, 966, 8.83036, 0
PixelHit 1291, 967, 13.1318, 0
PixelHit 1291, 968, 48.6572, 0
PixelHit 1291, 969, 89.9591, 0
PixelHit 1291, 970, 78.3958, 0
PixelHit 1291, 971, 54.362, 0
PixelHit 1291, 972, 45.8833, 0
PixelHit 1291, 973, 23.1859, 0
PixelHit 1291, 974, 16.5164, 0
PixelHit 1291, 975, 19.5026, 0
PixelHit 1291, 976, 7.02647, 0
PixelHit 1291, 977, 4.23993, 0
PixelHit 1292, 963, 2.31044, 0
PixelHit 1292, 964, 1.62337, 0
PixelHit 1292, 965, 1.4296, 0
PixelHit 1292, 966, 13.1958, 0
PixelHit 1292, 967, 54.1716, 0
PixelHit 1292, 968, 168.085, 0
PixelHit 1292, 969, 195.771, 0
PixelHit 1292, 970, 138.931, 0
PixelHit 1292, 971, 70.93, 0
PixelHit 1292, 972, 14.5228, 0
PixelHit 1292, 973, 14.5083, 0
PixelHit 1292, 974, 3.46424, 0
PixelHit 1292, 975, 2.47388, 0
PixelHit 1293, 961, 2.2156, 0
PixelHit 1293, 963, 4.33843, 0
PixelHit 1293, 965, 14.9047, 0
PixelHit 1293, 966, 28.4527, 0
PixelHit 1293, 967, 87.5657, 0
PixelHit 1293, 968, 186.334, 0
PixelHit 1293, 969, 225.95, 0
PixelHit 1293, 970, 136.197, 0
PixelHit 1293, 971, 46.9864, 0
PixelHit 1293, 972, 21.8293, 0
PixelHit 1293, 973, 6.34142, 0
PixelHit 1293, 976, 1.31937, 0
PixelHit 1294, 958, 1.9418, 0
PixelHit 1294, 961, 7.73363, 0
PixelHit 1294, 962, 8.13978, 0
PixelHit 1294, 963, 16.3673, 0
PixelHit 1294, 964, 24.5392, 0
PixelHit 1294, 965, 27.7989, 0
PixelHit 1294, 966, 34.2013, 0
PixelHit 1294, 967, 70.6171, 0
PixelHit 1294, 968, 130.192, 0
PixelHit 1294, 969, 134.307, 0
PixelHit 1294, 970, 65.5728, 0
PixelHit 1294, 971, 17.7125, 0
PixelHit 1294, 972, 6.4741, 0
PixelHit 1295, 959, 2.46994, 0
PixelHit 1295, 960, 8.2902, 0
PixelHit 1295, 961, 20.4413, 0
PixelHit 1295, 962, 39.1002, 0
PixelHit 1295, 963, 40.8757, 0
PixelHit 1295, 964, 38.326, 0
PixelHit 1295, 965, 27.8695, 0
PixelHit 1295, 966, 35.5305, 0
PixelHit 1295, 967, 18.5809, 0
PixelHit 1295, 968, 38.5591, 0
PixelHit 1295, 969, 31.6777, 0
PixelHit 1295, 970, 20.4787, 0
PixelHit 1295, 971, 4.09309, 0
PixelHit 1296, 958, 8.43032, 0
PixelHit 1296, 959, 16.2944, 0
PixelHit 1296, 960, 26.1814, 0
PixelHit 1296, 961, 35.3761, 0
PixelHit 1296, 962, 55.7327, 0
PixelHit 1296, 963, 63.057, 0
PixelHit 1296, 964, 39.9286, 0
PixelHit 1296, 965, 20.0232, 0
PixelHit 1296, 966, 13.742, 0
PixelHit 1296, 967, 13.728, 0
PixelHit 1296, 968, 4.96135, 0
PixelHit 1296, 969, 5.59184, 0
PixelHit 1296, 970, 1.40857, 0
PixelHit 1297, 954, 1.2784, 0
PixelHit 1297, 956, 2.47565, 0
PixelHit 1297, 957, 7.12226, 0
PixelHit 1297, 958, 16.4621, 0
PixelHit 1297, 959, 44.4298, 0
PixelHit 1297, 960, 48.2706, 0
PixelHit 1297, 961, 46.6515, 0
PixelHit 1297, 962, 53.6348, 0
PixelHit 1297, 963, 37.6766, 0
PixelHit 1297, 964, 25.7444, 0
PixelHit 1297, 965, 11.0991, 0
PixelHit 1297, 966, 4.39363, 0
PixelHit 1298, 953, 1.52314, 0
PixelHit 1298, 954, 3.00237, 0
PixelHit 1298, 955, 7.59616, 0
PixelHit 1298, 956, 12.3113, 0
PixelHit 1298, 957, 31.5698, 0
PixelHit 1298, 958, 50.6736, 0
PixelHit 1298, 959, 75.6409, 0
PixelHit 1298, 960, 70.853, 0
PixelHit 1298, 961, 43.1825, 0
PixelHit 1298, 962, 28.4513, 0
PixelHit 1298, 963, 13.9145, 0
PixelHit 1298, 964, 8.40359, 0
PixelHit 1299, 951, 2.18949, 0
PixelHit 1299, 952, 2.7218, 0
PixelHit 1299, 953, 9.78611, 0
PixelHit 1299, 954, 18.7182, 0
PixelHit 1299, 955, 31.0879, 0
PixelHit 1299, 956, 39.3689, 0
PixelHit 1299, 957, 53.5489, 0
PixelHit 1299, 958, 43.166, 0
PixelHit 1299, 959, 51.0252, 0
PixelHit 1299, 960, 42.5885, 0
PixelHit 1299, 961, 19.8493, 0
PixelHit 1299, 962, 8.11857, 0
PixelHit 1299, 963, 4.44382, 0
PixelHit 1299, 965, 2.20389, 0
PixelHit 1300, 950, 2.1969, 0
PixelHit 1300, 951, 10.2113, 0
PixelHit 1300, 952, 15.5643, 0
PixelHit 1300, 953, 28.7253, 0
PixelHit 1300, 954, 48.722, 0
PixelHit 1300, 955, 56.7158, 0
PixelHit 1300, 956, 58.6226, 0
PixelHit 1300, 957, 61.8218, 0
PixelHit 1300, 958, 31.1433, 0
PixelHit 1300, 959, 27.2183, 0
PixelHit 1300, 960, 13.596, 0
PixelHit 1300, 961, 7.64563, 0
PixelHit 1300, 963, 3.043, 0
PixelHit 1301, 950, 10.7632, 0
PixelHit 1301, 951, 28.6221, 0
PixelHit 1301, 952, 58.5837, 0
PixelHit 1301, 953, 63.9429, 0
PixelHit 1301, 954, 80.1548, 0
PixelHit 1301, 955, 73.0789, 0
PixelHit 1301, 956, 44.6106, 0
PixelHit 1301, 957, 17.5145, 0
PixelHit 1301, 958, 15.3294, 0
PixelHit 1301, 959, 4.9966, 0
PixelHit 1301, 960, 4.94708, 0
PixelHit 1302, 945, 1.31871, 0
PixelHit 1302, 948, 2.13231, 0
PixelHit 1302, 949, 10.7239, 0
PixelHit 1302, 950, 16.5363, 0
PixelHit 1302, 951, 47.0346, 0
PixelHit 1302, 952, 74.0859, 0
PixelHit 1302, 953, 79.8001, 0
PixelHit 1302, 954, 68.7361, 0
PixelHit 1302, 955, 46.6228, 0
PixelHit 1302, 956, 16.8811, 0
PixelHit 1302, 957, 9.05567, 0
PixelHit 1302, 959, 1.52874, 0
PixelHit 1303, 947, 1.84633, 0
PixelHit 1303, 948, 5.00709, 0
PixelHit 1303, 949, 16.4384, 0
PixelHit 1303, 950, 27.3675, 0
PixelHit 1303, 951, 43.5878, 0
PixelHit 1303, 952, 67.2699, 0
PixelHit 1303, 953, 50.8689, 0
PixelHit 1303, 954, 38.5871, 0
PixelHit 1303, 955, 12.1092, 0
PixelHit 1303, 956, 4.38387, 0
PixelHit 1303, 957, 2.91825, 0
PixelHit 1304, 942, 2.29239, 0
PixelHit 1304, 943, 3.229, 0
PixelHit 1304, 944, 10.3921, 0
PixelHit 1304, 945, 4.77756, 0
PixelHit 1304, 946, 6.88301, 0
PixelHit 1304, 947, 4.43253, 0
PixelHit 1304, 948, 14.2716, 0
PixelHit 1304, 949, 17.2104, 0
PixelHit 1304, 950, 22.0625, 0
PixelHit 1304, 951, 17.6002, 0
PixelHit 1304, 952, 30.5152, 0
PixelHit 1304, 953, 21.0889, 0
PixelHit 1304, 954, 10.3049, 0
PixelHit 1305, 941, 1.78541, 0
PixelHit 1305, 942, 6.5054, 0
PixelHit 1305, 943, 15.6604, 0
PixelHit 1305, 944, 30.8657, 0
PixelHit 1305, 945, 33.0053, 0
PixelHit 1305, 946, 26.7173, 0
PixelHit 1305, 947, 12.9188, 0
PixelHit 1305, 948, 10.4767, 0
PixelHit 1305, 949, 10.7264, 0
PixelHit 1305, 950, 6.04212, 0
PixelHit 1305, 951, 7.14698, 0
PixelHit 1305, 952, 11.4502, 0
PixelHit 1305, 953, 2.08572, 0
PixelHit 1305, 954, 3.04906, 0
PixelHit 1306, 938, 3.98355, 0
PixelHit 1306, 940, 4.82369, 0
PixelHit 1306, 941, 14.89, 0
PixelHit 1306, 942, 26.0976, 0
PixelHit 1306, 943, 41.6638, 0
PixelHit 1306, 944, 82.5894, 0
PixelHit 1306, 945, 60.5426, 0
PixelHit 1306, 946, 49.8532, 0
PixelHit 1306, 947, 18.5352, 0
PixelHit 1306, 948, 10.1859, 0
PixelHit 1306, 949, 3.67541, 0
PixelHit 1306, 950, 3.51649, 0
PixelHit 1306, 952, 1.297, 0
PixelHit 1306, 953, 1.9043, 0
PixelHit 1307, 938, 1.87013, 0
PixelHit 1307, 939, 5.62992, 0
PixelHit 1307, 940, 7.61577, 0
PixelHit 1307, 941, 33.0133, 0
PixelHit 1307, 942, 41.6076, 0
PixelHit 1307, 943, 92.5123, 0
PixelHit 1307, 944, 79.3959, 0
PixelHit 1307, 945, 84.1199, 0
PixelHit 1307, 946, 41.9762, 0
PixelHit 1307, 947, 10.3101, 0
PixelHit 1307, 948, 1.88679, 0
PixelHit 1307, 949, 1.99796, 0
PixelHit 1308, 937, 3.8822, 0
PixelHit 1308, 938, 10.9617, 0
PixelHit 1308, 939, 6.79664, 0
PixelHit 1308, 940, 22.5486, 0
PixelHit 1308, 941, 27.2378, 0
PixelHit 1308, 942, 51.2727, 0
PixelHit 1308, 943, 83.4786, 0
PixelHit 1308, 944, 60.4226, 0
PixelHit 1308, 945, 61.8299, 0
PixelHit 1308, 946, 17.0307, 0
PixelHit 1308, 947, 5.09681, 0
PixelHit 1309, 935, 2.45293, 0
PixelHit 1309, 936, 4.55099, 0
PixelHit 1309, 937, 9.45418, 0
PixelHit 1309, 938, 17.3433, 0
PixelHit 1309, 939, 26.2979, 0
PixelHit 1309, 940, 29.7604, 0
PixelHit 1309, 941, 38.8165, 0
PixelHit 1309, 942, 41.0893, 0
PixelHit 1309, 943, 41.384, 0
PixelHit 1309, 944, 24.8314, 0
PixelHit 1309, 945, 13.892, 0
PixelHit 1309, 946, 6.89874, 0
PixelHit 1310, 932, 2.20919, 0
PixelHit 1310, 934, 5.0287, 0
PixelHit 1310, 935, 4.28752, 0
PixelHit 1310, 936, 11.4604, 0
PixelHit 1310, 937, 28.0065, 0
PixelHit 1310, 938, 41.3882, 0
PixelHit 1310, 939, 35.8548, 0
PixelHit 1310, 940, 25.4299, 0
PixelHit 1310, 941, 14.5643, 0
PixelHit 1310, 942, 18.2745, 0
PixelHit 1310, 943, 11.2839, 0
PixelHit 1310, 944, 4.50686, 0
PixelHit 1310, 947, 2.43313, 0
PixelHit 1311, 930, 3.15808, 0
PixelHit 1311, 932, 3.62045, 0
PixelHit 1311, 933, 7.54458, 0
PixelHit 1311, 934, 11.9215, 0
PixelHit 1311, 935, 17.3289, 0
PixelHit 1311, 936, 19.6761, 0
PixelHit 1311, 937, 40.8761, 0
PixelHit 1311, 938, 39.3232, 0
PixelHit 1311, 939, 24.1917, 0
PixelHit 1311, 940, 24.4087, 0
PixelHit 1311, 941, 5.69086, 0
PixelHit 1311, 942, 2.09033, 0
PixelHit 1311, 945, 1.79829, 0
PixelHit 1312, 929, 6.15365, 0
PixelHit 1312, 930, 6.74325, 0
PixelHit 1312, 931, 10.3354, 0
PixelHit 1312, 932, 15.7395, 0
PixelHit 1312, 933, 14.6436, 0
PixelHit 1312, 934, 19.2508, 0
PixelHit 1312, 935, 20.4806, 0
PixelHit 1312, 936, 14.9803, 0
PixelHit 1312, 937, 21.393, 0
PixelHit 1312, 938, 17.7713, 0
PixelHit 1312, 939, 10.5755, 0
PixelHit 1312, 940, 5.31079, 0
PixelHit 1313, 928, 7.42912, 0
PixelHit 1313, 929, 15.8696, 0
PixelHit 1313, 930, 32.6734, 0
PixelHit 1313, 931, 31.9573, 0
PixelHit 1313, 932, 27.8817, 0
PixelHit 1313, 933, 35.1552, 0
PixelHit 1313, 934, 29.62, 0
PixelHit 1313, 935, 27.5992, 0
PixelHit 1313, 936, 9.41635, 0
PixelHit 1313, 937, 12.8037, 0
PixelHit 1313, 938, 9.31127, 0
PixelHit 1313, 939, 5.77515, 0
PixelHit 1314, 926, 1.52878, 0
PixelHit 1314, 927, 1.27811, 0
PixelHit 1314, 928, 19.8766, 0
PixelHit 1314, 929, 31.8731, 0
PixelHit 1314, 930, 70.0184, 0
PixelHit 1314, 931, 94.2957, 0
PixelHit 1314, 932, 72.1155, 0
PixelHit 1314, 933, 22.5454, 0
PixelHit 1314, 934, 16.2742, 0
PixelHit 1314, 935, 10.4553, 0
PixelHit 1314, 936, 6.68388, 0
PixelHit 1314, 937, 4.57785, 0
PixelHit 1315, 925, 5.39515, 0
PixelHit 1315, 926, 10.4039, 0
PixelHit 1315, 927, 21.3427, 0
PixelHit 1315, 928, 30.1398, 0
PixelHit 1315, 929, 52.0572, 0
PixelHit 1315, 930, 108.127, 0
PixelHit 1315, 931, 109.325, 0
PixelHit 1315, 932, 66.2129, 0
PixelHit 1315, 933, 30.4835, 0
PixelHit 1315, 934, 9.06827, 0
PixelHit 1315, 935, 5.4141, 0
PixelHit 1315, 936, 2.68645, 0
PixelHit 1316, 922, 3.08412, 0
PixelHit 1316, 923, 7.57451, 0
PixelHit 1316, 924, 7.73842, 0
PixelHit 1316, 925, 8.26767, 0
PixelHit 1316, 926, 24.7818, 0
PixelHit 1316, 927, 49.0779, 0
PixelHit 1316, 928, 58.3833, 0
PixelHit 1316, 929, 55.7317, 0
PixelHit 1316, 930, 70.6814, 0
PixelHit 1316, 931, 58.465, 0
PixelHit 1316, 932, 24.7394, 0
PixelHit 1316, 933, 10.0309, 0
PixelHit 1316, 934, 2.24479, 0
PixelHit 1317, 921, 3.14802, 0
PixelHit 1317, 922, 8.95398, 0
PixelHit 1317, 923, 9.68731, 0
PixelHit 1317, 924, 16.4928, 0
PixelHit 1317, 925, 17.3734, 0
PixelHit 1317, 926, 40.6244, 0
PixelHit 1317, 927, 40.7587, 0
PixelHit 1317, 928, 48.2161, 0
PixelHit 1317, 929, 40.2013, 0
PixelHit 1317, 930, 28.7102, 0
PixelHit 1317, 931, 18.2162, 0
PixelHit 1317, 932, 13.0495, 0
PixelHit 1318, 920, 6.91959, 0
PixelHit 1318, 921, 11.9563, 0
PixelHit 1318, 922, 20.6283, 0
PixelHit 1318, 923, 41.7798, 0
PixelHit 1318, 924, 25.2556, 0
PixelHit 1318, 925, 34.2422, 0
PixelHit 1318, 926, 27.084, 0
PixelHit 1318, 927, 28.7139, 0
PixelHit 1318, 928, 28.7025, 0
PixelHit 1318, 929, 18.0065, 0
PixelHit 1318, 930, 6.67475, 0
PixelHit 1318, 931, 1.86458, 0
PixelHit 1318, 932, 1.27873, 0
PixelHit 1319, 918, 3.20866, 0
PixelHit 1319, 919, 3.26678, 0
PixelHit 1319, 920, 10.3957, 0
PixelHit 1319, 921, 33.6833, 0
PixelHit 1319, 922, 55.5097, 0
PixelHit 1319, 923, 47.5335, 0
PixelHit 1319, 924, 47.3221, 0
PixelHit 1319, 925, 26.2441, 0
PixelHit 1319, 926, 12.9354, 0
PixelHit 1319, 927, 11.0783, 0
PixelHit 1319, 928, 8.60021, 0
PixelHit 1319, 929, 6.63952, 0
PixelHit 1319, 930, 0.038129, 0
PixelHit 1320, 919, 5.58793, 0
PixelHit 1320, 920, 17.2214, 0
PixelHit 1320, 921, 40.4668, 0
PixelHit 1320, 922, 61.8346, 0
PixelHit 1320, 923, 41.3884, 0
PixelHit 1320, 924, 24.1007, 0
PixelHit 1320, 925, 11.7765, 0
PixelHit 1320, 926, 5.23959, 0
PixelHit 1320, 927, 2.42182, 0
PixelHit 1320, 928, 1.99196, 0
PixelHit 1321, 919, 5.71336, 0
PixelHit 1321, 920, 15.7994, 0
PixelHit 1321, 921, 24.9515, 0
PixelHit 1321, 922, 41.9052, 0
PixelHit 1321, 923, 12.7795, 0
PixelHit 1321, 924, 15.7822, 0
PixelHit 1321, 925, 4.26682, 0
PixelHit 1321, 926, 5.54522, 0
PixelHit 1322, 919, 4.65341, 0
PixelHit 1322, 920, 6.16376, 0
PixelHit 1322, 921, 14.8766, 0
PixelHit 1322, 922, 11.6404, 0
PixelHit 1322, 923, 7.28812, 0
PixelHit 1323, 921, 4.91224, 0
PixelHit 1323, 923, 0.795718, 0
PixelHit 1323, 924, 1.77196, 0
=== 43 ===
=== 44 ===
=== 45 ===
=== 46 ===
=== 47 ===
=== 48 ===
=== 49 ===
=== 50 ===
=== 51 ===
=== 52 ===
=== 53 ===
=== 54 ===
=== 55 ===
=== 56 ===
=== 57 ===
=== 58 ===
=== 59 ===
=== 60 ===
=== 61 ===
=== 62 ===
=== 63 ===
=== 64 ===
=== 65 ===
=== 66 ===
=== 67 ===
=== 68 ===
=== 69 ===
=== 70 ===
=== 71 ===
=== 72 ===
=== 73 ===
=== 74 ===
=== 75 ===
=== 76 ===
=== 77 ===
=== 78 ===
=== 79 ===
=== 80 ===
=== 81 ===
=== 82 ===
=== 83 ===
=== 84 ===
=== 85 ===
=== 86 ===
=== 87 ===
=== 88 ===
=== 89 ===
=== 90 ===
=== 91 ===
=== 92 ===
=== 93 ===
=== 94 ===
=== 95 ===
=== 96 ===
=== 97 ===
=== 98 ===
=== 99 ===
=== 100 ===
# 1391 objects from 1 messages
