# Allpix Squared ASCII data - https://cern.ch/allpix-squared

=== 1 ===
--- mydetector ---
PixelHit 1229, 1063, 4.09951, 0
PixelHit 1230, 1062, 19.3434, 0
PixelHit 1230, 1063, 40.4267, 0
PixelHit 1231, 1062, 34.266, 0
PixelHit 1231, 1063, 7.27099, 0
PixelHit 1232, 1061, 3.38066, 0
PixelHit 1232, 1062, 9.26977, 0
PixelHit 1233, 1060, 2.95297, 0
PixelHit 1233, 1061, 44.9336, 0
PixelHit 1233, 1062, 22.9099, 0
PixelHit 1234, 1061, 60.905, 0
PixelHit 1234, 1062, 11.6444, 0
PixelHit 1235, 1061, 0.251037, 0
PixelHit 1236, 1059, 2.44703, 0
PixelHit 1236, 1060, 1.56689, 0
PixelHit 1237, 1059, 8.53967, 0
PixelHit 1237, 1060, 23.2515, 0
PixelHit 1237, 1061, 1.38083, 0
PixelHit 1238, 1059, 12.0768, 0
PixelHit 1238, 1060, 36.9816, 0
PixelHit 1239, 1058, 7.32364, 0
PixelHit 1239, 1059, 19.8719, 0
PixelHit 1240, 1058, 11.2284, 0
PixelHit 1240, 1059, 40.4225, 0
PixelHit 1240, 1060, 4.5312, 0
PixelHit 1241, 1058, 19.4043, 0
PixelHit 1241, 1059, 8.29557, 0
PixelHit 1241, 1060, 1.63589, 0
PixelHit 1242, 1057, 4.70829, 0
PixelHit 1242, 1058, 12.4491, 0
PixelHit 1242, 1059, 5.07348, 0
PixelHit 1243, 1056, 2.71767, 0
PixelHit 1243, 1057, 50.0385, 0
PixelHit 1243, 1058, 37.7466, 0
PixelHit 1243, 1059, 6.34129, 0
PixelHit 1244, 1056, 19.8384, 0
PixelHit 1244, 1057, 198.81, 0
PixelHit 1244, 1058, 91.7448, 0
PixelHit 1244, 1059, 3.97351, 0
PixelHit 1245, 1056, 11.5898, 0
PixelHit 1245, 1057, 88.2489, 0
PixelHit 1245, 1058, 42.3874, 0
PixelHit 1245, 1059, 3.42936, 0
PixelHit 1246, 1055, 2.64187, 0
PixelHit 1246, 1056, 13.2126, 0
PixelHit 1246, 1057, 14.7757, 0
PixelHit 1246, 1058, 0.31602, 0
PixelHit 1247, 1055, 5.33394, 0
PixelHit 1247, 1056, 31.1667, 0
PixelHit 1247, 1057, 12.6743, 0
PixelHit 1247, 1058, 0.76368, 0
PixelHit 1248, 1055, 7.78314, 0
PixelHit 1248, 1056, 31.177, 0
PixelHit 1248, 1057, 6.70793, 0
PixelHit 1249, 1054, 3.81835, 0
PixelHit 1249, 1055, 24.1182, 0
PixelHit 1249, 1056, 12.6579, 0
PixelHit 1249, 1057, 4.9579, 0
PixelHit 1250, 1053, -0.509689, 0
PixelHit 1250, 1054, 6.38822, 0
PixelHit 1250, 1055, 15.6908, 0
PixelHit 1250, 1056, 3.92998, 0
PixelHit 1251, 1054, 20.0883, 0
PixelHit 1251, 1055, 20.0862, 0
PixelHit 1251, 1056, 2.91225, 0
PixelHit 1252, 1054, 16.0839, 0
PixelHit 1252, 1055, 19.0763, 0
PixelHit 1252, 1056, 6.18611, 0
PixelHit 1253, 1053, 4.78048, 0
PixelHit 1253, 1054, 6.97123, 0
PixelHit 1253, 1055, 4.37188, 0
PixelHit 1253, 1056, 2.02844, 0
PixelHit 1254, 1053, 3.13283, 0
PixelHit 1254, 1054, 2.32366, 0
PixelHit 1255, 1052, 3.11805, 0
PixelHit 1255, 1054, 2.10559, 0
PixelHit 1256, 1051, -0.160319, 0
PixelHit 1256, 1052, 8.84771, 0
PixelHit 1256, 1053, 15.0843, 0
PixelHit 1256, 1054, 5.12913, 0
PixelHit 1257, 1050, 1.87377, 0
PixelHit 1257, 1051, 11.7363, 0
PixelHit 1257, 1052, 34.9551, 0
PixelHit 1257, 1053, 24.387, 0
PixelHit 1257, 1054, 6.11613, 0
PixelHit 1258, 1050, 1.77186, 0
PixelHit 1258, 1051, 24.4107, 0
PixelHit 1258, 1052, 65.8631, 0
PixelHit 1258, 1053, 30.4821, 0
PixelHit 1258, 1054, 2.82586, 0
PixelHit 1259, 1050, 3.76539, 0
PixelHit 1259, 1051, 36.7391, 0
PixelHit 1259, 1052, 51.4138, 0
PixelHit 1259, 1053, 18.9381, 0
PixelHit 1260, 1049, 3.35531, 0
PixelHit 1260, 1050, 4.36261, 0
PixelHit 1260, 1051, 28.0674, 0
PixelHit 1260, 1052, 22.5618, 0
PixelHit 1260, 1053, 7.06145, 0
PixelHit 1261, 1050, 11.13, 0
PixelHit 1261, 1051, 44.1857, 0
PixelHit 1261, 1052, 20.7465, 0
PixelHit 1261, 1053, 1.65182, 0
PixelHit 1262, 1050, 13.8909, 0
PixelHit 1262, 1051, 15.0084, 0
PixelHit 1262, 1052, 2.2311, 0
PixelHit 1263, 1048, 3.29961, 0
PixelHit 1263, 1049, 4.80463, 0
PixelHit 1263, 1050, 15.9979, 0
PixelHit 1263, 1051, 6.42606, 0
PixelHit 1263, 1052, 2.69889, 0
PixelHit 1264, 1048, 2.21477, 0
PixelHit 1264, 1049, 21.1111, 0
PixelHit 1264, 1050, 23.1745, 0
PixelHit 1264, 1051, 9.27787, 0
PixelHit 1264, 1052, 3.1293, 0
PixelHit 1265, 1047, 2.78239, 0
PixelHit 1265, 1048, 1.91903, 0
PixelHit 1265, 1049, 20.822, 0
PixelHit 1265, 1050, 28.6217, 0
PixelHit 1265, 1051, 6.38753, 0
PixelHit 1266, 1047, 1.98311, 0
PixelHit 1266, 1048, 4.18759, 0
PixelHit 1266, 1049, 7.83106, 0
PixelHit 1266, 1050, 10.8017, 0
PixelHit 1266, 1051, 0.842845, 0
PixelHit 1266, 1052, 3.83184, 0
PixelHit 1267, 1047, 3.04022, 0
PixelHit 1267, 1048, 4.9699, 0
PixelHit 1267, 1049, 2.61992, 0
PixelHit 1267, 1050, 2.53088, 0
PixelHit 1268, 1047, 9.46628, 0
PixelHit 1268, 1048, 21.5193, 0
PixelHit 1268, 1049, 8.86214, 0
PixelHit 1268, 1050, 2.52803, 0
PixelHit 1269, 1046, 3.90419, 0
PixelHit 1269, 1047, 15.6087, 0
PixelHit 1269, 1048, 20.7665, 0
PixelHit 1269, 1049, 21.1226, 0
PixelHit 1269, 1050, 1.39014, 0
PixelHit 1269, 1051, 2.59189, 0
PixelHit 1270, 1046, 5.01922, 0
PixelHit 1270, 1047, 16.6051, 0
PixelHit 1270, 1048, 22.4752, 0
PixelHit 1270, 1049, 10.6894, 0
PixelHit 1271, 1046, 8.99546, 0
PixelHit 1271, 1047, 10.7355, 0
PixelHit 1271, 1048, 11.8074, 0
PixelHit 1271, 1049, 8.56671, 0
PixelHit 1271, 1050, 2.09434, 0
PixelHit 1272, 1045, 3.20882, 0
PixelHit 1272, 1047, 10.5131, 0
PixelHit 1272, 1048, 9.01056, 0
PixelHit 1273, 1045, 4.90969, 0
PixelHit 1273, 1046, 7.03191, 0
PixelHit 1273, 1047, 5.41624, 0
PixelHit 1273, 1048, 3.73592, 0
PixelHit 1274, 1045, 13.3781, 0
PixelHit 1274, 1046, 13.7364, 0
PixelHit 1274, 1047, 5.85882, 0
PixelHit 1274, 1048, 2.35396, 0
PixelHit 1275, 1044, 4.43383, 0
PixelHit 1275, 1045, 19.733, 0
PixelHit 1275, 1046, 27.1132, 0
PixelHit 1275, 1047, 12.7474, 0
PixelHit 1275, 1048, 3.23715, 0
PixelHit 1276, 1044, 4.23006, 0
PixelHit 1276, 1045, 24.9643, 0
PixelHit 1276, 1046, 45.3555, 0
PixelHit 1276, 1047, 13.929, 0
PixelHit 1276, 1048, 0.316203, 0
PixelHit 1277, 1043, 3.0574, 0
PixelHit 1277, 1044, 6.36098, 0
PixelHit 1277, 1045, 16.4034, 0
PixelHit 1277, 1046, 10.5277, 0
PixelHit 1277, 1047, 4.28298, 0
PixelHit 1278, 1043, 4.15652, 0
PixelHit 1278, 1044, 6.55222, 0
PixelHit 1278, 1045, 11.441, 0
PixelHit 1278, 1046, 2.49642, 0
PixelHit 1278, 1047, 0.584511, 0
PixelHit 1279, 1043, 7.20637, 0
PixelHit 1279, 1044, 10.3271, 0
PixelHit 1279, 1045, 3.43009, 0
PixelHit 1280, 1041, 0.994145, 0
PixelHit 1280, 1042, 3.08693, 0
PixelHit 1280, 1043, 10.2506, 0
PixelHit 1280, 1044, 17.2663, 0
PixelHit 1280, 1045, 7.03174, 0
PixelHit 1280, 1046, 1.35622, 0
PixelHit 1281, 1041, 1.22681, 0
PixelHit 1281, 1042, 14.4232, 0
PixelHit 1281, 1043, 28.7981, 0
PixelHit 1281, 1044, 36.4209, 0
PixelHit 1281, 1045, 8.41839, 0
PixelHit 1281, 1046, 4.14355, 0
PixelHit 1282, 1040, 1.76083, 0
PixelHit 1282, 1041, 3.97729, 0
PixelHit 1282, 1042, 16.0213, 0
PixelHit 1282, 1043, 35.4223, 0
PixelHit 1282, 1044, 32.9306, 0
PixelHit 1282, 1045, 6.60802, 0
PixelHit 1282, 1046, 1.25207, 0
PixelHit 1283, 1041, 6.51697, 0
PixelHit 1283, 1042, 23.5379, 0
PixelHit 1283, 1043, 36.4378, 0
PixelHit 1283, 1044, 22.7311, 0
PixelHit 1283, 1045, 5.89511, 0
PixelHit 1284, 1041, 5.05849, 0
PixelHit 1284, 1042, 29.6343, 0
PixelHit 1284, 1043, 22.3134, 0
PixelHit 1284, 1044, 14.441, 0
PixelHit 1285, 1040, 1.80227, 0
PixelHit 1285, 1041, 2.14456, 0
PixelHit 1285, 1042, 3.86758, 0
PixelHit 1285, 1043, 8.48547, 0
PixelHit 1285, 1044, 1.87438, 0
PixelHit 1286, 1041, 4.59722, 0
PixelHit 1286, 1042, 3.88893, 0
PixelHit 1286, 1043, 2.99088, 0
PixelHit 1287, 1040, 7.28887, 0
PixelHit 1287, 1041, 8.46455, 0
PixelHit 1287, 1042, 8.29995, 0
PixelHit 1287, 1043, 2.14494, 0
PixelHit 1287, 1044, 2.08307, 0
PixelHit 1288, 1038, 1.35871, 0
PixelHit 1288, 1039, 4.21579, 0
PixelHit 1288, 1040, 10.9872, 0
PixelHit 1288, 1041, 24.1436, 0
PixelHit 1288, 1042, 16.0049, 0
PixelHit 1288, 1043, 4.35571, 0
PixelHit 1289, 1039, 6.28514, 0
PixelHit 1289, 1040, 11.5234, 0
PixelHit 1289, 1041, 18.7418, 0
PixelHit 1289, 1042, 15.2468, 0
PixelHit 1289, 1043, 6.40244, 0
PixelHit 1289, 1044, 3.94001, 0
PixelHit 1290, 1038, 1.45185, 0
PixelHit 1290, 1039, 1.81554, 0
PixelHit 1290, 1040, 10.3919, 0
PixelHit 1290, 1041, 12.1015, 0
PixelHit 1290, 1042, 6.0752, 0
PixelHit 1291, 1039, 10.4882, 0
PixelHit 1291, 1040, 3.23821, 0
PixelHit 1291, 1041, 2.95821, 0
PixelHit 1292, 1037, 1.77972, 0
PixelHit 1292, 1038, 6.35332, 0
PixelHit 1292, 1039, 10.85, 0
PixelHit 1292, 1040, 8.52766, 0
PixelHit 1292, 1041, 4.52341, 0
PixelHit 1293, 1037, 0.150689, 0
PixelHit 1293, 1038, 1.53345, 0
PixelHit 1293, 1039, 7.38052, 0
PixelHit 1293, 1040, 10.2486, 0
PixelHit 1293, 1041, 5.68511, 0
PixelHit 1294, 1036, 5.3131, 0
PixelHit 1294, 1037, 18.3405, 0
PixelHit 1294, 1038, 14.5936, 0
PixelHit 1294, 1039, 29.7098, 0
PixelHit 1294, 1040, 7.95109, 0
PixelHit 1295, 1036, 14.9952, 0
PixelHit 1295, 1037, 39.5241, 0
PixelHit 1295, 1038, 15.0388, 0
PixelHit 1295, 1039, 14.7077, 0
PixelHit 1295, 1040, 3.79388, 0
PixelHit 1295, 1041, 0.96183, 0
PixelHit 1296, 1034, 1.46515, 0
PixelHit 1296, 1035, 1.19509, 0
PixelHit 1296, 1036, 18.9683, 0
PixelHit 1296, 1037, 31.3343, 0
PixelHit 1296, 1038, 39.616, 0
PixelHit 1296, 1039, 16.0911, 0
PixelHit 1296, 1040, 2.81542, 0
PixelHit 1296, 1041, 2.37088, 0
PixelHit 1297, 1035, 4.97654, 0
PixelHit 1297, 1036, 32.5412, 0
PixelHit 1297, 1037, 21.7997, 0
PixelHit 1297, 1038, 43.4436, 0
PixelHit 1297, 1039, 16.238, 0
PixelHit 1297, 1040, 4.50032, 0
PixelHit 1297, 1041, 0.962665, 0
PixelHit 1298, 1035, 49.7676, 0
PixelHit 1298, 1036, 54.7141, 0
PixelHit 1298, 1037, 33.8087, 0
PixelHit 1298, 1038, 27.9947, 0
PixelHit 1298, 1039, 12.5818, 0
PixelHit 1298, 1040, 1.35166, 0
PixelHit 1299, 1034, 5.96528, 0
PixelHit 1299, 1035, 157.875, 0
PixelHit 1299, 1036, 65.3434, 0
PixelHit 1299, 1037, 37.652, 0
PixelHit 1299, 1038, 25.2114, 0
PixelHit 1299, 1039, 16.2038, 0
PixelHit 1299, 1040, 4.61037, 0
PixelHit 1300, 1033, 1.13069, 0
PixelHit 1300, 1034, 14.762, 0
PixelHit 1300, 1035, 123.871, 0
PixelHit 1300, 1036, 35.526, 0
PixelHit 1300, 1037, 40.2299, 0
PixelHit 1300, 1038, 12.3591, 0
PixelHit 1300, 1039, 6.99346, 0
PixelHit 1301, 1034, 9.39201, 0
PixelHit 1301, 1035, 23.5756, 0
PixelHit 1301, 1036, 13.8727, 0
PixelHit 1301, 1037, 18.0102, 0
PixelHit 1301, 1038, 11.1786, 0
PixelHit 1301, 1039, 1.84686, 0
PixelHit 1302, 1033, 7.1648, 0
PixelHit 1302, 1034, 46.1178, 0
PixelHit 1302, 1035, 29.5445, 0
PixelHit 1302, 1036, 29.5877, 0
PixelHit 1302, 1037, 18.9209, 0
PixelHit 1302, 1038, 10.3702, 0
PixelHit 1302, 1040, 1.95431, 0
PixelHit 1303, 1030, 1.0576, 0
PixelHit 1303, 1032, 4.05151, 0
PixelHit 1303, 1033, 14.3966, 0
PixelHit 1303, 1034, 56.8749, 0
PixelHit 1303, 1035, 32.8228, 0
PixelHit 1303, 1036, 30.5341, 0
PixelHit 1303, 1037, 8.91175, 0
PixelHit 1303, 1038, 5.46202, 0
PixelHit 1303, 1039, 1.05949, 0
PixelHit 1304, 1032, 1.62527, 0
PixelHit 1304, 1033, 15.911, 0
PixelHit 1304, 1034, 27.0109, 0
PixelHit 1304, 1035, 33.4411, 0
PixelHit 1304, 1036, 30.9046, 0
PixelHit 1304, 1037, 10.2221, 0
PixelHit 1304, 1038, 4.69817, 0
PixelHit 1305, 1032, 16.9683, 0
PixelHit 1305, 1033, 52.8856, 0
PixelHit 1305, 1034, 33.8723, 0
PixelHit 1305, 1035, 45.5674, 0
PixelHit 1305, 1036, 27.3307, 0
PixelHit 1305, 1037, 6.91382, 0
PixelHit 1306, 1031, 2.73881, 0
PixelHit 1306, 1032, 22.2912, 0
PixelHit 1306, 1033, 71.4842, 0
PixelHit 1306, 1034, 37.9145, 0
PixelHit 1306, 1035, 46.8364, 0
PixelHit 1306, 1036, 17.1767, 0
PixelHit 1306, 1037, 6.93194, 0
PixelHit 1307, 1031, 3.52219, 0
PixelHit 1307, 1032, 47.6352, 0
PixelHit 1307, 1033, 41.0779, 0
PixelHit 1307, 1034, 33.4719, 0
PixelHit 1307, 1035, 29.4527, 0
PixelHit 1307, 1036, 7.7638, 0
PixelHit 1307, 1037, 3.1145, 0
PixelHit 1307, 1039, 1.4201, 0
PixelHit 1308, 1031, 42.6841, 0
PixelHit 1308, 1032, 91.2821, 0
PixelHit 1308, 1033, 33.5394, 0
PixelHit 1308, 1034, 15.0973, 0
PixelHit 1308, 1035, 9.45574, 0
PixelHit 1308, 1036, 4.9182, 0
PixelHit 1309, 1029, 3.68921, 0
PixelHit 1309, 1030, 5.62628, 0
PixelHit 1309, 1031, 65.6297, 0
PixelHit 1309, 1032, 108.62, 0
PixelHit 1309, 1033, 30.2364, 0
PixelHit 1309, 1034, 17.0054, 0
PixelHit 1309, 1035, 3.901, 0
PixelHit 1309, 1036, 3.20761, 0
PixelHit 1310, 1030, 3.38339, 0
PixelHit 1310, 1031, 46.6217, 0
PixelHit 1310, 1032, 36.7791, 0
PixelHit 1310, 1033, 25.3306, 0
PixelHit 1310, 1034, 7.92656, 0
PixelHit 1310, 1035, 2.1528, 0
PixelHit 1310, 1036, 2.20395, 0
PixelHit 1311, 1029, 1.22787, 0
PixelHit 1311, 1030, 10.6386, 0
PixelHit 1311, 1031, 39.4677, 0
PixelHit 1311, 1032, 20.289, 0
PixelHit 1311, 1033, 13.8062, 0
PixelHit 1311, 1034, 17.5124, 0
PixelHit 1311, 1035, 7.63291, 0
PixelHit 1312, 1029, 4.90993, 0
PixelHit 1312, 1030, 7.93254, 0
PixelHit 1312, 1031, 26.9879, 0
PixelHit 1312, 1032, 12.2777, 0
PixelHit 1312, 1033, 7.61941, 0
PixelHit 1312, 1034, 4.21687, 0
PixelHit 1312, 1036, 0.264046, 0
PixelHit 1313, 1028, 2.26869, 0
PixelHit 1313, 1029, 11.6303, 0
PixelHit 1313, 1030, 30.9786, 0
PixelHit 1313, 1031, 8.69197, 0
PixelHit 1313, 1032, 7.66541, 0
PixelHit 1313, 1033, 3.46363, 0
PixelHit 1314, 1028, 8.98001, 0
PixelHit 1314, 1029, 130.313, 0
PixelHit 1314, 1030, 144.732, 0
PixelHit 1314, 1031, 12.0505, 0
PixelHit 1314, 1033, 3.88611, 0
PixelHit 1315, 1028, 17.413, 0
PixelHit 1315, 1029, 116.705, 0
PixelHit 1315, 1030, 95.8724, 0
PixelHit 1315, 1031, 10.6686, 0
PixelHit 1315, 1033, 2.99771, 0
PixelHit 1316, 1027, 1.90028, 0
PixelHit 1316, 1028, 9.49501, 0
PixelHit 1316, 1029, 30.101, 0
PixelHit 1316, 1030, 22.205, 0
PixelHit 1316, 1031, 2.66462, 0
PixelHit 1317, 1027, 13.9729, 0
PixelHit 1317, 1028, 16.5293, 0
PixelHit 1317, 1029, 24.4821, 0
PixelHit 1317, 1030, 10.5246, 0
PixelHit 1318, 1026, 2.91861, 0
PixelHit 1318, 1027, 34.3491, 0
PixelHit 1318, 1028, 94.1765, 0
PixelHit 1318, 1029, 48.1665, 0
PixelHit 1318, 1030, 0.951421, 0
PixelHit 1319, 1026, 2.23037, 0
PixelHit 1319, 1027, 24.4759, 0
PixelHit 1319, 1028, 61.5228, 0
PixelHit 1319, 1029, 41.3896, 0
PixelHit 1320, 1027, 13.0909, 0
PixelHit 1320, 1028, 16.6324, 0
PixelHit 1320, 1029, 8.48985, 0
PixelHit 1321, 1025, 2.42072, 0
PixelHit 1321, 1026, 31.112, 0
PixelHit 1321, 1027, 56.0782, 0
PixelHit 1321, 1028, 36.057, 0
PixelHit 1322, 1025, 13.9017, 0
PixelHit 1322, 1026, 66.5418, 0
PixelHit 1322, 1027, 126.74, 0
PixelHit 1322, 1028, 50.223, 0
PixelHit 1322, 1029, 4.67219, 0
PixelHit 1323, 1025, 8.6168, 0
PixelHit 1323, 1026, 36.0447, 0
PixelHit 1323, 1027, 53.7091, 0
PixelHit 1323, 1028, 9.64879, 0
PixelHit 1324, 1025, 3.44364, 0
PixelHit 1324, 1026, 7.59642, 0
PixelHit 1324, 1027, 7.30759, 0
PixelHit 1324, 1028, 1.28724, 0
PixelHit 1325, 1024, 2.99446, 0
PixelHit 1325, 1025, 3.20973, 0
PixelHit 1325, 1026, 7.99929, 0
PixelHit 1325, 1027, 1.99136, 0
PixelHit 1326, 1023, 2.12788, 0
PixelHit 1326, 1024, 1.9354, 0
PixelHit 1326, 1025, 6.93659, 0
PixelHit 1326, 1026, 4.44206, 0
PixelHit 1327, 1024, 2.74374, 0
PixelHit 1327, 1025, 12.25, 0
PixelHit 1327, 1026, 3.54731, 0
PixelHit 1327, 1027, 2.11882, 0
PixelHit 1328, 1023, 3.03552, 0
PixelHit 1328, 1024, 6.28412, 0
PixelHit 1328, 1025, 6.2253, 0
PixelHit 1329, 1022, 2.82419, 0
PixelHit 1329, 1023, 16.86, 0
PixelHit 1329, 1024, 19.9125, 0
PixelHit 1329, 1025, 16.951, 0
PixelHit 1329, 1026, 3.65984, 0
PixelHit 1330, 1022, 5.29762, 0
PixelHit 1330, 1023, 19.9667, 0
PixelHit 1330, 1024, 20.2404, 0
PixelHit 1330, 1025, 11.2548, 0
PixelHit 1331, 1022, 1.45881, 0
PixelHit 1331, 1023, 11.4095, 0
PixelHit 1331, 1024, 13.487, 0
PixelHit 1331, 1025, 5.48621, 0
PixelHit 1332, 1021, 2.07415, 0
PixelHit 1332, 1022, 2.71783, 0
PixelHit 1332, 1023, 8.87053, 0
PixelHit 1332, 1024, 2.52672, 0
PixelHit 1332, 1025, 1.79303, 0
PixelHit 1333, 1021, 1.79137, 0
PixelHit 1333, 1022, 4.59274, 0
PixelHit 1333, 1023, 8.03885, 0
PixelHit 1334, 1022, 6.84995, 0
PixelHit 1334, 1023, 4.15842, 0
PixelHit 1334, 1024, 2.67577, 0
PixelHit 1335, 1019, 2.86843, 0
PixelHit 1335, 1021, 4.46329, 0
PixelHit 1335, 1022, 4.12874, 0
PixelHit 1336, 1019, 2.66971, 0
PixelHit 1336, 1020, 2.65973, 0
PixelHit 1336, 1021, 11.0324, 0
PixelHit 1336, 1022, 10.1847, 0
PixelHit 1336, 1023, 3.31271, 0
PixelHit 1337, 1020, 10.4224, 0
PixelHit 1337, 1021, 17.337, 0
PixelHit 1337, 1022, 3.01849, 0
PixelHit 1338, 1019, 10.1263, 0
PixelHit 1338, 1020, 18.1627, 0
PixelHit 1338, 1021, 17.3562, 0
PixelHit 1338, 1022, 13.3601, 0
PixelHit 1338, 1023, 2.60141, 0
PixelHit 1339, 1018, 5.09745, 0
PixelHit 1339, 1019, 18.8904, 0
PixelHit 1339, 1020, 27.526, 0
PixelHit 1339, 1021, 25.0715, 0
PixelHit 1339, 1022, 9.6692, 0
PixelHit 1339, 1023, 2.73885, 0
PixelHit 1340, 1018, 9.36003, 0
PixelHit 1340, 1019, 27.1107, 0
PixelHit 1340, 1020, 39.978, 0
PixelHit 1340, 1021, 28.3797, 0
PixelHit 1340, 1022, 10.4754, 0
PixelHit 1341, 1018, 3.79677, 0
PixelHit 1341, 1019, 36.1731, 0
PixelHit 1341, 1020, 42.7186, 0
PixelHit 1341, 1021, 21.7578, 0
PixelHit 1341, 1022, 6.68494, 0
PixelHit 1342, 1018, 4.56723, 0
PixelHit 1342, 1019, 16.6215, 0
PixelHit 1342, 1020, 19.5677, 0
PixelHit 1342, 1021, 10.2241, 0
PixelHit 1343, 1017, 4.96182, 0
PixelHit 1343, 1018, 4.87457, 0
PixelHit 1343, 1019, 4.56796, 0
PixelHit 1343, 1020, 8.00066, 0
PixelHit 1343, 1021, 4.14183, 0
PixelHit 1344, 1016, 1.32675, 0
PixelHit 1344, 1018, 4.43153, 0
PixelHit 1344, 1019, 10.7734, 0
PixelHit 1344, 1020, 8.99928, 0
PixelHit 1345, 1017, 7.82823, 0
PixelHit 1345, 1018, 9.67113, 0
PixelHit 1345, 1019, 4.21885, 0
PixelHit 1345, 1020, 3.15625, 0
PixelHit 1346, 1016, 2.17646, 0
PixelHit 1346, 1017, 6.01449, 0
PixelHit 1346, 1018, 7.87027, 0
PixelHit 1346, 1019, 4.31883, 0
PixelHit 1346, 1020, 1.64894, 0
PixelHit 1347, 1015, 6.45391, 0
PixelHit 1347, 1016, 10.8303, 0
PixelHit 1347, 1017, 17.8497, 0
PixelHit 1347, 1018, 17.292, 0
PixelHit 1347, 1019, 2.99233, 0
PixelHit 1348, 1014, 1.41981, 0
PixelHit 1348, 1015, 4.61488, 0
PixelHit 1348, 1016, 20.8781, 0
PixelHit 1348, 1017, 40.9006, 0
PixelHit 1348, 1018, 23.5613, 0
PixelHit 1348, 1019, 8.95149, 0
PixelHit 1348, 1020, 2.00691, 0
PixelHit 1349, 1013, 2.27878, 0
PixelHit 1349, 1015, 4.72419, 0
PixelHit 1349, 1016, 31.7447, 0
PixelHit 1349, 1017, 39.5812, 0
PixelHit 1349, 1018, 11.0599, 0
PixelHit 1349, 1019, 7.00761, 0
PixelHit 1350, 1014, 1.73891, 0
PixelHit 1350, 1015, 5.78492, 0
PixelHit 1350, 1016, 18.4131, 0
PixelHit 1350, 1017, 24.344, 0
PixelHit 1350, 1018, 11.2177, 0
PixelHit 1350, 1019, 1.05977, 0
PixelHit 1351, 1014, 4.14575, 0
PixelHit 1351, 1015, 15.1212, 0
PixelHit 1351, 1016, 19.2974, 0
PixelHit 1351, 1017, 6.47722, 0
PixelHit 1351, 1018, 4.68886, 0
PixelHit 1351, 1019, 1.99774, 0
PixelHit 1352, 1014, 5.73566, 0
PixelHit 1352, 1015, 11.3334, 0
PixelHit 1352, 1016, 22.8124, 0
PixelHit 1352, 1017, 8.0543, 0
PixelHit 1352, 1018, 2.23386, 0
PixelHit 1353, 1013, 2.91763, 0
PixelHit 1353, 1014, 13.51, 0
PixelHit 1353, 1015, 18.619, 0
PixelHit 1353, 1016, 18.1291, 0
PixelHit 1353, 1017, 10.5051, 0
PixelHit 1353, 1018, 4.72244, 0
PixelHit 1354, 1013, 4.81247, 0
PixelHit 1354, 1014, 24.4363, 0
PixelHit 1354, 1015, 27.4616, 0
PixelHit 1354, 1016, 16.7262, 0
PixelHit 1354, 1017, 5.61015, 0
PixelHit 1355, 1011, 1.92437, 0
PixelHit 1355, 1013, 10.1883, 0
PixelHit 1355, 1014, 40.8118, 0
PixelHit 1355, 1015, 29.2673, 0
PixelHit 1355, 1016, 14.3973, 0
PixelHit 1356, 1011, 1.48813, 0
PixelHit 1356, 1012, 6.23533, 0
PixelHit 1356, 1013, 19.9611, 0
PixelHit 1356, 1014, 32.328, 0
PixelHit 1356, 1015, 24.4436, 0
PixelHit 1356, 1016, 11.2246, 0
PixelHit 1356, 1017, 1.16392, 0
PixelHit 1357, 1011, 2.01787, 0
PixelHit 1357, 1012, 3.91258, 0
PixelHit 1357, 1013, 9.12045, 0
PixelHit 1357, 1014, 30.9276, 0
PixelHit 1357, 1015, 15.2759, 0
PixelHit 1357, 1016, 4.08138, 0
PixelHit 1357, 1017, 1.52673, 0
PixelHit 1358, 1011, 1.04373, 0
PixelHit 1358, 1012, 5.78363, 0
PixelHit 1358, 1013, 9.27196, 0
PixelHit 1358, 1014, 12.8974, 0
PixelHit 1358, 1015, 6.21247, 0
PixelHit 1359, 1009, 1.24872, 0
PixelHit 1359, 1010, 0.954223, 0
PixelHit 1359, 1011, 9.13994, 0
PixelHit 1359, 1012, 30.1652, 0
PixelHit 1359, 1013, 24.8644, 0
PixelHit 1359, 1014, 12.8912, 0
PixelHit 1359, 1016, 0.898475, 0
PixelHit 1360, 1010, 7.36236, 0
PixelHit 1360, 1011, 17.8176, 0
PixelHit 1360, 1012, 39.0796, 0
PixelHit 1360, 1013, 47.4696, 0
PixelHit 1360, 1014, 18.0401, 0
PixelHit 1360, 1015, 10.7964, 0
PixelHit 1361, 1010, 13.6309, 0
PixelHit 1361, 1011, 14.3098, 0
PixelHit 1361, 1012, 39.2696, 0
PixelHit 1361, 1013, 41.1365, 0
PixelHit 1361, 1014, 26.7983, 0
PixelHit 1361, 1015, 4.30337, 0
PixelHit 1361, 1016, 2.19968, 0
PixelHit 1362, 1010, 4.2292, 0
PixelHit 1362, 1011, 15.3992, 0
PixelHit 1362, 1012, 26.7725, 0
PixelHit 1362, 1013, 22.8619, 0
PixelHit 1362, 1014, 10.5256, 0
PixelHit 1362, 1015, 0.497773, 0
PixelHit 1363, 1010, 7.74325, 0
PixelHit 1363, 1011, 9.77377, 0
PixelHit 1363, 1012, 11.3634, 0
PixelHit 1363, 1013, 10.9686, 0
PixelHit 1363, 1014, 4.51602, 0
PixelHit 1364, 1009, 2.36772, 0
PixelHit 1364, 1010, 12.4914, 0
PixelHit 1364, 1011, 12.6253, 0
PixelHit 1364, 1012, 6.42937, 0
PixelHit 1364, 1013, 2.8067, 0
PixelHit 1365, 1008, 3.67954, 0
PixelHit 1365, 1009, 10.3119, 0
PixelHit 1365, 1010, 9.85248, 0
PixelHit 1365, 1011, 10.172, 0
PixelHit 1365, 1012, 9.87148, 0
PixelHit 1365, 1013, 5.80727, 0
PixelHit 1366, 1008, 4.63667, 0
PixelHit 1366, 1009, 12.7316, 0
PixelHit 1366, 1010, 17.3326, 0
PixelHit 1366, 1011, 21.5305, 0
PixelHit 1366, 1012, 14.3043, 0
PixelHit 1366, 1013, 2.45465, 0
PixelHit 1367, 1007, 3.54555, 0
PixelHit 1367, 1008, 2.12386, 0
PixelHit 1367, 1009, 15.739, 0
PixelHit 1367, 1010, 17.1448, 0
PixelHit 1367, 1011, 21.585, 0
PixelHit 1367, 1012, 5.63156, 0
PixelHit 1367, 1013, 2.2342, 0
PixelHit 1368, 1008, 5.99869, 0
PixelHit 1368, 1009, 6.38905, 0
PixelHit 1368, 1010, 11.7804, 0
PixelHit 1368, 1011, 16.5188, 0
PixelHit 1368, 1012, 2.69294, 0
PixelHit 1368, 1013, 1.92054, 0
PixelHit 1369, 1006, 2.49744, 0
PixelHit 1369, 1008, 5.46883, 0
PixelHit 1369, 1009, 4.93348, 0
PixelHit 1369, 1010, 4.33595, 0
PixelHit 1369, 1011, 4.18539, 0
PixelHit 1370, 1007, 2.3875, 0
PixelHit 1370, 1008, 4.53172, 0
PixelHit 1370, 1009, 17.2044, 0
PixelHit 1370, 1010, 6.51679, 0
PixelHit 1370, 1012, 1.44104, 0
PixelHit 1371, 1007, 0.718428, 0
PixelHit 1371, 1008, 12.0555, 0
PixelHit 1371, 1009, 6.14533, 0
PixelHit 1371, 1010, 4.94646, 0
PixelHit 1371, 1011, 0.296411, 0
PixelHit 1372, 1006, 1.10642, 0
PixelHit 1372, 1007, 1.2849, 0
PixelHit 1372, 1008, 2.83957, 0
PixelHit 1372, 1009, 7.19549, 0
PixelHit 1372, 1010, 1.35251, 0
PixelHit 1373, 1006, 0.845095, 0
PixelHit 1373, 1007, 3.52932, 0
PixelHit 1373, 1008, 3.97347, 0
PixelHit 1373, 1009, 5.55857, 0
PixelHit 1373, 1010, 3.66635, 0
PixelHit 1374, 1005, 0.62202, 0
PixelHit 1374, 1006, 6.70584, 0
PixelHit 1374, 1007, 4.63636, 0
PixelHit 1374, 1008, 3.21565, 0
PixelHit 1374, 1009, 3.37135, 0
PixelHit 1374, 1010, 4.0977, 0
PixelHit 1375, 1005, 4.60443, 0
PixelHit 1375, 1006, 4.80654, 0
PixelHit 1375, 1007, 7.79535, 0
PixelHit 1375, 1008, 5.31759, 0
PixelHit 1375, 1009, 2.98347, 0
PixelHit 1375, 1010, 2.2102, 0
PixelHit 1376, 1005, 2.72271, 0
PixelHit 1376, 1006, 4.24535, 0
PixelHit 1376, 1007, 7.07429, 0
PixelHit 1376, 1008, 5.70267, 0
PixelHit 1376, 1009, 3.47384, 0
PixelHit 1377, 1006, 4.47503, 0
PixelHit 1377, 1008, 1.17015, 0
PixelHit 1378, 1008, 2.66018, 0
PixelHit 1378, 1009, 0.934969, 0
=== 2 ===
=== 3 ===
=== 4 ===
=== 5 ===
=== 6 ===
=== 7 ===
=== 8 ===
=== 9 ===
=== 10 ===
=== 11 ===
=== 12 ===
=== 13 ===
=== 14 ===
=== 15 ===
=== 16 ===
=== 17 ===
=== 18 ===
=== 19 ===
=== 20 ===
=== 21 ===
=== 22 ===
=== 23 ===
=== 24 ===
=== 25 ===
=== 26 ===
=== 27 ===
=== 28 ===
=== 29 ===
=== 30 ===
--- mydetector ---
PixelHit 1414, 949, 0.557716, 0
PixelHit 1415, 949, 27.7039, 0
PixelHit 1415, 950, 48.3883, 0
PixelHit 1415, 951, 0.804262, 0
PixelHit 1416, 948, 2.71324, 0
PixelHit 1416, 949, 30.187, 0
PixelHit 1416, 950, 18.3136, 0
PixelHit 1417, 948, 3.03592, 0
PixelHit 1417, 949, 72.7061, 0
PixelHit 1417, 950, 3.7034, 0
PixelHit 1418, 799, 4.59253, 0
PixelHit 1418, 800, 1.80598, 0
PixelHit 1418, 948, 39.4678, 0
PixelHit 1418, 949, 49.7977, 0
PixelHit 1419, 798, 0.252076, 0
PixelHit 1419, 799, 174.217, 0
PixelHit 1419, 800, 2.8119, 0
PixelHit 1419, 948, 39.1346, 0
PixelHit 1419, 949, 12.9034, 0
PixelHit 1420, 799, 14.4138, 0
PixelHit 1420, 947, 2.73857, 0
PixelHit 1420, 948, 14.0232, 0
PixelHit 1420, 949, 2.59474, 0
PixelHit 1421, 798, 23.8116, 0
PixelHit 1421, 799, 10.9797, 0
PixelHit 1421, 947, 19.2774, 0
PixelHit 1421, 948, 11.757, 0
PixelHit 1422, 797, 11.2853, 0
PixelHit 1422, 798, 133.93, 0
PixelHit 1422, 799, 9.86608, 0
PixelHit 1422, 946, 1.40573, 0
PixelHit 1422, 947, 21.1629, 0
PixelHit 1422, 948, 4.93895, 0
PixelHit 1423, 797, 49.2104, 0
PixelHit 1423, 798, 179.693, 0
PixelHit 1423, 799, 3.20589, 0
PixelHit 1423, 946, 47.3184, 0
PixelHit 1423, 947, 70.4867, 0
PixelHit 1423, 948, 3.33923, 0
PixelHit 1424, 797, 30.0703, 0
PixelHit 1424, 798, 24.1573, 0
PixelHit 1424, 945, 2.17029, 0
PixelHit 1424, 946, 70.7905, 0
PixelHit 1424, 947, 48.3154, 0
PixelHit 1425, 796, 4.15336, 0
PixelHit 1425, 797, 3.96635, 0
PixelHit 1425, 945, 5.60261, 0
PixelHit 1425, 946, 19.6128, 0
PixelHit 1425, 947, 10.7488, 0
PixelHit 1426, 795, 2.44904, 0
PixelHit 1426, 796, 6.09419, 0
PixelHit 1426, 797, 15.6889, 0
PixelHit 1426, 945, 21.5386, 0
PixelHit 1426, 946, 21.5725, 0
PixelHit 1427, 796, 21.3897, 0
PixelHit 1427, 797, 10.2059, 0
PixelHit 1427, 944, 3.78873, 0
PixelHit 1427, 945, 16.7814, 0
PixelHit 1427, 946, 10.8442, 0
PixelHit 1428, 794, 1.16201, 0
PixelHit 1428, 795, 5.06925, 0
PixelHit 1428, 796, 18.5058, 0
PixelHit 1428, 797, 6.29656, 0
PixelHit 1428, 944, 24.7504, 0
PixelHit 1428, 945, 53.4397, 0
PixelHit 1428, 946, 5.32381, 0
PixelHit 1429, 795, 7.0706, 0
PixelHit 1429, 796, 11.3497, 0
PixelHit 1429, 943, 3.32303, 0
PixelHit 1429, 944, 29.2663, 0
PixelHit 1429, 945, 50.8568, 0
PixelHit 1429, 946, 3.05977, 0
PixelHit 1430, 793, -0.0458702, 0
PixelHit 1430, 794, 7.05192, 0
PixelHit 1430, 795, 30.6666, 0
PixelHit 1430, 796, 7.2079, 0
PixelHit 1430, 942, 1.60131, 0
PixelHit 1430, 943, 5.10891, 0
PixelHit 1430, 944, 42.2037, 0
PixelHit 1430, 945, 15.7989, 0
PixelHit 1431, 794, 38.042, 0
PixelHit 1431, 795, 73.7722, 0
PixelHit 1431, 796, 4.31963, 0
PixelHit 1431, 943, 4.15548, 0
PixelHit 1431, 944, 25.5962, 0
PixelHit 1431, 945, 7.13728, 0
PixelHit 1432, 794, 37.6151, 0
PixelHit 1432, 795, 39.5942, 0
PixelHit 1432, 796, 3.52656, 0
PixelHit 1432, 943, 3.76723, 0
PixelHit 1432, 944, 3.62789, 0
PixelHit 1433, 793, 5.06156, 0
PixelHit 1433, 794, 47.9009, 0
PixelHit 1433, 795, 22.9222, 0
PixelHit 1433, 942, 0.324991, 0
PixelHit 1433, 943, 14.2935, 0
PixelHit 1434, 792, 2.40583, 0
PixelHit 1434, 793, 29.6137, 0
PixelHit 1434, 794, 42.2083, 0
PixelHit 1434, 795, 5.30515, 0
PixelHit 1434, 941, 2.76207, 0
PixelHit 1434, 942, 13.7607, 0
PixelHit 1434, 943, 24.3911, 0
PixelHit 1434, 944, 2.73606, 0
PixelHit 1435, 792, 3.18324, 0
PixelHit 1435, 793, 53.2441, 0
PixelHit 1435, 794, 59.3245, 0
PixelHit 1435, 795, 2.06583, 0
PixelHit 1435, 941, 3.33162, 0
PixelHit 1435, 942, 22.4498, 0
PixelHit 1435, 943, 24.6492, 0
PixelHit 1436, 792, 40.4205, 0
PixelHit 1436, 793, 104.114, 0
PixelHit 1436, 794, 27.4715, 0
PixelHit 1436, 941, 8.69342, 0
PixelHit 1436, 942, 21.8808, 0
PixelHit 1436, 943, 10.7827, 0
PixelHit 1437, 791, 9.00102, 0
PixelHit 1437, 792, 189.357, 0
PixelHit 1437, 793, 408.345, 0
PixelHit 1437, 794, 91.7912, 0
PixelHit 1437, 795, 1.65575, 0
PixelHit 1437, 941, 3.97872, 0
PixelHit 1437, 942, 11.736, 0
PixelHit 1437, 943, 3.00554, 0
PixelHit 1438, 792, 96.3491, 0
PixelHit 1438, 793, 187.63, 0
PixelHit 1438, 794, 43.8285, 0
PixelHit 1438, 795, 0.773751, 0
PixelHit 1438, 941, 4.32184, 0
PixelHit 1438, 942, 3.48935, 0
PixelHit 1439, 790, 2.24299, 0
PixelHit 1439, 791, 8.00983, 0
PixelHit 1439, 792, 14.8861, 0
PixelHit 1439, 793, 17.5338, 0
PixelHit 1439, 794, 2.99374, 0
PixelHit 1439, 940, 7.22613, 0
PixelHit 1439, 941, 8.28162, 0
PixelHit 1439, 942, 2.36455, 0
PixelHit 1440, 791, 27.9882, 0
PixelHit 1440, 792, 37.1204, 0
PixelHit 1440, 793, 4.2174, 0
PixelHit 1440, 794, 1.23409, 0
PixelHit 1440, 939, 1.61662, 0
PixelHit 1440, 940, 14.4897, 0
PixelHit 1440, 941, 12.8489, 0
PixelHit 1441, 790, 12.7899, 0
PixelHit 1441, 791, 49.7386, 0
PixelHit 1441, 792, 48.1055, 0
PixelHit 1441, 793, 10.9398, 0
PixelHit 1441, 939, 6.15556, 0
PixelHit 1441, 940, 14.7498, 0
PixelHit 1441, 941, 18.3526, 0
PixelHit 1441, 942, 3.08118, 0
PixelHit 1442, 789, 3.05096, 0
PixelHit 1442, 790, 14.693, 0
PixelHit 1442, 791, 31.3354, 0
PixelHit 1442, 792, 16.5099, 0
PixelHit 1442, 939, 17.5799, 0
PixelHit 1442, 940, 12.5759, 0
PixelHit 1442, 941, 3.80419, 0
PixelHit 1442, 942, 2.96365, 0
PixelHit 1443, 789, 2.4035, 0
PixelHit 1443, 790, 16.3, 0
PixelHit 1443, 791, 20.2807, 0
PixelHit 1443, 792, 3.66211, 0
PixelHit 1443, 793, 1.19125, 0
PixelHit 1443, 939, 7.60056, 0
PixelHit 1443, 940, 16.4006, 0
PixelHit 1443, 941, 2.92576, 0
PixelHit 1444, 790, 9.27631, 0
PixelHit 1444, 791, 15.5577, 0
PixelHit 1444, 792, 2.08623, 0
PixelHit 1444, 937, 2.64375, 0
PixelHit 1444, 938, 4.90071, 0
PixelHit 1444, 939, 3.50921, 0
PixelHit 1444, 940, 3.35956, 0
PixelHit 1444, 941, 2.81099, 0
PixelHit 1445, 789, 2.06486, 0
PixelHit 1445, 790, 5.57316, 0
PixelHit 1445, 791, 3.3208, 0
PixelHit 1445, 936, 1.73561, 0
PixelHit 1445, 937, 2.72959, 0
PixelHit 1445, 938, 11.7569, 0
PixelHit 1445, 939, 30.0688, 0
PixelHit 1445, 940, 8.07649, 0
PixelHit 1445, 941, 1.58566, 0
PixelHit 1446, 787, 1.40294, 0
PixelHit 1446, 789, 14.9494, 0
PixelHit 1446, 790, 9.27421, 0
PixelHit 1446, 791, 1.98444, 0
PixelHit 1446, 937, 4.03828, 0
PixelHit 1446, 938, 21.253, 0
PixelHit 1446, 939, 13.0235, 0
PixelHit 1446, 940, 6.80556, 0
PixelHit 1447, 788, 10.7057, 0
PixelHit 1447, 789, 30.6295, 0
PixelHit 1447, 790, 15.9039, 0
PixelHit 1447, 791, 1.54873, 0
PixelHit 1447, 937, 6.00735, 0
PixelHit 1447, 938, 3.18031, 0
PixelHit 1447, 939, 6.58416, 0
PixelHit 1448, 788, 17.7582, 0
PixelHit 1448, 789, 32.3029, 0
PixelHit 1448, 790, 14.6519, 0
PixelHit 1448, 936, 1.56837, 0
PixelHit 1448, 937, 7.52584, 0
PixelHit 1448, 938, 11.3413, 0
PixelHit 1448, 939, 4.07546, 0
PixelHit 1449, 787, 4.85683, 0
PixelHit 1449, 788, 32.0443, 0
PixelHit 1449, 789, 41.1536, 0
PixelHit 1449, 790, 2.30552, 0
PixelHit 1449, 791, 2.66163, 0
PixelHit 1449, 935, 2.63064, 0
PixelHit 1449, 936, 11.4896, 0
PixelHit 1449, 937, 34.1609, 0
PixelHit 1449, 938, 11.7944, 0
PixelHit 1449, 939, 2.9678, 0
PixelHit 1450, 786, 0.687767, 0
PixelHit 1450, 787, 9.58553, 0
PixelHit 1450, 788, 35.7865, 0
PixelHit 1450, 789, 18.1253, 0
PixelHit 1450, 790, 4.70138, 0
PixelHit 1450, 934, 2.8289, 0
PixelHit 1450, 935, 7.36246, 0
PixelHit 1450, 936, 33.8237, 0
PixelHit 1450, 937, 38.2128, 0
PixelHit 1450, 938, 22.3156, 0
PixelHit 1450, 939, 3.14066, 0
PixelHit 1451, 787, 14.8848, 0
PixelHit 1451, 788, 23.2638, 0
PixelHit 1451, 789, 9.6035, 0
PixelHit 1451, 934, 0.585642, 0
PixelHit 1451, 935, 18.9407, 0
PixelHit 1451, 936, 59.2216, 0
PixelHit 1451, 937, 69.2074, 0
PixelHit 1451, 938, 19.5707, 0
PixelHit 1452, 786, 12.3699, 0
PixelHit 1452, 787, 35.9068, 0
PixelHit 1452, 788, 32.6298, 0
PixelHit 1452, 789, 6.65003, 0
PixelHit 1452, 790, 1.6759, 0
PixelHit 1452, 934, 1.8959, 0
PixelHit 1452, 935, 23.5144, 0
PixelHit 1452, 936, 62.9669, 0
PixelHit 1452, 937, 38.3684, 0
PixelHit 1452, 938, 7.63113, 0
PixelHit 1453, 785, 1.58264, 0
PixelHit 1453, 786, 20.4236, 0
PixelHit 1453, 787, 39.2825, 0
PixelHit 1453, 788, 32.2328, 0
PixelHit 1453, 789, 7.57151, 0
PixelHit 1453, 934, 7.71255, 0
PixelHit 1453, 935, 31.8892, 0
PixelHit 1453, 936, 30.2584, 0
PixelHit 1453, 937, 8.84578, 0
PixelHit 1453, 938, 5.1815, 0
PixelHit 1454, 785, 2.4464, 0
PixelHit 1454, 786, 9.97147, 0
PixelHit 1454, 787, 33.3182, 0
PixelHit 1454, 788, 10.7831, 0
PixelHit 1454, 934, 15.3221, 0
PixelHit 1454, 935, 44.4874, 0
PixelHit 1454, 936, 41.3176, 0
PixelHit 1454, 937, 12.8716, 0
PixelHit 1454, 938, 0.898453, 0
PixelHit 1455, 785, 4.94311, 0
PixelHit 1455, 786, 13.1336, 0
PixelHit 1455, 787, 14.2516, 0
PixelHit 1455, 788, 3.12801, 0
PixelHit 1455, 933, 4.68959, 0
PixelHit 1455, 934, 21.9351, 0
PixelHit 1455, 935, 43.6543, 0
PixelHit 1455, 936, 33.1675, 0
PixelHit 1455, 937, 5.84544, 0
PixelHit 1456, 784, 2.6355, 0
PixelHit 1456, 785, 16.3062, 0
PixelHit 1456, 786, 24.4921, 0
PixelHit 1456, 787, 13.3219, 0
PixelHit 1456, 788, 1.02722, 0
PixelHit 1456, 933, 5.81963, 0
PixelHit 1456, 934, 32.7991, 0
PixelHit 1456, 935, 24.2086, 0
PixelHit 1456, 936, 15.8147, 0
PixelHit 1456, 937, 7.16019, 0
PixelHit 1457, 784, 3.05014, 0
PixelHit 1457, 785, 13.2059, 0
PixelHit 1457, 786, 14.0257, 0
PixelHit 1457, 787, 13.1802, 0
PixelHit 1457, 788, 3.60979, 0
PixelHit 1457, 932, 2.08069, 0
PixelHit 1457, 933, 10.4144, 0
PixelHit 1457, 934, 26.0268, 0
PixelHit 1457, 935, 19.7886, 0
PixelHit 1457, 936, 9.47877, 0
PixelHit 1457, 937, 1.80196, 0
PixelHit 1458, 783, 3.94496, 0
PixelHit 1458, 784, 3.61912, 0
PixelHit 1458, 785, 19.2669, 0
PixelHit 1458, 786, 8.21015, 0
PixelHit 1458, 787, 3.42037, 0
PixelHit 1458, 932, 1.50884, 0
PixelHit 1458, 933, 20.3216, 0
PixelHit 1458, 934, 24.8373, 0
PixelHit 1458, 935, 21.6671, 0
PixelHit 1459, 782, 1.24914, 0
PixelHit 1459, 783, 3.42409, 0
PixelHit 1459, 784, 15.4884, 0
PixelHit 1459, 785, 17.9263, 0
PixelHit 1459, 786, 11.8395, 0
PixelHit 1459, 787, 2.99253, 0
PixelHit 1459, 788, 1.34754, 0
PixelHit 1459, 931, 1.2024, 0
PixelHit 1459, 932, 2.9373, 0
PixelHit 1459, 933, 14.7385, 0
PixelHit 1459, 934, 10.4338, 0
PixelHit 1459, 935, 8.89775, 0
PixelHit 1459, 936, 2.6103, 0
PixelHit 1460, 783, 5.52788, 0
PixelHit 1460, 784, 20.6669, 0
PixelHit 1460, 785, 19.579, 0
PixelHit 1460, 786, 10.0075, 0
PixelHit 1460, 788, 2.49855, 0
PixelHit 1460, 931, 2.99498, 0
PixelHit 1460, 932, 8.59232, 0
PixelHit 1460, 933, 10.7028, 0
PixelHit 1460, 934, 9.98057, 0
PixelHit 1461, 783, 8.15382, 0
PixelHit 1461, 784, 13.4507, 0
PixelHit 1461, 785, 12.0317, 0
PixelHit 1461, 931, 12.8843, 0
PixelHit 1461, 932, 27.1213, 0
PixelHit 1461, 933, 22.5301, 0
PixelHit 1461, 934, 6.67912, 0
PixelHit 1462, 783, 9.16245, 0
PixelHit 1462, 784, 15.0936, 0
PixelHit 1462, 785, 6.16101, 0
PixelHit 1462, 786, 4.09613, 0
PixelHit 1462, 930, 8.54278, 0
PixelHit 1462, 931, 25.1414, 0
PixelHit 1462, 932, 60.1719, 0
PixelHit 1462, 933, 48.3002, 0
PixelHit 1462, 934, 9.30196, 0
PixelHit 1463, 782, 3.37239, 0
PixelHit 1463, 783, 9.28827, 0
PixelHit 1463, 784, 15.4029, 0
PixelHit 1463, 785, 5.25417, 0
PixelHit 1463, 930, 6.11131, 0
PixelHit 1463, 931, 26.3274, 0
PixelHit 1463, 932, 46.7612, 0
PixelHit 1463, 933, 32.0106, 0
PixelHit 1463, 934, 13.8257, 0
PixelHit 1464, 782, 8.23139, 0
PixelHit 1464, 783, 10.5332, 0
PixelHit 1464, 784, 5.26808, 0
PixelHit 1464, 785, 1.70834, 0
PixelHit 1464, 929, 1.12689, 0
PixelHit 1464, 930, 14.9228, 0
PixelHit 1464, 931, 20.2609, 0
PixelHit 1464, 932, 46.3304, 0
PixelHit 1464, 933, 25.9643, 0
PixelHit 1464, 934, 4.96411, 0
PixelHit 1465, 781, 9.16115, 0
PixelHit 1465, 782, 11.3015, 0
PixelHit 1465, 783, 16.3283, 0
PixelHit 1465, 784, 9.83142, 0
PixelHit 1465, 785, 2.73512, 0
PixelHit 1465, 930, 8.50659, 0
PixelHit 1465, 931, 36.1273, 0
PixelHit 1465, 932, 30.5386, 0
PixelHit 1465, 933, 12.1059, 0
PixelHit 1466, 780, 2.69087, 0
PixelHit 1466, 781, 10.4457, 0
PixelHit 1466, 782, 15.9877, 0
PixelHit 1466, 783, 23.2763, 0
PixelHit 1466, 784, 4.94726, 0
PixelHit 1466, 929, 0.0419673, 0
PixelHit 1466, 930, 16.0029, 0
PixelHit 1466, 931, 18.815, 0
PixelHit 1466, 932, 23.6991, 0
PixelHit 1466, 933, 8.29549, 0
PixelHit 1466, 934, 2.6781, 0
PixelHit 1467, 780, 0.58048, 0
PixelHit 1467, 781, 18.0647, 0
PixelHit 1467, 782, 25.0289, 0
PixelHit 1467, 783, 15.4071, 0
PixelHit 1467, 784, 4.72405, 0
PixelHit 1467, 785, 4.14939, 0
PixelHit 1467, 930, 8.41834, 0
PixelHit 1467, 931, 11.0795, 0
PixelHit 1467, 932, 5.31344, 0
PixelHit 1467, 933, 3.19857, 0
PixelHit 1468, 780, 4.5124, 0
PixelHit 1468, 781, 14.2144, 0
PixelHit 1468, 782, 19.7595, 0
PixelHit 1468, 783, 19.1256, 0
PixelHit 1468, 929, 2.1442, 0
PixelHit 1468, 930, 2.00615, 0
PixelHit 1468, 931, 4.64073, 0
PixelHit 1469, 779, 0.258594, 0
PixelHit 1469, 780, 8.46715, 0
PixelHit 1469, 781, 12.0547, 0
PixelHit 1469, 782, 12.2293, 0
PixelHit 1469, 783, 5.35142, 0
PixelHit 1469, 928, 4.02208, 0
PixelHit 1469, 929, 6.3201, 0
PixelHit 1469, 930, 5.2035, 0
PixelHit 1469, 931, 3.7067, 0
PixelHit 1470, 779, 6.39542, 0
PixelHit 1470, 780, 19.551, 0
PixelHit 1470, 781, 42.0321, 0
PixelHit 1470, 782, 21.1225, 0
PixelHit 1470, 783, 4.92193, 0
PixelHit 1470, 928, 6.49359, 0
PixelHit 1470, 929, 15.6892, 0
PixelHit 1470, 930, 4.96728, 0
PixelHit 1470, 931, 3.64277, 0
PixelHit 1470, 932, 1.97111, 0
PixelHit 1471, 778, 2.10374, 0
PixelHit 1471, 779, 9.9417, 0
PixelHit 1471, 780, 35.4078, 0
PixelHit 1471, 781, 52.272, 0
PixelHit 1471, 782, 16.4753, 0
PixelHit 1471, 783, 3.58593, 0
PixelHit 1471, 926, 0.737761, 0
PixelHit 1471, 927, 7.79425, 0
PixelHit 1471, 928, 16.1502, 0
PixelHit 1471, 929, 22.2108, 0
PixelHit 1471, 930, 14.6145, 0
PixelHit 1471, 931, 9.1957, 0
PixelHit 1471, 932, 2.88786, 0
PixelHit 1472, 778, 1.52379, 0
PixelHit 1472, 779, 12.4959, 0
PixelHit 1472, 780, 39.6505, 0
PixelHit 1472, 781, 35.2057, 0
PixelHit 1472, 782, 16.3352, 0
PixelHit 1472, 783, 3.12035, 0
PixelHit 1472, 926, 4.72896, 0
PixelHit 1472, 927, 20.7237, 0
PixelHit 1472, 928, 44.9463, 0
PixelHit 1472, 929, 46.1142, 0
PixelHit 1472, 930, 19.2758, 0
PixelHit 1472, 931, 1.89953, 0
PixelHit 1473, 778, 6.08115, 0
PixelHit 1473, 779, 9.84112, 0
PixelHit 1473, 780, 34.763, 0
PixelHit 1473, 781, 23.7607, 0
PixelHit 1473, 782, 7.98565, 0
PixelHit 1473, 783, 2.23534, 0
PixelHit 1473, 926, 15.974, 0
PixelHit 1473, 927, 51.7722, 0
PixelHit 1473, 928, 84.4416, 0
PixelHit 1473, 929, 85.4415, 0
PixelHit 1473, 930, 27.5354, 0
PixelHit 1473, 931, 10.0477, 0
PixelHit 1474, 777, 2.72988, 0
PixelHit 1474, 778, 5.84251, 0
PixelHit 1474, 779, 21.2164, 0
PixelHit 1474, 780, 27.4945, 0
PixelHit 1474, 781, 11.6246, 0
PixelHit 1474, 782, 3.02606, 0
PixelHit 1474, 783, 1.26268, 0
PixelHit 1474, 926, 19.5512, 0
PixelHit 1474, 927, 46.9135, 0
PixelHit 1474, 928, 117.98, 0
PixelHit 1474, 929, 83.9658, 0
PixelHit 1474, 930, 50.2566, 0
PixelHit 1474, 931, 1.79503, 0
PixelHit 1475, 777, 1.70464, 0
PixelHit 1475, 778, 9.17258, 0
PixelHit 1475, 779, 21.815, 0
PixelHit 1475, 780, 27.092, 0
PixelHit 1475, 781, 11.967, 0
PixelHit 1475, 782, 2.91884, 0
PixelHit 1475, 926, 4.48183, 0
PixelHit 1475, 927, 38.7154, 0
PixelHit 1475, 928, 52.1108, 0
PixelHit 1475, 929, 42.7246, 0
PixelHit 1475, 930, 16.6842, 0
PixelHit 1475, 931, 4.12604, 0
PixelHit 1476, 776, 3.9794, 0
PixelHit 1476, 778, 11.0791, 0
PixelHit 1476, 779, 17.8351, 0
PixelHit 1476, 780, 11.852, 0
PixelHit 1476, 781, 13.014, 0
PixelHit 1476, 925, 3.66855, 0
PixelHit 1476, 926, 8.9089, 0
PixelHit 1476, 927, 28.0967, 0
PixelHit 1476, 928, 18.5081, 0
PixelHit 1476, 929, 14.5125, 0
PixelHit 1476, 930, 2.13971, 0
PixelHit 1477, 777, 5.6191, 0
PixelHit 1477, 778, 9.43237, 0
PixelHit 1477, 779, 20.5149, 0
PixelHit 1477, 780, 7.36737, 0
PixelHit 1477, 781, 2.64966, 0
PixelHit 1477, 783, 1.43263, 0
PixelHit 1477, 925, 6.77517, 0
PixelHit 1477, 926, 24.3265, 0
PixelHit 1477, 927, 12.8506, 0
PixelHit 1477, 928, 13.1923, 0
PixelHit 1477, 929, 3.86758, 0
PixelHit 1477, 930, 1.7582, 0
PixelHit 1478, 777, 11.1324, 0
PixelHit 1478, 778, 20.0552, 0
PixelHit 1478, 779, 16.6461, 0
PixelHit 1478, 780, 6.35301, 0
PixelHit 1478, 924, 7.49762, 0
PixelHit 1478, 925, 16.0362, 0
PixelHit 1478, 926, 30.0675, 0
PixelHit 1478, 927, 24.395, 0
PixelHit 1478, 928, 8.70913, 0
PixelHit 1478, 929, 5.33332, 0
PixelHit 1479, 776, 5.67375, 0
PixelHit 1479, 777, 16.2344, 0
PixelHit 1479, 778, 15.8992, 0
PixelHit 1479, 779, 19.0959, 0
PixelHit 1479, 780, 5.29437, 0
PixelHit 1479, 781, 1.64739, 0
PixelHit 1479, 924, 6.72486, 0
PixelHit 1479, 925, 16.9863, 0
PixelHit 1479, 926, 25.4294, 0
PixelHit 1479, 927, 32.4578, 0
PixelHit 1479, 928, 11.8527, 0
PixelHit 1479, 929, 3.78755, 0
PixelHit 1480, 776, 3.28372, 0
PixelHit 1480, 777, 18.9136, 0
PixelHit 1480, 778, 25.2755, 0
PixelHit 1480, 779, 13.5045, 0
PixelHit 1480, 780, 3.25493, 0
PixelHit 1480, 923, 2.44059, 0
PixelHit 1480, 924, 9.69972, 0
PixelHit 1480, 925, 19.8694, 0
PixelHit 1480, 926, 38.3106, 0
PixelHit 1480, 927, 18.2781, 0
PixelHit 1480, 928, 2.76199, 0
PixelHit 1481, 777, 12.0729, 0
PixelHit 1481, 778, 11.8827, 0
PixelHit 1481, 779, 4.00639, 0
PixelHit 1481, 923, 4.14464, 0
PixelHit 1481, 924, 11.6498, 0
PixelHit 1481, 925, 27.2351, 0
PixelHit 1481, 926, 27.8417, 0
PixelHit 1481, 927, 16.0461, 0
PixelHit 1481, 928, 3.17103, 0
PixelHit 1481, 929, 0.699326, 0
PixelHit 1482, 774, 2.43444, 0
PixelHit 1482, 775, 0.70529, 0
PixelHit 1482, 776, 4.61639, 0
PixelHit 1482, 777, 7.60285, 0
PixelHit 1482, 778, 4.31394, 0
PixelHit 1482, 779, 3.83132, 0
PixelHit 1482, 923, 5.92596, 0
PixelHit 1482, 924, 17.4641, 0
PixelHit 1482, 925, 31.5078, 0
PixelHit 1482, 926, 23.5224, 0
PixelHit 1482, 927, 6.74815, 0
PixelHit 1482, 928, 1.84407, 0
PixelHit 1482, 930, 2.17982, 0
PixelHit 1483, 773, 1.37046, 0
PixelHit 1483, 774, 2.71587, 0
PixelHit 1483, 775, 12.359, 0
PixelHit 1483, 776, 13.1219, 0
PixelHit 1483, 777, 11.4944, 0
PixelHit 1483, 778, 5.86893, 0
PixelHit 1483, 923, 12.8475, 0
PixelHit 1483, 924, 27.6723, 0
PixelHit 1483, 925, 34.4176, 0
PixelHit 1483, 926, 25.4514, 0
PixelHit 1483, 927, 7.00661, 0
PixelHit 1483, 928, 1.05768, 0
PixelHit 1484, 774, 7.00916, 0
PixelHit 1484, 775, 17.1822, 0
PixelHit 1484, 776, 28.2276, 0
PixelHit 1484, 777, 14.3339, 0
PixelHit 1484, 778, 7.57587, 0
PixelHit 1484, 922, 3.58473, 0
PixelHit 1484, 923, 9.98163, 0
PixelHit 1484, 924, 16.2887, 0
PixelHit 1484, 925, 25.1725, 0
PixelHit 1484, 926, 15.9061, 0
PixelHit 1484, 927, 1.91023, 0
PixelHit 1485, 774, 9.79633, 0
PixelHit 1485, 775, 24.4563, 0
PixelHit 1485, 776, 40.8357, 0
PixelHit 1485, 777, 22.2546, 0
PixelHit 1485, 778, 7.13999, 0
PixelHit 1485, 922, 6.04247, 0
PixelHit 1485, 923, 8.15045, 0
PixelHit 1485, 924, 18.6912, 0
PixelHit 1485, 925, 12.9139, 0
PixelHit 1485, 926, 4.14063, 0
PixelHit 1485, 927, 1.13253, 0
PixelHit 1486, 773, 2.35579, 0
PixelHit 1486, 774, 9.09102, 0
PixelHit 1486, 775, 20.6433, 0
PixelHit 1486, 776, 31.679, 0
PixelHit 1486, 777, 24.3465, 0
PixelHit 1486, 778, 1.89408, 0
PixelHit 1486, 922, 6.93974, 0
PixelHit 1486, 923, 11.8519, 0
PixelHit 1486, 924, 17.7797, 0
PixelHit 1486, 925, 9.35679, 0
PixelHit 1486, 926, 1.84157, 0
PixelHit 1487, 772, 2.89046, 0
PixelHit 1487, 773, 7.29271, 0
PixelHit 1487, 774, 15.3343, 0
PixelHit 1487, 775, 22.9864, 0
PixelHit 1487, 776, 26.9651, 0
PixelHit 1487, 777, 4.93303, 0
PixelHit 1487, 779, 0.881883, 0
PixelHit 1487, 920, 3.03566, 0
PixelHit 1487, 921, 2.6196, 0
PixelHit 1487, 922, 10.9733, 0
PixelHit 1487, 923, 19.3346, 0
PixelHit 1487, 924, 11.0876, 0
PixelHit 1487, 925, 7.59763, 0
PixelHit 1487, 926, 2.71752, 0
PixelHit 1488, 773, 3.59051, 0
PixelHit 1488, 774, 27.5295, 0
PixelHit 1488, 775, 29.7818, 0
PixelHit 1488, 776, 13.732, 0
PixelHit 1488, 777, 9.62042, 0
PixelHit 1488, 922, 15.8679, 0
PixelHit 1488, 923, 7.75544, 0
PixelHit 1488, 924, 10.6959, 0
PixelHit 1488, 925, 4.65361, 0
PixelHit 1488, 926, -0.200083, 0
PixelHit 1489, 772, 4.6111, 0
PixelHit 1489, 773, 9.39027, 0
PixelHit 1489, 774, 18.747, 0
PixelHit 1489, 775, 20.2877, 0
PixelHit 1489, 776, 17.6583, 0
PixelHit 1489, 777, 2.27312, 0
PixelHit 1489, 778, 1.24281, 0
PixelHit 1489, 921, 11.5234, 0
PixelHit 1489, 922, 15.9241, 0
PixelHit 1489, 923, 12.0868, 0
PixelHit 1489, 924, 10.3245, 0
PixelHit 1490, 772, 9.30796, 0
PixelHit 1490, 773, 8.45046, 0
PixelHit 1490, 774, 18.6481, 0
PixelHit 1490, 775, 18.4258, 0
PixelHit 1490, 776, 7.69793, 0
PixelHit 1490, 777, 1.8571, 0
PixelHit 1490, 918, 1.2305, 0
PixelHit 1490, 920, 8.62617, 0
PixelHit 1490, 921, 12.099, 0
PixelHit 1490, 922, 31.0058, 0
PixelHit 1490, 923, 15.0187, 0
PixelHit 1490, 924, 9.8992, 0
PixelHit 1490, 925, 2.36173, 0
PixelHit 1491, 772, 15.6379, 0
PixelHit 1491, 773, 17.114, 0
PixelHit 1491, 774, 21.1319, 0
PixelHit 1491, 775, 17.1578, 0
PixelHit 1491, 776, 5.75151, 0
PixelHit 1491, 920, 11.8173, 0
PixelHit 1491, 921, 23.4696, 0
PixelHit 1491, 922, 20.9033, 0
PixelHit 1491, 923, 19.9759, 0
PixelHit 1491, 924, 4.73237, 0
PixelHit 1491, 926, 3.4621, 0
PixelHit 1492, 771, 3.82575, 0
PixelHit 1492, 772, 10.1065, 0
PixelHit 1492, 773, 21.5606, 0
PixelHit 1492, 774, 6.26417, 0
PixelHit 1492, 775, 9.78017, 0
PixelHit 1492, 776, 4.85073, 0
PixelHit 1492, 919, 6.26627, 0
PixelHit 1492, 920, 7.57735, 0
PixelHit 1492, 921, 22.1406, 0
PixelHit 1492, 922, 13.0739, 0
PixelHit 1492, 923, 15.2717, 0
PixelHit 1492, 924, 1.06538, 0
PixelHit 1493, 769, 1.81213, 0
PixelHit 1493, 770, 4.0231, 0
PixelHit 1493, 772, 15.2914, 0
PixelHit 1493, 773, 15.1141, 0
PixelHit 1493, 774, 15.2266, 0
PixelHit 1493, 775, 6.36483, 0
PixelHit 1493, 776, 1.13916, 0
PixelHit 1493, 920, 9.88601, 0
PixelHit 1493, 921, 16.5152, 0
PixelHit 1493, 922, 16.448, 0
PixelHit 1493, 923, 7.85607, 0
PixelHit 1494, 770, 2.88148, 0
PixelHit 1494, 771, 11.0871, 0
PixelHit 1494, 772, 26.9934, 0
PixelHit 1494, 773, 24.1875, 0
PixelHit 1494, 774, 11.2482, 0
PixelHit 1494, 775, 4.56648, 0
PixelHit 1494, 776, 1.6857, 0
PixelHit 1494, 919, 4.96884, 0
PixelHit 1494, 920, 11.525, 0
PixelHit 1494, 921, 12.0805, 0
PixelHit 1494, 922, 10.5964, 0
PixelHit 1494, 924, 2.02406, 0
PixelHit 1495, 769, 2.0946, 0
PixelHit 1495, 770, 5.22002, 0
PixelHit 1495, 771, 17.3112, 0
PixelHit 1495, 772, 19.5394, 0
PixelHit 1495, 773, 18.8541, 0
PixelHit 1495, 774, 11.3857, 0
PixelHit 1495, 918, 0.523233, 0
PixelHit 1495, 919, 7.02678, 0
PixelHit 1495, 920, 7.10273, 0
PixelHit 1495, 921, 10.6049, 0
PixelHit 1495, 922, 5.34471, 0
PixelHit 1495, 923, 1.84812, 0
PixelHit 1496, 769, 4.03597, 0
PixelHit 1496, 770, 4.96559, 0
PixelHit 1496, 771, 16.0105, 0
PixelHit 1496, 772, 25.2972, 0
PixelHit 1496, 773, 20.7629, 0
PixelHit 1496, 774, 8.02468, 0
PixelHit 1496, 917, 1.28278, 0
PixelHit 1496, 918, 1.62856, 0
PixelHit 1496, 919, 3.34545, 0
PixelHit 1496, 920, 4.52333, 0
PixelHit 1496, 921, 4.71046, 0
PixelHit 1496, 922, 3.71214, 0
PixelHit 1496, 923, 1.64751, 0
PixelHit 1497, 771, 9.33977, 0
PixelHit 1497, 772, 19.8464, 0
PixelHit 1497, 773, 11.933, 0
PixelHit 1497, 774, 4.45968, 0
PixelHit 1497, 775, 2.80789, 0
PixelHit 1497, 776, 1.60758, 0
PixelHit 1497, 919, 4.30456, 0
PixelHit 1497, 920, 3.83642, 0
PixelHit 1497, 921, 2.23753, 0
PixelHit 1497, 922, 3.02341, 0
PixelHit 1498, 770, 4.81937, 0
PixelHit 1498, 771, 8.15821, 0
PixelHit 1498, 772, 10.0747, 0
PixelHit 1498, 773, 7.05939, 0
PixelHit 1498, 774, 1.6918, 0
PixelHit 1498, 920, 2.88595, 0
PixelHit 1499, 768, 2.84502, 0
PixelHit 1499, 770, 2.84103, 0
PixelHit 1499, 771, 6.70817, 0
PixelHit 1499, 772, 6.0657, 0
PixelHit 1499, 773, 6.73385, 0
PixelHit 1499, 774, 3.29533, 0
PixelHit 1499, 775, 0.256908, 0
PixelHit 1500, 770, 5.06626, 0
PixelHit 1500, 771, 4.51224, 0
PixelHit 1500, 772, 3.39416, 0
PixelHit 1500, 774, 1.51027, 0
PixelHit 1501, 769, 1.21663, 0
PixelHit 1501, 770, 1.81963, 0
=== 31 ===
=== 32 ===
=== 33 ===
=== 34 ===
=== 35 ===
=== 36 ===
=== 37 ===
=== 38 ===
=== 39 ===
=== 40 ===
=== 41 ===
=== 42 ===
=== 43 ===
=== 44 ===
=== 45 ===
=== 46 ===
--- mydetector ---
PixelHit 1074, 935, 44.0352, 0
PixelHit 1074, 936, 138.994, 0
PixelHit 1074, 937, 1.72758, 0
PixelHit 1075, 935, 201.273, 0
PixelHit 1075, 936, 102.208, 0
PixelHit 1076, 936, 2.34672, 0
PixelHit 1077, 934, 10.9452, 0
PixelHit 1077, 935, 30.7453, 0
PixelHit 1078, 934, 20.0873, 0
PixelHit 1078, 935, 6.42946, 0
PixelHit 1079, 934, 13.2075, 0
PixelHit 1080, 932, 1.42299, 0
PixelHit 1080, 933, 13.1085, 0
PixelHit 1080, 934, 4.66315, 0
PixelHit 1081, 932, 23.6616, 0
PixelHit 1081, 933, 111.145, 0
PixelHit 1081, 934, 12.4745, 0
PixelHit 1082, 932, 48.4239, 0
PixelHit 1082, 933, 263.336, 0
PixelHit 1082, 934, 25.7281, 0
PixelHit 1083, 932, 15.5799, 0
PixelHit 1083, 933, 25.2325, 0
PixelHit 1083, 934, 1.2727, 0
PixelHit 1084, 932, 3.62733, 0
PixelHit 1085, 932, 1.9818, 0
PixelHit 1086, 930, 6.1677, 0
PixelHit 1086, 931, 33.4088, 0
PixelHit 1086, 932, 7.03474, 0
PixelHit 1087, 930, 17.9984, 0
PixelHit 1087, 931, 69.3207, 0
PixelHit 1087, 932, 17.4786, 0
PixelHit 1088, 930, 31.3031, 0
PixelHit 1088, 931, 56.0859, 0
PixelHit 1088, 932, 5.43906, 0
PixelHit 1089, 929, 1.33102, 0
PixelHit 1089, 930, 32.4695, 0
PixelHit 1089, 931, 37.2986, 0
PixelHit 1090, 929, 14.5185, 0
PixelHit 1090, 930, 17.1135, 0
PixelHit 1090, 931, 11.0556, 0
PixelHit 1091, 928, 3.21989, 0
PixelHit 1091, 929, 20.1502, 0
PixelHit 1091, 930, 28.5178, 0
PixelHit 1091, 931, 7.90533, 0
PixelHit 1092, 928, 1.05492, 0
PixelHit 1092, 929, 11.0461, 0
PixelHit 1092, 930, 7.36055, 0
PixelHit 1092, 931, 2.5727, 0
PixelHit 1093, 928, 6.8889, 0
PixelHit 1093, 929, 11.6856, 0
PixelHit 1093, 930, 4.79276, 0
PixelHit 1094, 927, 2.00881, 0
PixelHit 1094, 928, 10.5031, 0
PixelHit 1094, 929, 27.3843, 0
PixelHit 1095, 927, 5.32542, 0
PixelHit 1095, 928, 9.23572, 0
PixelHit 1095, 929, 3.99906, 0
PixelHit 1096, 926, 6.17019, 0
PixelHit 1096, 927, 18.5822, 0
PixelHit 1096, 928, 20.1402, 0
PixelHit 1096, 929, 4.98337, 0
PixelHit 1097, 926, 10.4488, 0
PixelHit 1097, 927, 66.1069, 0
PixelHit 1097, 928, 30.0687, 0
PixelHit 1097, 929, 9.93724, 0
PixelHit 1098, 925, 2.48915, 0
PixelHit 1098, 926, 23.623, 0
PixelHit 1098, 927, 73.1315, 0
PixelHit 1098, 928, 25.64, 0
PixelHit 1098, 929, 1.43186, 0
PixelHit 1099, 925, 9.86671, 0
PixelHit 1099, 926, 27.8794, 0
PixelHit 1099, 927, 41.8653, 0
PixelHit 1099, 928, 18.0902, 0
PixelHit 1100, 924, 1.19302, 0
PixelHit 1100, 925, 11.3284, 0
PixelHit 1100, 926, 24.5603, 0
PixelHit 1100, 927, 27.3729, 0
PixelHit 1100, 928, 7.09354, 0
PixelHit 1101, 924, 2.12873, 0
PixelHit 1101, 925, 19.3045, 0
PixelHit 1101, 926, 49.5785, 0
PixelHit 1101, 927, 20.409, 0
PixelHit 1101, 928, 3.54625, 0
PixelHit 1102, 925, 11.2281, 0
PixelHit 1102, 926, 29.7513, 0
PixelHit 1102, 927, 8.29626, 0
PixelHit 1103, 924, 7.80183, 0
PixelHit 1103, 925, 16.3206, 0
PixelHit 1103, 926, 8.92344, 0
PixelHit 1103, 927, 0.82851, 0
PixelHit 1104, 923, 2.38283, 0
PixelHit 1104, 924, 8.99303, 0
PixelHit 1104, 925, 19.5959, 0
PixelHit 1104, 926, 6.92299, 0
PixelHit 1104, 927, 4.95872, 0
PixelHit 1105, 923, 1.51621, 0
PixelHit 1105, 924, 10.7123, 0
PixelHit 1105, 925, 15.7913, 0
PixelHit 1105, 926, 1.60323, 0
PixelHit 1105, 927, 1.18876, 0
PixelHit 1106, 923, 5.19043, 0
PixelHit 1106, 924, 19.0046, 0
PixelHit 1106, 925, 10.0684, 0
PixelHit 1106, 926, 1.72885, 0
PixelHit 1107, 922, 3.71848, 0
PixelHit 1107, 923, 10.3239, 0
PixelHit 1107, 924, 17.0106, 0
PixelHit 1107, 925, 7.66851, 0
PixelHit 1108, 922, 4.38409, 0
PixelHit 1108, 923, 18.8564, 0
PixelHit 1108, 924, 24.0558, 0
PixelHit 1108, 925, 4.45475, 0
PixelHit 1109, 921, 5.42047, 0
PixelHit 1109, 922, 11.3006, 0
PixelHit 1109, 923, 18.7529, 0
PixelHit 1109, 924, 12.3824, 0
PixelHit 1109, 925, 2.55979, 0
PixelHit 1110, 920, 2.81366, 0
PixelHit 1110, 921, 5.37526, 0
PixelHit 1110, 922, 20.2742, 0
PixelHit 1110, 923, 17.5291, 0
PixelHit 1110, 924, 12.8936, 0
PixelHit 1111, 919, 1.15866, 0
PixelHit 1111, 920, 2.20689, 0
PixelHit 1111, 921, 16.2958, 0
PixelHit 1111, 922, 22.3839, 0
PixelHit 1111, 923, 27.9392, 0
PixelHit 1111, 924, 9.41996, 0
PixelHit 1112, 921, 15.2349, 0
PixelHit 1112, 922, 22.3483, 0
PixelHit 1112, 923, 18.3972, 0
PixelHit 1112, 924, 3.00584, 0
PixelHit 1112, 925, 2.78763, 0
PixelHit 1113, 920, 3.90387, 0
PixelHit 1113, 921, 13.0491, 0
PixelHit 1113, 922, 21.8778, 0
PixelHit 1113, 923, 0.691509, 0
PixelHit 1114, 920, 2.469, 0
PixelHit 1114, 921, 9.53324, 0
PixelHit 1114, 922, 5.45365, 0
PixelHit 1114, 923, 2.98397, 0
PixelHit 1115, 920, 10.3244, 0
PixelHit 1115, 921, 18.004, 0
PixelHit 1115, 922, 10.1673, 0
PixelHit 1115, 923, 1.44949, 0
PixelHit 1116, 919, 6.10156, 0
PixelHit 1116, 920, 9.06601, 0
PixelHit 1116, 921, 15.4755, 0
PixelHit 1116, 922, 7.49613, 0
PixelHit 1117, 918, 3.63566, 0
PixelHit 1117, 919, 12.8182, 0
PixelHit 1117, 920, 19.8647, 0
PixelHit 1117, 921, 11.5344, 0
PixelHit 1118, 918, 5.44448, 0
PixelHit 1118, 919, 18.0621, 0
PixelHit 1118, 920, 31.7856, 0
PixelHit 1118, 921, 12.7918, 0
PixelHit 1118, 922, 3.27131, 0
PixelHit 1119, 918, 8.81762, 0
PixelHit 1119, 919, 22.5046, 0
PixelHit 1119, 920, 22.2601, 0
PixelHit 1119, 921, 7.24369, 0
PixelHit 1119, 922, 3.71819, 0
PixelHit 1120, 918, 7.78972, 0
PixelHit 1120, 919, 19.3796, 0
PixelHit 1120, 920, 21.5653, 0
PixelHit 1120, 921, 7.07048, 0
PixelHit 1121, 916, 2.62366, 0
PixelHit 1121, 917, 1.90735, 0
PixelHit 1121, 918, 5.53701, 0
PixelHit 1121, 919, 5.19157, 0
PixelHit 1121, 920, 7.73107, 0
PixelHit 1121, 921, 3.12279, 0
PixelHit 1122, 917, 1.38994, 0
PixelHit 1122, 918, 6.33733, 0
PixelHit 1122, 919, 9.28834, 0
PixelHit 1123, 917, 6.26641, 0
PixelHit 1123, 918, 8.38713, 0
PixelHit 1123, 919, 4.14698, 0
PixelHit 1123, 920, 4.31251, 0
PixelHit 1124, 916, 3.67559, 0
PixelHit 1124, 917, 5.74117, 0
PixelHit 1124, 918, 4.19601, 0
PixelHit 1124, 919, 6.19884, 0
PixelHit 1125, 915, 1.70177, 0
PixelHit 1125, 916, 3.84625, 0
PixelHit 1125, 917, 9.93528, 0
PixelHit 1125, 918, 5.78388, 0
PixelHit 1125, 919, 2.44001, 0
PixelHit 1126, 915, -0.193901, 0
PixelHit 1126, 916, 9.09797, 0
PixelHit 1126, 917, 10.3579, 0
PixelHit 1126, 918, 8.60993, 0
PixelHit 1126, 919, 0.486693, 0
PixelHit 1127, 914, 7.19333, 0
PixelHit 1127, 915, 15.2486, 0
PixelHit 1127, 916, 43.4265, 0
PixelHit 1127, 917, 32.6586, 0
PixelHit 1127, 918, 8.15786, 0
PixelHit 1127, 919, 4.17199, 0
PixelHit 1128, 914, 6.37232, 0
PixelHit 1128, 915, 35.7895, 0
PixelHit 1128, 916, 66.8585, 0
PixelHit 1128, 917, 38.3345, 0
PixelHit 1128, 918, 21.686, 0
PixelHit 1129, 914, 9.30657, 0
PixelHit 1129, 915, 42.406, 0
PixelHit 1129, 916, 70.2606, 0
PixelHit 1129, 917, 40.7484, 0
PixelHit 1129, 918, 5.65386, 0
PixelHit 1130, 912, 0.364599, 0
PixelHit 1130, 913, 5.21814, 0
PixelHit 1130, 914, 19.6073, 0
PixelHit 1130, 915, 35.8482, 0
PixelHit 1130, 916, 43.8043, 0
PixelHit 1130, 917, 19.5982, 0
PixelHit 1131, 911, 1.84631, 0
PixelHit 1131, 913, 4.15076, 0
PixelHit 1131, 914, 23.2942, 0
PixelHit 1131, 915, 32.7935, 0
PixelHit 1131, 916, 29.3526, 0
PixelHit 1131, 917, 11.5956, 0
PixelHit 1131, 918, 2.53531, 0
PixelHit 1132, 912, 1.91419, 0
PixelHit 1132, 913, 8.11107, 0
PixelHit 1132, 914, 25.7384, 0
PixelHit 1132, 915, 36.8726, 0
PixelHit 1132, 916, 32.2221, 0
PixelHit 1132, 917, 8.26192, 0
PixelHit 1132, 918, 5.02545, 0
PixelHit 1133, 912, 1.11001, 0
PixelHit 1133, 913, 19.5591, 0
PixelHit 1133, 914, 36.9491, 0
PixelHit 1133, 915, 36.159, 0
PixelHit 1133, 916, 15.5081, 0
PixelHit 1133, 917, 1.11776, 0
PixelHit 1134, 911, 2.34154, 0
PixelHit 1134, 912, 5.74889, 0
PixelHit 1134, 913, 34.9308, 0
PixelHit 1134, 914, 63.6817, 0
PixelHit 1134, 915, 29.2686, 0
PixelHit 1134, 916, 12.2265, 0
PixelHit 1135, 911, 1.39854, 0
PixelHit 1135, 912, 7.71898, 0
PixelHit 1135, 913, 44.4856, 0
PixelHit 1135, 914, 58.7013, 0
PixelHit 1135, 915, 39.8316, 0
PixelHit 1135, 916, 7.74111, 0
PixelHit 1136, 911, 3.08447, 0
PixelHit 1136, 912, 9.10521, 0
PixelHit 1136, 913, 22.4501, 0
PixelHit 1136, 914, 24.0065, 0
PixelHit 1136, 915, 17.2919, 0
PixelHit 1136, 916, 10.0614, 0
PixelHit 1136, 917, 1.94529, 0
PixelHit 1137, 911, 2.02335, 0
PixelHit 1137, 912, 8.85028, 0
PixelHit 1137, 913, 10.8276, 0
PixelHit 1137, 914, 8.62861, 0
PixelHit 1137, 915, 3.17279, 0
PixelHit 1138, 911, 8.36886, 0
PixelHit 1138, 912, 12.5278, 0
PixelHit 1138, 913, 18.8375, 0
PixelHit 1138, 914, 8.29235, 0
PixelHit 1139, 910, 1.97318, 0
PixelHit 1139, 911, 5.81628, 0
PixelHit 1139, 912, 12.7161, 0
PixelHit 1139, 913, 16.8053, 0
PixelHit 1139, 914, 8.59429, 0
PixelHit 1139, 915, 1.66505, 0
PixelHit 1140, 910, 4.38539, 0
PixelHit 1140, 911, 14.6188, 0
PixelHit 1140, 912, 14.6234, 0
PixelHit 1140, 913, 10.0225, 0
PixelHit 1140, 914, 1.37418, 0
PixelHit 1141, 908, 3.22156, 0
PixelHit 1141, 910, 5.08789, 0
PixelHit 1141, 911, 8.56251, 0
PixelHit 1141, 912, 15.3359, 0
PixelHit 1141, 913, 5.03339, 0
PixelHit 1142, 908, 5.16993, 0
PixelHit 1142, 909, 7.68276, 0
PixelHit 1142, 910, 18.6909, 0
PixelHit 1142, 911, 27.7197, 0
PixelHit 1142, 912, 18.1059, 0
PixelHit 1143, 907, 1.40684, 0
PixelHit 1143, 908, 2.6471, 0
PixelHit 1143, 909, 19.9417, 0
PixelHit 1143, 910, 36.1759, 0
PixelHit 1143, 911, 39.6056, 0
PixelHit 1143, 912, 25.9517, 0
PixelHit 1143, 913, 6.343, 0
PixelHit 1144, 908, 3.95102, 0
PixelHit 1144, 909, 23.7274, 0
PixelHit 1144, 910, 41.5075, 0
PixelHit 1144, 911, 43.8461, 0
PixelHit 1144, 912, 24.0668, 0
PixelHit 1144, 913, 4.65924, 0
PixelHit 1145, 906, 0.379075, 0
PixelHit 1145, 908, 8.38884, 0
PixelHit 1145, 909, 27.9619, 0
PixelHit 1145, 910, 40.1818, 0
PixelHit 1145, 911, 45.1846, 0
PixelHit 1145, 912, 22.3389, 0
PixelHit 1146, 907, 5.04696, 0
PixelHit 1146, 908, 28.8615, 0
PixelHit 1146, 909, 46.1901, 0
PixelHit 1146, 910, 62.5207, 0
PixelHit 1146, 911, 35.5331, 0
PixelHit 1146, 912, 7.68166, 0
PixelHit 1147, 907, 12.0273, 0
PixelHit 1147, 908, 39.809, 0
PixelHit 1147, 909, 79.0938, 0
PixelHit 1147, 910, 63.6745, 0
PixelHit 1147, 911, 33.0311, 0
PixelHit 1147, 912, 10.1485, 0
PixelHit 1147, 913, 2.17064, 0
PixelHit 1148, 905, 2.17483, 0
PixelHit 1148, 906, 2.18366, 0
PixelHit 1148, 907, 11.1431, 0
PixelHit 1148, 908, 39.5386, 0
PixelHit 1148, 909, 56.1748, 0
PixelHit 1148, 910, 42.1908, 0
PixelHit 1148, 911, 22.0365, 0
PixelHit 1148, 912, 10.3352, 0
PixelHit 1149, 906, 3.36881, 0
PixelHit 1149, 907, 14.7226, 0
PixelHit 1149, 908, 35.0989, 0
PixelHit 1149, 909, 48.7944, 0
PixelHit 1149, 910, 39.8435, 0
PixelHit 1149, 911, 10.9931, 0
PixelHit 1149, 912, 0.389769, 0
PixelHit 1150, 905, 1.40308, 0
PixelHit 1150, 906, 3.91976, 0
PixelHit 1150, 907, 20.5395, 0
PixelHit 1150, 908, 26.9398, 0
PixelHit 1150, 909, 23.8833, 0
PixelHit 1150, 910, 10.4323, 0
PixelHit 1150, 911, 4.71329, 0
PixelHit 1151, 905, 2.7318, 0
PixelHit 1151, 906, 4.8131, 0
PixelHit 1151, 907, 17.859, 0
PixelHit 1151, 908, 29.375, 0
PixelHit 1151, 909, 26.8386, 0
PixelHit 1151, 910, 5.67676, 0
PixelHit 1151, 911, 2.86797, 0
PixelHit 1152, 905, 0.33566, 0
PixelHit 1152, 906, 4.3863, 0
PixelHit 1152, 907, 13.5441, 0
PixelHit 1152, 908, 28.3208, 0
PixelHit 1152, 909, 10.713, 0
PixelHit 1152, 910, 3.59513, 0
PixelHit 1153, 905, 3.91181, 0
PixelHit 1153, 906, 11.3496, 0
PixelHit 1153, 907, 17.9047, 0
PixelHit 1153, 908, 12.5674, 0
PixelHit 1153, 909, 7.86325, 0
PixelHit 1154, 905, 5.2246, 0
PixelHit 1154, 906, 10.1728, 0
PixelHit 1154, 907, 8.1462, 0
PixelHit 1154, 908, 6.82802, 0
PixelHit 1154, 909, 3.39659, 0
PixelHit 1155, 904, 4.62552, 0
PixelHit 1155, 905, 9.52607, 0
PixelHit 1155, 906, 18.4614, 0
PixelHit 1155, 907, 13.0195, 0
PixelHit 1155, 908, 14.2783, 0
PixelHit 1155, 910, 2.14801, 0
PixelHit 1156, 904, 1.95107, 0
PixelHit 1156, 905, 16.0298, 0
PixelHit 1156, 906, 19.1712, 0
PixelHit 1156, 907, 23.145, 0
PixelHit 1156, 908, 5.42627, 0
PixelHit 1156, 909, 1.57501, 0
PixelHit 1157, 904, 3.09814, 0
PixelHit 1157, 905, 19.4709, 0
PixelHit 1157, 906, 11.9879, 0
PixelHit 1157, 907, 10.4867, 0
PixelHit 1157, 908, 4.38293, 0
PixelHit 1157, 909, 0.88552, 0
PixelHit 1158, 904, 2.63695, 0
PixelHit 1158, 905, 6.42835, 0
PixelHit 1158, 906, 13.2745, 0
PixelHit 1158, 907, 1.60971, 0
PixelHit 1158, 908, 3.18122, 0
PixelHit 1158, 909, 0.932536, 0
PixelHit 1159, 904, 1.61446, 0
PixelHit 1159, 906, 1.48159, 0
PixelHit 1159, 907, 3.68155, 0
PixelHit 1476, 789, 1.86372, 0
PixelHit 1477, 789, 42.2914, 0
PixelHit 1477, 790, 5.7073, 0
PixelHit 1478, 788, 2.79814, 0
PixelHit 1478, 789, 28.2871, 0
PixelHit 1479, 788, 16.5258, 0
PixelHit 1479, 789, 25.7474, 0
PixelHit 1480, 788, 55.3131, 0
PixelHit 1480, 789, 6.00613, 0
PixelHit 1481, 787, 2.00866, 0
PixelHit 1481, 788, 8.55332, 0
PixelHit 1482, 787, 9.35608, 0
PixelHit 1482, 788, 7.86265, 0
PixelHit 1483, 786, 2.46562, 0
PixelHit 1483, 787, 5.38466, 0
PixelHit 1483, 788, 1.2038, 0
PixelHit 1484, 785, 0.635427, 0
PixelHit 1484, 786, 15.0694, 0
PixelHit 1484, 787, 23.5941, 0
PixelHit 1485, 786, 59.1307, 0
PixelHit 1485, 787, 38.1323, 0
PixelHit 1486, 785, 9.51552, 0
PixelHit 1486, 786, 66.473, 0
PixelHit 1486, 787, 15.0197, 0
PixelHit 1487, 785, 8.99983, 0
PixelHit 1487, 786, 13.2166, 0
PixelHit 1487, 787, 2.61752, 0
PixelHit 1488, 784, 4.79242, 0
PixelHit 1488, 785, 45.746, 0
PixelHit 1488, 786, 18.0868, 0
PixelHit 1489, 784, 14.2172, 0
PixelHit 1489, 785, 90.7, 0
PixelHit 1489, 786, 22.4762, 0
PixelHit 1490, 783, 1.43513, 0
PixelHit 1490, 784, 7.71319, 0
PixelHit 1490, 785, 22.3362, 0
PixelHit 1490, 786, 1.6547, 0
PixelHit 1491, 783, 4.59172, 0
PixelHit 1491, 784, 17.3609, 0
PixelHit 1491, 785, 10.0696, 0
PixelHit 1492, 783, 9.47104, 0
PixelHit 1492, 784, 20.399, 0
PixelHit 1492, 785, 3.24009, 0
PixelHit 1493, 782, 1.97911, 0
PixelHit 1493, 783, 11.5961, 0
PixelHit 1493, 784, 10.0277, 0
PixelHit 1494, 782, 4.91538, 0
PixelHit 1494, 783, 12.5461, 0
PixelHit 1494, 784, 2.81082, 0
PixelHit 1495, 782, 13.611, 0
PixelHit 1495, 783, 26.6534, 0
PixelHit 1495, 784, 9.44035, 0
PixelHit 1496, 781, 0.829829, 0
PixelHit 1496, 782, 24.0928, 0
PixelHit 1496, 783, 21.628, 0
PixelHit 1496, 784, 3.99197, 0
PixelHit 1497, 781, 2.86779, 0
PixelHit 1497, 782, 7.5207, 0
PixelHit 1498, 780, 1.38826, 0
PixelHit 1498, 781, 10.5973, 0
PixelHit 1498, 782, 14.6272, 0
PixelHit 1498, 783, 5.1245, 0
PixelHit 1499, 780, 0.538972, 0
PixelHit 1499, 781, 17.9369, 0
PixelHit 1499, 782, 10.4106, 0
PixelHit 1499, 783, 4.42927, 0
PixelHit 1499, 784, 1.19969, 0
PixelHit 1500, 780, 6.12377, 0
PixelHit 1500, 781, 20.7529, 0
PixelHit 1500, 782, 8.58141, 0
PixelHit 1500, 783, 2.46119, 0
PixelHit 1501, 780, 12.6348, 0
PixelHit 1501, 781, 17.6208, 0
PixelHit 1501, 782, 13.1874, 0
PixelHit 1502, 779, 3.06664, 0
PixelHit 1502, 780, 27.4079, 0
PixelHit 1502, 781, 18.4096, 0
PixelHit 1502, 782, 4.55622, 0
PixelHit 1503, 778, -0.0182198, 0
PixelHit 1503, 779, 8.14938, 0
PixelHit 1503, 780, 15.8509, 0
PixelHit 1503, 781, 10.152, 0
PixelHit 1504, 779, 9.01639, 0
PixelHit 1504, 780, 14.8626, 0
PixelHit 1504, 781, 6.12981, 0
PixelHit 1505, 778, 2.0978, 0
PixelHit 1505, 779, 7.07643, 0
PixelHit 1505, 780, 7.54733, 0
PixelHit 1506, 777, 5.45947, 0
PixelHit 1506, 778, 16.4708, 0
PixelHit 1506, 779, 17.1269, 0
PixelHit 1506, 780, 9.30679, 0
PixelHit 1507, 777, 2.49248, 0
PixelHit 1507, 778, 18.8094, 0
PixelHit 1507, 779, 32.3287, 0
PixelHit 1507, 780, 11.6098, 0
PixelHit 1508, 777, 8.04892, 0
PixelHit 1508, 778, 18.7957, 0
PixelHit 1508, 779, 6.43043, 0
PixelHit 1508, 780, 1.63935, 0
PixelHit 1509, 776, 4.8815, 0
PixelHit 1509, 777, 20.48, 0
PixelHit 1509, 778, 18.3659, 0
PixelHit 1509, 779, 5.61721, 0
PixelHit 1510, 776, 16.0437, 0
PixelHit 1510, 777, 53.3627, 0
PixelHit 1510, 778, 40.7529, 0
PixelHit 1510, 779, 10.022, 0
PixelHit 1511, 776, 22.7256, 0
PixelHit 1511, 777, 65.2724, 0
PixelHit 1511, 778, 43.1914, 0
PixelHit 1511, 779, 12.2855, 0
PixelHit 1512, 775, 1.77278, 0
PixelHit 1512, 776, 13.9836, 0
PixelHit 1512, 777, 27.82, 0
PixelHit 1512, 778, 16.9757, 0
PixelHit 1512, 779, 3.19589, 0
PixelHit 1513, 775, 8.64349, 0
PixelHit 1513, 776, 30.3223, 0
PixelHit 1513, 777, 23.8318, 0
PixelHit 1513, 778, 5.711, 0
PixelHit 1514, 774, 1.90387, 0
PixelHit 1514, 775, 16.4321, 0
PixelHit 1514, 776, 25.3146, 0
PixelHit 1514, 777, 15.3737, 0
PixelHit 1514, 778, 6.13746, 0
PixelHit 1514, 779, 1.6269, 0
PixelHit 1515, 773, 1.56261, 0
PixelHit 1515, 774, 8.74041, 0
PixelHit 1515, 775, 15.9182, 0
PixelHit 1515, 776, 30.2619, 0
PixelHit 1515, 777, 9.24219, 0
PixelHit 1516, 772, 2.05847, 0
PixelHit 1516, 773, 2.53848, 0
PixelHit 1516, 774, 13.2644, 0
PixelHit 1516, 775, 19.8561, 0
PixelHit 1516, 776, 20.7404, 0
PixelHit 1516, 777, 6.4968, 0
PixelHit 1517, 774, 14.8529, 0
PixelHit 1517, 775, 22.049, 0
PixelHit 1517, 776, 11.3147, 0
PixelHit 1517, 777, 4.74227, 0
PixelHit 1518, 772, 1.14539, 0
PixelHit 1518, 773, 3.96809, 0
PixelHit 1518, 774, 15.7079, 0
PixelHit 1518, 775, 16.3793, 0
PixelHit 1518, 776, 6.00672, 0
PixelHit 1519, 773, 6.60004, 0
PixelHit 1519, 774, 23.2332, 0
PixelHit 1519, 775, 21.019, 0
PixelHit 1519, 777, 2.35962, 0
PixelHit 1520, 773, 8.41107, 0
PixelHit 1520, 774, 17.1851, 0
PixelHit 1520, 775, 11.0471, 0
PixelHit 1520, 776, 2.30013, 0
PixelHit 1521, 771, 2.28589, 0
PixelHit 1521, 772, 4.70025, 0
PixelHit 1521, 773, 12.0168, 0
PixelHit 1521, 774, 12.6259, 0
PixelHit 1521, 775, 1.4027, 0
PixelHit 1522, 771, 5.35859, 0
PixelHit 1522, 772, 8.3904, 0
PixelHit 1522, 773, 27.5333, 0
PixelHit 1522, 774, 18.0534, 0
PixelHit 1522, 775, 4.51882, 0
PixelHit 1523, 770, 2.74941, 0
PixelHit 1523, 771, 11.1827, 0
PixelHit 1523, 772, 32.1011, 0
PixelHit 1523, 773, 56.081, 0
PixelHit 1523, 774, 26.9482, 0
PixelHit 1523, 775, 12.0768, 0
PixelHit 1523, 776, 3.09471, 0
PixelHit 1524, 770, 4.14025, 0
PixelHit 1524, 771, 29.1129, 0
PixelHit 1524, 772, 59.6469, 0
PixelHit 1524, 773, 62.5121, 0
PixelHit 1524, 774, 14.8481, 0
PixelHit 1524, 775, 2.20024, 0
PixelHit 1525, 769, 2.14077, 0
PixelHit 1525, 770, 7.43125, 0
PixelHit 1525, 771, 34.4514, 0
PixelHit 1525, 772, 68.9125, 0
PixelHit 1525, 773, 59.4964, 0
PixelHit 1525, 774, 19.3931, 0
PixelHit 1525, 775, 3.43711, 0
PixelHit 1526, 770, 4.36416, 0
PixelHit 1526, 771, 48.1024, 0
PixelHit 1526, 772, 62.6939, 0
PixelHit 1526, 773, 29.0728, 0
PixelHit 1526, 774, 10.8295, 0
PixelHit 1526, 775, 2.44387, 0
PixelHit 1527, 769, 0.982652, 0
PixelHit 1527, 770, 14.1195, 0
PixelHit 1527, 771, 55.1806, 0
PixelHit 1527, 772, 58.9907, 0
PixelHit 1527, 773, 24.6186, 0
PixelHit 1527, 774, 8.63555, 0
PixelHit 1527, 776, 1.97988, 0
PixelHit 1528, 769, 2.91783, 0
PixelHit 1528, 770, 8.47292, 0
PixelHit 1528, 771, 36.8078, 0
PixelHit 1528, 772, 27.7031, 0
PixelHit 1528, 773, 4.78229, 0
PixelHit 1529, 769, 9.15744, 0
PixelHit 1529, 770, 13.7252, 0
PixelHit 1529, 771, 17.0115, 0
PixelHit 1529, 772, 10.9909, 0
PixelHit 1529, 773, 4.1956, 0
PixelHit 1530, 769, 4.87463, 0
PixelHit 1530, 770, 26.4807, 0
PixelHit 1530, 771, 20.5543, 0
PixelHit 1530, 772, 6.60584, 0
PixelHit 1531, 769, 7.12924, 0
PixelHit 1531, 770, 19.2608, 0
PixelHit 1531, 771, 21.2704, 0
PixelHit 1531, 772, 2.8334, 0
PixelHit 1532, 766, 1.8475, 0
PixelHit 1532, 768, 8.33075, 0
PixelHit 1532, 769, 8.22485, 0
PixelHit 1532, 770, 19.8361, 0
PixelHit 1532, 771, 5.31828, 0
PixelHit 1533, 766, 0.897991, 0
PixelHit 1533, 767, 1.50836, 0
PixelHit 1533, 768, 16.4633, 0
PixelHit 1533, 769, 14.9218, 0
PixelHit 1533, 770, 20.3644, 0
PixelHit 1533, 771, 4.4431, 0
PixelHit 1534, 767, 3.92987, 0
PixelHit 1534, 768, 21.059, 0
PixelHit 1534, 769, 32.919, 0
PixelHit 1534, 770, 24.8001, 0
PixelHit 1534, 771, 9.19904, 0
PixelHit 1535, 766, 1.79713, 0
PixelHit 1535, 767, 13.5571, 0
PixelHit 1535, 768, 28.7156, 0
PixelHit 1535, 769, 28.2658, 0
PixelHit 1535, 770, 15.9304, 0
PixelHit 1535, 771, 0.453232, 0
PixelHit 1536, 765, 1.21837, 0
PixelHit 1536, 766, 5.48872, 0
PixelHit 1536, 767, 19.001, 0
PixelHit 1536, 768, 39.4093, 0
PixelHit 1536, 769, 23.8331, 0
PixelHit 1536, 770, 10.0989, 0
PixelHit 1536, 771, 2.83419, 0
PixelHit 1537, 766, 3.10094, 0
PixelHit 1537, 767, 25.0012, 0
PixelHit 1537, 768, 27.183, 0
PixelHit 1537, 769, 29.1704, 0
PixelHit 1537, 770, 9.91981, 0
PixelHit 1537, 771, 4.82865, 0
PixelHit 1538, 764, 1.68205, 0
PixelHit 1538, 765, 1.84903, 0
PixelHit 1538, 766, 13.3276, 0
PixelHit 1538, 767, 24.523, 0
PixelHit 1538, 768, 14.4184, 0
PixelHit 1538, 769, 16.0559, 0
PixelHit 1538, 770, 6.44893, 0
PixelHit 1539, 765, 0.815375, 0
PixelHit 1539, 766, 14.0986, 0
PixelHit 1539, 767, 23.0087, 0
PixelHit 1539, 768, 26.9122, 0
PixelHit 1539, 769, 6.76419, 0
PixelHit 1539, 770, 1.91734, 0
PixelHit 1540, 763, 1.12835, 0
PixelHit 1540, 765, 5.93988, 0
PixelHit 1540, 766, 17.1491, 0
PixelHit 1540, 767, 37.9611, 0
PixelHit 1540, 768, 20.3209, 0
PixelHit 1541, 764, 0.948985, 0
PixelHit 1541, 765, 6.69803, 0
PixelHit 1541, 766, 21.4909, 0
PixelHit 1541, 767, 14.9911, 0
PixelHit 1541, 768, 6.15804, 0
PixelHit 1541, 769, 0.721856, 0
PixelHit 1541, 770, 2.85571, 0
PixelHit 1542, 763, 3.6171, 0
PixelHit 1542, 764, 5.96737, 0
PixelHit 1542, 765, 21.3166, 0
PixelHit 1542, 766, 35.1028, 0
PixelHit 1542, 767, 20.4706, 0
PixelHit 1542, 768, 6.26105, 0
PixelHit 1542, 769, 3.35895, 0
PixelHit 1543, 763, 3.83105, 0
PixelHit 1543, 764, 16.9648, 0
PixelHit 1543, 765, 30.5627, 0
PixelHit 1543, 766, 42.9182, 0
PixelHit 1543, 767, 26.5107, 0
PixelHit 1543, 768, 5.29189, 0
PixelHit 1543, 769, 0.862535, 0
PixelHit 1544, 763, 4.28891, 0
PixelHit 1544, 764, 16.018, 0
PixelHit 1544, 765, 37.9083, 0
PixelHit 1544, 766, 37.1279, 0
PixelHit 1544, 767, 22.7997, 0
PixelHit 1544, 768, 7.87816, 0
PixelHit 1545, 763, 3.12202, 0
PixelHit 1545, 764, 14.4588, 0
PixelHit 1545, 765, 24.482, 0
PixelHit 1545, 766, 16.601, 0
PixelHit 1545, 767, 13.0976, 0
PixelHit 1546, 762, 2.79227, 0
PixelHit 1546, 763, 2.82832, 0
PixelHit 1546, 764, 11.2936, 0
PixelHit 1546, 765, 14.3308, 0
PixelHit 1546, 766, 3.97118, 0
PixelHit 1547, 762, 3.50145, 0
PixelHit 1547, 763, 4.6098, 0
PixelHit 1547, 764, 18.5926, 0
PixelHit 1547, 765, 12.295, 0
PixelHit 1547, 766, 3.86644, 0
PixelHit 1547, 767, 3.43229, 0
PixelHit 1548, 761, 8.19737, 0
PixelHit 1548, 762, 10.8816, 0
PixelHit 1548, 763, 26.6119, 0
PixelHit 1548, 764, 34.8166, 0
PixelHit 1548, 765, 15.2863, 0
PixelHit 1548, 766, 7.20167, 0
PixelHit 1549, 760, 2.29349, 0
PixelHit 1549, 761, 10.9236, 0
PixelHit 1549, 762, 52.2534, 0
PixelHit 1549, 763, 82.0549, 0
PixelHit 1549, 764, 76.7509, 0
PixelHit 1549, 765, 33.0067, 0
PixelHit 1549, 766, 6.59965, 0
PixelHit 1549, 767, 1.84027, 0
PixelHit 1550, 761, 10.6918, 0
PixelHit 1550, 762, 69.8199, 0
PixelHit 1550, 763, 116.829, 0
PixelHit 1550, 764, 110.262, 0
PixelHit 1550, 765, 34.9068, 0
PixelHit 1550, 766, 6.02964, 0
PixelHit 1551, 761, 13.8768, 0
PixelHit 1551, 762, 42.142, 0
PixelHit 1551, 763, 79.8759, 0
PixelHit 1551, 764, 85.4472, 0
PixelHit 1551, 765, 35.5541, 0
PixelHit 1551, 766, 6.90749, 0
PixelHit 1552, 760, 1.56613, 0
PixelHit 1552, 761, 9.19162, 0
PixelHit 1552, 762, 21.7149, 0
PixelHit 1552, 763, 46.5995, 0
PixelHit 1552, 764, 33.1687, 0
PixelHit 1552, 765, 15.9934, 0
PixelHit 1553, 760, 3.19744, 0
PixelHit 1553, 762, 2.922, 0
PixelHit 1553, 763, 13.0692, 0
PixelHit 1553, 764, 8.62638, 0
PixelHit 1554, 759, 0.888533, 0
PixelHit 1554, 760, 2.01156, 0
PixelHit 1554, 761, 5.4843, 0
PixelHit 1554, 762, 9.34834, 0
PixelHit 1554, 763, 5.95901, 0
PixelHit 1554, 764, 2.13446, 0
PixelHit 1554, 765, 0.88696, 0
PixelHit 1555, 760, 8.11671, 0
PixelHit 1555, 761, 7.89242, 0
PixelHit 1555, 762, 6.61522, 0
PixelHit 1555, 763, 9.03032, 0
PixelHit 1555, 764, 3.8914, 0
PixelHit 1556, 759, 3.45395, 0
PixelHit 1556, 760, 11.1921, 0
PixelHit 1556, 761, 12.0089, 0
PixelHit 1556, 762, 15.2631, 0
PixelHit 1556, 763, 3.82311, 0
PixelHit 1556, 764, 2.2836, 0
PixelHit 1557, 758, 0.902949, 0
PixelHit 1557, 759, 2.71257, 0
PixelHit 1557, 760, 9.38733, 0
PixelHit 1557, 761, 8.99634, 0
PixelHit 1557, 762, 8.31278, 0
PixelHit 1557, 763, 6.10077, 0
PixelHit 1557, 764, 1.48995, 0
PixelHit 1558, 759, 2.36748, 0
PixelHit 1558, 760, 5.50714, 0
PixelHit 1558, 761, 5.77822, 0
PixelHit 1558, 762, 5.0105, 0
PixelHit 1558, 763, 3.16963, 0
PixelHit 1559, 760, 3.57537, 0
PixelHit 1559, 761, 1.52321, 0
=== 47 ===
=== 48 ===
=== 49 ===
=== 50 ===
=== 51 ===
=== 52 ===
=== 53 ===
=== 54 ===
=== 55 ===
=== 56 ===
=== 57 ===
=== 58 ===
=== 59 ===
=== 60 ===
=== 61 ===
=== 62 ===
=== 63 ===
=== 64 ===
=== 65 ===
=== 66 ===
=== 67 ===
=== 68 ===
=== 69 ===
=== 70 ===
=== 71 ===
=== 72 ===
=== 73 ===
=== 74 ===
=== 75 ===
=== 76 ===
=== 77 ===
=== 78 ===
=== 79 ===
=== 80 ===
=== 81 ===
=== 82 ===
=== 83 ===
=== 84 ===
=== 85 ===
=== 86 ===
=== 87 ===
=== 88 ===
=== 89 ===
=== 90 ===
=== 91 ===
=== 92 ===
=== 93 ===
=== 94 ===
=== 95 ===
=== 96 ===
=== 97 ===
=== 98 ===
=== 99 ===
=== 100 ===
# 2233 objects from 3 messages
