# Allpix Squared ASCII data - https://cern.ch/allpix-squared

=== 1 ===
=== 2 ===
=== 3 ===
=== 4 ===
=== 5 ===
=== 6 ===
=== 7 ===
=== 8 ===
=== 9 ===
=== 10 ===
=== 11 ===
=== 12 ===
=== 13 ===
=== 14 ===
=== 15 ===
=== 16 ===
=== 17 ===
=== 18 ===
=== 19 ===
=== 20 ===
=== 21 ===
=== 22 ===
=== 23 ===
=== 24 ===
=== 25 ===
=== 26 ===
=== 27 ===
=== 28 ===
=== 29 ===
=== 30 ===
=== 31 ===
=== 32 ===
=== 33 ===
=== 34 ===
=== 35 ===
=== 36 ===
=== 37 ===
=== 38 ===
=== 39 ===
=== 40 ===
=== 41 ===
=== 42 ===
--- mydetector ---
PixelHit 1300, 978, 2.29124, 0
PixelHit 1300, 979, 14.1562, 0
PixelHit 1300, 980, 411.536, 0
PixelHit 1300, 981, 458.58, 0
PixelHit 1300, 982, 16.0969, 0
PixelHit 1301, 970, 0.790382, 0
PixelHit 1301, 973, 2.01937, 0
PixelHit 1301, 974, 4.77096, 0
PixelHit 1301, 976, 2.72725, 0
PixelHit 1301, 977, 9.12458, 0
PixelHit 1301, 978, 9.04441, 0
PixelHit 1301, 979, 52.3768, 0
PixelHit 1301, 980, 609.73, 0
PixelHit 1301, 981, 562.981, 0
PixelHit 1301, 982, 3.51973, 0
PixelHit 1302, 968, 2.66545, 0
PixelHit 1302, 969, 3.03501, 0
PixelHit 1302, 970, 8.60184, 0
PixelHit 1302, 971, 15.2168, 0
PixelHit 1302, 972, 15.8918, 0
PixelHit 1302, 973, 28.5411, 0
PixelHit 1302, 974, 41.5419, 0
PixelHit 1302, 975, 20.0656, 0
PixelHit 1302, 976, 22.8659, 0
PixelHit 1302, 977, 21.2107, 0
PixelHit 1302, 978, 6.90047, 0
PixelHit 1302, 979, 10.2492, 0
PixelHit 1302, 980, 5.73982, 0
PixelHit 1302, 981, 7.13627, 0
PixelHit 1303, 964, 1.83331, 0
PixelHit 1303, 965, 1.70572, 0
PixelHit 1303, 968, 8.29804, 0
PixelHit 1303, 969, 20.2, 0
PixelHit 1303, 970, 105.825, 0
PixelHit 1303, 971, 107.745, 0
PixelHit 1303, 972, 84.4183, 0
PixelHit 1303, 973, 117.619, 0
PixelHit 1303, 974, 94.3984, 0
PixelHit 1303, 975, 22.3205, 0
PixelHit 1303, 976, 13.2982, 0
PixelHit 1303, 977, 8.42584, 0
PixelHit 1304, 963, 3.68126, 0
PixelHit 1304, 964, 4.28475, 0
PixelHit 1304, 965, 10.2083, 0
PixelHit 1304, 966, 8.69462, 0
PixelHit 1304, 967, 11.9307, 0
PixelHit 1304, 968, 13.1489, 0
PixelHit 1304, 969, 58.5607, 0
PixelHit 1304, 970, 198.854, 0
PixelHit 1304, 971, 221.27, 0
PixelHit 1304, 972, 105.369, 0
PixelHit 1304, 973, 66.4354, 0
PixelHit 1304, 974, 32.0785, 0
PixelHit 1304, 975, 14.5026, 0
PixelHit 1304, 976, 3.3408, 0
PixelHit 1305, 962, 2.2952, 0
PixelHit 1305, 963, 9.26026, 0
PixelHit 1305, 964, 15.4064, 0
PixelHit 1305, 965, 22.0968, 0
PixelHit 1305, 966, 30.8466, 0
PixelHit 1305, 967, 21.1777, 0
PixelHit 1305, 968, 27.3056, 0
PixelHit 1305, 969, 48.1425, 0
PixelHit 1305, 970, 95.191, 0
PixelHit 1305, 971, 131.478, 0
PixelHit 1305, 972, 55.6349, 0
PixelHit 1305, 973, 7.81287, 0
PixelHit 1305, 975, 2.18048, 0
PixelHit 1306, 956, 1.39176, 0
PixelHit 1306, 959, 4.90709, 0
PixelHit 1306, 960, 1.05296, 0
PixelHit 1306, 961, 2.28256, 0
PixelHit 1306, 962, 7.54617, 0
PixelHit 1306, 963, 23.985, 0
PixelHit 1306, 964, 23.8748, 0
PixelHit 1306, 965, 32.1549, 0
PixelHit 1306, 966, 36.8677, 0
PixelHit 1306, 967, 28.0966, 0
PixelHit 1306, 968, 20.3128, 0
PixelHit 1306, 969, 24.398, 0
PixelHit 1306, 970, 21.936, 0
PixelHit 1306, 971, 8.12833, 0
PixelHit 1306, 972, 9.17084, 0
PixelHit 1306, 973, 0.921319, 0
PixelHit 1307, 955, 1.36381, 0
PixelHit 1307, 957, 5.5436, 0
PixelHit 1307, 958, 5.92452, 0
PixelHit 1307, 959, 2.33569, 0
PixelHit 1307, 961, 10.1878, 0
PixelHit 1307, 962, 12.4313, 0
PixelHit 1307, 963, 14.2201, 0
PixelHit 1307, 964, 26.2631, 0
PixelHit 1307, 965, 26.3528, 0
PixelHit 1307, 966, 21.1114, 0
PixelHit 1307, 967, 7.2871, 0
PixelHit 1307, 968, 0.775768, 0
PixelHit 1307, 971, 3.74774, 0
PixelHit 1308, 953, 2.05014, 0
PixelHit 1308, 955, 3.76505, 0
PixelHit 1308, 956, 6.12341, 0
PixelHit 1308, 957, 15.4832, 0
PixelHit 1308, 958, 19.5616, 0
PixelHit 1308, 959, 11.0453, 0
PixelHit 1308, 960, 8.88658, 0
PixelHit 1308, 961, 10.5931, 0
PixelHit 1308, 962, 7.49535, 0
PixelHit 1308, 963, 13.5095, 0
PixelHit 1308, 964, 15.3492, 0
PixelHit 1308, 965, 4.23447, 0
PixelHit 1308, 967, 3.65923, 0
PixelHit 1309, 952, 1.37512, 0
PixelHit 1309, 955, 9.89526, 0
PixelHit 1309, 956, 16.7046, 0
PixelHit 1309, 957, 15.6201, 0
PixelHit 1309, 958, 11.0702, 0
PixelHit 1309, 959, 7.49196, 0
PixelHit 1309, 960, 2.42714, 0
PixelHit 1309, 963, 3.65936, 0
PixelHit 1309, 964, 1.51138, 0
PixelHit 1309, 966, 1.26223, 0
PixelHit 1310, 954, 3.28361, 0
PixelHit 1310, 955, 2.65386, 0
PixelHit 1310, 956, 8.26182, 0
PixelHit 1310, 957, 12.7798, 0
PixelHit 1310, 958, 7.17973, 0
PixelHit 1310, 959, 6.66789, 0
PixelHit 1310, 960, 0.937312, 0
PixelHit 1310, 961, -0.0597606, 0
PixelHit 1311, 955, 2.31984, 0
PixelHit 1311, 956, 2.59198, 0
PixelHit 1311, 958, 8.6202, 0
PixelHit 1311, 959, 2.61688, 0
PixelHit 1312, 958, 3.18624, 0
PixelHit 1417, 1389, 2.12254, 0
PixelHit 1418, 1387, 4.91011, 0
PixelHit 1418, 1388, 18.124, 0
PixelHit 1418, 1389, 79.6809, 0
PixelHit 1418, 1390, 66.618, 0
PixelHit 1419, 1379, 2.17595, 0
PixelHit 1419, 1381, 3.84587, 0
PixelHit 1419, 1382, 1.65588, 0
PixelHit 1419, 1384, 4.3396, 0
PixelHit 1419, 1385, 11.8457, 0
PixelHit 1419, 1387, 12.0684, 0
PixelHit 1419, 1388, 27.595, 0
PixelHit 1419, 1389, 25.7251, 0
PixelHit 1419, 1390, 3.39992, 0
PixelHit 1420, 1373, 1.66886, 0
PixelHit 1420, 1374, 2.21242, 0
PixelHit 1420, 1375, 3.07465, 0
PixelHit 1420, 1376, 8.94207, 0
PixelHit 1420, 1377, 3.93028, 0
PixelHit 1420, 1379, 3.65914, 0
PixelHit 1420, 1380, 8.66317, 0
PixelHit 1420, 1381, 17.4306, 0
PixelHit 1420, 1382, 8.37907, 0
PixelHit 1420, 1383, 5.72349, 0
PixelHit 1420, 1384, 2.533, 0
PixelHit 1420, 1385, 4.77615, 0
PixelHit 1420, 1386, 1.94541, 0
PixelHit 1421, 1368, 1.76999, 0
PixelHit 1421, 1371, 4.4266, 0
PixelHit 1421, 1372, 10.1369, 0
PixelHit 1421, 1373, 14.4518, 0
PixelHit 1421, 1374, 28.067, 0
PixelHit 1421, 1375, 25.4977, 0
PixelHit 1421, 1376, 21.2812, 0
PixelHit 1421, 1377, 9.25357, 0
PixelHit 1421, 1378, 2.53823, 0
PixelHit 1421, 1379, 11.068, 0
PixelHit 1421, 1380, 19.8407, 0
PixelHit 1421, 1381, 18.0488, 0
PixelHit 1421, 1382, 10.9483, 0
PixelHit 1422, 1365, -0.0637672, 0
PixelHit 1422, 1366, 3.69638, 0
PixelHit 1422, 1367, 5.04992, 0
PixelHit 1422, 1368, 7.30393, 0
PixelHit 1422, 1369, 11.8732, 0
PixelHit 1422, 1370, 8.0003, 0
PixelHit 1422, 1371, 15.3161, 0
PixelHit 1422, 1372, 41.67, 0
PixelHit 1422, 1373, 53.9543, 0
PixelHit 1422, 1374, 57.0378, 0
PixelHit 1422, 1375, 45.6238, 0
PixelHit 1422, 1376, 37.512, 0
PixelHit 1422, 1377, 15.6648, 0
PixelHit 1422, 1378, 1.43135, 0
PixelHit 1422, 1379, 1.64358, 0
PixelHit 1422, 1380, 4.76893, 0
PixelHit 1422, 1382, 2.39067, 0
PixelHit 1423, 1361, 7.95951, 0
PixelHit 1423, 1363, 7.16119, 0
PixelHit 1423, 1364, 5.58176, 0
PixelHit 1423, 1365, 10.5116, 0
PixelHit 1423, 1366, 11.8058, 0
PixelHit 1423, 1367, 18.2579, 0
PixelHit 1423, 1368, 16.8566, 0
PixelHit 1423, 1369, 20.9816, 0
PixelHit 1423, 1370, 23.783, 0
PixelHit 1423, 1371, 26.1938, 0
PixelHit 1423, 1372, 34.7345, 0
PixelHit 1423, 1373, 44.8065, 0
PixelHit 1423, 1374, 68.2598, 0
PixelHit 1423, 1375, 28.9914, 0
PixelHit 1423, 1376, 12.6418, 0
PixelHit 1423, 1377, 7.40643, 0
PixelHit 1423, 1378, 2.13446, 0
PixelHit 1424, 1359, 4.0341, 0
PixelHit 1424, 1360, 4.63962, 0
PixelHit 1424, 1361, 6.32095, 0
PixelHit 1424, 1362, 20.4678, 0
PixelHit 1424, 1363, 21.0937, 0
PixelHit 1424, 1364, 23.0578, 0
PixelHit 1424, 1365, 25.1655, 0
PixelHit 1424, 1366, 21.3999, 0
PixelHit 1424, 1367, 24.3107, 0
PixelHit 1424, 1368, 30.3038, 0
PixelHit 1424, 1369, 23.7348, 0
PixelHit 1424, 1370, 25.9738, 0
PixelHit 1424, 1371, 14.3344, 0
PixelHit 1424, 1372, 12.1061, 0
PixelHit 1424, 1373, 20.3598, 0
PixelHit 1424, 1374, 12.2643, 0
PixelHit 1424, 1375, 9.18842, 0
PixelHit 1424, 1376, 1.43128, 0
PixelHit 1424, 1378, -0.113519, 0
PixelHit 1425, 1359, 5.65429, 0
PixelHit 1425, 1360, 20.8436, 0
PixelHit 1425, 1361, 43.0745, 0
PixelHit 1425, 1362, 41.096, 0
PixelHit 1425, 1363, 34.1468, 0
PixelHit 1425, 1364, 31.6067, 0
PixelHit 1425, 1365, 31.9796, 0
PixelHit 1425, 1366, 22.635, 0
PixelHit 1425, 1367, 20.0853, 0
PixelHit 1425, 1368, 21.4066, 0
PixelHit 1425, 1369, 19.5946, 0
PixelHit 1425, 1370, 8.88966, 0
PixelHit 1425, 1371, 1.12409, 0
PixelHit 1425, 1372, 5.68972, 0
PixelHit 1425, 1373, 1.32801, 0
PixelHit 1426, 1359, 8.64706, 0
PixelHit 1426, 1360, 20.3137, 0
PixelHit 1426, 1361, 34.0051, 0
PixelHit 1426, 1362, 43.2394, 0
PixelHit 1426, 1363, 34.5063, 0
PixelHit 1426, 1364, 18.8079, 0
PixelHit 1426, 1365, 18.0509, 0
PixelHit 1426, 1366, 7.57482, 0
PixelHit 1426, 1367, 10.4521, 0
PixelHit 1426, 1368, 3.67027, 0
PixelHit 1426, 1369, 2.73307, 0
PixelHit 1426, 1370, 2.47279, 0
PixelHit 1426, 1372, 2.92178, 0
PixelHit 1427, 1358, 2.05539, 0
PixelHit 1427, 1359, 7.06938, 0
PixelHit 1427, 1360, 9.92333, 0
PixelHit 1427, 1361, 25.4775, 0
PixelHit 1427, 1362, 21.9188, 0
PixelHit 1427, 1363, 15.0759, 0
PixelHit 1427, 1364, 1.53772, 0
PixelHit 1427, 1365, 2.00153, 0
PixelHit 1427, 1366, 3.03936, 0
PixelHit 1428, 1359, 2.47354, 0
PixelHit 1428, 1360, 3.38091, 0
PixelHit 1428, 1361, 5.40077, 0
PixelHit 1428, 1362, 5.2663, 0
PixelHit 1428, 1363, 4.70482, 0
PixelHit 1428, 1364, 2.13868, 0
PixelHit 1429, 1361, 2.8707, 0
=== 43 ===
--- mydetector ---
PixelHit 1280, 988, 6.2733, 0
PixelHit 1280, 989, 7.18469, 0
PixelHit 1281, 983, 1.27138, 0
PixelHit 1281, 984, 9.32349, 0
PixelHit 1281, 985, 9.94415, 0
PixelHit 1281, 986, 22.4315, 0
PixelHit 1281, 987, 28.5145, 0
PixelHit 1281, 988, 94.259, 0
PixelHit 1281, 989, 100.592, 0
PixelHit 1282, 978, 1.9752, 0
PixelHit 1282, 979, 3.00155, 0
PixelHit 1282, 980, 3.64334, 0
PixelHit 1282, 982, 4.7172, 0
PixelHit 1282, 983, 21.0634, 0
PixelHit 1282, 984, 57.8062, 0
PixelHit 1282, 985, 67.9825, 0
PixelHit 1282, 986, 36.8789, 0
PixelHit 1282, 987, 28.5363, 0
PixelHit 1282, 988, 4.16068, 0
PixelHit 1282, 989, 0.355335, 0
PixelHit 1283, 977, 13.9545, 0
PixelHit 1283, 978, 11.2124, 0
PixelHit 1283, 979, 29.8877, 0
PixelHit 1283, 980, 52.1529, 0
PixelHit 1283, 981, 29.4855, 0
PixelHit 1283, 982, 12.8521, 0
PixelHit 1283, 983, 24.9875, 0
PixelHit 1283, 984, 68.3251, 0
PixelHit 1283, 985, 31.1919, 0
PixelHit 1283, 986, 6.08007, 0
PixelHit 1284, 971, 1.78641, 0
PixelHit 1284, 973, 5.13812, 0
PixelHit 1284, 974, 1.1628, 0
PixelHit 1284, 975, 9.73673, 0
PixelHit 1284, 976, 7.67339, 0
PixelHit 1284, 977, 31.9796, 0
PixelHit 1284, 978, 72.4171, 0
PixelHit 1284, 979, 73.8231, 0
PixelHit 1284, 980, 101.303, 0
PixelHit 1284, 981, 57.3273, 0
PixelHit 1284, 982, 14.8137, 0
PixelHit 1284, 983, 7.71977, 0
PixelHit 1284, 984, 8.92129, 0
PixelHit 1284, 985, 1.84786, 0
PixelHit 1285, 966, 0.0482917, 0
PixelHit 1285, 970, 4.42085, 0
PixelHit 1285, 971, 16.3862, 0
PixelHit 1285, 972, 44.4833, 0
PixelHit 1285, 973, 50.2963, 0
PixelHit 1285, 974, 15.3661, 0
PixelHit 1285, 975, 19.2562, 0
PixelHit 1285, 976, 28.8399, 0
PixelHit 1285, 977, 49.7377, 0
PixelHit 1285, 978, 65.4194, 0
PixelHit 1285, 979, 76.6513, 0
PixelHit 1285, 980, 40.3595, 0
PixelHit 1285, 981, 23.9302, 0
PixelHit 1285, 982, 4.17856, 0
PixelHit 1285, 985, 1.9539, 0
PixelHit 1286, 967, 5.28592, 0
PixelHit 1286, 968, 7.58723, 0
PixelHit 1286, 969, 14.5064, 0
PixelHit 1286, 970, 25.1917, 0
PixelHit 1286, 971, 106.746, 0
PixelHit 1286, 972, 215.069, 0
PixelHit 1286, 973, 236.601, 0
PixelHit 1286, 974, 98.6797, 0
PixelHit 1286, 975, 33.9364, 0
PixelHit 1286, 976, 26.965, 0
PixelHit 1286, 977, 30.1582, 0
PixelHit 1286, 978, 32.6879, 0
PixelHit 1286, 979, 17.9346, 0
PixelHit 1286, 980, 5.1425, 0
PixelHit 1286, 981, 4.33462, 0
PixelHit 1287, 962, 0.513241, 0
PixelHit 1287, 964, 3.269, 0
PixelHit 1287, 965, 1.47907, 0
PixelHit 1287, 966, 12.1192, 0
PixelHit 1287, 967, 16.1298, 0
PixelHit 1287, 968, 12.7689, 0
PixelHit 1287, 969, 27.5379, 0
PixelHit 1287, 970, 63.5194, 0
PixelHit 1287, 971, 246.899, 0
PixelHit 1287, 972, 510.741, 0
PixelHit 1287, 973, 404.639, 0
PixelHit 1287, 974, 148.296, 0
PixelHit 1287, 975, 33.0482, 0
PixelHit 1287, 976, 4.32537, 0
PixelHit 1287, 977, 3.3883, 0
PixelHit 1288, 964, 10.2481, 0
PixelHit 1288, 965, 21.2628, 0
PixelHit 1288, 966, 21.8968, 0
PixelHit 1288, 967, 29.8628, 0
PixelHit 1288, 968, 43.6491, 0
PixelHit 1288, 969, 45.1157, 0
PixelHit 1288, 970, 62.2662, 0
PixelHit 1288, 971, 201.141, 0
PixelHit 1288, 972, 421.131, 0
PixelHit 1288, 973, 342.088, 0
PixelHit 1288, 974, 95.4474, 0
PixelHit 1288, 975, 8.61501, 0
PixelHit 1288, 976, 2.94097, 0
PixelHit 1288, 977, 1.35813, 0
PixelHit 1289, 962, 4.55212, 0
PixelHit 1289, 963, 11.1337, 0
PixelHit 1289, 964, 23.0354, 0
PixelHit 1289, 965, 36.2574, 0
PixelHit 1289, 966, 32.5314, 0
PixelHit 1289, 967, 36.5906, 0
PixelHit 1289, 968, 33.7363, 0
PixelHit 1289, 969, 30.2486, 0
PixelHit 1289, 970, 31.0243, 0
PixelHit 1289, 971, 63.5073, 0
PixelHit 1289, 972, 102.119, 0
PixelHit 1289, 973, 105.65, 0
PixelHit 1289, 974, 29.1584, 0
PixelHit 1290, 962, 1.69343, 0
PixelHit 1290, 963, 12.6724, 0
PixelHit 1290, 964, 18.356, 0
PixelHit 1290, 965, 26.2078, 0
PixelHit 1290, 966, 25.9906, 0
PixelHit 1290, 967, 19.7712, 0
PixelHit 1290, 968, 11.8455, 0
PixelHit 1290, 969, 10.8025, 0
PixelHit 1290, 970, 6.57441, 0
PixelHit 1290, 971, 7.49957, 0
PixelHit 1290, 972, 6.19314, 0
PixelHit 1290, 973, 9.14513, 0
PixelHit 1290, 974, 2.82566, 0
PixelHit 1291, 961, 2.30883, 0
PixelHit 1291, 963, 2.04846, 0
PixelHit 1291, 964, 12.2017, 0
PixelHit 1291, 965, 13.6064, 0
PixelHit 1291, 966, 10.2076, 0
PixelHit 1291, 967, 10.1445, 0
PixelHit 1291, 968, 3.12063, 0
PixelHit 1292, 962, 2.34559, 0
PixelHit 1292, 964, 4.06606, 0
PixelHit 1292, 965, 3.21711, 0
PixelHit 1292, 966, 5.48422, 0
PixelHit 1292, 968, 1.70673, 0
PixelHit 1293, 965, 1.12715, 0
PixelHit 1393, 944, 2.55936, 0
PixelHit 1394, 937, 0.0709813, 0
PixelHit 1394, 938, 2.82456, 0
PixelHit 1394, 939, 3.27839, 0
PixelHit 1394, 940, 13.0888, 0
PixelHit 1394, 941, 27.0365, 0
PixelHit 1394, 942, 7.71522, 0
PixelHit 1394, 943, 13.0993, 0
PixelHit 1394, 944, 11.2433, 0
PixelHit 1395, 932, 1.13058, 0
PixelHit 1395, 933, 4.40741, 0
PixelHit 1395, 934, 5.67361, 0
PixelHit 1395, 935, 3.6533, 0
PixelHit 1395, 936, 3.57768, 0
PixelHit 1395, 938, 9.93115, 0
PixelHit 1395, 939, 35.3311, 0
PixelHit 1395, 940, 81.7443, 0
PixelHit 1395, 941, 100.603, 0
PixelHit 1395, 942, 16.6472, 0
PixelHit 1396, 929, 1.82626, 0
PixelHit 1396, 930, 0.116, 0
PixelHit 1396, 932, 6.53082, 0
PixelHit 1396, 933, 24.7746, 0
PixelHit 1396, 934, 54.5284, 0
PixelHit 1396, 935, 53.9145, 0
PixelHit 1396, 936, 22.5015, 0
PixelHit 1396, 937, 13.1298, 0
PixelHit 1396, 938, 9.22504, 0
PixelHit 1396, 939, 22.2714, 0
PixelHit 1396, 940, 25.134, 0
PixelHit 1396, 941, 6.43749, 0
PixelHit 1397, 928, 3.90115, 0
PixelHit 1397, 929, 5.63198, 0
PixelHit 1397, 930, 4.30077, 0
PixelHit 1397, 931, 12.3482, 0
PixelHit 1397, 932, 30.1767, 0
PixelHit 1397, 933, 96.9658, 0
PixelHit 1397, 934, 103.985, 0
PixelHit 1397, 935, 102.463, 0
PixelHit 1397, 936, 41.5765, 0
PixelHit 1397, 937, 6.13287, 0
PixelHit 1397, 938, 5.07208, 0
PixelHit 1397, 939, 0.848369, 0
PixelHit 1398, 924, 1.26699, 0
PixelHit 1398, 925, 2.12011, 0
PixelHit 1398, 926, 5.70313, 0
PixelHit 1398, 927, 15.4102, 0
PixelHit 1398, 928, 14.574, 0
PixelHit 1398, 929, 28.1142, 0
PixelHit 1398, 930, 19.381, 0
PixelHit 1398, 931, 36.7191, 0
PixelHit 1398, 932, 59.6721, 0
PixelHit 1398, 933, 68.0499, 0
PixelHit 1398, 934, 72.0255, 0
PixelHit 1398, 935, 39.854, 0
PixelHit 1398, 936, 10.3653, 0
PixelHit 1398, 937, 3.27591, 0
PixelHit 1398, 938, 1.65187, 0
PixelHit 1399, 919, 1.86254, 0
PixelHit 1399, 921, 1.49523, 0
PixelHit 1399, 923, 8.26075, 0
PixelHit 1399, 924, 10.241, 0
PixelHit 1399, 925, 8.04297, 0
PixelHit 1399, 926, 16.3491, 0
PixelHit 1399, 927, 24.4046, 0
PixelHit 1399, 928, 37.2659, 0
PixelHit 1399, 929, 31.1709, 0
PixelHit 1399, 930, 31.2572, 0
PixelHit 1399, 931, 20.0606, 0
PixelHit 1399, 932, 17.8362, 0
PixelHit 1399, 933, 22.2013, 0
PixelHit 1399, 934, 7.3542, 0
PixelHit 1400, 918, 4.62257, 0
PixelHit 1400, 919, 1.36191, 0
PixelHit 1400, 920, 6.09662, 0
PixelHit 1400, 921, 7.16752, 0
PixelHit 1400, 922, 9.05481, 0
PixelHit 1400, 923, 15.4967, 0
PixelHit 1400, 924, 18.2409, 0
PixelHit 1400, 925, 10.5726, 0
PixelHit 1400, 926, 27.0978, 0
PixelHit 1400, 927, 23.1274, 0
PixelHit 1400, 928, 13.9641, 0
PixelHit 1400, 929, 19.4926, 0
PixelHit 1400, 930, 9.60276, 0
PixelHit 1400, 932, 2.48171, 0
PixelHit 1400, 933, 1.70679, 0
PixelHit 1400, 934, 2.73643, 0
PixelHit 1401, 916, 0.572449, 0
PixelHit 1401, 917, 2.93269, 0
PixelHit 1401, 918, 7.28626, 0
PixelHit 1401, 919, 14.0262, 0
PixelHit 1401, 920, 17.1533, 0
PixelHit 1401, 921, 16.0111, 0
PixelHit 1401, 922, 15.1619, 0
PixelHit 1401, 923, 17.9418, 0
PixelHit 1401, 924, 22.5485, 0
PixelHit 1401, 925, 15.2038, 0
PixelHit 1401, 926, 17.6371, 0
PixelHit 1401, 927, 11.8574, 0
PixelHit 1401, 928, 3.58523, 0
PixelHit 1401, 929, 3.76361, 0
PixelHit 1401, 930, 1.64111, 0
PixelHit 1402, 916, 2.09961, 0
PixelHit 1402, 917, 10.7659, 0
PixelHit 1402, 918, 8.90703, 0
PixelHit 1402, 919, 16.9189, 0
PixelHit 1402, 920, 18.1993, 0
PixelHit 1402, 921, 12.2582, 0
PixelHit 1402, 922, 14.1342, 0
PixelHit 1402, 923, 11.0173, 0
PixelHit 1402, 924, 8.05444, 0
PixelHit 1402, 925, 9.01005, 0
PixelHit 1402, 926, 3.49371, 0
PixelHit 1403, 916, 2.10388, 0
PixelHit 1403, 917, 4.9429, 0
PixelHit 1403, 918, 10.081, 0
PixelHit 1403, 919, 18.916, 0
PixelHit 1403, 920, 8.36234, 0
PixelHit 1403, 921, 6.79385, 0
PixelHit 1403, 922, 5.79676, 0
PixelHit 1403, 924, 2.02192, 0
PixelHit 1404, 916, 1.33844, 0
PixelHit 1404, 917, 2.65267, 0
PixelHit 1404, 918, 2.49561, 0
PixelHit 1404, 919, 6.74205, 0
PixelHit 1404, 920, 9.20257, 0
PixelHit 1404, 921, 5.82447, 0
PixelHit 1404, 922, 3.11598, 0
PixelHit 1405, 918, 1.43401, 0
PixelHit 1405, 919, 1.76908, 0
PixelHit 1405, 920, 3.034, 0
PixelHit 1406, 918, 0.448609, 0
=== 44 ===
=== 45 ===
=== 46 ===
=== 47 ===
=== 48 ===
=== 49 ===
=== 50 ===
=== 51 ===
=== 52 ===
=== 53 ===
=== 54 ===
=== 55 ===
=== 56 ===
=== 57 ===
--- mydetector ---
PixelHit 1261, 970, 1.63837, 0
PixelHit 1261, 971, 2.36164, 0
PixelHit 1261, 972, 1.51029, 0
PixelHit 1261, 973, 7.26301, 0
PixelHit 1261, 974, 3.47066, 0
PixelHit 1261, 975, 2.09065, 0
PixelHit 1262, 967, 0.58216, 0
PixelHit 1262, 968, 5.09317, 0
PixelHit 1262, 969, 9.34924, 0
PixelHit 1262, 970, 18.635, 0
PixelHit 1262, 971, 27.3866, 0
PixelHit 1262, 972, 69.0043, 0
PixelHit 1262, 973, 103.988, 0
PixelHit 1262, 974, 12.7723, 0
PixelHit 1263, 963, 1.3252, 0
PixelHit 1263, 965, 11.3559, 0
PixelHit 1263, 966, 8.49645, 0
PixelHit 1263, 967, 18.1067, 0
PixelHit 1263, 968, 46.7049, 0
PixelHit 1263, 969, 78.4453, 0
PixelHit 1263, 970, 88.0287, 0
PixelHit 1263, 971, 67.1699, 0
PixelHit 1263, 972, 26.3494, 0
PixelHit 1263, 973, 15.4057, 0
PixelHit 1264, 962, 3.30851, 0
PixelHit 1264, 963, 4.54403, 0
PixelHit 1264, 964, 15.4271, 0
PixelHit 1264, 965, 28.4476, 0
PixelHit 1264, 966, 39.677, 0
PixelHit 1264, 967, 35.205, 0
PixelHit 1264, 968, 88.8911, 0
PixelHit 1264, 969, 71.0729, 0
PixelHit 1264, 970, 42.0418, 0
PixelHit 1264, 971, 13.5456, 0
PixelHit 1264, 972, 2.2243, 0
PixelHit 1265, 958, 2.31541, 0
PixelHit 1265, 960, 6.44362, 0
PixelHit 1265, 961, 12.4775, 0
PixelHit 1265, 962, 2.2151, 0
PixelHit 1265, 963, 21.5729, 0
PixelHit 1265, 964, 26.4901, 0
PixelHit 1265, 965, 51.8379, 0
PixelHit 1265, 966, 48.0733, 0
PixelHit 1265, 967, 31.8934, 0
PixelHit 1265, 968, 15.4321, 0
PixelHit 1265, 969, 8.08832, 0
PixelHit 1266, 956, 2.59636, 0
PixelHit 1266, 957, 14.049, 0
PixelHit 1266, 958, 17.0838, 0
PixelHit 1266, 959, 32.2966, 0
PixelHit 1266, 960, 23.7432, 0
PixelHit 1266, 961, 26.8253, 0
PixelHit 1266, 962, 23.6009, 0
PixelHit 1266, 963, 23.847, 0
PixelHit 1266, 964, 22.0609, 0
PixelHit 1266, 965, 16.24, 0
PixelHit 1266, 966, 11.265, 0
PixelHit 1266, 967, 4.573, 0
PixelHit 1267, 950, 2.10744, 0
PixelHit 1267, 951, 1.015, 0
PixelHit 1267, 952, 3.92616, 0
PixelHit 1267, 953, 7.06386, 0
PixelHit 1267, 954, 3.78309, 0
PixelHit 1267, 955, 8.58106, 0
PixelHit 1267, 956, 6.91158, 0
PixelHit 1267, 957, 23.4289, 0
PixelHit 1267, 958, 57.9021, 0
PixelHit 1267, 959, 53.1509, 0
PixelHit 1267, 960, 29.1456, 0
PixelHit 1267, 961, 24.5898, 0
PixelHit 1267, 962, 12.349, 0
PixelHit 1267, 963, 11.4172, 0
PixelHit 1267, 964, 6.95215, 0
PixelHit 1267, 968, 1.05743, 0
PixelHit 1268, 946, 1.97742, 0
PixelHit 1268, 947, 4.69434, 0
PixelHit 1268, 948, 3.12711, 0
PixelHit 1268, 949, 2.1909, 0
PixelHit 1268, 950, 8.46993, 0
PixelHit 1268, 951, 7.83052, 0
PixelHit 1268, 952, 18.7109, 0
PixelHit 1268, 953, 15.501, 0
PixelHit 1268, 954, 15.1126, 0
PixelHit 1268, 955, 13.705, 0
PixelHit 1268, 956, 19.8035, 0
PixelHit 1268, 957, 33.5216, 0
PixelHit 1268, 958, 54.7436, 0
PixelHit 1268, 959, 43.9302, 0
PixelHit 1268, 960, 19.0207, 0
PixelHit 1268, 961, 8.10643, 0
PixelHit 1268, 962, 2.50217, 0
PixelHit 1268, 965, 1.68248, 0
PixelHit 1269, 947, 1.04463, 0
PixelHit 1269, 948, 7.43763, 0
PixelHit 1269, 949, 19.1752, 0
PixelHit 1269, 950, 36.3512, 0
PixelHit 1269, 951, 30.5509, 0
PixelHit 1269, 952, 30.1194, 0
PixelHit 1269, 953, 35.3615, 0
PixelHit 1269, 954, 23.4178, 0
PixelHit 1269, 955, 9.34218, 0
PixelHit 1269, 956, 13.6659, 0
PixelHit 1269, 957, 16.1776, 0
PixelHit 1269, 958, 33.6552, 0
PixelHit 1269, 959, 9.42358, 0
PixelHit 1269, 960, 0.891961, 0
PixelHit 1269, 961, 3.3503, 0
PixelHit 1270, 947, 3.81059, 0
PixelHit 1270, 948, 15.8122, 0
PixelHit 1270, 949, 34.1848, 0
PixelHit 1270, 950, 46.6481, 0
PixelHit 1270, 951, 68.1926, 0
PixelHit 1270, 952, 45.852, 0
PixelHit 1270, 953, 33.7676, 0
PixelHit 1270, 954, 22.4758, 0
PixelHit 1270, 955, 12.3202, 0
PixelHit 1270, 956, 8.51047, 0
PixelHit 1270, 957, 3.94288, 0
PixelHit 1270, 958, 5.2019, 0
PixelHit 1270, 959, 0.936266, 0
PixelHit 1271, 946, 0.0626408, 0
PixelHit 1271, 947, 2.95565, 0
PixelHit 1271, 948, 17.9783, 0
PixelHit 1271, 949, 44.2086, 0
PixelHit 1271, 950, 52.6635, 0
PixelHit 1271, 951, 37.8736, 0
PixelHit 1271, 952, 28.6595, 0
PixelHit 1271, 953, 15.1192, 0
PixelHit 1271, 954, 9.84123, 0
PixelHit 1271, 955, 2.39353, 0
PixelHit 1271, 956, 2.87457, 0
PixelHit 1272, 948, 11.3292, 0
PixelHit 1272, 949, 15.2186, 0
PixelHit 1272, 950, 27.5869, 0
PixelHit 1272, 951, 13.8862, 0
PixelHit 1272, 952, 12.6405, 0
PixelHit 1272, 953, 0.629617, 0
PixelHit 1273, 945, 2.09724, 0
PixelHit 1273, 946, 1.60855, 0
PixelHit 1273, 948, 6.01244, 0
PixelHit 1273, 949, 3.16309, 0
PixelHit 1273, 950, 7.007, 0
PixelHit 1273, 951, 4.47253, 0
PixelHit 1273, 952, 2.88519, 0
PixelHit 1273, 954, 1.0841, 0
PixelHit 1274, 950, 0.806528, 0
PixelHit 1690, 854, 3.0271, 0
PixelHit 1690, 855, 2.73171, 0
PixelHit 1690, 857, 11.3678, 0
PixelHit 1690, 858, 22.1468, 0
PixelHit 1690, 859, 25.1586, 0
PixelHit 1690, 860, 1.80856, 0
PixelHit 1691, 847, 0.536552, 0
PixelHit 1691, 850, 0.981799, 0
PixelHit 1691, 852, 14.3096, 0
PixelHit 1691, 853, 20.4469, 0
PixelHit 1691, 854, 31.418, 0
PixelHit 1691, 855, 11.8504, 0
PixelHit 1691, 856, 33.7207, 0
PixelHit 1691, 857, 154.678, 0
PixelHit 1691, 858, 130.079, 0
PixelHit 1691, 859, 30.5115, 0
PixelHit 1692, 844, 1.50062, 0
PixelHit 1692, 845, 0.687196, 0
PixelHit 1692, 846, 4.06304, 0
PixelHit 1692, 847, 1.80822, 0
PixelHit 1692, 848, 2.33254, 0
PixelHit 1692, 849, 2.45781, 0
PixelHit 1692, 850, 5.53734, 0
PixelHit 1692, 851, 19.4463, 0
PixelHit 1692, 852, 44.2145, 0
PixelHit 1692, 853, 54.0238, 0
PixelHit 1692, 854, 40.4049, 0
PixelHit 1692, 855, 21.4102, 0
PixelHit 1692, 856, 21.3891, 0
PixelHit 1692, 857, 16.1455, 0
PixelHit 1692, 858, 4.22476, 0
PixelHit 1692, 859, 1.6394, 0
PixelHit 1693, 842, 1.28735, 0
PixelHit 1693, 843, 7.79271, 0
PixelHit 1693, 844, 12.8795, 0
PixelHit 1693, 845, 11.5286, 0
PixelHit 1693, 846, 7.39906, 0
PixelHit 1693, 847, 9.18019, 0
PixelHit 1693, 848, 16.5257, 0
PixelHit 1693, 849, 9.60901, 0
PixelHit 1693, 850, 7.71724, 0
PixelHit 1693, 851, 15.1144, 0
PixelHit 1693, 852, 29.4526, 0
PixelHit 1693, 853, 21.7442, 0
PixelHit 1693, 854, 14.1564, 0
PixelHit 1693, 855, 5.17163, 0
PixelHit 1694, 835, 4.79635, 0
PixelHit 1694, 836, 5.22345, 0
PixelHit 1694, 837, 6.10113, 0
PixelHit 1694, 838, 7.43739, 0
PixelHit 1694, 839, 5.72297, 0
PixelHit 1694, 840, 11.5397, 0
PixelHit 1694, 841, 3.59638, 0
PixelHit 1694, 842, 8.72438, 0
PixelHit 1694, 843, 12.3299, 0
PixelHit 1694, 844, 34.2985, 0
PixelHit 1694, 845, 41.6835, 0
PixelHit 1694, 846, 22.6977, 0
PixelHit 1694, 847, 13.9268, 0
PixelHit 1694, 848, 19.1711, 0
PixelHit 1694, 849, 7.99708, 0
PixelHit 1694, 850, 6.36101, 0
PixelHit 1694, 851, 5.07499, 0
PixelHit 1694, 852, 1.52732, 0
PixelHit 1694, 853, 3.46636, 0
PixelHit 1695, 832, 2.53755, 0
PixelHit 1695, 833, 5.20856, 0
PixelHit 1695, 834, 17.4989, 0
PixelHit 1695, 835, 20.7826, 0
PixelHit 1695, 836, 13.5618, 0
PixelHit 1695, 837, 8.83431, 0
PixelHit 1695, 838, 18.2354, 0
PixelHit 1695, 839, 15.1335, 0
PixelHit 1695, 840, 16.8528, 0
PixelHit 1695, 841, 14.0816, 0
PixelHit 1695, 842, 16.6266, 0
PixelHit 1695, 843, 21.3438, 0
PixelHit 1695, 844, 26.3985, 0
PixelHit 1695, 845, 25.8937, 0
PixelHit 1695, 846, 18.2692, 0
PixelHit 1695, 847, 6.69216, 0
PixelHit 1695, 848, 8.01378, 0
PixelHit 1695, 849, 2.89732, 0
PixelHit 1695, 851, 1.56043, 0
PixelHit 1696, 831, 0.817327, 0
PixelHit 1696, 832, 3.95694, 0
PixelHit 1696, 833, 26.0497, 0
PixelHit 1696, 834, 50.1738, 0
PixelHit 1696, 835, 57.9547, 0
PixelHit 1696, 836, 29.4846, 0
PixelHit 1696, 837, 23.59, 0
PixelHit 1696, 838, 31.8639, 0
PixelHit 1696, 839, 27.0676, 0
PixelHit 1696, 840, 23.9457, 0
PixelHit 1696, 841, 12.0978, 0
PixelHit 1696, 842, 11.9234, 0
PixelHit 1696, 843, 5.29486, 0
PixelHit 1696, 844, 12.8809, 0
PixelHit 1696, 845, 9.38758, 0
PixelHit 1696, 846, 2.09615, 0
PixelHit 1697, 831, 4.64472, 0
PixelHit 1697, 832, 8.79802, 0
PixelHit 1697, 833, 39.0904, 0
PixelHit 1697, 834, 56.3764, 0
PixelHit 1697, 835, 94.0594, 0
PixelHit 1697, 836, 51.3482, 0
PixelHit 1697, 837, 29.3517, 0
PixelHit 1697, 838, 20.503, 0
PixelHit 1697, 839, 14.5185, 0
PixelHit 1697, 840, 13.037, 0
PixelHit 1697, 841, 9.75652, 0
PixelHit 1697, 843, 0.980665, 0
PixelHit 1697, 844, 0.92487, 0
PixelHit 1698, 832, 10.0306, 0
PixelHit 1698, 833, 31.2102, 0
PixelHit 1698, 834, 58.4581, 0
PixelHit 1698, 835, 58.6064, 0
PixelHit 1698, 836, 39.2239, 0
PixelHit 1698, 837, 12.0709, 0
PixelHit 1698, 838, 5.2677, 0
PixelHit 1698, 839, 5.49117, 0
PixelHit 1698, 840, 3.2669, 0
PixelHit 1699, 832, 1.88484, 0
PixelHit 1699, 833, 12.8562, 0
PixelHit 1699, 834, 15.7395, 0
PixelHit 1699, 835, 19.9012, 0
PixelHit 1699, 836, 13.5875, 0
PixelHit 1699, 837, 2.95348, 0
PixelHit 1699, 838, 1.68835, 0
PixelHit 1700, 833, 0.864479, 0
PixelHit 1700, 834, 4.68383, 0
PixelHit 1700, 835, 5.88124, 0
PixelHit 1700, 836, 2.44064, 0
PixelHit 1701, 833, 1.50674, 0
PixelHit 1702, 834, 1.27829, 0
=== 58 ===
=== 59 ===
=== 60 ===
=== 61 ===
=== 62 ===
=== 63 ===
=== 64 ===
=== 65 ===
=== 66 ===
=== 67 ===
=== 68 ===
=== 69 ===
=== 70 ===
=== 71 ===
=== 72 ===
=== 73 ===
=== 74 ===
=== 75 ===
--- mydetector ---
PixelHit 1211, 1089, 7.04286, 0
PixelHit 1211, 1090, 102.244, 0
PixelHit 1211, 1091, 22.704, 0
PixelHit 1212, 1084, 1.49684, 0
PixelHit 1212, 1085, 6.22346, 0
PixelHit 1212, 1086, 12.3784, 0
PixelHit 1212, 1087, 12.3544, 0
PixelHit 1212, 1088, 10.4719, 0
PixelHit 1212, 1089, 143.614, 0
PixelHit 1212, 1090, 439.367, 0
PixelHit 1212, 1091, 39.9802, 0
PixelHit 1213, 1080, 1.99799, 0
PixelHit 1213, 1082, 4.07008, 0
PixelHit 1213, 1083, 9.17159, 0
PixelHit 1213, 1084, 19.3054, 0
PixelHit 1213, 1085, 32.3138, 0
PixelHit 1213, 1086, 63.6453, 0
PixelHit 1213, 1087, 36.0679, 0
PixelHit 1213, 1088, 4.23336, 0
PixelHit 1213, 1089, 8.67153, 0
PixelHit 1213, 1090, 8.67745, 0
PixelHit 1214, 1078, 2.25771, 0
PixelHit 1214, 1079, 2.74863, 0
PixelHit 1214, 1080, 6.50627, 0
PixelHit 1214, 1081, 11.3432, 0
PixelHit 1214, 1082, 29.596, 0
PixelHit 1214, 1083, 27.833, 0
PixelHit 1214, 1084, 51.5755, 0
PixelHit 1214, 1085, 37.183, 0
PixelHit 1214, 1086, 26.5561, 0
PixelHit 1214, 1087, 17.3492, 0
PixelHit 1215, 1072, 0.261905, 0
PixelHit 1215, 1076, 3.64773, 0
PixelHit 1215, 1077, 4.91732, 0
PixelHit 1215, 1078, 7.84141, 0
PixelHit 1215, 1079, 10.4, 0
PixelHit 1215, 1080, 17.0561, 0
PixelHit 1215, 1081, 21.4166, 0
PixelHit 1215, 1082, 37.3052, 0
PixelHit 1215, 1083, 24.5778, 0
PixelHit 1215, 1084, 15.615, 0
PixelHit 1215, 1085, 7.12074, 0
PixelHit 1215, 1086, 2.83292, 0
PixelHit 1215, 1087, 2.12303, 0
PixelHit 1216, 1069, 2.3328, 0
PixelHit 1216, 1070, 3.08848, 0
PixelHit 1216, 1073, 4.72129, 0
PixelHit 1216, 1074, 2.95274, 0
PixelHit 1216, 1075, 5.83376, 0
PixelHit 1216, 1076, 16.088, 0
PixelHit 1216, 1077, 24.371, 0
PixelHit 1216, 1078, 29.0793, 0
PixelHit 1216, 1079, 24.07, 0
PixelHit 1216, 1080, 10.2123, 0
PixelHit 1216, 1081, 13.7925, 0
PixelHit 1216, 1082, 9.35598, 0
PixelHit 1216, 1083, 6.20778, 0
PixelHit 1216, 1084, 3.8783, 0
PixelHit 1217, 1067, 4.66388, 0
PixelHit 1217, 1068, 5.67068, 0
PixelHit 1217, 1069, 3.62219, 0
PixelHit 1217, 1070, 12.2313, 0
PixelHit 1217, 1071, 9.84665, 0
PixelHit 1217, 1072, 13.2486, 0
PixelHit 1217, 1073, 9.35749, 0
PixelHit 1217, 1074, 18.3296, 0
PixelHit 1217, 1075, 10.7568, 0
PixelHit 1217, 1076, 9.36284, 0
PixelHit 1217, 1077, 24.1906, 0
PixelHit 1217, 1078, 15.7712, 0
PixelHit 1217, 1079, 8.03869, 0
PixelHit 1217, 1080, 3.13027, 0
PixelHit 1217, 1081, 2.34425, 0
PixelHit 1218, 1065, 2.62677, 0
PixelHit 1218, 1066, 5.61808, 0
PixelHit 1218, 1067, 10.3703, 0
PixelHit 1218, 1068, 15.5328, 0
PixelHit 1218, 1069, 17.3553, 0
PixelHit 1218, 1070, 13.9149, 0
PixelHit 1218, 1071, 23.9112, 0
PixelHit 1218, 1072, 26.1091, 0
PixelHit 1218, 1073, 27.061, 0
PixelHit 1218, 1074, 13.3871, 0
PixelHit 1218, 1075, 11.0599, 0
PixelHit 1218, 1076, 13.6331, 0
PixelHit 1218, 1077, 8.89453, 0
PixelHit 1218, 1078, 2.45425, 0
PixelHit 1219, 1062, 2.32956, 0
PixelHit 1219, 1064, 4.10443, 0
PixelHit 1219, 1065, 7.51933, 0
PixelHit 1219, 1066, 25.2115, 0
PixelHit 1219, 1067, 29.7963, 0
PixelHit 1219, 1068, 39.0848, 0
PixelHit 1219, 1069, 20.9656, 0
PixelHit 1219, 1070, 27.107, 0
PixelHit 1219, 1071, 24.4195, 0
PixelHit 1219, 1072, 29.5358, 0
PixelHit 1219, 1073, 26.6792, 0
PixelHit 1219, 1074, 17.0299, 0
PixelHit 1219, 1075, 2.13577, 0
PixelHit 1219, 1076, 2.06567, 0
PixelHit 1219, 1077, 1.48529, 0
PixelHit 1220, 1063, 5.03582, 0
PixelHit 1220, 1064, 7.36003, 0
PixelHit 1220, 1065, 17.4637, 0
PixelHit 1220, 1066, 31.1455, 0
PixelHit 1220, 1067, 55.4326, 0
PixelHit 1220, 1068, 65.8904, 0
PixelHit 1220, 1069, 36.8387, 0
PixelHit 1220, 1070, 21.8165, 0
PixelHit 1220, 1071, 10.1689, 0
PixelHit 1220, 1072, 9.72058, 0
PixelHit 1220, 1073, 7.41469, 0
PixelHit 1220, 1074, 6.00935, 0
PixelHit 1221, 1063, 6.2174, 0
PixelHit 1221, 1064, 11.2253, 0
PixelHit 1221, 1065, 21.2674, 0
PixelHit 1221, 1066, 42.7353, 0
PixelHit 1221, 1067, 48.9477, 0
PixelHit 1221, 1068, 48.6905, 0
PixelHit 1221, 1069, 24.9862, 0
PixelHit 1221, 1070, 9.60579, 0
PixelHit 1221, 1071, 1.60387, 0
PixelHit 1221, 1072, 3.86795, 0
PixelHit 1222, 1063, 5.65902, 0
PixelHit 1222, 1064, 2.00891, 0
PixelHit 1222, 1065, 15.8422, 0
PixelHit 1222, 1066, 14.8021, 0
PixelHit 1222, 1067, 19.7265, 0
PixelHit 1222, 1068, 13.9014, 0
PixelHit 1222, 1069, 1.44041, 0
PixelHit 1222, 1070, 4.73665, 0
PixelHit 1223, 1064, 1.0299, 0
PixelHit 1223, 1066, 3.64567, 0
PixelHit 1223, 1067, 3.11143, 0
PixelHit 1223, 1068, 3.21135, 0
PixelHit 1289, 1091, 4.90719, 0
PixelHit 1289, 1092, 3.79918, 0
PixelHit 1290, 1087, 9.41342, 0
PixelHit 1290, 1088, 11.0416, 0
PixelHit 1290, 1089, 8.35724, 0
PixelHit 1290, 1090, 90.4212, 0
PixelHit 1290, 1091, 62.5614, 0
PixelHit 1290, 1092, 64.1155, 0
PixelHit 1291, 1082, 1.60571, 0
PixelHit 1291, 1083, 1.25802, 0
PixelHit 1291, 1085, 2.93784, 0
PixelHit 1291, 1086, 18.9648, 0
PixelHit 1291, 1087, 58.9066, 0
PixelHit 1291, 1088, 75.4227, 0
PixelHit 1291, 1089, 22.3795, 0
PixelHit 1291, 1090, 51.8052, 0
PixelHit 1291, 1091, 2.55041, 0
PixelHit 1292, 1080, 2.04622, 0
PixelHit 1292, 1081, 1.93718, 0
PixelHit 1292, 1082, 3.57309, 0
PixelHit 1292, 1083, 13.1216, 0
PixelHit 1292, 1084, 36.7709, 0
PixelHit 1292, 1085, 18.6856, 0
PixelHit 1292, 1086, 34.9551, 0
PixelHit 1292, 1087, 48.088, 0
PixelHit 1292, 1088, 24.7077, 0
PixelHit 1292, 1089, 5.082, 0
PixelHit 1293, 1073, 0.527685, 0
PixelHit 1293, 1076, 2.58327, 0
PixelHit 1293, 1077, 2.82887, 0
PixelHit 1293, 1079, 4.25156, 0
PixelHit 1293, 1080, 15.8587, 0
PixelHit 1293, 1081, 20.2907, 0
PixelHit 1293, 1082, 12.2769, 0
PixelHit 1293, 1083, 25.6372, 0
PixelHit 1293, 1084, 40.55, 0
PixelHit 1293, 1085, 15.6831, 0
PixelHit 1293, 1086, 7.54083, 0
PixelHit 1293, 1087, 5.45995, 0
PixelHit 1294, 1068, 0.998205, 0
PixelHit 1294, 1072, 3.39744, 0
PixelHit 1294, 1073, 4.12914, 0
PixelHit 1294, 1074, 4.83898, 0
PixelHit 1294, 1075, 6.78992, 0
PixelHit 1294, 1076, 8.38703, 0
PixelHit 1294, 1077, 23.6735, 0
PixelHit 1294, 1078, 7.56269, 0
PixelHit 1294, 1079, 12.7323, 0
PixelHit 1294, 1080, 17.9347, 0
PixelHit 1294, 1081, 28.6554, 0
PixelHit 1294, 1082, 19.7762, 0
PixelHit 1294, 1083, 6.07158, 0
PixelHit 1294, 1085, 1.69717, 0
PixelHit 1295, 1068, 0.118283, 0
PixelHit 1295, 1070, 1.0211, 0
PixelHit 1295, 1071, 4.3048, 0
PixelHit 1295, 1072, 10.0626, 0
PixelHit 1295, 1073, 11.6821, 0
PixelHit 1295, 1074, 14.3591, 0
PixelHit 1295, 1075, 11.655, 0
PixelHit 1295, 1076, 33.6117, 0
PixelHit 1295, 1077, 34.6569, 0
PixelHit 1295, 1078, 21.6549, 0
PixelHit 1295, 1079, 15.9209, 0
PixelHit 1295, 1080, 9.002, 0
PixelHit 1295, 1081, 7.32143, 0
PixelHit 1295, 1082, 6.25202, 0
PixelHit 1295, 1083, 0.820814, 0
PixelHit 1296, 1064, 0.81389, 0
PixelHit 1296, 1067, 3.44578, 0
PixelHit 1296, 1068, 3.43448, 0
PixelHit 1296, 1069, 6.91943, 0
PixelHit 1296, 1070, 18.582, 0
PixelHit 1296, 1071, 24.6579, 0
PixelHit 1296, 1072, 38.3545, 0
PixelHit 1296, 1073, 26.7412, 0
PixelHit 1296, 1074, 22.7166, 0
PixelHit 1296, 1075, 24.652, 0
PixelHit 1296, 1076, 28.9184, 0
PixelHit 1296, 1077, 22.0319, 0
PixelHit 1296, 1078, 10.549, 0
PixelHit 1296, 1079, 0.547588, 0
PixelHit 1296, 1081, 0.632781, 0
PixelHit 1297, 1064, 4.61322, 0
PixelHit 1297, 1065, 4.82896, 0
PixelHit 1297, 1066, 4.54239, 0
PixelHit 1297, 1067, 5.1963, 0
PixelHit 1297, 1068, 7.97879, 0
PixelHit 1297, 1069, 13.862, 0
PixelHit 1297, 1070, 22.3796, 0
PixelHit 1297, 1071, 48.9757, 0
PixelHit 1297, 1072, 54.6509, 0
PixelHit 1297, 1073, 41.3154, 0
PixelHit 1297, 1074, 13.8422, 0
PixelHit 1297, 1075, 7.91929, 0
PixelHit 1297, 1076, 4.97918, 0
PixelHit 1297, 1077, 6.75092, 0
PixelHit 1297, 1078, 3.97088, 0
PixelHit 1298, 1063, 1.05013, 0
PixelHit 1298, 1064, 13.4121, 0
PixelHit 1298, 1065, 10.7789, 0
PixelHit 1298, 1066, 13.1187, 0
PixelHit 1298, 1067, 25.2104, 0
PixelHit 1298, 1068, 23.3711, 0
PixelHit 1298, 1069, 17.243, 0
PixelHit 1298, 1070, 14.862, 0
PixelHit 1298, 1071, 25.9548, 0
PixelHit 1298, 1072, 21.2689, 0
PixelHit 1298, 1073, 19.5028, 0
PixelHit 1298, 1074, 9.47724, 0
PixelHit 1298, 1075, 3.12045, 0
PixelHit 1298, 1076, 2.29258, 0
PixelHit 1299, 1064, 15.4189, 0
PixelHit 1299, 1065, 12.1984, 0
PixelHit 1299, 1066, 17.9497, 0
PixelHit 1299, 1067, 22.4735, 0
PixelHit 1299, 1068, 21.9781, 0
PixelHit 1299, 1069, 10.209, 0
PixelHit 1299, 1070, 9.31107, 0
PixelHit 1299, 1071, 14.7317, 0
PixelHit 1299, 1072, 7.33705, 0
PixelHit 1299, 1073, 4.79055, 0
PixelHit 1299, 1074, 1.38739, 0
PixelHit 1300, 1063, 1.5342, 0
PixelHit 1300, 1064, 4.83063, 0
PixelHit 1300, 1065, 17.1273, 0
PixelHit 1300, 1066, 17.7565, 0
PixelHit 1300, 1067, 18.0456, 0
PixelHit 1300, 1068, 6.19839, 0
PixelHit 1300, 1069, 4.54091, 0
PixelHit 1300, 1071, 1.60466, 0
PixelHit 1300, 1072, 0.39958, 0
PixelHit 1301, 1063, 0.268046, 0
PixelHit 1301, 1064, 4.54568, 0
PixelHit 1301, 1065, 6.14552, 0
PixelHit 1301, 1066, 4.48041, 0
PixelHit 1301, 1067, 3.76612, 0
PixelHit 1301, 1068, 1.92396, 0
PixelHit 1302, 1065, 3.31027, 0
PixelHit 1303, 1065, 1.43682, 0
=== 76 ===
=== 77 ===
=== 78 ===
=== 79 ===
=== 80 ===
=== 81 ===
=== 82 ===
=== 83 ===
=== 84 ===
=== 85 ===
=== 86 ===
=== 87 ===
=== 88 ===
=== 89 ===
=== 90 ===
=== 91 ===
=== 92 ===
=== 93 ===
=== 94 ===
=== 95 ===
=== 96 ===
=== 97 ===
=== 98 ===
=== 99 ===
=== 100 ===
# 1102 objects from 4 messages
