# Allpix Squared ASCII data - https://cern.ch/allpix-squared

=== 1 ===
=== 2 ===
=== 3 ===
=== 4 ===
=== 5 ===
=== 6 ===
=== 7 ===
=== 8 ===
=== 9 ===
=== 10 ===
=== 11 ===
=== 12 ===
=== 13 ===
=== 14 ===
=== 15 ===
=== 16 ===
=== 17 ===
=== 18 ===
=== 19 ===
=== 20 ===
=== 21 ===
=== 22 ===
=== 23 ===
=== 24 ===
=== 25 ===
=== 26 ===
=== 27 ===
=== 28 ===
=== 29 ===
=== 30 ===
=== 31 ===
=== 32 ===
=== 33 ===
=== 34 ===
=== 35 ===
=== 36 ===
--- mydetector ---
PixelHit 1261, 976, 17.8049, 0
PixelHit 1261, 977, 29.261, 0
PixelHit 1261, 978, 62.4766, 0
PixelHit 1262, 973, 0.88771, 0
PixelHit 1262, 974, 6.50956, 0
PixelHit 1262, 975, 26.0225, 0
PixelHit 1262, 976, 146.294, 0
PixelHit 1262, 977, 107.827, 0
PixelHit 1262, 978, 6.1458, 0
PixelHit 1263, 971, 4.72137, 0
PixelHit 1263, 972, 4.08162, 0
PixelHit 1263, 973, 27.2965, 0
PixelHit 1263, 974, 40.479, 0
PixelHit 1263, 975, 52.1525, 0
PixelHit 1263, 976, 75.6505, 0
PixelHit 1263, 977, 19.0463, 0
PixelHit 1264, 967, 1.79192, 0
PixelHit 1264, 968, 3.63023, 0
PixelHit 1264, 969, 1.98081, 0
PixelHit 1264, 970, 3.48977, 0
PixelHit 1264, 971, 21.6541, 0
PixelHit 1264, 972, 56.2652, 0
PixelHit 1264, 973, 69.518, 0
PixelHit 1264, 974, 33.1379, 0
PixelHit 1264, 975, 16.1799, 0
PixelHit 1265, 969, 18.868, 0
PixelHit 1265, 970, 20.9847, 0
PixelHit 1265, 971, 39.2911, 0
PixelHit 1265, 972, 60.2823, 0
PixelHit 1265, 973, 36.0013, 0
PixelHit 1265, 974, 11.8491, 0
PixelHit 1266, 965, 2.82579, 0
PixelHit 1266, 966, 6.19677, 0
PixelHit 1266, 967, 17.865, 0
PixelHit 1266, 968, 8.39364, 0
PixelHit 1266, 969, 31.6713, 0
PixelHit 1266, 970, 39.5396, 0
PixelHit 1266, 971, 29.9286, 0
PixelHit 1266, 972, 20.7437, 0
PixelHit 1266, 973, 2.82681, 0
PixelHit 1266, 974, 1.28226, 0
PixelHit 1267, 963, 0.430429, 0
PixelHit 1267, 964, 3.56437, 0
PixelHit 1267, 965, 7.68089, 0
PixelHit 1267, 966, 22.2609, 0
PixelHit 1267, 967, 46.5226, 0
PixelHit 1267, 968, 36.4991, 0
PixelHit 1267, 969, 24.2596, 0
PixelHit 1267, 970, 19.8076, 0
PixelHit 1267, 971, 8.97703, 0
PixelHit 1267, 972, 1.17893, 0
PixelHit 1268, 960, 1.99127, 0
PixelHit 1268, 961, 4.49015, 0
PixelHit 1268, 962, 12.1084, 0
PixelHit 1268, 963, 12.4083, 0
PixelHit 1268, 964, 17.0674, 0
PixelHit 1268, 965, 27.5355, 0
PixelHit 1268, 966, 45.4846, 0
PixelHit 1268, 967, 35.6782, 0
PixelHit 1268, 968, 30.6174, 0
PixelHit 1268, 969, 8.17219, 0
PixelHit 1268, 970, 5.26721, 0
PixelHit 1268, 971, 0.995638, 0
PixelHit 1269, 959, 3.36169, 0
PixelHit 1269, 960, 5.5272, 0
PixelHit 1269, 961, 14.2953, 0
PixelHit 1269, 962, 32.1381, 0
PixelHit 1269, 963, 42.3259, 0
PixelHit 1269, 964, 41.9945, 0
PixelHit 1269, 965, 31.6828, 0
PixelHit 1269, 966, 33.5264, 0
PixelHit 1269, 967, 15.4565, 0
PixelHit 1269, 968, 10.9601, 0
PixelHit 1269, 969, 1.21626, 0
PixelHit 1270, 958, 1.91592, 0
PixelHit 1270, 959, 4.00327, 0
PixelHit 1270, 960, 16.6809, 0
PixelHit 1270, 961, 28.0737, 0
PixelHit 1270, 962, 49.5353, 0
PixelHit 1270, 963, 61.8037, 0
PixelHit 1270, 964, 38.5115, 0
PixelHit 1270, 965, 27.6994, 0
PixelHit 1270, 966, 9.48169, 0
PixelHit 1270, 967, 1.28625, 0
PixelHit 1270, 968, 1.81278, 0
PixelHit 1271, 959, 6.4306, 0
PixelHit 1271, 960, 14.1808, 0
PixelHit 1271, 961, 35.8081, 0
PixelHit 1271, 962, 33.6032, 0
PixelHit 1271, 963, 26.2557, 0
PixelHit 1271, 964, 24.6277, 0
PixelHit 1271, 965, 6.67563, 0
PixelHit 1271, 966, 3.24803, 0
PixelHit 1271, 967, 1.79113, 0
PixelHit 1272, 958, 1.32602, 0
PixelHit 1272, 959, 4.2239, 0
PixelHit 1272, 960, 18.105, 0
PixelHit 1272, 961, 22.9264, 0
PixelHit 1272, 962, 17.9089, 0
PixelHit 1272, 963, 11.4354, 0
PixelHit 1272, 964, 7.508, 0
PixelHit 1272, 966, 1.71661, 0
PixelHit 1273, 959, 3.83998, 0
PixelHit 1273, 960, 12.6851, 0
PixelHit 1273, 961, 7.48559, 0
PixelHit 1273, 962, 6.48367, 0
PixelHit 1273, 963, 2.45524, 0
PixelHit 1274, 958, 1.11954, 0
PixelHit 1274, 959, 1.76516, 0
PixelHit 1274, 960, 2.11016, 0
PixelHit 1274, 961, 3.50358, 0
PixelHit 1292, 973, 0.375934, 0
PixelHit 1292, 974, 2.47636, 0
PixelHit 1292, 975, 7.54013, 0
PixelHit 1292, 976, 82.9249, 0
PixelHit 1292, 977, 41.4402, 0
PixelHit 1292, 978, 2.34599, 0
PixelHit 1293, 972, 1.84277, 0
PixelHit 1293, 973, 9.32038, 0
PixelHit 1293, 974, 15.8043, 0
PixelHit 1293, 975, 59.7795, 0
PixelHit 1293, 976, 212.552, 0
PixelHit 1293, 977, 31.7595, 0
PixelHit 1294, 972, 18.2233, 0
PixelHit 1294, 973, 40.349, 0
PixelHit 1294, 974, 46.1284, 0
PixelHit 1294, 975, 20.5377, 0
PixelHit 1294, 976, 12.0664, 0
PixelHit 1295, 967, 1.13869, 0
PixelHit 1295, 968, 6.4163, 0
PixelHit 1295, 969, 5.75672, 0
PixelHit 1295, 970, 19.9644, 0
PixelHit 1295, 971, 15.5974, 0
PixelHit 1295, 972, 28.7479, 0
PixelHit 1295, 973, 24.7199, 0
PixelHit 1295, 974, 16.3559, 0
PixelHit 1295, 975, 4.21202, 0
PixelHit 1296, 966, 4.16142, 0
PixelHit 1296, 967, 7.18414, 0
PixelHit 1296, 968, 11.8716, 0
PixelHit 1296, 969, 28.3275, 0
PixelHit 1296, 970, 31.2963, 0
PixelHit 1296, 971, 36.0072, 0
PixelHit 1296, 972, 20.1944, 0
PixelHit 1296, 973, 10.4693, 0
PixelHit 1296, 974, 1.40408, 0
PixelHit 1297, 962, 0.948491, 0
PixelHit 1297, 964, 3.1697, 0
PixelHit 1297, 965, 8.34117, 0
PixelHit 1297, 966, 19.0282, 0
PixelHit 1297, 967, 19.7137, 0
PixelHit 1297, 968, 50.8264, 0
PixelHit 1297, 969, 28.243, 0
PixelHit 1297, 970, 22.5526, 0
PixelHit 1297, 971, 16.4511, 0
PixelHit 1297, 972, 2.32966, 0
PixelHit 1298, 961, 1.78287, 0
PixelHit 1298, 962, 5.49477, 0
PixelHit 1298, 963, 11.4523, 0
PixelHit 1298, 964, 15.1654, 0
PixelHit 1298, 965, 12.0911, 0
PixelHit 1298, 966, 55.9215, 0
PixelHit 1298, 967, 67.0933, 0
PixelHit 1298, 968, 45.0633, 0
PixelHit 1298, 969, 18.9477, 0
PixelHit 1298, 970, 13.0992, 0
PixelHit 1298, 971, 2.78883, 0
PixelHit 1299, 958, 1.98396, 0
PixelHit 1299, 959, 2.17071, 0
PixelHit 1299, 960, 3.28789, 0
PixelHit 1299, 961, 8.28121, 0
PixelHit 1299, 962, 18.2109, 0
PixelHit 1299, 963, 25.164, 0
PixelHit 1299, 964, 25.3325, 0
PixelHit 1299, 965, 22.6018, 0
PixelHit 1299, 966, 43.6083, 0
PixelHit 1299, 967, 33.0689, 0
PixelHit 1299, 968, 17.9754, 0
PixelHit 1299, 969, 5.87207, 0
PixelHit 1300, 959, 6.939, 0
PixelHit 1300, 960, 14.6138, 0
PixelHit 1300, 961, 17.3013, 0
PixelHit 1300, 962, 34.5169, 0
PixelHit 1300, 963, 42.9303, 0
PixelHit 1300, 964, 41.4884, 0
PixelHit 1300, 965, 28.9502, 0
PixelHit 1300, 966, 11.4586, 0
PixelHit 1300, 967, 6.6437, 0
PixelHit 1300, 968, 5.75702, 0
PixelHit 1300, 969, 0.204926, 0
PixelHit 1301, 959, 5.13993, 0
PixelHit 1301, 960, 23.3175, 0
PixelHit 1301, 961, 26.6537, 0
PixelHit 1301, 962, 39.5752, 0
PixelHit 1301, 963, 39.9084, 0
PixelHit 1301, 964, 38.3199, 0
PixelHit 1301, 965, 14.768, 0
PixelHit 1301, 966, 9.04559, 0
PixelHit 1301, 967, 3.4964, 0
PixelHit 1301, 968, 0.841519, 0
PixelHit 1302, 958, 4.6316, 0
PixelHit 1302, 959, 13.5926, 0
PixelHit 1302, 960, 31.0972, 0
PixelHit 1302, 961, 36.0257, 0
PixelHit 1302, 962, 23.1408, 0
PixelHit 1302, 963, 11.1018, 0
PixelHit 1302, 964, 10.6434, 0
PixelHit 1302, 965, 5.9052, 0
PixelHit 1303, 958, 1.07544, 0
PixelHit 1303, 959, 2.18217, 0
PixelHit 1303, 960, 10.6788, 0
PixelHit 1303, 961, 14.4531, 0
PixelHit 1303, 962, 7.02058, 0
PixelHit 1303, 964, 3.08772, 0
PixelHit 1303, 967, 0.641005, 0
PixelHit 1304, 959, 3.0698, 0
PixelHit 1304, 960, 4.70937, 0
PixelHit 1304, 961, 8.64817, 0
PixelHit 1304, 962, 2.81409, 0
PixelHit 1304, 963, 3.67169, 0
PixelHit 1305, 963, 1.23648, 0
=== 37 ===
=== 38 ===
=== 39 ===
=== 40 ===
=== 41 ===
=== 42 ===
=== 43 ===
=== 44 ===
=== 45 ===
=== 46 ===
=== 47 ===
=== 48 ===
=== 49 ===
=== 50 ===
=== 51 ===
=== 52 ===
=== 53 ===
=== 54 ===
=== 55 ===
=== 56 ===
=== 57 ===
=== 58 ===
=== 59 ===
--- mydetector ---
PixelHit 1263, 963, 4.02396, 0
PixelHit 1263, 964, 1.66862, 0
PixelHit 1263, 966, 0.91755, 0
PixelHit 1263, 968, 2.78072, 0
PixelHit 1264, 963, 7.22659, 0
PixelHit 1264, 964, 24.2971, 0
PixelHit 1264, 965, 33.2763, 0
PixelHit 1264, 966, 28.4879, 0
PixelHit 1264, 967, 39.6499, 0
PixelHit 1264, 968, 38.7713, 0
PixelHit 1264, 969, 17.5958, 0
PixelHit 1264, 970, 4.2731, 0
PixelHit 1265, 960, 2.62148, 0
PixelHit 1265, 961, 2.60052, 0
PixelHit 1265, 962, 20.4173, 0
PixelHit 1265, 963, 83.6408, 0
PixelHit 1265, 964, 180.905, 0
PixelHit 1265, 965, 202.29, 0
PixelHit 1265, 966, 164.08, 0
PixelHit 1265, 967, 129.879, 0
PixelHit 1265, 968, 131.051, 0
PixelHit 1265, 969, 111.423, 0
PixelHit 1265, 970, 46.2981, 0
PixelHit 1265, 971, 4.45422, 0
PixelHit 1266, 961, 4.023, 0
PixelHit 1266, 962, 82.2724, 0
PixelHit 1266, 963, 389.243, 0
PixelHit 1266, 964, 680.111, 0
PixelHit 1266, 965, 736.937, 0
PixelHit 1266, 966, 482.366, 0
PixelHit 1266, 967, 243.038, 0
PixelHit 1266, 968, 208.857, 0
PixelHit 1266, 969, 212.074, 0
PixelHit 1266, 970, 112.103, 0
PixelHit 1266, 971, 41.1475, 0
PixelHit 1266, 972, 6.50026, 0
PixelHit 1267, 961, 9.33791, 0
PixelHit 1267, 962, 118.191, 0
PixelHit 1267, 963, 564.238, 0
PixelHit 1267, 964, 931.877, 0
PixelHit 1267, 965, 968.684, 0
PixelHit 1267, 966, 601.369, 0
PixelHit 1267, 967, 236.448, 0
PixelHit 1267, 968, 106.476, 0
PixelHit 1267, 969, 142.399, 0
PixelHit 1267, 970, 164.619, 0
PixelHit 1267, 971, 109.013, 0
PixelHit 1267, 972, 43.1082, 0
PixelHit 1267, 973, 4.60454, 0
PixelHit 1268, 961, 9.61429, 0
PixelHit 1268, 962, 79.6819, 0
PixelHit 1268, 963, 290.882, 0
PixelHit 1268, 964, 423.295, 0
PixelHit 1268, 965, 420.973, 0
PixelHit 1268, 966, 309.043, 0
PixelHit 1268, 967, 109.576, 0
PixelHit 1268, 968, 21.9775, 0
PixelHit 1268, 969, 51.4741, 0
PixelHit 1268, 970, 105.853, 0
PixelHit 1268, 971, 225.549, 0
PixelHit 1268, 972, 122.546, 0
PixelHit 1268, 973, 18.9109, 0
PixelHit 1268, 974, 3.26171, 0
PixelHit 1269, 962, 10.6242, 0
PixelHit 1269, 963, 56.9491, 0
PixelHit 1269, 964, 68.5781, 0
PixelHit 1269, 965, 70.3369, 0
PixelHit 1269, 966, 45.167, 0
PixelHit 1269, 967, 16.3474, 0
PixelHit 1269, 968, 4.3761, 0
PixelHit 1269, 969, 5.18106, 0
PixelHit 1269, 970, 40.4312, 0
PixelHit 1269, 971, 189.178, 0
PixelHit 1269, 972, 212.849, 0
PixelHit 1269, 973, 88.8995, 0
PixelHit 1269, 974, 16.0576, 0
PixelHit 1270, 962, 3.10981, 0
PixelHit 1270, 963, 4.83921, 0
PixelHit 1270, 964, 11.9771, 0
PixelHit 1270, 965, 3.25452, 0
PixelHit 1270, 966, 1.73378, 0
PixelHit 1270, 969, 0.693259, 0
PixelHit 1270, 970, 7.53704, 0
PixelHit 1270, 971, 108.355, 0
PixelHit 1270, 972, 229.262, 0
PixelHit 1270, 973, 284.186, 0
PixelHit 1270, 974, 93.4665, 0
PixelHit 1270, 975, 4.06148, 0
PixelHit 1271, 965, 0.71718, 0
PixelHit 1271, 969, 1.42364, 0
PixelHit 1271, 971, 34.3999, 0
PixelHit 1271, 972, 186.521, 0
PixelHit 1271, 973, 277.84, 0
PixelHit 1271, 974, 111.717, 0
PixelHit 1271, 975, 13.3423, 0
PixelHit 1272, 971, 9.22618, 0
PixelHit 1272, 972, 70.5288, 0
PixelHit 1272, 973, 169.731, 0
PixelHit 1272, 974, 111.253, 0
PixelHit 1272, 975, 20.1956, 0
PixelHit 1272, 976, 1.59567, 0
PixelHit 1273, 972, 32.6139, 0
PixelHit 1273, 973, 167.87, 0
PixelHit 1273, 974, 116.68, 0
PixelHit 1273, 975, 23.3909, 0
PixelHit 1274, 972, 18.1553, 0
PixelHit 1274, 973, 132.903, 0
PixelHit 1274, 974, 121.04, 0
PixelHit 1274, 975, 14.4832, 0
PixelHit 1275, 971, 1.59106, 0
PixelHit 1275, 972, 76.279, 0
PixelHit 1275, 973, 279.983, 0
PixelHit 1275, 974, 144.497, 0
PixelHit 1275, 975, 17.7582, 0
PixelHit 1276, 972, 76.0975, 0
PixelHit 1276, 973, 628.914, 0
PixelHit 1276, 974, 540.801, 0
PixelHit 1276, 975, 50.1063, 0
PixelHit 1276, 976, 2.81166, 0
PixelHit 1277, 972, 219.356, 0
PixelHit 1277, 973, 949.011, 0
PixelHit 1277, 974, 537.071, 0
PixelHit 1277, 975, 63.691, 0
PixelHit 1278, 972, 46.6043, 0
PixelHit 1278, 973, 222.789, 0
PixelHit 1278, 974, 48.8378, 0
PixelHit 1278, 975, 2.01247, 0
PixelHit 1279, 972, 10.6647, 0
PixelHit 1279, 973, 87.5996, 0
PixelHit 1279, 974, 18.8728, 0
PixelHit 1279, 975, 1.43196, 0
PixelHit 1280, 972, 3.78471, 0
PixelHit 1280, 973, 153.648, 0
PixelHit 1280, 974, 65.9951, 0
PixelHit 1281, 972, 3.67991, 0
PixelHit 1281, 973, 210.623, 0
PixelHit 1281, 974, 106.882, 0
PixelHit 1281, 975, 1.1622, 0
PixelHit 1282, 972, 4.03361, 0
PixelHit 1282, 973, 103.346, 0
PixelHit 1282, 974, 134.239, 0
PixelHit 1282, 975, 1.58393, 0
PixelHit 1283, 973, 19.2926, 0
PixelHit 1283, 974, 112.326, 0
PixelHit 1283, 975, 30.0932, 0
PixelHit 1284, 973, 6.45555, 0
PixelHit 1284, 974, 110.453, 0
PixelHit 1284, 975, 48.0951, 0
PixelHit 1284, 976, 3.61413, 0
PixelHit 1285, 974, 27.6202, 0
PixelHit 1285, 975, 92.2963, 0
PixelHit 1285, 976, 25.2147, 0
PixelHit 1286, 974, 10.0798, 0
PixelHit 1286, 975, 143.407, 0
PixelHit 1286, 976, 117.85, 0
PixelHit 1286, 977, 17.3302, 0
PixelHit 1286, 979, 70.2209, 0
PixelHit 1286, 980, 149.743, 0
PixelHit 1286, 981, 28.6271, 0
PixelHit 1287, 974, 2.79545, 0
PixelHit 1287, 975, 70.0618, 0
PixelHit 1287, 976, 225.718, 0
PixelHit 1287, 977, 57.09, 0
PixelHit 1287, 978, 36.7096, 0
PixelHit 1287, 979, 114.204, 0
PixelHit 1287, 980, 98.7858, 0
PixelHit 1287, 981, 3.48971, 0
PixelHit 1288, 973, 2.94183, 0
PixelHit 1288, 974, 6.07775, 0
PixelHit 1288, 975, 29.5924, 0
PixelHit 1288, 976, 69.7919, 0
PixelHit 1288, 977, 61.3469, 0
PixelHit 1288, 978, 43.1577, 0
PixelHit 1288, 979, 8.59706, 0
PixelHit 1289, 971, 3.19976, 0
PixelHit 1289, 972, 2.1294, 0
PixelHit 1289, 973, 8.12748, 0
PixelHit 1289, 974, 28.0971, 0
PixelHit 1289, 975, 50.5986, 0
PixelHit 1289, 976, 29.0303, 0
PixelHit 1289, 977, 15.6349, 0
PixelHit 1289, 978, 30.5781, 0
PixelHit 1289, 979, 9.91278, 0
PixelHit 1290, 968, 1.67, 0
PixelHit 1290, 969, 1.42412, 0
PixelHit 1290, 970, 3.29908, 0
PixelHit 1290, 971, 4.53818, 0
PixelHit 1290, 972, 7.2967, 0
PixelHit 1290, 973, 28.2666, 0
PixelHit 1290, 974, 27.6316, 0
PixelHit 1290, 975, 59.3362, 0
PixelHit 1290, 976, 75.5003, 0
PixelHit 1290, 977, 59.1578, 0
PixelHit 1290, 978, 9.80976, 0
PixelHit 1290, 979, 0.894734, 0
PixelHit 1291, 967, 1.04984, 0
PixelHit 1291, 968, 17.8034, 0
PixelHit 1291, 969, 29.617, 0
PixelHit 1291, 970, 24.5396, 0
PixelHit 1291, 971, 23.8182, 0
PixelHit 1291, 972, 21.9491, 0
PixelHit 1291, 973, 43.4497, 0
PixelHit 1291, 974, 47.6561, 0
PixelHit 1291, 975, 77.5842, 0
PixelHit 1291, 976, 94.6939, 0
PixelHit 1291, 977, 30.5056, 0
PixelHit 1291, 978, 1.87046, 0
PixelHit 1292, 963, 1.64903, 0
PixelHit 1292, 965, 4.08483, 0
PixelHit 1292, 966, 10.1283, 0
PixelHit 1292, 967, 7.51639, 0
PixelHit 1292, 968, 49.9585, 0
PixelHit 1292, 969, 77.1422, 0
PixelHit 1292, 970, 64.6021, 0
PixelHit 1292, 971, 40.4767, 0
PixelHit 1292, 972, 21.4632, 0
PixelHit 1292, 973, 18.5417, 0
PixelHit 1292, 974, 39.1319, 0
PixelHit 1292, 975, 34.1264, 0
PixelHit 1292, 976, 12.884, 0
PixelHit 1292, 977, 1.78818, 0
PixelHit 1293, 963, 4.95996, 0
PixelHit 1293, 964, 7.55492, 0
PixelHit 1293, 965, 7.51549, 0
PixelHit 1293, 966, 8.57113, 0
PixelHit 1293, 967, 14.7414, 0
PixelHit 1293, 968, 31.1023, 0
PixelHit 1293, 969, 81.1244, 0
PixelHit 1293, 970, 97.4452, 0
PixelHit 1293, 971, 62.8938, 0
PixelHit 1293, 972, 27.9362, 0
PixelHit 1293, 973, 19.9988, 0
PixelHit 1293, 974, 13.2158, 0
PixelHit 1293, 975, 3.35919, 0
PixelHit 1294, 962, 4.70578, 0
PixelHit 1294, 963, 16.2626, 0
PixelHit 1294, 964, 29.845, 0
PixelHit 1294, 965, 30.4085, 0
PixelHit 1294, 966, 36.4824, 0
PixelHit 1294, 967, 43.4708, 0
PixelHit 1294, 968, 33.6095, 0
PixelHit 1294, 969, 46.9073, 0
PixelHit 1294, 970, 56.7546, 0
PixelHit 1294, 971, 36.6425, 0
PixelHit 1294, 972, 15.2905, 0
PixelHit 1294, 973, 5.40217, 0
PixelHit 1295, 962, 6.28375, 0
PixelHit 1295, 963, 18.8775, 0
PixelHit 1295, 964, 63.4372, 0
PixelHit 1295, 965, 57.981, 0
PixelHit 1295, 966, 78.189, 0
PixelHit 1295, 967, 55.4444, 0
PixelHit 1295, 968, 53.2881, 0
PixelHit 1295, 969, 27.4808, 0
PixelHit 1295, 970, 11.2312, 0
PixelHit 1295, 971, 9.59206, 0
PixelHit 1295, 972, 8.75572, 0
PixelHit 1295, 973, 0.836893, 0
PixelHit 1296, 961, 4.87418, 0
PixelHit 1296, 962, 6.64322, 0
PixelHit 1296, 963, 23.1167, 0
PixelHit 1296, 964, 57.982, 0
PixelHit 1296, 965, 94.6919, 0
PixelHit 1296, 966, 83.2891, 0
PixelHit 1296, 967, 64.5295, 0
PixelHit 1296, 968, 37.7659, 0
PixelHit 1296, 969, 8.72061, 0
PixelHit 1296, 970, 2.70529, 0
PixelHit 1296, 971, 5.10004, 0
PixelHit 1297, 961, 7.1288, 0
PixelHit 1297, 962, 13.2179, 0
PixelHit 1297, 963, 27.3696, 0
PixelHit 1297, 964, 40.3703, 0
PixelHit 1297, 965, 49.774, 0
PixelHit 1297, 966, 50.3926, 0
PixelHit 1297, 967, 40.0554, 0
PixelHit 1297, 968, 16.2889, 0
PixelHit 1297, 969, 5.48601, 0
PixelHit 1297, 970, 2.65885, 0
PixelHit 1298, 960, 5.09244, 0
PixelHit 1298, 961, 11.9835, 0
PixelHit 1298, 962, 15.4544, 0
PixelHit 1298, 963, 25.8642, 0
PixelHit 1298, 964, 27.3039, 0
PixelHit 1298, 965, 21.8042, 0
PixelHit 1298, 966, 14.2392, 0
PixelHit 1298, 967, 17.769, 0
PixelHit 1298, 968, 6.39354, 0
PixelHit 1299, 960, 3.87665, 0
PixelHit 1299, 961, 10.7504, 0
PixelHit 1299, 962, 10.3769, 0
PixelHit 1299, 963, 11.771, 0
PixelHit 1299, 964, 8.14155, 0
PixelHit 1299, 966, 4.87635, 0
PixelHit 1300, 960, 2.56055, 0
PixelHit 1300, 961, 6.87176, 0
PixelHit 1300, 962, 7.24219, 0
PixelHit 1300, 963, 7.32222, 0
PixelHit 1300, 964, 5.03787, 0
PixelHit 1300, 965, 1.37906, 0
PixelHit 1301, 960, 0.930134, 0
PixelHit 1301, 961, 4.38025, 0
PixelHit 1301, 962, 3.68523, 0
PixelHit 1301, 964, 4.91356, 0
PixelHit 1302, 960, 2.97718, 0
=== 60 ===
--- mydetector ---
PixelHit 1251, 1046, 5.80921, 0
PixelHit 1251, 1047, 46.2741, 0
PixelHit 1251, 1048, 14.3878, 0
PixelHit 1252, 1043, 2.7295, 0
PixelHit 1252, 1044, 11.5033, 0
PixelHit 1252, 1045, 207.336, 0
PixelHit 1252, 1046, 255.992, 0
PixelHit 1252, 1047, 129.702, 0
PixelHit 1252, 1048, 21.0397, 0
PixelHit 1253, 1042, 5.14787, 0
PixelHit 1253, 1043, 18.2357, 0
PixelHit 1253, 1044, 66.3783, 0
PixelHit 1253, 1045, 605.594, 0
PixelHit 1253, 1046, 568.477, 0
PixelHit 1253, 1047, 20.6841, 0
PixelHit 1254, 1040, 3.54933, 0
PixelHit 1254, 1041, 1.56712, 0
PixelHit 1254, 1042, 14.8802, 0
PixelHit 1254, 1043, 47.875, 0
PixelHit 1254, 1044, 70.1684, 0
PixelHit 1254, 1045, 55.2979, 0
PixelHit 1254, 1046, 35.6661, 0
PixelHit 1255, 1037, 0.494388, 0
PixelHit 1255, 1038, 1.48598, 0
PixelHit 1255, 1039, 9.7107, 0
PixelHit 1255, 1040, 16.2117, 0
PixelHit 1255, 1041, 13.9094, 0
PixelHit 1255, 1042, 9.25739, 0
PixelHit 1255, 1043, 8.89987, 0
PixelHit 1255, 1044, 7.79447, 0
PixelHit 1256, 1035, 4.18383, 0
PixelHit 1256, 1036, 7.0427, 0
PixelHit 1256, 1037, 14.3853, 0
PixelHit 1256, 1038, 14.0888, 0
PixelHit 1256, 1039, 11.3905, 0
PixelHit 1256, 1040, 14.223, 0
PixelHit 1256, 1041, 16.3269, 0
PixelHit 1256, 1042, 4.45227, 0
PixelHit 1257, 1031, 0.862643, 0
PixelHit 1257, 1034, 3.02348, 0
PixelHit 1257, 1035, 12.948, 0
PixelHit 1257, 1036, 26.8898, 0
PixelHit 1257, 1037, 32.009, 0
PixelHit 1257, 1038, 19.4008, 0
PixelHit 1257, 1039, 17.7595, 0
PixelHit 1257, 1040, 18.8657, 0
PixelHit 1257, 1041, 5.71742, 0
PixelHit 1257, 1042, 2.30678, 0
PixelHit 1258, 1031, 1.80776, 0
PixelHit 1258, 1032, 9.63039, 0
PixelHit 1258, 1033, 9.50634, 0
PixelHit 1258, 1034, 20.4878, 0
PixelHit 1258, 1035, 35.1281, 0
PixelHit 1258, 1036, 39.1783, 0
PixelHit 1258, 1037, 54.4806, 0
PixelHit 1258, 1038, 30.0164, 0
PixelHit 1258, 1039, 6.28454, 0
PixelHit 1258, 1040, 2.76841, 0
PixelHit 1259, 1031, 13.339, 0
PixelHit 1259, 1032, 12.2034, 0
PixelHit 1259, 1033, 20.3628, 0
PixelHit 1259, 1034, 16.102, 0
PixelHit 1259, 1035, 26.3955, 0
PixelHit 1259, 1036, 29.0102, 0
PixelHit 1259, 1037, 26.6491, 0
PixelHit 1259, 1038, 5.85494, 0
PixelHit 1259, 1039, 2.24668, 0
PixelHit 1260, 1028, 2.07003, 0
PixelHit 1260, 1029, 3.69423, 0
PixelHit 1260, 1030, 8.52726, 0
PixelHit 1260, 1031, 14.8333, 0
PixelHit 1260, 1032, 32.2611, 0
PixelHit 1260, 1033, 24.7828, 0
PixelHit 1260, 1034, 15.3397, 0
PixelHit 1260, 1035, 11.7226, 0
PixelHit 1260, 1036, 9.7933, 0
PixelHit 1260, 1037, 2.11833, 0
PixelHit 1261, 1028, 3.77949, 0
PixelHit 1261, 1029, 2.85984, 0
PixelHit 1261, 1030, 3.81666, 0
PixelHit 1261, 1031, 26.3542, 0
PixelHit 1261, 1032, 24.4827, 0
PixelHit 1261, 1033, 34.3476, 0
PixelHit 1261, 1034, 4.80336, 0
PixelHit 1262, 1027, 2.71069, 0
PixelHit 1262, 1028, 5.41992, 0
PixelHit 1262, 1029, 5.20549, 0
PixelHit 1262, 1030, 11.775, 0
PixelHit 1262, 1031, 8.27289, 0
PixelHit 1262, 1032, 11.2526, 0
PixelHit 1262, 1033, 7.86507, 0
PixelHit 1262, 1034, 0.446194, 0
PixelHit 1262, 1035, 2.93192, 0
PixelHit 1263, 1029, 5.10943, 0
PixelHit 1263, 1030, 7.93939, 0
PixelHit 1263, 1031, 6.70617, 0
PixelHit 1263, 1033, 4.65297, 0
PixelHit 1264, 1028, 3.73159, 0
PixelHit 1292, 981, 2.69451, 0
PixelHit 1292, 982, 7.20216, 0
PixelHit 1293, 978, 1.33136, 0
PixelHit 1293, 979, 6.6143, 0
PixelHit 1293, 980, 34.3211, 0
PixelHit 1293, 981, 63.1935, 0
PixelHit 1293, 982, 26.1102, 0
PixelHit 1294, 975, 3.83009, 0
PixelHit 1294, 976, 5.48567, 0
PixelHit 1294, 977, 6.34221, 0
PixelHit 1294, 978, 22.4493, 0
PixelHit 1294, 979, 70.0968, 0
PixelHit 1294, 980, 35.2897, 0
PixelHit 1294, 981, 12.9938, 0
PixelHit 1294, 982, 1.73715, 0
PixelHit 1295, 972, 1.85017, 0
PixelHit 1295, 973, 1.4707, 0
PixelHit 1295, 974, 1.72454, 0
PixelHit 1295, 975, 18.4072, 0
PixelHit 1295, 976, 29.2271, 0
PixelHit 1295, 977, 37.8371, 0
PixelHit 1295, 978, 16.1359, 0
PixelHit 1295, 979, 24.381, 0
PixelHit 1295, 980, 5.09898, 0
PixelHit 1296, 973, 6.79475, 0
PixelHit 1296, 974, 42.015, 0
PixelHit 1296, 975, 75.4599, 0
PixelHit 1296, 976, 49.8968, 0
PixelHit 1296, 977, 25.6386, 0
PixelHit 1296, 978, 3.87201, 0
PixelHit 1296, 979, 0.531414, 0
PixelHit 1297, 969, 2.46746, 0
PixelHit 1297, 970, 11.5357, 0
PixelHit 1297, 971, 10.6289, 0
PixelHit 1297, 972, 25.1105, 0
PixelHit 1297, 973, 32.0027, 0
PixelHit 1297, 974, 63.0576, 0
PixelHit 1297, 975, 69.6753, 0
PixelHit 1297, 976, 24.5439, 0
PixelHit 1298, 967, 0.80087, 0
PixelHit 1298, 969, 8.03576, 0
PixelHit 1298, 970, 16.2452, 0
PixelHit 1298, 971, 31.2818, 0
PixelHit 1298, 972, 32.105, 0
PixelHit 1298, 973, 22.2985, 0
PixelHit 1298, 974, 32.205, 0
PixelHit 1298, 975, 21.6546, 0
PixelHit 1298, 976, 5.53207, 0
PixelHit 1299, 965, 4.87038, 0
PixelHit 1299, 966, 2.82207, 0
PixelHit 1299, 967, 4.28312, 0
PixelHit 1299, 968, 3.10811, 0
PixelHit 1299, 969, 19.7298, 0
PixelHit 1299, 970, 24.7852, 0
PixelHit 1299, 971, 45.6924, 0
PixelHit 1299, 972, 32.9162, 0
PixelHit 1299, 973, 11.9852, 0
PixelHit 1299, 974, 6.13724, 0
PixelHit 1299, 975, 1.68245, 0
PixelHit 1300, 963, 2.70845, 0
PixelHit 1300, 964, 5.7193, 0
PixelHit 1300, 965, 10.6678, 0
PixelHit 1300, 966, 15.5572, 0
PixelHit 1300, 967, 11.0867, 0
PixelHit 1300, 968, 7.29653, 0
PixelHit 1300, 969, 23.9105, 0
PixelHit 1300, 970, 21.7374, 0
PixelHit 1300, 971, 24.6233, 0
PixelHit 1300, 972, 12.3908, 0
PixelHit 1300, 973, 0.576214, 0
PixelHit 1301, 962, 1.02271, 0
PixelHit 1301, 963, 2.25161, 0
PixelHit 1301, 964, 8.02211, 0
PixelHit 1301, 965, 15.8194, 0
PixelHit 1301, 966, 31.9031, 0
PixelHit 1301, 967, 21.6445, 0
PixelHit 1301, 968, 14.0136, 0
PixelHit 1301, 969, 11.3236, 0
PixelHit 1301, 970, 12.7587, 0
PixelHit 1301, 971, 1.88185, 0
PixelHit 1301, 972, 2.51721, 0
PixelHit 1302, 962, 1.39061, 0
PixelHit 1302, 963, 11.5513, 0
PixelHit 1302, 964, 11.4127, 0
PixelHit 1302, 965, 22.8924, 0
PixelHit 1302, 966, 37.9693, 0
PixelHit 1302, 967, 25.579, 0
PixelHit 1302, 968, 9.20242, 0
PixelHit 1302, 969, 2.34164, 0
PixelHit 1302, 970, 0.766979, 0
PixelHit 1303, 962, 4.47525, 0
PixelHit 1303, 963, 11.6561, 0
PixelHit 1303, 964, 10.0955, 0
PixelHit 1303, 965, 16.4225, 0
PixelHit 1303, 966, 18.7482, 0
PixelHit 1303, 967, 7.64622, 0
PixelHit 1303, 968, 3.01148, 0
PixelHit 1304, 963, 1.81223, 0
PixelHit 1304, 964, 4.80544, 0
PixelHit 1304, 965, 10.45, 0
PixelHit 1304, 966, 3.79978, 0
PixelHit 1304, 967, 3.23673, 0
PixelHit 1304, 968, 1.86272, 0
PixelHit 1305, 962, 1.64116, 0
PixelHit 1305, 963, 3.01515, 0
PixelHit 1305, 964, 3.03054, 0
PixelHit 1305, 966, -0.0855216, 0
PixelHit 1306, 963, 1.53101, 0
=== 61 ===
=== 62 ===
=== 63 ===
=== 64 ===
=== 65 ===
=== 66 ===
=== 67 ===
=== 68 ===
=== 69 ===
=== 70 ===
=== 71 ===
=== 72 ===
=== 73 ===
=== 74 ===
=== 75 ===
=== 76 ===
=== 77 ===
=== 78 ===
=== 79 ===
=== 80 ===
=== 81 ===
=== 82 ===
=== 83 ===
=== 84 ===
=== 85 ===
=== 86 ===
=== 87 ===
=== 88 ===
=== 89 ===
=== 90 ===
=== 91 ===
=== 92 ===
=== 93 ===
=== 94 ===
=== 95 ===
=== 96 ===
=== 97 ===
=== 98 ===
=== 99 ===
=== 100 ===
# 732 objects from 3 messages
