# Allpix Squared ASCII data - https://cern.ch/allpix-squared

=== 1 ===
=== 2 ===
=== 3 ===
=== 4 ===
=== 5 ===
=== 6 ===
=== 7 ===
=== 8 ===
=== 9 ===
=== 10 ===
=== 11 ===
=== 12 ===
=== 13 ===
=== 14 ===
=== 15 ===
=== 16 ===
=== 17 ===
=== 18 ===
=== 19 ===
=== 20 ===
=== 21 ===
=== 22 ===
=== 23 ===
=== 24 ===
=== 25 ===
=== 26 ===
=== 27 ===
=== 28 ===
=== 29 ===
=== 30 ===
--- mydetector ---
PixelHit 1137, 1045, 8.37907, 0
PixelHit 1137, 1046, 51.6558, 0
PixelHit 1137, 1047, 112.142, 0
PixelHit 1137, 1048, 0.892318, 0
PixelHit 1138, 1040, 3.65926, 0
PixelHit 1138, 1041, 2.57208, 0
PixelHit 1138, 1042, 4.21571, 0
PixelHit 1138, 1043, 24.1115, 0
PixelHit 1138, 1044, 14.9914, 0
PixelHit 1138, 1045, 23.1553, 0
PixelHit 1138, 1046, 54.2474, 0
PixelHit 1138, 1047, 10.199, 0
PixelHit 1139, 1037, 1.79727, 0
PixelHit 1139, 1039, 2.58849, 0
PixelHit 1139, 1040, 14.8786, 0
PixelHit 1139, 1041, 41.3037, 0
PixelHit 1139, 1042, 20.273, 0
PixelHit 1139, 1043, 40.3308, 0
PixelHit 1139, 1044, 7.39033, 0
PixelHit 1140, 1034, 7.38622, 0
PixelHit 1140, 1036, 3.40335, 0
PixelHit 1140, 1037, 3.75916, 0
PixelHit 1140, 1038, 12.4082, 0
PixelHit 1140, 1039, 4.60953, 0
PixelHit 1140, 1040, 47.9859, 0
PixelHit 1140, 1041, 26.4502, 0
PixelHit 1140, 1042, 6.942, 0
PixelHit 1140, 1043, 1.93058, 0
PixelHit 1141, 1030, 3.61666, 0
PixelHit 1141, 1033, 1.94681, 0
PixelHit 1141, 1034, 11.0539, 0
PixelHit 1141, 1035, 37.8385, 0
PixelHit 1141, 1036, 36.9246, 0
PixelHit 1141, 1037, 18.6017, 0
PixelHit 1141, 1038, 9.0628, 0
PixelHit 1141, 1039, 7.09981, 0
PixelHit 1141, 1040, 2.3451, 0
PixelHit 1142, 1029, 5.21967, 0
PixelHit 1142, 1030, 6.05661, 0
PixelHit 1142, 1031, 9.38999, 0
PixelHit 1142, 1032, 9.09342, 0
PixelHit 1142, 1033, 5.77015, 0
PixelHit 1142, 1034, 18.8779, 0
PixelHit 1142, 1035, 40.0634, 0
PixelHit 1142, 1036, 30.969, 0
PixelHit 1142, 1037, 6.29508, 0
PixelHit 1142, 1038, 3.70596, 0
PixelHit 1143, 1026, -0.347738, 0
PixelHit 1143, 1027, 2.69048, 0
PixelHit 1143, 1028, 3.60917, 0
PixelHit 1143, 1029, 17.9021, 0
PixelHit 1143, 1030, 29.8471, 0
PixelHit 1143, 1031, 46.5304, 0
PixelHit 1143, 1032, 28.5908, 0
PixelHit 1143, 1033, 5.89606, 0
PixelHit 1143, 1034, 6.76112, 0
PixelHit 1143, 1035, 8.20007, 0
PixelHit 1143, 1036, 2.24624, 0
PixelHit 1143, 1037, 1.49998, 0
PixelHit 1144, 1021, 0.258263, 0
PixelHit 1144, 1022, 4.65462, 0
PixelHit 1144, 1023, 4.41911, 0
PixelHit 1144, 1024, 4.5003, 0
PixelHit 1144, 1025, 8.64086, 0
PixelHit 1144, 1026, 15.3032, 0
PixelHit 1144, 1027, 6.4421, 0
PixelHit 1144, 1028, 23.4733, 0
PixelHit 1144, 1029, 49.6789, 0
PixelHit 1144, 1030, 35.0393, 0
PixelHit 1144, 1031, 31.41, 0
PixelHit 1144, 1032, 9.79245, 0
PixelHit 1144, 1033, 7.41707, 0
PixelHit 1145, 1020, 11.8921, 0
PixelHit 1145, 1021, 30.6696, 0
PixelHit 1145, 1022, 51.2137, 0
PixelHit 1145, 1023, 26.8294, 0
PixelHit 1145, 1024, 18.0635, 0
PixelHit 1145, 1025, 42.3117, 0
PixelHit 1145, 1026, 32.5436, 0
PixelHit 1145, 1027, 14.5784, 0
PixelHit 1145, 1028, 14.1389, 0
PixelHit 1145, 1029, 17.2581, 0
PixelHit 1145, 1030, 11.8199, 0
PixelHit 1145, 1031, 3.32721, 0
PixelHit 1145, 1032, 2.74587, 0
PixelHit 1146, 1017, 4.07955, 0
PixelHit 1146, 1018, 3.23848, 0
PixelHit 1146, 1019, 7.44189, 0
PixelHit 1146, 1020, 27.8823, 0
PixelHit 1146, 1021, 171.177, 0
PixelHit 1146, 1022, 160.034, 0
PixelHit 1146, 1023, 115.912, 0
PixelHit 1146, 1024, 48.0108, 0
PixelHit 1146, 1025, 26.043, 0
PixelHit 1146, 1026, 23.6455, 0
PixelHit 1146, 1027, 6.2448, 0
PixelHit 1146, 1028, 6.95735, 0
PixelHit 1146, 1029, 3.46558, 0
PixelHit 1147, 1015, 1.29589, 0
PixelHit 1147, 1016, 4.03277, 0
PixelHit 1147, 1017, 11.4758, 0
PixelHit 1147, 1018, 9.44071, 0
PixelHit 1147, 1019, 28.0187, 0
PixelHit 1147, 1020, 69.1813, 0
PixelHit 1147, 1021, 212.995, 0
PixelHit 1147, 1022, 307.396, 0
PixelHit 1147, 1023, 145.951, 0
PixelHit 1147, 1024, 27.6755, 0
PixelHit 1147, 1025, 17.6926, 0
PixelHit 1147, 1026, 5.2755, 0
PixelHit 1147, 1027, 1.63694, 0
PixelHit 1148, 1008, 1.17497, 0
PixelHit 1148, 1009, 1.09261, 0
PixelHit 1148, 1010, 1.50142, 0
PixelHit 1148, 1013, 4.48533, 0
PixelHit 1148, 1014, 1.40718, 0
PixelHit 1148, 1015, 7.05379, 0
PixelHit 1148, 1016, 7.48602, 0
PixelHit 1148, 1017, 21.0411, 0
PixelHit 1148, 1018, 19.4265, 0
PixelHit 1148, 1019, 29.6872, 0
PixelHit 1148, 1020, 45.1139, 0
PixelHit 1148, 1021, 117.916, 0
PixelHit 1148, 1022, 162.536, 0
PixelHit 1148, 1023, 68.3451, 0
PixelHit 1148, 1024, 17.9156, 0
PixelHit 1148, 1025, 4.35032, 0
PixelHit 1149, 1007, 2.65152, 0
PixelHit 1149, 1008, 3.56996, 0
PixelHit 1149, 1009, 6.17704, 0
PixelHit 1149, 1010, 12.1549, 0
PixelHit 1149, 1011, 19.7041, 0
PixelHit 1149, 1012, 20.0593, 0
PixelHit 1149, 1013, 15.4909, 0
PixelHit 1149, 1014, 15.8266, 0
PixelHit 1149, 1015, 16.5454, 0
PixelHit 1149, 1016, 14.4161, 0
PixelHit 1149, 1017, 15.0869, 0
PixelHit 1149, 1018, 12.0671, 0
PixelHit 1149, 1019, 19.208, 0
PixelHit 1149, 1020, 13.6633, 0
PixelHit 1149, 1021, 30.4451, 0
PixelHit 1149, 1022, 31.3372, 0
PixelHit 1149, 1023, 12.0555, 0
PixelHit 1149, 1024, 2.8225, 0
PixelHit 1150, 1006, 2.00601, 0
PixelHit 1150, 1007, 2.55832, 0
PixelHit 1150, 1008, 7.67978, 0
PixelHit 1150, 1009, 26.0747, 0
PixelHit 1150, 1010, 51.7494, 0
PixelHit 1150, 1011, 56.113, 0
PixelHit 1150, 1012, 29.5894, 0
PixelHit 1150, 1013, 23.7817, 0
PixelHit 1150, 1014, 17.4599, 0
PixelHit 1150, 1015, 10.6996, 0
PixelHit 1150, 1016, 9.31423, 0
PixelHit 1150, 1017, 8.47694, 0
PixelHit 1150, 1018, 3.76127, 0
PixelHit 1150, 1019, 9.0323, 0
PixelHit 1150, 1020, 0.247451, 0
PixelHit 1150, 1021, 2.06632, 0
PixelHit 1150, 1022, 3.21596, 0
PixelHit 1150, 1023, 0.903652, 0
PixelHit 1151, 1004, 3.32248, 0
PixelHit 1151, 1005, 1.46311, 0
PixelHit 1151, 1006, 8.23371, 0
PixelHit 1151, 1007, 18.3041, 0
PixelHit 1151, 1008, 36.1153, 0
PixelHit 1151, 1009, 75.2141, 0
PixelHit 1151, 1010, 113.291, 0
PixelHit 1151, 1011, 86.2048, 0
PixelHit 1151, 1012, 41.1077, 0
PixelHit 1151, 1013, 21.7724, 0
PixelHit 1151, 1014, 11.7254, 0
PixelHit 1151, 1015, 7.35208, 0
PixelHit 1151, 1016, 7.28498, 0
PixelHit 1151, 1017, 1.29866, 0
PixelHit 1152, 1001, 1.31029, 0
PixelHit 1152, 1003, 3.14434, 0
PixelHit 1152, 1004, 10.1913, 0
PixelHit 1152, 1005, 23.623, 0
PixelHit 1152, 1006, 28.2674, 0
PixelHit 1152, 1007, 26.9244, 0
PixelHit 1152, 1008, 41.7626, 0
PixelHit 1152, 1009, 58.4409, 0
PixelHit 1152, 1010, 84.9048, 0
PixelHit 1152, 1011, 62.2228, 0
PixelHit 1152, 1012, 36.5358, 0
PixelHit 1152, 1013, 6.91199, 0
PixelHit 1152, 1014, 3.9158, 0
PixelHit 1153, 1000, 2.71649, 0
PixelHit 1153, 1001, 3.56045, 0
PixelHit 1153, 1002, 12.0911, 0
PixelHit 1153, 1003, 6.82372, 0
PixelHit 1153, 1004, 17.0949, 0
PixelHit 1153, 1005, 22.5315, 0
PixelHit 1153, 1006, 28.1913, 0
PixelHit 1153, 1007, 35.1368, 0
PixelHit 1153, 1008, 28.3749, 0
PixelHit 1153, 1009, 25.4896, 0
PixelHit 1153, 1010, 49.1401, 0
PixelHit 1153, 1011, 22.7372, 0
PixelHit 1153, 1012, 8.57602, 0
PixelHit 1153, 1013, 5.3573, 0
PixelHit 1154, 1001, 3.38945, 0
PixelHit 1154, 1002, 5.08142, 0
PixelHit 1154, 1003, 12.065, 0
PixelHit 1154, 1004, 21.2322, 0
PixelHit 1154, 1005, 18.1194, 0
PixelHit 1154, 1006, 11.7045, 0
PixelHit 1154, 1007, 18.2365, 0
PixelHit 1154, 1008, 8.01364, 0
PixelHit 1154, 1009, 10.0386, 0
PixelHit 1154, 1010, 4.51053, 0
PixelHit 1155, 1000, 0.912976, 0
PixelHit 1155, 1002, 2.75471, 0
PixelHit 1155, 1003, 9.55194, 0
PixelHit 1155, 1004, 6.5167, 0
PixelHit 1155, 1005, 8.8664, 0
PixelHit 1155, 1006, 6.74794, 0
PixelHit 1155, 1007, 9.06789, 0
PixelHit 1155, 1008, 0.919381, 0
PixelHit 1156, 1002, 4.43944, 0
PixelHit 1156, 1003, 2.095, 0
PixelHit 1156, 1004, 1.81826, 0
PixelHit 1156, 1005, 2.52453, 0
PixelHit 1157, 1005, 1.35823, 0
PixelHit 1301, 1043, 0.573511, 0
PixelHit 1301, 1044, 6.89437, 0
PixelHit 1301, 1045, 35.9012, 0
PixelHit 1301, 1046, 44.6843, 0
PixelHit 1301, 1047, 3.56278, 0
PixelHit 1301, 1048, 1.03366, 0
PixelHit 1302, 1038, 2.17359, 0
PixelHit 1302, 1039, 1.37516, 0
PixelHit 1302, 1040, 18.9784, 0
PixelHit 1302, 1041, 19.548, 0
PixelHit 1302, 1042, 11.6089, 0
PixelHit 1302, 1043, 22.5004, 0
PixelHit 1302, 1044, 24.786, 0
PixelHit 1302, 1045, 10.7263, 0
PixelHit 1302, 1046, 3.15127, 0
PixelHit 1303, 1035, 2.50863, 0
PixelHit 1303, 1036, 3.2955, 0
PixelHit 1303, 1037, 5.05107, 0
PixelHit 1303, 1038, 16.6065, 0
PixelHit 1303, 1039, 26.9615, 0
PixelHit 1303, 1040, 49.162, 0
PixelHit 1303, 1041, 64.2741, 0
PixelHit 1303, 1042, 32.9899, 0
PixelHit 1303, 1043, 8.83211, 0
PixelHit 1304, 1031, 2.27099, 0
PixelHit 1304, 1035, 8.47272, 0
PixelHit 1304, 1036, 26.3179, 0
PixelHit 1304, 1037, 54.7157, 0
PixelHit 1304, 1038, 41.6255, 0
PixelHit 1304, 1039, 36.1728, 0
PixelHit 1304, 1040, 18.4096, 0
PixelHit 1304, 1041, 11.5841, 0
PixelHit 1305, 1029, 1.90969, 0
PixelHit 1305, 1030, 10.2175, 0
PixelHit 1305, 1031, 4.07999, 0
PixelHit 1305, 1032, 3.63652, 0
PixelHit 1305, 1033, 4.94363, 0
PixelHit 1305, 1034, 6.30859, 0
PixelHit 1305, 1035, 18.1293, 0
PixelHit 1305, 1036, 17.6419, 0
PixelHit 1305, 1037, 36.1903, 0
PixelHit 1305, 1038, 12.4017, 0
PixelHit 1305, 1039, 3.50983, 0
PixelHit 1306, 1027, 3.17863, 0
PixelHit 1306, 1028, 3.05916, 0
PixelHit 1306, 1029, 24.6979, 0
PixelHit 1306, 1030, 38.5802, 0
PixelHit 1306, 1031, 39.953, 0
PixelHit 1306, 1032, 24.2705, 0
PixelHit 1306, 1033, 6.45965, 0
PixelHit 1306, 1034, 6.0596, 0
PixelHit 1306, 1035, 5.98377, 0
PixelHit 1306, 1036, 4.4211, 0
PixelHit 1306, 1037, 2.05313, 0
PixelHit 1307, 1023, 1.6969, 0
PixelHit 1307, 1025, 1.12089, 0
PixelHit 1307, 1026, 5.20518, 0
PixelHit 1307, 1027, 14.2614, 0
PixelHit 1307, 1028, 30.9621, 0
PixelHit 1307, 1029, 51.5934, 0
PixelHit 1307, 1030, 64.9865, 0
PixelHit 1307, 1031, 47.3718, 0
PixelHit 1307, 1032, 6.99517, 0
PixelHit 1307, 1033, 2.8068, 0
PixelHit 1308, 1020, 2.06535, 0
PixelHit 1308, 1021, 3.45858, 0
PixelHit 1308, 1022, 1.38336, 0
PixelHit 1308, 1023, 3.762, 0
PixelHit 1308, 1024, 4.55367, 0
PixelHit 1308, 1025, 8.50419, 0
PixelHit 1308, 1026, 13.1557, 0
PixelHit 1308, 1027, 12.1388, 0
PixelHit 1308, 1028, 14.5396, 0
PixelHit 1308, 1029, 32.6457, 0
PixelHit 1308, 1030, 33.8593, 0
PixelHit 1308, 1031, 11.7909, 0
PixelHit 1308, 1032, 3.15001, 0
PixelHit 1309, 1015, 2.56613, 0
PixelHit 1309, 1018, 4.67192, 0
PixelHit 1309, 1019, 8.00262, 0
PixelHit 1309, 1020, 6.61694, 0
PixelHit 1309, 1021, 13.8995, 0
PixelHit 1309, 1022, 10.7545, 0
PixelHit 1309, 1023, 15.7597, 0
PixelHit 1309, 1024, 8.93796, 0
PixelHit 1309, 1025, 8.71467, 0
PixelHit 1309, 1026, 13.0358, 0
PixelHit 1309, 1027, 5.44762, 0
PixelHit 1309, 1028, 7.06532, 0
PixelHit 1309, 1029, 8.16781, 0
PixelHit 1309, 1030, 1.6719, 0
PixelHit 1310, 1016, 0.55217, 0
PixelHit 1310, 1017, 7.44289, 0
PixelHit 1310, 1018, 17.9001, 0
PixelHit 1310, 1019, 27.7783, 0
PixelHit 1310, 1020, 21.2971, 0
PixelHit 1310, 1021, 27.3958, 0
PixelHit 1310, 1022, 16.4429, 0
PixelHit 1310, 1023, 12.3472, 0
PixelHit 1310, 1024, 1.71784, 0
PixelHit 1310, 1025, 3.07683, 0
PixelHit 1310, 1026, 1.88198, 0
PixelHit 1310, 1027, 1.17258, 0
PixelHit 1311, 1008, 1.969, 0
PixelHit 1311, 1012, 4.8619, 0
PixelHit 1311, 1013, 5.20715, 0
PixelHit 1311, 1014, 3.01719, 0
PixelHit 1311, 1015, 3.81074, 0
PixelHit 1311, 1016, 6.82528, 0
PixelHit 1311, 1017, 9.01834, 0
PixelHit 1311, 1018, 24.1115, 0
PixelHit 1311, 1019, 28.8193, 0
PixelHit 1311, 1020, 21.4108, 0
PixelHit 1311, 1021, 10.6171, 0
PixelHit 1311, 1022, 10.935, 0
PixelHit 1311, 1023, 6.4509, 0
PixelHit 1311, 1025, 2.50023, 0
PixelHit 1312, 1005, 0.788471, 0
PixelHit 1312, 1006, 1.14623, 0
PixelHit 1312, 1008, 1.75502, 0
PixelHit 1312, 1009, 2.9633, 0
PixelHit 1312, 1010, 2.49422, 0
PixelHit 1312, 1011, 5.04841, 0
PixelHit 1312, 1012, 9.76822, 0
PixelHit 1312, 1013, 10.95, 0
PixelHit 1312, 1014, 9.91646, 0
PixelHit 1312, 1015, 11.7375, 0
PixelHit 1312, 1016, 9.05813, 0
PixelHit 1312, 1017, 10.7778, 0
PixelHit 1312, 1018, 19.4667, 0
PixelHit 1312, 1019, 20.7042, 0
PixelHit 1312, 1020, 11.1142, 0
PixelHit 1312, 1021, 1.69815, 0
PixelHit 1312, 1022, 1.72395, 0
PixelHit 1313, 1002, -0.0610456, 0
PixelHit 1313, 1003, 1.71893, 0
PixelHit 1313, 1006, 3.05502, 0
PixelHit 1313, 1007, 5.24721, 0
PixelHit 1313, 1008, 8.16704, 0
PixelHit 1313, 1009, 6.19945, 0
PixelHit 1313, 1010, 22.1667, 0
PixelHit 1313, 1011, 20.5869, 0
PixelHit 1313, 1012, 12.4918, 0
PixelHit 1313, 1013, 16.6222, 0
PixelHit 1313, 1014, 24.661, 0
PixelHit 1313, 1015, 11.9979, 0
PixelHit 1313, 1016, 5.8322, 0
PixelHit 1313, 1017, 4.35528, 0
PixelHit 1313, 1018, 1.69277, 0
PixelHit 1313, 1019, 0.970322, 0
PixelHit 1314, 1000, 0.80294, 0
PixelHit 1314, 1001, 1.1845, 0
PixelHit 1314, 1002, 2.06378, 0
PixelHit 1314, 1003, 3.21567, 0
PixelHit 1314, 1004, 9.20456, 0
PixelHit 1314, 1005, 1.73397, 0
PixelHit 1314, 1006, 9.23417, 0
PixelHit 1314, 1007, 10.1465, 0
PixelHit 1314, 1008, 18.5416, 0
PixelHit 1314, 1009, 13.7732, 0
PixelHit 1314, 1010, 8.36742, 0
PixelHit 1314, 1011, 8.39494, 0
PixelHit 1314, 1012, 14.8807, 0
PixelHit 1314, 1013, 10.1391, 0
PixelHit 1314, 1014, 9.01513, 0
PixelHit 1314, 1015, 8.1471, 0
PixelHit 1314, 1016, 3.62021, 0
PixelHit 1315, 1001, 4.1878, 0
PixelHit 1315, 1002, 11.2829, 0
PixelHit 1315, 1003, 19.1261, 0
PixelHit 1315, 1004, 31.2985, 0
PixelHit 1315, 1005, 27.203, 0
PixelHit 1315, 1006, 21.0241, 0
PixelHit 1315, 1007, 17.6577, 0
PixelHit 1315, 1008, 15.8476, 0
PixelHit 1315, 1009, 11.608, 0
PixelHit 1315, 1010, 11.9837, 0
PixelHit 1315, 1011, 7.14494, 0
PixelHit 1315, 1012, 6.96585, 0
PixelHit 1315, 1013, 3.34078, 0
PixelHit 1315, 1014, 2.28757, 0
PixelHit 1315, 1015, 2.31999, 0
PixelHit 1315, 1016, 0.683831, 0
PixelHit 1316, 1000, 3.05939, 0
PixelHit 1316, 1001, 11.9059, 0
PixelHit 1316, 1002, 26.6795, 0
PixelHit 1316, 1003, 43.1472, 0
PixelHit 1316, 1004, 51.9685, 0
PixelHit 1316, 1005, 29.7079, 0
PixelHit 1316, 1006, 22.8572, 0
PixelHit 1316, 1007, 10.2138, 0
PixelHit 1316, 1008, 9.04111, 0
PixelHit 1316, 1009, 4.56765, 0
PixelHit 1316, 1010, 1.30874, 0
PixelHit 1316, 1013, 2.60376, 0
PixelHit 1317, 1000, 6.90819, 0
PixelHit 1317, 1001, 10.3804, 0
PixelHit 1317, 1002, 31.757, 0
PixelHit 1317, 1003, 43.8355, 0
PixelHit 1317, 1004, 36.8106, 0
PixelHit 1317, 1005, 30.0758, 0
PixelHit 1317, 1006, 10.7777, 0
PixelHit 1317, 1007, 9.25572, 0
PixelHit 1317, 1010, 1.47247, 0
PixelHit 1318, 1000, 2.23355, 0
PixelHit 1318, 1001, 4.15067, 0
PixelHit 1318, 1002, 12.2268, 0
PixelHit 1318, 1003, 21.5512, 0
PixelHit 1318, 1004, 18.5524, 0
PixelHit 1318, 1005, 13.2325, 0
PixelHit 1318, 1006, 4.39571, 0
PixelHit 1318, 1009, 1.68948, 0
PixelHit 1318, 1013, 1.4432, 0
PixelHit 1319, 1002, 4.67553, 0
PixelHit 1319, 1003, 2.51156, 0
PixelHit 1319, 1004, 2.58422, 0
PixelHit 1319, 1005, 2.83788, 0
PixelHit 1319, 1007, 0.673896, 0
PixelHit 1320, 1003, 0.989564, 0
=== 31 ===
=== 32 ===
=== 33 ===
=== 34 ===
=== 35 ===
=== 36 ===
=== 37 ===
=== 38 ===
=== 39 ===
=== 40 ===
=== 41 ===
=== 42 ===
=== 43 ===
--- mydetector ---
PixelHit 1312, 978, 11.7889, 0
PixelHit 1312, 979, 4.24413, 0
PixelHit 1313, 975, 8.56881, 0
PixelHit 1313, 976, 91.1519, 0
PixelHit 1313, 977, 45.609, 0
PixelHit 1313, 978, 91.1245, 0
PixelHit 1313, 979, 16.4593, 0
PixelHit 1314, 970, 5.38259, 0
PixelHit 1314, 971, 10.0024, 0
PixelHit 1314, 972, 10.6687, 0
PixelHit 1314, 973, 10.8647, 0
PixelHit 1314, 974, 28.2938, 0
PixelHit 1314, 975, 18.7242, 0
PixelHit 1314, 976, 106.3, 0
PixelHit 1314, 977, 40.5446, 0
PixelHit 1314, 978, 0.849357, 0
PixelHit 1314, 979, 0.966888, 0
PixelHit 1315, 968, 13.5562, 0
PixelHit 1315, 969, 67.6491, 0
PixelHit 1315, 970, 89.0614, 0
PixelHit 1315, 971, 53.4025, 0
PixelHit 1315, 972, 80.6088, 0
PixelHit 1315, 973, 25.8029, 0
PixelHit 1315, 974, 25.0386, 0
PixelHit 1315, 975, 3.71989, 0
PixelHit 1315, 976, 2.32566, 0
PixelHit 1316, 963, 4.0363, 0
PixelHit 1316, 964, 2.58785, 0
PixelHit 1316, 965, 13.6435, 0
PixelHit 1316, 966, 15.9591, 0
PixelHit 1316, 967, 8.34419, 0
PixelHit 1316, 968, 30.0412, 0
PixelHit 1316, 969, 231.286, 0
PixelHit 1316, 970, 277.043, 0
PixelHit 1316, 971, 59.7499, 0
PixelHit 1316, 972, 42.3662, 0
PixelHit 1316, 973, 4.84454, 0
PixelHit 1316, 974, 0.945575, 0
PixelHit 1317, 961, 1.34164, 0
PixelHit 1317, 962, 7.57582, 0
PixelHit 1317, 963, 19.1672, 0
PixelHit 1317, 964, 23.0099, 0
PixelHit 1317, 965, 39.916, 0
PixelHit 1317, 966, 39.0594, 0
PixelHit 1317, 967, 16.1798, 0
PixelHit 1317, 968, 20.4448, 0
PixelHit 1317, 969, 79.6807, 0
PixelHit 1317, 970, 82.1138, 0
PixelHit 1317, 971, 14.004, 0
PixelHit 1317, 972, 2.74125, 0
PixelHit 1318, 957, 2.51714, 0
PixelHit 1318, 958, 4.21491, 0
PixelHit 1318, 959, 11.1333, 0
PixelHit 1318, 960, 4.81255, 0
PixelHit 1318, 961, 16.3568, 0
PixelHit 1318, 962, 30.2293, 0
PixelHit 1318, 963, 49.3005, 0
PixelHit 1318, 964, 55.588, 0
PixelHit 1318, 965, 60.0586, 0
PixelHit 1318, 966, 27.9665, 0
PixelHit 1318, 967, 4.78613, 0
PixelHit 1318, 968, 3.68398, 0
PixelHit 1318, 970, 3.32426, 0
PixelHit 1318, 971, 1.3905, 0
PixelHit 1319, 956, 5.48214, 0
PixelHit 1319, 957, 16.1189, 0
PixelHit 1319, 958, 30.2091, 0
PixelHit 1319, 959, 40.48, 0
PixelHit 1319, 960, 31.1758, 0
PixelHit 1319, 961, 20.4048, 0
PixelHit 1319, 962, 34.127, 0
PixelHit 1319, 963, 23.0291, 0
PixelHit 1319, 964, 25.3225, 0
PixelHit 1319, 965, 5.59396, 0
PixelHit 1319, 966, 6.79374, 0
PixelHit 1319, 967, 2.37171, 0
PixelHit 1320, 950, 1.80094, 0
PixelHit 1320, 952, 1.13235, 0
PixelHit 1320, 953, 3.92822, 0
PixelHit 1320, 954, 6.46978, 0
PixelHit 1320, 955, 10.7868, 0
PixelHit 1320, 956, 15.4582, 0
PixelHit 1320, 957, 32.1329, 0
PixelHit 1320, 958, 61.2546, 0
PixelHit 1320, 959, 55.1965, 0
PixelHit 1320, 960, 30.9742, 0
PixelHit 1320, 961, 20.9334, 0
PixelHit 1320, 962, 11.5506, 0
PixelHit 1320, 963, 6.69989, 0
PixelHit 1320, 964, 2.88632, 0
PixelHit 1320, 965, 1.33024, 0
PixelHit 1321, 945, 0.54996, 0
PixelHit 1321, 947, 2.60841, 0
PixelHit 1321, 948, 2.22305, 0
PixelHit 1321, 949, 6.93361, 0
PixelHit 1321, 950, 3.25687, 0
PixelHit 1321, 951, 2.09841, 0
PixelHit 1321, 952, 9.66507, 0
PixelHit 1321, 953, 14.6021, 0
PixelHit 1321, 954, 16.4252, 0
PixelHit 1321, 955, 27.0148, 0
PixelHit 1321, 956, 26.3646, 0
PixelHit 1321, 957, 32.0525, 0
PixelHit 1321, 958, 35.1168, 0
PixelHit 1321, 959, 24.6239, 0
PixelHit 1321, 960, 10.329, 0
PixelHit 1321, 961, 2.20067, 0
PixelHit 1322, 947, 12.522, 0
PixelHit 1322, 948, 14.872, 0
PixelHit 1322, 949, 14.3444, 0
PixelHit 1322, 950, 16.842, 0
PixelHit 1322, 951, 4.7193, 0
PixelHit 1322, 952, 10.4382, 0
PixelHit 1322, 953, 13.9007, 0
PixelHit 1322, 954, 31.9994, 0
PixelHit 1322, 955, 19.039, 0
PixelHit 1322, 956, 10.8828, 0
PixelHit 1322, 957, 2.63833, 0
PixelHit 1322, 958, 9.49826, 0
PixelHit 1322, 959, 2.16452, 0
PixelHit 1322, 960, 0.870657, 0
PixelHit 1323, 944, 1.73825, 0
PixelHit 1323, 945, 1.4762, 0
PixelHit 1323, 946, 6.9203, 0
PixelHit 1323, 947, 7.39412, 0
PixelHit 1323, 948, 44.1298, 0
PixelHit 1323, 949, 38.1276, 0
PixelHit 1323, 950, 33.509, 0
PixelHit 1323, 951, 10.4942, 0
PixelHit 1323, 952, 4.20326, 0
PixelHit 1323, 953, 11.6312, 0
PixelHit 1323, 954, 6.24295, 0
PixelHit 1323, 955, 4.28656, 0
PixelHit 1323, 956, 1.24524, 0
PixelHit 1324, 938, 1.52057, 0
PixelHit 1324, 939, 0.838966, 0
PixelHit 1324, 941, 2.56726, 0
PixelHit 1324, 942, 4.88195, 0
PixelHit 1324, 943, 6.68941, 0
PixelHit 1324, 944, 7.98632, 0
PixelHit 1324, 945, 14.2798, 0
PixelHit 1324, 946, 9.87618, 0
PixelHit 1324, 947, 18.5496, 0
PixelHit 1324, 948, 41.2124, 0
PixelHit 1324, 949, 55.88, 0
PixelHit 1324, 950, 19.936, 0
PixelHit 1324, 951, 13.3438, 0
PixelHit 1324, 952, 0.63642, 0
PixelHit 1324, 953, 3.78308, 0
PixelHit 1324, 954, 2.78723, 0
PixelHit 1325, 937, 1.50468, 0
PixelHit 1325, 938, 1.91734, 0
PixelHit 1325, 939, 6.29425, 0
PixelHit 1325, 940, 7.49184, 0
PixelHit 1325, 941, 9.71483, 0
PixelHit 1325, 942, 13.3882, 0
PixelHit 1325, 943, 5.93359, 0
PixelHit 1325, 944, 12.988, 0
PixelHit 1325, 945, 14.2561, 0
PixelHit 1325, 946, 15.1108, 0
PixelHit 1325, 947, 18.2283, 0
PixelHit 1325, 948, 17.725, 0
PixelHit 1325, 949, 11.2457, 0
PixelHit 1325, 950, 6.80489, 0
PixelHit 1325, 951, 1.79875, 0
PixelHit 1326, 935, 5.06979, 0
PixelHit 1326, 936, 5.56504, 0
PixelHit 1326, 937, 4.85185, 0
PixelHit 1326, 938, 6.01344, 0
PixelHit 1326, 939, 12.3536, 0
PixelHit 1326, 940, 7.68444, 0
PixelHit 1326, 941, 7.24205, 0
PixelHit 1326, 942, 10.2806, 0
PixelHit 1326, 943, 8.8225, 0
PixelHit 1326, 944, 13.0146, 0
PixelHit 1326, 945, 10.6178, 0
PixelHit 1326, 946, 8.55026, 0
PixelHit 1326, 947, 3.75679, 0
PixelHit 1326, 948, 2.69289, 0
PixelHit 1326, 949, 2.6248, 0
PixelHit 1327, 933, 7.49371, 0
PixelHit 1327, 934, 9.30652, 0
PixelHit 1327, 935, 14.1462, 0
PixelHit 1327, 936, 19.6728, 0
PixelHit 1327, 937, 5.87989, 0
PixelHit 1327, 938, 7.36598, 0
PixelHit 1327, 939, 12.7349, 0
PixelHit 1327, 940, 13.6862, 0
PixelHit 1327, 941, 5.26584, 0
PixelHit 1327, 942, 11.4451, 0
PixelHit 1327, 943, 4.47952, 0
PixelHit 1327, 944, 4.36748, 0
PixelHit 1327, 945, 2.13994, 0
PixelHit 1327, 946, 1.63271, 0
PixelHit 1327, 951, 1.07459, 0
PixelHit 1328, 933, 4.81965, 0
PixelHit 1328, 934, 24.2078, 0
PixelHit 1328, 935, 34.577, 0
PixelHit 1328, 936, 26.7005, 0
PixelHit 1328, 937, 18.2411, 0
PixelHit 1328, 938, 8.6262, 0
PixelHit 1328, 939, 5.68392, 0
PixelHit 1328, 940, 6.00104, 0
PixelHit 1328, 941, 1.48901, 0
PixelHit 1328, 942, 5.18917, 0
PixelHit 1328, 943, 3.74229, 0
PixelHit 1328, 946, 1.4169, 0
PixelHit 1329, 933, 6.40796, 0
PixelHit 1329, 934, 16.8405, 0
PixelHit 1329, 935, 24.307, 0
PixelHit 1329, 936, 11.7219, 0
PixelHit 1329, 937, 14.2808, 0
PixelHit 1329, 938, 4.79709, 0
PixelHit 1329, 940, 2.45316, 0
PixelHit 1329, 941, 0.994547, 0
PixelHit 1330, 933, 5.78395, 0
PixelHit 1330, 934, 7.6234, 0
PixelHit 1330, 935, 11.1057, 0
PixelHit 1330, 936, 19.958, 0
PixelHit 1330, 937, 3.84121, 0
PixelHit 1330, 938, 3.27304, 0
PixelHit 1331, 933, 4.72893, 0
PixelHit 1331, 935, 2.75993, 0
PixelHit 1507, 854, 6.03549, 0
PixelHit 1507, 855, 19.2155, 0
PixelHit 1508, 849, 13.7123, 0
PixelHit 1508, 850, 66.5433, 0
PixelHit 1508, 851, 29.4592, 0
PixelHit 1508, 852, 38.4236, 0
PixelHit 1508, 853, 43.212, 0
PixelHit 1508, 854, 1.20711, 0
PixelHit 1509, 842, 0.606415, 0
PixelHit 1509, 845, 5.08224, 0
PixelHit 1509, 846, 5.24461, 0
PixelHit 1509, 847, 19.3608, 0
PixelHit 1509, 848, 20.4774, 0
PixelHit 1509, 849, 112.664, 0
PixelHit 1509, 850, 275.981, 0
PixelHit 1509, 851, 69.3574, 0
PixelHit 1509, 852, 6.67899, 0
PixelHit 1510, 842, 3.38929, 0
PixelHit 1510, 843, 9.1278, 0
PixelHit 1510, 844, 20.5584, 0
PixelHit 1510, 845, 33.2813, 0
PixelHit 1510, 846, 28.0343, 0
PixelHit 1510, 847, 40.9945, 0
PixelHit 1510, 848, 25.823, 0
PixelHit 1510, 849, 20.3537, 0
PixelHit 1510, 850, 23.102, 0
PixelHit 1510, 851, 7.70258, 0
PixelHit 1510, 852, 0.691192, 0
PixelHit 1511, 837, 1.90252, 0
PixelHit 1511, 838, 4.66954, 0
PixelHit 1511, 839, 2.57123, 0
PixelHit 1511, 840, 5.60572, 0
PixelHit 1511, 841, 12.1686, 0
PixelHit 1511, 842, 21.2374, 0
PixelHit 1511, 843, 32.1342, 0
PixelHit 1511, 844, 36.4662, 0
PixelHit 1511, 845, 24.8869, 0
PixelHit 1511, 846, 26.0645, 0
PixelHit 1511, 847, 5.6858, 0
PixelHit 1511, 848, 4.94463, 0
PixelHit 1512, 835, 3.44223, 0
PixelHit 1512, 836, 7.61812, 0
PixelHit 1512, 837, 15.3651, 0
PixelHit 1512, 838, 21.8569, 0
PixelHit 1512, 839, 9.26999, 0
PixelHit 1512, 840, 10.5241, 0
PixelHit 1512, 841, 29.1285, 0
PixelHit 1512, 842, 36.5949, 0
PixelHit 1512, 843, 18.9296, 0
PixelHit 1512, 844, 10.3381, 0
PixelHit 1512, 845, 2.41918, 0
PixelHit 1513, 827, 2.15517, 0
PixelHit 1513, 830, 2.98689, 0
PixelHit 1513, 833, 4.69633, 0
PixelHit 1513, 834, 13.4234, 0
PixelHit 1513, 835, 5.69885, 0
PixelHit 1513, 836, 12.4984, 0
PixelHit 1513, 837, 28.8229, 0
PixelHit 1513, 838, 21.1437, 0
PixelHit 1513, 839, 26.2455, 0
PixelHit 1513, 840, 8.71808, 0
PixelHit 1513, 841, 7.7094, 0
PixelHit 1513, 842, 3.81238, 0
PixelHit 1513, 843, 2.61928, 0
PixelHit 1514, 827, 1.34235, 0
PixelHit 1514, 828, 6.25073, 0
PixelHit 1514, 829, 8.65222, 0
PixelHit 1514, 830, 8.69708, 0
PixelHit 1514, 831, 9.85722, 0
PixelHit 1514, 832, 18.8934, 0
PixelHit 1514, 833, 30.0081, 0
PixelHit 1514, 834, 20.5677, 0
PixelHit 1514, 835, 30.1867, 0
PixelHit 1514, 836, 16.0329, 0
PixelHit 1514, 837, 25.0537, 0
PixelHit 1514, 838, 15.6188, 0
PixelHit 1514, 839, 5.81274, 0
PixelHit 1515, 824, 3.05994, 0
PixelHit 1515, 825, 3.31172, 0
PixelHit 1515, 826, 5.77112, 0
PixelHit 1515, 827, 8.75579, 0
PixelHit 1515, 828, 16.0131, 0
PixelHit 1515, 829, 12.3909, 0
PixelHit 1515, 830, 29.6947, 0
PixelHit 1515, 831, 16.3766, 0
PixelHit 1515, 832, 13.7129, 0
PixelHit 1515, 833, 20.5484, 0
PixelHit 1515, 834, 15.5095, 0
PixelHit 1515, 835, 10.3291, 0
PixelHit 1515, 836, 3.78826, 0
PixelHit 1515, 837, 5.59019, 0
PixelHit 1515, 838, 5.99139, 0
PixelHit 1516, 822, 3.59532, 0
PixelHit 1516, 823, 10.8898, 0
PixelHit 1516, 824, 11.3593, 0
PixelHit 1516, 825, 22.3655, 0
PixelHit 1516, 826, 18.0417, 0
PixelHit 1516, 827, 15.5367, 0
PixelHit 1516, 828, 36.6325, 0
PixelHit 1516, 829, 47.361, 0
PixelHit 1516, 830, 26.2887, 0
PixelHit 1516, 831, 13.1928, 0
PixelHit 1516, 832, 7.38525, 0
PixelHit 1516, 833, 12.2553, 0
PixelHit 1516, 834, 3.37788, 0
PixelHit 1516, 835, 2.03334, 0
PixelHit 1517, 819, 3.84973, 0
PixelHit 1517, 821, 1.63928, 0
PixelHit 1517, 822, 8.53408, 0
PixelHit 1517, 823, 20.83, 0
PixelHit 1517, 824, 38.5429, 0
PixelHit 1517, 825, 32.9569, 0
PixelHit 1517, 826, 41.153, 0
PixelHit 1517, 827, 29.9071, 0
PixelHit 1517, 828, 28.8723, 0
PixelHit 1517, 829, 19.9633, 0
PixelHit 1517, 830, 14.2842, 0
PixelHit 1517, 831, 6.74177, 0
PixelHit 1517, 834, 1.47756, 0
PixelHit 1518, 815, 0.932058, 0
PixelHit 1518, 817, 1.6535, 0
PixelHit 1518, 819, 9.88665, 0
PixelHit 1518, 820, 6.60243, 0
PixelHit 1518, 821, 11.5766, 0
PixelHit 1518, 822, 15.3633, 0
PixelHit 1518, 823, 22.1087, 0
PixelHit 1518, 824, 40.5014, 0
PixelHit 1518, 825, 41.2822, 0
PixelHit 1518, 826, 30.6068, 0
PixelHit 1518, 827, 9.28289, 0
PixelHit 1518, 828, 6.52477, 0
PixelHit 1518, 829, 6.41792, 0
PixelHit 1518, 831, 1.63601, 0
PixelHit 1519, 809, 0.657295, 0
PixelHit 1519, 813, 2.1996, 0
PixelHit 1519, 814, 2.0541, 0
PixelHit 1519, 815, 5.92894, 0
PixelHit 1519, 816, 1.28959, 0
PixelHit 1519, 818, -0.52694, 0
PixelHit 1519, 819, 12.8718, 0
PixelHit 1519, 820, 28.5281, 0
PixelHit 1519, 821, 10.4831, 0
PixelHit 1519, 822, 4.32812, 0
PixelHit 1519, 823, 11.6296, 0
PixelHit 1519, 824, 20.4622, 0
PixelHit 1519, 825, 18.3022, 0
PixelHit 1519, 826, 11.8262, 0
PixelHit 1519, 828, 2.07143, 0
PixelHit 1519, 829, 3.32876, 0
PixelHit 1520, 809, 3.02854, 0
PixelHit 1520, 810, 8.11351, 0
PixelHit 1520, 811, 11.886, 0
PixelHit 1520, 812, 13.913, 0
PixelHit 1520, 813, 8.72391, 0
PixelHit 1520, 814, 16.546, 0
PixelHit 1520, 815, 7.9581, 0
PixelHit 1520, 816, 3.31328, 0
PixelHit 1520, 817, 1.26943, 0
PixelHit 1520, 818, 5.78592, 0
PixelHit 1520, 819, 14.2206, 0
PixelHit 1520, 820, 12.4951, 0
PixelHit 1520, 821, 8.1556, 0
PixelHit 1520, 822, 3.47868, 0
PixelHit 1520, 823, 7.84639, 0
PixelHit 1520, 824, 4.89037, 0
PixelHit 1520, 826, -0.00335611, 0
PixelHit 1520, 827, 0.913246, 0
PixelHit 1521, 809, 6.22466, 0
PixelHit 1521, 810, 14.5918, 0
PixelHit 1521, 811, 26.4159, 0
PixelHit 1521, 812, 41.0556, 0
PixelHit 1521, 813, 29.2658, 0
PixelHit 1521, 814, 20.231, 0
PixelHit 1521, 815, 12.8358, 0
PixelHit 1521, 816, 7.36813, 0
PixelHit 1521, 817, 3.37228, 0
PixelHit 1521, 818, 5.55546, 0
PixelHit 1521, 819, 6.43744, 0
PixelHit 1521, 821, 5.11486, 0
PixelHit 1522, 809, 3.0497, 0
PixelHit 1522, 810, 15.7577, 0
PixelHit 1522, 811, 39.3514, 0
PixelHit 1522, 812, 38.4707, 0
PixelHit 1522, 813, 20.324, 0
PixelHit 1522, 814, 21.276, 0
PixelHit 1522, 815, 7.9625, 0
PixelHit 1522, 816, 3.62158, 0
PixelHit 1522, 819, 1.3377, 0
PixelHit 1523, 809, 3.42902, 0
PixelHit 1523, 810, 11.5705, 0
PixelHit 1523, 811, 25.7372, 0
PixelHit 1523, 812, 15.3309, 0
PixelHit 1523, 813, 13.7919, 0
PixelHit 1523, 814, 5.58166, 0
PixelHit 1523, 815, 2.08704, 0
PixelHit 1524, 809, 1.98675, 0
PixelHit 1524, 810, 5.46354, 0
PixelHit 1524, 811, 9.76476, 0
PixelHit 1524, 812, 8.19815, 0
PixelHit 1524, 813, 1.82457, 0
PixelHit 1524, 814, 5.80593, 0
PixelHit 1525, 811, 3.04752, 0
PixelHit 1525, 813, 1.13371, 0
PixelHit 1526, 809, 2.24348, 0
=== 44 ===
=== 45 ===
=== 46 ===
=== 47 ===
=== 48 ===
=== 49 ===
=== 50 ===
=== 51 ===
--- mydetector ---
PixelHit 1245, 1097, 0.894167, 0
PixelHit 1246, 1096, 7.08879, 0
PixelHit 1246, 1097, 4.19333, 0
PixelHit 1246, 1098, 198.612, 0
PixelHit 1246, 1099, 11.606, 0
PixelHit 1247, 1093, 3.7531, 0
PixelHit 1247, 1094, 13.7474, 0
PixelHit 1247, 1095, 12.9921, 0
PixelHit 1247, 1096, 14.1225, 0
PixelHit 1247, 1097, 23.9612, 0
PixelHit 1247, 1098, 2.03702, 0
PixelHit 1248, 1088, 1.91745, 0
PixelHit 1248, 1089, 3.83029, 0
PixelHit 1248, 1090, 3.66974, 0
PixelHit 1248, 1091, 3.75415, 0
PixelHit 1248, 1092, 6.12132, 0
PixelHit 1248, 1093, 14.2267, 0
PixelHit 1248, 1094, 13.5802, 0
PixelHit 1248, 1095, 7.27589, 0
PixelHit 1248, 1096, 2.18255, 0
PixelHit 1249, 1084, 4.01559, 0
PixelHit 1249, 1085, 6.78983, 0
PixelHit 1249, 1086, 3.71942, 0
PixelHit 1249, 1087, 10.7727, 0
PixelHit 1249, 1088, 11.1525, 0
PixelHit 1249, 1089, 16.8308, 0
PixelHit 1249, 1090, 45.8946, 0
PixelHit 1249, 1091, 12.9448, 0
PixelHit 1249, 1092, 6.28615, 0
PixelHit 1249, 1093, 1.31394, 0
PixelHit 1250, 1081, 0.142387, 0
PixelHit 1250, 1082, 1.38928, 0
PixelHit 1250, 1083, 4.79774, 0
PixelHit 1250, 1084, 45.5982, 0
PixelHit 1250, 1085, 64.1442, 0
PixelHit 1250, 1086, 35.337, 0
PixelHit 1250, 1087, 30.8313, 0
PixelHit 1250, 1088, 19.1839, 0
PixelHit 1250, 1089, 12.8106, 0
PixelHit 1250, 1090, 23.9986, 0
PixelHit 1250, 1091, 5.62036, 0
PixelHit 1251, 1080, 5.72558, 0
PixelHit 1251, 1081, 8.79502, 0
PixelHit 1251, 1082, 6.43418, 0
PixelHit 1251, 1083, 25.504, 0
PixelHit 1251, 1084, 114.033, 0
PixelHit 1251, 1085, 145.896, 0
PixelHit 1251, 1086, 65.2534, 0
PixelHit 1251, 1087, 27.9407, 0
PixelHit 1251, 1088, 5.93007, 0
PixelHit 1251, 1089, 2.38206, 0
PixelHit 1251, 1090, 1.46607, 0
PixelHit 1252, 1076, 5.06243, 0
PixelHit 1252, 1077, 3.19422, 0
PixelHit 1252, 1078, 4.33225, 0
PixelHit 1252, 1079, 11.3331, 0
PixelHit 1252, 1080, 12.7256, 0
PixelHit 1252, 1081, 11.3741, 0
PixelHit 1252, 1082, 10.5769, 0
PixelHit 1252, 1083, 30.4595, 0
PixelHit 1252, 1084, 102.448, 0
PixelHit 1252, 1085, 81.6586, 0
PixelHit 1252, 1086, 9.29225, 0
PixelHit 1252, 1087, 3.61184, 0
PixelHit 1253, 1074, 1.23401, 0
PixelHit 1253, 1075, 4.14048, 0
PixelHit 1253, 1076, 12.5836, 0
PixelHit 1253, 1077, 16.844, 0
PixelHit 1253, 1078, 13.9742, 0
PixelHit 1253, 1079, 13.1633, 0
PixelHit 1253, 1080, 16.4213, 0
PixelHit 1253, 1081, 13.1421, 0
PixelHit 1253, 1082, 6.88958, 0
PixelHit 1253, 1083, 4.57557, 0
PixelHit 1253, 1084, 7.50607, 0
PixelHit 1253, 1085, 11.5659, 0
PixelHit 1253, 1087, 2.68794, 0
PixelHit 1254, 1066, 2.33924, 0
PixelHit 1254, 1069, 3.49092, 0
PixelHit 1254, 1071, 4.27581, 0
PixelHit 1254, 1072, 4.76375, 0
PixelHit 1254, 1073, 3.19893, 0
PixelHit 1254, 1074, 6.14033, 0
PixelHit 1254, 1075, 9.769, 0
PixelHit 1254, 1076, 16.6465, 0
PixelHit 1254, 1077, 17.5495, 0
PixelHit 1254, 1078, 15.1233, 0
PixelHit 1254, 1079, 9.0752, 0
PixelHit 1254, 1080, 7.30552, 0
PixelHit 1254, 1081, 3.42668, 0
PixelHit 1254, 1082, 3.0515, 0
PixelHit 1254, 1083, 1.96286, 0
PixelHit 1254, 1086, 3.30848, 0
PixelHit 1255, 1064, -0.314128, 0
PixelHit 1255, 1066, 1.6905, 0
PixelHit 1255, 1069, 2.79543, 0
PixelHit 1255, 1070, 5.63087, 0
PixelHit 1255, 1071, 14.6072, 0
PixelHit 1255, 1072, 18.9145, 0
PixelHit 1255, 1073, 15.1012, 0
PixelHit 1255, 1074, 5.76481, 0
PixelHit 1255, 1075, 10.1698, 0
PixelHit 1255, 1076, 13.5619, 0
PixelHit 1255, 1077, 8.8278, 0
PixelHit 1255, 1078, 12.109, 0
PixelHit 1255, 1080, 1.60691, 0
PixelHit 1256, 1061, 1.54686, 0
PixelHit 1256, 1064, 6.89053, 0
PixelHit 1256, 1065, 8.86964, 0
PixelHit 1256, 1066, 8.16621, 0
PixelHit 1256, 1067, 5.80478, 0
PixelHit 1256, 1068, 3.50731, 0
PixelHit 1256, 1070, 7.66947, 0
PixelHit 1256, 1071, 12.5383, 0
PixelHit 1256, 1072, 16.6826, 0
PixelHit 1256, 1073, 9.85546, 0
PixelHit 1256, 1074, 12.5354, 0
PixelHit 1256, 1075, 6.18457, 0
PixelHit 1256, 1076, 2.48797, 0
PixelHit 1256, 1077, 3.34523, 0
PixelHit 1257, 1061, 1.7149, 0
PixelHit 1257, 1062, 2.14281, 0
PixelHit 1257, 1063, 3.40995, 0
PixelHit 1257, 1064, 15.3678, 0
PixelHit 1257, 1065, 17.7066, 0
PixelHit 1257, 1066, 14.6888, 0
PixelHit 1257, 1067, 17.0108, 0
PixelHit 1257, 1068, 5.04275, 0
PixelHit 1257, 1069, 8.16219, 0
PixelHit 1257, 1070, 5.54467, 0
PixelHit 1257, 1071, 14.8528, 0
PixelHit 1257, 1072, 11.362, 0
PixelHit 1257, 1073, 3.31352, 0
PixelHit 1257, 1076, 1.61743, 0
PixelHit 1258, 1060, 2.98226, 0
PixelHit 1258, 1061, 4.63578, 0
PixelHit 1258, 1062, 4.5126, 0
PixelHit 1258, 1063, 9.91883, 0
PixelHit 1258, 1064, 35.8698, 0
PixelHit 1258, 1065, 34.7754, 0
PixelHit 1258, 1066, 19.4781, 0
PixelHit 1258, 1067, 13.3656, 0
PixelHit 1258, 1068, 5.93683, 0
PixelHit 1258, 1069, 0.336104, 0
PixelHit 1258, 1070, 7.14523, 0
PixelHit 1258, 1071, 2.06049, 0
PixelHit 1258, 1072, 1.41888, 0
PixelHit 1259, 1054, 3.0349, 0
PixelHit 1259, 1055, 7.81261, 0
PixelHit 1259, 1056, 6.89837, 0
PixelHit 1259, 1057, 8.38813, 0
PixelHit 1259, 1058, 5.25708, 0
PixelHit 1259, 1059, 8.97264, 0
PixelHit 1259, 1060, 7.25585, 0
PixelHit 1259, 1061, 8.82069, 0
PixelHit 1259, 1062, 12.3841, 0
PixelHit 1259, 1063, 16.1801, 0
PixelHit 1259, 1064, 19.3822, 0
PixelHit 1259, 1065, 24.6556, 0
PixelHit 1259, 1066, 34.6231, 0
PixelHit 1259, 1067, 8.84124, 0
PixelHit 1259, 1068, 5.54616, 0
PixelHit 1260, 1053, 4.7106, 0
PixelHit 1260, 1054, 5.60588, 0
PixelHit 1260, 1055, 15.0912, 0
PixelHit 1260, 1056, 33.2884, 0
PixelHit 1260, 1057, 35.5724, 0
PixelHit 1260, 1058, 33.7988, 0
PixelHit 1260, 1059, 18.2837, 0
PixelHit 1260, 1060, 9.616, 0
PixelHit 1260, 1061, 10.8507, 0
PixelHit 1260, 1062, 7.89101, 0
PixelHit 1260, 1063, 11.5297, 0
PixelHit 1260, 1064, 14.0238, 0
PixelHit 1260, 1065, 6.25923, 0
PixelHit 1260, 1066, 7.20461, 0
PixelHit 1260, 1067, 4.06199, 0
PixelHit 1261, 1051, 0.549417, 0
PixelHit 1261, 1052, 5.89058, 0
PixelHit 1261, 1053, 7.15516, 0
PixelHit 1261, 1054, 29.2239, 0
PixelHit 1261, 1055, 60.0117, 0
PixelHit 1261, 1056, 66.9866, 0
PixelHit 1261, 1057, 57.1022, 0
PixelHit 1261, 1058, 33.086, 0
PixelHit 1261, 1059, 26.2477, 0
PixelHit 1261, 1060, 10.8785, 0
PixelHit 1261, 1061, 7.46152, 0
PixelHit 1261, 1062, 10.5209, 0
PixelHit 1261, 1063, 1.51885, 0
PixelHit 1261, 1064, 1.36486, 0
PixelHit 1261, 1065, 3.52371, 0
PixelHit 1261, 1068, 0.867673, 0
PixelHit 1262, 1052, 10.0061, 0
PixelHit 1262, 1053, 14.3139, 0
PixelHit 1262, 1054, 38.9345, 0
PixelHit 1262, 1055, 44.7747, 0
PixelHit 1262, 1056, 71.5102, 0
PixelHit 1262, 1057, 65.9684, 0
PixelHit 1262, 1058, 33.2633, 0
PixelHit 1262, 1059, 12.814, 0
PixelHit 1262, 1060, 2.58705, 0
PixelHit 1262, 1062, 2.31386, 0
PixelHit 1262, 1063, 2.51669, 0
PixelHit 1263, 1052, 9.433, 0
PixelHit 1263, 1053, 21.3275, 0
PixelHit 1263, 1054, 25.5877, 0
PixelHit 1263, 1055, 22.0616, 0
PixelHit 1263, 1056, 36.3772, 0
PixelHit 1263, 1057, 26.5126, 0
PixelHit 1263, 1058, 16.9397, 0
PixelHit 1263, 1059, 1.55768, 0
PixelHit 1263, 1060, 2.06368, 0
PixelHit 1264, 1052, 2.43687, 0
PixelHit 1264, 1053, 4.37772, 0
PixelHit 1264, 1054, 8.02124, 0
PixelHit 1264, 1055, 15.5569, 0
PixelHit 1264, 1056, 7.07051, 0
PixelHit 1264, 1057, 7.7696, 0
PixelHit 1264, 1058, 1.97514, 0
PixelHit 1265, 1053, 4.85197, 0
PixelHit 1265, 1054, 0.558438, 0
PixelHit 1265, 1055, 1.93021, 0
PixelHit 1265, 1057, 1.6723, 0
PixelHit 1266, 1052, 3.23367, 0
PixelHit 1266, 1053, 1.98134, 0
PixelHit 1266, 1056, 2.14695, 0
PixelHit 1336, 1020, 14.5959, 0
PixelHit 1336, 1021, 6.92382, 0
PixelHit 1336, 1022, 65.8127, 0
PixelHit 1336, 1023, 12.4745, 0
PixelHit 1336, 1024, 18.9238, 0
PixelHit 1337, 1017, -0.144162, 0
PixelHit 1337, 1018, 6.62319, 0
PixelHit 1337, 1019, 42.5775, 0
PixelHit 1337, 1020, 202.879, 0
PixelHit 1337, 1021, 47.3886, 0
PixelHit 1337, 1022, 32.3847, 0
PixelHit 1337, 1023, 1.01533, 0
PixelHit 1338, 1013, 9.05174, 0
PixelHit 1338, 1014, 14.5496, 0
PixelHit 1338, 1015, 1.92297, 0
PixelHit 1338, 1016, 10.7754, 0
PixelHit 1338, 1017, 22.7802, 0
PixelHit 1338, 1018, 36.8958, 0
PixelHit 1338, 1019, 26.6837, 0
PixelHit 1338, 1020, 18.7624, 0
PixelHit 1338, 1021, 6.36822, 0
PixelHit 1339, 1008, 1.80705, 0
PixelHit 1339, 1010, 3.48613, 0
PixelHit 1339, 1011, 7.27386, 0
PixelHit 1339, 1012, 28.749, 0
PixelHit 1339, 1013, 33.9697, 0
PixelHit 1339, 1014, 46.9287, 0
PixelHit 1339, 1015, 10.2155, 0
PixelHit 1339, 1016, 12.2606, 0
PixelHit 1339, 1017, 13.7683, 0
PixelHit 1339, 1018, 4.31529, 0
PixelHit 1340, 1006, 2.62462, 0
PixelHit 1340, 1007, 6.94464, 0
PixelHit 1340, 1008, 5.30172, 0
PixelHit 1340, 1009, 13.175, 0
PixelHit 1340, 1010, 27.1863, 0
PixelHit 1340, 1011, 41.7162, 0
PixelHit 1340, 1012, 53.8723, 0
PixelHit 1340, 1013, 42.8284, 0
PixelHit 1340, 1014, 33.5288, 0
PixelHit 1340, 1015, 6.03482, 0
PixelHit 1340, 1016, 1.39299, 0
PixelHit 1341, 1003, 2.06838, 0
PixelHit 1341, 1004, 0.964042, 0
PixelHit 1341, 1005, 7.90925, 0
PixelHit 1341, 1006, 17.3238, 0
PixelHit 1341, 1007, 33.1895, 0
PixelHit 1341, 1008, 24.0105, 0
PixelHit 1341, 1009, 16.0823, 0
PixelHit 1341, 1010, 26.9017, 0
PixelHit 1341, 1011, 28.5497, 0
PixelHit 1341, 1012, 20.1675, 0
PixelHit 1341, 1013, 4.2507, 0
PixelHit 1342, 1000, 8.20207, 0
PixelHit 1342, 1001, 5.84442, 0
PixelHit 1342, 1002, 7.87679, 0
PixelHit 1342, 1003, 6.16793, 0
PixelHit 1342, 1004, 0.222856, 0
PixelHit 1342, 1005, 12.479, 0
PixelHit 1342, 1006, 25.99, 0
PixelHit 1342, 1007, 39.7901, 0
PixelHit 1342, 1008, 32.2783, 0
PixelHit 1342, 1009, 11.4258, 0
PixelHit 1342, 1010, 10.2923, 0
PixelHit 1342, 1012, 2.24131, 0
PixelHit 1342, 1013, 2.13871, 0
PixelHit 1343, 996, 2.7368, 0
PixelHit 1343, 997, 5.19618, 0
PixelHit 1343, 998, 5.19385, 0
PixelHit 1343, 999, 30.3938, 0
PixelHit 1343, 1000, 37.2014, 0
PixelHit 1343, 1001, 23.6546, 0
PixelHit 1343, 1002, 17.3616, 0
PixelHit 1343, 1003, 14.577, 0
PixelHit 1343, 1004, 11.8378, 0
PixelHit 1343, 1005, 8.6409, 0
PixelHit 1343, 1006, 7.42839, 0
PixelHit 1343, 1007, 9.74556, 0
PixelHit 1343, 1008, 8.10592, 0
PixelHit 1343, 1009, 2.50314, 0
PixelHit 1344, 991, 2.70232, 0
PixelHit 1344, 993, 4.36517, 0
PixelHit 1344, 995, 5.12831, 0
PixelHit 1344, 996, 8.52999, 0
PixelHit 1344, 997, 10.4647, 0
PixelHit 1344, 998, 30.1846, 0
PixelHit 1344, 999, 74.9602, 0
PixelHit 1344, 1000, 65.6401, 0
PixelHit 1344, 1001, 37.986, 0
PixelHit 1344, 1002, 18.3477, 0
PixelHit 1344, 1003, 11.281, 0
PixelHit 1344, 1004, 1.5005, 0
PixelHit 1344, 1005, 2.95349, 0
PixelHit 1345, 989, 2.1717, 0
PixelHit 1345, 990, 2.75141, 0
PixelHit 1345, 991, 5.0598, 0
PixelHit 1345, 992, 10.4578, 0
PixelHit 1345, 993, 11.0099, 0
PixelHit 1345, 994, 8.38066, 0
PixelHit 1345, 995, 27.1731, 0
PixelHit 1345, 996, 16.7605, 0
PixelHit 1345, 997, 19.846, 0
PixelHit 1345, 998, 29.098, 0
PixelHit 1345, 999, 59.6927, 0
PixelHit 1345, 1000, 66.5519, 0
PixelHit 1345, 1001, 27.0592, 0
PixelHit 1345, 1002, 16.5102, 0
PixelHit 1345, 1003, 2.83465, 0
PixelHit 1346, 983, 2.08392, 0
PixelHit 1346, 985, 3.29473, 0
PixelHit 1346, 986, 8.84136, 0
PixelHit 1346, 987, 7.54729, 0
PixelHit 1346, 989, 7.47515, 0
PixelHit 1346, 990, 12.9746, 0
PixelHit 1346, 991, 15.6205, 0
PixelHit 1346, 992, 27.4551, 0
PixelHit 1346, 993, 39.9095, 0
PixelHit 1346, 994, 24.2869, 0
PixelHit 1346, 995, 28.859, 0
PixelHit 1346, 996, 23.4877, 0
PixelHit 1346, 997, 15.3891, 0
PixelHit 1346, 998, 9.14558, 0
PixelHit 1346, 999, 16.21, 0
PixelHit 1346, 1000, 9.93567, 0
PixelHit 1346, 1003, 1.77429, 0
PixelHit 1347, 983, 2.29472, 0
PixelHit 1347, 984, 6.19194, 0
PixelHit 1347, 985, 24.5465, 0
PixelHit 1347, 986, 36.8487, 0
PixelHit 1347, 987, 34.0711, 0
PixelHit 1347, 988, 14.5411, 0
PixelHit 1347, 989, 24.4783, 0
PixelHit 1347, 990, 36.5507, 0
PixelHit 1347, 991, 56.5519, 0
PixelHit 1347, 992, 54.9986, 0
PixelHit 1347, 993, 34.5219, 0
PixelHit 1347, 994, 16.1644, 0
PixelHit 1347, 995, 9.02498, 0
PixelHit 1347, 996, 13.5166, 0
PixelHit 1347, 997, 6.64139, 0
PixelHit 1347, 998, 1.053, 0
PixelHit 1347, 999, 4.00605, 0
PixelHit 1347, 1000, 2.03087, 0
PixelHit 1348, 979, 2.45406, 0
PixelHit 1348, 981, 4.58454, 0
PixelHit 1348, 982, 6.51203, 0
PixelHit 1348, 983, 10.3049, 0
PixelHit 1348, 984, 24.6015, 0
PixelHit 1348, 985, 67.6223, 0
PixelHit 1348, 986, 109.919, 0
PixelHit 1348, 987, 78.4385, 0
PixelHit 1348, 988, 38.7137, 0
PixelHit 1348, 989, 25.6153, 0
PixelHit 1348, 990, 42.813, 0
PixelHit 1348, 991, 44.6881, 0
PixelHit 1348, 992, 37.7251, 0
PixelHit 1348, 993, 22.9512, 0
PixelHit 1348, 994, 10.4121, 0
PixelHit 1348, 995, -0.355688, 0
PixelHit 1348, 998, 1.65838, 0
PixelHit 1348, 999, 1.03803, 0
PixelHit 1349, 979, 2.62982, 0
PixelHit 1349, 980, 9.30174, 0
PixelHit 1349, 981, 7.81985, 0
PixelHit 1349, 982, 12.5654, 0
PixelHit 1349, 983, 26.9147, 0
PixelHit 1349, 984, 44.1869, 0
PixelHit 1349, 985, 96.1353, 0
PixelHit 1349, 986, 144.388, 0
PixelHit 1349, 987, 127.21, 0
PixelHit 1349, 988, 57.9185, 0
PixelHit 1349, 989, 23.0075, 0
PixelHit 1349, 990, 18.0944, 0
PixelHit 1349, 991, 17.0028, 0
PixelHit 1349, 992, 14.3459, 0
PixelHit 1349, 993, 2.55063, 0
PixelHit 1349, 994, 3.38895, 0
PixelHit 1350, 977, 1.09541, 0
PixelHit 1350, 978, 4.27075, 0
PixelHit 1350, 979, 12.5819, 0
PixelHit 1350, 980, 27.5606, 0
PixelHit 1350, 981, 21.2257, 0
PixelHit 1350, 982, 28.1839, 0
PixelHit 1350, 983, 28.421, 0
PixelHit 1350, 984, 37.6402, 0
PixelHit 1350, 985, 65.384, 0
PixelHit 1350, 986, 115.848, 0
PixelHit 1350, 987, 89.6844, 0
PixelHit 1350, 988, 34.4525, 0
PixelHit 1350, 989, 9.11682, 0
PixelHit 1350, 990, 2.74433, 0
PixelHit 1350, 991, 3.57631, 0
PixelHit 1350, 994, 0.0932037, 0
PixelHit 1351, 978, 10.9906, 0
PixelHit 1351, 979, 19.2857, 0
PixelHit 1351, 980, 41.7556, 0
PixelHit 1351, 981, 41.0904, 0
PixelHit 1351, 982, 23.1188, 0
PixelHit 1351, 983, 13.455, 0
PixelHit 1351, 984, 29.8667, 0
PixelHit 1351, 985, 33.6269, 0
PixelHit 1351, 986, 26.4957, 0
PixelHit 1351, 987, 21.9701, 0
PixelHit 1351, 988, 6.06209, 0
PixelHit 1351, 992, 2.77841, 0
PixelHit 1352, 977, 2.47225, 0
PixelHit 1352, 978, 8.82641, 0
PixelHit 1352, 979, 17.8839, 0
PixelHit 1352, 980, 30.2245, 0
PixelHit 1352, 981, 27.9299, 0
PixelHit 1352, 982, 14.7673, 0
PixelHit 1352, 983, 7.09544, 0
PixelHit 1352, 984, 12.9355, 0
PixelHit 1352, 985, 5.47923, 0
PixelHit 1352, 986, 4.20177, 0
PixelHit 1352, 987, 6.01384, 0
PixelHit 1353, 978, 2.64679, 0
PixelHit 1353, 979, 8.05085, 0
PixelHit 1353, 980, 8.1136, 0
PixelHit 1353, 981, 4.36046, 0
PixelHit 1353, 982, 7.60896, 0
PixelHit 1353, 983, 4.96818, 0
PixelHit 1353, 984, 2.37058, 0
PixelHit 1354, 979, 1.2147, 0
PixelHit 1354, 981, 5.49852, 0
PixelHit 1354, 983, 0.941191, 0
=== 52 ===
=== 53 ===
=== 54 ===
=== 55 ===
=== 56 ===
=== 57 ===
=== 58 ===
=== 59 ===
=== 60 ===
=== 61 ===
=== 62 ===
=== 63 ===
=== 64 ===
=== 65 ===
=== 66 ===
--- mydetector ---
PixelHit 1287, 965, 7.08444, 0
PixelHit 1287, 966, 18.8176, 0
PixelHit 1287, 967, 34.4607, 0
PixelHit 1288, 960, 2.05587, 0
PixelHit 1288, 962, 3.66706, 0
PixelHit 1288, 963, 19.22, 0
PixelHit 1288, 964, 24.5079, 0
PixelHit 1288, 965, 121.464, 0
PixelHit 1288, 966, 96.9422, 0
PixelHit 1288, 967, 8.98257, 0
PixelHit 1289, 958, 6.09071, 0
PixelHit 1289, 959, 4.07894, 0
PixelHit 1289, 960, 6.95615, 0
PixelHit 1289, 961, 18.5046, 0
PixelHit 1289, 962, 28.466, 0
PixelHit 1289, 963, 55.06, 0
PixelHit 1289, 964, 24.0301, 0
PixelHit 1289, 965, 7.7477, 0
PixelHit 1289, 966, 2.36475, 0
PixelHit 1290, 955, 2.6652, 0
PixelHit 1290, 956, 3.2804, 0
PixelHit 1290, 957, 15.0038, 0
PixelHit 1290, 958, 51.6305, 0
PixelHit 1290, 959, 43.6891, 0
PixelHit 1290, 960, 15.7445, 0
PixelHit 1290, 961, 20.2208, 0
PixelHit 1290, 962, 6.03815, 0
PixelHit 1290, 963, 4.0237, 0
PixelHit 1290, 964, 3.72365, 0
PixelHit 1291, 951, 1.68776, 0
PixelHit 1291, 952, 18.3112, 0
PixelHit 1291, 953, 16.2919, 0
PixelHit 1291, 954, 9.10543, 0
PixelHit 1291, 955, 4.68545, 0
PixelHit 1291, 956, 25.1919, 0
PixelHit 1291, 957, 45.8311, 0
PixelHit 1291, 958, 44.186, 0
PixelHit 1291, 959, 28.606, 0
PixelHit 1291, 960, 3.29102, 0
PixelHit 1292, 950, 3.19769, 0
PixelHit 1292, 951, 11.2466, 0
PixelHit 1292, 952, 69.4549, 0
PixelHit 1292, 953, 117.241, 0
PixelHit 1292, 954, 52.7524, 0
PixelHit 1292, 955, 8.08929, 0
PixelHit 1292, 956, 8.75395, 0
PixelHit 1292, 957, 5.15592, 0
PixelHit 1292, 958, 5.0163, 0
PixelHit 1292, 959, 4.00928, 0
PixelHit 1293, 945, 2.25435, 0
PixelHit 1293, 946, 4.16596, 0
PixelHit 1293, 947, 1.77282, 0
PixelHit 1293, 948, 6.53644, 0
PixelHit 1293, 949, 7.61239, 0
PixelHit 1293, 950, 5.90764, 0
PixelHit 1293, 951, 35.5868, 0
PixelHit 1293, 952, 108.653, 0
PixelHit 1293, 953, 135.171, 0
PixelHit 1293, 954, 44.5333, 0
PixelHit 1293, 955, 3.69592, 0
PixelHit 1294, 942, 2.6723, 0
PixelHit 1294, 943, 2.0874, 0
PixelHit 1294, 944, 5.38666, 0
PixelHit 1294, 945, 9.6537, 0
PixelHit 1294, 946, 6.40746, 0
PixelHit 1294, 947, 4.9437, 0
PixelHit 1294, 948, 7.22779, 0
PixelHit 1294, 949, 17.9843, 0
PixelHit 1294, 950, 10.6017, 0
PixelHit 1294, 951, 15.501, 0
PixelHit 1294, 952, 24.7258, 0
PixelHit 1294, 953, 20.9203, 0
PixelHit 1294, 954, 11.0454, 0
PixelHit 1295, 941, 3.7934, 0
PixelHit 1295, 942, 11.564, 0
PixelHit 1295, 943, 10.4142, 0
PixelHit 1295, 944, 17.9311, 0
PixelHit 1295, 945, 15.4509, 0
PixelHit 1295, 946, 13.4987, 0
PixelHit 1295, 947, 9.82148, 0
PixelHit 1295, 948, 5.35587, 0
PixelHit 1295, 949, 9.07236, 0
PixelHit 1295, 950, 2.8013, 0
PixelHit 1295, 953, 1.45495, 0
PixelHit 1296, 939, 9.01883, 0
PixelHit 1296, 940, 11.0904, 0
PixelHit 1296, 941, 16.0495, 0
PixelHit 1296, 942, 32.3467, 0
PixelHit 1296, 943, 16.776, 0
PixelHit 1296, 944, 13.3787, 0
PixelHit 1296, 945, 11.9166, 0
PixelHit 1296, 946, 12.7568, 0
PixelHit 1296, 947, 0.671755, 0
PixelHit 1296, 948, 4.85782, 0
PixelHit 1297, 931, 2.66554, 0
PixelHit 1297, 937, 2.32829, 0
PixelHit 1297, 938, 11.2182, 0
PixelHit 1297, 939, 11.3241, 0
PixelHit 1297, 940, 30.9665, 0
PixelHit 1297, 941, 33.7511, 0
PixelHit 1297, 942, 24.9599, 0
PixelHit 1297, 943, 20.6253, 0
PixelHit 1297, 944, 12.8225, 0
PixelHit 1297, 945, 4.65555, 0
PixelHit 1297, 946, 3.25342, 0
PixelHit 1298, 929, 1.07862, 0
PixelHit 1298, 930, 0.295888, 0
PixelHit 1298, 931, 2.08635, 0
PixelHit 1298, 932, 8.59169, 0
PixelHit 1298, 933, 4.22537, 0
PixelHit 1298, 934, 7.9908, 0
PixelHit 1298, 935, 9.04763, 0
PixelHit 1298, 936, 6.14258, 0
PixelHit 1298, 937, 3.1644, 0
PixelHit 1298, 938, 4.79158, 0
PixelHit 1298, 939, 17.5601, 0
PixelHit 1298, 940, 19.9173, 0
PixelHit 1298, 941, 25.2847, 0
PixelHit 1298, 942, 13.5427, 0
PixelHit 1298, 943, 5.80043, 0
PixelHit 1298, 944, 1.40204, 0
PixelHit 1298, 945, -0.197809, 0
PixelHit 1299, 928, 3.52585, 0
PixelHit 1299, 929, 5.87288, 0
PixelHit 1299, 930, 5.15275, 0
PixelHit 1299, 931, 11.6005, 0
PixelHit 1299, 932, 13.1615, 0
PixelHit 1299, 933, 11.9068, 0
PixelHit 1299, 934, 25.3768, 0
PixelHit 1299, 935, 12.6871, 0
PixelHit 1299, 936, 5.28677, 0
PixelHit 1299, 937, 5.02524, 0
PixelHit 1299, 938, 5.33116, 0
PixelHit 1299, 939, 8.22396, 0
PixelHit 1299, 940, 7.37015, 0
PixelHit 1299, 941, 4.16138, 0
PixelHit 1299, 942, 3.17812, 0
PixelHit 1300, 923, 0.143707, 0
PixelHit 1300, 924, 1.73777, 0
PixelHit 1300, 926, 2.25046, 0
PixelHit 1300, 927, 8.14792, 0
PixelHit 1300, 928, 9.56051, 0
PixelHit 1300, 929, 21.237, 0
PixelHit 1300, 930, 30.7553, 0
PixelHit 1300, 931, 17.6446, 0
PixelHit 1300, 932, 26.7659, 0
PixelHit 1300, 933, 21.4537, 0
PixelHit 1300, 934, 15.125, 0
PixelHit 1300, 935, 9.92071, 0
PixelHit 1300, 936, 4.0564, 0
PixelHit 1300, 937, 2.62311, 0
PixelHit 1301, 922, 3.38272, 0
PixelHit 1301, 923, 5.14692, 0
PixelHit 1301, 924, 20.6925, 0
PixelHit 1301, 925, 17.2445, 0
PixelHit 1301, 926, 16.5766, 0
PixelHit 1301, 927, 20.5355, 0
PixelHit 1301, 928, 33.7157, 0
PixelHit 1301, 929, 26.5954, 0
PixelHit 1301, 930, 26.806, 0
PixelHit 1301, 931, 20.2655, 0
PixelHit 1301, 932, 19.574, 0
PixelHit 1301, 933, 14.4427, 0
PixelHit 1301, 934, 12.3801, 0
PixelHit 1301, 935, 2.82368, 0
PixelHit 1301, 938, 2.18957, 0
PixelHit 1302, 921, 4.31227, 0
PixelHit 1302, 922, 11.091, 0
PixelHit 1302, 923, 27.3745, 0
PixelHit 1302, 924, 42.9872, 0
PixelHit 1302, 925, 41.8026, 0
PixelHit 1302, 926, 32.692, 0
PixelHit 1302, 927, 35.638, 0
PixelHit 1302, 928, 26.3201, 0
PixelHit 1302, 929, 23.4763, 0
PixelHit 1302, 930, 19.3313, 0
PixelHit 1302, 931, 3.36725, 0
PixelHit 1302, 932, 7.93476, 0
PixelHit 1302, 933, 7.89179, 0
PixelHit 1303, 921, 4.85732, 0
PixelHit 1303, 922, 25.0056, 0
PixelHit 1303, 923, 37.0177, 0
PixelHit 1303, 924, 60.019, 0
PixelHit 1303, 925, 44.0097, 0
PixelHit 1303, 926, 28.6588, 0
PixelHit 1303, 927, 24.0675, 0
PixelHit 1303, 928, 14.591, 0
PixelHit 1303, 929, 10.9401, 0
PixelHit 1303, 930, 6.57545, 0
PixelHit 1303, 931, 4.35263, 0
PixelHit 1303, 934, 2.6447, 0
PixelHit 1304, 920, 1.80468, 0
PixelHit 1304, 921, 1.38792, 0
PixelHit 1304, 922, 11.3242, 0
PixelHit 1304, 923, 31.6083, 0
PixelHit 1304, 924, 41.2999, 0
PixelHit 1304, 925, 24.373, 0
PixelHit 1304, 926, 15.6793, 0
PixelHit 1304, 927, 7.85287, 0
PixelHit 1304, 928, 5.89238, 0
PixelHit 1305, 919, 0.668485, 0
PixelHit 1305, 921, 6.82216, 0
PixelHit 1305, 922, 11.2221, 0
PixelHit 1305, 923, 12.4874, 0
PixelHit 1305, 924, 14.2538, 0
PixelHit 1305, 925, 7.28836, 0
PixelHit 1305, 926, 9.34217, 0
PixelHit 1305, 927, 0.68744, 0
PixelHit 1305, 928, 1.24422, 0
PixelHit 1305, 930, 0.385263, 0
PixelHit 1306, 922, 0.548476, 0
PixelHit 1306, 923, 0.790461, 0
PixelHit 1306, 924, 5.10005, 0
PixelHit 1306, 925, 1.58073, 0
PixelHit 1437, 405, 1.09097, 0
PixelHit 1437, 406, 4.58499, 0
PixelHit 1437, 407, 4.44825, 0
PixelHit 1437, 408, 9.86563, 0
PixelHit 1437, 409, 96.7797, 0
PixelHit 1437, 410, 47.442, 0
PixelHit 1438, 402, 4.01322, 0
PixelHit 1438, 403, 4.28254, 0
PixelHit 1438, 404, 17.0367, 0
PixelHit 1438, 405, 82.4168, 0
PixelHit 1438, 406, 60.6012, 0
PixelHit 1438, 407, 23.8859, 0
PixelHit 1438, 409, 6.127, 0
PixelHit 1439, 398, 2.63381, 0
PixelHit 1439, 401, 6.08844, 0
PixelHit 1439, 402, 22.0838, 0
PixelHit 1439, 403, 50.5316, 0
PixelHit 1439, 404, 43.0324, 0
PixelHit 1439, 405, 62.2605, 0
PixelHit 1439, 406, 37.286, 0
PixelHit 1439, 407, 2.72535, 0
PixelHit 1440, 394, 1.55822, 0
PixelHit 1440, 395, 2.76038, 0
PixelHit 1440, 396, 7.40316, 0
PixelHit 1440, 397, 4.80958, 0
PixelHit 1440, 398, 6.7228, 0
PixelHit 1440, 399, 12.6209, 0
PixelHit 1440, 400, 14.2466, 0
PixelHit 1440, 401, 17.5577, 0
PixelHit 1440, 402, 39.8972, 0
PixelHit 1440, 403, 28.3999, 0
PixelHit 1440, 404, 9.41884, 0
PixelHit 1441, 391, 1.66357, 0
PixelHit 1441, 392, 1.67506, 0
PixelHit 1441, 393, 3.21921, 0
PixelHit 1441, 394, 7.1396, 0
PixelHit 1441, 395, 22.7919, 0
PixelHit 1441, 396, 15.7219, 0
PixelHit 1441, 397, 29.7704, 0
PixelHit 1441, 398, 19.7114, 0
PixelHit 1441, 399, 25.1325, 0
PixelHit 1441, 400, 17.8806, 0
PixelHit 1441, 401, 4.14477, 0
PixelHit 1441, 402, 3.60459, 0
PixelHit 1441, 404, 1.28442, 0
PixelHit 1442, 391, 5.64091, 0
PixelHit 1442, 392, 7.22744, 0
PixelHit 1442, 393, 15.7791, 0
PixelHit 1442, 394, 32.8835, 0
PixelHit 1442, 395, 50.5708, 0
PixelHit 1442, 396, 60.6445, 0
PixelHit 1442, 397, 40.0191, 0
PixelHit 1442, 398, 8.01573, 0
PixelHit 1442, 399, 3.27815, 0
PixelHit 1442, 400, 2.47953, 0
PixelHit 1443, 386, 3.11895, 0
PixelHit 1443, 388, 2.32177, 0
PixelHit 1443, 389, 9.63305, 0
PixelHit 1443, 390, 21.0756, 0
PixelHit 1443, 391, 24.7662, 0
PixelHit 1443, 392, 28.0461, 0
PixelHit 1443, 393, 21.9104, 0
PixelHit 1443, 394, 28.3324, 0
PixelHit 1443, 395, 44.2395, 0
PixelHit 1443, 396, 30.7459, 0
PixelHit 1443, 397, 11.51, 0
PixelHit 1444, 381, 1.03579, 0
PixelHit 1444, 383, 4.34336, 0
PixelHit 1444, 384, 3.58594, 0
PixelHit 1444, 386, 4.82574, 0
PixelHit 1444, 387, 5.00291, 0
PixelHit 1444, 388, 18.8622, 0
PixelHit 1444, 389, 30.849, 0
PixelHit 1444, 390, 35.7177, 0
PixelHit 1444, 391, 25.9358, 0
PixelHit 1444, 392, 27.023, 0
PixelHit 1444, 393, 14.2077, 0
PixelHit 1444, 394, 3.52196, 0
PixelHit 1444, 395, 4.47553, 0
PixelHit 1444, 397, 3.79506, 0
PixelHit 1445, 381, 6.25589, 0
PixelHit 1445, 382, 4.92039, 0
PixelHit 1445, 383, 8.99262, 0
PixelHit 1445, 384, 15.946, 0
PixelHit 1445, 385, 22.3755, 0
PixelHit 1445, 386, 10.2481, 0
PixelHit 1445, 387, 19.0923, 0
PixelHit 1445, 388, 17.792, 0
PixelHit 1445, 389, 35.4692, 0
PixelHit 1445, 390, 34.4195, 0
PixelHit 1445, 391, 18.291, 0
PixelHit 1445, 392, 2.03211, 0
PixelHit 1446, 375, 0.226712, 0
PixelHit 1446, 378, 3.28955, 0
PixelHit 1446, 379, 1.46617, 0
PixelHit 1446, 380, 6.37466, 0
PixelHit 1446, 381, 8.04172, 0
PixelHit 1446, 382, 11.3176, 0
PixelHit 1446, 383, 31.5756, 0
PixelHit 1446, 384, 23.4029, 0
PixelHit 1446, 385, 27.8488, 0
PixelHit 1446, 386, 18.2593, 0
PixelHit 1446, 387, 16.895, 0
PixelHit 1446, 388, 12.2015, 0
PixelHit 1446, 389, 10.5015, 0
PixelHit 1446, 390, 4.85422, 0
PixelHit 1446, 391, 2.78666, 0
PixelHit 1446, 392, 0.880671, 0
PixelHit 1447, 373, 1.92038, 0
PixelHit 1447, 375, 2.5168, 0
PixelHit 1447, 376, 5.74407, 0
PixelHit 1447, 377, 4.38311, 0
PixelHit 1447, 378, 20.2397, 0
PixelHit 1447, 379, 12.86, 0
PixelHit 1447, 380, 18.6617, 0
PixelHit 1447, 381, 11.4641, 0
PixelHit 1447, 382, 32.5487, 0
PixelHit 1447, 383, 32.3551, 0
PixelHit 1447, 384, 34.8587, 0
PixelHit 1447, 385, 13.7348, 0
PixelHit 1447, 386, 5.20148, 0
PixelHit 1447, 387, 6.76173, 0
PixelHit 1447, 388, 4.1551, 0
PixelHit 1447, 390, 2.54772, 0
PixelHit 1448, 371, 0.499265, 0
PixelHit 1448, 372, 11.0298, 0
PixelHit 1448, 373, 2.39268, 0
PixelHit 1448, 374, 9.19111, 0
PixelHit 1448, 375, 16.1992, 0
PixelHit 1448, 376, 11.309, 0
PixelHit 1448, 377, 18.2463, 0
PixelHit 1448, 378, 25.6241, 0
PixelHit 1448, 379, 26.9531, 0
PixelHit 1448, 380, 23.6888, 0
PixelHit 1448, 381, 12.6838, 0
PixelHit 1448, 382, 13.0536, 0
PixelHit 1448, 383, 11.7444, 0
PixelHit 1448, 384, 13.569, 0
PixelHit 1448, 385, 3.29821, 0
PixelHit 1448, 387, 2.10121, 0
PixelHit 1449, 369, 2.42442, 0
PixelHit 1449, 370, 5.05651, 0
PixelHit 1449, 371, 12.6659, 0
PixelHit 1449, 372, 17.0503, 0
PixelHit 1449, 373, 33.5754, 0
PixelHit 1449, 374, 23.9522, 0
PixelHit 1449, 375, 30.8071, 0
PixelHit 1449, 376, 24.2011, 0
PixelHit 1449, 377, 24.9801, 0
PixelHit 1449, 378, 9.83327, 0
PixelHit 1449, 379, 29.0417, 0
PixelHit 1449, 380, 20.7647, 0
PixelHit 1449, 381, 13.5013, 0
PixelHit 1449, 382, 5.96422, 0
PixelHit 1449, 383, 5.31309, 0
PixelHit 1449, 384, 2.35153, 0
PixelHit 1449, 385, 2.24613, 0
PixelHit 1450, 369, 0.61742, 0
PixelHit 1450, 370, 7.3189, 0
PixelHit 1450, 371, 26.7099, 0
PixelHit 1450, 372, 42.6254, 0
PixelHit 1450, 373, 57.4941, 0
PixelHit 1450, 374, 38.4088, 0
PixelHit 1450, 375, 24.6087, 0
PixelHit 1450, 376, 18.3896, 0
PixelHit 1450, 377, 17.0238, 0
PixelHit 1450, 378, 6.09465, 0
PixelHit 1450, 379, 11.2875, 0
PixelHit 1450, 380, 2.39305, 0
PixelHit 1451, 370, 11.1045, 0
PixelHit 1451, 371, 18.7761, 0
PixelHit 1451, 372, 46.2095, 0
PixelHit 1451, 373, 46.3805, 0
PixelHit 1451, 374, 33.2501, 0
PixelHit 1451, 375, 15.5465, 0
PixelHit 1451, 376, 9.72098, 0
PixelHit 1451, 377, 8.53229, 0
PixelHit 1451, 378, 3.73573, 0
PixelHit 1451, 379, 4.25975, 0
PixelHit 1451, 385, 0.531909, 0
PixelHit 1452, 370, 3.67298, 0
PixelHit 1452, 371, 13.4827, 0
PixelHit 1452, 372, 9.9298, 0
PixelHit 1452, 373, 30.8092, 0
PixelHit 1452, 374, 18.4819, 0
PixelHit 1452, 375, 14.412, 0
PixelHit 1452, 376, 3.25579, 0
PixelHit 1452, 377, 1.71215, 0
PixelHit 1452, 380, 2.62213, 0
PixelHit 1453, 372, 5.53084, 0
PixelHit 1453, 373, 4.32478, 0
PixelHit 1453, 374, 1.65331, 0
PixelHit 1453, 375, 4.44485, 0
PixelHit 1454, 373, 0.382037, 0
PixelHit 1455, 373, 1.47139, 0
=== 67 ===
=== 68 ===
=== 69 ===
=== 70 ===
=== 71 ===
=== 72 ===
=== 73 ===
=== 74 ===
=== 75 ===
=== 76 ===
--- mydetector ---
PixelHit 1276, 1008, 0.442006, 0
PixelHit 1277, 1005, 1.39753, 0
PixelHit 1277, 1006, 6.87822, 0
PixelHit 1277, 1007, 14.897, 0
PixelHit 1277, 1008, 101.176, 0
PixelHit 1277, 1009, 4.82848, 0
PixelHit 1278, 1001, 0.995458, 0
PixelHit 1278, 1004, 2.42292, 0
PixelHit 1278, 1005, 32.9396, 0
PixelHit 1278, 1006, 104.892, 0
PixelHit 1278, 1007, 51.6445, 0
PixelHit 1278, 1008, 30.2717, 0
PixelHit 1278, 1009, 2.87022, 0
PixelHit 1279, 996, 2.5749, 0
PixelHit 1279, 1000, 11.6621, 0
PixelHit 1279, 1001, 46.6712, 0
PixelHit 1279, 1002, 68.5826, 0
PixelHit 1279, 1003, 34.9014, 0
PixelHit 1279, 1004, 6.41208, 0
PixelHit 1279, 1005, 16.0195, 0
PixelHit 1279, 1006, 7.67131, 0
PixelHit 1280, 995, 1.94585, 0
PixelHit 1280, 996, 9.55219, 0
PixelHit 1280, 997, 8.54181, 0
PixelHit 1280, 999, 2.8054, 0
PixelHit 1280, 1000, 48.1956, 0
PixelHit 1280, 1001, 83.8383, 0
PixelHit 1280, 1002, 57.8128, 0
PixelHit 1280, 1003, 25.8185, 0
PixelHit 1280, 1004, 1.58177, 0
PixelHit 1281, 994, 7.53467, 0
PixelHit 1281, 995, 38.7537, 0
PixelHit 1281, 996, 68.4818, 0
PixelHit 1281, 997, 45.4647, 0
PixelHit 1281, 998, 20.9278, 0
PixelHit 1281, 999, 6.22165, 0
PixelHit 1281, 1000, 18.1696, 0
PixelHit 1281, 1001, 14.1846, 0
PixelHit 1281, 1002, 5.0899, 0
PixelHit 1282, 989, 2.01756, 0
PixelHit 1282, 990, 17.6821, 0
PixelHit 1282, 991, 26.1147, 0
PixelHit 1282, 992, 8.30668, 0
PixelHit 1282, 993, 1.74856, 0
PixelHit 1282, 994, 17.8346, 0
PixelHit 1282, 995, 97.5205, 0
PixelHit 1282, 996, 89.0703, 0
PixelHit 1282, 997, 35.14, 0
PixelHit 1282, 998, 13.9028, 0
PixelHit 1282, 999, 0.869768, 0
PixelHit 1282, 1000, 1.33036, 0
PixelHit 1283, 984, 0.599701, 0
PixelHit 1283, 987, 5.03297, 0
PixelHit 1283, 988, 6.67272, 0
PixelHit 1283, 989, 32.2397, 0
PixelHit 1283, 990, 55.1077, 0
PixelHit 1283, 991, 116.354, 0
PixelHit 1283, 992, 54.9316, 0
PixelHit 1283, 993, 1.66891, 0
PixelHit 1283, 994, 6.03673, 0
PixelHit 1283, 995, 28.7363, 0
PixelHit 1283, 996, 13.2258, 0
PixelHit 1283, 997, 5.03372, 0
PixelHit 1284, 982, 2.6733, 0
PixelHit 1284, 984, 8.31482, 0
PixelHit 1284, 986, 14.4626, 0
PixelHit 1284, 987, 12.9699, 0
PixelHit 1284, 988, 20.3855, 0
PixelHit 1284, 989, 52.5223, 0
PixelHit 1284, 990, 76.2171, 0
PixelHit 1284, 991, 111.169, 0
PixelHit 1284, 992, 53.2041, 0
PixelHit 1284, 993, 4.42536, 0
PixelHit 1284, 994, 2.09448, 0
PixelHit 1284, 995, 4.17158, 0
PixelHit 1284, 996, 3.20606, 0
PixelHit 1285, 978, 0.747623, 0
PixelHit 1285, 982, 3.87177, 0
PixelHit 1285, 983, 9.11305, 0
PixelHit 1285, 984, 15.4932, 0
PixelHit 1285, 985, 32.766, 0
PixelHit 1285, 986, 34.04, 0
PixelHit 1285, 987, 24.8584, 0
PixelHit 1285, 988, 33.1792, 0
PixelHit 1285, 989, 31.1403, 0
PixelHit 1285, 990, 34.0317, 0
PixelHit 1285, 991, 16.2409, 0
PixelHit 1285, 992, 11.3038, 0
PixelHit 1286, 978, 2.61723, 0
PixelHit 1286, 979, 7.22655, 0
PixelHit 1286, 980, 12.4149, 0
PixelHit 1286, 981, 10.8314, 0
PixelHit 1286, 982, 16.2195, 0
PixelHit 1286, 983, 15.1449, 0
PixelHit 1286, 984, 27.9166, 0
PixelHit 1286, 985, 38.6937, 0
PixelHit 1286, 986, 43.6943, 0
PixelHit 1286, 987, 12.305, 0
PixelHit 1286, 988, 10.8982, 0
PixelHit 1286, 990, 3.45798, 0
PixelHit 1286, 991, 0.939649, 0
PixelHit 1287, 973, 2.21104, 0
PixelHit 1287, 974, 2.26523, 0
PixelHit 1287, 976, 4.18472, 0
PixelHit 1287, 977, 10.4112, 0
PixelHit 1287, 978, 13.4245, 0
PixelHit 1287, 979, 17.3935, 0
PixelHit 1287, 980, 17.7083, 0
PixelHit 1287, 981, 15.3967, 0
PixelHit 1287, 982, 19.1472, 0
PixelHit 1287, 983, 19.6121, 0
PixelHit 1287, 984, 12.749, 0
PixelHit 1287, 985, 15.7031, 0
PixelHit 1287, 986, 6.51133, 0
PixelHit 1287, 987, 5.18511, 0
PixelHit 1288, 970, 1.22854, 0
PixelHit 1288, 972, 4.20759, 0
PixelHit 1288, 974, 9.28907, 0
PixelHit 1288, 975, 11.7502, 0
PixelHit 1288, 976, 12.9239, 0
PixelHit 1288, 977, 26.5779, 0
PixelHit 1288, 978, 11.9597, 0
PixelHit 1288, 979, 21.8529, 0
PixelHit 1288, 980, 17.2198, 0
PixelHit 1288, 981, 18.7383, 0
PixelHit 1288, 982, 9.20943, 0
PixelHit 1288, 983, 5.08402, 0
PixelHit 1288, 984, 5.40287, 0
PixelHit 1289, 970, 3.41748, 0
PixelHit 1289, 971, 6.46295, 0
PixelHit 1289, 972, 8.49632, 0
PixelHit 1289, 973, 17.332, 0
PixelHit 1289, 974, 16.6164, 0
PixelHit 1289, 975, 14.9315, 0
PixelHit 1289, 976, 17.664, 0
PixelHit 1289, 977, 18.4865, 0
PixelHit 1289, 978, 17.3413, 0
PixelHit 1289, 979, 17.2925, 0
PixelHit 1289, 980, 7.95606, 0
PixelHit 1289, 981, 2.62176, 0
PixelHit 1289, 982, 4.28084, 0
PixelHit 1290, 965, 2.81334, 0
PixelHit 1290, 966, 0.738658, 0
PixelHit 1290, 967, 4.61804, 0
PixelHit 1290, 968, 5.64863, 0
PixelHit 1290, 969, 8.35568, 0
PixelHit 1290, 970, 11.7454, 0
PixelHit 1290, 971, 16.5705, 0
PixelHit 1290, 972, 27.9394, 0
PixelHit 1290, 973, 24.3511, 0
PixelHit 1290, 974, 20.8791, 0
PixelHit 1290, 975, 16.5909, 0
PixelHit 1290, 976, 10.5793, 0
PixelHit 1290, 977, 7.42936, 0
PixelHit 1290, 978, 5.13221, 0
PixelHit 1290, 979, 5.54325, 0
PixelHit 1291, 964, 4.49761, 0
PixelHit 1291, 965, 5.76827, 0
PixelHit 1291, 966, 7.96326, 0
PixelHit 1291, 967, 14.107, 0
PixelHit 1291, 968, 19.1954, 0
PixelHit 1291, 969, 19.1204, 0
PixelHit 1291, 970, 24.8756, 0
PixelHit 1291, 971, 11.7042, 0
PixelHit 1291, 972, 19.5182, 0
PixelHit 1291, 973, 15.7495, 0
PixelHit 1291, 974, 11.4394, 0
PixelHit 1291, 975, 11.0327, 0
PixelHit 1291, 976, 1.38394, 0
PixelHit 1291, 977, 2.17478, 0
PixelHit 1291, 978, 1.87567, 0
PixelHit 1292, 961, 2.31719, 0
PixelHit 1292, 962, 3.83146, 0
PixelHit 1292, 963, 4.67847, 0
PixelHit 1292, 964, 6.52976, 0
PixelHit 1292, 965, 19.2789, 0
PixelHit 1292, 966, 13.6221, 0
PixelHit 1292, 967, 26.3115, 0
PixelHit 1292, 968, 23.2325, 0
PixelHit 1292, 969, 15.1213, 0
PixelHit 1292, 970, 11.1966, 0
PixelHit 1292, 971, 12.6406, 0
PixelHit 1292, 972, 7.10983, 0
PixelHit 1292, 973, 4.67692, 0
PixelHit 1292, 974, 2.32789, 0
PixelHit 1292, 976, 0.83981, 0
PixelHit 1293, 962, 5.0622, 0
PixelHit 1293, 963, 10.7362, 0
PixelHit 1293, 964, 11.4699, 0
PixelHit 1293, 965, 15.3539, 0
PixelHit 1293, 966, 15.4029, 0
PixelHit 1293, 967, 20.4886, 0
PixelHit 1293, 968, 21.5298, 0
PixelHit 1293, 969, 8.98129, 0
PixelHit 1293, 970, 9.29873, 0
PixelHit 1293, 971, 5.45754, 0
PixelHit 1293, 972, 3.08533, 0
PixelHit 1293, 973, 5.73858, 0
PixelHit 1294, 961, 1.0907, 0
PixelHit 1294, 962, 3.71574, 0
PixelHit 1294, 963, 9.75019, 0
PixelHit 1294, 964, 4.91876, 0
PixelHit 1294, 965, 17.0058, 0
PixelHit 1294, 966, 6.47383, 0
PixelHit 1294, 967, 4.48387, 0
PixelHit 1294, 968, 7.913, 0
PixelHit 1294, 969, 0.467671, 0
PixelHit 1295, 962, 5.09874, 0
PixelHit 1295, 963, 3.99433, 0
PixelHit 1295, 965, 7.09553, 0
PixelHit 1295, 967, 2.37456, 0
PixelHit 1295, 968, 0.89474, 0
PixelHit 1295, 970, 1.30233, 0
PixelHit 1296, 963, 2.61963, 0
PixelHit 1296, 964, 1.52183, 0
PixelHit 1296, 965, 1.00111, 0
PixelHit 1471, 1123, 1.53901, 0
PixelHit 1472, 1118, 3.94118, 0
PixelHit 1472, 1121, 7.38684, 0
PixelHit 1472, 1122, 18.8598, 0
PixelHit 1472, 1123, 12.9987, 0
PixelHit 1473, 1115, 1.55895, 0
PixelHit 1473, 1116, 3.85649, 0
PixelHit 1473, 1117, 5.91575, 0
PixelHit 1473, 1118, 52.2108, 0
PixelHit 1473, 1119, 29.5483, 0
PixelHit 1473, 1120, 9.65024, 0
PixelHit 1473, 1121, 3.18534, 0
PixelHit 1473, 1122, 2.89889, 0
PixelHit 1474, 1111, 2.28254, 0
PixelHit 1474, 1112, 9.93858, 0
PixelHit 1474, 1113, 17.6498, 0
PixelHit 1474, 1114, 14.9022, 0
PixelHit 1474, 1115, 19.5411, 0
PixelHit 1474, 1116, 17.1674, 0
PixelHit 1474, 1117, 13.3996, 0
PixelHit 1474, 1118, 23.904, 0
PixelHit 1474, 1119, 13.0313, 0
PixelHit 1475, 1107, 1.77594, 0
PixelHit 1475, 1108, 1.26771, 0
PixelHit 1475, 1109, 5.07263, 0
PixelHit 1475, 1110, 5.71197, 0
PixelHit 1475, 1111, 21.1472, 0
PixelHit 1475, 1112, 63.6812, 0
PixelHit 1475, 1113, 79.742, 0
PixelHit 1475, 1114, 28.9477, 0
PixelHit 1475, 1115, 21.5601, 0
PixelHit 1475, 1116, 7.35077, 0
PixelHit 1476, 1106, 2.57479, 0
PixelHit 1476, 1107, 15.5436, 0
PixelHit 1476, 1108, 17.1138, 0
PixelHit 1476, 1109, 9.51875, 0
PixelHit 1476, 1110, 16.6778, 0
PixelHit 1476, 1111, 32.273, 0
PixelHit 1476, 1112, 36.0821, 0
PixelHit 1476, 1113, 31.6258, 0
PixelHit 1476, 1114, 1.70656, 0
PixelHit 1477, 1100, 1.47289, 0
PixelHit 1477, 1101, 6.09101, 0
PixelHit 1477, 1102, 14.074, 0
PixelHit 1477, 1103, 8.42115, 0
PixelHit 1477, 1104, 4.75989, 0
PixelHit 1477, 1105, 2.67812, 0
PixelHit 1477, 1106, 4.29134, 0
PixelHit 1477, 1107, 26.2752, 0
PixelHit 1477, 1108, 37.4242, 0
PixelHit 1477, 1109, 9.45608, 0
PixelHit 1477, 1110, 3.13539, 0
PixelHit 1477, 1111, 6.82918, 0
PixelHit 1477, 1112, 3.57533, 0
PixelHit 1478, 1094, 0.211568, 0
PixelHit 1478, 1096, 1.40019, 0
PixelHit 1478, 1099, 8.78362, 0
PixelHit 1478, 1100, 15.098, 0
PixelHit 1478, 1101, 16.3404, 0
PixelHit 1478, 1102, 37.4787, 0
PixelHit 1478, 1103, 32.2824, 0
PixelHit 1478, 1104, 14.5341, 0
PixelHit 1478, 1105, 1.10868, 0
PixelHit 1478, 1106, 5.4985, 0
PixelHit 1478, 1107, 12.7245, 0
PixelHit 1478, 1108, 8.73148, 0
PixelHit 1478, 1110, 2.20358, 0
PixelHit 1479, 1095, 4.28885, 0
PixelHit 1479, 1096, 10.719, 0
PixelHit 1479, 1097, 15.8972, 0
PixelHit 1479, 1098, 4.13468, 0
PixelHit 1479, 1099, 12.9017, 0
PixelHit 1479, 1100, 15.0974, 0
PixelHit 1479, 1101, 12.2738, 0
PixelHit 1479, 1102, 29.8237, 0
PixelHit 1479, 1103, 37.6804, 0
PixelHit 1479, 1104, 15.2984, 0
PixelHit 1479, 1105, 2.06696, 0
PixelHit 1479, 1106, 1.2682, 0
PixelHit 1480, 1088, 1.19191, 0
PixelHit 1480, 1091, 2.49621, 0
PixelHit 1480, 1092, 8.8924, 0
PixelHit 1480, 1093, 7.36953, 0
PixelHit 1480, 1094, 11.1625, 0
PixelHit 1480, 1095, 10.2963, 0
PixelHit 1480, 1096, 15.4295, 0
PixelHit 1480, 1097, 26.7408, 0
PixelHit 1480, 1098, 10.9195, 0
PixelHit 1480, 1099, 13.0478, 0
PixelHit 1480, 1100, 18.2115, 0
PixelHit 1480, 1101, 5.97012, 0
PixelHit 1480, 1102, 15.2575, 0
PixelHit 1480, 1103, 9.30087, 0
PixelHit 1480, 1104, 3.7889, 0
PixelHit 1481, 1086, 2.04923, 0
PixelHit 1481, 1088, 13.7951, 0
PixelHit 1481, 1089, 8.23867, 0
PixelHit 1481, 1090, 7.48825, 0
PixelHit 1481, 1091, 15.9135, 0
PixelHit 1481, 1092, 20.4153, 0
PixelHit 1481, 1093, 30.0743, 0
PixelHit 1481, 1094, 18.188, 0
PixelHit 1481, 1095, 19.4355, 0
PixelHit 1481, 1096, 18.4138, 0
PixelHit 1481, 1097, 26.2247, 0
PixelHit 1481, 1098, 21.6186, 0
PixelHit 1481, 1099, 8.70163, 0
PixelHit 1482, 1085, 1.79628, 0
PixelHit 1482, 1086, 6.41601, 0
PixelHit 1482, 1087, 11.4858, 0
PixelHit 1482, 1088, 29.8047, 0
PixelHit 1482, 1089, 30.3406, 0
PixelHit 1482, 1090, 32.1199, 0
PixelHit 1482, 1091, 16.3264, 0
PixelHit 1482, 1092, 29.2172, 0
PixelHit 1482, 1093, 34.8008, 0
PixelHit 1482, 1094, 21.3526, 0
PixelHit 1482, 1095, 11.9961, 0
PixelHit 1482, 1096, 10.7937, 0
PixelHit 1482, 1097, 10.559, 0
PixelHit 1482, 1098, 3.42932, 0
PixelHit 1483, 1076, 2.70184, 0
PixelHit 1483, 1077, 0.210413, 0
PixelHit 1483, 1078, 1.17637, 0
PixelHit 1483, 1079, 1.42007, 0
PixelHit 1483, 1080, 2.75542, 0
PixelHit 1483, 1081, 2.58609, 0
PixelHit 1483, 1082, 7.255, 0
PixelHit 1483, 1084, 10.0209, 0
PixelHit 1483, 1085, 14.6206, 0
PixelHit 1483, 1086, 10.8612, 0
PixelHit 1483, 1087, 11.7445, 0
PixelHit 1483, 1088, 43.6751, 0
PixelHit 1483, 1089, 44.3003, 0
PixelHit 1483, 1090, 30.9671, 0
PixelHit 1483, 1091, 12.1681, 0
PixelHit 1483, 1092, 17.9884, 0
PixelHit 1483, 1093, 17.4156, 0
PixelHit 1483, 1094, 8.73692, 0
PixelHit 1483, 1095, 3.18801, 0
PixelHit 1483, 1097, 1.76635, 0
PixelHit 1483, 1098, 1.77687, 0
PixelHit 1484, 1078, 9.13409, 0
PixelHit 1484, 1079, 15.8556, 0
PixelHit 1484, 1080, 10.9846, 0
PixelHit 1484, 1081, 11.7069, 0
PixelHit 1484, 1082, 7.29531, 0
PixelHit 1484, 1083, 7.64351, 0
PixelHit 1484, 1084, 14.826, 0
PixelHit 1484, 1085, 16.1684, 0
PixelHit 1484, 1086, 14.6508, 0
PixelHit 1484, 1087, 16.1939, 0
PixelHit 1484, 1088, 21.487, 0
PixelHit 1484, 1089, 33.0468, 0
PixelHit 1484, 1090, 22.2155, 0
PixelHit 1484, 1091, 4.13204, 0
PixelHit 1484, 1092, 2.58547, 0
PixelHit 1484, 1093, 2.07312, 0
PixelHit 1484, 1094, 3.22532, 0
PixelHit 1485, 1076, 3.72785, 0
PixelHit 1485, 1077, 9.36348, 0
PixelHit 1485, 1078, 17.649, 0
PixelHit 1485, 1079, 32.5302, 0
PixelHit 1485, 1080, 35.6806, 0
PixelHit 1485, 1081, 26.404, 0
PixelHit 1485, 1082, 19.1399, 0
PixelHit 1485, 1083, 12.7881, 0
PixelHit 1485, 1084, 12.2912, 0
PixelHit 1485, 1085, 19.3361, 0
PixelHit 1485, 1086, 19.3546, 0
PixelHit 1485, 1087, 14.3194, 0
PixelHit 1485, 1088, 13.1102, 0
PixelHit 1485, 1089, 3.98994, 0
PixelHit 1485, 1090, 10.9565, 0
PixelHit 1486, 1076, 2.35123, 0
PixelHit 1486, 1077, 9.65997, 0
PixelHit 1486, 1078, 28.0885, 0
PixelHit 1486, 1079, 58.711, 0
PixelHit 1486, 1080, 53.4614, 0
PixelHit 1486, 1081, 25.7628, 0
PixelHit 1486, 1082, 11.4772, 0
PixelHit 1486, 1083, 9.20142, 0
PixelHit 1486, 1084, 9.15532, 0
PixelHit 1486, 1085, 7.20102, 0
PixelHit 1486, 1086, 5.56656, 0
PixelHit 1486, 1087, 2.34893, 0
PixelHit 1487, 1076, 1.74287, 0
PixelHit 1487, 1077, 6.4816, 0
PixelHit 1487, 1078, 31.3696, 0
PixelHit 1487, 1079, 38.5901, 0
PixelHit 1487, 1080, 37.0195, 0
PixelHit 1487, 1081, 25.8619, 0
PixelHit 1487, 1082, 7.7955, 0
PixelHit 1487, 1083, 5.30366, 0
PixelHit 1487, 1084, 1.95271, 0
PixelHit 1487, 1085, 3.31168, 0
PixelHit 1488, 1077, 6.93466, 0
PixelHit 1488, 1078, 2.50891, 0
PixelHit 1488, 1079, 9.82757, 0
PixelHit 1488, 1080, 7.97165, 0
PixelHit 1488, 1081, 3.74071, 0
PixelHit 1488, 1082, 4.46613, 0
PixelHit 1488, 1083, 1.50728, 0
PixelHit 1489, 1079, 2.55254, 0
PixelHit 1489, 1080, 5.38285, 0
PixelHit 1489, 1081, 2.50242, 0
=== 77 ===
=== 78 ===
=== 79 ===
--- mydetector ---
PixelHit 1302, 966, 1.57812, 0
PixelHit 1303, 964, 2.07601, 0
PixelHit 1303, 965, 5.25382, 0
PixelHit 1303, 966, 4.46153, 0
PixelHit 1303, 967, 28.8136, 0
PixelHit 1304, 962, 6.08619, 0
PixelHit 1304, 963, 11.9392, 0
PixelHit 1304, 964, 52.1679, 0
PixelHit 1304, 965, 219.716, 0
PixelHit 1304, 966, 34.6636, 0
PixelHit 1304, 967, 33.407, 0
PixelHit 1305, 956, 1.89105, 0
PixelHit 1305, 957, 3.28756, 0
PixelHit 1305, 958, 2.67916, 0
PixelHit 1305, 960, 8.14078, 0
PixelHit 1305, 961, 23.7114, 0
PixelHit 1305, 962, 44.5358, 0
PixelHit 1305, 963, 61.8528, 0
PixelHit 1305, 964, 47.1401, 0
PixelHit 1305, 965, 25.2315, 0
PixelHit 1305, 966, 5.03746, 0
PixelHit 1306, 949, 0.881179, 0
PixelHit 1306, 954, 1.80257, 0
PixelHit 1306, 956, 4.01178, 0
PixelHit 1306, 957, 22.5571, 0
PixelHit 1306, 958, 30.8988, 0
PixelHit 1306, 959, 20.3663, 0
PixelHit 1306, 960, 48.137, 0
PixelHit 1306, 961, 45.9217, 0
PixelHit 1306, 962, 15.8835, 0
PixelHit 1306, 963, 9.77698, 0
PixelHit 1307, 951, 1.45856, 0
PixelHit 1307, 952, 4.87161, 0
PixelHit 1307, 953, 3.69169, 0
PixelHit 1307, 954, 3.96354, 0
PixelHit 1307, 955, 11.6912, 0
PixelHit 1307, 956, 19.0341, 0
PixelHit 1307, 957, 63.6284, 0
PixelHit 1307, 958, 61.2381, 0
PixelHit 1307, 959, 13.2325, 0
PixelHit 1307, 960, 1.58559, 0
PixelHit 1307, 961, 2.0791, 0
PixelHit 1308, 943, 3.8195, 0
PixelHit 1308, 948, 2.07422, 0
PixelHit 1308, 949, 4.4024, 0
PixelHit 1308, 950, 9.5689, 0
PixelHit 1308, 951, 8.94482, 0
PixelHit 1308, 952, 25.1924, 0
PixelHit 1308, 953, 27.0012, 0
PixelHit 1308, 954, 27.2552, 0
PixelHit 1308, 955, 14.7827, 0
PixelHit 1308, 956, 10.9481, 0
PixelHit 1308, 957, 15.6363, 0
PixelHit 1308, 958, 5.89395, 0
PixelHit 1308, 959, 2.19025, 0
PixelHit 1309, 944, 1.55296, 0
PixelHit 1309, 947, 3.91823, 0
PixelHit 1309, 948, 10.7259, 0
PixelHit 1309, 949, 25.6506, 0
PixelHit 1309, 950, 38.4038, 0
PixelHit 1309, 951, 28.9058, 0
PixelHit 1309, 952, 35.7803, 0
PixelHit 1309, 953, 28.8866, 0
PixelHit 1309, 954, 17.4966, 0
PixelHit 1309, 955, 11.0632, 0
PixelHit 1309, 956, 2.17022, 0
PixelHit 1309, 958, 1.36999, 0
PixelHit 1310, 943, 7.7733, 0
PixelHit 1310, 944, 17.9474, 0
PixelHit 1310, 945, 19.7636, 0
PixelHit 1310, 946, 7.0088, 0
PixelHit 1310, 947, 14.5401, 0
PixelHit 1310, 948, 29.3625, 0
PixelHit 1310, 949, 52.9725, 0
PixelHit 1310, 950, 57.8741, 0
PixelHit 1310, 951, 29.874, 0
PixelHit 1310, 952, 12.6821, 0
PixelHit 1310, 953, 2.20701, 0
PixelHit 1310, 954, 2.07072, 0
PixelHit 1311, 937, 0.371914, 0
PixelHit 1311, 942, 13.2343, 0
PixelHit 1311, 943, 35.584, 0
PixelHit 1311, 944, 79.9968, 0
PixelHit 1311, 945, 69.1754, 0
PixelHit 1311, 946, 22.0324, 0
PixelHit 1311, 947, 17.7768, 0
PixelHit 1311, 948, 26.2735, 0
PixelHit 1311, 949, 26.7527, 0
PixelHit 1311, 950, 18.0998, 0
PixelHit 1311, 951, 3.01389, 0
PixelHit 1311, 952, 0.366153, 0
PixelHit 1312, 936, 3.58287, 0
PixelHit 1312, 937, 7.88859, 0
PixelHit 1312, 938, 8.14297, 0
PixelHit 1312, 939, 7.62368, 0
PixelHit 1312, 940, 1.59557, 0
PixelHit 1312, 941, 7.18435, 0
PixelHit 1312, 942, 28.2159, 0
PixelHit 1312, 943, 46.2873, 0
PixelHit 1312, 944, 87.5628, 0
PixelHit 1312, 945, 60.5978, 0
PixelHit 1312, 946, 19.3736, 0
PixelHit 1312, 947, 5.80163, 0
PixelHit 1312, 948, 5.04262, 0
PixelHit 1312, 949, 8.40996, 0
PixelHit 1312, 950, 3.62252, 0
PixelHit 1313, 932, 2.40438, 0
PixelHit 1313, 933, 2.4357, 0
PixelHit 1313, 934, 3.19716, 0
PixelHit 1313, 935, 3.91351, 0
PixelHit 1313, 936, 15.6933, 0
PixelHit 1313, 937, 8.93017, 0
PixelHit 1313, 938, 28.359, 0
PixelHit 1313, 939, 21.7945, 0
PixelHit 1313, 940, 14.9693, 0
PixelHit 1313, 941, 8.22702, 0
PixelHit 1313, 942, 15.8396, 0
PixelHit 1313, 943, 20.4101, 0
PixelHit 1313, 944, 34.695, 0
PixelHit 1313, 945, 24.9672, 0
PixelHit 1313, 946, 6.82065, 0
PixelHit 1313, 950, 2.71058, 0
PixelHit 1314, 929, 0.716344, 0
PixelHit 1314, 930, 2.87108, 0
PixelHit 1314, 931, 3.55662, 0
PixelHit 1314, 932, 4.43754, 0
PixelHit 1314, 933, 5.21804, 0
PixelHit 1314, 934, 17.9639, 0
PixelHit 1314, 935, 16.1977, 0
PixelHit 1314, 936, 31.0753, 0
PixelHit 1314, 937, 21.3254, 0
PixelHit 1314, 938, 39.7677, 0
PixelHit 1314, 939, 31.8209, 0
PixelHit 1314, 940, 11.0124, 0
PixelHit 1314, 941, 8.06244, 0
PixelHit 1314, 942, 2.88996, 0
PixelHit 1314, 943, 2.76458, 0
PixelHit 1314, 944, 7.65922, 0
PixelHit 1314, 945, 1.57479, 0
PixelHit 1315, 929, 4.04132, 0
PixelHit 1315, 930, 6.52747, 0
PixelHit 1315, 931, 12.081, 0
PixelHit 1315, 932, 15.045, 0
PixelHit 1315, 933, 21.0284, 0
PixelHit 1315, 934, 22.6106, 0
PixelHit 1315, 935, 24.0127, 0
PixelHit 1315, 936, 29.6828, 0
PixelHit 1315, 937, 32.0469, 0
PixelHit 1315, 938, 23.2172, 0
PixelHit 1315, 939, 17.3225, 0
PixelHit 1315, 940, 3.72494, 0
PixelHit 1315, 941, 2.59668, 0
PixelHit 1315, 944, 1.63012, 0
PixelHit 1316, 924, 2.18003, 0
PixelHit 1316, 925, 1.13374, 0
PixelHit 1316, 926, 2.91516, 0
PixelHit 1316, 927, 2.18882, 0
PixelHit 1316, 928, 3.15207, 0
PixelHit 1316, 930, 8.8375, 0
PixelHit 1316, 931, 14.079, 0
PixelHit 1316, 932, 24.7973, 0
PixelHit 1316, 933, 28.7876, 0
PixelHit 1316, 934, 16.2744, 0
PixelHit 1316, 935, 9.27421, 0
PixelHit 1316, 936, 10.9343, 0
PixelHit 1316, 937, 10.783, 0
PixelHit 1316, 938, 6.27608, 0
PixelHit 1316, 939, 4.2308, 0
PixelHit 1317, 920, 1.39538, 0
PixelHit 1317, 921, 3.36616, 0
PixelHit 1317, 923, 1.08061, 0
PixelHit 1317, 924, 8.54606, 0
PixelHit 1317, 925, 4.93061, 0
PixelHit 1317, 926, 13.5439, 0
PixelHit 1317, 927, 11.2498, 0
PixelHit 1317, 928, 10.0454, 0
PixelHit 1317, 929, 10.1861, 0
PixelHit 1317, 930, 18.977, 0
PixelHit 1317, 931, 16.414, 0
PixelHit 1317, 932, 18.7033, 0
PixelHit 1317, 933, 13.1647, 0
PixelHit 1317, 934, 5.37044, 0
PixelHit 1317, 935, 6.16478, 0
PixelHit 1317, 936, 7.22775, 0
PixelHit 1318, 920, 2.26166, 0
PixelHit 1318, 921, 5.45378, 0
PixelHit 1318, 922, 16.9649, 0
PixelHit 1318, 923, 11.286, 0
PixelHit 1318, 924, 11.4348, 0
PixelHit 1318, 925, 12.0304, 0
PixelHit 1318, 926, 15.8787, 0
PixelHit 1318, 927, 14.0572, 0
PixelHit 1318, 928, 19.6917, 0
PixelHit 1318, 929, 10.6612, 0
PixelHit 1318, 930, 10.6718, 0
PixelHit 1318, 931, 9.94589, 0
PixelHit 1318, 932, 4.83624, 0
PixelHit 1318, 934, 1.01594, 0
PixelHit 1319, 920, 1.25207, 0
PixelHit 1319, 921, 6.93554, 0
PixelHit 1319, 922, 22.5727, 0
PixelHit 1319, 923, 24.7397, 0
PixelHit 1319, 924, 24.9499, 0
PixelHit 1319, 925, 17.2031, 0
PixelHit 1319, 926, 13.9516, 0
PixelHit 1319, 927, 16.7699, 0
PixelHit 1319, 928, 9.31164, 0
PixelHit 1319, 929, 5.37661, 0
PixelHit 1319, 930, 0.943681, 0
PixelHit 1319, 931, 5.04743, 0
PixelHit 1319, 932, 2.05246, 0
PixelHit 1319, 933, 1.87248, 0
PixelHit 1320, 921, 5.92893, 0
PixelHit 1320, 922, 13.8247, 0
PixelHit 1320, 923, 29.0607, 0
PixelHit 1320, 924, 23.2852, 0
PixelHit 1320, 925, 14.2181, 0
PixelHit 1320, 926, 3.41046, 0
PixelHit 1320, 927, 4.10621, 0
PixelHit 1320, 928, 5.02251, 0
PixelHit 1320, 929, 2.49425, 0
PixelHit 1320, 931, 1.44585, 0
PixelHit 1321, 920, 1.79193, 0
PixelHit 1321, 921, 2.90095, 0
PixelHit 1321, 922, 7.56064, 0
PixelHit 1321, 923, 10.3557, 0
PixelHit 1321, 924, 8.46829, 0
PixelHit 1321, 926, 2.66261, 0
PixelHit 1322, 921, 2.27309, 0
PixelHit 1322, 923, 6.50667, 0
PixelHit 1322, 924, -0.0481592, 0
PixelHit 1322, 925, 2.28552, 0
PixelHit 1322, 926, 3.87839, 0
PixelHit 1323, 921, 1.4529, 0
PixelHit 1969, 678, 2.68276, 0
PixelHit 1969, 685, 0.177513, 0
PixelHit 1970, 675, 2.19811, 0
PixelHit 1970, 676, 1.74316, 0
PixelHit 1970, 679, 0.706758, 0
PixelHit 1970, 681, 12.2165, 0
PixelHit 1970, 682, 14.2777, 0
PixelHit 1970, 683, 25.7734, 0
PixelHit 1970, 684, 10.2216, 0
PixelHit 1970, 685, 20.4925, 0
PixelHit 1970, 686, 3.28355, 0
PixelHit 1971, 672, 3.07236, 0
PixelHit 1971, 675, 13.2263, 0
PixelHit 1971, 676, 21.112, 0
PixelHit 1971, 677, 35.706, 0
PixelHit 1971, 678, 32.3319, 0
PixelHit 1971, 679, 24.8915, 0
PixelHit 1971, 680, 35.7093, 0
PixelHit 1971, 681, 87.6522, 0
PixelHit 1971, 682, 66.6952, 0
PixelHit 1971, 683, 38.9276, 0
PixelHit 1971, 684, 7.20109, 0
PixelHit 1971, 685, 2.04377, 0
PixelHit 1972, 667, 1.877, 0
PixelHit 1972, 670, 8.00556, 0
PixelHit 1972, 671, 11.7428, 0
PixelHit 1972, 672, 49.1269, 0
PixelHit 1972, 673, 34.1888, 0
PixelHit 1972, 674, 15.3005, 0
PixelHit 1972, 675, 47.4345, 0
PixelHit 1972, 676, 63.4198, 0
PixelHit 1972, 677, 87.7786, 0
PixelHit 1972, 678, 63.392, 0
PixelHit 1972, 679, 30.0601, 0
PixelHit 1972, 680, 32.898, 0
PixelHit 1972, 681, 8.69475, 0
PixelHit 1972, 682, 7.74041, 0
PixelHit 1973, 656, 2.57883, 0
PixelHit 1973, 660, 1.82478, 0
PixelHit 1973, 663, 7.1439, 0
PixelHit 1973, 664, 6.18013, 0
PixelHit 1973, 665, 14.279, 0
PixelHit 1973, 666, 10.083, 0
PixelHit 1973, 667, 7.01435, 0
PixelHit 1973, 668, 11.0257, 0
PixelHit 1973, 669, 22.9783, 0
PixelHit 1973, 670, 32.5466, 0
PixelHit 1973, 671, 50.0741, 0
PixelHit 1973, 672, 102.862, 0
PixelHit 1973, 673, 65.2329, 0
PixelHit 1973, 674, 13.4068, 0
PixelHit 1973, 675, 55.6477, 0
PixelHit 1973, 676, 43.2673, 0
PixelHit 1973, 677, 24.4691, 0
PixelHit 1973, 678, 8.54358, 0
PixelHit 1974, 657, 4.53027, 0
PixelHit 1974, 658, 7.20942, 0
PixelHit 1974, 659, 5.3034, 0
PixelHit 1974, 660, 8.17287, 0
PixelHit 1974, 661, 12.0418, 0
PixelHit 1974, 662, 17.243, 0
PixelHit 1974, 663, 18.12, 0
PixelHit 1974, 664, 47.1549, 0
PixelHit 1974, 665, 48.6949, 0
PixelHit 1974, 666, 33.6027, 0
PixelHit 1974, 667, 22.4742, 0
PixelHit 1974, 668, 27.8672, 0
PixelHit 1974, 669, 18.1853, 0
PixelHit 1974, 670, 35.1383, 0
PixelHit 1974, 671, 30.1599, 0
PixelHit 1974, 672, 80.0642, 0
PixelHit 1974, 673, 32.3434, 0
PixelHit 1974, 674, 6.32303, 0
PixelHit 1974, 675, 3.99722, 0
PixelHit 1974, 676, 2.15951, 0
PixelHit 1974, 677, 2.61137, 0
PixelHit 1975, 649, 3.36891, 0
PixelHit 1975, 651, 1.2438, 0
PixelHit 1975, 652, 1.44904, 0
PixelHit 1975, 653, 1.61069, 0
PixelHit 1975, 655, 4.97964, 0
PixelHit 1975, 656, 6.97385, 0
PixelHit 1975, 657, 9.69193, 0
PixelHit 1975, 658, 19.0659, 0
PixelHit 1975, 659, 17.5685, 0
PixelHit 1975, 660, 23.6913, 0
PixelHit 1975, 661, 30.9006, 0
PixelHit 1975, 662, 41.3582, 0
PixelHit 1975, 663, 50.692, 0
PixelHit 1975, 664, 85.8056, 0
PixelHit 1975, 665, 74.2796, 0
PixelHit 1975, 666, 43.3136, 0
PixelHit 1975, 667, 32.722, 0
PixelHit 1975, 668, 12.9148, 0
PixelHit 1975, 669, 5.61968, 0
PixelHit 1975, 670, 5.87368, 0
PixelHit 1975, 671, 2.51249, 0
PixelHit 1975, 672, 3.72178, 0
PixelHit 1976, 646, 1.85295, 0
PixelHit 1976, 649, 2.93538, 0
PixelHit 1976, 650, 8.51286, 0
PixelHit 1976, 651, 8.38479, 0
PixelHit 1976, 652, 5.95039, 0
PixelHit 1976, 653, 3.56731, 0
PixelHit 1976, 654, 4.04679, 0
PixelHit 1976, 655, 13.7132, 0
PixelHit 1976, 656, 19.8252, 0
PixelHit 1976, 657, 30.7432, 0
PixelHit 1976, 658, 37.681, 0
PixelHit 1976, 659, 38.9095, 0
PixelHit 1976, 660, 29.2525, 0
PixelHit 1976, 661, 19.2915, 0
PixelHit 1976, 662, 32.4831, 0
PixelHit 1976, 663, 36.3572, 0
PixelHit 1976, 664, 35.7394, 0
PixelHit 1976, 665, 30.1221, 0
PixelHit 1976, 666, 20.4626, 0
PixelHit 1976, 667, 7.43403, 0
PixelHit 1976, 668, 3.09994, 0
PixelHit 1976, 669, 2.04836, 0
PixelHit 1977, 645, 2.06721, 0
PixelHit 1977, 646, 5.83283, 0
PixelHit 1977, 647, 7.19195, 0
PixelHit 1977, 648, 10.4416, 0
PixelHit 1977, 649, 11.9142, 0
PixelHit 1977, 650, 14.1481, 0
PixelHit 1977, 651, 23.5542, 0
PixelHit 1977, 652, 9.60103, 0
PixelHit 1977, 653, 11.3017, 0
PixelHit 1977, 654, 6.72783, 0
PixelHit 1977, 655, 15.9963, 0
PixelHit 1977, 656, 23.6426, 0
PixelHit 1977, 657, 30.5171, 0
PixelHit 1977, 658, 35.0336, 0
PixelHit 1977, 659, 22.6596, 0
PixelHit 1977, 660, 17.9852, 0
PixelHit 1977, 661, 9.59604, 0
PixelHit 1977, 662, 6.06937, 0
PixelHit 1977, 663, 11.4828, 0
PixelHit 1977, 664, 11.956, 0
PixelHit 1977, 665, 6.09847, 0
PixelHit 1977, 667, 1.76781, 0
PixelHit 1978, 645, 17.3314, 0
PixelHit 1978, 646, 25.9475, 0
PixelHit 1978, 647, 19.6147, 0
PixelHit 1978, 648, 15.0711, 0
PixelHit 1978, 649, 28.1515, 0
PixelHit 1978, 650, 25.5398, 0
PixelHit 1978, 651, 34.5492, 0
PixelHit 1978, 652, 23.6422, 0
PixelHit 1978, 653, 10.4835, 0
PixelHit 1978, 654, 7.80795, 0
PixelHit 1978, 655, 11.7556, 0
PixelHit 1978, 656, 17.6466, 0
PixelHit 1978, 657, 15.9152, 0
PixelHit 1978, 658, 7.02806, 0
PixelHit 1978, 659, 6.27561, 0
PixelHit 1978, 660, 3.13724, 0
PixelHit 1979, 642, 1.76275, 0
PixelHit 1979, 644, 3.63636, 0
PixelHit 1979, 645, 16.9075, 0
PixelHit 1979, 646, 23.6848, 0
PixelHit 1979, 647, 22.2803, 0
PixelHit 1979, 648, 23.0415, 0
PixelHit 1979, 649, 23.5955, 0
PixelHit 1979, 650, 20.4651, 0
PixelHit 1979, 651, 18.5136, 0
PixelHit 1979, 652, 6.32442, 0
PixelHit 1979, 653, 9.5818, 0
PixelHit 1979, 654, 2.80691, 0
PixelHit 1979, 655, 3.60634, 0
PixelHit 1979, 656, 4.28904, 0
PixelHit 1979, 657, 2.72702, 0
PixelHit 1979, 658, 2.96228, 0
PixelHit 1979, 659, 2.99294, 0
PixelHit 1980, 644, 6.34285, 0
PixelHit 1980, 645, 10.7913, 0
PixelHit 1980, 646, 18.7972, 0
PixelHit 1980, 647, 20.0936, 0
PixelHit 1980, 648, 8.5719, 0
PixelHit 1980, 649, 15.7218, 0
PixelHit 1980, 650, 8.23432, 0
PixelHit 1980, 651, 6.95828, 0
PixelHit 1980, 652, 3.74147, 0
PixelHit 1980, 653, 2.729, 0
PixelHit 1981, 645, 1.07062, 0
PixelHit 1981, 646, 11.157, 0
PixelHit 1981, 647, 5.14982, 0
PixelHit 1981, 648, 4.36395, 0
PixelHit 1981, 651, 2.889, 0
PixelHit 1982, 647, 4.5816, 0
PixelHit 1982, 648, 1.9643, 0
=== 80 ===
=== 81 ===
=== 82 ===
=== 83 ===
=== 84 ===
=== 85 ===
=== 86 ===
=== 87 ===
=== 88 ===
=== 89 ===
=== 90 ===
=== 91 ===
=== 92 ===
=== 93 ===
=== 94 ===
=== 95 ===
=== 96 ===
--- mydetector ---
PixelHit 1265, 1044, 4.89493, 0
PixelHit 1265, 1045, 6.9368, 0
PixelHit 1265, 1046, 3.22682, 0
PixelHit 1266, 1039, 1.17116, 0
PixelHit 1266, 1042, 20.3563, 0
PixelHit 1266, 1043, 111.909, 0
PixelHit 1266, 1044, 104.509, 0
PixelHit 1266, 1045, 9.79993, 0
PixelHit 1266, 1046, 4.44758, 0
PixelHit 1267, 1037, 9.3633, 0
PixelHit 1267, 1038, 24.0474, 0
PixelHit 1267, 1039, 40.4363, 0
PixelHit 1267, 1040, 23.9181, 0
PixelHit 1267, 1041, 19.4962, 0
PixelHit 1267, 1042, 39.3186, 0
PixelHit 1267, 1043, 39.3299, 0
PixelHit 1267, 1044, 2.71771, 0
PixelHit 1267, 1045, 0.674144, 0
PixelHit 1268, 1033, 2.25793, 0
PixelHit 1268, 1035, 1.97518, 0
PixelHit 1268, 1036, 15.2585, 0
PixelHit 1268, 1037, 62.9603, 0
PixelHit 1268, 1038, 170.518, 0
PixelHit 1268, 1039, 66.0406, 0
PixelHit 1268, 1040, 36.5112, 0
PixelHit 1268, 1041, 2.77591, 0
PixelHit 1269, 1031, 3.43223, 0
PixelHit 1269, 1032, 3.40215, 0
PixelHit 1269, 1033, 22.5214, 0
PixelHit 1269, 1034, 32.7377, 0
PixelHit 1269, 1035, 18.3793, 0
PixelHit 1269, 1036, 23.6005, 0
PixelHit 1269, 1037, 28.2874, 0
PixelHit 1269, 1038, 54.3811, 0
PixelHit 1269, 1039, 20.3381, 0
PixelHit 1270, 1025, 3.83767, 0
PixelHit 1270, 1028, 1.5117, 0
PixelHit 1270, 1029, 8.18394, 0
PixelHit 1270, 1030, 8.27489, 0
PixelHit 1270, 1031, 11.2503, 0
PixelHit 1270, 1032, 25.8453, 0
PixelHit 1270, 1033, 38.1226, 0
PixelHit 1270, 1034, 35.9616, 0
PixelHit 1270, 1035, 19.6972, 0
PixelHit 1270, 1036, 1.99923, 0
PixelHit 1270, 1037, 4.5066, 0
PixelHit 1270, 1038, 2.25776, 0
PixelHit 1270, 1039, 1.45895, 0
PixelHit 1271, 1022, 4.44356, 0
PixelHit 1271, 1025, 1.98987, 0
PixelHit 1271, 1027, 4.50792, 0
PixelHit 1271, 1028, 6.54145, 0
PixelHit 1271, 1029, 6.27042, 0
PixelHit 1271, 1030, 20.4306, 0
PixelHit 1271, 1031, 24.9778, 0
PixelHit 1271, 1032, 21.6805, 0
PixelHit 1271, 1033, 12.2174, 0
PixelHit 1271, 1034, 13.0348, 0
PixelHit 1271, 1035, 2.06834, 0
PixelHit 1272, 1021, 5.73401, 0
PixelHit 1272, 1022, 7.566, 0
PixelHit 1272, 1023, 12.6536, 0
PixelHit 1272, 1024, 7.87051, 0
PixelHit 1272, 1025, 7.63338, 0
PixelHit 1272, 1026, 2.79436, 0
PixelHit 1272, 1027, 10.4775, 0
PixelHit 1272, 1028, 11.5043, 0
PixelHit 1272, 1029, 10.8847, 0
PixelHit 1272, 1030, 6.09881, 0
PixelHit 1272, 1031, 9.84791, 0
PixelHit 1272, 1032, 2.96919, 0
PixelHit 1272, 1033, 2.14108, 0
PixelHit 1273, 1015, 1.14929, 0
PixelHit 1273, 1020, 13.7313, 0
PixelHit 1273, 1021, 36.9309, 0
PixelHit 1273, 1022, 73.8416, 0
PixelHit 1273, 1023, 43.327, 0
PixelHit 1273, 1024, 34.6385, 0
PixelHit 1273, 1025, 17.3655, 0
PixelHit 1273, 1026, 3.76528, 0
PixelHit 1273, 1027, 6.00715, 0
PixelHit 1273, 1028, 4.64354, 0
PixelHit 1273, 1030, 1.74339, 0
PixelHit 1274, 1013, 2.23357, 0
PixelHit 1274, 1014, 1.13889, 0
PixelHit 1274, 1015, 3.5886, 0
PixelHit 1274, 1016, 6.84001, 0
PixelHit 1274, 1017, 4.6955, 0
PixelHit 1274, 1018, 12.1813, 0
PixelHit 1274, 1019, 10.972, 0
PixelHit 1274, 1020, 40.4144, 0
PixelHit 1274, 1021, 87.3536, 0
PixelHit 1274, 1022, 104.209, 0
PixelHit 1274, 1023, 64.8641, 0
PixelHit 1274, 1024, 25.2405, 0
PixelHit 1274, 1025, 4.52088, 0
PixelHit 1274, 1026, 1.53559, 0
PixelHit 1275, 1013, 2.8787, 0
PixelHit 1275, 1014, 9.92123, 0
PixelHit 1275, 1015, 11.9354, 0
PixelHit 1275, 1016, 16.9691, 0
PixelHit 1275, 1017, 19.728, 0
PixelHit 1275, 1018, 17.6754, 0
PixelHit 1275, 1019, 9.85098, 0
PixelHit 1275, 1020, 25.8421, 0
PixelHit 1275, 1021, 58.7478, 0
PixelHit 1275, 1022, 64.8174, 0
PixelHit 1275, 1023, 40.1792, 0
PixelHit 1275, 1024, 12.6114, 0
PixelHit 1275, 1026, 3.44607, 0
PixelHit 1276, 1010, 3.21996, 0
PixelHit 1276, 1011, 5.6382, 0
PixelHit 1276, 1012, 6.69488, 0
PixelHit 1276, 1013, 8.79354, 0
PixelHit 1276, 1014, 22.3623, 0
PixelHit 1276, 1015, 19.7022, 0
PixelHit 1276, 1016, 32.0574, 0
PixelHit 1276, 1017, 23.2901, 0
PixelHit 1276, 1018, 21.474, 0
PixelHit 1276, 1019, 13.8001, 0
PixelHit 1276, 1020, 8.84165, 0
PixelHit 1276, 1021, 8.95604, 0
PixelHit 1276, 1022, 17.6523, 0
PixelHit 1276, 1023, 9.55335, 0
PixelHit 1276, 1024, 3.56799, 0
PixelHit 1277, 1004, 2.07128, 0
PixelHit 1277, 1005, 1.41799, 0
PixelHit 1277, 1008, 5.60318, 0
PixelHit 1277, 1009, 3.65556, 0
PixelHit 1277, 1010, 5.89291, 0
PixelHit 1277, 1011, 9.58085, 0
PixelHit 1277, 1012, 7.70171, 0
PixelHit 1277, 1013, 21.6416, 0
PixelHit 1277, 1014, 13.7156, 0
PixelHit 1277, 1015, 15.7268, 0
PixelHit 1277, 1016, 22.42, 0
PixelHit 1277, 1017, 16.4187, 0
PixelHit 1277, 1018, 5.52692, 0
PixelHit 1277, 1019, 2.53328, 0
PixelHit 1277, 1021, 1.64016, 0
PixelHit 1278, 1005, 4.14309, 0
PixelHit 1278, 1006, 11.05, 0
PixelHit 1278, 1007, 8.91976, 0
PixelHit 1278, 1008, 15.3605, 0
PixelHit 1278, 1009, 10.3256, 0
PixelHit 1278, 1010, 10.3284, 0
PixelHit 1278, 1011, 18.3142, 0
PixelHit 1278, 1012, 13.7156, 0
PixelHit 1278, 1013, 25.5136, 0
PixelHit 1278, 1014, 14.2083, 0
PixelHit 1278, 1015, 10.9385, 0
PixelHit 1278, 1016, 3.47757, 0
PixelHit 1278, 1017, 1.68203, 0
PixelHit 1279, 1000, 2.72841, 0
PixelHit 1279, 1001, 3.15445, 0
PixelHit 1279, 1003, 4.35418, 0
PixelHit 1279, 1004, 5.3754, 0
PixelHit 1279, 1005, 16.8107, 0
PixelHit 1279, 1006, 16.4689, 0
PixelHit 1279, 1007, 19.056, 0
PixelHit 1279, 1008, 19.4164, 0
PixelHit 1279, 1009, 13.7729, 0
PixelHit 1279, 1010, 5.08676, 0
PixelHit 1279, 1011, 5.73065, 0
PixelHit 1279, 1012, 7.07171, 0
PixelHit 1279, 1013, 7.0558, 0
PixelHit 1279, 1014, 7.2649, 0
PixelHit 1279, 1015, 7.28005, 0
PixelHit 1279, 1016, 1.244, 0
PixelHit 1280, 1000, 3.79743, 0
PixelHit 1280, 1001, 5.78554, 0
PixelHit 1280, 1002, 6.23072, 0
PixelHit 1280, 1003, 8.69209, 0
PixelHit 1280, 1004, 12.0082, 0
PixelHit 1280, 1005, 18.5555, 0
PixelHit 1280, 1006, 25.4254, 0
PixelHit 1280, 1007, 17.841, 0
PixelHit 1280, 1008, 8.29643, 0
PixelHit 1280, 1009, 8.53665, 0
PixelHit 1280, 1010, 5.93914, 0
PixelHit 1280, 1011, 7.32467, 0
PixelHit 1280, 1012, 2.48718, 0
PixelHit 1280, 1013, 0.880543, 0
PixelHit 1280, 1016, 2.56464, 0
PixelHit 1281, 999, 2.02354, 0
PixelHit 1281, 1000, 4.74216, 0
PixelHit 1281, 1001, 8.60638, 0
PixelHit 1281, 1002, 5.36368, 0
PixelHit 1281, 1003, 13.2086, 0
PixelHit 1281, 1004, 7.63483, 0
PixelHit 1281, 1005, 11.3852, 0
PixelHit 1281, 1006, 11.7384, 0
PixelHit 1281, 1007, 15.9194, 0
PixelHit 1281, 1008, 4.09906, 0
PixelHit 1281, 1009, 0.723899, 0
PixelHit 1281, 1011, 1.53502, 0
PixelHit 1282, 1000, 0.362739, 0
PixelHit 1282, 1001, 12.6996, 0
PixelHit 1282, 1002, 9.60191, 0
PixelHit 1282, 1003, 2.24527, 0
PixelHit 1282, 1004, 3.26514, 0
PixelHit 1282, 1005, 13.1614, 0
PixelHit 1282, 1006, 7.49245, 0
PixelHit 1282, 1008, 0.980592, 0
PixelHit 1282, 1009, 1.90923, 0
PixelHit 1283, 999, 1.89672, 0
PixelHit 1283, 1001, 1.91428, 0
PixelHit 1283, 1002, 2.7359, 0
PixelHit 1283, 1003, 1.52109, 0
PixelHit 1283, 1004, 2.0921, 0
PixelHit 1283, 1005, 1.44616, 0
PixelHit 1283, 1007, 3.75457, 0
PixelHit 1283, 1008, 5.04817, 0
PixelHit 1284, 1000, 1.83521, 0
PixelHit 1284, 1002, 1.40019, 0
PixelHit 1284, 1004, 1.21081, 0
PixelHit 1496, 1376, 28.6537, 0
PixelHit 1496, 1377, 497.563, 0
PixelHit 1496, 1378, 24.2231, 0
PixelHit 1497, 1375, 2.92996, 0
PixelHit 1497, 1376, 448.446, 0
PixelHit 1497, 1377, 2164.54, 0
PixelHit 1497, 1378, 71.6573, 0
PixelHit 1497, 1379, 6.39725, 0
PixelHit 1498, 1371, 1.64554, 0
PixelHit 1498, 1372, 1.33267, 0
PixelHit 1498, 1373, 9.00978, 0
PixelHit 1498, 1374, 18.5713, 0
PixelHit 1498, 1376, 269.488, 0
PixelHit 1498, 1377, 759.878, 0
PixelHit 1498, 1378, 43.228, 0
PixelHit 1498, 1379, 12.9789, 0
PixelHit 1499, 1370, 5.55607, 0
PixelHit 1499, 1371, 12.0032, 0
PixelHit 1499, 1372, 10.047, 0
PixelHit 1499, 1373, 68.5274, 0
PixelHit 1499, 1374, 100.963, 0
PixelHit 1499, 1375, 13.9533, 0
PixelHit 1499, 1376, 16.0393, 0
PixelHit 1499, 1377, 25.5657, 0
PixelHit 1499, 1378, 1.72223, 0
PixelHit 1500, 1362, 1.40199, 0
PixelHit 1500, 1364, 4.21181, 0
PixelHit 1500, 1365, 2.12225, 0
PixelHit 1500, 1366, 10.1482, 0
PixelHit 1500, 1367, 22.6815, 0
PixelHit 1500, 1368, 17.0765, 0
PixelHit 1500, 1369, 37.7733, 0
PixelHit 1500, 1370, 28.4331, 0
PixelHit 1500, 1371, 15.9585, 0
PixelHit 1500, 1372, 12.2575, 0
PixelHit 1500, 1373, 34.122, 0
PixelHit 1500, 1374, 12.8905, 0
PixelHit 1501, 1357, 1.85277, 0
PixelHit 1501, 1360, 2.46811, 0
PixelHit 1501, 1361, 3.64713, 0
PixelHit 1501, 1362, 2.68867, 0
PixelHit 1501, 1363, 9.41228, 0
PixelHit 1501, 1364, 16.9002, 0
PixelHit 1501, 1365, 15.7813, 0
PixelHit 1501, 1366, 53.6207, 0
PixelHit 1501, 1367, 70.1275, 0
PixelHit 1501, 1368, 34.6876, 0
PixelHit 1501, 1369, 12.825, 0
PixelHit 1501, 1370, 12.2714, 0
PixelHit 1501, 1371, 3.35822, 0
PixelHit 1502, 1356, 2.47944, 0
PixelHit 1502, 1357, 7.78007, 0
PixelHit 1502, 1358, 7.23151, 0
PixelHit 1502, 1359, 8.00252, 0
PixelHit 1502, 1360, 23.1562, 0
PixelHit 1502, 1361, 6.3037, 0
PixelHit 1502, 1362, 15.762, 0
PixelHit 1502, 1363, 21.0727, 0
PixelHit 1502, 1364, 34.3965, 0
PixelHit 1502, 1365, 12.8369, 0
PixelHit 1502, 1366, 21.97, 0
PixelHit 1502, 1367, 19.305, 0
PixelHit 1502, 1368, 14.6348, 0
PixelHit 1502, 1370, 1.83214, 0
PixelHit 1503, 1351, 1.66335, 0
PixelHit 1503, 1352, 3.09225, 0
PixelHit 1503, 1354, 2.39305, 0
PixelHit 1503, 1355, 9.25056, 0
PixelHit 1503, 1356, 22.6623, 0
PixelHit 1503, 1357, 33.1492, 0
PixelHit 1503, 1358, 35.5127, 0
PixelHit 1503, 1359, 36.2277, 0
PixelHit 1503, 1360, 30.1357, 0
PixelHit 1503, 1361, 26.8691, 0
PixelHit 1503, 1362, 9.47841, 0
PixelHit 1503, 1363, 13.3559, 0
PixelHit 1503, 1364, 10.9556, 0
PixelHit 1503, 1365, 2.73105, 0
PixelHit 1503, 1366, 3.19701, 0
PixelHit 1503, 1367, 0.974534, 0
PixelHit 1504, 1345, 1.03294, 0
PixelHit 1504, 1346, 1.65531, 0
PixelHit 1504, 1347, 5.50015, 0
PixelHit 1504, 1348, 4.35781, 0
PixelHit 1504, 1349, 10.0492, 0
PixelHit 1504, 1350, 7.71936, 0
PixelHit 1504, 1351, 12.3421, 0
PixelHit 1504, 1352, 8.13622, 0
PixelHit 1504, 1353, 7.19454, 0
PixelHit 1504, 1354, 10.836, 0
PixelHit 1504, 1355, 37.1634, 0
PixelHit 1504, 1356, 40.7229, 0
PixelHit 1504, 1357, 44.4546, 0
PixelHit 1504, 1358, 37.8546, 0
PixelHit 1504, 1359, 22.1995, 0
PixelHit 1504, 1360, 9.1164, 0
PixelHit 1504, 1361, 7.759, 0
PixelHit 1504, 1362, 3.17998, 0
PixelHit 1505, 1345, 4.85413, 0
PixelHit 1505, 1346, 15.1259, 0
PixelHit 1505, 1347, 14.003, 0
PixelHit 1505, 1348, 7.3383, 0
PixelHit 1505, 1349, 19.1688, 0
PixelHit 1505, 1350, 42.9686, 0
PixelHit 1505, 1351, 46.6783, 0
PixelHit 1505, 1352, 35.1668, 0
PixelHit 1505, 1353, 13.909, 0
PixelHit 1505, 1354, 13.0851, 0
PixelHit 1505, 1355, 27.9683, 0
PixelHit 1505, 1356, 26.9712, 0
PixelHit 1505, 1357, 19.2194, 0
PixelHit 1505, 1358, 12.8755, 0
PixelHit 1505, 1359, 4.38569, 0
PixelHit 1506, 1336, 1.27989, 0
PixelHit 1506, 1338, 0.472839, 0
PixelHit 1506, 1339, 3.22187, 0
PixelHit 1506, 1343, 9.15119, 0
PixelHit 1506, 1344, 23.7169, 0
PixelHit 1506, 1345, 30.2765, 0
PixelHit 1506, 1346, 31.1441, 0
PixelHit 1506, 1347, 47.384, 0
PixelHit 1506, 1348, 36.2906, 0
PixelHit 1506, 1349, 34.4651, 0
PixelHit 1506, 1350, 45.7546, 0
PixelHit 1506, 1351, 47.0179, 0
PixelHit 1506, 1352, 25.0798, 0
PixelHit 1506, 1353, 6.46861, 0
PixelHit 1506, 1354, 4.0788, 0
PixelHit 1506, 1355, 5.52365, 0
PixelHit 1506, 1356, 4.60107, 0
PixelHit 1506, 1357, 5.0829, 0
PixelHit 1507, 1334, 1.50484, 0
PixelHit 1507, 1336, 2.32663, 0
PixelHit 1507, 1337, 1.31275, 0
PixelHit 1507, 1338, 2.10637, 0
PixelHit 1507, 1339, 3.4963, 0
PixelHit 1507, 1340, 7.64632, 0
PixelHit 1507, 1341, 2.79591, 0
PixelHit 1507, 1342, 7.35871, 0
PixelHit 1507, 1343, 13.2171, 0
PixelHit 1507, 1344, 32.6006, 0
PixelHit 1507, 1345, 61.4415, 0
PixelHit 1507, 1346, 72.2046, 0
PixelHit 1507, 1347, 63.8144, 0
PixelHit 1507, 1348, 40.7184, 0
PixelHit 1507, 1349, 22.7049, 0
PixelHit 1507, 1350, 20.6111, 0
PixelHit 1507, 1351, 18.7873, 0
PixelHit 1507, 1352, 14.5725, 0
PixelHit 1507, 1353, 2.64608, 0
PixelHit 1508, 1332, 0.639532, 0
PixelHit 1508, 1333, 2.67523, 0
PixelHit 1508, 1334, 4.22751, 0
PixelHit 1508, 1335, 4.80218, 0
PixelHit 1508, 1336, 13.0377, 0
PixelHit 1508, 1337, 14.0977, 0
PixelHit 1508, 1338, 19.1357, 0
PixelHit 1508, 1339, 25.1403, 0
PixelHit 1508, 1340, 22.1677, 0
PixelHit 1508, 1341, 6.96016, 0
PixelHit 1508, 1342, 16.9926, 0
PixelHit 1508, 1343, 12.8367, 0
PixelHit 1508, 1344, 33.2117, 0
PixelHit 1508, 1345, 32.0429, 0
PixelHit 1508, 1346, 42.8105, 0
PixelHit 1508, 1347, 23.5969, 0
PixelHit 1508, 1348, 20.1185, 0
PixelHit 1508, 1349, 5.87257, 0
PixelHit 1508, 1350, 3.2278, 0
PixelHit 1508, 1355, 1.24171, 0
PixelHit 1509, 1329, 0.952449, 0
PixelHit 1509, 1332, 5.39792, 0
PixelHit 1509, 1333, 6.72956, 0
PixelHit 1509, 1334, 14.342, 0
PixelHit 1509, 1335, 18.5716, 0
PixelHit 1509, 1336, 28.2645, 0
PixelHit 1509, 1337, 33.5737, 0
PixelHit 1509, 1338, 39.1495, 0
PixelHit 1509, 1339, 35.9002, 0
PixelHit 1509, 1340, 19.4442, 0
PixelHit 1509, 1341, 7.71107, 0
PixelHit 1509, 1342, 6.41095, 0
PixelHit 1509, 1343, 10.1778, 0
PixelHit 1509, 1344, 16.2153, 0
PixelHit 1509, 1345, 10.9571, 0
PixelHit 1509, 1346, 12.084, 0
PixelHit 1509, 1347, 8.89682, 0
PixelHit 1510, 1327, 1.12136, 0
PixelHit 1510, 1329, 0.676956, 0
PixelHit 1510, 1330, 5.01417, 0
PixelHit 1510, 1331, 4.33603, 0
PixelHit 1510, 1332, 15.8845, 0
PixelHit 1510, 1333, 13.3511, 0
PixelHit 1510, 1334, 23.1578, 0
PixelHit 1510, 1335, 26.867, 0
PixelHit 1510, 1336, 25.3651, 0
PixelHit 1510, 1337, 26.4365, 0
PixelHit 1510, 1338, 31.8678, 0
PixelHit 1510, 1339, 16.7206, 0
PixelHit 1510, 1340, 9.64746, 0
PixelHit 1510, 1341, 10.5594, 0
PixelHit 1510, 1343, 2.82058, 0
PixelHit 1510, 1344, 1.80115, 0
PixelHit 1510, 1347, 3.66956, 0
PixelHit 1511, 1328, 2.21955, 0
PixelHit 1511, 1329, 6.08066, 0
PixelHit 1511, 1330, 8.59844, 0
PixelHit 1511, 1331, 8.71787, 0
PixelHit 1511, 1332, 9.42301, 0
PixelHit 1511, 1333, 15.3892, 0
PixelHit 1511, 1334, 12.1428, 0
PixelHit 1511, 1335, 23.0265, 0
PixelHit 1511, 1336, 19.4977, 0
PixelHit 1511, 1337, 17.7046, 0
PixelHit 1511, 1338, 10.5952, 0
PixelHit 1511, 1339, 10.1785, 0
PixelHit 1511, 1340, 4.70805, 0
PixelHit 1512, 1328, 0.332707, 0
PixelHit 1512, 1329, 5.49874, 0
PixelHit 1512, 1330, 8.84368, 0
PixelHit 1512, 1331, 5.06912, 0
PixelHit 1512, 1332, 10.1303, 0
PixelHit 1512, 1333, 9.47019, 0
PixelHit 1512, 1334, 6.05157, 0
PixelHit 1512, 1335, 7.89973, 0
PixelHit 1512, 1336, 7.20478, 0
PixelHit 1512, 1339, 3.78556, 0
PixelHit 1513, 1327, 1.40882, 0
PixelHit 1513, 1329, 1.30342, 0
PixelHit 1513, 1330, 0.907722, 0
PixelHit 1513, 1331, 2.1963, 0
PixelHit 1513, 1332, 2.52408, 0
PixelHit 1513, 1333, 2.7482, 0
PixelHit 1513, 1335, 1.61505, 0
PixelHit 1513, 1336, 2.43012, 0
PixelHit 1513, 1337, 0.417906, 0
PixelHit 1515, 1327, 1.93844, 0
=== 97 ===
=== 98 ===
=== 99 ===
=== 100 ===
# 3036 objects from 7 messages
