# Allpix Squared ASCII data - https://cern.ch/allpix-squared

=== 1 ===
=== 2 ===
=== 3 ===
=== 4 ===
=== 5 ===
=== 6 ===
=== 7 ===
=== 8 ===
=== 9 ===
=== 10 ===
=== 11 ===
=== 12 ===
=== 13 ===
=== 14 ===
=== 15 ===
=== 16 ===
=== 17 ===
=== 18 ===
=== 19 ===
=== 20 ===
=== 21 ===
=== 22 ===
=== 23 ===
=== 24 ===
=== 25 ===
=== 26 ===
=== 27 ===
=== 28 ===
=== 29 ===
=== 30 ===
=== 31 ===
=== 32 ===
=== 33 ===
=== 34 ===
=== 35 ===
=== 36 ===
=== 37 ===
=== 38 ===
=== 39 ===
=== 40 ===
=== 41 ===
=== 42 ===
=== 43 ===
=== 44 ===
=== 45 ===
=== 46 ===
=== 47 ===
=== 48 ===
=== 49 ===
=== 50 ===
=== 51 ===
=== 52 ===
--- mydetector ---
PixelHit 1203, 1082, 8.85799, 0
PixelHit 1203, 1083, 57.6104, 0
PixelHit 1204, 1082, 102.722, 0
PixelHit 1204, 1083, 1702.43, 0
PixelHit 1204, 1084, 45.0331, 0
PixelHit 1204, 1085, 0.766227, 0
PixelHit 1205, 1081, 34.1353, 0
PixelHit 1205, 1082, 52.4549, 0
PixelHit 1205, 1083, 72.3352, 0
PixelHit 1205, 1084, 6.85653, 0
PixelHit 1206, 1080, 40.5416, 0
PixelHit 1206, 1081, 151.386, 0
PixelHit 1206, 1082, 18.8927, 0
PixelHit 1207, 1078, 3.23309, 0
PixelHit 1207, 1079, 25.6326, 0
PixelHit 1207, 1080, 59.5141, 0
PixelHit 1207, 1081, 7.62607, 0
PixelHit 1208, 1077, 8.75039, 0
PixelHit 1208, 1078, 82.2421, 0
PixelHit 1208, 1079, 64.9472, 0
PixelHit 1208, 1080, 2.91303, 0
PixelHit 1209, 1076, 15.4551, 0
PixelHit 1209, 1077, 157.963, 0
PixelHit 1209, 1078, 71.2326, 0
PixelHit 1210, 1075, 17.396, 0
PixelHit 1210, 1076, 133.063, 0
PixelHit 1210, 1077, 34.8473, 0
PixelHit 1211, 1073, 4.2014, 0
PixelHit 1211, 1074, 66.4371, 0
PixelHit 1211, 1075, 72.8234, 0
PixelHit 1211, 1076, 17.6288, 0
PixelHit 1212, 1072, 20.0957, 0
PixelHit 1212, 1073, 107.612, 0
PixelHit 1212, 1074, 211.363, 0
PixelHit 1212, 1075, 20.9191, 0
PixelHit 1213, 1071, 15.6714, 0
PixelHit 1213, 1072, 388.618, 0
PixelHit 1213, 1073, 250.822, 0
PixelHit 1213, 1074, 15.053, 0
PixelHit 1214, 1070, 3.9614, 0
PixelHit 1214, 1071, 77.2269, 0
PixelHit 1214, 1072, 140.535, 0
PixelHit 1214, 1073, 26.3468, 0
PixelHit 1215, 1068, 3.03073, 0
PixelHit 1215, 1069, 99.1482, 0
PixelHit 1215, 1070, 78.6121, 0
PixelHit 1215, 1071, 21.2422, 0
PixelHit 1215, 1072, 0.907485, 0
PixelHit 1216, 1068, 81.3615, 0
PixelHit 1216, 1069, 1822.16, 0
PixelHit 1216, 1070, 201.574, 0
PixelHit 1216, 1071, 2.09987, 0
PixelHit 1217, 1067, 29.715, 0
PixelHit 1217, 1068, 39.5657, 0
PixelHit 1217, 1069, 175.476, 0
PixelHit 1217, 1070, 11.4732, 0
PixelHit 1218, 1065, 8.7642, 0
PixelHit 1218, 1066, 11.2439, 0
PixelHit 1218, 1067, 13.5924, 0
PixelHit 1218, 1068, 7.89837, 0
PixelHit 1218, 1069, 0.821557, 0
PixelHit 1219, 1064, 16.8915, 0
PixelHit 1219, 1065, 107.305, 0
PixelHit 1219, 1066, 43.2929, 0
PixelHit 1219, 1067, 1.96746, 0
PixelHit 1220, 1062, 3.94727, 0
PixelHit 1220, 1063, 54.7776, 0
PixelHit 1220, 1064, 149.576, 0
PixelHit 1220, 1065, 39.94, 0
PixelHit 1220, 1066, 7.76901, 0
PixelHit 1221, 1062, 35.2201, 0
PixelHit 1221, 1063, 182.736, 0
PixelHit 1221, 1064, 67.6965, 0
PixelHit 1221, 1065, 6.40361, 0
PixelHit 1222, 1059, 0.993788, 0
PixelHit 1222, 1060, 10.8798, 0
PixelHit 1222, 1061, 15.4106, 0
PixelHit 1222, 1062, 33.4963, 0
PixelHit 1222, 1063, 27.452, 0
PixelHit 1222, 1064, 3.72503, 0
PixelHit 1223, 1058, 1.88842, 0
PixelHit 1223, 1059, 28.0783, 0
PixelHit 1223, 1060, 179.568, 0
PixelHit 1223, 1061, 60.893, 0
PixelHit 1223, 1062, 2.947, 0
PixelHit 1223, 1063, 1.57723, 0
PixelHit 1224, 1057, 1.74473, 0
PixelHit 1224, 1058, 20.3057, 0
PixelHit 1224, 1059, 106.826, 0
PixelHit 1224, 1060, 158.648, 0
PixelHit 1224, 1061, 23.5769, 0
PixelHit 1225, 1057, 51.8946, 0
PixelHit 1225, 1058, 99.1588, 0
PixelHit 1225, 1059, 66.6493, 0
PixelHit 1225, 1060, 14.404, 0
PixelHit 1226, 1056, 9.67326, 0
PixelHit 1226, 1057, 76.5063, 0
PixelHit 1226, 1058, 74.6427, 0
PixelHit 1226, 1059, 10.7829, 0
PixelHit 1227, 1054, 3.69885, 0
PixelHit 1227, 1055, 6.74474, 0
PixelHit 1227, 1056, 7.11111, 0
PixelHit 1227, 1057, 3.70277, 0
PixelHit 1228, 1052, 3.96251, 0
PixelHit 1228, 1053, 43.8582, 0
PixelHit 1228, 1054, 78.1952, 0
PixelHit 1228, 1055, 17.6441, 0
PixelHit 1228, 1056, 4.98381, 0
PixelHit 1229, 1050, 2.04497, 0
PixelHit 1229, 1051, 5.08581, 0
PixelHit 1229, 1052, 42.5123, 0
PixelHit 1229, 1053, 269.264, 0
PixelHit 1229, 1054, 201.758, 0
PixelHit 1229, 1055, 11.1021, 0
PixelHit 1230, 1050, 75.9494, 0
PixelHit 1230, 1051, 442.018, 0
PixelHit 1230, 1052, 208.418, 0
PixelHit 1230, 1053, 100.732, 0
PixelHit 1230, 1054, 29.4324, 0
PixelHit 1231, 1049, 7.54595, 0
PixelHit 1231, 1050, 320.547, 0
PixelHit 1231, 1051, 1410.68, 0
PixelHit 1231, 1052, 385.085, 0
PixelHit 1231, 1053, 11.956, 0
PixelHit 1232, 1047, 1.15305, 0
PixelHit 1232, 1048, 10.0216, 0
PixelHit 1232, 1049, 68.4185, 0
PixelHit 1232, 1050, 143.353, 0
PixelHit 1232, 1051, 250.505, 0
PixelHit 1232, 1052, 53.965, 0
PixelHit 1233, 1046, 1.73763, 0
PixelHit 1233, 1047, 15.7891, 0
PixelHit 1233, 1048, 76.5483, 0
PixelHit 1233, 1049, 61.6375, 0
PixelHit 1233, 1050, 32.8854, 0
PixelHit 1234, 1046, 13.6467, 0
PixelHit 1234, 1047, 73.9787, 0
PixelHit 1234, 1048, 71.1111, 0
PixelHit 1234, 1049, 23.5242, 0
PixelHit 1235, 1045, 15.7323, 0
PixelHit 1235, 1046, 26.4007, 0
PixelHit 1235, 1047, 31.1635, 0
PixelHit 1235, 1048, 25.5969, 0
PixelHit 1235, 1049, 2.36973, 0
PixelHit 1236, 1043, 9.28433, 0
PixelHit 1236, 1044, 33.8344, 0
PixelHit 1236, 1045, 40.9111, 0
PixelHit 1236, 1046, 23.69, 0
PixelHit 1236, 1047, 6.20241, 0
PixelHit 1236, 1048, 1.94483, 0
PixelHit 1237, 1041, 0.818804, 0
PixelHit 1237, 1042, 11.4057, 0
PixelHit 1237, 1043, 46.0971, 0
PixelHit 1237, 1044, 56.1602, 0
PixelHit 1237, 1045, 20.4978, 0
PixelHit 1237, 1046, 7.75094, 0
PixelHit 1238, 1040, 4.37018, 0
PixelHit 1238, 1041, 18.7488, 0
PixelHit 1238, 1042, 30.8826, 0
PixelHit 1238, 1043, 51.4347, 0
PixelHit 1238, 1044, 26.3716, 0
PixelHit 1238, 1045, 2.54009, 0
PixelHit 1238, 1046, 2.27492, 0
PixelHit 1239, 1039, 4.54986, 0
PixelHit 1239, 1040, 39.9303, 0
PixelHit 1239, 1041, 84.0806, 0
PixelHit 1239, 1042, 65.9374, 0
PixelHit 1239, 1043, 11.0505, 0
PixelHit 1239, 1044, 2.13803, 0
PixelHit 1240, 1038, 10.1616, 0
PixelHit 1240, 1039, 47.6672, 0
PixelHit 1240, 1040, 126.709, 0
PixelHit 1240, 1041, 106.518, 0
PixelHit 1240, 1042, 31.4367, 0
PixelHit 1240, 1043, 3.58492, 0
PixelHit 1241, 1037, 5.30897, 0
PixelHit 1241, 1038, 106.538, 0
PixelHit 1241, 1039, 134.115, 0
PixelHit 1241, 1040, 52.112, 0
PixelHit 1241, 1041, 22.0647, 0
PixelHit 1241, 1042, 7.77801, 0
PixelHit 1242, 1035, 1.81497, 0
PixelHit 1242, 1036, 10.8124, 0
PixelHit 1242, 1037, 26.8463, 0
PixelHit 1242, 1038, 78.3685, 0
PixelHit 1242, 1039, 86.1881, 0
PixelHit 1242, 1040, 13.9683, 0
PixelHit 1242, 1041, 0.801777, 0
PixelHit 1243, 1035, 1.32972, 0
PixelHit 1243, 1036, 21.3894, 0
PixelHit 1243, 1037, 49.8542, 0
PixelHit 1243, 1038, 27.5605, 0
PixelHit 1243, 1039, 4.70443, 0
PixelHit 1244, 1036, 3.99961, 0
PixelHit 1244, 1037, 9.06514, 0
PixelHit 1244, 1038, 2.71075, 0
=== 53 ===
=== 54 ===
=== 55 ===
=== 56 ===
=== 57 ===
=== 58 ===
=== 59 ===
=== 60 ===
=== 61 ===
--- mydetector ---
PixelHit 1211, 1074, 2.266, 0
PixelHit 1211, 1075, 2.2605, 0
PixelHit 1212, 1073, 9.23221, 0
PixelHit 1212, 1074, 299, 0
PixelHit 1212, 1075, 208.402, 0
PixelHit 1212, 1076, 1.33236, 0
PixelHit 1213, 1073, 96.7071, 0
PixelHit 1213, 1074, 1607.25, 0
PixelHit 1213, 1075, 281.384, 0
PixelHit 1213, 1076, 3.89392, 0
PixelHit 1213, 1077, 54.3819, 0
PixelHit 1213, 1078, 24.1584, 0
PixelHit 1214, 1073, 5.38636, 0
PixelHit 1214, 1074, 223.861, 0
PixelHit 1214, 1075, 83.5505, 0
PixelHit 1214, 1076, 38.3995, 0
PixelHit 1214, 1077, 2861.01, 0
PixelHit 1214, 1078, 1059.99, 0
PixelHit 1215, 1070, 4.36678, 0
PixelHit 1215, 1071, 3.32293, 0
PixelHit 1215, 1074, 263.22, 0
PixelHit 1215, 1075, 407.246, 0
PixelHit 1215, 1076, 422.409, 0
PixelHit 1215, 1077, 1362.82, 0
PixelHit 1215, 1078, 490.632, 0
PixelHit 1215, 1079, 1.84171, 0
PixelHit 1216, 1069, 19.2782, 0
PixelHit 1216, 1070, 212.259, 0
PixelHit 1216, 1071, 18.9012, 0
PixelHit 1216, 1074, 9.23579, 0
PixelHit 1216, 1075, 73.7842, 0
PixelHit 1216, 1076, 183.944, 0
PixelHit 1216, 1077, 81.1173, 0
PixelHit 1216, 1078, 1.82916, 0
PixelHit 1217, 1067, 1.02331, 0
PixelHit 1217, 1068, 32.1751, 0
PixelHit 1217, 1069, 197, 0
PixelHit 1217, 1070, 32.6206, 0
PixelHit 1218, 1066, 2.67758, 0
PixelHit 1218, 1067, 65.8794, 0
PixelHit 1218, 1068, 116.654, 0
PixelHit 1218, 1069, 12.0637, 0
PixelHit 1218, 1070, 1.05969, 0
PixelHit 1219, 1065, 1.26808, 0
PixelHit 1219, 1066, 70.1015, 0
PixelHit 1219, 1067, 61.3179, 0
PixelHit 1219, 1068, 4.58562, 0
PixelHit 1220, 1064, 3.6633, 0
PixelHit 1220, 1065, 156.253, 0
PixelHit 1220, 1066, 75.8029, 0
PixelHit 1221, 1063, 19.002, 0
PixelHit 1221, 1064, 82.6078, 0
PixelHit 1221, 1065, 21.7644, 0
PixelHit 1221, 1066, 3.11731, 0
PixelHit 1222, 1062, 48.7678, 0
PixelHit 1222, 1063, 92.4528, 0
PixelHit 1222, 1064, 37.4128, 0
PixelHit 1222, 1065, 2.50993, 0
PixelHit 1223, 1060, 5.66796, 0
PixelHit 1223, 1061, 21.9295, 0
PixelHit 1223, 1062, 64.2702, 0
PixelHit 1223, 1063, 23.108, 0
PixelHit 1224, 1059, 6.75262, 0
PixelHit 1224, 1060, 80.2412, 0
PixelHit 1224, 1061, 84.5062, 0
PixelHit 1224, 1062, 5.29938, 0
PixelHit 1225, 1058, 15.0307, 0
PixelHit 1225, 1059, 47.2721, 0
PixelHit 1225, 1060, 47.5494, 0
PixelHit 1225, 1061, 8.19315, 0
PixelHit 1226, 1057, 27.6077, 0
PixelHit 1226, 1058, 146.346, 0
PixelHit 1226, 1059, 54.1538, 0
PixelHit 1227, 1055, 2.02795, 0
PixelHit 1227, 1056, 8.01451, 0
PixelHit 1227, 1057, 41.7803, 0
PixelHit 1227, 1058, 58.1884, 0
PixelHit 1227, 1059, 4.57162, 0
PixelHit 1228, 1054, 1.82317, 0
PixelHit 1228, 1055, 129.031, 0
PixelHit 1228, 1056, 136.418, 0
PixelHit 1228, 1057, 7.70954, 0
PixelHit 1228, 1058, 1.71238, 0
PixelHit 1229, 1053, 9.93944, 0
PixelHit 1229, 1054, 70.5088, 0
PixelHit 1229, 1055, 138.002, 0
PixelHit 1229, 1056, 34.6318, 0
PixelHit 1230, 1052, 7.06641, 0
PixelHit 1230, 1053, 56.8794, 0
PixelHit 1230, 1054, 72.6387, 0
PixelHit 1230, 1055, 18.323, 0
PixelHit 1230, 1056, 0.203895, 0
PixelHit 1231, 1051, 24.6036, 0
PixelHit 1231, 1052, 72.2318, 0
PixelHit 1231, 1053, 21.6204, 0
PixelHit 1231, 1054, 9.10383, 0
PixelHit 1232, 1049, 8.18621, 0
PixelHit 1232, 1050, 58.0955, 0
PixelHit 1232, 1051, 61.8844, 0
PixelHit 1232, 1052, 52.5722, 0
PixelHit 1232, 1053, 3.28408, 0
PixelHit 1233, 1048, 14.5635, 0
PixelHit 1233, 1049, 135.834, 0
PixelHit 1233, 1050, 345.914, 0
PixelHit 1233, 1051, 36.2561, 0
PixelHit 1234, 1046, 1.49193, 0
PixelHit 1234, 1047, 8.24814, 0
PixelHit 1234, 1048, 121.471, 0
PixelHit 1234, 1049, 180.869, 0
PixelHit 1234, 1050, 59.8952, 0
PixelHit 1234, 1051, 8.44361, 0
PixelHit 1235, 1046, 11.8804, 0
PixelHit 1235, 1047, 63.6333, 0
PixelHit 1235, 1048, 59.9118, 0
PixelHit 1235, 1049, 44.1773, 0
PixelHit 1235, 1050, 0.945087, 0
PixelHit 1236, 1044, 1.14153, 0
PixelHit 1236, 1045, 21.6691, 0
PixelHit 1236, 1046, 138.98, 0
PixelHit 1236, 1047, 59.8236, 0
PixelHit 1236, 1048, 9.46467, 0
PixelHit 1237, 1043, 5.28652, 0
PixelHit 1237, 1044, 22.2074, 0
PixelHit 1237, 1045, 78.6379, 0
PixelHit 1237, 1046, 53.991, 0
PixelHit 1237, 1047, 6.67629, 0
PixelHit 1238, 1042, 16.472, 0
PixelHit 1238, 1043, 206.404, 0
PixelHit 1238, 1044, 150.284, 0
PixelHit 1238, 1045, 35.8843, 0
PixelHit 1238, 1046, 4.91329, 0
PixelHit 1239, 1040, 2.74832, 0
PixelHit 1239, 1041, 3.47073, 0
PixelHit 1239, 1042, 66.3738, 0
PixelHit 1239, 1043, 354.452, 0
PixelHit 1239, 1044, 108.721, 0
PixelHit 1239, 1045, 1.37946, 0
PixelHit 1240, 1039, 1.31385, 0
PixelHit 1240, 1040, 32.7231, 0
PixelHit 1240, 1041, 69.2389, 0
PixelHit 1240, 1042, 46.427, 0
PixelHit 1240, 1043, 40.3071, 0
PixelHit 1240, 1044, 5.49227, 0
PixelHit 1240, 1045, 2.62798, 0
PixelHit 1241, 1038, 2.17227, 0
PixelHit 1241, 1039, 39.9926, 0
PixelHit 1241, 1040, 209.834, 0
PixelHit 1241, 1041, 114.405, 0
PixelHit 1241, 1042, 17.2436, 0
PixelHit 1242, 1037, 1.71259, 0
PixelHit 1242, 1038, 16.8887, 0
PixelHit 1242, 1039, 60.2858, 0
PixelHit 1242, 1040, 75.2436, 0
PixelHit 1242, 1041, 21.958, 0
PixelHit 1243, 1036, 7.69848, 0
PixelHit 1243, 1037, 15.0536, 0
PixelHit 1243, 1038, 23.5667, 0
PixelHit 1243, 1039, 12.8722, 0
PixelHit 1243, 1040, 4.99287, 0
PixelHit 1243, 1041, -0.141823, 0
PixelHit 1244, 1035, 12.4707, 0
PixelHit 1244, 1036, 49.3118, 0
PixelHit 1244, 1037, 68.5948, 0
PixelHit 1244, 1038, 13.8352, 0
PixelHit 1244, 1039, 3.54417, 0
PixelHit 1245, 1033, 6.03037, 0
PixelHit 1245, 1034, 22.4995, 0
PixelHit 1245, 1035, 65.0369, 0
PixelHit 1245, 1036, 71.351, 0
PixelHit 1245, 1037, 28.7832, 0
PixelHit 1246, 1031, 1.9207, 0
PixelHit 1246, 1032, 16.9352, 0
PixelHit 1246, 1033, 123.561, 0
PixelHit 1246, 1034, 111.506, 0
PixelHit 1246, 1035, 51.9077, 0
PixelHit 1246, 1036, 18.5723, 0
PixelHit 1247, 1031, 3.29112, 0
PixelHit 1247, 1032, 54.7047, 0
PixelHit 1247, 1033, 389.078, 0
PixelHit 1247, 1034, 244.212, 0
PixelHit 1247, 1035, 13.0156, 0
PixelHit 1247, 1036, 1.9377, 0
PixelHit 1248, 1031, 3.13649, 0
PixelHit 1248, 1032, 33.8475, 0
PixelHit 1248, 1033, 75.8385, 0
PixelHit 1248, 1034, 40.1045, 0
PixelHit 1248, 1035, 5.72148, 0
PixelHit 1249, 1031, 2.05338, 0
PixelHit 1249, 1032, 4.68282, 0
PixelHit 1249, 1033, 0.915854, 0
PixelHit 1249, 1034, 1.71336, 0
=== 62 ===
=== 63 ===
=== 64 ===
=== 65 ===
=== 66 ===
=== 67 ===
=== 68 ===
=== 69 ===
=== 70 ===
=== 71 ===
=== 72 ===
=== 73 ===
=== 74 ===
=== 75 ===
=== 76 ===
=== 77 ===
=== 78 ===
=== 79 ===
=== 80 ===
=== 81 ===
=== 82 ===
=== 83 ===
=== 84 ===
=== 85 ===
=== 86 ===
=== 87 ===
=== 88 ===
=== 89 ===
=== 90 ===
=== 91 ===
=== 92 ===
=== 93 ===
=== 94 ===
=== 95 ===
=== 96 ===
=== 97 ===
=== 98 ===
=== 99 ===
=== 100 ===
# 387 objects from 2 messages
