# Allpix Squared ASCII data - https://cern.ch/allpix-squared

=== 1 ===
=== 2 ===
=== 3 ===
=== 4 ===
=== 5 ===
=== 6 ===
=== 7 ===
=== 8 ===
=== 9 ===
--- mydetector ---
PixelHit 1251, 1019, 1.88038, 0
PixelHit 1251, 1021, 16.2438, 0
PixelHit 1251, 1022, 5.28878, 0
PixelHit 1251, 1023, 8.11017, 0
PixelHit 1252, 1018, 6.43441, 0
PixelHit 1252, 1019, 28.8563, 0
PixelHit 1252, 1020, 30.2857, 0
PixelHit 1252, 1021, 34.1501, 0
PixelHit 1252, 1022, 3.32137, 0
PixelHit 1253, 1017, 15.6318, 0
PixelHit 1253, 1018, 54.3545, 0
PixelHit 1253, 1019, 87.4837, 0
PixelHit 1253, 1020, 26.3619, 0
PixelHit 1254, 1011, 0.814799, 0
PixelHit 1254, 1014, 2.59197, 0
PixelHit 1254, 1015, 4.15851, 0
PixelHit 1254, 1016, 13.7558, 0
PixelHit 1254, 1017, 31.2322, 0
PixelHit 1254, 1018, 32.2094, 0
PixelHit 1254, 1019, 17.1066, 0
PixelHit 1254, 1020, 2.47122, 0
PixelHit 1255, 1011, 1.3198, 0
PixelHit 1255, 1012, 7.35293, 0
PixelHit 1255, 1013, 23.6401, 0
PixelHit 1255, 1014, 28.6675, 0
PixelHit 1255, 1015, 22.2088, 0
PixelHit 1255, 1016, 9.19736, 0
PixelHit 1255, 1017, 14.4051, 0
PixelHit 1255, 1018, 4.30336, 0
PixelHit 1256, 1009, 0.311239, 0
PixelHit 1256, 1010, 1.48391, 0
PixelHit 1256, 1011, 11.4522, 0
PixelHit 1256, 1012, 43.1724, 0
PixelHit 1256, 1013, 82.5084, 0
PixelHit 1256, 1014, 53.5087, 0
PixelHit 1256, 1015, 28.7933, 0
PixelHit 1257, 1007, 3.61589, 0
PixelHit 1257, 1008, 9.42412, 0
PixelHit 1257, 1009, 11.3106, 0
PixelHit 1257, 1010, 22.0412, 0
PixelHit 1257, 1011, 16.5817, 0
PixelHit 1257, 1012, 59.1224, 0
PixelHit 1257, 1013, 71.5895, 0
PixelHit 1257, 1014, 23.0888, 0
PixelHit 1258, 1006, 5.51245, 0
PixelHit 1258, 1007, 30.914, 0
PixelHit 1258, 1008, 60.5704, 0
PixelHit 1258, 1009, 72.2901, 0
PixelHit 1258, 1010, 34.7351, 0
PixelHit 1258, 1011, 22.423, 0
PixelHit 1258, 1012, 9.6549, 0
PixelHit 1258, 1013, 19.4385, 0
PixelHit 1259, 1005, 4.44856, 0
PixelHit 1259, 1006, 11.3766, 0
PixelHit 1259, 1007, 58.9474, 0
PixelHit 1259, 1008, 164.313, 0
PixelHit 1259, 1009, 102.992, 0
PixelHit 1259, 1010, 34.7833, 0
PixelHit 1259, 1011, 7.98421, 0
PixelHit 1259, 1012, 6.14534, 0
PixelHit 1259, 1013, 3.10339, 0
PixelHit 1260, 1004, 7.35976, 0
PixelHit 1260, 1005, 12.9885, 0
PixelHit 1260, 1006, 17.8626, 0
PixelHit 1260, 1007, 67.9671, 0
PixelHit 1260, 1008, 92.5094, 0
PixelHit 1260, 1009, 61.4627, 0
PixelHit 1260, 1010, 17.1114, 0
PixelHit 1260, 1011, 1.69345, 0
PixelHit 1261, 1000, 2.57643, 0
PixelHit 1261, 1002, 4.8229, 0
PixelHit 1261, 1003, 11.7261, 0
PixelHit 1261, 1004, 16.0819, 0
PixelHit 1261, 1005, 9.41973, 0
PixelHit 1261, 1006, 13.8284, 0
PixelHit 1261, 1007, 28.2079, 0
PixelHit 1261, 1008, 27.2967, 0
PixelHit 1261, 1009, 9.83686, 0
PixelHit 1261, 1010, 6.01656, 0
PixelHit 1262, 998, 2.07518, 0
PixelHit 1262, 999, 2.4034, 0
PixelHit 1262, 1000, 4.33582, 0
PixelHit 1262, 1001, 9.40569, 0
PixelHit 1262, 1002, 13.6112, 0
PixelHit 1262, 1003, 22.853, 0
PixelHit 1262, 1004, 14.5414, 0
PixelHit 1262, 1005, 7.61606, 0
PixelHit 1262, 1006, 10.4058, 0
PixelHit 1262, 1008, 1.35284, 0
PixelHit 1263, 997, 3.50899, 0
PixelHit 1263, 998, 5.26856, 0
PixelHit 1263, 999, 18.7208, 0
PixelHit 1263, 1000, 17.2161, 0
PixelHit 1263, 1001, 32.6987, 0
PixelHit 1263, 1002, 22.8908, 0
PixelHit 1263, 1003, 13.5233, 0
PixelHit 1263, 1004, 6.77672, 0
PixelHit 1263, 1005, 0.640547, 0
PixelHit 1263, 1007, 2.46337, 0
PixelHit 1264, 997, 5.26876, 0
PixelHit 1264, 998, 21.6337, 0
PixelHit 1264, 999, 37.7267, 0
PixelHit 1264, 1000, 26.145, 0
PixelHit 1264, 1001, 23.1212, 0
PixelHit 1264, 1002, 15.8784, 0
PixelHit 1264, 1003, 6.52362, 0
PixelHit 1264, 1004, 0.756662, 0
PixelHit 1265, 992, 2.24792, 0
PixelHit 1265, 993, 2.58988, 0
PixelHit 1265, 994, 3.95351, 0
PixelHit 1265, 996, 4.3932, 0
PixelHit 1265, 997, 10.8911, 0
PixelHit 1265, 998, 18.925, 0
PixelHit 1265, 999, 27.1598, 0
PixelHit 1265, 1000, 36.3576, 0
PixelHit 1265, 1001, 11.753, 0
PixelHit 1265, 1002, 1.7774, 0
PixelHit 1265, 1003, 1.56953, 0
PixelHit 1266, 993, 2.64728, 0
PixelHit 1266, 994, 9.12826, 0
PixelHit 1266, 995, 6.76425, 0
PixelHit 1266, 997, 11.9698, 0
PixelHit 1266, 998, 8.96828, 0
PixelHit 1266, 999, 13.2495, 0
PixelHit 1266, 1000, 6.86586, 0
PixelHit 1267, 989, 0.347657, 0
PixelHit 1267, 991, 2.97868, 0
PixelHit 1267, 992, 4.31096, 0
PixelHit 1267, 993, 13.9016, 0
PixelHit 1267, 994, 17.1919, 0
PixelHit 1267, 995, 5.51206, 0
PixelHit 1267, 996, 2.79542, 0
PixelHit 1267, 997, 2.45233, 0
PixelHit 1267, 998, 2.4878, 0
PixelHit 1267, 999, 4.04066, 0
PixelHit 1267, 1000, 3.70857, 0
PixelHit 1268, 990, 8.62847, 0
PixelHit 1268, 991, 8.7022, 0
PixelHit 1268, 992, 6.94607, 0
PixelHit 1268, 993, 10.9021, 0
PixelHit 1268, 994, 7.8014, 0
PixelHit 1268, 995, 13.5856, 0
PixelHit 1268, 996, 5.65954, 0
PixelHit 1268, 997, 2.42138, 0
PixelHit 1268, 1000, 2.8554, 0
PixelHit 1269, 989, 4.88355, 0
PixelHit 1269, 990, 10.9539, 0
PixelHit 1269, 991, 12.5232, 0
PixelHit 1269, 992, 12.7291, 0
PixelHit 1269, 993, 8.62596, 0
PixelHit 1269, 994, 6.18914, 0
PixelHit 1269, 997, 0.475719, 0
PixelHit 1270, 989, 2.45271, 0
PixelHit 1270, 990, 13.2593, 0
PixelHit 1270, 991, 8.22109, 0
PixelHit 1270, 992, 6.27077, 0
PixelHit 1270, 993, 2.98677, 0
PixelHit 1270, 994, 1.63252, 0
PixelHit 1270, 995, 4.37425, 0
PixelHit 1271, 991, 2.71779, 0
PixelHit 1271, 992, 3.62708, 0
PixelHit 1272, 992, 1.46472, 0
PixelHit 1299, 1003, 1.72641, 0
PixelHit 1299, 1004, 3.82954, 0
PixelHit 1300, 1001, 3.05464, 0
PixelHit 1300, 1002, 4.90383, 0
PixelHit 1300, 1003, 721.879, 0
PixelHit 1300, 1004, 402.837, 0
PixelHit 1301, 1000, 68.4849, 0
PixelHit 1301, 1001, 76.3444, 0
PixelHit 1301, 1002, 28.9001, 0
PixelHit 1301, 1003, 212.553, 0
PixelHit 1301, 1004, 111.043, 0
PixelHit 1301, 1005, 1.23176, 0
PixelHit 1302, 997, 4.98924, 0
PixelHit 1302, 998, 3.44048, 0
PixelHit 1302, 999, 19.5797, 0
PixelHit 1302, 1000, 364.885, 0
PixelHit 1302, 1001, 295.115, 0
PixelHit 1302, 1002, 9.58968, 0
PixelHit 1303, 994, 1.05167, 0
PixelHit 1303, 996, 5.62272, 0
PixelHit 1303, 997, 27.4303, 0
PixelHit 1303, 998, 38.6908, 0
PixelHit 1303, 999, 31.526, 0
PixelHit 1303, 1000, 67.7141, 0
PixelHit 1303, 1001, 26.4022, 0
PixelHit 1304, 993, 1.09079, 0
PixelHit 1304, 994, 7.04659, 0
PixelHit 1304, 995, 9.66753, 0
PixelHit 1304, 996, 44.2685, 0
PixelHit 1304, 997, 51.2906, 0
PixelHit 1304, 998, 27.4616, 0
PixelHit 1304, 999, 9.42342, 0
PixelHit 1304, 1000, 2.04314, 0
PixelHit 1305, 991, 4.18936, 0
PixelHit 1305, 992, 4.20875, 0
PixelHit 1305, 993, 8.90885, 0
PixelHit 1305, 994, 23.088, 0
PixelHit 1305, 995, 34.7472, 0
PixelHit 1305, 996, 28.4224, 0
PixelHit 1305, 997, 25.638, 0
PixelHit 1305, 998, 3.26162, 0
PixelHit 1306, 989, 1.80294, 0
PixelHit 1306, 990, 6.65809, 0
PixelHit 1306, 991, 16.4642, 0
PixelHit 1306, 992, 18.7855, 0
PixelHit 1306, 993, 24.4231, 0
PixelHit 1306, 994, 16.6495, 0
PixelHit 1306, 995, 14.4989, 0
PixelHit 1306, 996, 9.55529, 0
PixelHit 1307, 987, 2.06783, 0
PixelHit 1307, 988, 1.44405, 0
PixelHit 1307, 989, 9.20129, 0
PixelHit 1307, 990, 20.8517, 0
PixelHit 1307, 991, 55.1956, 0
PixelHit 1307, 992, 41.4511, 0
PixelHit 1307, 993, 14.5559, 0
PixelHit 1307, 994, 13.4714, 0
PixelHit 1308, 986, 1.7532, 0
PixelHit 1308, 987, 1.47876, 0
PixelHit 1308, 988, 9.01192, 0
PixelHit 1308, 989, 22.6727, 0
PixelHit 1308, 990, 29.2633, 0
PixelHit 1308, 991, 35.314, 0
PixelHit 1308, 992, 22.9169, 0
PixelHit 1308, 993, 2.24897, 0
PixelHit 1309, 984, 2.95673, 0
PixelHit 1309, 985, 8.61142, 0
PixelHit 1309, 986, 5.97257, 0
PixelHit 1309, 987, 7.77659, 0
PixelHit 1309, 989, 18.4238, 0
PixelHit 1309, 990, 8.19945, 0
PixelHit 1309, 991, 5.67202, 0
PixelHit 1309, 993, 1.04354, 0
PixelHit 1310, 981, 2.14207, 0
PixelHit 1310, 982, 1.46185, 0
PixelHit 1310, 983, 7.95156, 0
PixelHit 1310, 984, 18.0952, 0
PixelHit 1310, 985, 25.5924, 0
PixelHit 1310, 986, 27.8525, 0
PixelHit 1310, 987, 3.10156, 0
PixelHit 1310, 988, 10.3535, 0
PixelHit 1310, 989, 4.51742, 0
PixelHit 1310, 990, 2.02818, 0
PixelHit 1311, 981, 5.10376, 0
PixelHit 1311, 982, 6.17779, 0
PixelHit 1311, 983, 14.2747, 0
PixelHit 1311, 984, 37.103, 0
PixelHit 1311, 985, 34.0131, 0
PixelHit 1311, 986, 19.8714, 0
PixelHit 1311, 987, 8.84059, 0
PixelHit 1311, 988, 2.50105, 0
PixelHit 1312, 976, 2.09119, 0
PixelHit 1312, 978, 4.44127, 0
PixelHit 1312, 979, 3.03315, 0
PixelHit 1312, 980, 4.228, 0
PixelHit 1312, 981, 13.3309, 0
PixelHit 1312, 982, 9.76552, 0
PixelHit 1312, 983, 21.8409, 0
PixelHit 1312, 984, 24.591, 0
PixelHit 1312, 985, 16.1283, 0
PixelHit 1312, 986, 9.33351, 0
PixelHit 1312, 987, 0.993411, 0
PixelHit 1313, 976, 1.34971, 0
PixelHit 1313, 977, 3.58312, 0
PixelHit 1313, 978, 9.10587, 0
PixelHit 1313, 979, 9.79271, 0
PixelHit 1313, 980, 18.1349, 0
PixelHit 1313, 981, 17.3849, 0
PixelHit 1313, 982, 12.9388, 0
PixelHit 1313, 983, 6.34133, 0
PixelHit 1313, 984, 5.57641, 0
PixelHit 1313, 987, 2.07231, 0
PixelHit 1314, 974, 2.21915, 0
PixelHit 1314, 975, 8.85392, 0
PixelHit 1314, 976, 11.3182, 0
PixelHit 1314, 977, 18.5481, 0
PixelHit 1314, 978, 9.57877, 0
PixelHit 1314, 979, 23.0778, 0
PixelHit 1314, 980, 18.162, 0
PixelHit 1314, 981, 10.718, 0
PixelHit 1314, 982, 10.099, 0
PixelHit 1314, 983, 4.66297, 0
PixelHit 1314, 984, 5.67365, 0
PixelHit 1315, 973, 3.64336, 0
PixelHit 1315, 974, 9.0222, 0
PixelHit 1315, 975, 14.6389, 0
PixelHit 1315, 976, 20.5391, 0
PixelHit 1315, 977, 25.0936, 0
PixelHit 1315, 978, 19.9496, 0
PixelHit 1315, 979, 15.6786, 0
PixelHit 1315, 980, 9.64642, 0
PixelHit 1315, 981, 4.30968, 0
PixelHit 1315, 982, 1.4029, 0
PixelHit 1316, 971, 2.56497, 0
PixelHit 1316, 972, 3.77005, 0
PixelHit 1316, 973, 11.3865, 0
PixelHit 1316, 974, 25.787, 0
PixelHit 1316, 975, 20.603, 0
PixelHit 1316, 976, 14.855, 0
PixelHit 1316, 977, 18.573, 0
PixelHit 1316, 978, 7.45203, 0
PixelHit 1316, 979, 11.4376, 0
PixelHit 1316, 980, 6.99578, 0
PixelHit 1316, 981, 2.82643, 0
PixelHit 1317, 971, 4.16242, 0
PixelHit 1317, 972, 8.71484, 0
PixelHit 1317, 973, 23.645, 0
PixelHit 1317, 974, 37.4382, 0
PixelHit 1317, 975, 29.791, 0
PixelHit 1317, 976, 25.5892, 0
PixelHit 1317, 977, 8.46935, 0
PixelHit 1317, 978, 4.85959, 0
PixelHit 1318, 971, 3.22737, 0
PixelHit 1318, 972, 11.2707, 0
PixelHit 1318, 973, 11.3233, 0
PixelHit 1318, 974, 25.5748, 0
PixelHit 1318, 975, 19.7673, 0
PixelHit 1318, 976, 13.6827, 0
PixelHit 1318, 977, 5.87175, 0
PixelHit 1319, 972, 2.3427, 0
PixelHit 1319, 973, 7.68405, 0
PixelHit 1319, 974, 11.8798, 0
PixelHit 1319, 977, 3.16355, 0
PixelHit 1320, 973, 2.0023, 0
PixelHit 1321, 973, 0.531967, 0
=== 10 ===
=== 11 ===
=== 12 ===
=== 13 ===
=== 14 ===
=== 15 ===
=== 16 ===
=== 17 ===
=== 18 ===
=== 19 ===
=== 20 ===
=== 21 ===
=== 22 ===
=== 23 ===
=== 24 ===
=== 25 ===
=== 26 ===
=== 27 ===
=== 28 ===
=== 29 ===
=== 30 ===
=== 31 ===
=== 32 ===
=== 33 ===
=== 34 ===
=== 35 ===
=== 36 ===
=== 37 ===
=== 38 ===
=== 39 ===
=== 40 ===
=== 41 ===
=== 42 ===
=== 43 ===
=== 44 ===
=== 45 ===
=== 46 ===
=== 47 ===
=== 48 ===
=== 49 ===
=== 50 ===
=== 51 ===
=== 52 ===
=== 53 ===
=== 54 ===
=== 55 ===
=== 56 ===
=== 57 ===
=== 58 ===
=== 59 ===
=== 60 ===
=== 61 ===
=== 62 ===
=== 63 ===
=== 64 ===
=== 65 ===
=== 66 ===
=== 67 ===
=== 68 ===
=== 69 ===
=== 70 ===
=== 71 ===
=== 72 ===
=== 73 ===
=== 74 ===
=== 75 ===
=== 76 ===
=== 77 ===
=== 78 ===
=== 79 ===
--- mydetector ---
PixelHit 1276, 1025, 5.29035, 0
PixelHit 1276, 1026, 12.794, 0
PixelHit 1276, 1027, 19.2267, 0
PixelHit 1277, 1023, 4.12418, 0
PixelHit 1277, 1024, 61.9758, 0
PixelHit 1277, 1025, 49.9848, 0
PixelHit 1277, 1026, 10.9738, 0
PixelHit 1277, 1027, 4.00469, 0
PixelHit 1278, 1021, 2.34679, 0
PixelHit 1278, 1022, 16.5835, 0
PixelHit 1278, 1023, 46.9282, 0
PixelHit 1278, 1024, 69.8651, 0
PixelHit 1278, 1025, 21.871, 0
PixelHit 1278, 1026, 0.660834, 0
PixelHit 1279, 1018, 3.3444, 0
PixelHit 1279, 1019, 3.59875, 0
PixelHit 1279, 1020, 7.95933, 0
PixelHit 1279, 1021, 21.3947, 0
PixelHit 1279, 1022, 55.4176, 0
PixelHit 1279, 1023, 27.4304, 0
PixelHit 1279, 1024, 6.00855, 0
PixelHit 1280, 1016, 3.80481, 0
PixelHit 1280, 1017, 0.309539, 0
PixelHit 1280, 1018, 28.0754, 0
PixelHit 1280, 1019, 92.8611, 0
PixelHit 1280, 1020, 30.6641, 0
PixelHit 1280, 1021, 14.4153, 0
PixelHit 1280, 1022, 11.801, 0
PixelHit 1281, 1015, 6.36529, 0
PixelHit 1281, 1016, 13.7924, 0
PixelHit 1281, 1017, 21.5575, 0
PixelHit 1281, 1018, 52.1362, 0
PixelHit 1281, 1019, 114.568, 0
PixelHit 1281, 1020, 22.8236, 0
PixelHit 1281, 1021, 0.333834, 0
PixelHit 1281, 1022, 1.8754, 0
PixelHit 1282, 1012, 2.13549, 0
PixelHit 1282, 1013, 4.1478, 0
PixelHit 1282, 1014, 13.6799, 0
PixelHit 1282, 1015, 32.7734, 0
PixelHit 1282, 1016, 49.9296, 0
PixelHit 1282, 1017, 38.9692, 0
PixelHit 1282, 1018, 15.3859, 0
PixelHit 1282, 1019, 12.4902, 0
PixelHit 1282, 1020, 3.74774, 0
PixelHit 1282, 1021, 1.41279, 0
PixelHit 1283, 1010, 3.39104, 0
PixelHit 1283, 1011, 4.54808, 0
PixelHit 1283, 1012, 9.70734, 0
PixelHit 1283, 1013, 24.3796, 0
PixelHit 1283, 1014, 35.7859, 0
PixelHit 1283, 1015, 45.7975, 0
PixelHit 1283, 1016, 31.6965, 0
PixelHit 1283, 1017, 11.8099, 0
PixelHit 1283, 1018, 2.28875, 0
PixelHit 1284, 1008, 1.95845, 0
PixelHit 1284, 1009, 6.46987, 0
PixelHit 1284, 1010, 15.7618, 0
PixelHit 1284, 1011, 30.3364, 0
PixelHit 1284, 1012, 32.5411, 0
PixelHit 1284, 1013, 38.8508, 0
PixelHit 1284, 1014, 39.0638, 0
PixelHit 1284, 1015, 16.4763, 0
PixelHit 1284, 1016, 6.21661, 0
PixelHit 1284, 1017, 4.20157, 0
PixelHit 1285, 1006, 3.58907, 0
PixelHit 1285, 1008, 4.40241, 0
PixelHit 1285, 1009, 13.6906, 0
PixelHit 1285, 1010, 37.0474, 0
PixelHit 1285, 1011, 78.3364, 0
PixelHit 1285, 1012, 43.4139, 0
PixelHit 1285, 1013, 23.852, 0
PixelHit 1285, 1014, 10.1474, 0
PixelHit 1286, 1005, 5.23322, 0
PixelHit 1286, 1006, 6.11135, 0
PixelHit 1286, 1007, 12.5163, 0
PixelHit 1286, 1008, 17.6193, 0
PixelHit 1286, 1009, 27.7962, 0
PixelHit 1286, 1010, 42.2514, 0
PixelHit 1286, 1011, 36.4789, 0
PixelHit 1286, 1012, 14.5232, 0
PixelHit 1286, 1013, 10.368, 0
PixelHit 1286, 1014, 2.42311, 0
PixelHit 1287, 1003, 1.74749, 0
PixelHit 1287, 1004, 3.39265, 0
PixelHit 1287, 1005, 11.5312, 0
PixelHit 1287, 1006, 33.9883, 0
PixelHit 1287, 1007, 29.8177, 0
PixelHit 1287, 1008, 32.8639, 0
PixelHit 1287, 1009, 18.1657, 0
PixelHit 1287, 1010, 17.1012, 0
PixelHit 1287, 1011, 4.99766, 0
PixelHit 1287, 1012, 3.23551, 0
PixelHit 1288, 1000, 3.26365, 0
PixelHit 1288, 1002, 11.6162, 0
PixelHit 1288, 1003, 15.5485, 0
PixelHit 1288, 1004, 16.9625, 0
PixelHit 1288, 1005, 24.5454, 0
PixelHit 1288, 1006, 42.9611, 0
PixelHit 1288, 1007, 36.441, 0
PixelHit 1288, 1008, 22.076, 0
PixelHit 1288, 1009, 1.48497, 0
PixelHit 1288, 1010, 2.72846, 0
PixelHit 1288, 1011, 3.01519, 0
PixelHit 1288, 1012, 3.65666, 0
PixelHit 1289, 1000, 1.49195, 0
PixelHit 1289, 1001, 14.0886, 0
PixelHit 1289, 1002, 26.7194, 0
PixelHit 1289, 1003, 29.6075, 0
PixelHit 1289, 1004, 29.837, 0
PixelHit 1289, 1005, 26.0477, 0
PixelHit 1289, 1006, 15.482, 0
PixelHit 1289, 1007, 25.9754, 0
PixelHit 1289, 1008, 7.36946, 0
PixelHit 1290, 998, 4.08761, 0
PixelHit 1290, 999, 11.3414, 0
PixelHit 1290, 1000, 16.7525, 0
PixelHit 1290, 1001, 23.2774, 0
PixelHit 1290, 1002, 39.0926, 0
PixelHit 1290, 1003, 28.2482, 0
PixelHit 1290, 1004, 22.5435, 0
PixelHit 1290, 1005, 6.23592, 0
PixelHit 1290, 1006, 5.25493, 0
PixelHit 1291, 996, 5.80219, 0
PixelHit 1291, 997, 2.8451, 0
PixelHit 1291, 998, 16.1094, 0
PixelHit 1291, 999, 15.8015, 0
PixelHit 1291, 1000, 24.0914, 0
PixelHit 1291, 1001, 34.6361, 0
PixelHit 1291, 1002, 34.9112, 0
PixelHit 1291, 1003, 21.4747, 0
PixelHit 1291, 1004, 12.7742, 0
PixelHit 1291, 1005, 2.21766, 0
PixelHit 1291, 1006, 2.514, 0
PixelHit 1292, 994, 3.95, 0
PixelHit 1292, 995, 5.54031, 0
PixelHit 1292, 996, 13.8244, 0
PixelHit 1292, 997, 31.5264, 0
PixelHit 1292, 998, 34.4512, 0
PixelHit 1292, 999, 19.5349, 0
PixelHit 1292, 1000, 23.6417, 0
PixelHit 1292, 1001, 23.0116, 0
PixelHit 1292, 1002, 18.2348, 0
PixelHit 1292, 1003, 7.6175, 0
PixelHit 1292, 1004, 6.78066, 0
PixelHit 1293, 993, 5.14938, 0
PixelHit 1293, 994, 7.06957, 0
PixelHit 1293, 995, 18.1353, 0
PixelHit 1293, 996, 28.3935, 0
PixelHit 1293, 997, 27.5974, 0
PixelHit 1293, 998, 25.0622, 0
PixelHit 1293, 999, 19.6432, 0
PixelHit 1293, 1000, 15.0678, 0
PixelHit 1293, 1001, 9.84439, 0
PixelHit 1293, 1002, 1.60321, 0
PixelHit 1293, 1005, 3.14167, 0
PixelHit 1294, 994, 8.37948, 0
PixelHit 1294, 995, 20.712, 0
PixelHit 1294, 996, 32.8964, 0
PixelHit 1294, 997, 39.3844, 0
PixelHit 1294, 998, 22.8742, 0
PixelHit 1294, 999, 6.11782, 0
PixelHit 1294, 1000, 1.56994, 0
PixelHit 1294, 1002, 2.06025, 0
PixelHit 1295, 994, 8.66226, 0
PixelHit 1295, 995, 19.3878, 0
PixelHit 1295, 996, 15.0191, 0
PixelHit 1295, 997, 17.346, 0
PixelHit 1295, 998, 5.73758, 0
PixelHit 1295, 999, 3.33074, 0
PixelHit 1296, 994, 1.80996, 0
PixelHit 1296, 995, 9.07123, 0
PixelHit 1296, 996, 3.75694, 0
PixelHit 1296, 998, 2.47039, 0
PixelHit 1297, 994, 0.591714, 0
PixelHit 1333, 996, 2.60819, 0
PixelHit 1333, 997, 70.4771, 0
PixelHit 1333, 998, 52.9898, 0
PixelHit 1333, 999, 17.6009, 0
PixelHit 1334, 993, 5.15137, 0
PixelHit 1334, 994, 8.47919, 0
PixelHit 1334, 995, 22.258, 0
PixelHit 1334, 996, 14.6082, 0
PixelHit 1334, 997, 57.7039, 0
PixelHit 1334, 998, 20.2526, 0
PixelHit 1335, 991, 6.52316, 0
PixelHit 1335, 992, 20.9555, 0
PixelHit 1335, 993, 72.3317, 0
PixelHit 1335, 994, 97.1194, 0
PixelHit 1335, 995, 63.7517, 0
PixelHit 1335, 996, 8.51769, 0
PixelHit 1336, 989, 4.32441, 0
PixelHit 1336, 990, 48.4218, 0
PixelHit 1336, 991, 147.46, 0
PixelHit 1336, 992, 162.328, 0
PixelHit 1336, 993, 163.024, 0
PixelHit 1336, 994, 128.596, 0
PixelHit 1336, 995, 17.5739, 0
PixelHit 1337, 986, 0.625261, 0
PixelHit 1337, 988, 12.8926, 0
PixelHit 1337, 989, 53.1375, 0
PixelHit 1337, 990, 294.561, 0
PixelHit 1337, 991, 366.862, 0
PixelHit 1337, 992, 230.125, 0
PixelHit 1337, 993, 46.6796, 0
PixelHit 1337, 994, 8.51118, 0
PixelHit 1337, 995, 1.86232, 0
PixelHit 1338, 985, 2.08068, 0
PixelHit 1338, 986, 6.47818, 0
PixelHit 1338, 987, 21.4977, 0
PixelHit 1338, 988, 50.4312, 0
PixelHit 1338, 989, 101.591, 0
PixelHit 1338, 990, 265.6, 0
PixelHit 1338, 991, 154.394, 0
PixelHit 1338, 992, 53.4272, 0
PixelHit 1338, 993, 7.24023, 0
PixelHit 1339, 982, 2.67071, 0
PixelHit 1339, 983, 8.99087, 0
PixelHit 1339, 984, 12.5641, 0
PixelHit 1339, 985, 30.2949, 0
PixelHit 1339, 986, 51.2418, 0
PixelHit 1339, 987, 67.3929, 0
PixelHit 1339, 988, 66.6269, 0
PixelHit 1339, 989, 41.3685, 0
PixelHit 1339, 990, 36.2848, 0
PixelHit 1339, 991, 9.86173, 0
PixelHit 1339, 992, 1.58802, 0
PixelHit 1340, 981, 1.42889, 0
PixelHit 1340, 982, 31.9362, 0
PixelHit 1340, 983, 95.3299, 0
PixelHit 1340, 984, 82.6817, 0
PixelHit 1340, 985, 60.9937, 0
PixelHit 1340, 986, 71.6671, 0
PixelHit 1340, 987, 60.9785, 0
PixelHit 1340, 988, 25.7589, 0
PixelHit 1340, 989, 7.26367, 0
PixelHit 1340, 990, 3.1755, 0
PixelHit 1340, 991, 3.00908, 0
PixelHit 1341, 979, 1.34273, 0
PixelHit 1341, 980, 7.61443, 0
PixelHit 1341, 981, 15.334, 0
PixelHit 1341, 982, 122.796, 0
PixelHit 1341, 983, 297.987, 0
PixelHit 1341, 984, 235.845, 0
PixelHit 1341, 985, 71.146, 0
PixelHit 1341, 986, 34.8443, 0
PixelHit 1341, 987, 13.3053, 0
PixelHit 1341, 988, 2.55708, 0
PixelHit 1341, 989, 0.825779, 0
PixelHit 1342, 977, 4.404, 0
PixelHit 1342, 978, 4.65775, 0
PixelHit 1342, 979, 9.43422, 0
PixelHit 1342, 980, 21.7146, 0
PixelHit 1342, 981, 40.86, 0
PixelHit 1342, 982, 118.101, 0
PixelHit 1342, 983, 258.841, 0
PixelHit 1342, 984, 191.222, 0
PixelHit 1342, 985, 57.4098, 0
PixelHit 1342, 986, 10.7091, 0
PixelHit 1342, 987, 1.50738, 0
PixelHit 1343, 976, 5.35438, 0
PixelHit 1343, 977, 6.01805, 0
PixelHit 1343, 978, 16.8619, 0
PixelHit 1343, 979, 23.0431, 0
PixelHit 1343, 980, 18.878, 0
PixelHit 1343, 981, 43.666, 0
PixelHit 1343, 982, 41.3724, 0
PixelHit 1343, 983, 64.8887, 0
PixelHit 1343, 984, 47.2542, 0
PixelHit 1343, 985, 8.96507, 0
PixelHit 1344, 973, 2.09614, 0
PixelHit 1344, 974, 2.58665, 0
PixelHit 1344, 975, 5.35974, 0
PixelHit 1344, 976, 19.5735, 0
PixelHit 1344, 977, 45.0134, 0
PixelHit 1344, 978, 42.1141, 0
PixelHit 1344, 979, 35.4418, 0
PixelHit 1344, 980, 19.5998, 0
PixelHit 1344, 981, 21.2217, 0
PixelHit 1344, 982, 7.87381, 0
PixelHit 1344, 983, 4.30058, 0
PixelHit 1344, 984, 3.89782, 0
PixelHit 1344, 985, 2.17247, 0
PixelHit 1345, 970, 1.87204, 0
PixelHit 1345, 971, 2.80774, 0
PixelHit 1345, 972, 15.959, 0
PixelHit 1345, 973, 31.096, 0
PixelHit 1345, 974, 20.1025, 0
PixelHit 1345, 975, 15.5375, 0
PixelHit 1345, 976, 24.9733, 0
PixelHit 1345, 977, 48.0431, 0
PixelHit 1345, 978, 31.2766, 0
PixelHit 1345, 979, 29.5268, 0
PixelHit 1345, 980, 11.9193, 0
PixelHit 1345, 984, -0.827598, 0
PixelHit 1346, 970, 2.85475, 0
PixelHit 1346, 971, 18.2465, 0
PixelHit 1346, 972, 48.4921, 0
PixelHit 1346, 973, 78.4086, 0
PixelHit 1346, 974, 70.0308, 0
PixelHit 1346, 975, 43.804, 0
PixelHit 1346, 976, 23.5766, 0
PixelHit 1346, 977, 33.4991, 0
PixelHit 1346, 978, 17.928, 0
PixelHit 1346, 979, 8.37715, 0
PixelHit 1346, 980, 7.01239, 0
PixelHit 1347, 969, 2.75464, 0
PixelHit 1347, 970, 7.57041, 0
PixelHit 1347, 971, 30.9849, 0
PixelHit 1347, 972, 77.4199, 0
PixelHit 1347, 973, 138.117, 0
PixelHit 1347, 974, 145.666, 0
PixelHit 1347, 975, 42.3734, 0
PixelHit 1347, 976, 10.4024, 0
PixelHit 1347, 977, 8.2329, 0
PixelHit 1347, 978, 5.59717, 0
PixelHit 1347, 979, 2.41076, 0
PixelHit 1348, 967, 3.90369, 0
PixelHit 1348, 968, 6.71843, 0
PixelHit 1348, 969, 8.44435, 0
PixelHit 1348, 970, 13.7187, 0
PixelHit 1348, 971, 27.1311, 0
PixelHit 1348, 972, 46.2784, 0
PixelHit 1348, 973, 118.53, 0
PixelHit 1348, 974, 89.0996, 0
PixelHit 1348, 975, 28.2641, 0
PixelHit 1348, 976, 6.10286, 0
PixelHit 1349, 965, 1.6613, 0
PixelHit 1349, 966, 2.97163, 0
PixelHit 1349, 967, 8.75082, 0
PixelHit 1349, 968, 16.8641, 0
PixelHit 1349, 969, 13.5994, 0
PixelHit 1349, 970, 8.4747, 0
PixelHit 1349, 971, 15.3099, 0
PixelHit 1349, 972, 17.0863, 0
PixelHit 1349, 973, 38.3082, 0
PixelHit 1349, 974, 30.5927, 0
PixelHit 1349, 975, 11.7126, 0
PixelHit 1349, 976, 2.26088, 0
PixelHit 1350, 966, 3.67123, 0
PixelHit 1350, 967, 13.3918, 0
PixelHit 1350, 968, 19.1828, 0
PixelHit 1350, 969, 22.8809, 0
PixelHit 1350, 970, 15.2751, 0
PixelHit 1350, 971, 7.02047, 0
PixelHit 1350, 972, 4.06269, 0
PixelHit 1350, 973, 4.65848, 0
PixelHit 1350, 974, 9.37126, 0
PixelHit 1351, 966, 3.15584, 0
PixelHit 1351, 967, 8.512, 0
PixelHit 1351, 968, 14.231, 0
PixelHit 1351, 969, 10.6254, 0
PixelHit 1351, 970, 5.56965, 0
PixelHit 1351, 971, 1.45571, 0
PixelHit 1352, 967, 1.39334, 0
PixelHit 1352, 968, 6.58128, 0
PixelHit 1352, 969, 2.29313, 0
PixelHit 1352, 971, 2.06181, 0
=== 80 ===
=== 81 ===
=== 82 ===
=== 83 ===
=== 84 ===
=== 85 ===
=== 86 ===
=== 87 ===
=== 88 ===
=== 89 ===
=== 90 ===
=== 91 ===
=== 92 ===
=== 93 ===
--- mydetector ---
PixelHit 1282, 997, 5.64169, 0
PixelHit 1283, 993, 1.70273, 0
PixelHit 1283, 994, 54.8683, 0
PixelHit 1283, 995, 97.3177, 0
PixelHit 1283, 996, 40.6463, 0
PixelHit 1283, 997, 13.6043, 0
PixelHit 1284, 989, 0.872056, 0
PixelHit 1284, 993, 4.55784, 0
PixelHit 1284, 994, 340.844, 0
PixelHit 1284, 995, 588.424, 0
PixelHit 1284, 996, 15.6039, 0
PixelHit 1284, 997, 2.12502, 0
PixelHit 1285, 990, 5.24088, 0
PixelHit 1285, 991, 4.02272, 0
PixelHit 1285, 992, 23.7193, 0
PixelHit 1285, 993, 14.3106, 0
PixelHit 1285, 994, 42.0089, 0
PixelHit 1285, 995, 26.1388, 0
PixelHit 1286, 986, 2.0107, 0
PixelHit 1286, 988, 4.31873, 0
PixelHit 1286, 989, 25.4649, 0
PixelHit 1286, 990, 56.4869, 0
PixelHit 1286, 991, 28.075, 0
PixelHit 1286, 992, 10.0912, 0
PixelHit 1286, 993, 11.3714, 0
PixelHit 1287, 985, 2.49254, 0
PixelHit 1287, 986, 1.63497, 0
PixelHit 1287, 987, 5.92242, 0
PixelHit 1287, 988, 11.1164, 0
PixelHit 1287, 989, 32.0968, 0
PixelHit 1287, 990, 73.8414, 0
PixelHit 1287, 991, 28.1501, 0
PixelHit 1287, 992, 0.0761017, 0
PixelHit 1288, 984, 4.14088, 0
PixelHit 1288, 985, 23.5043, 0
PixelHit 1288, 986, 27.1253, 0
PixelHit 1288, 987, 29.8105, 0
PixelHit 1288, 988, 27.6917, 0
PixelHit 1288, 989, 13.4625, 0
PixelHit 1288, 990, 12.0558, 0
PixelHit 1288, 991, 3.80192, 0
PixelHit 1289, 981, 2.17566, 0
PixelHit 1289, 982, 5.50496, 0
PixelHit 1289, 983, 7.99229, 0
PixelHit 1289, 984, 30.2405, 0
PixelHit 1289, 985, 74.7051, 0
PixelHit 1289, 986, 59.69, 0
PixelHit 1289, 987, 30.4962, 0
PixelHit 1289, 988, 13.6879, 0
PixelHit 1290, 980, 5.26192, 0
PixelHit 1290, 981, 5.0663, 0
PixelHit 1290, 982, 12.7799, 0
PixelHit 1290, 983, 21.5248, 0
PixelHit 1290, 984, 48.6614, 0
PixelHit 1290, 985, 61.3501, 0
PixelHit 1290, 986, 41.5701, 0
PixelHit 1290, 987, 12.087, 0
PixelHit 1291, 975, 2.05768, 0
PixelHit 1291, 978, 1.47898, 0
PixelHit 1291, 979, 4.11136, 0
PixelHit 1291, 980, 17.3935, 0
PixelHit 1291, 981, 21.1185, 0
PixelHit 1291, 982, 13.6953, 0
PixelHit 1291, 983, 18.1354, 0
PixelHit 1291, 984, 14.7165, 0
PixelHit 1291, 985, 9.90507, 0
PixelHit 1291, 986, 6.21515, 0
PixelHit 1292, 976, 1.11661, 0
PixelHit 1292, 977, 4.29608, 0
PixelHit 1292, 978, 8.91443, 0
PixelHit 1292, 979, 9.08467, 0
PixelHit 1292, 980, 43.9026, 0
PixelHit 1292, 981, 40.5033, 0
PixelHit 1292, 982, 10.3296, 0
PixelHit 1292, 983, 4.59349, 0
PixelHit 1292, 985, 1.01809, 0
PixelHit 1292, 988, 10.1051, 0
PixelHit 1292, 989, 3.16318, 0
PixelHit 1293, 974, 2.7046, 0
PixelHit 1293, 975, 6.38259, 0
PixelHit 1293, 976, 3.61132, 0
PixelHit 1293, 977, 8.37935, 0
PixelHit 1293, 978, 16.2812, 0
PixelHit 1293, 979, 15.3762, 0
PixelHit 1293, 980, 32.6928, 0
PixelHit 1293, 981, 20.446, 0
PixelHit 1293, 982, 6.97599, 0
PixelHit 1293, 983, 4.02366, 0
PixelHit 1293, 987, 10.3405, 0
PixelHit 1293, 988, 242.249, 0
PixelHit 1293, 989, 26.9096, 0
PixelHit 1294, 973, 3.89146, 0
PixelHit 1294, 974, 2.19186, 0
PixelHit 1294, 975, 5.82085, 0
PixelHit 1294, 976, 8.46692, 0
PixelHit 1294, 977, 13.4095, 0
PixelHit 1294, 978, 11.0408, 0
PixelHit 1294, 979, 11.9022, 0
PixelHit 1294, 980, 9.21958, 0
PixelHit 1294, 981, 2.59395, 0
PixelHit 1294, 984, 9.5724, 0
PixelHit 1294, 985, 25.8631, 0
PixelHit 1294, 986, 79.1746, 0
PixelHit 1294, 987, 25.7446, 0
PixelHit 1294, 988, 15.5303, 0
PixelHit 1294, 989, 3.4032, 0
PixelHit 1295, 971, 4.54943, 0
PixelHit 1295, 973, 9.87832, 0
PixelHit 1295, 974, 9.4791, 0
PixelHit 1295, 975, 7.35752, 0
PixelHit 1295, 976, 10.6925, 0
PixelHit 1295, 977, 4.69438, 0
PixelHit 1295, 978, 9.49422, 0
PixelHit 1295, 980, 0.689018, 0
PixelHit 1295, 981, 1.51341, 0
PixelHit 1295, 982, 9.67792, 0
PixelHit 1295, 983, 27.767, 0
PixelHit 1295, 984, 49.1609, 0
PixelHit 1295, 985, 86.9604, 0
PixelHit 1295, 986, 41.2725, 0
PixelHit 1295, 987, 4.86871, 0
PixelHit 1296, 970, 2.71174, 0
PixelHit 1296, 971, 3.90268, 0
PixelHit 1296, 972, 10.7978, 0
PixelHit 1296, 973, 15.9022, 0
PixelHit 1296, 974, 14.5058, 0
PixelHit 1296, 975, 7.32569, 0
PixelHit 1296, 976, 7.66924, 0
PixelHit 1296, 977, 2.65139, 0
PixelHit 1296, 978, 2.31426, 0
PixelHit 1296, 980, 8.36285, 0
PixelHit 1296, 981, 11.0983, 0
PixelHit 1296, 982, 61.9421, 0
PixelHit 1296, 983, 116.449, 0
PixelHit 1296, 984, 30.3146, 0
PixelHit 1296, 985, 13.9945, 0
PixelHit 1297, 970, 5.37794, 0
PixelHit 1297, 971, 5.61485, 0
PixelHit 1297, 972, 11.5826, 0
PixelHit 1297, 973, 7.53674, 0
PixelHit 1297, 974, 10.2539, 0
PixelHit 1297, 975, 6.1864, 0
PixelHit 1297, 978, 3.70725, 0
PixelHit 1297, 979, 3.17999, 0
PixelHit 1297, 980, 21.4407, 0
PixelHit 1297, 981, 42.0932, 0
PixelHit 1297, 982, 42.5559, 0
PixelHit 1297, 983, 34.4364, 0
PixelHit 1297, 984, 11.9006, 0
PixelHit 1298, 965, 1.33303, 0
PixelHit 1298, 966, 0.719135, 0
PixelHit 1298, 967, 5.67083, 0
PixelHit 1298, 968, 3.95929, 0
PixelHit 1298, 969, 1.66205, 0
PixelHit 1298, 970, 7.66506, 0
PixelHit 1298, 971, 7.55566, 0
PixelHit 1298, 972, 6.19146, 0
PixelHit 1298, 973, 1.65528, 0
PixelHit 1298, 974, 1.29102, 0
PixelHit 1298, 977, 8.05224, 0
PixelHit 1298, 978, 33.3246, 0
PixelHit 1298, 979, 38.1833, 0
PixelHit 1298, 980, 27.0105, 0
PixelHit 1298, 981, 19.0411, 0
PixelHit 1298, 982, 3.41763, 0
PixelHit 1299, 964, 1.69732, 0
PixelHit 1299, 965, 5.6145, 0
PixelHit 1299, 966, 6.49913, 0
PixelHit 1299, 967, 11.4224, 0
PixelHit 1299, 968, 7.81703, 0
PixelHit 1299, 969, 5.18408, 0
PixelHit 1299, 970, 2.90357, 0
PixelHit 1299, 972, 4.3355, 0
PixelHit 1299, 974, 3.87545, 0
PixelHit 1299, 975, 16.2113, 0
PixelHit 1299, 976, 24.5949, 0
PixelHit 1299, 977, 23.4084, 0
PixelHit 1299, 978, 32.9518, 0
PixelHit 1299, 979, 33.7733, 0
PixelHit 1299, 980, 19.3967, 0
PixelHit 1300, 962, 0.485906, 0
PixelHit 1300, 963, 2.09031, 0
PixelHit 1300, 964, 6.13752, 0
PixelHit 1300, 965, 2.35086, 0
PixelHit 1300, 966, 7.74918, 0
PixelHit 1300, 967, 7.83536, 0
PixelHit 1300, 968, 7.14546, 0
PixelHit 1300, 969, 4.14397, 0
PixelHit 1300, 970, 4.06046, 0
PixelHit 1300, 971, 5.15445, 0
PixelHit 1300, 972, 6.97622, 0
PixelHit 1300, 973, 11.0198, 0
PixelHit 1300, 974, 13.2004, 0
PixelHit 1300, 975, 42.061, 0
PixelHit 1300, 976, 57.7748, 0
PixelHit 1300, 977, 23.6643, 0
PixelHit 1300, 978, 11.8473, 0
PixelHit 1300, 979, 16.3883, 0
PixelHit 1301, 963, 2.83348, 0
PixelHit 1301, 964, 5.67163, 0
PixelHit 1301, 965, 10.3782, 0
PixelHit 1301, 966, 7.03913, 0
PixelHit 1301, 967, 8.37899, 0
PixelHit 1301, 968, 2.4007, 0
PixelHit 1301, 971, 2.11673, 0
PixelHit 1301, 972, 12.8812, 0
PixelHit 1301, 973, 34.2432, 0
PixelHit 1301, 974, 38.504, 0
PixelHit 1301, 975, 38.4466, 0
PixelHit 1301, 976, 25.9662, 0
PixelHit 1301, 977, 5.03139, 0
PixelHit 1301, 978, 4.62414, 0
PixelHit 1302, 963, 0.894915, 0
PixelHit 1302, 964, 3.97652, 0
PixelHit 1302, 965, 2.29703, 0
PixelHit 1302, 966, 7.36855, 0
PixelHit 1302, 967, 2.06244, 0
PixelHit 1302, 968, 4.9611, 0
PixelHit 1302, 969, 11.0363, 0
PixelHit 1302, 970, 19.0067, 0
PixelHit 1302, 971, 18.1251, 0
PixelHit 1302, 972, 33.1535, 0
PixelHit 1302, 973, 42.8219, 0
PixelHit 1302, 974, 28.584, 0
PixelHit 1302, 975, 13.8062, 0
PixelHit 1302, 976, 6.887, 0
PixelHit 1302, 978, 2.02858, 0
PixelHit 1303, 966, 4.72168, 0
PixelHit 1303, 967, 3.1582, 0
PixelHit 1303, 968, 7.09219, 0
PixelHit 1303, 969, 17.5211, 0
PixelHit 1303, 970, 37.7746, 0
PixelHit 1303, 971, 37.5182, 0
PixelHit 1303, 972, 21.7311, 0
PixelHit 1303, 973, 21.1434, 0
PixelHit 1303, 974, 7.76349, 0
PixelHit 1303, 975, 3.65242, 0
PixelHit 1304, 962, 1.72549, 0
PixelHit 1304, 965, 2.41395, 0
PixelHit 1304, 966, 5.16154, 0
PixelHit 1304, 967, 14.4045, 0
PixelHit 1304, 968, 17.5942, 0
PixelHit 1304, 969, 26.2071, 0
PixelHit 1304, 970, 23.7108, 0
PixelHit 1304, 971, 18.5606, 0
PixelHit 1304, 972, 9.53382, 0
PixelHit 1304, 973, 4.42686, 0
PixelHit 1305, 962, 1.10843, 0
PixelHit 1305, 963, 6.72773, 0
PixelHit 1305, 964, 7.37609, 0
PixelHit 1305, 965, 6.98384, 0
PixelHit 1305, 966, 17.0605, 0
PixelHit 1305, 967, 26.212, 0
PixelHit 1305, 968, 22.4735, 0
PixelHit 1305, 969, 19.2231, 0
PixelHit 1305, 970, 10.1906, 0
PixelHit 1305, 971, 9.49954, 0
PixelHit 1306, 961, 1.78876, 0
PixelHit 1306, 962, 15.5419, 0
PixelHit 1306, 963, 19.3532, 0
PixelHit 1306, 964, 21.3674, 0
PixelHit 1306, 965, 19.8349, 0
PixelHit 1306, 966, 11.0075, 0
PixelHit 1306, 967, 15.6691, 0
PixelHit 1306, 968, 16.026, 0
PixelHit 1306, 969, 3.96182, 0
PixelHit 1306, 970, 1.84753, 0
PixelHit 1306, 971, 1.81122, 0
PixelHit 1307, 959, 2.18582, 0
PixelHit 1307, 961, 16.0885, 0
PixelHit 1307, 962, 36.7848, 0
PixelHit 1307, 963, 38.9163, 0
PixelHit 1307, 964, 24.3952, 0
PixelHit 1307, 965, 16.9431, 0
PixelHit 1307, 966, 6.18761, 0
PixelHit 1307, 967, 7.05622, 0
PixelHit 1307, 968, 2.85117, 0
PixelHit 1308, 958, 2.89843, 0
PixelHit 1308, 959, 0.787096, 0
PixelHit 1308, 960, 9.16082, 0
PixelHit 1308, 961, 24.6314, 0
PixelHit 1308, 962, 40.1016, 0
PixelHit 1308, 963, 38.5543, 0
PixelHit 1308, 964, 21.6384, 0
PixelHit 1308, 965, 7.76725, 0
PixelHit 1308, 967, 0.620214, 0
PixelHit 1309, 956, 4.41341, 0
PixelHit 1309, 957, 12.593, 0
PixelHit 1309, 958, 10.8739, 0
PixelHit 1309, 959, 8.63727, 0
PixelHit 1309, 960, 10.6413, 0
PixelHit 1309, 961, 17.3548, 0
PixelHit 1309, 962, 18.8513, 0
PixelHit 1309, 963, 24.1228, 0
PixelHit 1309, 964, 6.81399, 0
PixelHit 1310, 955, 3.68364, 0
PixelHit 1310, 956, 9.78445, 0
PixelHit 1310, 957, 17.2007, 0
PixelHit 1310, 958, 16.5957, 0
PixelHit 1310, 959, 14.8685, 0
PixelHit 1310, 960, 3.25493, 0
PixelHit 1310, 961, 8.77337, 0
PixelHit 1310, 962, 10.9638, 0
PixelHit 1310, 963, 3.9412, 0
PixelHit 1310, 964, 4.72904, 0
PixelHit 1311, 954, 1.14909, 0
PixelHit 1311, 955, 4.10758, 0
PixelHit 1311, 956, 15.0097, 0
PixelHit 1311, 957, 12.7676, 0
PixelHit 1311, 958, 15.478, 0
PixelHit 1311, 959, 10.849, 0
PixelHit 1311, 960, 1.41349, 0
PixelHit 1311, 961, 1.66614, 0
PixelHit 1311, 962, 1.53703, 0
PixelHit 1312, 955, 4.42461, 0
PixelHit 1312, 956, 11.2134, 0
PixelHit 1312, 957, 7.27271, 0
PixelHit 1312, 958, 12.3143, 0
PixelHit 1312, 959, 4.13627, 0
PixelHit 1313, 955, 2.72071, 0
PixelHit 1313, 956, 6.08564, 0
PixelHit 1313, 957, 1.48291, 0
PixelHit 1313, 958, 4.21685, 0
PixelHit 1313, 959, 2.59131, 0
PixelHit 1313, 961, 3.42736, 0
PixelHit 1314, 956, 1.38285, 0
PixelHit 1314, 957, 6.50535, 0
PixelHit 1314, 958, 0.890259, 0
=== 94 ===
=== 95 ===
=== 96 ===
=== 97 ===
=== 98 ===
=== 99 ===
=== 100 ===
# 1013 objects from 3 messages
