# Allpix Squared ASCII data - https://cern.ch/allpix-squared

=== 1 ===
=== 2 ===
=== 3 ===
=== 4 ===
=== 5 ===
=== 6 ===
=== 7 ===
=== 8 ===
=== 9 ===
=== 10 ===
=== 11 ===
=== 12 ===
=== 13 ===
=== 14 ===
=== 15 ===
=== 16 ===
=== 17 ===
=== 18 ===
=== 19 ===
=== 20 ===
=== 21 ===
=== 22 ===
=== 23 ===
=== 24 ===
=== 25 ===
=== 26 ===
=== 27 ===
=== 28 ===
=== 29 ===
=== 30 ===
=== 31 ===
=== 32 ===
=== 33 ===
=== 34 ===
=== 35 ===
=== 36 ===
=== 37 ===
=== 38 ===
=== 39 ===
=== 40 ===
=== 41 ===
=== 42 ===
=== 43 ===
=== 44 ===
=== 45 ===
=== 46 ===
=== 47 ===
=== 48 ===
=== 49 ===
=== 50 ===
=== 51 ===
=== 52 ===
=== 53 ===
=== 54 ===
=== 55 ===
=== 56 ===
=== 57 ===
--- mydetector ---
PixelHit 1292, 829, 4.58777, 0
PixelHit 1292, 830, 105.722, 0
PixelHit 1293, 829, 36.7812, 0
PixelHit 1293, 830, 24.2884, 0
PixelHit 1294, 829, 47.9709, 0
PixelHit 1294, 830, 7.12041, 0
PixelHit 1295, 827, 0.276181, 0
PixelHit 1295, 828, 14.0145, 0
PixelHit 1295, 829, 5.79197, 0
PixelHit 1296, 826, 3.2188, 0
PixelHit 1296, 827, 20.9609, 0
PixelHit 1296, 828, 58.7822, 0
PixelHit 1296, 829, 5.36238, 0
PixelHit 1297, 826, 14.5814, 0
PixelHit 1297, 827, 84.3254, 0
PixelHit 1297, 828, 39.2245, 0
PixelHit 1298, 825, 1.51611, 0
PixelHit 1298, 826, 30.3589, 0
PixelHit 1298, 827, 70.4254, 0
PixelHit 1298, 828, 8.30222, 0
PixelHit 1299, 825, 9.94185, 0
PixelHit 1299, 826, 33.9688, 0
PixelHit 1299, 827, 16.9566, 0
PixelHit 1299, 828, 5.25051, 0
PixelHit 1300, 824, 5.53168, 0
PixelHit 1300, 825, 38.382, 0
PixelHit 1300, 826, 22.488, 0
PixelHit 1300, 827, 6.49422, 0
PixelHit 1300, 952, 1.37694, 0
PixelHit 1301, 824, 39.9493, 0
PixelHit 1301, 825, 59.1529, 0
PixelHit 1301, 826, 29.2119, 0
PixelHit 1301, 827, 1.18557, 0
PixelHit 1301, 952, 19.0545, 0
PixelHit 1301, 953, 89.0384, 0
PixelHit 1301, 954, 1.06999, 0
PixelHit 1302, 822, 1.56295, 0
PixelHit 1302, 823, 11.3344, 0
PixelHit 1302, 824, 56.3427, 0
PixelHit 1302, 825, 53.9508, 0
PixelHit 1302, 826, 18.0204, 0
PixelHit 1302, 952, 104.292, 0
PixelHit 1302, 953, 42.6179, 0
PixelHit 1303, 822, 2.44939, 0
PixelHit 1303, 823, 15.065, 0
PixelHit 1303, 824, 31.8846, 0
PixelHit 1303, 825, 28.8278, 0
PixelHit 1303, 826, 2.54482, 0
PixelHit 1303, 951, 11.2373, 0
PixelHit 1303, 952, 47.8803, 0
PixelHit 1303, 953, 4.06124, 0
PixelHit 1304, 822, 7.17299, 0
PixelHit 1304, 823, 19.2537, 0
PixelHit 1304, 824, 22.1158, 0
PixelHit 1304, 825, 8.63377, 0
PixelHit 1304, 950, 11.3413, 0
PixelHit 1304, 951, 51.811, 0
PixelHit 1304, 952, 15.5437, 0
PixelHit 1305, 821, 12.2431, 0
PixelHit 1305, 822, 27.9055, 0
PixelHit 1305, 823, 27.6183, 0
PixelHit 1305, 824, 3.83636, 0
PixelHit 1305, 949, 2.33559, 0
PixelHit 1305, 950, 40.5637, 0
PixelHit 1305, 951, 54.8529, 0
PixelHit 1305, 952, 4.27054, 0
PixelHit 1306, 819, 3.10751, 0
PixelHit 1306, 820, 4.37614, 0
PixelHit 1306, 821, 40.1482, 0
PixelHit 1306, 822, 95.8435, 0
PixelHit 1306, 823, 50.1083, 0
PixelHit 1306, 948, 2.35699, 0
PixelHit 1306, 949, 23.3286, 0
PixelHit 1306, 950, 65.5121, 0
PixelHit 1306, 951, 26.0948, 0
PixelHit 1307, 820, 10.4416, 0
PixelHit 1307, 821, 60.971, 0
PixelHit 1307, 822, 95.5824, 0
PixelHit 1307, 823, 44.8546, 0
PixelHit 1307, 824, 6.06494, 0
PixelHit 1307, 948, 3.05557, 0
PixelHit 1307, 949, 45.1842, 0
PixelHit 1307, 950, 36.799, 0
PixelHit 1307, 951, 7.43662, 0
PixelHit 1308, 819, 5.72182, 0
PixelHit 1308, 820, 10.7624, 0
PixelHit 1308, 821, 30.1083, 0
PixelHit 1308, 822, 33.919, 0
PixelHit 1308, 823, 17.7673, 0
PixelHit 1308, 948, 8.57941, 0
PixelHit 1308, 949, 23.6443, 0
PixelHit 1308, 950, 14.6204, 0
PixelHit 1309, 819, 7.81315, 0
PixelHit 1309, 820, 16.0948, 0
PixelHit 1309, 821, 24.2402, 0
PixelHit 1309, 822, 15.348, 0
PixelHit 1309, 823, 8.12575, 0
PixelHit 1309, 945, 2.56715, 0
PixelHit 1309, 947, 5.859, 0
PixelHit 1309, 948, 7.48284, 0
PixelHit 1309, 949, 13.0149, 0
PixelHit 1309, 950, 2.21127, 0
PixelHit 1310, 818, 1.89756, 0
PixelHit 1310, 819, 17.0115, 0
PixelHit 1310, 820, 31.1003, 0
PixelHit 1310, 821, 23.0789, 0
PixelHit 1310, 822, 5.81025, 0
PixelHit 1310, 945, 2.02004, 0
PixelHit 1310, 946, 3.40536, 0
PixelHit 1310, 947, 21.3865, 0
PixelHit 1310, 948, 23.0286, 0
PixelHit 1310, 949, 3.85933, 0
PixelHit 1311, 818, 5.01313, 0
PixelHit 1311, 819, 15.4083, 0
PixelHit 1311, 820, 25.0556, 0
PixelHit 1311, 821, 7.21646, 0
PixelHit 1311, 822, 2.94589, 0
PixelHit 1311, 946, 8.84469, 0
PixelHit 1311, 947, 19.5129, 0
PixelHit 1311, 948, 16.0589, 0
PixelHit 1311, 949, 0.760594, 0
PixelHit 1312, 817, 2.45016, 0
PixelHit 1312, 818, 9.25041, 0
PixelHit 1312, 819, 17.0916, 0
PixelHit 1312, 820, 20.4448, 0
PixelHit 1312, 821, 0.99687, 0
PixelHit 1312, 946, 10.6169, 0
PixelHit 1312, 947, 10.7929, 0
PixelHit 1312, 948, 10.8763, 0
PixelHit 1313, 816, 5.45805, 0
PixelHit 1313, 817, 14.8886, 0
PixelHit 1313, 818, 15.4847, 0
PixelHit 1313, 819, 14.8156, 0
PixelHit 1313, 820, 3.35282, 0
PixelHit 1313, 944, 0.661774, 0
PixelHit 1313, 946, 5.49883, 0
PixelHit 1313, 947, 7.74541, 0
PixelHit 1314, 816, 20.2349, 0
PixelHit 1314, 817, 40.2092, 0
PixelHit 1314, 818, 28.4396, 0
PixelHit 1314, 819, 11.5337, 0
PixelHit 1314, 820, 6.38631, 0
PixelHit 1314, 944, 3.38506, 0
PixelHit 1315, 815, 7.77065, 0
PixelHit 1315, 816, 31.6192, 0
PixelHit 1315, 817, 48.7038, 0
PixelHit 1315, 818, 46.4781, 0
PixelHit 1315, 819, 17.2562, 0
PixelHit 1315, 820, 5.12553, 0
PixelHit 1315, 943, 3.16476, 0
PixelHit 1315, 944, 10.6095, 0
PixelHit 1315, 945, 6.40706, 0
PixelHit 1315, 946, 3.12576, 0
PixelHit 1316, 813, 1.47398, 0
PixelHit 1316, 814, 1.6959, 0
PixelHit 1316, 815, 20.391, 0
PixelHit 1316, 816, 45.5424, 0
PixelHit 1316, 817, 57.402, 0
PixelHit 1316, 818, 31.9533, 0
PixelHit 1316, 819, 8.83427, 0
PixelHit 1316, 820, 1.84592, 0
PixelHit 1316, 821, 0.624929, 0
PixelHit 1316, 942, 1.99109, 0
PixelHit 1316, 943, 6.0347, 0
PixelHit 1316, 944, 25.1747, 0
PixelHit 1316, 945, 19.6861, 0
PixelHit 1316, 946, 8.30814, 0
PixelHit 1317, 814, 3.00602, 0
PixelHit 1317, 815, 29.013, 0
PixelHit 1317, 816, 50.5218, 0
PixelHit 1317, 817, 49.3545, 0
PixelHit 1317, 818, 21.953, 0
PixelHit 1317, 819, 2.07823, 0
PixelHit 1317, 942, 7.20226, 0
PixelHit 1317, 943, 14.701, 0
PixelHit 1317, 944, 36.3625, 0
PixelHit 1317, 945, 10.1636, 0
PixelHit 1317, 946, 1.66642, 0
PixelHit 1318, 813, 6.28575, 0
PixelHit 1318, 814, 9.92303, 0
PixelHit 1318, 815, 38.5576, 0
PixelHit 1318, 816, 39.7562, 0
PixelHit 1318, 817, 23.2142, 0
PixelHit 1318, 818, 4.06062, 0
PixelHit 1318, 941, 5.68108, 0
PixelHit 1318, 942, 11.0284, 0
PixelHit 1318, 943, 25.1917, 0
PixelHit 1318, 944, 7.95397, 0
PixelHit 1318, 945, 7.78037, 0
PixelHit 1318, 946, 2.27676, 0
PixelHit 1319, 812, 4.33738, 0
PixelHit 1319, 813, 7.7492, 0
PixelHit 1319, 814, 16.4984, 0
PixelHit 1319, 815, 37.4779, 0
PixelHit 1319, 816, 30.6279, 0
PixelHit 1319, 817, 13.87, 0
PixelHit 1319, 940, 3.19344, 0
PixelHit 1319, 941, 8.12572, 0
PixelHit 1319, 942, 20.8143, 0
PixelHit 1319, 943, 21.7089, 0
PixelHit 1319, 944, 6.35143, 0
PixelHit 1319, 945, 0.981203, 0
PixelHit 1320, 812, 1.79731, 0
PixelHit 1320, 813, 11.7382, 0
PixelHit 1320, 814, 30.5502, 0
PixelHit 1320, 815, 40.2599, 0
PixelHit 1320, 816, 24.3456, 0
PixelHit 1320, 817, 6.26463, 0
PixelHit 1320, 939, 0.860671, 0
PixelHit 1320, 940, 7.33725, 0
PixelHit 1320, 941, 24.4068, 0
PixelHit 1320, 942, 37.4827, 0
PixelHit 1320, 943, 18.3577, 0
PixelHit 1320, 944, 4.65423, 0
PixelHit 1321, 812, 5.35801, 0
PixelHit 1321, 813, 9.94217, 0
PixelHit 1321, 814, 22.2311, 0
PixelHit 1321, 815, 21.3882, 0
PixelHit 1321, 816, 16.9376, 0
PixelHit 1321, 817, 4.20145, 0
PixelHit 1321, 819, 1.92466, 0
PixelHit 1321, 940, 9.90983, 0
PixelHit 1321, 941, 39.4174, 0
PixelHit 1321, 942, 46.9462, 0
PixelHit 1321, 943, 12.5947, 0
PixelHit 1322, 810, 1.53575, 0
PixelHit 1322, 812, 9.85932, 0
PixelHit 1322, 813, 17.1404, 0
PixelHit 1322, 814, 18.5635, 0
PixelHit 1322, 815, 17.0245, 0
PixelHit 1322, 816, 2.70435, 0
PixelHit 1322, 939, 2.91556, 0
PixelHit 1322, 940, 16.0528, 0
PixelHit 1322, 941, 31.8089, 0
PixelHit 1322, 942, 14.9378, 0
PixelHit 1322, 943, 6.02708, 0
PixelHit 1322, 944, 1.96572, 0
PixelHit 1323, 811, 7.55525, 0
PixelHit 1323, 812, 10.3833, 0
PixelHit 1323, 813, 13.1274, 0
PixelHit 1323, 814, 9.60593, 0
PixelHit 1323, 815, 6.77374, 0
PixelHit 1323, 938, 4.76698, 0
PixelHit 1323, 939, 3.25695, 0
PixelHit 1323, 940, 10.7251, 0
PixelHit 1323, 941, 15.1197, 0
PixelHit 1323, 942, 10.3358, 0
PixelHit 1323, 943, 2.83274, 0
PixelHit 1324, 811, 3.3195, 0
PixelHit 1324, 813, 5.37421, 0
PixelHit 1324, 814, 6.38729, 0
PixelHit 1324, 815, 2.15964, 0
PixelHit 1324, 934, 0.15246, 0
PixelHit 1324, 938, 12.3707, 0
PixelHit 1324, 939, 13.6481, 0
PixelHit 1324, 940, 9.83702, 0
PixelHit 1324, 941, 8.22384, 0
PixelHit 1325, 813, 1.57328, 0
PixelHit 1325, 814, 3.10601, 0
PixelHit 1325, 815, 2.21882, 0
PixelHit 1325, 936, 3.97251, 0
PixelHit 1325, 937, 6.99989, 0
PixelHit 1325, 938, 23.6981, 0
PixelHit 1325, 939, 22.3889, 0
PixelHit 1325, 940, 23.0476, 0
PixelHit 1325, 941, 7.88365, 0
PixelHit 1326, 936, 11.5625, 0
PixelHit 1326, 937, 34.3157, 0
PixelHit 1326, 938, 42.8618, 0
PixelHit 1326, 939, 56.214, 0
PixelHit 1326, 940, 10.6881, 0
PixelHit 1326, 941, 8.0134, 0
PixelHit 1327, 935, 2.28667, 0
PixelHit 1327, 936, 29.6204, 0
PixelHit 1327, 937, 48.2437, 0
PixelHit 1327, 938, 55.8866, 0
PixelHit 1327, 939, 48.5371, 0
PixelHit 1327, 940, 15.3533, 0
PixelHit 1327, 941, 5.16898, 0
PixelHit 1328, 935, 14.5748, 0
PixelHit 1328, 936, 25.4208, 0
PixelHit 1328, 937, 70.8427, 0
PixelHit 1328, 938, 67.8828, 0
PixelHit 1328, 939, 43.157, 0
PixelHit 1328, 940, 10.7061, 0
PixelHit 1328, 941, 3.27216, 0
PixelHit 1329, 933, 0.57514, 0
PixelHit 1329, 934, 5.86858, 0
PixelHit 1329, 935, 15.7671, 0
PixelHit 1329, 936, 35.7788, 0
PixelHit 1329, 937, 50.854, 0
PixelHit 1329, 938, 44.1771, 0
PixelHit 1329, 939, 20.7458, 0
PixelHit 1329, 940, 6.21943, 0
PixelHit 1330, 934, 3.05804, 0
PixelHit 1330, 935, 14.9909, 0
PixelHit 1330, 936, 43.6621, 0
PixelHit 1330, 937, 25.8603, 0
PixelHit 1330, 938, 23.9265, 0
PixelHit 1330, 939, 11.2562, 0
PixelHit 1330, 940, 6.03495, 0
PixelHit 1331, 934, 5.01033, 0
PixelHit 1331, 935, 14.0301, 0
PixelHit 1331, 936, 16.6183, 0
PixelHit 1331, 937, 14.4571, 0
PixelHit 1331, 938, 5.79806, 0
PixelHit 1331, 939, 3.01639, 0
PixelHit 1332, 935, 5.79243, 0
PixelHit 1332, 936, 11.255, 0
PixelHit 1332, 937, 6.1397, 0
PixelHit 1333, 937, 1.18858, 0
=== 58 ===
=== 59 ===
=== 60 ===
=== 61 ===
=== 62 ===
--- mydetector ---
PixelHit 1217, 922, 4.12511, 0
PixelHit 1217, 923, 1.69506, 0
PixelHit 1218, 922, 72.3934, 0
PixelHit 1218, 923, 13.3621, 0
PixelHit 1219, 921, 12.3244, 0
PixelHit 1219, 922, 85.0416, 0
PixelHit 1219, 923, 2.03017, 0
PixelHit 1220, 920, 5.64396, 0
PixelHit 1220, 921, 55.2104, 0
PixelHit 1220, 922, 18.122, 0
PixelHit 1221, 919, 2.64637, 0
PixelHit 1221, 920, 32.7259, 0
PixelHit 1221, 921, 48.283, 0
PixelHit 1221, 922, 7.26484, 0
PixelHit 1222, 919, 3.5828, 0
PixelHit 1222, 920, 25.9502, 0
PixelHit 1222, 921, 16.3862, 0
PixelHit 1223, 918, 4.76068, 0
PixelHit 1223, 919, 14.9849, 0
PixelHit 1223, 920, 18.7626, 0
PixelHit 1224, 917, 1.9597, 0
PixelHit 1224, 918, 14.6005, 0
PixelHit 1224, 919, 25.6988, 0
PixelHit 1224, 920, 7.67563, 0
PixelHit 1224, 921, 1.25518, 0
PixelHit 1225, 918, 18.6966, 0
PixelHit 1225, 919, 21.3884, 0
PixelHit 1225, 920, 2.86345, 0
PixelHit 1226, 917, 3.82184, 0
PixelHit 1226, 918, 17.2931, 0
PixelHit 1226, 919, 11.78, 0
PixelHit 1227, 916, 3.78493, 0
PixelHit 1227, 917, 12.3661, 0
PixelHit 1227, 918, 11.2557, 0
PixelHit 1227, 919, 2.47633, 0
PixelHit 1228, 915, 6.54926, 0
PixelHit 1228, 916, 26.7323, 0
PixelHit 1228, 917, 34.5897, 0
PixelHit 1228, 918, 9.6116, 0
PixelHit 1228, 919, 2.57472, 0
PixelHit 1229, 914, 1.02277, 0
PixelHit 1229, 915, 15.4631, 0
PixelHit 1229, 916, 50.7267, 0
PixelHit 1229, 917, 40.1884, 0
PixelHit 1229, 918, 3.41367, 0
PixelHit 1229, 919, 0.550567, 0
PixelHit 1230, 914, 4.97299, 0
PixelHit 1230, 915, 22.4379, 0
PixelHit 1230, 916, 32.4747, 0
PixelHit 1230, 917, 20.5359, 0
PixelHit 1230, 918, 1.02053, 0
PixelHit 1231, 912, 0.0586393, 0
PixelHit 1231, 913, 1.44659, 0
PixelHit 1231, 914, 15.1868, 0
PixelHit 1231, 915, 25.0587, 0
PixelHit 1231, 916, 14.5628, 0
PixelHit 1231, 917, 1.97771, 0
PixelHit 1232, 912, 2.46145, 0
PixelHit 1232, 913, 3.91665, 0
PixelHit 1232, 914, 24.8688, 0
PixelHit 1232, 915, 22.4349, 0
PixelHit 1232, 916, 9.37022, 0
PixelHit 1233, 913, 6.30443, 0
PixelHit 1233, 914, 21.5792, 0
PixelHit 1233, 915, 17.4062, 0
PixelHit 1233, 916, 9.6759, 0
PixelHit 1234, 912, 12.1237, 0
PixelHit 1234, 913, 20.0834, 0
PixelHit 1234, 914, 24.2084, 0
PixelHit 1234, 915, 9.4174, 0
PixelHit 1234, 916, 1.87908, 0
PixelHit 1234, 917, 1.64538, 0
PixelHit 1235, 910, 2.29647, 0
PixelHit 1235, 911, 5.64259, 0
PixelHit 1235, 912, 13.0213, 0
PixelHit 1235, 913, 29.4269, 0
PixelHit 1235, 914, 19.1345, 0
PixelHit 1235, 915, 1.85546, 0
PixelHit 1236, 911, 7.68022, 0
PixelHit 1236, 912, 26.2037, 0
PixelHit 1236, 913, 22.8295, 0
PixelHit 1236, 914, 11.2987, 0
PixelHit 1236, 915, 3.46367, 0
PixelHit 1237, 910, 3.99097, 0
PixelHit 1237, 911, 12.3324, 0
PixelHit 1237, 912, 26.9114, 0
PixelHit 1237, 913, 12.9626, 0
PixelHit 1237, 915, 0.438893, 0
PixelHit 1237, 916, 1.42615, 0
PixelHit 1238, 908, 1.0063, 0
PixelHit 1238, 910, 7.71797, 0
PixelHit 1238, 911, 20.6566, 0
PixelHit 1238, 912, 16.1071, 0
PixelHit 1238, 913, 9.4654, 0
PixelHit 1238, 914, 0.889188, 0
PixelHit 1239, 908, 2.77824, 0
PixelHit 1239, 909, 12.3635, 0
PixelHit 1239, 910, 27.2091, 0
PixelHit 1239, 911, 25.4783, 0
PixelHit 1239, 912, 12.8037, 0
PixelHit 1239, 913, 0.959688, 0
PixelHit 1240, 908, 3.79857, 0
PixelHit 1240, 909, 17.4452, 0
PixelHit 1240, 910, 30.6844, 0
PixelHit 1240, 911, 32.0159, 0
PixelHit 1240, 912, 10.4787, 0
PixelHit 1240, 1001, 0.709262, 0
PixelHit 1241, 907, 1.64081, 0
PixelHit 1241, 908, 3.22888, 0
PixelHit 1241, 909, 13.3241, 0
PixelHit 1241, 910, 13.7419, 0
PixelHit 1241, 911, 8.31984, 0
PixelHit 1241, 912, 7.31205, 0
PixelHit 1241, 1000, 299.566, 0
PixelHit 1241, 1001, 200.842, 0
PixelHit 1241, 1002, 1.22921, 0
PixelHit 1242, 906, 2.08054, 0
PixelHit 1242, 908, 6.86063, 0
PixelHit 1242, 909, 10.59, 0
PixelHit 1242, 910, 9.2868, 0
PixelHit 1242, 911, 6.28542, 0
PixelHit 1242, 999, 11.8653, 0
PixelHit 1242, 1000, 325.395, 0
PixelHit 1242, 1001, 161.701, 0
PixelHit 1243, 906, 0.717805, 0
PixelHit 1243, 907, 4.62537, 0
PixelHit 1243, 908, 9.24256, 0
PixelHit 1243, 909, 6.88594, 0
PixelHit 1243, 910, 6.12354, 0
PixelHit 1243, 912, 2.87791, 0
PixelHit 1243, 999, 86.7321, 0
PixelHit 1243, 1000, 84.4094, 0
PixelHit 1243, 1001, 3.60166, 0
PixelHit 1244, 904, 2.30591, 0
PixelHit 1244, 905, 3.14303, 0
PixelHit 1244, 906, 3.8417, 0
PixelHit 1244, 907, 10.4045, 0
PixelHit 1244, 908, 12.7367, 0
PixelHit 1244, 909, 13.1462, 0
PixelHit 1244, 910, 2.79398, 0
PixelHit 1244, 998, 16.7661, 0
PixelHit 1244, 999, 124.364, 0
PixelHit 1244, 1000, 10.377, 0
PixelHit 1245, 904, 1.75858, 0
PixelHit 1245, 905, 8.21512, 0
PixelHit 1245, 906, 14.9702, 0
PixelHit 1245, 907, 18.2286, 0
PixelHit 1245, 908, 13.8329, 0
PixelHit 1245, 909, 7.25757, 0
PixelHit 1245, 910, 0.440472, 0
PixelHit 1245, 997, 14.7239, 0
PixelHit 1245, 998, 186.719, 0
PixelHit 1245, 999, 82.1785, 0
PixelHit 1245, 1000, 1.54843, 0
PixelHit 1246, 904, 2.78908, 0
PixelHit 1246, 905, 17.6748, 0
PixelHit 1246, 906, 32.4218, 0
PixelHit 1246, 907, 23.9194, 0
PixelHit 1246, 908, 23.5462, 0
PixelHit 1246, 909, 8.05694, 0
PixelHit 1246, 996, 3.39689, 0
PixelHit 1246, 997, 35.8308, 0
PixelHit 1246, 998, 97.3108, 0
PixelHit 1246, 999, 39.7361, 0
PixelHit 1247, 904, 1.49902, 0
PixelHit 1247, 905, 9.68807, 0
PixelHit 1247, 906, 31.822, 0
PixelHit 1247, 907, 42.2419, 0
PixelHit 1247, 908, 11.9987, 0
PixelHit 1247, 909, 2.68559, 0
PixelHit 1247, 996, 21.9126, 0
PixelHit 1247, 997, 94.8248, 0
PixelHit 1247, 998, 52.4657, 0
PixelHit 1247, 999, 4.77094, 0
PixelHit 1248, 904, 3.18245, 0
PixelHit 1248, 905, 7.52852, 0
PixelHit 1248, 906, 15.5241, 0
PixelHit 1248, 907, 22.9616, 0
PixelHit 1248, 908, 8.61183, 0
PixelHit 1248, 909, 1.59391, 0
PixelHit 1248, 996, 25.2185, 0
PixelHit 1248, 997, 81.8384, 0
PixelHit 1248, 998, 20.3154, 0
PixelHit 1249, 902, 2.8356, 0
PixelHit 1249, 904, 3.16773, 0
PixelHit 1249, 905, 5.81901, 0
PixelHit 1249, 906, 1.81964, 0
PixelHit 1249, 907, 9.03091, 0
PixelHit 1249, 994, 2.04515, 0
PixelHit 1249, 995, 5.06929, 0
PixelHit 1249, 996, 18.4283, 0
PixelHit 1249, 997, 16.1148, 0
PixelHit 1250, 904, 2.06444, 0
PixelHit 1250, 905, 2.78055, 0
PixelHit 1250, 906, 1.95731, 0
PixelHit 1250, 907, 2.67107, 0
PixelHit 1250, 995, 6.25465, 0
PixelHit 1250, 996, 3.9463, 0
PixelHit 1251, 903, 1.45126, 0
PixelHit 1251, 905, 2.67221, 0
PixelHit 1251, 993, 3.07876, 0
PixelHit 1251, 994, 4.27497, 0
PixelHit 1251, 995, 14.9945, 0
PixelHit 1251, 996, 3.25735, 0
PixelHit 1252, 993, 1.28442, 0
PixelHit 1252, 994, 10.3669, 0
PixelHit 1252, 995, 9.30355, 0
PixelHit 1252, 996, 4.47244, 0
PixelHit 1253, 992, 6.53148, 0
PixelHit 1253, 993, 4.97526, 0
PixelHit 1253, 994, 6.31441, 0
PixelHit 1253, 995, 2.72024, 0
PixelHit 1254, 992, 11.7068, 0
PixelHit 1254, 993, 39.1372, 0
PixelHit 1254, 994, 10.8401, 0
PixelHit 1254, 995, 1.9665, 0
PixelHit 1255, 990, 3.61043, 0
PixelHit 1255, 991, 6.79846, 0
PixelHit 1255, 992, 14.1535, 0
PixelHit 1255, 993, 27.2416, 0
PixelHit 1255, 994, 14.4332, 0
PixelHit 1255, 995, 3.01886, 0
PixelHit 1256, 990, 2.83268, 0
PixelHit 1256, 991, 15.485, 0
PixelHit 1256, 992, 18.2295, 0
PixelHit 1256, 993, 16.4079, 0
PixelHit 1257, 988, 1.60778, 0
PixelHit 1257, 989, 6.57407, 0
PixelHit 1257, 990, 19.9999, 0
PixelHit 1257, 991, 61.9855, 0
PixelHit 1257, 992, 41.3425, 0
PixelHit 1257, 993, 14.9245, 0
PixelHit 1257, 994, 3.0438, 0
PixelHit 1258, 988, 2.64302, 0
PixelHit 1258, 989, 10.9133, 0
PixelHit 1258, 990, 66.0537, 0
PixelHit 1258, 991, 89.1858, 0
PixelHit 1258, 992, 46.0767, 0
PixelHit 1258, 993, 10.7713, 0
PixelHit 1259, 988, 9.58806, 0
PixelHit 1259, 989, 42.5224, 0
PixelHit 1259, 990, 86.9798, 0
PixelHit 1259, 991, 74.9425, 0
PixelHit 1259, 992, 42.0442, 0
PixelHit 1259, 993, 2.71661, 0
PixelHit 1260, 987, 5.62291, 0
PixelHit 1260, 988, 11.9786, 0
PixelHit 1260, 989, 24.9003, 0
PixelHit 1260, 990, 47.1311, 0
PixelHit 1260, 991, 26.6269, 0
PixelHit 1260, 992, 10.4905, 0
PixelHit 1260, 993, 3.36685, 0
PixelHit 1261, 987, 8.96761, 0
PixelHit 1261, 988, 21.2114, 0
PixelHit 1261, 989, 32.2042, 0
PixelHit 1261, 990, 42.1962, 0
PixelHit 1261, 991, 9.48746, 0
PixelHit 1261, 992, 2.94211, 0
PixelHit 1262, 985, 2.86376, 0
PixelHit 1262, 986, 5.94844, 0
PixelHit 1262, 987, 34.3386, 0
PixelHit 1262, 988, 53.2258, 0
PixelHit 1262, 989, 41.9775, 0
PixelHit 1262, 990, 11.0408, 0
PixelHit 1262, 991, 2.97142, 0
PixelHit 1263, 985, 3.12606, 0
PixelHit 1263, 986, 17.9152, 0
PixelHit 1263, 987, 44.8652, 0
PixelHit 1263, 988, 87.6114, 0
PixelHit 1263, 989, 42.5809, 0
PixelHit 1263, 990, 11.9015, 0
PixelHit 1263, 991, 2.40543, 0
PixelHit 1264, 985, 2.35217, 0
PixelHit 1264, 986, 12.5324, 0
PixelHit 1264, 987, 38.0869, 0
PixelHit 1264, 988, 59.3678, 0
PixelHit 1264, 989, 21.8344, 0
PixelHit 1264, 990, 5.5646, 0
PixelHit 1264, 991, 0.850391, 0
PixelHit 1265, 985, 7.42488, 0
PixelHit 1265, 986, 19.9703, 0
PixelHit 1265, 987, 17.6453, 0
PixelHit 1265, 988, 16.3331, 0
PixelHit 1265, 989, 13.6506, 0
PixelHit 1266, 984, 1.62691, 0
PixelHit 1266, 985, 2.95934, 0
PixelHit 1266, 986, 17.6828, 0
PixelHit 1266, 987, 18.127, 0
PixelHit 1266, 988, 7.29517, 0
PixelHit 1266, 989, 0.628193, 0
PixelHit 1267, 984, 12.7047, 0
PixelHit 1267, 985, 11.6711, 0
PixelHit 1267, 986, 17.9318, 0
PixelHit 1267, 987, 6.38963, 0
PixelHit 1267, 988, 2.38615, 0
PixelHit 1268, 984, 7.63148, 0
PixelHit 1268, 985, 21.8034, 0
PixelHit 1268, 986, 13.0601, 0
PixelHit 1268, 987, 5.94785, 0
PixelHit 1268, 988, 2.32464, 0
PixelHit 1269, 982, 2.53318, 0
PixelHit 1269, 983, 4.1676, 0
PixelHit 1269, 984, 6.90112, 0
PixelHit 1269, 985, 9.15959, 0
PixelHit 1269, 986, 5.75015, 0
PixelHit 1269, 987, 3.99823, 0
PixelHit 1270, 981, 1.32894, 0
PixelHit 1270, 982, 7.2486, 0
PixelHit 1270, 983, 9.11689, 0
PixelHit 1270, 984, 4.47135, 0
PixelHit 1270, 985, 6.74501, 0
PixelHit 1270, 986, 2.37282, 0
PixelHit 1270, 987, 3.58804, 0
PixelHit 1271, 980, 0.808747, 0
PixelHit 1271, 981, 2.24487, 0
PixelHit 1271, 982, 8.24166, 0
PixelHit 1271, 983, 10.1334, 0
PixelHit 1271, 984, 18.7128, 0
PixelHit 1271, 985, 7.82377, 0
PixelHit 1272, 981, 4.26203, 0
PixelHit 1272, 982, 8.87826, 0
PixelHit 1272, 983, 14.0313, 0
PixelHit 1272, 984, 20.0922, 0
PixelHit 1272, 985, 8.17441, 0
PixelHit 1273, 980, 4.92074, 0
PixelHit 1273, 981, 7.05052, 0
PixelHit 1273, 982, 6.48291, 0
PixelHit 1273, 983, 12.9651, 0
PixelHit 1273, 984, 12.4908, 0
PixelHit 1274, 982, 4.65296, 0
PixelHit 1274, 983, 7.276, 0
PixelHit 1274, 984, 3.66923, 0
PixelHit 1275, 982, 3.24235, 0
PixelHit 1275, 985, 2.43235, 0
PixelHit 1276, 982, 1.76952, 0
=== 63 ===
=== 64 ===
=== 65 ===
=== 66 ===
=== 67 ===
=== 68 ===
=== 69 ===
=== 70 ===
=== 71 ===
=== 72 ===
=== 73 ===
=== 74 ===
=== 75 ===
=== 76 ===
=== 77 ===
=== 78 ===
=== 79 ===
=== 80 ===
=== 81 ===
=== 82 ===
=== 83 ===
=== 84 ===
=== 85 ===
=== 86 ===
=== 87 ===
=== 88 ===
=== 89 ===
=== 90 ===
=== 91 ===
=== 92 ===
=== 93 ===
=== 94 ===
=== 95 ===
=== 96 ===
=== 97 ===
--- mydetector ---
PixelHit 1286, 968, 4.58596, 0
PixelHit 1287, 968, 15.6865, 0
PixelHit 1288, 966, 2.28442, 0
PixelHit 1288, 967, 10.2396, 0
PixelHit 1289, 966, 29.0065, 0
PixelHit 1289, 967, 43.9464, 0
PixelHit 1290, 965, 0.769637, 0
PixelHit 1290, 966, 21.4806, 0
PixelHit 1290, 967, 10.0819, 0
PixelHit 1291, 965, 21.4304, 0
PixelHit 1291, 966, 10.0027, 0
PixelHit 1292, 963, 2.20037, 0
PixelHit 1292, 964, 21.8946, 0
PixelHit 1292, 965, 57.78, 0
PixelHit 1292, 966, 20.4247, 0
PixelHit 1293, 961, 1.8939, 0
PixelHit 1293, 963, 12.0713, 0
PixelHit 1293, 964, 36.7051, 0
PixelHit 1293, 965, 25.8346, 0
PixelHit 1293, 966, 0.716883, 0
PixelHit 1294, 962, 4.48091, 0
PixelHit 1294, 963, 12.9732, 0
PixelHit 1294, 964, 38.9086, 0
PixelHit 1294, 965, 4.54458, 0
PixelHit 1294, 966, 1.4193, 0
PixelHit 1295, 962, 14.3768, 0
PixelHit 1295, 963, 38.0494, 0
PixelHit 1295, 964, 17.4094, 0
PixelHit 1295, 965, 3.75101, 0
PixelHit 1296, 961, 4.27563, 0
PixelHit 1296, 962, 15.5589, 0
PixelHit 1296, 963, 22.8425, 0
PixelHit 1296, 964, 7.33084, 0
PixelHit 1296, 965, 2.53078, 0
PixelHit 1297, 961, 3.40136, 0
PixelHit 1297, 962, 13.1969, 0
PixelHit 1297, 963, 12.8115, 0
PixelHit 1297, 964, 2.40598, 0
PixelHit 1298, 959, 1.52783, 0
PixelHit 1298, 960, 2.97109, 0
PixelHit 1298, 961, 11.4278, 0
PixelHit 1298, 962, 1.80195, 0
PixelHit 1298, 963, 2.63944, 0
PixelHit 1298, 964, 1.80327, 0
PixelHit 1299, 959, 2.57643, 0
PixelHit 1299, 960, 13.1385, 0
PixelHit 1299, 961, 9.96876, 0
PixelHit 1299, 962, 7.62945, 0
PixelHit 1299, 963, 0.500387, 0
PixelHit 1300, 960, 15.7508, 0
PixelHit 1300, 961, 15.6571, 0
PixelHit 1300, 962, 1.63041, 0
PixelHit 1300, 963, 2.67597, 0
PixelHit 1301, 958, 1.5948, 0
PixelHit 1301, 959, 15.0379, 0
PixelHit 1301, 960, 13.0502, 0
PixelHit 1301, 961, 4.63064, 0
PixelHit 1301, 962, 3.19107, 0
PixelHit 1302, 957, 2.39587, 0
PixelHit 1302, 958, 11.9175, 0
PixelHit 1302, 959, 18.6571, 0
PixelHit 1302, 960, 13.0964, 0
PixelHit 1302, 961, 3.25793, 0
PixelHit 1303, 956, 3.1853, 0
PixelHit 1303, 957, 6.6644, 0
PixelHit 1303, 958, 15.4158, 0
PixelHit 1303, 959, 17.1553, 0
PixelHit 1303, 960, 5.75818, 0
PixelHit 1303, 961, 0.995088, 0
PixelHit 1304, 955, 4.82901, 0
PixelHit 1304, 956, 5.6224, 0
PixelHit 1304, 957, 25.0604, 0
PixelHit 1304, 958, 28.2515, 0
PixelHit 1304, 959, 25.1529, 0
PixelHit 1305, 954, 4.23308, 0
PixelHit 1305, 955, 5.8105, 0
PixelHit 1305, 956, 18.3073, 0
PixelHit 1305, 957, 33.3248, 0
PixelHit 1305, 958, 36.1274, 0
PixelHit 1305, 959, 15.2576, 0
PixelHit 1306, 954, 4.73282, 0
PixelHit 1306, 955, 5.81024, 0
PixelHit 1306, 956, 28.4744, 0
PixelHit 1306, 957, 31.3033, 0
PixelHit 1306, 958, 24.436, 0
PixelHit 1306, 959, 8.18957, 0
PixelHit 1307, 953, 5.90779, 0
PixelHit 1307, 954, 12.8034, 0
PixelHit 1307, 955, 53.0457, 0
PixelHit 1307, 956, 46.9371, 0
PixelHit 1307, 957, 36.937, 0
PixelHit 1307, 958, 10.8436, 0
PixelHit 1307, 959, 2.93534, 0
PixelHit 1308, 953, 9.60771, 0
PixelHit 1308, 954, 30.1883, 0
PixelHit 1308, 955, 95.2083, 0
PixelHit 1308, 956, 82.2792, 0
PixelHit 1308, 957, 45.5039, 0
PixelHit 1308, 958, 10.8869, 0
PixelHit 1308, 959, 0.623754, 0
PixelHit 1309, 953, 7.35, 0
PixelHit 1309, 954, 47.811, 0
PixelHit 1309, 955, 79.5083, 0
PixelHit 1309, 956, 68.0073, 0
PixelHit 1309, 957, 41.2431, 0
PixelHit 1309, 958, 6.97452, 0
PixelHit 1310, 953, 5.06821, 0
PixelHit 1310, 954, 23.7963, 0
PixelHit 1310, 955, 44.551, 0
PixelHit 1310, 956, 34.7078, 0
PixelHit 1310, 957, 8.77685, 0
PixelHit 1310, 958, 0.391633, 0
PixelHit 1311, 951, 2.31104, 0
PixelHit 1311, 952, 5.10324, 0
PixelHit 1311, 953, 8.30477, 0
PixelHit 1311, 954, 7.65498, 0
PixelHit 1311, 955, 12.2202, 0
PixelHit 1311, 956, 6.72425, 0
PixelHit 1311, 957, 2.81259, 0
PixelHit 1312, 950, 3.14875, 0
PixelHit 1312, 951, 2.98361, 0
PixelHit 1312, 952, 7.00469, 0
PixelHit 1312, 953, 16.4536, 0
PixelHit 1312, 954, 10.5822, 0
PixelHit 1312, 955, 3.66677, 0
PixelHit 1313, 950, 4.52972, 0
PixelHit 1313, 951, 10.7816, 0
PixelHit 1313, 952, 16.4515, 0
PixelHit 1313, 953, 23.5796, 0
PixelHit 1313, 954, 17.6631, 0
PixelHit 1313, 955, 5.99707, 0
PixelHit 1313, 956, 2.4527, 0
PixelHit 1314, 948, 2.86756, 0
PixelHit 1314, 949, 0.945283, 0
PixelHit 1314, 950, 11.5291, 0
PixelHit 1314, 951, 21.4122, 0
PixelHit 1314, 952, 31.5213, 0
PixelHit 1314, 953, 25.744, 0
PixelHit 1314, 954, 9.02076, 0
PixelHit 1315, 949, 4.97479, 0
PixelHit 1315, 950, 20.924, 0
PixelHit 1315, 951, 24.2355, 0
PixelHit 1315, 952, 31.4273, 0
PixelHit 1315, 953, 17.6798, 0
PixelHit 1315, 954, 8.38555, 0
PixelHit 1316, 948, 2.32955, 0
PixelHit 1316, 949, 5.53059, 0
PixelHit 1316, 950, 13.1592, 0
PixelHit 1316, 951, 28.4553, 0
PixelHit 1316, 952, 24.4245, 0
PixelHit 1316, 953, 11.136, 0
PixelHit 1316, 954, 5.72687, 0
PixelHit 1317, 950, 11.348, 0
PixelHit 1317, 951, 14.083, 0
PixelHit 1317, 952, 21.6402, 0
PixelHit 1317, 953, 9.79501, 0
PixelHit 1318, 949, 1.44255, 0
PixelHit 1318, 950, 2.33823, 0
PixelHit 1318, 951, 5.07652, 0
PixelHit 1318, 952, 3.54801, 0
PixelHit 1319, 952, 4.76634, 0
PixelHit 1431, 1152, 4.12639, 0
PixelHit 1431, 1153, 8.61916, 0
PixelHit 1431, 1154, 0.745703, 0
PixelHit 1432, 1151, 0.89123, 0
PixelHit 1432, 1152, 14.7668, 0
PixelHit 1432, 1153, 27.429, 0
PixelHit 1433, 1151, 6.09772, 0
PixelHit 1433, 1152, 50.5523, 0
PixelHit 1433, 1153, 3.39937, 0
PixelHit 1434, 1151, 2.30133, 0
PixelHit 1434, 1152, 11.436, 0
PixelHit 1435, 1149, 5.30521, 0
PixelHit 1435, 1150, 20.4214, 0
PixelHit 1435, 1151, 24.2783, 0
PixelHit 1436, 1149, 15.1557, 0
PixelHit 1436, 1150, 23.7649, 0
PixelHit 1436, 1151, 4.41841, 0
PixelHit 1437, 1148, 2.89345, 0
PixelHit 1437, 1149, 27.6094, 0
PixelHit 1437, 1150, 31.7131, 0
PixelHit 1438, 1147, 3.62022, 0
PixelHit 1438, 1148, 6.75572, 0
PixelHit 1438, 1149, 17.5835, 0
PixelHit 1438, 1150, 8.85226, 0
PixelHit 1439, 1147, 14.778, 0
PixelHit 1439, 1148, 31.5126, 0
PixelHit 1439, 1149, 16.4371, 0
PixelHit 1439, 1150, 3.60822, 0
PixelHit 1440, 1145, 1.22182, 0
PixelHit 1440, 1146, 5.9728, 0
PixelHit 1440, 1147, 20.4033, 0
PixelHit 1440, 1148, 28.5338, 0
PixelHit 1440, 1149, 7.22289, 0
PixelHit 1441, 1145, 2.09816, 0
PixelHit 1441, 1146, 9.3369, 0
PixelHit 1441, 1147, 16.2366, 0
PixelHit 1441, 1148, 13.2518, 0
PixelHit 1442, 1144, 2.17775, 0
PixelHit 1442, 1146, 14.915, 0
PixelHit 1442, 1147, 13.6059, 0
PixelHit 1442, 1148, 1.53138, 0
PixelHit 1443, 1144, 1.59417, 0
PixelHit 1443, 1145, 4.27655, 0
PixelHit 1443, 1146, 4.85447, 0
PixelHit 1443, 1147, 5.30803, 0
PixelHit 1444, 1143, 2.78218, 0
PixelHit 1444, 1144, 27.9186, 0
PixelHit 1444, 1145, 17.715, 0
PixelHit 1444, 1146, 4.28727, 0
PixelHit 1445, 1143, 18.7561, 0
PixelHit 1445, 1144, 65.5339, 0
PixelHit 1445, 1145, 39.7524, 0
PixelHit 1445, 1146, 10.1305, 0
PixelHit 1446, 1141, 2.3548, 0
PixelHit 1446, 1142, 11.5378, 0
PixelHit 1446, 1143, 30.7267, 0
PixelHit 1446, 1144, 36.8542, 0
PixelHit 1446, 1145, 20.3792, 0
PixelHit 1446, 1146, 6.95214, 0
PixelHit 1446, 1147, 1.38103, 0
PixelHit 1447, 1141, 6.21943, 0
PixelHit 1447, 1142, 36.6147, 0
PixelHit 1447, 1143, 46.0674, 0
PixelHit 1447, 1144, 25.574, 0
PixelHit 1447, 1145, 6.33284, 0
PixelHit 1448, 1139, 2.66198, 0
PixelHit 1448, 1140, 4.80392, 0
PixelHit 1448, 1141, 26.558, 0
PixelHit 1448, 1142, 51.5656, 0
PixelHit 1448, 1143, 47.3906, 0
PixelHit 1448, 1144, 26.2841, 0
PixelHit 1448, 1145, 3.09732, 0
PixelHit 1449, 1139, 2.6818, 0
PixelHit 1449, 1140, 9.12439, 0
PixelHit 1449, 1141, 31.6493, 0
PixelHit 1449, 1142, 59.0072, 0
PixelHit 1449, 1143, 40.8111, 0
PixelHit 1449, 1144, 4.63197, 0
PixelHit 1449, 1145, 4.36284, 0
PixelHit 1450, 1139, 3.72731, 0
PixelHit 1450, 1140, 18.4585, 0
PixelHit 1450, 1141, 27.9038, 0
PixelHit 1450, 1142, 30.5796, 0
PixelHit 1450, 1143, 11.3276, 0
PixelHit 1451, 1139, 9.45009, 0
PixelHit 1451, 1140, 16.5082, 0
PixelHit 1451, 1141, 28.321, 0
PixelHit 1451, 1142, 18.0248, 0
PixelHit 1452, 1138, 11.4471, 0
PixelHit 1452, 1139, 14.6884, 0
PixelHit 1452, 1140, 16.4273, 0
PixelHit 1452, 1141, 16.0859, 0
PixelHit 1452, 1142, 5.39072, 0
PixelHit 1453, 1137, 3.96377, 0
PixelHit 1453, 1138, 17.1386, 0
PixelHit 1453, 1139, 20.7352, 0
PixelHit 1453, 1140, 24.4924, 0
PixelHit 1453, 1141, 6.88246, 0
PixelHit 1454, 1136, 3.29615, 0
PixelHit 1454, 1137, 12.5269, 0
PixelHit 1454, 1138, 30.5276, 0
PixelHit 1454, 1139, 17.627, 0
PixelHit 1454, 1140, 11.9034, 0
PixelHit 1454, 1141, 5.91162, 0
PixelHit 1454, 1142, 1.50015, 0
PixelHit 1455, 1135, 1.72085, 0
PixelHit 1455, 1136, 7.69965, 0
PixelHit 1455, 1137, 28.7331, 0
PixelHit 1455, 1138, 26.2315, 0
PixelHit 1455, 1139, 21.1612, 0
PixelHit 1455, 1140, 12.4874, 0
PixelHit 1456, 1134, 2.11112, 0
PixelHit 1456, 1135, 6.81362, 0
PixelHit 1456, 1136, 20.6723, 0
PixelHit 1456, 1137, 13.65, 0
PixelHit 1456, 1138, 24.777, 0
PixelHit 1456, 1139, 9.45241, 0
PixelHit 1456, 1140, 6.28225, 0
PixelHit 1456, 1141, 1.78815, 0
PixelHit 1457, 1132, 0.229961, 0
PixelHit 1457, 1133, 2.35365, 0
PixelHit 1457, 1134, 7.11138, 0
PixelHit 1457, 1135, 14.8783, 0
PixelHit 1457, 1136, 23.5986, 0
PixelHit 1457, 1137, 31.4078, 0
PixelHit 1457, 1138, 23.3331, 0
PixelHit 1457, 1139, 8.28259, 0
PixelHit 1458, 1132, 1.79965, 0
PixelHit 1458, 1133, 5.89024, 0
PixelHit 1458, 1134, 32.3004, 0
PixelHit 1458, 1135, 41.6792, 0
PixelHit 1458, 1136, 52.4408, 0
PixelHit 1458, 1137, 37.134, 0
PixelHit 1458, 1138, 15.5446, 0
PixelHit 1458, 1139, 4.77507, 0
PixelHit 1459, 1131, 1.85752, 0
PixelHit 1459, 1132, 4.54469, 0
PixelHit 1459, 1133, 18.9502, 0
PixelHit 1459, 1134, 60.064, 0
PixelHit 1459, 1135, 65.695, 0
PixelHit 1459, 1136, 73.4867, 0
PixelHit 1459, 1137, 27.9272, 0
PixelHit 1459, 1138, 7.78792, 0
PixelHit 1459, 1139, 2.1706, 0
PixelHit 1460, 1131, 1.13938, 0
PixelHit 1460, 1132, 8.71552, 0
PixelHit 1460, 1133, 37.1367, 0
PixelHit 1460, 1134, 107.779, 0
PixelHit 1460, 1135, 109.169, 0
PixelHit 1460, 1136, 50.2071, 0
PixelHit 1460, 1137, 18.538, 0
PixelHit 1460, 1138, 5.29117, 0
PixelHit 1461, 1131, 4.75883, 0
PixelHit 1461, 1132, 18.6762, 0
PixelHit 1461, 1133, 46.8001, 0
PixelHit 1461, 1134, 85.7367, 0
PixelHit 1461, 1135, 108.851, 0
PixelHit 1461, 1136, 56.9715, 0
PixelHit 1461, 1137, 14.3454, 0
PixelHit 1461, 1138, 1.03024, 0
PixelHit 1462, 1132, 10.6805, 0
PixelHit 1462, 1133, 51.5235, 0
PixelHit 1462, 1134, 61.6834, 0
PixelHit 1462, 1135, 54.7268, 0
PixelHit 1462, 1136, 26.621, 0
PixelHit 1462, 1137, 9.1339, 0
PixelHit 1462, 1138, 2.90437, 0
PixelHit 1463, 1131, 3.80166, 0
PixelHit 1463, 1132, 14.712, 0
PixelHit 1463, 1133, 26.0441, 0
PixelHit 1463, 1134, 21.9983, 0
PixelHit 1463, 1135, 11.3739, 0
PixelHit 1463, 1136, 11.7151, 0
PixelHit 1463, 1137, 2.39099, 0
PixelHit 1463, 1138, 0.343712, 0
PixelHit 1464, 1130, 0.283557, 0
PixelHit 1464, 1132, 3.80605, 0
PixelHit 1464, 1133, 6.39368, 0
PixelHit 1464, 1134, 7.3293, 0
PixelHit 1464, 1135, 5.59641, 0
PixelHit 1465, 1132, 1.32897, 0
PixelHit 1465, 1133, 2.8279, 0
PixelHit 1465, 1134, 3.29877, 0
PixelHit 1466, 1137, 2.90646, 0
=== 98 ===
=== 99 ===
=== 100 ===
# 991 objects from 3 messages
