# Allpix Squared ASCII data - https://cern.ch/allpix-squared

=== 1 ===
=== 2 ===
=== 3 ===
=== 4 ===
=== 5 ===
=== 6 ===
=== 7 ===
=== 8 ===
=== 9 ===
=== 10 ===
=== 11 ===
=== 12 ===
=== 13 ===
=== 14 ===
=== 15 ===
=== 16 ===
=== 17 ===
=== 18 ===
=== 19 ===
=== 20 ===
=== 21 ===
=== 22 ===
=== 23 ===
=== 24 ===
=== 25 ===
=== 26 ===
=== 27 ===
=== 28 ===
=== 29 ===
=== 30 ===
=== 31 ===
=== 32 ===
=== 33 ===
=== 34 ===
=== 35 ===
=== 36 ===
=== 37 ===
=== 38 ===
=== 39 ===
=== 40 ===
--- mydetector ---
PixelHit 1257, 1009, 23.0819, 0
PixelHit 1257, 1010, 1.56639, 0
PixelHit 1258, 1008, 5.87187, 0
PixelHit 1258, 1009, 172.453, 0
PixelHit 1258, 1010, 14.9995, 0
PixelHit 1259, 1007, 6.83186, 0
PixelHit 1259, 1008, 23.0773, 0
PixelHit 1259, 1009, 33.0968, 0
PixelHit 1259, 1010, 1.45798, 0
PixelHit 1260, 1006, 8.47349, 0
PixelHit 1260, 1007, 225.006, 0
PixelHit 1260, 1008, 382.128, 0
PixelHit 1260, 1009, 81.6639, 0
PixelHit 1261, 1006, 29.0428, 0
PixelHit 1261, 1007, 612.604, 0
PixelHit 1261, 1008, 903.386, 0
PixelHit 1261, 1009, 124.1, 0
PixelHit 1261, 1010, 3.96955, 0
PixelHit 1262, 1006, 10.7514, 0
PixelHit 1262, 1007, 127.513, 0
PixelHit 1262, 1008, 185.778, 0
PixelHit 1262, 1009, 27.434, 0
PixelHit 1262, 1010, 3.26779, 0
PixelHit 1263, 1006, 7.74362, 0
PixelHit 1263, 1007, 41.0216, 0
PixelHit 1263, 1008, 31.2989, 0
PixelHit 1263, 1009, 7.15388, 0
PixelHit 1264, 1005, 3.23355, 0
PixelHit 1264, 1006, 16.7378, 0
PixelHit 1264, 1007, 19.7389, 0
PixelHit 1264, 1008, 8.55608, 0
PixelHit 1265, 1005, 3.37074, 0
PixelHit 1265, 1006, 24.8555, 0
PixelHit 1265, 1007, 32.5548, 0
PixelHit 1265, 1008, 5.97284, 0
PixelHit 1266, 1005, 4.96989, 0
PixelHit 1266, 1006, 23.2531, 0
PixelHit 1266, 1007, 14.7146, 0
PixelHit 1266, 1008, 5.27135, 0
PixelHit 1267, 1005, 11.9289, 0
PixelHit 1267, 1006, 22.2895, 0
PixelHit 1267, 1007, 7.28237, 0
PixelHit 1268, 1004, 15.5919, 0
PixelHit 1268, 1005, 31.5575, 0
PixelHit 1268, 1006, 21.3175, 0
PixelHit 1268, 1007, 8.70051, 0
PixelHit 1269, 1004, 17.9075, 0
PixelHit 1269, 1005, 25.8858, 0
PixelHit 1269, 1006, 20.0735, 0
PixelHit 1270, 1001, 2.6489, 0
PixelHit 1270, 1002, 1.7811, 0
PixelHit 1270, 1003, 5.56995, 0
PixelHit 1270, 1004, 19.6259, 0
PixelHit 1270, 1005, 17.4335, 0
PixelHit 1270, 1006, 11.2398, 0
PixelHit 1271, 1001, 2.34524, 0
PixelHit 1271, 1002, 11.4974, 0
PixelHit 1271, 1003, 24.7691, 0
PixelHit 1271, 1004, 28.4774, 0
PixelHit 1271, 1005, 21.761, 0
PixelHit 1271, 1006, 8.5914, 0
PixelHit 1272, 1001, 1.36573, 0
PixelHit 1272, 1002, 19.1723, 0
PixelHit 1272, 1003, 30.0328, 0
PixelHit 1272, 1004, 50.5999, 0
PixelHit 1272, 1005, 21.7741, 0
PixelHit 1272, 1006, 10.8678, 0
PixelHit 1272, 1008, 3.01002, 0
PixelHit 1273, 1000, 0.804441, 0
PixelHit 1273, 1001, 3.83838, 0
PixelHit 1273, 1002, 9.10478, 0
PixelHit 1273, 1003, 54.954, 0
PixelHit 1273, 1004, 42.7178, 0
PixelHit 1273, 1005, 21.5838, 0
PixelHit 1273, 1006, 3.25946, 0
PixelHit 1274, 1000, 1.73489, 0
PixelHit 1274, 1001, 4.1825, 0
PixelHit 1274, 1002, 18.7616, 0
PixelHit 1274, 1003, 21.0518, 0
PixelHit 1274, 1004, 23.792, 0
PixelHit 1274, 1005, 14.9875, 0
PixelHit 1274, 1006, 3.05507, 0
PixelHit 1275, 1001, 8.71152, 0
PixelHit 1275, 1002, 14.1813, 0
PixelHit 1275, 1003, 25.3413, 0
PixelHit 1275, 1004, 21.0122, 0
PixelHit 1275, 1005, 8.72954, 0
PixelHit 1276, 1000, 3.72776, 0
PixelHit 1276, 1001, 8.13957, 0
PixelHit 1276, 1002, 27.5541, 0
PixelHit 1276, 1003, 19.494, 0
PixelHit 1276, 1004, 11.8368, 0
PixelHit 1276, 1005, 2.91599, 0
PixelHit 1277, 986, 0.873165, 0
PixelHit 1277, 987, 28.3276, 0
PixelHit 1277, 988, 3.36889, 0
PixelHit 1277, 999, 1.38684, 0
PixelHit 1277, 1001, 6.81281, 0
PixelHit 1277, 1002, 10.9372, 0
PixelHit 1277, 1003, 9.48565, 0
PixelHit 1277, 1004, 7.72472, 0
PixelHit 1277, 1005, 1.5288, 0
PixelHit 1278, 986, 23.1555, 0
PixelHit 1278, 987, 107.04, 0
PixelHit 1278, 988, 5.36104, 0
PixelHit 1278, 1001, 2.12428, 0
PixelHit 1278, 1002, 5.79617, 0
PixelHit 1278, 1003, 2.64872, 0
PixelHit 1279, 985, 2.65697, 0
PixelHit 1279, 986, 20.6124, 0
PixelHit 1279, 987, 42.7166, 0
PixelHit 1279, 1002, 1.04145, 0
PixelHit 1280, 984, 2.76555, 0
PixelHit 1280, 985, 3.70326, 0
PixelHit 1280, 986, 12.8387, 0
PixelHit 1280, 987, 8.01369, 0
PixelHit 1281, 984, 2.17959, 0
PixelHit 1281, 985, 5.8565, 0
PixelHit 1281, 986, 8.74897, 0
PixelHit 1281, 987, 1.96737, 0
PixelHit 1282, 984, 7.74305, 0
PixelHit 1282, 985, 16.4242, 0
PixelHit 1282, 986, 15.3523, 0
PixelHit 1282, 987, 1.80121, 0
PixelHit 1283, 984, 10.3093, 0
PixelHit 1283, 985, 43.0433, 0
PixelHit 1283, 986, 26.6218, 0
PixelHit 1283, 987, 2.26093, 0
PixelHit 1284, 982, 1.29746, 0
PixelHit 1284, 983, 9.75203, 0
PixelHit 1284, 984, 26.5775, 0
PixelHit 1284, 985, 37.8685, 0
PixelHit 1284, 986, 11.7185, 0
PixelHit 1284, 987, 1.87424, 0
PixelHit 1285, 982, 6.5084, 0
PixelHit 1285, 983, 25.8337, 0
PixelHit 1285, 984, 61.588, 0
PixelHit 1285, 985, 29.0036, 0
PixelHit 1285, 986, 5.37785, 0
PixelHit 1286, 981, 2.51028, 0
PixelHit 1286, 982, 21.0169, 0
PixelHit 1286, 983, 75.4552, 0
PixelHit 1286, 984, 122.096, 0
PixelHit 1286, 985, 38.8239, 0
PixelHit 1286, 986, 7.53348, 0
PixelHit 1287, 981, 3.95317, 0
PixelHit 1287, 982, 30.8153, 0
PixelHit 1287, 983, 111.556, 0
PixelHit 1287, 984, 108.418, 0
PixelHit 1287, 985, 53.6101, 0
PixelHit 1287, 986, 10.694, 0
PixelHit 1288, 981, 0.987191, 0
PixelHit 1288, 982, 33.0558, 0
PixelHit 1288, 983, 84.3087, 0
PixelHit 1288, 984, 69.8078, 0
PixelHit 1288, 985, 31.6599, 0
PixelHit 1288, 986, 5.5955, 0
PixelHit 1288, 987, 1.42562, 0
PixelHit 1289, 981, 12.0519, 0
PixelHit 1289, 982, 22.658, 0
PixelHit 1289, 983, 39.7107, 0
PixelHit 1289, 984, 24.1192, 0
PixelHit 1289, 985, 11.3929, 0
PixelHit 1290, 979, -0.176643, 0
PixelHit 1290, 980, 3.25396, 0
PixelHit 1290, 981, 16.3937, 0
PixelHit 1290, 982, 28.5051, 0
PixelHit 1290, 983, 25.1647, 0
PixelHit 1290, 984, 13.1681, 0
PixelHit 1290, 985, 2.45459, 0
PixelHit 1291, 979, 0.285649, 0
PixelHit 1291, 980, 9.64149, 0
PixelHit 1291, 981, 49.0457, 0
PixelHit 1291, 982, 58.4779, 0
PixelHit 1291, 983, 39.6246, 0
PixelHit 1291, 984, 14.328, 0
PixelHit 1291, 985, 3.88063, 0
PixelHit 1292, 978, 2.04066, 0
PixelHit 1292, 979, 6.71319, 0
PixelHit 1292, 980, 21.329, 0
PixelHit 1292, 981, 71.7325, 0
PixelHit 1292, 982, 61.9037, 0
PixelHit 1292, 983, 45.8687, 0
PixelHit 1292, 984, 11.8348, 0
PixelHit 1292, 985, 1.24496, 0
PixelHit 1293, 979, 8.19853, 0
PixelHit 1293, 980, 19.1428, 0
PixelHit 1293, 981, 60.1372, 0
PixelHit 1293, 982, 54.0089, 0
PixelHit 1293, 983, 31.7312, 0
PixelHit 1293, 984, 7.05569, 0
PixelHit 1293, 985, 2.54748, 0
PixelHit 1294, 979, 7.79398, 0
PixelHit 1294, 980, 13.4254, 0
PixelHit 1294, 981, 21.2189, 0
PixelHit 1294, 982, 32.0021, 0
PixelHit 1294, 983, 19.5768, 0
PixelHit 1294, 986, 0.39614, 0
PixelHit 1295, 979, 5.96555, 0
PixelHit 1295, 980, 15.5933, 0
PixelHit 1295, 981, 15.3314, 0
PixelHit 1295, 982, 14.4285, 0
PixelHit 1295, 983, 5.3584, 0
PixelHit 1296, 979, 2.95786, 0
PixelHit 1296, 980, 8.61129, 0
PixelHit 1296, 981, 11.0356, 0
PixelHit 1296, 982, 2.63377, 0
PixelHit 1296, 984, 1.70879, 0
PixelHit 1297, 979, 1.09115, 0
PixelHit 1297, 981, 3.44539, 0
PixelHit 1297, 982, 2.95332, 0
PixelHit 1298, 981, 2.7657, 0
=== 41 ===
=== 42 ===
=== 43 ===
=== 44 ===
=== 45 ===
=== 46 ===
=== 47 ===
=== 48 ===
=== 49 ===
=== 50 ===
=== 51 ===
=== 52 ===
=== 53 ===
=== 54 ===
=== 55 ===
=== 56 ===
=== 57 ===
=== 58 ===
=== 59 ===
=== 60 ===
=== 61 ===
=== 62 ===
=== 63 ===
=== 64 ===
=== 65 ===
=== 66 ===
=== 67 ===
=== 68 ===
=== 69 ===
=== 70 ===
=== 71 ===
=== 72 ===
=== 73 ===
=== 74 ===
=== 75 ===
=== 76 ===
=== 77 ===
=== 78 ===
=== 79 ===
=== 80 ===
=== 81 ===
=== 82 ===
=== 83 ===
=== 84 ===
=== 85 ===
=== 86 ===
=== 87 ===
=== 88 ===
=== 89 ===
=== 90 ===
=== 91 ===
=== 92 ===
=== 93 ===
=== 94 ===
=== 95 ===
--- mydetector ---
PixelHit 1292, 968, 2.95053, 0
PixelHit 1292, 969, 18.3158, 0
PixelHit 1292, 970, 4.01356, 0
PixelHit 1293, 968, 9.40286, 0
PixelHit 1293, 969, 195.76, 0
PixelHit 1293, 970, 11.808, 0
PixelHit 1294, 967, 3.00635, 0
PixelHit 1294, 968, 72.0568, 0
PixelHit 1294, 969, 134.598, 0
PixelHit 1294, 970, 3.81234, 0
PixelHit 1295, 967, 4.33365, 0
PixelHit 1295, 968, 66.7852, 0
PixelHit 1295, 969, 37.6298, 0
PixelHit 1296, 967, 29.8704, 0
PixelHit 1296, 968, 53.014, 0
PixelHit 1296, 969, 13.5635, 0
PixelHit 1297, 966, 4.97584, 0
PixelHit 1297, 967, 94.8904, 0
PixelHit 1297, 968, 83.6222, 0
PixelHit 1297, 969, 11.5395, 0
PixelHit 1298, 966, 21.1119, 0
PixelHit 1298, 967, 72.746, 0
PixelHit 1298, 968, 75.9366, 0
PixelHit 1298, 969, 0.499558, 0
PixelHit 1299, 964, 1.98632, 0
PixelHit 1299, 965, 6.82705, 0
PixelHit 1299, 966, 41.1343, 0
PixelHit 1299, 967, 87.9234, 0
PixelHit 1299, 968, 32.1087, 0
PixelHit 1300, 965, 9.36979, 0
PixelHit 1300, 966, 55.917, 0
PixelHit 1300, 967, 70.3169, 0
PixelHit 1300, 968, 13.1903, 0
PixelHit 1300, 969, 2.45988, 0
PixelHit 1301, 964, 2.26946, 0
PixelHit 1301, 965, 14.3168, 0
PixelHit 1301, 966, 33.7159, 0
PixelHit 1301, 967, 22.6281, 0
PixelHit 1301, 968, 8.93912, 0
PixelHit 1301, 969, 1.32547, 0
PixelHit 1302, 964, 11.1445, 0
PixelHit 1302, 965, 20.4378, 0
PixelHit 1302, 966, 34.691, 0
PixelHit 1302, 967, 10.8608, 0
PixelHit 1302, 968, 1.27285, 0
PixelHit 1303, 963, 3.01133, 0
PixelHit 1303, 964, 19.4152, 0
PixelHit 1303, 965, 35.5074, 0
PixelHit 1303, 966, 37.0245, 0
PixelHit 1303, 967, 14.0896, 0
PixelHit 1304, 963, 5.37302, 0
PixelHit 1304, 964, 22.6404, 0
PixelHit 1304, 965, 38.5118, 0
PixelHit 1304, 966, 19.2938, 0
PixelHit 1304, 967, 9.1902, 0
PixelHit 1305, 962, 2.17986, 0
PixelHit 1305, 963, 16.1501, 0
PixelHit 1305, 964, 46.2622, 0
PixelHit 1305, 965, 36.0109, 0
PixelHit 1305, 966, 20.5236, 0
PixelHit 1305, 967, 1.99635, 0
PixelHit 1306, 962, 6.81828, 0
PixelHit 1306, 963, 21.1676, 0
PixelHit 1306, 964, 34.9263, 0
PixelHit 1306, 965, 44.4241, 0
PixelHit 1306, 966, 9.82534, 0
PixelHit 1307, 952, 8.27626, 0
PixelHit 1307, 953, 4.28637, 0
PixelHit 1307, 954, 1.94817, 0
PixelHit 1307, 960, 1.16634, 0
PixelHit 1307, 961, 3.53703, 0
PixelHit 1307, 962, 6.45523, 0
PixelHit 1307, 963, 20.6247, 0
PixelHit 1307, 964, 41.0589, 0
PixelHit 1307, 965, 27.3495, 0
PixelHit 1307, 966, 7.06964, 0
PixelHit 1307, 967, 2.52505, 0
PixelHit 1308, 951, 8.30067, 0
PixelHit 1308, 952, 147.876, 0
PixelHit 1308, 953, 27.0493, 0
PixelHit 1308, 960, 0.304547, 0
PixelHit 1308, 961, 8.47079, 0
PixelHit 1308, 962, 17.2216, 0
PixelHit 1308, 963, 34.5176, 0
PixelHit 1308, 964, 37.5235, 0
PixelHit 1308, 965, 21.936, 0
PixelHit 1308, 966, 2.63345, 0
PixelHit 1309, 951, 6.40732, 0
PixelHit 1309, 952, 70.2702, 0
PixelHit 1309, 961, 3.69622, 0
PixelHit 1309, 962, 26.8109, 0
PixelHit 1309, 963, 51.5343, 0
PixelHit 1309, 964, 39.9098, 0
PixelHit 1309, 965, 16.9315, 0
PixelHit 1310, 950, 2.14111, 0
PixelHit 1310, 951, 70.27, 0
PixelHit 1310, 952, 48.4103, 0
PixelHit 1310, 960, 2.71755, 0
PixelHit 1310, 961, 5.70802, 0
PixelHit 1310, 962, 31.1914, 0
PixelHit 1310, 963, 36.3248, 0
PixelHit 1310, 964, 24.5946, 0
PixelHit 1310, 965, 10.8301, 0
PixelHit 1310, 966, 2.41213, 0
PixelHit 1311, 950, 15.459, 0
PixelHit 1311, 951, 78.7345, 0
PixelHit 1311, 952, 33.7102, 0
PixelHit 1311, 953, 3.94466, 0
PixelHit 1311, 961, 9.64191, 0
PixelHit 1311, 962, 11.3965, 0
PixelHit 1311, 963, 22.2953, 0
PixelHit 1311, 964, 12.9336, 0
PixelHit 1311, 965, 8.92055, 0
PixelHit 1312, 949, 1.97383, 0
PixelHit 1312, 950, 9.21355, 0
PixelHit 1312, 951, 25.0371, 0
PixelHit 1312, 952, 10.0548, 0
PixelHit 1312, 961, 4.39653, 0
PixelHit 1312, 962, 6.7428, 0
PixelHit 1312, 963, 5.28805, 0
PixelHit 1312, 964, 1.71079, 0
PixelHit 1312, 965, 2.4462, 0
PixelHit 1313, 949, 10.9062, 0
PixelHit 1313, 950, 26.8082, 0
PixelHit 1313, 951, 26.0456, 0
PixelHit 1313, 952, 1.60733, 0
PixelHit 1313, 962, 1.60473, 0
PixelHit 1313, 963, 2.36357, 0
PixelHit 1314, 948, 1.22296, 0
PixelHit 1314, 949, 24.8958, 0
PixelHit 1314, 950, 57.5213, 0
PixelHit 1314, 951, 21.9293, 0
PixelHit 1314, 952, 3.37943, 0
PixelHit 1314, 961, 0.655492, 0
PixelHit 1315, 948, 2.67397, 0
PixelHit 1315, 949, 63.4128, 0
PixelHit 1315, 950, 60.1788, 0
PixelHit 1315, 951, 23.6692, 0
PixelHit 1315, 952, 2.3587, 0
PixelHit 1316, 947, 0.795744, 0
PixelHit 1316, 948, 18.1738, 0
PixelHit 1316, 949, 52.8156, 0
PixelHit 1316, 950, 48.4844, 0
PixelHit 1316, 951, 16.359, 0
PixelHit 1317, 947, 2.64056, 0
PixelHit 1317, 948, 24.8276, 0
PixelHit 1317, 949, 50.313, 0
PixelHit 1317, 950, 33.21, 0
PixelHit 1317, 951, 13.136, 0
PixelHit 1317, 952, 4.03597, 0
PixelHit 1318, 946, 5.35611, 0
PixelHit 1318, 947, 19.8892, 0
PixelHit 1318, 948, 44.2704, 0
PixelHit 1318, 949, 56.1295, 0
PixelHit 1318, 950, 12.8093, 0
PixelHit 1318, 951, 1.78113, 0
PixelHit 1319, 946, 3.31521, 0
PixelHit 1319, 947, 26.8545, 0
PixelHit 1319, 948, 60.5816, 0
PixelHit 1319, 949, 52.5389, 0
PixelHit 1319, 950, 20.1159, 0
PixelHit 1319, 951, 1.90538, 0
PixelHit 1320, 946, 15.5147, 0
PixelHit 1320, 947, 46.735, 0
PixelHit 1320, 948, 63.3816, 0
PixelHit 1320, 949, 49.2777, 0
PixelHit 1320, 950, 15.0867, 0
PixelHit 1321, 945, 4.38097, 0
PixelHit 1321, 946, 21.3921, 0
PixelHit 1321, 947, 50.5073, 0
PixelHit 1321, 948, 48.8184, 0
PixelHit 1321, 949, 25.6133, 0
PixelHit 1321, 950, 0.976843, 0
PixelHit 1321, 951, 2.03222, 0
PixelHit 1322, 945, 6.83767, 0
PixelHit 1322, 946, 27.9734, 0
PixelHit 1322, 947, 45.0643, 0
PixelHit 1322, 948, 51.7994, 0
PixelHit 1322, 949, 14.4974, 0
PixelHit 1322, 950, 1.57384, 0
PixelHit 1323, 945, 10.9675, 0
PixelHit 1323, 946, 29.2745, 0
PixelHit 1323, 947, 47.3059, 0
PixelHit 1323, 948, 30.4966, 0
PixelHit 1323, 949, 9.76421, 0
PixelHit 1324, 944, 5.70684, 0
PixelHit 1324, 945, 20.5195, 0
PixelHit 1324, 946, 47.907, 0
PixelHit 1324, 947, 33.0205, 0
PixelHit 1324, 948, 22.2395, 0
PixelHit 1324, 949, 6.75105, 0
PixelHit 1324, 950, 1.34276, 0
PixelHit 1325, 943, 1.69578, 0
PixelHit 1325, 944, 6.00962, 0
PixelHit 1325, 945, 15.8477, 0
PixelHit 1325, 946, 25.7003, 0
PixelHit 1325, 947, 49.8306, 0
PixelHit 1325, 948, 19.6846, 0
PixelHit 1325, 949, 2.82738, 0
PixelHit 1325, 950, 3.97268, 0
PixelHit 1326, 944, 9.12659, 0
PixelHit 1326, 945, 15.4206, 0
PixelHit 1326, 946, 16.811, 0
PixelHit 1326, 947, 9.11726, 0
PixelHit 1326, 948, 7.77658, 0
PixelHit 1327, 944, 2.32083, 0
PixelHit 1327, 945, 3.6372, 0
PixelHit 1327, 946, 9.73185, 0
PixelHit 1327, 947, 10.0864, 0
PixelHit 1327, 948, 1.801, 0
PixelHit 1328, 945, 2.54854, 0
PixelHit 1328, 946, 0.492717, 0
PixelHit 1328, 948, 1.29162, 0
PixelHit 1329, 943, 1.34427, 0
PixelHit 1329, 945, 0.981864, 0
PixelHit 1329, 948, 2.75667, 0
=== 96 ===
=== 97 ===
=== 98 ===
=== 99 ===
=== 100 ===
# 428 objects from 2 messages
