# Allpix Squared ASCII data - https://cern.ch/allpix-squared

=== 1 ===
=== 2 ===
=== 3 ===
=== 4 ===
=== 5 ===
=== 6 ===
=== 7 ===
=== 8 ===
=== 9 ===
=== 10 ===
=== 11 ===
=== 12 ===
=== 13 ===
=== 14 ===
=== 15 ===
=== 16 ===
=== 17 ===
=== 18 ===
=== 19 ===
=== 20 ===
=== 21 ===
=== 22 ===
=== 23 ===
=== 24 ===
=== 25 ===
=== 26 ===
=== 27 ===
=== 28 ===
=== 29 ===
=== 30 ===
=== 31 ===
=== 32 ===
=== 33 ===
=== 34 ===
--- mydetector ---
PixelHit 1280, 989, 13.4204, 0
PixelHit 1280, 990, 16.2238, 0
PixelHit 1281, 987, 7.75271, 0
PixelHit 1281, 988, 24.7027, 0
PixelHit 1281, 989, 59.9545, 0
PixelHit 1281, 990, 6.15063, 0
PixelHit 1282, 986, 14.5477, 0
PixelHit 1282, 987, 77.4956, 0
PixelHit 1282, 988, 104.379, 0
PixelHit 1282, 989, 1.6225, 0
PixelHit 1283, 985, 9.24137, 0
PixelHit 1283, 986, 55.5423, 0
PixelHit 1283, 987, 61.6142, 0
PixelHit 1283, 988, 12.4228, 0
PixelHit 1284, 983, 2.09357, 0
PixelHit 1284, 984, 9.28317, 0
PixelHit 1284, 985, 15.8685, 0
PixelHit 1284, 986, 14.3938, 0
PixelHit 1284, 987, 6.88612, 0
PixelHit 1285, 982, 3.21158, 0
PixelHit 1285, 983, 15.8808, 0
PixelHit 1285, 984, 43.5283, 0
PixelHit 1285, 985, 13.3053, 0
PixelHit 1286, 981, 5.27001, 0
PixelHit 1286, 982, 11.6362, 0
PixelHit 1286, 983, 26.2403, 0
PixelHit 1286, 984, 14.0441, 0
PixelHit 1287, 980, 17.0463, 0
PixelHit 1287, 981, 66.9296, 0
PixelHit 1287, 982, 31.4313, 0
PixelHit 1287, 983, 11.8638, 0
PixelHit 1287, 984, 1.19718, 0
PixelHit 1288, 978, 0.84776, 0
PixelHit 1288, 979, 8.29839, 0
PixelHit 1288, 980, 24.9172, 0
PixelHit 1288, 981, 56.4935, 0
PixelHit 1288, 982, 20.1517, 0
PixelHit 1288, 983, 0.169894, 0
PixelHit 1289, 978, 32.2301, 0
PixelHit 1289, 979, 31.1179, 0
PixelHit 1289, 980, 23.9372, 0
PixelHit 1289, 981, 11.371, 0
PixelHit 1289, 982, 1.83162, 0
PixelHit 1290, 976, 21.6989, 0
PixelHit 1290, 977, 47.7229, 0
PixelHit 1290, 978, 64.2182, 0
PixelHit 1290, 979, 29.0377, 0
PixelHit 1290, 980, 8.99485, 0
PixelHit 1290, 982, 2.88132, 0
PixelHit 1291, 975, 15.692, 0
PixelHit 1291, 976, 41.1435, 0
PixelHit 1291, 977, 56.9399, 0
PixelHit 1291, 978, 33.7353, 0
PixelHit 1291, 979, 8.00658, 0
PixelHit 1291, 980, 2.98788, 0
PixelHit 1292, 974, 4.41642, 0
PixelHit 1292, 975, 17.8633, 0
PixelHit 1292, 976, 39.4003, 0
PixelHit 1292, 977, 22.6799, 0
PixelHit 1292, 978, 9.24373, 0
PixelHit 1292, 979, 1.44932, 0
PixelHit 1293, 970, 2.45053, 0
PixelHit 1293, 971, 6.40508, 0
PixelHit 1293, 972, 5.03399, 0
PixelHit 1293, 973, 6.44365, 0
PixelHit 1293, 974, 6.30239, 0
PixelHit 1293, 975, 7.10474, 0
PixelHit 1293, 976, 5.40219, 0
PixelHit 1293, 977, 7.46818, 0
PixelHit 1294, 970, 4.67031, 0
PixelHit 1294, 971, 33.4499, 0
PixelHit 1294, 972, 60.6989, 0
PixelHit 1294, 973, 52.658, 0
PixelHit 1294, 974, 13.2791, 0
PixelHit 1294, 975, 0.850844, 0
PixelHit 1294, 1099, 1.39313, 0
PixelHit 1294, 1100, 32.2513, 0
PixelHit 1294, 1101, 1.38063, 0
PixelHit 1295, 970, 25.2896, 0
PixelHit 1295, 971, 89.9259, 0
PixelHit 1295, 972, 137.24, 0
PixelHit 1295, 973, 71.1005, 0
PixelHit 1295, 974, 19.6648, 0
PixelHit 1295, 975, 2.74554, 0
PixelHit 1295, 1099, 4.74114, 0
PixelHit 1295, 1100, 41.8465, 0
PixelHit 1295, 1101, 2.38092, 0
PixelHit 1296, 969, 5.40373, 0
PixelHit 1296, 970, 21.1957, 0
PixelHit 1296, 971, 80.6228, 0
PixelHit 1296, 972, 83.5632, 0
PixelHit 1296, 973, 44.1527, 0
PixelHit 1296, 974, 8.59953, 0
PixelHit 1296, 1097, 2.66295, 0
PixelHit 1296, 1098, 13.6332, 0
PixelHit 1296, 1099, 5.73852, 0
PixelHit 1296, 1100, 2.63147, 0
PixelHit 1297, 967, 1.82271, 0
PixelHit 1297, 969, 9.21856, 0
PixelHit 1297, 970, 16.2103, 0
PixelHit 1297, 971, 25.3403, 0
PixelHit 1297, 972, 14.5829, 0
PixelHit 1297, 973, 13.1028, 0
PixelHit 1297, 1093, 1.79513, 0
PixelHit 1297, 1095, 7.66846, 0
PixelHit 1297, 1096, 78.7652, 0
PixelHit 1297, 1097, 37.8304, 0
PixelHit 1297, 1098, 4.66654, 0
PixelHit 1297, 1099, 1.58538, 0
PixelHit 1298, 965, 1.28144, 0
PixelHit 1298, 968, 11.7153, 0
PixelHit 1298, 969, 12.7175, 0
PixelHit 1298, 970, 9.81907, 0
PixelHit 1298, 971, 6.67557, 0
PixelHit 1298, 972, 2.05715, 0
PixelHit 1298, 973, 1.42118, 0
PixelHit 1298, 974, 1.1844, 0
PixelHit 1298, 1093, 3.46597, 0
PixelHit 1298, 1094, 11.1825, 0
PixelHit 1298, 1095, 60.2791, 0
PixelHit 1298, 1096, 190.731, 0
PixelHit 1298, 1097, 56.5344, 0
PixelHit 1299, 964, 7.43212, 0
PixelHit 1299, 965, 3.19519, 0
PixelHit 1299, 966, 11.1689, 0
PixelHit 1299, 967, 4.79606, 0
PixelHit 1299, 968, 5.01148, 0
PixelHit 1299, 969, 3.25973, 0
PixelHit 1299, 970, 2.81613, 0
PixelHit 1299, 973, 2.80471, 0
PixelHit 1299, 1093, 48.2071, 0
PixelHit 1299, 1094, 130.052, 0
PixelHit 1299, 1095, 77.9336, 0
PixelHit 1299, 1096, 12.2501, 0
PixelHit 1299, 1097, 5.10383, 0
PixelHit 1300, 964, 2.40265, 0
PixelHit 1300, 965, 9.25359, 0
PixelHit 1300, 966, 4.85774, 0
PixelHit 1300, 967, 4.76294, 0
PixelHit 1300, 969, 1.37269, 0
PixelHit 1300, 1091, 7.57494, 0
PixelHit 1300, 1092, 23.6513, 0
PixelHit 1300, 1093, 66.9319, 0
PixelHit 1300, 1094, 150.677, 0
PixelHit 1300, 1095, 29.6784, 0
PixelHit 1301, 960, 1.73761, 0
PixelHit 1301, 962, 4.74149, 0
PixelHit 1301, 963, 5.47096, 0
PixelHit 1301, 964, 13.6992, 0
PixelHit 1301, 965, 9.08297, 0
PixelHit 1301, 966, 14.2121, 0
PixelHit 1301, 967, 4.88724, 0
PixelHit 1301, 968, 0.896013, 0
PixelHit 1301, 1090, 10.455, 0
PixelHit 1301, 1091, 36.7814, 0
PixelHit 1301, 1092, 65.3764, 0
PixelHit 1301, 1093, 44.3304, 0
PixelHit 1301, 1094, 15.2637, 0
PixelHit 1301, 1095, 2.27508, 0
PixelHit 1302, 960, 0.253671, 0
PixelHit 1302, 961, 4.20625, 0
PixelHit 1302, 962, 14.1897, 0
PixelHit 1302, 963, 9.87928, 0
PixelHit 1302, 964, 15.0581, 0
PixelHit 1302, 965, 7.02515, 0
PixelHit 1302, 966, 7.5634, 0
PixelHit 1302, 967, 3.04757, 0
PixelHit 1302, 969, 1.19218, 0
PixelHit 1302, 1089, 9.67884, 0
PixelHit 1302, 1090, 35.5801, 0
PixelHit 1302, 1091, 49.9735, 0
PixelHit 1302, 1092, 13.4238, 0
PixelHit 1302, 1094, 1.95502, 0
PixelHit 1303, 957, 2.6652, 0
PixelHit 1303, 958, 3.63965, 0
PixelHit 1303, 959, 5.03573, 0
PixelHit 1303, 961, 2.94745, 0
PixelHit 1303, 962, 6.3004, 0
PixelHit 1303, 963, 15.407, 0
PixelHit 1303, 964, 9.22139, 0
PixelHit 1303, 965, 7.54518, 0
PixelHit 1303, 1087, 1.37731, 0
PixelHit 1303, 1088, 5.73548, 0
PixelHit 1303, 1089, 10.3265, 0
PixelHit 1303, 1090, 29.8058, 0
PixelHit 1303, 1091, 24.6353, 0
PixelHit 1303, 1092, 4.52472, 0
PixelHit 1304, 956, 1.31991, 0
PixelHit 1304, 957, 7.2297, 0
PixelHit 1304, 958, 9.39429, 0
PixelHit 1304, 959, 23.0241, 0
PixelHit 1304, 960, 16.9638, 0
PixelHit 1304, 961, 7.73845, 0
PixelHit 1304, 962, 9.48954, 0
PixelHit 1304, 963, 7.52172, 0
PixelHit 1304, 964, 5.16999, 0
PixelHit 1304, 1087, 14.5006, 0
PixelHit 1304, 1088, 24.2384, 0
PixelHit 1304, 1089, 4.17369, 0
PixelHit 1304, 1090, 7.7655, 0
PixelHit 1305, 956, 5.08497, 0
PixelHit 1305, 957, 21.2161, 0
PixelHit 1305, 958, 63.8717, 0
PixelHit 1305, 959, 61.7522, 0
PixelHit 1305, 960, 43.4271, 0
PixelHit 1305, 961, 16.4143, 0
PixelHit 1305, 962, 8.67847, 0
PixelHit 1305, 963, 1.10801, 0
PixelHit 1305, 1083, 2.99662, 0
PixelHit 1305, 1086, 4.39766, 0
PixelHit 1305, 1087, 7.70262, 0
PixelHit 1305, 1088, 12.0371, 0
PixelHit 1305, 1089, 8.71462, 0
PixelHit 1306, 955, 2.80888, 0
PixelHit 1306, 956, 19.5043, 0
PixelHit 1306, 957, 49.0901, 0
PixelHit 1306, 958, 90.2555, 0
PixelHit 1306, 959, 122.355, 0
PixelHit 1306, 960, 60.5398, 0
PixelHit 1306, 961, 12.1226, 0
PixelHit 1306, 962, 2.63053, 0
PixelHit 1306, 964, -0.027973, 0
PixelHit 1306, 1082, 2.83109, 0
PixelHit 1306, 1083, 4.34022, 0
PixelHit 1306, 1084, 4.64067, 0
PixelHit 1306, 1085, 11.8038, 0
PixelHit 1306, 1086, 8.9166, 0
PixelHit 1306, 1088, 2.02319, 0
PixelHit 1307, 954, 5.186, 0
PixelHit 1307, 955, 7.85444, 0
PixelHit 1307, 956, 21.6248, 0
PixelHit 1307, 957, 57.1009, 0
PixelHit 1307, 958, 113.834, 0
PixelHit 1307, 959, 87.6807, 0
PixelHit 1307, 960, 45.3485, 0
PixelHit 1307, 961, 26.8602, 0
PixelHit 1307, 962, 3.86986, 0
PixelHit 1307, 1082, 9.8559, 0
PixelHit 1307, 1083, 28.5155, 0
PixelHit 1307, 1084, 30.7962, 0
PixelHit 1307, 1085, 23.6613, 0
PixelHit 1307, 1086, 4.20722, 0
PixelHit 1307, 1087, 1.40651, 0
PixelHit 1307, 1088, 2.58832, 0
PixelHit 1308, 954, 2.44395, 0
PixelHit 1308, 955, 16.8894, 0
PixelHit 1308, 956, 18.9277, 0
PixelHit 1308, 957, 37.4511, 0
PixelHit 1308, 958, 49.294, 0
PixelHit 1308, 959, 46.7002, 0
PixelHit 1308, 960, 20.5199, 0
PixelHit 1308, 961, 11.8676, 0
PixelHit 1308, 962, 3.12018, 0
PixelHit 1308, 1080, 2.25436, 0
PixelHit 1308, 1081, 13.5514, 0
PixelHit 1308, 1082, 34.1739, 0
PixelHit 1308, 1083, 43.8101, 0
PixelHit 1308, 1084, 31.1176, 0
PixelHit 1308, 1085, 8.86968, 0
PixelHit 1308, 1086, 4.63668, 0
PixelHit 1309, 952, 3.85761, 0
PixelHit 1309, 954, 5.98498, 0
PixelHit 1309, 955, 9.15968, 0
PixelHit 1309, 956, 18.4325, 0
PixelHit 1309, 957, 11.1905, 0
PixelHit 1309, 958, 18.1687, 0
PixelHit 1309, 959, 9.54445, 0
PixelHit 1309, 960, 6.88767, 0
PixelHit 1309, 1079, 12.2148, 0
PixelHit 1309, 1080, 23.4072, 0
PixelHit 1309, 1081, 33.8469, 0
PixelHit 1309, 1082, 38.7381, 0
PixelHit 1309, 1083, 48.0916, 0
PixelHit 1309, 1084, 14.781, 0
PixelHit 1309, 1085, 1.30522, 0
PixelHit 1310, 954, 3.26758, 0
PixelHit 1310, 955, 12.372, 0
PixelHit 1310, 956, 6.27989, 0
PixelHit 1310, 957, 8.37295, 0
PixelHit 1310, 958, 3.37699, 0
PixelHit 1310, 959, 2.12663, 0
PixelHit 1310, 1078, 16.5317, 0
PixelHit 1310, 1079, 35.9213, 0
PixelHit 1310, 1080, 51.0081, 0
PixelHit 1310, 1081, 40.7148, 0
PixelHit 1310, 1082, 28.5279, 0
PixelHit 1310, 1083, 19.5593, 0
PixelHit 1310, 1084, 4.75396, 0
PixelHit 1311, 953, 1.4861, 0
PixelHit 1311, 954, 2.66876, 0
PixelHit 1311, 955, 3.33642, 0
PixelHit 1311, 956, 3.59744, 0
PixelHit 1311, 1077, 10.0793, 0
PixelHit 1311, 1078, 28.1059, 0
PixelHit 1311, 1079, 64.5017, 0
PixelHit 1311, 1080, 64.119, 0
PixelHit 1311, 1081, 28.7423, 0
PixelHit 1311, 1082, 12.4998, 0
PixelHit 1312, 954, 4.94125, 0
PixelHit 1312, 1075, 6.09438, 0
PixelHit 1312, 1076, 11.7244, 0
PixelHit 1312, 1077, 21.4271, 0
PixelHit 1312, 1078, 39.8756, 0
PixelHit 1312, 1079, 53.0586, 0
PixelHit 1312, 1080, 26.1621, 0
PixelHit 1312, 1081, 10.449, 0
PixelHit 1313, 954, 2.13979, 0
PixelHit 1313, 1073, 5.87482, 0
PixelHit 1313, 1074, 7.50894, 0
PixelHit 1313, 1075, 20.2346, 0
PixelHit 1313, 1076, 24.6975, 0
PixelHit 1313, 1077, 29.1566, 0
PixelHit 1313, 1078, 14.7856, 0
PixelHit 1313, 1079, 26.1669, 0
PixelHit 1313, 1080, 13.479, 0
PixelHit 1314, 953, 0.372625, 0
PixelHit 1314, 1071, 1.11793, 0
PixelHit 1314, 1072, 13.9785, 0
PixelHit 1314, 1073, 15.7498, 0
PixelHit 1314, 1074, 32.9015, 0
PixelHit 1314, 1075, 33.4478, 0
PixelHit 1314, 1076, 35.3254, 0
PixelHit 1314, 1077, 20.6662, 0
PixelHit 1314, 1078, 6.3154, 0
PixelHit 1314, 1079, 3.28738, 0
PixelHit 1314, 1081, 0.921975, 0
PixelHit 1315, 1070, 1.49417, 0
PixelHit 1315, 1071, 9.96991, 0
PixelHit 1315, 1072, 29.119, 0
PixelHit 1315, 1073, 52.1975, 0
PixelHit 1315, 1074, 69.6583, 0
PixelHit 1315, 1075, 68.5729, 0
PixelHit 1315, 1076, 28.3454, 0
PixelHit 1315, 1077, 13.4769, 0
PixelHit 1315, 1078, 4.60831, 0
PixelHit 1316, 1070, 1.69826, 0
PixelHit 1316, 1071, 10.9847, 0
PixelHit 1316, 1072, 34.1069, 0
PixelHit 1316, 1073, 53.6105, 0
PixelHit 1316, 1074, 69.9995, 0
PixelHit 1316, 1075, 55.9077, 0
PixelHit 1316, 1076, 23.2245, 0
PixelHit 1316, 1077, 7.00346, 0
PixelHit 1317, 1069, 1.18527, 0
PixelHit 1317, 1070, 4.47993, 0
PixelHit 1317, 1071, 12.2897, 0
PixelHit 1317, 1072, 22.3435, 0
PixelHit 1317, 1073, 44.6065, 0
PixelHit 1317, 1074, 46.2671, 0
PixelHit 1317, 1075, 22.5108, 0
PixelHit 1317, 1076, 4.45649, 0
PixelHit 1317, 1077, 2.35634, 0
PixelHit 1318, 1068, 3.22085, 0
PixelHit 1318, 1069, 8.38553, 0
PixelHit 1318, 1070, 7.23922, 0
PixelHit 1318, 1071, 7.58751, 0
PixelHit 1318, 1072, 12.2357, 0
PixelHit 1318, 1073, 9.76186, 0
PixelHit 1318, 1074, 8.87457, 0
PixelHit 1318, 1075, 5.58652, 0
PixelHit 1319, 1063, -0.0942038, 0
PixelHit 1319, 1066, 2.714, 0
PixelHit 1319, 1067, 2.62557, 0
PixelHit 1319, 1068, 2.44909, 0
PixelHit 1319, 1069, 10.9309, 0
PixelHit 1319, 1070, 5.9351, 0
PixelHit 1319, 1071, 1.95639, 0
PixelHit 1319, 1072, 4.72479, 0
PixelHit 1319, 1073, 2.02053, 0
PixelHit 1319, 1074, 2.64554, 0
PixelHit 1320, 1063, 2.12288, 0
PixelHit 1320, 1064, 3.3565, 0
PixelHit 1320, 1065, 1.42651, 0
PixelHit 1320, 1066, 8.32801, 0
PixelHit 1320, 1067, 18.9159, 0
PixelHit 1320, 1068, 4.93289, 0
PixelHit 1320, 1069, 9.69087, 0
PixelHit 1320, 1070, 3.42289, 0
PixelHit 1321, 1062, 2.69803, 0
PixelHit 1321, 1064, 8.16573, 0
PixelHit 1321, 1065, 8.3309, 0
PixelHit 1321, 1066, 21.9284, 0
PixelHit 1321, 1067, 17.0101, 0
PixelHit 1321, 1068, 10.4264, 0
PixelHit 1321, 1069, 2.85064, 0
PixelHit 1321, 1070, 2.33488, 0
PixelHit 1322, 1062, 1.42143, 0
PixelHit 1322, 1063, 3.5696, 0
PixelHit 1322, 1064, 13.3997, 0
PixelHit 1322, 1065, 15.3824, 0
PixelHit 1322, 1066, 31.2794, 0
PixelHit 1322, 1067, 14.0608, 0
PixelHit 1322, 1068, 8.95297, 0
PixelHit 1323, 1061, 1.71082, 0
PixelHit 1323, 1062, 1.8917, 0
PixelHit 1323, 1063, 7.33658, 0
PixelHit 1323, 1064, 20.895, 0
PixelHit 1323, 1065, 12.3574, 0
PixelHit 1323, 1066, 14.9052, 0
PixelHit 1323, 1067, 8.84888, 0
PixelHit 1323, 1068, 6.75952, 0
PixelHit 1323, 1069, 2.97804, 0
PixelHit 1324, 1061, 2.56571, 0
PixelHit 1324, 1062, 10.2475, 0
PixelHit 1324, 1063, 18.9507, 0
PixelHit 1324, 1064, 16.3677, 0
PixelHit 1324, 1065, 8.81247, 0
PixelHit 1324, 1066, 2.6023, 0
PixelHit 1324, 1067, 3.79508, 0
PixelHit 1325, 1061, 0.20549, 0
PixelHit 1325, 1062, 8.67952, 0
PixelHit 1325, 1063, 12.4725, 0
PixelHit 1325, 1064, 11.3297, 0
PixelHit 1325, 1065, 4.17544, 0
PixelHit 1326, 1062, 2.46376, 0
PixelHit 1326, 1063, 4.45431, 0
PixelHit 1326, 1064, 1.5871, 0
PixelHit 1326, 1065, 2.62322, 0
PixelHit 1327, 1063, 2.36907, 0
=== 35 ===
=== 36 ===
=== 37 ===
=== 38 ===
=== 39 ===
=== 40 ===
=== 41 ===
=== 42 ===
=== 43 ===
=== 44 ===
=== 45 ===
=== 46 ===
=== 47 ===
=== 48 ===
=== 49 ===
=== 50 ===
=== 51 ===
=== 52 ===
--- mydetector ---
PixelHit 1111, 1159, 47.117, 0
PixelHit 1111, 1160, 207.636, 0
PixelHit 1111, 1161, 6.83915, 0
PixelHit 1112, 1158, 3.68157, 0
PixelHit 1112, 1159, 299.553, 0
PixelHit 1112, 1160, 918.314, 0
PixelHit 1112, 1161, 15.4497, 0
PixelHit 1113, 1157, 8.14293, 0
PixelHit 1113, 1158, 16.1133, 0
PixelHit 1113, 1159, 27.0712, 0
PixelHit 1113, 1160, 18.7934, 0
PixelHit 1114, 1155, 1.88555, 0
PixelHit 1114, 1156, 10.983, 0
PixelHit 1114, 1157, 20.0029, 0
PixelHit 1114, 1158, 14.8313, 0
PixelHit 1115, 1154, 3.11882, 0
PixelHit 1115, 1155, 13.7228, 0
PixelHit 1115, 1156, 53.1205, 0
PixelHit 1115, 1157, 3.32163, 0
PixelHit 1116, 1153, 5.43336, 0
PixelHit 1116, 1154, 34.4778, 0
PixelHit 1116, 1155, 32.1063, 0
PixelHit 1116, 1156, 3.83814, 0
PixelHit 1117, 1152, 19.0254, 0
PixelHit 1117, 1153, 11.9496, 0
PixelHit 1117, 1154, 35.4475, 0
PixelHit 1117, 1155, 15.7195, 0
PixelHit 1117, 1156, 1.20518, 0
PixelHit 1118, 1151, 31.1922, 0
PixelHit 1118, 1152, 65.21, 0
PixelHit 1118, 1153, 33.1299, 0
PixelHit 1118, 1154, 3.52306, 0
PixelHit 1119, 1150, 11.0719, 0
PixelHit 1119, 1151, 35.8962, 0
PixelHit 1119, 1152, 46.6581, 0
PixelHit 1119, 1153, 10.6537, 0
PixelHit 1119, 1154, 1.78548, 0
PixelHit 1120, 1149, 12.7159, 0
PixelHit 1120, 1150, 11.937, 0
PixelHit 1120, 1151, 14.4946, 0
PixelHit 1120, 1152, 3.24523, 0
PixelHit 1121, 1146, 0.689292, 0
PixelHit 1121, 1147, 5.52107, 0
PixelHit 1121, 1148, 18.4157, 0
PixelHit 1121, 1149, 22.6635, 0
PixelHit 1121, 1150, 8.94314, 0
PixelHit 1121, 1151, 2.29556, 0
PixelHit 1122, 1146, 2.41679, 0
PixelHit 1122, 1147, 13.1434, 0
PixelHit 1122, 1148, 18.3247, 0
PixelHit 1122, 1149, 5.76045, 0
PixelHit 1122, 1150, 2.3238, 0
PixelHit 1122, 1151, 2.95344, 0
PixelHit 1123, 1143, 1.32464, 0
PixelHit 1123, 1144, 1.25887, 0
PixelHit 1123, 1146, 3.65839, 0
PixelHit 1123, 1147, 9.3784, 0
PixelHit 1123, 1148, 11.011, 0
PixelHit 1123, 1149, 2.52737, 0
PixelHit 1124, 1142, 0.713682, 0
PixelHit 1124, 1145, 5.46089, 0
PixelHit 1124, 1146, 3.94231, 0
PixelHit 1125, 1141, 3.01906, 0
PixelHit 1125, 1142, 5.58361, 0
PixelHit 1125, 1143, 9.74691, 0
PixelHit 1125, 1144, 12.9047, 0
PixelHit 1125, 1145, 8.80242, 0
PixelHit 1125, 1146, 1.48867, 0
PixelHit 1126, 1140, 4.68791, 0
PixelHit 1126, 1141, 19.2148, 0
PixelHit 1126, 1142, 20.0008, 0
PixelHit 1126, 1143, 25.4067, 0
PixelHit 1126, 1144, 6.38412, 0
PixelHit 1126, 1145, 3.98572, 0
PixelHit 1127, 1139, 7.80025, 0
PixelHit 1127, 1140, 20.2113, 0
PixelHit 1127, 1141, 22.6519, 0
PixelHit 1127, 1142, 30.2167, 0
PixelHit 1127, 1143, 25.5435, 0
PixelHit 1127, 1144, 5.22109, 0
PixelHit 1128, 1137, 2.40907, 0
PixelHit 1128, 1138, 2.74902, 0
PixelHit 1128, 1139, 13.2014, 0
PixelHit 1128, 1140, 33.0195, 0
PixelHit 1128, 1141, 50.9782, 0
PixelHit 1128, 1142, 13.6749, 0
PixelHit 1128, 1143, 3.42427, 0
PixelHit 1128, 1144, 2.68905, 0
PixelHit 1129, 1136, 7.76265, 0
PixelHit 1129, 1137, 9.52644, 0
PixelHit 1129, 1138, 11.6007, 0
PixelHit 1129, 1139, 18.6417, 0
PixelHit 1129, 1140, 22.6592, 0
PixelHit 1129, 1141, 19.8264, 0
PixelHit 1129, 1142, 4.48671, 0
PixelHit 1130, 1134, -0.975832, 0
PixelHit 1130, 1135, 5.01195, 0
PixelHit 1130, 1136, 9.28313, 0
PixelHit 1130, 1137, 32.3937, 0
PixelHit 1130, 1138, 25.1221, 0
PixelHit 1130, 1139, 18.0363, 0
PixelHit 1130, 1140, 5.974, 0
PixelHit 1130, 1141, 7.71577, 0
PixelHit 1131, 1133, 2.52549, 0
PixelHit 1131, 1134, 4.15627, 0
PixelHit 1131, 1135, 16.0132, 0
PixelHit 1131, 1136, 52.7965, 0
PixelHit 1131, 1137, 62.5128, 0
PixelHit 1131, 1138, 41.4834, 0
PixelHit 1131, 1139, 5.80242, 0
PixelHit 1131, 1140, 3.69937, 0
PixelHit 1132, 1131, 0.527467, 0
PixelHit 1132, 1132, 1.33482, 0
PixelHit 1132, 1133, 2.53903, 0
PixelHit 1132, 1134, 5.96573, 0
PixelHit 1132, 1135, 14.4362, 0
PixelHit 1132, 1136, 33.2648, 0
PixelHit 1132, 1137, 34.3903, 0
PixelHit 1132, 1138, 24.3946, 0
PixelHit 1133, 1131, 2.1198, 0
PixelHit 1133, 1132, 10.9688, 0
PixelHit 1133, 1133, 11.08, 0
PixelHit 1133, 1134, 16.2602, 0
PixelHit 1133, 1135, 13.8174, 0
PixelHit 1133, 1136, 7.70277, 0
PixelHit 1133, 1137, 10.7577, 0
PixelHit 1133, 1138, 1.80428, 0
PixelHit 1134, 1129, 2.53073, 0
PixelHit 1134, 1130, 8.95277, 0
PixelHit 1134, 1131, 12.1718, 0
PixelHit 1134, 1132, 21.4617, 0
PixelHit 1134, 1133, 19.4321, 0
PixelHit 1134, 1134, 18.8582, 0
PixelHit 1134, 1135, 10.2563, 0
PixelHit 1134, 1136, 2.44719, 0
PixelHit 1134, 1137, 2.67937, 0
PixelHit 1135, 1128, 3.05808, 0
PixelHit 1135, 1129, 5.89062, 0
PixelHit 1135, 1130, 11.1397, 0
PixelHit 1135, 1131, 9.79643, 0
PixelHit 1135, 1132, 26.0024, 0
PixelHit 1135, 1133, 22.4365, 0
PixelHit 1135, 1134, 12.9608, 0
PixelHit 1135, 1135, 4.68541, 0
PixelHit 1136, 1127, 3.87979, 0
PixelHit 1136, 1128, 8.18821, 0
PixelHit 1136, 1129, 5.24568, 0
PixelHit 1136, 1130, 10.6864, 0
PixelHit 1136, 1131, 22.3787, 0
PixelHit 1136, 1132, 21.1842, 0
PixelHit 1136, 1133, 14.1321, 0
PixelHit 1136, 1134, 5.88454, 0
PixelHit 1136, 1135, 2.09645, 0
PixelHit 1137, 1126, 2.34581, 0
PixelHit 1137, 1128, 9.65736, 0
PixelHit 1137, 1129, 14.6997, 0
PixelHit 1137, 1130, 20.8508, 0
PixelHit 1137, 1131, 26.6023, 0
PixelHit 1137, 1132, 12.6976, 0
PixelHit 1137, 1133, 6.82865, 0
PixelHit 1137, 1134, 1.03214, 0
PixelHit 1137, 1135, 2.38616, 0
PixelHit 1138, 1125, 3.38063, 0
PixelHit 1138, 1126, 9.04972, 0
PixelHit 1138, 1127, 12.6549, 0
PixelHit 1138, 1128, 15.8326, 0
PixelHit 1138, 1129, 17.9819, 0
PixelHit 1138, 1130, 11.6828, 0
PixelHit 1138, 1131, 6.22455, 0
PixelHit 1139, 1122, 1.60259, 0
PixelHit 1139, 1123, 0.624312, 0
PixelHit 1139, 1125, 8.63268, 0
PixelHit 1139, 1126, 12.4423, 0
PixelHit 1139, 1127, 11.141, 0
PixelHit 1139, 1128, 21.2724, 0
PixelHit 1139, 1129, 13.904, 0
PixelHit 1139, 1130, 3.60119, 0
PixelHit 1139, 1131, 3.08371, 0
PixelHit 1139, 1133, 0.951473, 0
PixelHit 1140, 1124, 8.13376, 0
PixelHit 1140, 1125, 2.91926, 0
PixelHit 1140, 1126, 5.60833, 0
PixelHit 1140, 1127, 12.1727, 0
PixelHit 1140, 1128, 13.0223, 0
PixelHit 1140, 1129, 8.10182, 0
PixelHit 1140, 1130, 3.71597, 0
PixelHit 1141, 1121, 2.0006, 0
PixelHit 1141, 1123, 14.4233, 0
PixelHit 1141, 1124, 9.54481, 0
PixelHit 1141, 1125, 7.86059, 0
PixelHit 1141, 1126, 11.9271, 0
PixelHit 1141, 1127, 5.77114, 0
PixelHit 1141, 1128, 8.86192, 0
PixelHit 1141, 1129, 4.38385, 0
PixelHit 1142, 1121, 3.74591, 0
PixelHit 1142, 1122, 2.88527, 0
PixelHit 1142, 1123, 15.2613, 0
PixelHit 1142, 1124, 11.067, 0
PixelHit 1142, 1125, 5.18002, 0
PixelHit 1142, 1126, 2.82283, 0
PixelHit 1142, 1128, 0.663917, 0
PixelHit 1143, 1121, 0.850136, 0
PixelHit 1143, 1122, 3.18122, 0
PixelHit 1143, 1123, 8.9331, 0
PixelHit 1143, 1124, 18.2058, 0
PixelHit 1143, 1125, 6.82896, 0
PixelHit 1144, 1119, 2.43512, 0
PixelHit 1144, 1121, 1.49908, 0
PixelHit 1144, 1124, 3.53114, 0
PixelHit 1144, 1125, 4.6593, 0
PixelHit 1144, 1128, 1.74508, 0
PixelHit 1240, 1027, 3.63163, 0
PixelHit 1241, 1026, 29.7096, 0
PixelHit 1241, 1027, 258.682, 0
PixelHit 1241, 1028, 5.0918, 0
PixelHit 1242, 1025, 21.6021, 0
PixelHit 1242, 1026, 25.8967, 0
PixelHit 1242, 1027, 90.4641, 0
PixelHit 1243, 1023, 4.56519, 0
PixelHit 1243, 1024, 29.5321, 0
PixelHit 1243, 1025, 38.4921, 0
PixelHit 1243, 1026, 9.10644, 0
PixelHit 1244, 1022, 8.60842, 0
PixelHit 1244, 1023, 46.8741, 0
PixelHit 1244, 1024, 84.7652, 0
PixelHit 1244, 1025, 11.0629, 0
PixelHit 1245, 1021, 8.63131, 0
PixelHit 1245, 1022, 49.3773, 0
PixelHit 1245, 1023, 58.1066, 0
PixelHit 1245, 1024, 13.7762, 0
PixelHit 1245, 1025, 2.9646, 0
PixelHit 1246, 1019, 3.32447, 0
PixelHit 1246, 1020, 20.0426, 0
PixelHit 1246, 1021, 33.5638, 0
PixelHit 1246, 1022, 14.1781, 0
PixelHit 1246, 1023, 1.99999, 0
PixelHit 1246, 1024, -0.236741, 0
PixelHit 1247, 1018, 8.22838, 0
PixelHit 1247, 1019, 44.6485, 0
PixelHit 1247, 1020, 28.1379, 0
PixelHit 1247, 1021, 28.233, 0
PixelHit 1247, 1022, 4.2415, 0
PixelHit 1248, 1017, 9.73658, 0
PixelHit 1248, 1018, 33.363, 0
PixelHit 1248, 1019, 64.5443, 0
PixelHit 1248, 1020, 20.132, 0
PixelHit 1248, 1021, 7.48967, 0
PixelHit 1249, 1015, 5.93198, 0
PixelHit 1249, 1016, 30.8168, 0
PixelHit 1249, 1017, 56.9976, 0
PixelHit 1249, 1018, 52.2328, 0
PixelHit 1249, 1019, 11.8944, 0
PixelHit 1249, 1020, 7.93576, 0
PixelHit 1250, 1013, 2.05261, 0
PixelHit 1250, 1014, 5.12939, 0
PixelHit 1250, 1015, 31.486, 0
PixelHit 1250, 1016, 83.8442, 0
PixelHit 1250, 1017, 84.3327, 0
PixelHit 1250, 1018, 39.9713, 0
PixelHit 1250, 1019, 7.52058, 0
PixelHit 1251, 1011, 1.7666, 0
PixelHit 1251, 1012, 2.61354, 0
PixelHit 1251, 1013, 8.01481, 0
PixelHit 1251, 1014, 21.552, 0
PixelHit 1251, 1015, 32.6117, 0
PixelHit 1251, 1016, 58.6024, 0
PixelHit 1251, 1017, 35.8761, 0
PixelHit 1251, 1018, 4.13036, 0
PixelHit 1251, 1019, 3.38945, 0
PixelHit 1252, 1012, 9.54725, 0
PixelHit 1252, 1013, 19.7365, 0
PixelHit 1252, 1014, 43.2627, 0
PixelHit 1252, 1015, 31.0386, 0
PixelHit 1252, 1016, 12.7044, 0
PixelHit 1252, 1017, 5.44811, 0
PixelHit 1253, 1009, 4.47877, 0
PixelHit 1253, 1011, 14.0545, 0
PixelHit 1253, 1012, 20.3367, 0
PixelHit 1253, 1013, 31.2691, 0
PixelHit 1253, 1014, 10.7108, 0
PixelHit 1253, 1015, 6.98409, 0
PixelHit 1253, 1016, 2.62001, 0
PixelHit 1254, 1008, 2.27103, 0
PixelHit 1254, 1009, 7.21765, 0
PixelHit 1254, 1010, 31.4032, 0
PixelHit 1254, 1011, 35.4817, 0
PixelHit 1254, 1012, 19.8091, 0
PixelHit 1254, 1013, 24.9928, 0
PixelHit 1254, 1014, 5.72185, 0
PixelHit 1255, 1006, 1.98689, 0
PixelHit 1255, 1009, 33.582, 0
PixelHit 1255, 1010, 72.0572, 0
PixelHit 1255, 1011, 58.5605, 0
PixelHit 1255, 1012, 14.1106, 0
PixelHit 1255, 1013, 4.42794, 0
PixelHit 1255, 1014, 1.78003, 0
PixelHit 1256, 1007, 7.91142, 0
PixelHit 1256, 1008, 16.368, 0
PixelHit 1256, 1009, 41.7958, 0
PixelHit 1256, 1010, 57.2792, 0
PixelHit 1256, 1011, 42.4011, 0
PixelHit 1256, 1012, 8.63642, 0
PixelHit 1256, 1013, -0.546344, 0
PixelHit 1257, 1005, 2.23593, 0
PixelHit 1257, 1006, 13.9827, 0
PixelHit 1257, 1007, 25.306, 0
PixelHit 1257, 1008, 31.9995, 0
PixelHit 1257, 1009, 26.141, 0
PixelHit 1257, 1010, 31.6077, 0
PixelHit 1257, 1011, 14.0115, 0
PixelHit 1258, 1004, 4.04609, 0
PixelHit 1258, 1005, 12.0119, 0
PixelHit 1258, 1006, 20.4467, 0
PixelHit 1258, 1007, 28.4956, 0
PixelHit 1258, 1008, 21.3826, 0
PixelHit 1258, 1009, 10.3245, 0
PixelHit 1258, 1011, 1.5623, 0
PixelHit 1259, 1003, 2.49771, 0
PixelHit 1259, 1004, 8.01954, 0
PixelHit 1259, 1005, 29.8523, 0
PixelHit 1259, 1006, 55.1223, 0
PixelHit 1259, 1007, 20.4476, 0
PixelHit 1259, 1008, 7.67964, 0
PixelHit 1260, 1000, 1.66935, 0
PixelHit 1260, 1003, 0.112925, 0
PixelHit 1260, 1004, 16.0406, 0
PixelHit 1260, 1005, 23.5351, 0
PixelHit 1260, 1006, 28.2862, 0
PixelHit 1260, 1007, 5.12566, 0
PixelHit 1260, 1008, 3.16597, 0
PixelHit 1261, 1002, 7.35982, 0
PixelHit 1261, 1003, 7.82801, 0
PixelHit 1261, 1004, 5.11034, 0
PixelHit 1261, 1005, 12.6041, 0
PixelHit 1261, 1006, 4.26277, 0
PixelHit 1261, 1007, 3.95654, 0
PixelHit 1262, 999, 1.49625, 0
PixelHit 1262, 1001, 6.62673, 0
PixelHit 1262, 1002, 4.74427, 0
PixelHit 1262, 1003, 3.53922, 0
PixelHit 1262, 1005, 4.31981, 0
PixelHit 1263, 995, 3.24274, 0
PixelHit 1263, 998, 3.50211, 0
PixelHit 1263, 999, 5.87657, 0
PixelHit 1263, 1000, 1.48065, 0
PixelHit 1263, 1001, 10.637, 0
PixelHit 1263, 1002, 5.46652, 0
PixelHit 1263, 1003, 2.16242, 0
PixelHit 1264, 993, 2.29986, 0
PixelHit 1264, 994, 7.74377, 0
PixelHit 1264, 995, 12.7741, 0
PixelHit 1264, 996, 17.2874, 0
PixelHit 1264, 997, 10.1925, 0
PixelHit 1264, 998, 5.27113, 0
PixelHit 1264, 999, 14.0373, 0
PixelHit 1264, 1000, 12.4317, 0
PixelHit 1264, 1001, 7.57575, 0
PixelHit 1264, 1002, 4.2545, 0
PixelHit 1264, 1003, 3.25213, 0
PixelHit 1264, 1004, 2.77269, 0
PixelHit 1265, 992, 5.81327, 0
PixelHit 1265, 993, 7.17425, 0
PixelHit 1265, 994, 53.8665, 0
PixelHit 1265, 995, 95.7284, 0
PixelHit 1265, 996, 126.144, 0
PixelHit 1265, 997, 60.3112, 0
PixelHit 1265, 998, 24.4592, 0
PixelHit 1265, 999, 15.4643, 0
PixelHit 1265, 1000, 7.89956, 0
PixelHit 1265, 1001, 3.02266, 0
PixelHit 1265, 1002, 4.14003, 0
PixelHit 1266, 992, 2.8376, 0
PixelHit 1266, 993, 18.2629, 0
PixelHit 1266, 994, 142.743, 0
PixelHit 1266, 995, 272.559, 0
PixelHit 1266, 996, 329.223, 0
PixelHit 1266, 997, 181.84, 0
PixelHit 1266, 998, 58.4039, 0
PixelHit 1266, 999, 11.4598, 0
PixelHit 1266, 1000, 3.55217, 0
PixelHit 1266, 1001, 1.18843, 0
PixelHit 1267, 989, 1.32282, 0
PixelHit 1267, 991, 3.45211, 0
PixelHit 1267, 992, 10.8021, 0
PixelHit 1267, 993, 32.3911, 0
PixelHit 1267, 994, 165.643, 0
PixelHit 1267, 995, 396.816, 0
PixelHit 1267, 996, 479.908, 0
PixelHit 1267, 997, 198.808, 0
PixelHit 1267, 998, 63.0018, 0
PixelHit 1267, 999, 4.78042, 0
PixelHit 1267, 1000, 0.728488, 0
PixelHit 1268, 991, 3.72542, 0
PixelHit 1268, 992, 12.3581, 0
PixelHit 1268, 993, 26.4637, 0
PixelHit 1268, 994, 111.699, 0
PixelHit 1268, 995, 236.093, 0
PixelHit 1268, 996, 280.717, 0
PixelHit 1268, 997, 147.352, 0
PixelHit 1268, 998, 40.4681, 0
PixelHit 1268, 999, 4.58621, 0
PixelHit 1269, 990, 3.18613, 0
PixelHit 1269, 991, 8.86427, 0
PixelHit 1269, 992, 24.5377, 0
PixelHit 1269, 993, 32.4034, 0
PixelHit 1269, 994, 69.0846, 0
PixelHit 1269, 995, 71.6629, 0
PixelHit 1269, 996, 95.0347, 0
PixelHit 1269, 997, 60.5167, 0
PixelHit 1269, 998, 10.1903, 0
PixelHit 1269, 999, -0.35651, 0
PixelHit 1270, 989, 2.30345, 0
PixelHit 1270, 990, 5.14393, 0
PixelHit 1270, 991, 21.1761, 0
PixelHit 1270, 992, 29.1409, 0
PixelHit 1270, 993, 35.7563, 0
PixelHit 1270, 994, 36.3416, 0
PixelHit 1270, 995, 23.2483, 0
PixelHit 1270, 996, 15.2483, 0
PixelHit 1270, 997, 12.0209, 0
PixelHit 1271, 989, 1.31221, 0
PixelHit 1271, 990, 4.72803, 0
PixelHit 1271, 991, 18.1122, 0
PixelHit 1271, 992, 29.2954, 0
PixelHit 1271, 993, 26.3524, 0
PixelHit 1271, 994, 20.7477, 0
PixelHit 1271, 995, 7.86752, 0
PixelHit 1271, 996, 6.25442, 0
PixelHit 1271, 997, 1.49104, 0
PixelHit 1272, 990, 3.15926, 0
PixelHit 1272, 991, 8.5641, 0
PixelHit 1272, 992, 15.5128, 0
PixelHit 1272, 993, 9.93596, 0
PixelHit 1272, 994, 1.97618, 0
PixelHit 1273, 989, -0.346019, 0
PixelHit 1273, 990, 5.00062, 0
PixelHit 1273, 991, 1.8092, 0
PixelHit 1273, 992, 5.05782, 0
PixelHit 1274, 991, 1.02364, 0
PixelHit 1274, 993, 1.27193, 0
=== 53 ===
=== 54 ===
=== 55 ===
=== 56 ===
=== 57 ===
=== 58 ===
=== 59 ===
=== 60 ===
=== 61 ===
=== 62 ===
=== 63 ===
=== 64 ===
=== 65 ===
=== 66 ===
=== 67 ===
=== 68 ===
=== 69 ===
=== 70 ===
=== 71 ===
=== 72 ===
=== 73 ===
=== 74 ===
=== 75 ===
=== 76 ===
=== 77 ===
=== 78 ===
=== 79 ===
=== 80 ===
=== 81 ===
=== 82 ===
=== 83 ===
=== 84 ===
=== 85 ===
=== 86 ===
=== 87 ===
=== 88 ===
=== 89 ===
=== 90 ===
=== 91 ===
--- mydetector ---
PixelHit 1233, 1047, 3.1798, 0
PixelHit 1234, 1045, 3.76514, 0
PixelHit 1234, 1046, 32.8273, 0
PixelHit 1234, 1047, 4.70715, 0
PixelHit 1235, 1045, 25.5533, 0
PixelHit 1235, 1046, 40.0446, 0
PixelHit 1236, 1043, 5.80972, 0
PixelHit 1236, 1044, 9.83102, 0
PixelHit 1236, 1045, 15.7114, 0
PixelHit 1237, 1041, 4.90231, 0
PixelHit 1237, 1042, 38.0223, 0
PixelHit 1237, 1043, 32.0612, 0
PixelHit 1237, 1044, 9.03184, 0
PixelHit 1238, 1039, 1.15779, 0
PixelHit 1238, 1040, 8.64178, 0
PixelHit 1238, 1041, 33.9589, 0
PixelHit 1238, 1042, 67.8883, 0
PixelHit 1238, 1043, 18.4976, 0
PixelHit 1239, 1038, 4.26038, 0
PixelHit 1239, 1039, 9.32689, 0
PixelHit 1239, 1040, 35.0515, 0
PixelHit 1239, 1041, 48.7046, 0
PixelHit 1239, 1042, 18.4824, 0
PixelHit 1240, 1037, 11.2387, 0
PixelHit 1240, 1038, 43.5973, 0
PixelHit 1240, 1039, 56.763, 0
PixelHit 1240, 1040, 24.3554, 0
PixelHit 1240, 1041, 12.1436, 0
PixelHit 1240, 1042, 1.92073, 0
PixelHit 1241, 1035, 1.50179, 0
PixelHit 1241, 1036, 3.53776, 0
PixelHit 1241, 1037, 34.7885, 0
PixelHit 1241, 1038, 100.52, 0
PixelHit 1241, 1039, 85.7846, 0
PixelHit 1241, 1040, 12.8494, 0
PixelHit 1242, 1035, 11.3158, 0
PixelHit 1242, 1036, 26.4642, 0
PixelHit 1242, 1037, 32.6699, 0
PixelHit 1242, 1038, 26.3868, 0
PixelHit 1242, 1039, 11.2298, 0
PixelHit 1242, 1040, 3.65478, 0
PixelHit 1243, 1032, -0.0724883, 0
PixelHit 1243, 1034, 19.0387, 0
PixelHit 1243, 1035, 22.0962, 0
PixelHit 1243, 1036, 31.1442, 0
PixelHit 1243, 1037, 17.6553, 0
PixelHit 1243, 1038, 6.09694, 0
PixelHit 1244, 1030, 3.07854, 0
PixelHit 1244, 1032, 3.64855, 0
PixelHit 1244, 1033, 9.85461, 0
PixelHit 1244, 1034, 34.3932, 0
PixelHit 1244, 1035, 49.6237, 0
PixelHit 1244, 1036, 20.2678, 0
PixelHit 1244, 1037, 6.20237, 0
PixelHit 1244, 1038, 1.06462, 0
PixelHit 1245, 1031, 8.80262, 0
PixelHit 1245, 1032, 10.9869, 0
PixelHit 1245, 1033, 25.9682, 0
PixelHit 1245, 1034, 13.7052, 0
PixelHit 1245, 1035, 20.2698, 0
PixelHit 1245, 1036, 1.95662, 0
PixelHit 1246, 1029, 4.40085, 0
PixelHit 1246, 1030, 32.9746, 0
PixelHit 1246, 1031, 53.6397, 0
PixelHit 1246, 1032, 50.4598, 0
PixelHit 1246, 1033, 23.5156, 0
PixelHit 1246, 1034, 7.07906, 0
PixelHit 1246, 1035, 1.87556, 0
PixelHit 1247, 1027, 2.05124, 0
PixelHit 1247, 1028, 5.38507, 0
PixelHit 1247, 1029, 16.4662, 0
PixelHit 1247, 1030, 80.1889, 0
PixelHit 1247, 1031, 135.594, 0
PixelHit 1247, 1032, 65.4662, 0
PixelHit 1247, 1033, 22.507, 0
PixelHit 1248, 1028, 6.70275, 0
PixelHit 1248, 1029, 39.0924, 0
PixelHit 1248, 1030, 78.2549, 0
PixelHit 1248, 1031, 72.5511, 0
PixelHit 1248, 1032, 25.5488, 0
PixelHit 1248, 1033, 2.95631, 0
PixelHit 1249, 1024, 0.447849, 0
PixelHit 1249, 1025, 2.28667, 0
PixelHit 1249, 1026, 3.55898, 0
PixelHit 1249, 1027, 8.54157, 0
PixelHit 1249, 1028, 15.7476, 0
PixelHit 1249, 1029, 26.8426, 0
PixelHit 1249, 1030, 28.7689, 0
PixelHit 1249, 1031, 13.4712, 0
PixelHit 1249, 1032, 5.35285, 0
PixelHit 1249, 1033, 2.5462, 0
PixelHit 1250, 1025, 10.59, 0
PixelHit 1250, 1026, 13.1299, 0
PixelHit 1250, 1027, 20.8945, 0
PixelHit 1250, 1028, 11.5651, 0
PixelHit 1250, 1029, 9.73433, 0
PixelHit 1250, 1031, 0.445691, 0
PixelHit 1250, 1032, 0.426426, 0
PixelHit 1251, 1022, 3.38909, 0
PixelHit 1251, 1023, 3.59878, 0
PixelHit 1251, 1024, 12.8192, 0
PixelHit 1251, 1025, 30.7695, 0
PixelHit 1251, 1026, 17.7129, 0
PixelHit 1251, 1027, 18.6816, 0
PixelHit 1251, 1028, 8.05928, 0
PixelHit 1251, 1029, 2.884, 0
PixelHit 1252, 1021, 3.48881, 0
PixelHit 1252, 1022, 9.70007, 0
PixelHit 1252, 1023, 28.1253, 0
PixelHit 1252, 1024, 51.9874, 0
PixelHit 1252, 1025, 66.742, 0
PixelHit 1252, 1026, 29.7793, 0
PixelHit 1252, 1027, 12.332, 0
PixelHit 1252, 1028, 4.00198, 0
PixelHit 1253, 1018, 3.24071, 0
PixelHit 1253, 1019, 2.75277, 0
PixelHit 1253, 1020, 11.8265, 0
PixelHit 1253, 1021, 33.3617, 0
PixelHit 1253, 1022, 38.4896, 0
PixelHit 1253, 1023, 52.3115, 0
PixelHit 1253, 1024, 70.3483, 0
PixelHit 1253, 1025, 45.4526, 0
PixelHit 1253, 1026, 20.5713, 0
PixelHit 1253, 1027, 3.0265, 0
PixelHit 1254, 1019, 8.52198, 0
PixelHit 1254, 1020, 58.9975, 0
PixelHit 1254, 1021, 136.33, 0
PixelHit 1254, 1022, 134.126, 0
PixelHit 1254, 1023, 66.6946, 0
PixelHit 1254, 1024, 37.0538, 0
PixelHit 1254, 1025, 22.6403, 0
PixelHit 1254, 1026, 4.47255, 0
PixelHit 1255, 1018, 3.85974, 0
PixelHit 1255, 1019, 24.8019, 0
PixelHit 1255, 1020, 86.4809, 0
PixelHit 1255, 1021, 240.652, 0
PixelHit 1255, 1022, 188.012, 0
PixelHit 1255, 1023, 84.7233, 0
PixelHit 1255, 1024, 15.0317, 0
PixelHit 1255, 1026, 1.6887, 0
PixelHit 1255, 1027, 0.378719, 0
PixelHit 1256, 1017, 0.129804, 0
PixelHit 1256, 1018, 4.3788, 0
PixelHit 1256, 1019, 27.4757, 0
PixelHit 1256, 1020, 64.1876, 0
PixelHit 1256, 1021, 155.366, 0
PixelHit 1256, 1022, 114.368, 0
PixelHit 1256, 1023, 39.2015, 0
PixelHit 1256, 1024, 3.49124, 0
PixelHit 1256, 1025, 1.87023, 0
PixelHit 1256, 1026, 1.78246, 0
PixelHit 1257, 1015, 2.08668, 0
PixelHit 1257, 1017, 6.62974, 0
PixelHit 1257, 1018, 6.40188, 0
PixelHit 1257, 1019, 29.5656, 0
PixelHit 1257, 1020, 32.5814, 0
PixelHit 1257, 1021, 46.174, 0
PixelHit 1257, 1022, 39.3496, 0
PixelHit 1257, 1023, 18.701, 0
PixelHit 1257, 1024, 1.59568, 0
PixelHit 1258, 1013, 1.75123, 0
PixelHit 1258, 1014, 7.97091, 0
PixelHit 1258, 1015, 8.70405, 0
PixelHit 1258, 1016, 13.7409, 0
PixelHit 1258, 1017, 6.80828, 0
PixelHit 1258, 1018, 9.16839, 0
PixelHit 1258, 1019, 5.31936, 0
PixelHit 1258, 1020, 7.62311, 0
PixelHit 1258, 1021, 8.58938, 0
PixelHit 1258, 1022, 6.55784, 0
PixelHit 1258, 1023, 3.71445, 0
PixelHit 1259, 1011, 5.33102, 0
PixelHit 1259, 1012, 3.97397, 0
PixelHit 1259, 1013, 42.305, 0
PixelHit 1259, 1014, 80.9546, 0
PixelHit 1259, 1015, 68.4801, 0
PixelHit 1259, 1016, 25.3124, 0
PixelHit 1259, 1017, 9.55862, 0
PixelHit 1259, 1018, 2.67041, 0
PixelHit 1259, 1019, 4.4451, 0
PixelHit 1259, 1021, 1.68326, 0
PixelHit 1260, 1011, 4.63564, 0
PixelHit 1260, 1012, 29.0928, 0
PixelHit 1260, 1013, 120.181, 0
PixelHit 1260, 1014, 227.658, 0
PixelHit 1260, 1015, 205.781, 0
PixelHit 1260, 1016, 71.1222, 0
PixelHit 1260, 1017, 19.4906, 0
PixelHit 1260, 1019, 2.42793, 0
PixelHit 1260, 1020, 2.23153, 0
PixelHit 1261, 1010, 1.87254, 0
PixelHit 1261, 1011, 7.8544, 0
PixelHit 1261, 1012, 66.3654, 0
PixelHit 1261, 1013, 167.315, 0
PixelHit 1261, 1014, 337.052, 0
PixelHit 1261, 1015, 281.553, 0
PixelHit 1261, 1016, 113.565, 0
PixelHit 1261, 1017, 26.1217, 0
PixelHit 1261, 1018, 6.87129, 0
PixelHit 1262, 1010, 6.62813, 0
PixelHit 1262, 1011, 17.018, 0
PixelHit 1262, 1012, 50.6766, 0
PixelHit 1262, 1013, 140.41, 0
PixelHit 1262, 1014, 232.64, 0
PixelHit 1262, 1015, 194.477, 0
PixelHit 1262, 1016, 82.3842, 0
PixelHit 1262, 1017, 6.99825, 0
PixelHit 1263, 1009, 2.25749, 0
PixelHit 1263, 1010, 4.72869, 0
PixelHit 1263, 1011, 17.9318, 0
PixelHit 1263, 1012, 32.2234, 0
PixelHit 1263, 1013, 60.2204, 0
PixelHit 1263, 1014, 66.7164, 0
PixelHit 1263, 1015, 73.4187, 0
PixelHit 1263, 1016, 21.504, 0
PixelHit 1263, 1017, 6.14063, 0
PixelHit 1264, 1009, 2.3895, 0
PixelHit 1264, 1010, 9.0446, 0
PixelHit 1264, 1011, 17.6731, 0
PixelHit 1264, 1012, 24.4865, 0
PixelHit 1264, 1013, 13.7789, 0
PixelHit 1264, 1014, 13.9078, 0
PixelHit 1264, 1015, 11.0579, 0
PixelHit 1264, 1016, 6.92284, 0
PixelHit 1264, 1023, 8.46121, 0
PixelHit 1264, 1024, 46.6051, 0
PixelHit 1265, 1009, 5.43032, 0
PixelHit 1265, 1011, 7.12614, 0
PixelHit 1265, 1012, 2.47262, 0
PixelHit 1265, 1013, 3.41169, 0
PixelHit 1265, 1016, 1.83647, 0
PixelHit 1265, 1021, 2.1025, 0
PixelHit 1265, 1022, 42.6196, 0
PixelHit 1265, 1023, 70.9128, 0
PixelHit 1265, 1024, 3.47974, 0
PixelHit 1266, 1011, 4.13358, 0
PixelHit 1266, 1012, 2.20611, 0
PixelHit 1266, 1020, 7.30218, 0
PixelHit 1266, 1021, 42.8946, 0
PixelHit 1266, 1022, 110.058, 0
PixelHit 1266, 1023, 18.2464, 0
PixelHit 1267, 1019, 5.38489, 0
PixelHit 1267, 1020, 29.0739, 0
PixelHit 1267, 1021, 18.7831, 0
PixelHit 1267, 1022, 8.66116, 0
PixelHit 1268, 1018, 12.3705, 0
PixelHit 1268, 1019, 15.0563, 0
PixelHit 1268, 1020, 21.968, 0
PixelHit 1268, 1021, 8.75214, 0
PixelHit 1269, 1016, 7.16659, 0
PixelHit 1269, 1017, 33.0118, 0
PixelHit 1269, 1018, 43.2421, 0
PixelHit 1269, 1019, 16.1598, 0
PixelHit 1270, 1014, 1.45766, 0
PixelHit 1270, 1015, 13.4775, 0
PixelHit 1270, 1016, 56.9584, 0
PixelHit 1270, 1017, 70.437, 0
PixelHit 1270, 1018, 29.5351, 0
PixelHit 1270, 1019, 0.95743, 0
PixelHit 1270, 1020, 0.00146855, 0
PixelHit 1271, 1014, 8.37929, 0
PixelHit 1271, 1015, 61.3013, 0
PixelHit 1271, 1016, 103.231, 0
PixelHit 1271, 1017, 33.4324, 0
PixelHit 1271, 1018, 2.55556, 0
PixelHit 1272, 1012, 2.98976, 0
PixelHit 1272, 1013, 6.69338, 0
PixelHit 1272, 1014, 26.2723, 0
PixelHit 1272, 1015, 45.4086, 0
PixelHit 1272, 1016, 31.0845, 0
PixelHit 1273, 1012, 12.0301, 0
PixelHit 1273, 1013, 8.16417, 0
PixelHit 1273, 1014, 18.356, 0
PixelHit 1273, 1015, 9.73768, 0
PixelHit 1273, 1016, 1.13918, 0
PixelHit 1274, 1010, 1.78886, 0
PixelHit 1274, 1011, 9.79078, 0
PixelHit 1274, 1012, 21.4687, 0
PixelHit 1274, 1013, 11.1193, 0
PixelHit 1275, 1008, 3.03413, 0
PixelHit 1275, 1009, 4.02778, 0
PixelHit 1275, 1010, 8.45553, 0
PixelHit 1275, 1011, 4.22929, 0
PixelHit 1275, 1012, 7.33559, 0
PixelHit 1275, 1013, 6.17572, 0
PixelHit 1275, 1014, 2.40945, 0
PixelHit 1276, 1006, 5.98122, 0
PixelHit 1276, 1007, 16.6745, 0
PixelHit 1276, 1008, 30.0716, 0
PixelHit 1276, 1009, 21.9704, 0
PixelHit 1276, 1010, 14.5207, 0
PixelHit 1276, 1011, 6.37893, 0
PixelHit 1276, 1012, 2.017, 0
PixelHit 1277, 1005, 2.58052, 0
PixelHit 1277, 1006, 15.5939, 0
PixelHit 1277, 1007, 64.7834, 0
PixelHit 1277, 1008, 98.5886, 0
PixelHit 1277, 1009, 38.5102, 0
PixelHit 1277, 1010, 13.1343, 0
PixelHit 1277, 1011, 1.45831, 0
PixelHit 1278, 1005, 4.2341, 0
PixelHit 1278, 1006, 15.0017, 0
PixelHit 1278, 1007, 82.4068, 0
PixelHit 1278, 1008, 114.015, 0
PixelHit 1278, 1009, 51.5363, 0
PixelHit 1278, 1010, 8.36644, 0
PixelHit 1279, 1004, 10.8365, 0
PixelHit 1279, 1005, 11.6297, 0
PixelHit 1279, 1006, 8.69943, 0
PixelHit 1279, 1007, 28.3599, 0
PixelHit 1279, 1008, 28.1437, 0
PixelHit 1279, 1009, 10.3775, 0
PixelHit 1280, 1003, 9.1616, 0
PixelHit 1280, 1004, 22.0416, 0
PixelHit 1280, 1005, 18.5097, 0
PixelHit 1280, 1006, 8.11212, 0
PixelHit 1280, 1007, 3.00297, 0
PixelHit 1280, 1008, 1.40465, 0
PixelHit 1280, 1009, 4.90711, 0
PixelHit 1280, 1010, 2.25339, 0
PixelHit 1281, 1001, 3.96177, 0
PixelHit 1281, 1002, 8.03176, 0
PixelHit 1281, 1003, 14.6366, 0
PixelHit 1281, 1004, 21.8333, 0
PixelHit 1281, 1005, 14.227, 0
PixelHit 1281, 1006, 10.0304, 0
PixelHit 1281, 1007, 3.59295, 0
PixelHit 1282, 998, 2.92132, 0
PixelHit 1282, 1000, 7.43929, 0
PixelHit 1282, 1001, 6.75039, 0
PixelHit 1282, 1002, 15.3095, 0
PixelHit 1282, 1003, 16.5439, 0
PixelHit 1282, 1004, 14.4743, 0
PixelHit 1282, 1005, 5.70214, 0
PixelHit 1282, 1006, 2.56939, 0
PixelHit 1283, 997, 2.05375, 0
PixelHit 1283, 998, 5.81363, 0
PixelHit 1283, 999, 6.70599, 0
PixelHit 1283, 1000, 11.204, 0
PixelHit 1283, 1001, 14.7874, 0
PixelHit 1283, 1002, 14.7766, 0
PixelHit 1283, 1003, 2.78918, 0
PixelHit 1283, 1004, 1.6154, 0
PixelHit 1284, 997, 10.205, 0
PixelHit 1284, 998, 34.5019, 0
PixelHit 1284, 999, 32.3826, 0
PixelHit 1284, 1000, 25.8963, 0
PixelHit 1284, 1001, 10.898, 0
PixelHit 1284, 1002, 5.27937, 0
PixelHit 1284, 1003, 4.53956, 0
PixelHit 1285, 994, 1.08022, 0
PixelHit 1285, 995, 7.62934, 0
PixelHit 1285, 996, 2.317, 0
PixelHit 1285, 997, 27.2988, 0
PixelHit 1285, 998, 54.3069, 0
PixelHit 1285, 999, 58.9268, 0
PixelHit 1285, 1000, 34.4796, 0
PixelHit 1285, 1001, 11.101, 0
PixelHit 1285, 1002, 4.14532, 0
PixelHit 1285, 1003, 0.495066, 0
PixelHit 1286, 994, 3.28897, 0
PixelHit 1286, 995, 11.3247, 0
PixelHit 1286, 996, 44.9148, 0
PixelHit 1286, 997, 73.5258, 0
PixelHit 1286, 998, 50.4895, 0
PixelHit 1286, 999, 73.2633, 0
PixelHit 1286, 1000, 30.3933, 0
PixelHit 1286, 1001, 6.3133, 0
PixelHit 1287, 992, 4.35342, 0
PixelHit 1287, 993, 0.906315, 0
PixelHit 1287, 994, 9.06033, 0
PixelHit 1287, 995, 25.8478, 0
PixelHit 1287, 996, 42.346, 0
PixelHit 1287, 997, 78.1723, 0
PixelHit 1287, 998, 46.8648, 0
PixelHit 1287, 999, 21.0257, 0
PixelHit 1287, 1000, 8.06686, 0
PixelHit 1287, 1002, 2.41839, 0
PixelHit 1288, 993, 11.5762, 0
PixelHit 1288, 994, 20.1892, 0
PixelHit 1288, 995, 34.3476, 0
PixelHit 1288, 996, 25.4404, 0
PixelHit 1288, 997, 37.1964, 0
PixelHit 1288, 998, 27.0807, 0
PixelHit 1288, 999, 8.704, 0
PixelHit 1288, 1000, 4.52919, 0
PixelHit 1288, 1001, 1.79307, 0
PixelHit 1289, 990, 1.84709, 0
PixelHit 1289, 991, 3.12149, 0
PixelHit 1289, 992, 9.81566, 0
PixelHit 1289, 993, 18.5052, 0
PixelHit 1289, 994, 13.4661, 0
PixelHit 1289, 995, 24.8621, 0
PixelHit 1289, 996, 15.9577, 0
PixelHit 1289, 997, 7.58755, 0
PixelHit 1289, 998, 1.54544, 0
PixelHit 1290, 988, 1.65641, 0
PixelHit 1290, 989, 4.40646, 0
PixelHit 1290, 990, 9.57307, 0
PixelHit 1290, 991, 14.296, 0
PixelHit 1290, 992, 16.7585, 0
PixelHit 1290, 993, 11.2216, 0
PixelHit 1290, 994, 15.3146, 0
PixelHit 1290, 995, 16.0338, 0
PixelHit 1290, 996, 11.5177, 0
PixelHit 1291, 988, 5.40365, 0
PixelHit 1291, 989, 22.9224, 0
PixelHit 1291, 990, 32.1881, 0
PixelHit 1291, 991, 27.3065, 0
PixelHit 1291, 992, 22.6025, 0
PixelHit 1291, 993, 20.6298, 0
PixelHit 1291, 994, 8.18641, 0
PixelHit 1291, 995, 8.16204, 0
PixelHit 1291, 996, 0.860724, 0
PixelHit 1292, 987, 0.983459, 0
PixelHit 1292, 988, 13.7737, 0
PixelHit 1292, 989, 41.2526, 0
PixelHit 1292, 990, 54.1684, 0
PixelHit 1292, 991, 58.5058, 0
PixelHit 1292, 992, 22.5224, 0
PixelHit 1292, 993, 12.0291, 0
PixelHit 1292, 996, 0.766347, 0
PixelHit 1292, 997, 1.76535, 0
PixelHit 1293, 987, 6.75761, 0
PixelHit 1293, 988, 18.2999, 0
PixelHit 1293, 989, 47.5242, 0
PixelHit 1293, 990, 80.0658, 0
PixelHit 1293, 991, 45.1879, 0
PixelHit 1293, 992, 12.4733, 0
PixelHit 1293, 993, 7.20051, 0
PixelHit 1293, 994, 1.2121, 0
PixelHit 1294, 986, 2.9546, 0
PixelHit 1294, 987, 6.48085, 0
PixelHit 1294, 988, 20.7531, 0
PixelHit 1294, 989, 31.0506, 0
PixelHit 1294, 990, 31.7743, 0
PixelHit 1294, 991, 29.4739, 0
PixelHit 1294, 992, 9.69224, 0
PixelHit 1294, 993, 3.06403, 0
PixelHit 1295, 986, 3.86428, 0
PixelHit 1295, 987, 4.18933, 0
PixelHit 1295, 988, 12.2705, 0
PixelHit 1295, 989, 4.95583, 0
PixelHit 1295, 990, 6.75401, 0
PixelHit 1295, 991, 6.92838, 0
PixelHit 1295, 992, 4.46929, 0
PixelHit 1296, 986, 0.891233, 0
PixelHit 1296, 987, 5.80232, 0
PixelHit 1296, 988, 7.16153, 0
PixelHit 1296, 989, 5.84911, 0
PixelHit 1296, 990, 1.44449, 0
=== 92 ===
=== 93 ===
=== 94 ===
=== 95 ===
=== 96 ===
=== 97 ===
=== 98 ===
=== 99 ===
=== 100 ===
# 1310 objects from 3 messages
