# Allpix Squared ASCII data - https://cern.ch/allpix-squared

=== 1 ===
=== 2 ===
=== 3 ===
=== 4 ===
=== 5 ===
=== 6 ===
=== 7 ===
=== 8 ===
=== 9 ===
=== 10 ===
=== 11 ===
=== 12 ===
=== 13 ===
=== 14 ===
=== 15 ===
=== 16 ===
=== 17 ===
=== 18 ===
=== 19 ===
=== 20 ===
=== 21 ===
=== 22 ===
--- mydetector ---
PixelHit 1296, 950, 3.30991, 0
PixelHit 1296, 951, 28.4613, 0
PixelHit 1296, 952, 19.2641, 0
PixelHit 1297, 948, 2.23439, 0
PixelHit 1297, 949, 24.1022, 0
PixelHit 1297, 950, 43.5069, 0
PixelHit 1297, 951, 69.9621, 0
PixelHit 1297, 952, 33.2386, 0
PixelHit 1298, 946, 3.87684, 0
PixelHit 1298, 947, 11.9482, 0
PixelHit 1298, 948, 44.3678, 0
PixelHit 1298, 949, 95.9772, 0
PixelHit 1298, 950, 87.3588, 0
PixelHit 1298, 951, 25.5779, 0
PixelHit 1299, 945, 1.37025, 0
PixelHit 1299, 946, 14.8443, 0
PixelHit 1299, 947, 27.9957, 0
PixelHit 1299, 948, 80.2076, 0
PixelHit 1299, 949, 96.4609, 0
PixelHit 1299, 950, 40.2668, 0
PixelHit 1299, 951, 6.45824, 0
PixelHit 1300, 942, 0.720728, 0
PixelHit 1300, 943, 0.922519, 0
PixelHit 1300, 944, 3.43422, 0
PixelHit 1300, 945, 16.6388, 0
PixelHit 1300, 946, 40.8294, 0
PixelHit 1300, 947, 51.8358, 0
PixelHit 1300, 948, 74.4618, 0
PixelHit 1300, 949, 37.2392, 0
PixelHit 1300, 950, 8.93652, 0
PixelHit 1301, 942, 3.76753, 0
PixelHit 1301, 943, 3.99915, 0
PixelHit 1301, 944, 18.8596, 0
PixelHit 1301, 945, 33.1962, 0
PixelHit 1301, 946, 45.1081, 0
PixelHit 1301, 947, 41.9651, 0
PixelHit 1301, 948, 29.1617, 0
PixelHit 1301, 949, 11.3973, 0
PixelHit 1301, 950, 1.30526, 0
PixelHit 1302, 942, 10.1709, 0
PixelHit 1302, 943, 15.0863, 0
PixelHit 1302, 944, 26.4975, 0
PixelHit 1302, 945, 29.0166, 0
PixelHit 1302, 946, 40.4174, 0
PixelHit 1302, 947, 18.294, 0
PixelHit 1302, 948, 6.94602, 0
PixelHit 1303, 940, 2.47978, 0
PixelHit 1303, 941, 1.72281, 0
PixelHit 1303, 942, 10.6538, 0
PixelHit 1303, 943, 28.1918, 0
PixelHit 1303, 944, 31.8093, 0
PixelHit 1303, 945, 24.4907, 0
PixelHit 1303, 946, 11.8951, 0
PixelHit 1303, 947, 3.36798, 0
PixelHit 1304, 941, 9.30332, 0
PixelHit 1304, 942, 17.5409, 0
PixelHit 1304, 943, 17.8627, 0
PixelHit 1304, 944, 21.8879, 0
PixelHit 1304, 945, 17.9654, 0
PixelHit 1304, 946, 4.07308, 0
PixelHit 1305, 942, 15.0551, 0
PixelHit 1305, 943, 16.8999, 0
PixelHit 1305, 944, 6.72432, 0
PixelHit 1305, 945, 4.31211, 0
PixelHit 1305, 946, 2.26219, 0
PixelHit 1306, 941, 4.37076, 0
PixelHit 1306, 942, 1.70236, 0
PixelHit 1306, 943, 8.77954, 0
PixelHit 1306, 945, 2.16189, 0
PixelHit 1307, 942, 2.698, 0
=== 23 ===
=== 24 ===
=== 25 ===
=== 26 ===
=== 27 ===
--- mydetector ---
PixelHit 1286, 964, 1.34968, 0
PixelHit 1286, 965, 1.24857, 0
PixelHit 1287, 962, 6.29644, 0
PixelHit 1287, 963, 22.4592, 0
PixelHit 1287, 964, 46.2743, 0
PixelHit 1287, 965, 8.06538, 0
PixelHit 1288, 961, 10.6993, 0
PixelHit 1288, 962, 60.9178, 0
PixelHit 1288, 963, 105.565, 0
PixelHit 1288, 964, 24.9649, 0
PixelHit 1288, 965, 2.91186, 0
PixelHit 1289, 958, 1.88005, 0
PixelHit 1289, 959, 11.978, 0
PixelHit 1289, 960, 26.6876, 0
PixelHit 1289, 961, 46.6411, 0
PixelHit 1289, 962, 84.7529, 0
PixelHit 1289, 963, 46.5406, 0
PixelHit 1289, 964, 7.11998, 0
PixelHit 1290, 958, 10.8823, 0
PixelHit 1290, 959, 55.6421, 0
PixelHit 1290, 960, 63.3591, 0
PixelHit 1290, 961, 70.6843, 0
PixelHit 1290, 962, 33.1068, 0
PixelHit 1290, 963, 6.45702, 0
PixelHit 1291, 955, 0.891185, 0
PixelHit 1291, 957, 9.52344, 0
PixelHit 1291, 958, 40.385, 0
PixelHit 1291, 959, 70.6798, 0
PixelHit 1291, 960, 86.4908, 0
PixelHit 1291, 961, 59.3248, 0
PixelHit 1291, 962, 12.5836, 0
PixelHit 1292, 952, 3.04785, 0
PixelHit 1292, 953, 6.97022, 0
PixelHit 1292, 954, 10.0041, 0
PixelHit 1292, 955, 12.4093, 0
PixelHit 1292, 956, 8.78448, 0
PixelHit 1292, 957, 26.3235, 0
PixelHit 1292, 958, 43.6763, 0
PixelHit 1292, 959, 43.6503, 0
PixelHit 1292, 960, 49.9092, 0
PixelHit 1292, 961, 14.2128, 0
PixelHit 1292, 962, 1.46654, 0
PixelHit 1293, 953, 3.929, 0
PixelHit 1293, 954, 31.9533, 0
PixelHit 1293, 955, 37.5691, 0
PixelHit 1293, 956, 37.8911, 0
PixelHit 1293, 957, 26.8085, 0
PixelHit 1293, 958, 26.808, 0
PixelHit 1293, 959, 14.3605, 0
PixelHit 1293, 960, 9.29165, 0
PixelHit 1293, 961, 4.04892, 0
PixelHit 1294, 952, 5.86405, 0
PixelHit 1294, 953, 41.4064, 0
PixelHit 1294, 954, 91.4277, 0
PixelHit 1294, 955, 93.0689, 0
PixelHit 1294, 956, 76.2691, 0
PixelHit 1294, 957, 26.2297, 0
PixelHit 1294, 958, 8.71259, 0
PixelHit 1294, 959, 2.13322, 0
PixelHit 1295, 952, 19.8634, 0
PixelHit 1295, 953, 56.7117, 0
PixelHit 1295, 954, 138.544, 0
PixelHit 1295, 955, 128.256, 0
PixelHit 1295, 956, 75.0159, 0
PixelHit 1295, 957, 23.9475, 0
PixelHit 1295, 958, 12.75, 0
PixelHit 1296, 951, 2.34594, 0
PixelHit 1296, 952, 5.87694, 0
PixelHit 1296, 953, 39.5198, 0
PixelHit 1296, 954, 82.1436, 0
PixelHit 1296, 955, 68.6767, 0
PixelHit 1296, 956, 61.473, 0
PixelHit 1296, 957, 13.36, 0
PixelHit 1296, 958, 2.97031, 0
PixelHit 1297, 952, 2.38514, 0
PixelHit 1297, 953, 15.2006, 0
PixelHit 1297, 954, 28.8587, 0
PixelHit 1297, 955, 36.6799, 0
PixelHit 1297, 956, 13.3903, 0
PixelHit 1297, 957, 2.04825, 0
PixelHit 1298, 952, 2.79095, 0
PixelHit 1298, 953, 1.29376, 0
PixelHit 1298, 954, 5.98106, 0
PixelHit 1298, 955, 4.37724, 0
PixelHit 1298, 956, 7.75633, 0
PixelHit 1299, 955, 1.76169, 0
PixelHit 1299, 957, 1.71038, 0
PixelHit 1305, 982, 1.53829, 0
PixelHit 1305, 983, 18.8693, 0
PixelHit 1305, 984, 64.5546, 0
PixelHit 1305, 985, 1.13254, 0
PixelHit 1306, 980, 7.97323, 0
PixelHit 1306, 981, 10.4489, 0
PixelHit 1306, 982, 50.1402, 0
PixelHit 1306, 983, 97.8293, 0
PixelHit 1306, 984, 42.7123, 0
PixelHit 1307, 978, 2.72122, 0
PixelHit 1307, 979, 25.6917, 0
PixelHit 1307, 980, 79.6503, 0
PixelHit 1307, 981, 91.8421, 0
PixelHit 1307, 982, 58.9584, 0
PixelHit 1307, 983, 29.6984, 0
PixelHit 1308, 977, 3.0829, 0
PixelHit 1308, 978, 8.64271, 0
PixelHit 1308, 979, 83.0871, 0
PixelHit 1308, 980, 262.573, 0
PixelHit 1308, 981, 213.268, 0
PixelHit 1308, 982, 39.4723, 0
PixelHit 1308, 983, 2.09478, 0
PixelHit 1309, 976, 6.66557, 0
PixelHit 1309, 977, 6.94495, 0
PixelHit 1309, 978, 13.6174, 0
PixelHit 1309, 979, 78.7976, 0
PixelHit 1309, 980, 187.662, 0
PixelHit 1309, 981, 123.583, 0
PixelHit 1309, 982, 15.1069, 0
PixelHit 1309, 983, 3.53373, 0
PixelHit 1310, 974, 1.97945, 0
PixelHit 1310, 975, 8.82583, 0
PixelHit 1310, 976, 26.2408, 0
PixelHit 1310, 977, 19.2811, 0
PixelHit 1310, 978, 16.3362, 0
PixelHit 1310, 979, 22.9762, 0
PixelHit 1310, 980, 28.469, 0
PixelHit 1310, 981, 13.6973, 0
PixelHit 1310, 982, 2.88074, 0
PixelHit 1311, 972, 1.20126, 0
PixelHit 1311, 973, 1.44583, 0
PixelHit 1311, 974, 16.7095, 0
PixelHit 1311, 975, 33.3857, 0
PixelHit 1311, 976, 57.8418, 0
PixelHit 1311, 977, 44.1941, 0
PixelHit 1311, 978, 37.0028, 0
PixelHit 1311, 979, 11.0576, 0
PixelHit 1312, 971, 2.27374, 0
PixelHit 1312, 972, 2.58961, 0
PixelHit 1312, 973, 14.2437, 0
PixelHit 1312, 974, 27.2525, 0
PixelHit 1312, 975, 60.8898, 0
PixelHit 1312, 976, 54.869, 0
PixelHit 1312, 977, 49.1275, 0
PixelHit 1312, 978, 20.8341, 0
PixelHit 1312, 979, 4.23216, 0
PixelHit 1313, 972, 5.58391, 0
PixelHit 1313, 973, 13.5977, 0
PixelHit 1313, 974, 37.6964, 0
PixelHit 1313, 975, 55.8851, 0
PixelHit 1313, 976, 39.4503, 0
PixelHit 1313, 977, 14.2095, 0
PixelHit 1313, 978, 1.78081, 0
PixelHit 1314, 972, 8.84083, 0
PixelHit 1314, 973, 21.7494, 0
PixelHit 1314, 974, 34.7934, 0
PixelHit 1314, 975, 32.1666, 0
PixelHit 1314, 976, 21.0154, 0
PixelHit 1314, 977, 9.61222, 0
PixelHit 1314, 978, 2.49092, 0
PixelHit 1315, 972, 2.28859, 0
PixelHit 1315, 973, 5.84883, 0
PixelHit 1315, 974, 12.7835, 0
PixelHit 1315, 975, 9.91748, 0
PixelHit 1315, 976, 3.51694, 0
PixelHit 1315, 977, 3.35066, 0
PixelHit 1315, 978, 1.46023, 0
PixelHit 1316, 970, 1.55039, 0
PixelHit 1316, 975, 0.92961, 0
=== 28 ===
=== 29 ===
=== 30 ===
=== 31 ===
=== 32 ===
=== 33 ===
=== 34 ===
=== 35 ===
=== 36 ===
=== 37 ===
=== 38 ===
=== 39 ===
=== 40 ===
=== 41 ===
=== 42 ===
=== 43 ===
=== 44 ===
=== 45 ===
=== 46 ===
=== 47 ===
=== 48 ===
=== 49 ===
=== 50 ===
=== 51 ===
=== 52 ===
=== 53 ===
=== 54 ===
=== 55 ===
=== 56 ===
=== 57 ===
=== 58 ===
=== 59 ===
=== 60 ===
=== 61 ===
=== 62 ===
=== 63 ===
=== 64 ===
=== 65 ===
=== 66 ===
=== 67 ===
=== 68 ===
=== 69 ===
=== 70 ===
=== 71 ===
=== 72 ===
=== 73 ===
=== 74 ===
=== 75 ===
=== 76 ===
=== 77 ===
=== 78 ===
=== 79 ===
=== 80 ===
=== 81 ===
=== 82 ===
=== 83 ===
=== 84 ===
=== 85 ===
=== 86 ===
=== 87 ===
=== 88 ===
=== 89 ===
=== 90 ===
=== 91 ===
=== 92 ===
=== 93 ===
=== 94 ===
=== 95 ===
--- mydetector ---
PixelHit 1282, 979, 4.6624, 0
PixelHit 1283, 975, 5.50426, 0
PixelHit 1283, 976, 3.55368, 0
PixelHit 1283, 977, 3.45489, 0
PixelHit 1283, 978, 38.2968, 0
PixelHit 1283, 979, 91.716, 0
PixelHit 1283, 980, 5.45025, 0
PixelHit 1284, 974, 8.2646, 0
PixelHit 1284, 975, 57.637, 0
PixelHit 1284, 976, 130.632, 0
PixelHit 1284, 977, 87.8353, 0
PixelHit 1284, 978, 46.1085, 0
PixelHit 1284, 979, 17.1256, 0
PixelHit 1285, 973, 4.45426, 0
PixelHit 1285, 974, 32.4484, 0
PixelHit 1285, 975, 271.189, 0
PixelHit 1285, 976, 523.863, 0
PixelHit 1285, 977, 193.033, 0
PixelHit 1285, 978, 16.8961, 0
PixelHit 1286, 972, 1.91912, 0
PixelHit 1286, 973, 12.1548, 0
PixelHit 1286, 974, 55.9243, 0
PixelHit 1286, 975, 251.286, 0
PixelHit 1286, 976, 404.42, 0
PixelHit 1286, 977, 137.602, 0
PixelHit 1286, 978, 10.0419, 0
PixelHit 1287, 970, 6.38087, 0
PixelHit 1287, 971, 7.55998, 0
PixelHit 1287, 972, 22.4467, 0
PixelHit 1287, 973, 45.5344, 0
PixelHit 1287, 974, 78.8922, 0
PixelHit 1287, 975, 91.7432, 0
PixelHit 1287, 976, 89.3889, 0
PixelHit 1287, 977, 12.9166, 0
PixelHit 1288, 970, 13.0308, 0
PixelHit 1288, 971, 27.9384, 0
PixelHit 1288, 972, 44.4916, 0
PixelHit 1288, 973, 59.4277, 0
PixelHit 1288, 974, 54.5391, 0
PixelHit 1288, 975, 21.7908, 0
PixelHit 1288, 976, 6.83942, 0
PixelHit 1289, 967, 1.8185, 0
PixelHit 1289, 968, 1.65857, 0
PixelHit 1289, 969, 11.2374, 0
PixelHit 1289, 970, 32.4012, 0
PixelHit 1289, 971, 47.2545, 0
PixelHit 1289, 972, 55.9436, 0
PixelHit 1289, 973, 32.8781, 0
PixelHit 1289, 974, 19.9635, 0
PixelHit 1289, 975, 7.11316, 0
PixelHit 1290, 967, 3.31216, 0
PixelHit 1290, 968, 4.72206, 0
PixelHit 1290, 969, 27.0474, 0
PixelHit 1290, 970, 40.0438, 0
PixelHit 1290, 971, 68.3467, 0
PixelHit 1290, 972, 36.6854, 0
PixelHit 1290, 973, 18.4375, 0
PixelHit 1290, 974, 5.51082, 0
PixelHit 1290, 975, -0.663434, 0
PixelHit 1291, 967, 4.38588, 0
PixelHit 1291, 968, 5.06548, 0
PixelHit 1291, 969, 23.1609, 0
PixelHit 1291, 970, 30.2705, 0
PixelHit 1291, 971, 39.2986, 0
PixelHit 1291, 972, 17.8442, 0
PixelHit 1291, 973, 2.63605, 0
PixelHit 1292, 968, 6.15995, 0
PixelHit 1292, 969, 12.7939, 0
PixelHit 1292, 970, 23.8316, 0
PixelHit 1292, 971, 14.3375, 0
PixelHit 1292, 972, 1.6659, 0
PixelHit 1293, 967, 0.171692, 0
PixelHit 1293, 968, 6.49182, 0
PixelHit 1293, 969, 3.87572, 0
PixelHit 1293, 970, 5.96398, 0
PixelHit 1293, 971, 1.47115, 0
PixelHit 1294, 969, 2.49391, 0
PixelHit 1306, 973, 1.95407, 0
PixelHit 1306, 974, 5.3414, 0
PixelHit 1306, 975, 12.6335, 0
PixelHit 1306, 976, 90.5991, 0
PixelHit 1306, 977, 50.722, 0
PixelHit 1307, 973, 14.1768, 0
PixelHit 1307, 974, 74.2744, 0
PixelHit 1307, 975, 170.56, 0
PixelHit 1307, 976, 98.3545, 0
PixelHit 1307, 977, 4.86867, 0
PixelHit 1308, 972, 9.12227, 0
PixelHit 1308, 973, 39.3784, 0
PixelHit 1308, 974, 138.256, 0
PixelHit 1308, 975, 131.166, 0
PixelHit 1308, 976, 21.4032, 0
PixelHit 1309, 967, 2.1108, 0
PixelHit 1309, 970, 1.73722, 0
PixelHit 1309, 971, 10.1466, 0
PixelHit 1309, 972, 23.2352, 0
PixelHit 1309, 973, 57.5004, 0
PixelHit 1309, 974, 60.1716, 0
PixelHit 1309, 975, 23.439, 0
PixelHit 1310, 967, 2.55881, 0
PixelHit 1310, 968, 2.01679, 0
PixelHit 1310, 969, 9.1067, 0
PixelHit 1310, 970, 15.6904, 0
PixelHit 1310, 971, 13.2317, 0
PixelHit 1310, 972, 24.2592, 0
PixelHit 1310, 973, 30.2235, 0
PixelHit 1310, 974, 16.4404, 0
PixelHit 1311, 965, 2.47212, 0
PixelHit 1311, 967, 3.10787, 0
PixelHit 1311, 968, 14.9947, 0
PixelHit 1311, 969, 34.5178, 0
PixelHit 1311, 970, 28.0024, 0
PixelHit 1311, 971, 15.3472, 0
PixelHit 1311, 972, 10.2434, 0
PixelHit 1311, 973, 8.98125, 0
PixelHit 1311, 974, 2.65916, 0
PixelHit 1312, 965, 2.35945, 0
PixelHit 1312, 966, 10.1675, 0
PixelHit 1312, 967, 13.1178, 0
PixelHit 1312, 968, 27.569, 0
PixelHit 1312, 969, 50.1115, 0
PixelHit 1312, 970, 40.0739, 0
PixelHit 1312, 971, 15.1654, 0
PixelHit 1312, 972, 3.44401, 0
PixelHit 1312, 973, 0.922334, 0
PixelHit 1313, 964, 1.96873, 0
PixelHit 1313, 966, 7.76834, 0
PixelHit 1313, 967, 11.881, 0
PixelHit 1313, 968, 48.9598, 0
PixelHit 1313, 969, 41.9976, 0
PixelHit 1313, 970, 27.3034, 0
PixelHit 1313, 971, 9.33059, 0
PixelHit 1313, 972, 4.21621, 0
PixelHit 1314, 965, 1.48148, 0
PixelHit 1314, 966, 9.43302, 0
PixelHit 1314, 967, 18.1551, 0
PixelHit 1314, 968, 26.0373, 0
PixelHit 1314, 969, 24.8061, 0
PixelHit 1314, 970, 16.6536, 0
PixelHit 1314, 971, 1.7507, 0
PixelHit 1314, 972, 1.69571, 0
PixelHit 1315, 965, 4.41097, 0
PixelHit 1315, 966, 11.1616, 0
PixelHit 1315, 967, 7.30893, 0
PixelHit 1315, 968, 9.72893, 0
PixelHit 1315, 969, 7.90764, 0
PixelHit 1315, 970, 3.80442, 0
PixelHit 1316, 965, 2.09768, 0
PixelHit 1317, 967, 1.06177, 0
PixelHit 1317, 970, 0.784636, 0
PixelHit 1318, 963, 1.31807, 0
PixelHit 1318, 965, 1.3236, 0
=== 96 ===
=== 97 ===
=== 98 ===
=== 99 ===
=== 100 ===
# 388 objects from 3 messages
