# Allpix Squared ASCII data - https://cern.ch/allpix-squared

=== 1 ===
=== 2 ===
=== 3 ===
=== 4 ===
=== 5 ===
=== 6 ===
=== 7 ===
=== 8 ===
=== 9 ===
=== 10 ===
=== 11 ===
=== 12 ===
=== 13 ===
=== 14 ===
=== 15 ===
=== 16 ===
=== 17 ===
=== 18 ===
=== 19 ===
=== 20 ===
=== 21 ===
=== 22 ===
=== 23 ===
=== 24 ===
=== 25 ===
=== 26 ===
=== 27 ===
=== 28 ===
--- mydetector ---
PixelHit 830, 828, 1.604, 0
PixelHit 830, 829, 5.99113, 0
PixelHit 830, 830, 13.1171, 0
PixelHit 831, 829, 17.0621, 0
PixelHit 831, 830, 51.4623, 0
PixelHit 831, 831, 4.02415, 0
PixelHit 832, 828, 0.319939, 0
PixelHit 832, 829, 13.0455, 0
PixelHit 832, 830, 48.3798, 0
PixelHit 832, 831, 3.588, 0
PixelHit 833, 828, 1.82988, 0
PixelHit 833, 829, 17.3481, 0
PixelHit 833, 830, 51.1779, 0
PixelHit 833, 831, 9.73525, 0
PixelHit 834, 829, 24.7797, 0
PixelHit 834, 830, 57.7721, 0
PixelHit 834, 831, 15.411, 0
PixelHit 835, 829, 29.4891, 0
PixelHit 835, 830, 46.233, 0
PixelHit 835, 831, 23.0909, 0
PixelHit 835, 832, 1.0735, 0
PixelHit 836, 828, 2.39001, 0
PixelHit 836, 829, 42.3252, 0
PixelHit 836, 830, 48.6823, 0
PixelHit 836, 831, 14.665, 0
PixelHit 837, 828, 4.69467, 0
PixelHit 837, 829, 22.5112, 0
PixelHit 837, 830, 44.1157, 0
PixelHit 837, 831, 23.8287, 0
PixelHit 837, 832, 1.65856, 0
PixelHit 838, 829, 21.9005, 0
PixelHit 838, 830, 33.6122, 0
PixelHit 838, 831, 21.2861, 0
PixelHit 838, 832, 4.27351, 0
PixelHit 839, 828, 3.16158, 0
PixelHit 839, 829, 25.3608, 0
PixelHit 839, 830, 47.3365, 0
PixelHit 839, 831, 31.6769, 0
PixelHit 839, 832, 11.3263, 0
PixelHit 840, 828, 10.6599, 0
PixelHit 840, 829, 32.3023, 0
PixelHit 840, 830, 92.4609, 0
PixelHit 840, 831, 35.3786, 0
PixelHit 840, 832, 7.08621, 0
PixelHit 840, 833, 2.05276, 0
PixelHit 841, 827, 0.188564, 0
PixelHit 841, 828, 9.31156, 0
PixelHit 841, 829, 48.1034, 0
PixelHit 841, 830, 67.5193, 0
PixelHit 841, 831, 71.5212, 0
PixelHit 841, 832, 19.4202, 0
PixelHit 841, 833, 4.10227, 0
PixelHit 842, 828, 2.08142, 0
PixelHit 842, 829, 22.9699, 0
PixelHit 842, 830, 61.4599, 0
PixelHit 842, 831, 37.1032, 0
PixelHit 842, 832, 8.9681, 0
PixelHit 842, 833, 2.17751, 0
PixelHit 843, 828, 6.36161, 0
PixelHit 843, 829, 26.0537, 0
PixelHit 843, 830, 37.9817, 0
PixelHit 843, 831, 38.1815, 0
PixelHit 843, 832, 15.2644, 0
PixelHit 843, 833, 3.54074, 0
PixelHit 844, 828, 8.8348, 0
PixelHit 844, 829, 28.5497, 0
PixelHit 844, 830, 42.4783, 0
PixelHit 844, 831, 47.1449, 0
PixelHit 844, 832, 13.7532, 0
PixelHit 844, 833, 1.90122, 0
PixelHit 845, 828, 9.88458, 0
PixelHit 845, 829, 26.3005, 0
PixelHit 845, 830, 55.4193, 0
PixelHit 845, 831, 60.2159, 0
PixelHit 845, 832, 29.0325, 0
PixelHit 845, 833, 6.76446, 0
PixelHit 846, 828, 3.61638, 0
PixelHit 846, 829, 23.3428, 0
PixelHit 846, 830, 42.6697, 0
PixelHit 846, 831, 37.3234, 0
PixelHit 846, 832, 11.6154, 0
PixelHit 846, 833, 1.8467, 0
PixelHit 846, 834, 1.80777, 0
PixelHit 847, 828, 1.9982, 0
PixelHit 847, 829, 13.3464, 0
PixelHit 847, 830, 15.8691, 0
PixelHit 847, 831, 15.5624, 0
PixelHit 847, 832, 9.03891, 0
PixelHit 847, 833, 3.04988, 0
PixelHit 848, 830, 4.9059, 0
PixelHit 848, 831, 7.64218, 0
PixelHit 848, 832, 2.13875, 0
PixelHit 849, 828, 2.61505, 0
PixelHit 849, 830, 1.53531, 0
PixelHit 1305, 979, 12.2418, 0
PixelHit 1305, 980, 19.0413, 0
PixelHit 1306, 979, 13.4907, 0
PixelHit 1306, 980, 17.5229, 0
PixelHit 1307, 979, 12.6907, 0
PixelHit 1307, 980, 9.31623, 0
PixelHit 1308, 979, 20.0496, 0
PixelHit 1308, 980, 25.9624, 0
PixelHit 1308, 981, 4.44301, 0
PixelHit 1309, 978, 6.40756, 0
PixelHit 1309, 979, 28.0701, 0
PixelHit 1309, 980, 25.4959, 0
PixelHit 1309, 981, 9.88074, 0
PixelHit 1310, 978, 6.05618, 0
PixelHit 1310, 979, 36.3395, 0
PixelHit 1310, 980, 23.8736, 0
PixelHit 1310, 981, 5.29031, 0
PixelHit 1311, 978, 8.28945, 0
PixelHit 1311, 979, 25.6782, 0
PixelHit 1311, 980, 38.5655, 0
PixelHit 1311, 981, 7.16947, 0
PixelHit 1312, 978, 12.6391, 0
PixelHit 1312, 979, 48.0063, 0
PixelHit 1312, 980, 45.216, 0
PixelHit 1312, 981, 10.0695, 0
PixelHit 1312, 982, 1.71143, 0
PixelHit 1313, 977, 2.11905, 0
PixelHit 1313, 978, 19.3136, 0
PixelHit 1313, 979, 43.1158, 0
PixelHit 1313, 980, 40.6394, 0
PixelHit 1313, 981, 21.0061, 0
PixelHit 1313, 982, 3.76276, 0
PixelHit 1314, 977, 3.68417, 0
PixelHit 1314, 978, 12.0012, 0
PixelHit 1314, 979, 46.6436, 0
PixelHit 1314, 980, 51.4674, 0
PixelHit 1314, 981, 14.5102, 0
PixelHit 1314, 982, 5.94469, 0
PixelHit 1314, 984, 1.50072, 0
PixelHit 1315, 977, 3.53195, 0
PixelHit 1315, 978, 11.8771, 0
PixelHit 1315, 979, 22.2427, 0
PixelHit 1315, 980, 37.8306, 0
PixelHit 1315, 981, 13.7808, 0
PixelHit 1316, 977, 1.41579, 0
PixelHit 1316, 978, 15.7741, 0
PixelHit 1316, 979, 23.6311, 0
PixelHit 1316, 980, 27.8122, 0
PixelHit 1316, 981, 11.4088, 0
PixelHit 1316, 982, 4.45324, 0
PixelHit 1317, 977, 6.49657, 0
PixelHit 1317, 978, 23.2343, 0
PixelHit 1317, 979, 35.4982, 0
PixelHit 1317, 980, 30.2778, 0
PixelHit 1317, 981, 17.2672, 0
PixelHit 1317, 982, 1.37359, 0
PixelHit 1318, 977, 3.87203, 0
PixelHit 1318, 978, 14.94, 0
PixelHit 1318, 979, 27.3561, 0
PixelHit 1318, 980, 16.7826, 0
PixelHit 1318, 981, 15.0152, 0
PixelHit 1318, 982, 5.93107, 0
PixelHit 1319, 976, 1.44587, 0
PixelHit 1319, 978, 4.67864, 0
PixelHit 1319, 979, 11.6167, 0
PixelHit 1319, 980, 7.34187, 0
PixelHit 1319, 981, 6.06227, 0
PixelHit 1320, 980, 1.93219, 0
PixelHit 1320, 981, 2.43881, 0
PixelHit 1321, 980, 0.337096, 0
=== 29 ===
=== 30 ===
=== 31 ===
=== 32 ===
=== 33 ===
=== 34 ===
=== 35 ===
=== 36 ===
=== 37 ===
=== 38 ===
=== 39 ===
=== 40 ===
=== 41 ===
=== 42 ===
=== 43 ===
=== 44 ===
=== 45 ===
=== 46 ===
=== 47 ===
=== 48 ===
=== 49 ===
=== 50 ===
=== 51 ===
=== 52 ===
=== 53 ===
=== 54 ===
--- mydetector ---
PixelHit 910, 989, 0.405692, 0
PixelHit 912, 987, 4.45764, 0
PixelHit 912, 988, 11.0237, 0
PixelHit 912, 990, 3.32611, 0
PixelHit 913, 984, 2.61649, 0
PixelHit 913, 986, 8.71107, 0
PixelHit 913, 987, 20.503, 0
PixelHit 913, 988, 43.7484, 0
PixelHit 913, 989, 38.2907, 0
PixelHit 913, 990, 24.3341, 0
PixelHit 913, 991, 4.01871, 0
PixelHit 913, 992, 0.342573, 0
PixelHit 914, 985, 2.10091, 0
PixelHit 914, 986, 15.6243, 0
PixelHit 914, 987, 53.2709, 0
PixelHit 914, 988, 126.339, 0
PixelHit 914, 989, 111.198, 0
PixelHit 914, 990, 53.5397, 0
PixelHit 914, 991, 18.8106, 0
PixelHit 914, 992, 2.55677, 0
PixelHit 915, 986, 13.3654, 0
PixelHit 915, 987, 76.2103, 0
PixelHit 915, 988, 141.33, 0
PixelHit 915, 989, 163.206, 0
PixelHit 915, 990, 74.6608, 0
PixelHit 915, 991, 17.9372, 0
PixelHit 916, 985, 1.15805, 0
PixelHit 916, 986, 20.6494, 0
PixelHit 916, 987, 50.7923, 0
PixelHit 916, 988, 131.655, 0
PixelHit 916, 989, 131.755, 0
PixelHit 916, 990, 53.9443, 0
PixelHit 916, 991, 5.37268, 0
PixelHit 916, 992, 4.89214, 0
PixelHit 916, 993, 1.81158, 0
PixelHit 917, 986, 2.9671, 0
PixelHit 917, 987, 32.7962, 0
PixelHit 917, 988, 57.1707, 0
PixelHit 917, 989, 38.1065, 0
PixelHit 917, 990, 22.4354, 0
PixelHit 917, 991, 8.89795, 0
PixelHit 918, 987, 5.44825, 0
PixelHit 918, 988, 4.98742, 0
PixelHit 918, 989, 6.17217, 0
PixelHit 918, 990, 5.29992, 0
PixelHit 918, 991, 2.52885, 0
PixelHit 919, 987, 0.832468, 0
PixelHit 1264, 964, 12.8681, 0
PixelHit 1264, 965, 7.23217, 0
PixelHit 1265, 964, 102.846, 0
PixelHit 1265, 965, 354.565, 0
PixelHit 1266, 964, 63.9298, 0
PixelHit 1266, 965, 113.677, 0
PixelHit 1266, 966, 4.97575, 0
PixelHit 1267, 964, 41.0905, 0
PixelHit 1267, 965, 62.4211, 0
PixelHit 1267, 966, 6.72261, 0
PixelHit 1268, 963, 4.73404, 0
PixelHit 1268, 964, 46.9061, 0
PixelHit 1268, 965, 55.0432, 0
PixelHit 1268, 966, 10.7467, 0
PixelHit 1269, 963, 4.98362, 0
PixelHit 1269, 964, 48.7472, 0
PixelHit 1269, 965, 63.193, 0
PixelHit 1269, 966, 13.9494, 0
PixelHit 1270, 963, 6.10329, 0
PixelHit 1270, 964, 35.1274, 0
PixelHit 1270, 965, 44.2687, 0
PixelHit 1270, 966, 19.3609, 0
PixelHit 1271, 962, 1.77404, 0
PixelHit 1271, 963, 8.20312, 0
PixelHit 1271, 964, 34.2716, 0
PixelHit 1271, 965, 57.9671, 0
PixelHit 1271, 966, 18.9269, 0
PixelHit 1272, 963, 11.6243, 0
PixelHit 1272, 964, 51.8869, 0
PixelHit 1272, 965, 58.9043, 0
PixelHit 1272, 966, 19.0796, 0
PixelHit 1272, 967, 1.31565, 0
PixelHit 1273, 963, 7.3804, 0
PixelHit 1273, 964, 35.2737, 0
PixelHit 1273, 965, 29.2106, 0
PixelHit 1273, 966, 11.7064, 0
PixelHit 1273, 967, 1.11024, 0
PixelHit 1274, 961, 1.25212, 0
PixelHit 1274, 962, 1.93968, 0
PixelHit 1274, 963, 8.98009, 0
PixelHit 1274, 964, 21.3573, 0
PixelHit 1274, 965, 22.4835, 0
PixelHit 1274, 966, 18.8826, 0
PixelHit 1275, 962, 1.22176, 0
PixelHit 1275, 963, 5.2226, 0
PixelHit 1275, 964, 17.8008, 0
PixelHit 1275, 965, 16.2618, 0
PixelHit 1275, 966, 6.78367, 0
PixelHit 1275, 967, 4.6721, 0
PixelHit 1276, 962, 3.19125, 0
PixelHit 1276, 963, 9.43067, 0
PixelHit 1276, 964, 17.4693, 0
PixelHit 1276, 965, 11.0202, 0
PixelHit 1276, 966, 8.14958, 0
PixelHit 1276, 967, 6.00665, 0
PixelHit 1277, 962, 4.87594, 0
PixelHit 1277, 963, 8.58129, 0
PixelHit 1277, 964, 27.1858, 0
PixelHit 1277, 965, 23.3261, 0
PixelHit 1277, 966, 17.3297, 0
PixelHit 1277, 967, 3.21515, 0
PixelHit 1277, 968, 3.20596, 0
PixelHit 1278, 963, 4.42316, 0
PixelHit 1278, 964, 12.8584, 0
PixelHit 1278, 965, 25.0793, 0
PixelHit 1278, 966, 13.3241, 0
PixelHit 1278, 967, 6.4221, 0
PixelHit 1279, 963, 6.03972, 0
PixelHit 1279, 964, 7.99592, 0
PixelHit 1279, 965, 12.3986, 0
PixelHit 1279, 966, 9.80271, 0
PixelHit 1280, 964, 5.61671, 0
PixelHit 1280, 965, 5.18056, 0
PixelHit 1280, 966, 3.62165, 0
PixelHit 1280, 967, 2.83396, 0
PixelHit 1281, 964, 1.72203, 0
PixelHit 1289, 978, 2.10047, 0
PixelHit 1290, 977, 10.0368, 0
PixelHit 1290, 978, 43.9259, 0
PixelHit 1291, 977, 30.3002, 0
PixelHit 1291, 978, 69.0372, 0
PixelHit 1291, 979, 4.52321, 0
PixelHit 1292, 976, 2.34263, 0
PixelHit 1292, 977, 19.9766, 0
PixelHit 1292, 978, 37.5419, 0
PixelHit 1292, 979, 0.97576, 0
PixelHit 1293, 977, 28.2507, 0
PixelHit 1293, 978, 36.1198, 0
PixelHit 1293, 979, 9.95901, 0
PixelHit 1294, 975, 2.75674, 0
PixelHit 1294, 976, 7.37586, 0
PixelHit 1294, 977, 36.0816, 0
PixelHit 1294, 978, 49.8982, 0
PixelHit 1294, 979, 11.9945, 0
PixelHit 1295, 976, 6.6069, 0
PixelHit 1295, 977, 46.7799, 0
PixelHit 1295, 978, 63.9144, 0
PixelHit 1295, 979, 21.8481, 0
PixelHit 1295, 980, 3.18528, 0
PixelHit 1296, 976, 9.00287, 0
PixelHit 1296, 977, 59.1096, 0
PixelHit 1296, 978, 63.9659, 0
PixelHit 1296, 979, 21.3603, 0
PixelHit 1296, 980, 3.55302, 0
PixelHit 1297, 975, 1.70345, 0
PixelHit 1297, 976, 13.0476, 0
PixelHit 1297, 977, 49.2833, 0
PixelHit 1297, 978, 64.187, 0
PixelHit 1297, 979, 21.1571, 0
PixelHit 1297, 980, 1.53572, 0
PixelHit 1298, 975, 2.18774, 0
PixelHit 1298, 976, 28.5416, 0
PixelHit 1298, 977, 78.5263, 0
PixelHit 1298, 978, 91.608, 0
PixelHit 1298, 979, 32.6601, 0
PixelHit 1298, 980, 14.9281, 0
PixelHit 1299, 975, 6.12522, 0
PixelHit 1299, 976, 34.3136, 0
PixelHit 1299, 977, 112.228, 0
PixelHit 1299, 978, 120.47, 0
PixelHit 1299, 979, 62.9108, 0
PixelHit 1299, 980, 13.7896, 0
PixelHit 1300, 974, 2.60148, 0
PixelHit 1300, 975, 9.75961, 0
PixelHit 1300, 976, 40.0039, 0
PixelHit 1300, 977, 90.4103, 0
PixelHit 1300, 978, 101.869, 0
PixelHit 1300, 979, 60.7205, 0
PixelHit 1300, 980, 17.9644, 0
PixelHit 1300, 981, 0.259619, 0
PixelHit 1301, 974, 1.81192, 0
PixelHit 1301, 975, 11.2909, 0
PixelHit 1301, 976, 39.6054, 0
PixelHit 1301, 977, 110.642, 0
PixelHit 1301, 978, 117.071, 0
PixelHit 1301, 979, 57.9, 0
PixelHit 1301, 980, 18.3295, 0
PixelHit 1302, 975, 16.0686, 0
PixelHit 1302, 976, 78.3589, 0
PixelHit 1302, 977, 148.813, 0
PixelHit 1302, 978, 175.887, 0
PixelHit 1302, 979, 85.367, 0
PixelHit 1302, 980, 27.0166, 0
PixelHit 1302, 981, 3.11641, 0
PixelHit 1303, 974, 2.34683, 0
PixelHit 1303, 975, 14.639, 0
PixelHit 1303, 976, 56.9536, 0
PixelHit 1303, 977, 120.634, 0
PixelHit 1303, 978, 126.257, 0
PixelHit 1303, 979, 66.2661, 0
PixelHit 1303, 980, 17.5014, 0
PixelHit 1303, 981, 1.34175, 0
PixelHit 1304, 975, 10.7472, 0
PixelHit 1304, 976, 45.3105, 0
PixelHit 1304, 977, 71.7307, 0
PixelHit 1304, 978, 72.1555, 0
PixelHit 1304, 979, 36.2736, 0
PixelHit 1304, 980, 12.0664, 0
PixelHit 1305, 975, 3.59242, 0
PixelHit 1305, 976, 9.1466, 0
PixelHit 1305, 977, 14.0926, 0
PixelHit 1305, 978, 31.4201, 0
PixelHit 1305, 979, 11.5737, 0
PixelHit 1306, 976, 2.23136, 0
PixelHit 1306, 977, 3.28679, 0
PixelHit 1306, 978, 4.07738, 0
PixelHit 1307, 978, 0.818315, 0
PixelHit 1843, 477, 1.6606, 0
PixelHit 1843, 478, 19.9281, 0
PixelHit 1843, 479, 3.20277, 0
PixelHit 1844, 478, 71.5522, 0
PixelHit 1844, 479, 66.7204, 0
PixelHit 1844, 480, 5.79019, 0
PixelHit 1845, 478, 25.0849, 0
PixelHit 1845, 479, 68.525, 0
PixelHit 1845, 480, 19.2099, 0
PixelHit 1845, 481, 4.7255, 0
PixelHit 1845, 482, 4.52643, 0
PixelHit 1846, 478, 2.71521, 0
PixelHit 1846, 479, 36.8561, 0
PixelHit 1846, 480, 71.872, 0
PixelHit 1846, 481, 61.4783, 0
PixelHit 1846, 482, 34.7058, 0
PixelHit 1846, 483, 5.01455, 0
PixelHit 1846, 484, 2.50379, 0
PixelHit 1847, 479, 13.9165, 0
PixelHit 1847, 480, 62.2377, 0
PixelHit 1847, 481, 129.217, 0
PixelHit 1847, 482, 83.0705, 0
PixelHit 1847, 483, 23.5454, 0
PixelHit 1847, 484, 4.3617, 0
PixelHit 1848, 478, 1.44659, 0
PixelHit 1848, 479, 6.34722, 0
PixelHit 1848, 480, 48.0154, 0
PixelHit 1848, 481, 99.1911, 0
PixelHit 1848, 482, 75.6042, 0
PixelHit 1848, 483, 42.4542, 0
PixelHit 1848, 484, 6.70367, 0
PixelHit 1849, 479, 2.24109, 0
PixelHit 1849, 480, 9.24918, 0
PixelHit 1849, 481, 49.0016, 0
PixelHit 1849, 482, 51.649, 0
PixelHit 1849, 483, 43.6496, 0
PixelHit 1849, 484, 25.242, 0
PixelHit 1849, 485, 13.2957, 0
PixelHit 1849, 486, 3.60034, 0
PixelHit 1850, 481, 4.7141, 0
PixelHit 1850, 482, 13.4979, 0
PixelHit 1850, 483, 18.5752, 0
PixelHit 1850, 484, 27.4726, 0
PixelHit 1850, 485, 5.61169, 0
PixelHit 1850, 486, 5.15314, 0
PixelHit 1850, 487, 0.503776, 0
PixelHit 1851, 481, 2.86072, 0
PixelHit 1851, 482, 7.78675, 0
PixelHit 1851, 483, 8.80263, 0
PixelHit 1851, 484, 13.7985, 0
PixelHit 1851, 485, 6.324, 0
PixelHit 1852, 481, 2.4761, 0
PixelHit 1852, 484, 5.90015, 0
PixelHit 1852, 485, 3.88111, 0
PixelHit 1852, 486, 2.55206, 0
PixelHit 1852, 487, 2.4547, 0
PixelHit 1853, 484, 1.83955, 0
=== 55 ===
=== 56 ===
=== 57 ===
=== 58 ===
=== 59 ===
=== 60 ===
=== 61 ===
=== 62 ===
=== 63 ===
=== 64 ===
=== 65 ===
=== 66 ===
=== 67 ===
=== 68 ===
=== 69 ===
=== 70 ===
=== 71 ===
=== 72 ===
=== 73 ===
=== 74 ===
=== 75 ===
=== 76 ===
=== 77 ===
=== 78 ===
=== 79 ===
=== 80 ===
=== 81 ===
=== 82 ===
=== 83 ===
=== 84 ===
=== 85 ===
=== 86 ===
=== 87 ===
=== 88 ===
=== 89 ===
=== 90 ===
=== 91 ===
=== 92 ===
=== 93 ===
=== 94 ===
=== 95 ===
=== 96 ===
=== 97 ===
=== 98 ===
=== 99 ===
=== 100 ===
# 435 objects from 2 messages
