# Allpix Squared ASCII data - https://cern.ch/allpix-squared

=== 1 ===
=== 2 ===
=== 3 ===
=== 4 ===
=== 5 ===
=== 6 ===
=== 7 ===
=== 8 ===
=== 9 ===
=== 10 ===
=== 11 ===
=== 12 ===
=== 13 ===
=== 14 ===
=== 15 ===
=== 16 ===
=== 17 ===
=== 18 ===
=== 19 ===
=== 20 ===
=== 21 ===
=== 22 ===
=== 23 ===
=== 24 ===
=== 25 ===
=== 26 ===
=== 27 ===
=== 28 ===
=== 29 ===
=== 30 ===
=== 31 ===
=== 32 ===
=== 33 ===
=== 34 ===
=== 35 ===
=== 36 ===
=== 37 ===
=== 38 ===
=== 39 ===
=== 40 ===
=== 41 ===
=== 42 ===
=== 43 ===
=== 44 ===
=== 45 ===
=== 46 ===
=== 47 ===
=== 48 ===
=== 49 ===
=== 50 ===
--- mydetector ---
PixelHit 1294, 964, 15.3379, 0
PixelHit 1294, 965, 8.37684, 0
PixelHit 1294, 966, 1.56839, 0
PixelHit 1295, 963, 1.04815, 0
PixelHit 1295, 964, 129.418, 0
PixelHit 1295, 965, 52.2461, 0
PixelHit 1296, 964, 17.4686, 0
PixelHit 1296, 965, 8.35695, 0
PixelHit 1297, 964, 21.3388, 0
PixelHit 1297, 965, 6.27847, 0
PixelHit 1298, 963, 3.1092, 0
PixelHit 1298, 964, 33.5502, 0
PixelHit 1298, 965, 29.0347, 0
PixelHit 1299, 963, 4.61982, 0
PixelHit 1299, 964, 61.3928, 0
PixelHit 1299, 965, 47.8336, 0
PixelHit 1299, 966, 1.74055, 0
PixelHit 1300, 963, 3.23818, 0
PixelHit 1300, 964, 18.6671, 0
PixelHit 1300, 965, 14.2922, 0
PixelHit 1301, 963, 1.27471, 0
PixelHit 1301, 964, 25.9699, 0
PixelHit 1301, 965, 20.3955, 0
PixelHit 1301, 966, 3.66056, 0
PixelHit 1302, 963, 2.92523, 0
PixelHit 1302, 964, 11.3121, 0
PixelHit 1302, 965, 18.1192, 0
PixelHit 1303, 963, 6.80979, 0
PixelHit 1303, 964, 26.0413, 0
PixelHit 1303, 965, 19.0374, 0
PixelHit 1304, 962, 5.11536, 0
PixelHit 1304, 963, 16.5707, 0
PixelHit 1304, 964, 93.6763, 0
PixelHit 1304, 965, 120.323, 0
PixelHit 1304, 966, 19.297, 0
PixelHit 1304, 967, 2.01445, 0
PixelHit 1305, 963, 77.4751, 0
PixelHit 1305, 964, 365.515, 0
PixelHit 1305, 965, 427.957, 0
PixelHit 1305, 966, 107.09, 0
PixelHit 1305, 967, 11.6085, 0
PixelHit 1306, 962, 5.64418, 0
PixelHit 1306, 963, 80.7473, 0
PixelHit 1306, 964, 429.095, 0
PixelHit 1306, 965, 534.748, 0
PixelHit 1306, 966, 148.63, 0
PixelHit 1306, 967, 9.63234, 0
PixelHit 1307, 962, 3.36997, 0
PixelHit 1307, 963, 31.0337, 0
PixelHit 1307, 964, 171.613, 0
PixelHit 1307, 965, 177.024, 0
PixelHit 1307, 966, 49.3687, 0
PixelHit 1308, 963, 10.2066, 0
PixelHit 1308, 964, 35.8843, 0
PixelHit 1308, 965, 27.1217, 0
PixelHit 1308, 966, 8.52349, 0
PixelHit 1308, 968, 1.15, 0
PixelHit 1309, 963, 16.1174, 0
PixelHit 1309, 964, 22.8607, 0
PixelHit 1309, 965, 19.7341, 0
PixelHit 1309, 966, 4.54838, 0
PixelHit 1310, 963, 4.90941, 0
PixelHit 1310, 964, 25.4233, 0
PixelHit 1310, 965, 13.3226, 0
PixelHit 1310, 966, 1.82304, 0
PixelHit 1311, 963, 10.9062, 0
PixelHit 1311, 964, 33.2612, 0
PixelHit 1311, 965, 12.7261, 0
PixelHit 1311, 966, 8.88073, 0
PixelHit 1312, 963, 7.83639, 0
PixelHit 1312, 964, 9.51979, 0
PixelHit 1312, 965, 7.54013, 0
PixelHit 1312, 966, 1.22742, 0
PixelHit 1313, 964, 10.0857, 0
PixelHit 1313, 965, 10.1652, 0
PixelHit 1314, 963, 4.45726, 0
PixelHit 1314, 964, 10.1232, 0
PixelHit 1314, 965, 5.76017, 0
PixelHit 1314, 966, 2.75657, 0
PixelHit 1314, 967, 0.5023, 0
PixelHit 1315, 961, 2.20318, 0
PixelHit 1315, 964, 5.96008, 0
PixelHit 1315, 965, 5.54293, 0
PixelHit 1315, 966, 5.38156, 0
PixelHit 1316, 963, 4.11356, 0
PixelHit 1316, 964, 4.15144, 0
PixelHit 1316, 965, 14.2286, 0
PixelHit 1316, 966, 5.84922, 0
PixelHit 1317, 962, 2.97313, 0
PixelHit 1317, 963, 5.19345, 0
PixelHit 1317, 964, 14.3497, 0
PixelHit 1317, 965, 11.1868, 0
PixelHit 1317, 966, 1.98346, 0
PixelHit 1318, 963, 12.6253, 0
PixelHit 1318, 964, 27.6868, 0
PixelHit 1318, 965, 17.9651, 0
PixelHit 1318, 966, 10.2933, 0
PixelHit 1318, 967, 4.11607, 0
PixelHit 1319, 962, 3.40473, 0
PixelHit 1319, 963, 14.0782, 0
PixelHit 1319, 964, 23.3332, 0
PixelHit 1319, 965, 19.9728, 0
PixelHit 1319, 966, 6.45983, 0
PixelHit 1319, 967, 4.11543, 0
PixelHit 1320, 961, 2.33577, 0
PixelHit 1320, 962, 6.73474, 0
PixelHit 1320, 963, 13.2831, 0
PixelHit 1320, 964, 24.6996, 0
PixelHit 1320, 965, 18.3933, 0
PixelHit 1320, 966, 9.32661, 0
PixelHit 1321, 961, 1.97422, 0
PixelHit 1321, 962, 2.32478, 0
PixelHit 1321, 963, 14.2723, 0
PixelHit 1321, 964, 32.1586, 0
PixelHit 1321, 965, 19.7563, 0
PixelHit 1321, 966, 13.8314, 0
PixelHit 1321, 967, 1.96937, 0
PixelHit 1322, 962, 5.03547, 0
PixelHit 1322, 963, 11.5326, 0
PixelHit 1322, 964, 17.7613, 0
PixelHit 1322, 965, 12.6435, 0
PixelHit 1322, 966, 14.5381, 0
PixelHit 1322, 967, 1.18649, 0
PixelHit 1323, 963, 7.39078, 0
PixelHit 1323, 964, 2.46862, 0
PixelHit 1323, 965, 4.18824, 0
PixelHit 1323, 966, 3.20254, 0
PixelHit 1324, 964, 3.44604, 0
PixelHit 1363, 904, 5.52051, 0
PixelHit 1364, 904, 133.528, 0
PixelHit 1364, 905, 12.5468, 0
PixelHit 1365, 903, 3.66689, 0
PixelHit 1365, 904, 37.9076, 0
PixelHit 1365, 905, 8.97902, 0
PixelHit 1366, 903, 2.89962, 0
PixelHit 1366, 904, 46.3804, 0
PixelHit 1366, 905, 18.7134, 0
PixelHit 1367, 904, 32.3981, 0
PixelHit 1367, 905, 25.6145, 0
PixelHit 1368, 904, 55.8336, 0
PixelHit 1368, 905, 22.8264, 0
PixelHit 1369, 903, 7.93018, 0
PixelHit 1369, 904, 23.3899, 0
PixelHit 1369, 905, 19.2423, 0
PixelHit 1370, 903, 3.57521, 0
PixelHit 1370, 904, 15.1984, 0
PixelHit 1370, 905, 3.94114, 0
PixelHit 1371, 903, 4.59452, 0
PixelHit 1371, 904, 19.3896, 0
PixelHit 1371, 905, 12.9995, 0
PixelHit 1372, 903, 11.5158, 0
PixelHit 1372, 904, 50.9055, 0
PixelHit 1372, 905, 38.873, 0
PixelHit 1372, 906, 7.54959, 0
PixelHit 1373, 903, 6.5774, 0
PixelHit 1373, 904, 40.5893, 0
PixelHit 1373, 905, 36.1239, 0
PixelHit 1373, 906, 3.99801, 0
PixelHit 1374, 903, 4.40533, 0
PixelHit 1374, 904, 20.7251, 0
PixelHit 1374, 905, 22.0961, 0
PixelHit 1374, 906, 2.48558, 0
PixelHit 1375, 903, 3.06687, 0
PixelHit 1375, 904, 15.6236, 0
PixelHit 1375, 905, 14.4593, 0
PixelHit 1375, 906, 6.16862, 0
PixelHit 1376, 903, 4.39344, 0
PixelHit 1376, 904, 23.4822, 0
PixelHit 1376, 905, 19.0709, 0
PixelHit 1376, 906, 10.1296, 0
PixelHit 1376, 908, 1.47707, 0
PixelHit 1377, 902, 1.16497, 0
PixelHit 1377, 903, 10.2737, 0
PixelHit 1377, 904, 26.5826, 0
PixelHit 1377, 905, 17.3182, 0
PixelHit 1377, 906, 7.26121, 0
PixelHit 1378, 903, 13.2204, 0
PixelHit 1378, 904, 19.1257, 0
PixelHit 1378, 905, 24.0881, 0
PixelHit 1378, 906, 8.67616, 0
PixelHit 1378, 907, 1.67505, 0
PixelHit 1379, 903, 6.80363, 0
PixelHit 1379, 904, 18.0598, 0
PixelHit 1379, 905, 23.6704, 0
PixelHit 1379, 906, 5.74431, 0
PixelHit 1379, 907, 2.0817, 0
PixelHit 1380, 903, 4.77314, 0
PixelHit 1380, 904, 14.6755, 0
PixelHit 1380, 905, 19.4658, 0
PixelHit 1380, 906, 4.19657, 0
PixelHit 1381, 903, 5.25977, 0
PixelHit 1381, 904, 6.22997, 0
PixelHit 1381, 905, 5.34499, 0
PixelHit 1381, 906, 5.47568, 0
PixelHit 1382, 904, 6.43338, 0
PixelHit 1382, 905, 6.27408, 0
PixelHit 1382, 906, 1.67144, 0
PixelHit 1383, 903, 2.39329, 0
PixelHit 1383, 904, 3.67241, 0
PixelHit 1383, 905, 1.50502, 0
PixelHit 1383, 906, 2.5419, 0
PixelHit 1383, 907, 1.35329, 0
PixelHit 1384, 903, 5.41229, 0
PixelHit 1384, 904, 6.62976, 0
PixelHit 1384, 905, 5.55603, 0
PixelHit 1385, 904, 6.09043, 0
PixelHit 1385, 905, 7.29887, 0
PixelHit 1385, 906, 2.38336, 0
PixelHit 1385, 907, 0.555449, 0
PixelHit 1386, 903, 6.05573, 0
PixelHit 1386, 904, 8.6607, 0
PixelHit 1386, 905, 14.4058, 0
PixelHit 1386, 906, 7.19749, 0
PixelHit 1387, 902, 1.01055, 0
PixelHit 1387, 903, 3.45759, 0
PixelHit 1387, 904, 16.2086, 0
PixelHit 1387, 905, 20.521, 0
PixelHit 1387, 906, 7.4515, 0
PixelHit 1388, 902, 2.34303, 0
PixelHit 1388, 903, 7.87359, 0
PixelHit 1388, 904, 12.5028, 0
PixelHit 1388, 905, 12.1137, 0
PixelHit 1388, 906, 6.54839, 0
PixelHit 1388, 907, 0.792433, 0
PixelHit 1389, 903, 12.1411, 0
PixelHit 1389, 904, 22.179, 0
PixelHit 1389, 905, 16.7657, 0
PixelHit 1389, 906, 9.58077, 0
PixelHit 1389, 907, 1.05856, 0
PixelHit 1390, 903, 5.02193, 0
PixelHit 1390, 904, 14.3675, 0
PixelHit 1390, 905, 13.1209, 0
PixelHit 1390, 906, 9.57779, 0
PixelHit 1390, 907, 3.31608, 0
PixelHit 1391, 903, 3.94841, 0
PixelHit 1391, 904, 8.42717, 0
PixelHit 1391, 905, 10.6271, 0
PixelHit 1391, 906, 6.06549, 0
PixelHit 1392, 903, 2.79607, 0
PixelHit 1392, 904, 3.1717, 0
PixelHit 1392, 905, 9.68329, 0
PixelHit 1392, 906, 2.30376, 0
PixelHit 1392, 907, 1.22826, 0
PixelHit 1393, 903, 2.88558, 0
PixelHit 1393, 904, 2.24159, 0
PixelHit 1393, 907, 2.2519, 0
PixelHit 1394, 904, 0.594997, 0
=== 51 ===
=== 52 ===
=== 53 ===
=== 54 ===
=== 55 ===
=== 56 ===
=== 57 ===
=== 58 ===
=== 59 ===
=== 60 ===
=== 61 ===
=== 62 ===
=== 63 ===
=== 64 ===
=== 65 ===
=== 66 ===
=== 67 ===
=== 68 ===
=== 69 ===
=== 70 ===
=== 71 ===
=== 72 ===
=== 73 ===
=== 74 ===
=== 75 ===
=== 76 ===
=== 77 ===
=== 78 ===
=== 79 ===
=== 80 ===
=== 81 ===
=== 82 ===
=== 83 ===
=== 84 ===
=== 85 ===
=== 86 ===
=== 87 ===
=== 88 ===
=== 89 ===
=== 90 ===
=== 91 ===
=== 92 ===
=== 93 ===
=== 94 ===
=== 95 ===
=== 96 ===
=== 97 ===
=== 98 ===
=== 99 ===
=== 100 ===
# 247 objects from 1 messages
