# Allpix Squared ASCII data - https://cern.ch/allpix-squared

=== 1 ===
=== 2 ===
=== 3 ===
=== 4 ===
=== 5 ===
=== 6 ===
=== 7 ===
=== 8 ===
=== 9 ===
=== 10 ===
=== 11 ===
=== 12 ===
=== 13 ===
=== 14 ===
=== 15 ===
=== 16 ===
=== 17 ===
=== 18 ===
=== 19 ===
=== 20 ===
=== 21 ===
=== 22 ===
=== 23 ===
=== 24 ===
=== 25 ===
=== 26 ===
=== 27 ===
=== 28 ===
=== 29 ===
=== 30 ===
=== 31 ===
=== 32 ===
=== 33 ===
=== 34 ===
=== 35 ===
=== 36 ===
=== 37 ===
=== 38 ===
=== 39 ===
=== 40 ===
=== 41 ===
=== 42 ===
=== 43 ===
=== 44 ===
=== 45 ===
=== 46 ===
=== 47 ===
=== 48 ===
=== 49 ===
--- mydetector ---
PixelHit 757, 1140, 2.8752, 0
PixelHit 758, 1137, 1.84051, 0
PixelHit 758, 1139, 3.87156, 0
PixelHit 758, 1140, 0.69355, 0
PixelHit 758, 1141, 2.40288, 0
PixelHit 759, 1137, 5.5067, 0
PixelHit 759, 1138, 7.79354, 0
PixelHit 759, 1139, 9.40708, 0
PixelHit 759, 1140, 2.24446, 0
PixelHit 759, 1141, 0.647186, 0
PixelHit 760, 1137, 5.03494, 0
PixelHit 760, 1138, 7.6422, 0
PixelHit 760, 1139, 11.7163, 0
PixelHit 760, 1140, 13.3076, 0
PixelHit 761, 1137, 5.2817, 0
PixelHit 761, 1138, 12.6746, 0
PixelHit 761, 1139, 19.1957, 0
PixelHit 761, 1140, 14.2058, 0
PixelHit 761, 1141, 8.61899, 0
PixelHit 762, 1136, 2.24912, 0
PixelHit 762, 1137, 2.95207, 0
PixelHit 762, 1138, 13.7748, 0
PixelHit 762, 1139, 22.7, 0
PixelHit 762, 1140, 21.1589, 0
PixelHit 762, 1141, 5.21012, 0
PixelHit 762, 1142, 0.871775, 0
PixelHit 763, 1137, 3.53065, 0
PixelHit 763, 1138, 14.5968, 0
PixelHit 763, 1139, 29.2886, 0
PixelHit 763, 1140, 11.1679, 0
PixelHit 763, 1141, 11.1527, 0
PixelHit 763, 1142, 2.70257, 0
PixelHit 764, 1137, 3.32407, 0
PixelHit 764, 1138, 12.0881, 0
PixelHit 764, 1139, 19.9664, 0
PixelHit 764, 1140, 9.45867, 0
PixelHit 764, 1141, 9.30455, 0
PixelHit 764, 1142, 3.07032, 0
PixelHit 765, 1137, 3.73726, 0
PixelHit 765, 1138, 8.95386, 0
PixelHit 765, 1139, 9.90829, 0
PixelHit 765, 1140, 10.6786, 0
PixelHit 765, 1141, 8.88773, 0
PixelHit 766, 1138, 5.50528, 0
PixelHit 766, 1139, 13.6182, 0
PixelHit 766, 1140, 11.0185, 0
PixelHit 766, 1142, 2.75867, 0
PixelHit 767, 1139, 10.4908, 0
PixelHit 767, 1140, 12.1658, 0
PixelHit 767, 1141, 11.7797, 0
PixelHit 767, 1142, 2.72379, 0
PixelHit 768, 1139, 11.1936, 0
PixelHit 768, 1140, 25.1817, 0
PixelHit 768, 1141, 16.0159, 0
PixelHit 768, 1142, 14.5861, 0
PixelHit 768, 1143, 2.98534, 0
PixelHit 769, 1139, 11.2866, 0
PixelHit 769, 1140, 32.2536, 0
PixelHit 769, 1141, 14.3779, 0
PixelHit 769, 1142, 10.5053, 0
PixelHit 770, 1139, 14.3844, 0
PixelHit 770, 1140, 28.8244, 0
PixelHit 770, 1141, 22.3412, 0
PixelHit 770, 1142, 9.77614, 0
PixelHit 770, 1143, 2.29851, 0
PixelHit 770, 1144, 1.52856, 0
PixelHit 771, 1139, 7.03529, 0
PixelHit 771, 1140, 18.619, 0
PixelHit 771, 1141, 28.26, 0
PixelHit 771, 1142, 14.6341, 0
PixelHit 772, 1137, 1.05557, 0
PixelHit 772, 1139, 5.31309, 0
PixelHit 772, 1140, 15.7411, 0
PixelHit 772, 1141, 15.4317, 0
PixelHit 772, 1142, 8.15592, 0
PixelHit 772, 1143, 5.10283, 0
PixelHit 772, 1144, 2.32301, 0
PixelHit 773, 1138, 2.12555, 0
PixelHit 773, 1139, 6.99187, 0
PixelHit 773, 1140, 11.9874, 0
PixelHit 773, 1141, 21.1208, 0
PixelHit 773, 1142, 6.85574, 0
PixelHit 773, 1143, 3.02297, 0
PixelHit 774, 1139, 1.76632, 0
PixelHit 774, 1140, 7.50668, 0
PixelHit 774, 1141, 10.9163, 0
PixelHit 774, 1142, 15.0402, 0
PixelHit 774, 1143, 7.31818, 0
PixelHit 775, 1138, -0.237495, 0
PixelHit 775, 1140, 5.19515, 0
PixelHit 775, 1141, 14.8606, 0
PixelHit 775, 1142, 14.1177, 0
PixelHit 775, 1143, 4.40685, 0
PixelHit 776, 1139, 2.4543, 0
PixelHit 776, 1140, 8.90293, 0
PixelHit 776, 1141, 16.7093, 0
PixelHit 776, 1142, 20.0154, 0
PixelHit 776, 1143, 7.28108, 0
PixelHit 776, 1144, 3.11993, 0
PixelHit 777, 1139, 2.86498, 0
PixelHit 777, 1140, 8.4419, 0
PixelHit 777, 1141, 24.5204, 0
PixelHit 777, 1142, 18.9034, 0
PixelHit 777, 1143, 3.39445, 0
PixelHit 777, 1144, 3.29442, 0
PixelHit 778, 1140, 4.74557, 0
PixelHit 778, 1141, 11.8565, 0
PixelHit 778, 1142, 18.0022, 0
PixelHit 778, 1143, 19.211, 0
PixelHit 779, 1139, 2.72309, 0
PixelHit 779, 1140, 3.96667, 0
PixelHit 779, 1141, 15.3535, 0
PixelHit 779, 1142, 26.1634, 0
PixelHit 779, 1143, 24.9465, 0
PixelHit 779, 1144, 1.74638, 0
PixelHit 780, 1139, 2.09801, 0
PixelHit 780, 1140, 3.70616, 0
PixelHit 780, 1141, 16.6934, 0
PixelHit 780, 1142, 19.5175, 0
PixelHit 780, 1143, 23.3926, 0
PixelHit 780, 1144, 3.89415, 0
PixelHit 781, 1139, 1.88525, 0
PixelHit 781, 1140, 2.76464, 0
PixelHit 781, 1141, 15.5342, 0
PixelHit 781, 1142, 20.0505, 0
PixelHit 781, 1143, 11.0592, 0
PixelHit 781, 1144, 7.42805, 0
PixelHit 782, 1140, 7.09542, 0
PixelHit 782, 1141, 15.3579, 0
PixelHit 782, 1142, 23.245, 0
PixelHit 782, 1143, 13.9179, 0
PixelHit 782, 1144, 12.6692, 0
PixelHit 782, 1145, 0.331122, 0
PixelHit 783, 1140, 2.47224, 0
PixelHit 783, 1141, 9.38805, 0
PixelHit 783, 1142, 19.7014, 0
PixelHit 783, 1143, 21.2456, 0
PixelHit 783, 1144, 12.8125, 0
PixelHit 783, 1146, 2.25548, 0
PixelHit 784, 1140, 2.57, 0
PixelHit 784, 1141, 8.59576, 0
PixelHit 784, 1142, 26.5586, 0
PixelHit 784, 1143, 26.8069, 0
PixelHit 784, 1144, 7.68278, 0
PixelHit 784, 1145, 1.90549, 0
PixelHit 785, 1139, 1.57575, 0
PixelHit 785, 1140, 4.79322, 0
PixelHit 785, 1141, 6.53576, 0
PixelHit 785, 1142, 23.8179, 0
PixelHit 785, 1143, 27.5227, 0
PixelHit 785, 1144, 15.5868, 0
PixelHit 785, 1145, 4.4925, 0
PixelHit 786, 1140, 3.29715, 0
PixelHit 786, 1141, 7.29024, 0
PixelHit 786, 1142, 25.9554, 0
PixelHit 786, 1143, 18.7103, 0
PixelHit 786, 1144, 13.9126, 0
PixelHit 787, 1141, 5.98642, 0
PixelHit 787, 1142, 16.0854, 0
PixelHit 787, 1143, 19.3884, 0
PixelHit 787, 1144, 11.5698, 0
PixelHit 788, 1141, 3.06741, 0
PixelHit 788, 1142, 23.4214, 0
PixelHit 788, 1143, 23.2049, 0
PixelHit 788, 1144, 10.5668, 0
PixelHit 788, 1145, 1.55713, 0
PixelHit 789, 1141, 8.6976, 0
PixelHit 789, 1142, 22.3998, 0
PixelHit 789, 1143, 34.0041, 0
PixelHit 789, 1144, 12.0497, 0
PixelHit 790, 1141, 4.08232, 0
PixelHit 790, 1142, 15.1422, 0
PixelHit 790, 1143, 18.7165, 0
PixelHit 790, 1144, 10.4651, 0
PixelHit 791, 1141, 5.17673, 0
PixelHit 791, 1142, 18.708, 0
PixelHit 791, 1143, 7.75336, 0
PixelHit 791, 1144, 5.78576, 0
PixelHit 791, 1145, 2.63167, 0
PixelHit 792, 1139, 0.385783, 0
PixelHit 792, 1141, 2.62755, 0
PixelHit 792, 1142, 13.3524, 0
PixelHit 792, 1143, 19.0739, 0
PixelHit 792, 1144, 4.41223, 0
PixelHit 793, 1140, 2.63798, 0
PixelHit 793, 1141, 1.65363, 0
PixelHit 793, 1142, 19.9049, 0
PixelHit 793, 1143, 15.5133, 0
PixelHit 793, 1144, 6.89934, 0
PixelHit 793, 1146, 1.74761, 0
PixelHit 794, 1141, 5.69893, 0
PixelHit 794, 1142, 7.62777, 0
PixelHit 794, 1143, 14.9469, 0
PixelHit 794, 1144, 5.6628, 0
PixelHit 794, 1145, 2.80623, 0
PixelHit 795, 1141, 3.43057, 0
PixelHit 795, 1142, 4.13684, 0
PixelHit 795, 1143, 7.60734, 0
PixelHit 795, 1144, 5.25094, 0
PixelHit 796, 1141, 2.03433, 0
PixelHit 796, 1142, 5.45176, 0
PixelHit 796, 1143, 8.19856, 0
PixelHit 796, 1144, 7.18553, 0
PixelHit 796, 1145, 3.73683, 0
PixelHit 797, 1142, 7.2268, 0
PixelHit 797, 1143, 14.4011, 0
PixelHit 797, 1144, 8.57977, 0
PixelHit 797, 1145, 2.51119, 0
PixelHit 798, 1140, 2.50428, 0
PixelHit 798, 1142, 15.6266, 0
PixelHit 798, 1143, 16.5772, 0
PixelHit 798, 1144, 15.6389, 0
PixelHit 798, 1145, 4.48271, 0
PixelHit 799, 1141, 2.66092, 0
PixelHit 799, 1142, 8.4322, 0
PixelHit 799, 1143, 18.4441, 0
PixelHit 799, 1144, 3.68481, 0
PixelHit 799, 1145, 2.49096, 0
PixelHit 799, 1146, 3.47919, 0
PixelHit 800, 1140, 1.85547, 0
PixelHit 800, 1141, 7.17542, 0
PixelHit 800, 1142, 23.0561, 0
PixelHit 800, 1143, 19.6628, 0
PixelHit 800, 1144, 18.0513, 0
PixelHit 800, 1145, 1.86824, 0
PixelHit 801, 1140, 2.45309, 0
PixelHit 801, 1141, 1.90921, 0
PixelHit 801, 1142, 23.7208, 0
PixelHit 801, 1143, 34.7695, 0
PixelHit 801, 1144, 17.7342, 0
PixelHit 801, 1145, 4.85835, 0
PixelHit 802, 1141, 9.70319, 0
PixelHit 802, 1142, 42.2853, 0
PixelHit 802, 1143, 48.356, 0
PixelHit 802, 1144, 24.1651, 0
PixelHit 802, 1145, 1.62157, 0
PixelHit 803, 1141, 8.84245, 0
PixelHit 803, 1142, 36.2083, 0
PixelHit 803, 1143, 29.5011, 0
PixelHit 803, 1144, 24.119, 0
PixelHit 803, 1145, 1.89833, 0
PixelHit 804, 1140, 3.84927, 0
PixelHit 804, 1141, 5.0085, 0
PixelHit 804, 1142, 23.7104, 0
PixelHit 804, 1143, 43.0022, 0
PixelHit 804, 1144, 11.4648, 0
PixelHit 805, 1140, 5.15655, 0
PixelHit 805, 1141, 8.43041, 0
PixelHit 805, 1142, 16.5252, 0
PixelHit 805, 1143, 22.7544, 0
PixelHit 805, 1144, 12.0294, 0
PixelHit 805, 1145, 1.84764, 0
PixelHit 806, 1140, 1.75543, 0
PixelHit 806, 1141, 6.27213, 0
PixelHit 806, 1142, 32.2116, 0
PixelHit 806, 1143, 22.7202, 0
PixelHit 806, 1144, 11.5611, 0
PixelHit 806, 1145, 5.07973, 0
PixelHit 807, 1140, 3.91911, 0
PixelHit 807, 1141, 9.14701, 0
PixelHit 807, 1142, 29.2354, 0
PixelHit 807, 1143, 25.2732, 0
PixelHit 807, 1144, 2.74554, 0
PixelHit 808, 1140, 3.11354, 0
PixelHit 808, 1141, 18.5148, 0
PixelHit 808, 1142, 16.7332, 0
PixelHit 808, 1143, 11.2412, 0
PixelHit 808, 1144, 6.22191, 0
PixelHit 809, 1140, 2.0726, 0
PixelHit 809, 1141, 9.50587, 0
PixelHit 809, 1142, 19.3261, 0
PixelHit 809, 1143, 13.5125, 0
PixelHit 809, 1144, 5.88476, 0
PixelHit 809, 1145, 1.56414, 0
PixelHit 810, 1139, 1.22667, 0
PixelHit 810, 1140, 4.45184, 0
PixelHit 810, 1141, 14.7114, 0
PixelHit 810, 1142, 17.8839, 0
PixelHit 810, 1143, 6.43957, 0
PixelHit 810, 1144, 5.53652, 0
PixelHit 811, 1140, 1.437, 0
PixelHit 811, 1141, 16.5511, 0
PixelHit 811, 1142, 24.3906, 0
PixelHit 811, 1143, 8.99482, 0
PixelHit 811, 1144, 3.35045, 0
PixelHit 812, 1139, 2.27638, 0
PixelHit 812, 1140, 5.26913, 0
PixelHit 812, 1141, 20.3662, 0
PixelHit 812, 1142, 25.1575, 0
PixelHit 812, 1143, 21.7806, 0
PixelHit 813, 1140, 7.98077, 0
PixelHit 813, 1141, 19.7732, 0
PixelHit 813, 1142, 40.4514, 0
PixelHit 813, 1143, 18.1795, 0
PixelHit 813, 1144, 1.9657, 0
PixelHit 814, 1139, 1.52501, 0
PixelHit 814, 1140, 9.48364, 0
PixelHit 814, 1141, 31.2528, 0
PixelHit 814, 1142, 29.5595, 0
PixelHit 814, 1143, 13.7036, 0
PixelHit 814, 1144, 6.31944, 0
PixelHit 815, 1140, 3.7501, 0
PixelHit 815, 1141, 26.1753, 0
PixelHit 815, 1142, 30.1346, 0
PixelHit 815, 1143, 12.1231, 0
PixelHit 815, 1144, 3.53815, 0
PixelHit 816, 1140, 4.45227, 0
PixelHit 816, 1141, 14.0104, 0
PixelHit 816, 1142, 17.4541, 0
PixelHit 816, 1143, 11.129, 0
PixelHit 816, 1144, 1.00841, 0
PixelHit 817, 1140, 8.2559, 0
PixelHit 817, 1141, 22.5973, 0
PixelHit 817, 1142, 31.5619, 0
PixelHit 817, 1143, 9.13618, 0
PixelHit 818, 1139, 1.39244, 0
PixelHit 818, 1140, 4.15051, 0
PixelHit 818, 1141, 23.5186, 0
PixelHit 818, 1142, 19.9121, 0
PixelHit 818, 1143, 8.67895, 0
PixelHit 818, 1144, 1.73837, 0
PixelHit 819, 1139, 2.25274, 0
PixelHit 819, 1140, 8.2679, 0
PixelHit 819, 1141, 21.1956, 0
PixelHit 819, 1142, 26.9025, 0
PixelHit 819, 1143, 5.04642, 0
PixelHit 820, 1139, 4.9013, 0
PixelHit 820, 1140, 11.6548, 0
PixelHit 820, 1141, 25.9922, 0
PixelHit 820, 1142, 31.6327, 0
PixelHit 820, 1143, 2.69761, 0
PixelHit 821, 1139, -0.661684, 0
PixelHit 821, 1140, 3.26864, 0
PixelHit 821, 1141, 25.2377, 0
PixelHit 821, 1142, 18.4659, 0
PixelHit 821, 1143, 3.8591, 0
PixelHit 822, 1140, 10.3322, 0
PixelHit 822, 1141, 26.4929, 0
PixelHit 822, 1142, 8.71421, 0
PixelHit 822, 1143, 5.1492, 0
PixelHit 823, 1139, 2.81508, 0
PixelHit 823, 1141, 16.0624, 0
PixelHit 823, 1142, 9.94211, 0
PixelHit 823, 1143, 1.20495, 0
PixelHit 824, 1140, 3.16421, 0
PixelHit 824, 1141, 20.3798, 0
PixelHit 824, 1142, 11.7804, 0
PixelHit 824, 1143, 2.93348, 0
PixelHit 825, 1139, 1.73641, 0
PixelHit 825, 1140, 14.3084, 0
PixelHit 825, 1141, 29.4384, 0
PixelHit 825, 1142, 8.98065, 0
PixelHit 825, 1143, 3.3067, 0
PixelHit 826, 1139, 2.95003, 0
PixelHit 826, 1140, 27.0568, 0
PixelHit 826, 1141, 48.8564, 0
PixelHit 826, 1142, 23.7911, 0
PixelHit 826, 1143, 1.65597, 0
PixelHit 827, 1139, 7.8165, 0
PixelHit 827, 1140, 56.4795, 0
PixelHit 827, 1141, 79.9139, 0
PixelHit 827, 1142, 16.7751, 0
PixelHit 827, 1143, 1.37346, 0
PixelHit 828, 1139, 7.15927, 0
PixelHit 828, 1140, 36.8828, 0
PixelHit 828, 1141, 40.9861, 0
PixelHit 828, 1142, 18.3697, 0
PixelHit 828, 1143, 1.98434, 0
PixelHit 829, 1139, 5.58805, 0
PixelHit 829, 1140, 26.3943, 0
PixelHit 829, 1141, 31.933, 0
PixelHit 829, 1142, 3.03664, 0
PixelHit 830, 1139, 5.84525, 0
PixelHit 830, 1140, 46.2689, 0
PixelHit 830, 1141, 31.2434, 0
PixelHit 830, 1142, 8.92988, 0
PixelHit 831, 1139, 7.55125, 0
PixelHit 831, 1140, 36.0252, 0
PixelHit 831, 1141, 38.7542, 0
PixelHit 831, 1142, 4.16243, 0
PixelHit 832, 1139, 3.40199, 0
PixelHit 832, 1140, 12.6677, 0
PixelHit 832, 1141, 14.8893, 0
PixelHit 833, 1137, 4.72373, 0
PixelHit 833, 1138, 5.47699, 0
PixelHit 833, 1139, 21.2718, 0
PixelHit 833, 1140, 27.4787, 0
PixelHit 833, 1141, 13.4701, 0
PixelHit 834, 1138, 9.90194, 0
PixelHit 834, 1139, 50.3788, 0
PixelHit 834, 1140, 53.9221, 0
PixelHit 834, 1141, 11.5002, 0
PixelHit 834, 1142, 1.04716, 0
PixelHit 835, 1137, 1.44171, 0
PixelHit 835, 1138, 11.4611, 0
PixelHit 835, 1139, 66.0593, 0
PixelHit 835, 1140, 58.4377, 0
PixelHit 835, 1141, 10.5954, 0
PixelHit 836, 1137, 2.73266, 0
PixelHit 836, 1138, 10.6036, 0
PixelHit 836, 1139, 36.192, 0
PixelHit 836, 1140, 20.4186, 0
PixelHit 837, 1137, 0.517883, 0
PixelHit 837, 1138, 5.75619, 0
PixelHit 837, 1139, 23.7103, 0
PixelHit 837, 1140, 11.2423, 0
PixelHit 838, 1137, 3.88105, 0
PixelHit 838, 1138, 50.6162, 0
PixelHit 838, 1139, 56.1041, 0
PixelHit 838, 1140, 9.59796, 0
PixelHit 839, 1136, 1.86077, 0
PixelHit 839, 1137, 17.9491, 0
PixelHit 839, 1138, 115.177, 0
PixelHit 839, 1139, 100.355, 0
PixelHit 839, 1140, 23.1151, 0
PixelHit 839, 1141, 0.436411, 0
PixelHit 840, 1137, 24.4401, 0
PixelHit 840, 1138, 125.215, 0
PixelHit 840, 1139, 88.7486, 0
PixelHit 840, 1140, 12.1204, 0
PixelHit 841, 1137, 12.6975, 0
PixelHit 841, 1138, 36.9805, 0
PixelHit 841, 1139, 27.646, 0
PixelHit 841, 1140, 3.08197, 0
PixelHit 842, 1137, 12.6795, 0
PixelHit 842, 1138, 10.9341, 0
PixelHit 843, 1136, 11.9926, 0
PixelHit 843, 1137, 77.9432, 0
PixelHit 843, 1138, 61.9536, 0
PixelHit 843, 1139, 9.66773, 0
PixelHit 844, 1135, 2.51484, 0
PixelHit 844, 1136, 5.04418, 0
PixelHit 844, 1137, 83.0567, 0
PixelHit 844, 1138, 57.8209, 0
PixelHit 844, 1139, 4.90746, 0
PixelHit 845, 1136, 26.7236, 0
PixelHit 845, 1137, 64.9351, 0
PixelHit 845, 1138, 29.8092, 0
PixelHit 846, 1135, 4.3504, 0
PixelHit 846, 1136, 11.3037, 0
PixelHit 846, 1137, 57.6986, 0
PixelHit 846, 1138, 18.807, 0
PixelHit 846, 1139, 0.593292, 0
PixelHit 847, 1135, 2.06319, 0
PixelHit 847, 1136, 7.56222, 0
PixelHit 847, 1137, 15.3882, 0
PixelHit 847, 1138, 3.84911, 0
PixelHit 848, 1135, 7.49256, 0
PixelHit 848, 1136, 27.0006, 0
PixelHit 848, 1137, 12.4821, 0
PixelHit 849, 1135, 16.2306, 0
PixelHit 849, 1136, 39.2742, 0
PixelHit 849, 1137, 12.876, 0
PixelHit 850, 1135, 34.3189, 0
PixelHit 850, 1136, 57.8427, 0
PixelHit 850, 1137, 13.1905, 0
PixelHit 851, 1134, 1.54091, 0
PixelHit 851, 1135, 19.559, 0
PixelHit 851, 1136, 18.221, 0
PixelHit 852, 1134, 7.61525, 0
PixelHit 852, 1135, 34.7012, 0
PixelHit 852, 1136, 13.4476, 0
PixelHit 853, 1134, 21.0495, 0
PixelHit 853, 1135, 62.4234, 0
PixelHit 853, 1136, 3.51743, 0
PixelHit 854, 1133, 2.35019, 0
PixelHit 854, 1134, 52.3123, 0
PixelHit 854, 1135, 52.1405, 0
PixelHit 855, 1133, 7.09999, 0
PixelHit 855, 1134, 117.944, 0
PixelHit 855, 1135, 41.0953, 0
PixelHit 856, 1133, 3.21547, 0
PixelHit 856, 1134, 78.4086, 0
PixelHit 856, 1135, 4.6817, 0
PixelHit 857, 1133, 41.1498, 0
PixelHit 857, 1134, 104.847, 0
PixelHit 858, 1133, 32.9341, 0
PixelHit 858, 1134, 52.6353, 0
PixelHit 859, 1132, 2.07069, 0
PixelHit 859, 1133, 36.5774, 0
PixelHit 859, 1134, 8.45448, 0
PixelHit 860, 1133, 15.5654, 0
=== 50 ===
=== 51 ===
=== 52 ===
=== 53 ===
=== 54 ===
=== 55 ===
=== 56 ===
=== 57 ===
=== 58 ===
=== 59 ===
=== 60 ===
=== 61 ===
=== 62 ===
=== 63 ===
=== 64 ===
=== 65 ===
=== 66 ===
=== 67 ===
=== 68 ===
=== 69 ===
=== 70 ===
=== 71 ===
=== 72 ===
=== 73 ===
=== 74 ===
=== 75 ===
=== 76 ===
=== 77 ===
=== 78 ===
=== 79 ===
=== 80 ===
=== 81 ===
=== 82 ===
=== 83 ===
=== 84 ===
=== 85 ===
=== 86 ===
=== 87 ===
=== 88 ===
=== 89 ===
=== 90 ===
=== 91 ===
=== 92 ===
=== 93 ===
=== 94 ===
=== 95 ===
=== 96 ===
=== 97 ===
=== 98 ===
=== 99 ===
=== 100 ===
# 482 objects from 1 messages
