# Allpix Squared ASCII data - https://cern.ch/allpix-squared

=== 1 ===
=== 2 ===
=== 3 ===
=== 4 ===
=== 5 ===
=== 6 ===
=== 7 ===
=== 8 ===
--- mydetector ---
PixelHit 1039, 865, 0.102824, 0
PixelHit 1040, 860, 2.14806, 0
PixelHit 1040, 862, 1.07452, 0
PixelHit 1041, 857, 2.00235, 0
PixelHit 1041, 858, 2.57276, 0
PixelHit 1041, 859, 6.78959, 0
PixelHit 1041, 860, 3.03413, 0
PixelHit 1041, 861, 3.96467, 0
PixelHit 1041, 863, 5.39952, 0
PixelHit 1041, 865, 0.785903, 0
PixelHit 1041, 866, 4.1848, 0
PixelHit 1042, 856, 1.82721, 0
PixelHit 1042, 857, 8.86513, 0
PixelHit 1042, 858, 10.3012, 0
PixelHit 1042, 859, 15.915, 0
PixelHit 1042, 860, 18.0927, 0
PixelHit 1042, 861, 24.067, 0
PixelHit 1042, 862, 28.1023, 0
PixelHit 1042, 863, 17.31, 0
PixelHit 1042, 864, 19.8687, 0
PixelHit 1042, 865, 14.2719, 0
PixelHit 1042, 866, 17.314, 0
PixelHit 1042, 867, 13.3717, 0
PixelHit 1042, 868, 5.54814, 0
PixelHit 1042, 869, 0.689446, 0
PixelHit 1042, 870, 2.43182, 0
PixelHit 1042, 871, 5.01782, 0
PixelHit 1042, 872, 0.34774, 0
PixelHit 1042, 874, 1.96394, 0
PixelHit 1043, 857, 15.9056, 0
PixelHit 1043, 858, 24.2462, 0
PixelHit 1043, 859, 49.8279, 0
PixelHit 1043, 860, 32.4361, 0
PixelHit 1043, 861, 44.0126, 0
PixelHit 1043, 862, 58.3562, 0
PixelHit 1043, 863, 46.983, 0
PixelHit 1043, 864, 35.9377, 0
PixelHit 1043, 865, 34.1055, 0
PixelHit 1043, 866, 45.427, 0
PixelHit 1043, 867, 27.0921, 0
PixelHit 1043, 868, 29.4896, 0
PixelHit 1043, 869, 23.5599, 0
PixelHit 1043, 870, 22.1872, 0
PixelHit 1043, 871, 3.46171, 0
PixelHit 1043, 872, 17.4905, 0
PixelHit 1043, 873, 22.2401, 0
PixelHit 1043, 874, 2.70534, 0
PixelHit 1043, 875, 3.25038, 0
PixelHit 1043, 876, 1.6736, 0
PixelHit 1044, 856, 2.73842, 0
PixelHit 1044, 857, 16.7923, 0
PixelHit 1044, 858, 22.4151, 0
PixelHit 1044, 859, 27.143, 0
PixelHit 1044, 860, 31.0353, 0
PixelHit 1044, 861, 51.0042, 0
PixelHit 1044, 862, 51.4449, 0
PixelHit 1044, 863, 56.4474, 0
PixelHit 1044, 864, 44.2919, 0
PixelHit 1044, 865, 43.1012, 0
PixelHit 1044, 866, 45.652, 0
PixelHit 1044, 867, 50.6687, 0
PixelHit 1044, 868, 28.9769, 0
PixelHit 1044, 869, 49.4537, 0
PixelHit 1044, 870, 32.8819, 0
PixelHit 1044, 871, 35.2783, 0
PixelHit 1044, 872, 42.5304, 0
PixelHit 1044, 873, 43.3719, 0
PixelHit 1044, 874, 25.4455, 0
PixelHit 1044, 875, 16.3433, 0
PixelHit 1044, 876, 8.97204, 0
PixelHit 1044, 877, 26.466, 0
PixelHit 1044, 878, 16.6366, 0
PixelHit 1044, 879, 14.6867, 0
PixelHit 1044, 880, 8.21921, 0
PixelHit 1045, 857, 3.51738, 0
PixelHit 1045, 858, 10.3006, 0
PixelHit 1045, 859, 13.1032, 0
PixelHit 1045, 860, 13.4205, 0
PixelHit 1045, 861, 25.617, 0
PixelHit 1045, 862, 24.7303, 0
PixelHit 1045, 863, 24.0293, 0
PixelHit 1045, 864, 26.6161, 0
PixelHit 1045, 865, 21.5611, 0
PixelHit 1045, 866, 29.837, 0
PixelHit 1045, 867, 31.8685, 0
PixelHit 1045, 868, 35.699, 0
PixelHit 1045, 869, 47.5147, 0
PixelHit 1045, 870, 47.561, 0
PixelHit 1045, 871, 32.0157, 0
PixelHit 1045, 872, 46.523, 0
PixelHit 1045, 873, 52.6797, 0
PixelHit 1045, 874, 33.5165, 0
PixelHit 1045, 875, 26.4294, 0
PixelHit 1045, 876, 28.0521, 0
PixelHit 1045, 877, 31.314, 0
PixelHit 1045, 878, 73.8891, 0
PixelHit 1045, 879, 47.8079, 0
PixelHit 1045, 880, 30.0431, 0
PixelHit 1045, 881, 26.5391, 0
PixelHit 1045, 882, 5.57976, 0
PixelHit 1045, 884, 2.53974, 0
PixelHit 1046, 858, 3.07926, 0
PixelHit 1046, 860, 3.29904, 0
PixelHit 1046, 861, 2.49017, 0
PixelHit 1046, 862, 4.7842, 0
PixelHit 1046, 863, 3.80991, 0
PixelHit 1046, 865, 8.76935, 0
PixelHit 1046, 866, 8.80989, 0
PixelHit 1046, 867, 7.30336, 0
PixelHit 1046, 868, 7.14952, 0
PixelHit 1046, 869, 14.4167, 0
PixelHit 1046, 870, 18.8673, 0
PixelHit 1046, 871, 12.4763, 0
PixelHit 1046, 872, 19.5055, 0
PixelHit 1046, 873, 14.6069, 0
PixelHit 1046, 874, 11.4949, 0
PixelHit 1046, 875, 12.5611, 0
PixelHit 1046, 876, 13.584, 0
PixelHit 1046, 877, 32.0335, 0
PixelHit 1046, 878, 60.7217, 0
PixelHit 1046, 879, 49.1266, 0
PixelHit 1046, 880, 63.2584, 0
PixelHit 1046, 881, 56.0068, 0
PixelHit 1046, 882, 29.092, 0
PixelHit 1046, 883, 12.6925, 0
PixelHit 1046, 884, 7.6652, 0
PixelHit 1046, 885, 1.22877, 0
PixelHit 1047, 864, 2.02094, 0
PixelHit 1047, 865, 1.93622, 0
PixelHit 1047, 866, 2.09783, 0
PixelHit 1047, 869, 2.53291, 0
PixelHit 1047, 870, 2.38715, 0
PixelHit 1047, 871, 1.79042, 0
PixelHit 1047, 872, 6.34028, 0
PixelHit 1047, 875, 2.57766, 0
PixelHit 1047, 876, 3.61762, 0
PixelHit 1047, 877, 7.62639, 0
PixelHit 1047, 878, 14.3814, 0
PixelHit 1047, 879, 9.56363, 0
PixelHit 1047, 880, 27.2179, 0
PixelHit 1047, 881, 38.44, 0
PixelHit 1047, 882, 56.3544, 0
PixelHit 1047, 883, 74.9703, 0
PixelHit 1047, 884, 33.8462, 0
PixelHit 1047, 885, 8.56774, 0
PixelHit 1047, 886, 1.31866, 0
PixelHit 1048, 874, 1.10727, 0
PixelHit 1048, 876, 2.13579, 0
PixelHit 1048, 878, 0.314078, 0
PixelHit 1048, 880, 5.81572, 0
PixelHit 1048, 881, 14.2821, 0
PixelHit 1048, 882, 38.4135, 0
PixelHit 1048, 883, 72.8604, 0
PixelHit 1048, 884, 80.1286, 0
PixelHit 1048, 885, 80.4098, 0
PixelHit 1048, 886, 19.0786, 0
PixelHit 1048, 887, 2.762, 0
PixelHit 1049, 878, 1.04875, 0
PixelHit 1049, 881, 1.34576, 0
PixelHit 1049, 882, 5.44148, 0
PixelHit 1049, 883, 16.2499, 0
PixelHit 1049, 884, 67.7441, 0
PixelHit 1049, 885, 90.8164, 0
PixelHit 1049, 886, 67.5612, 0
PixelHit 1049, 887, 11.9699, 0
PixelHit 1050, 884, 16.4293, 0
PixelHit 1050, 885, 34.4921, 0
PixelHit 1050, 886, 73.6197, 0
PixelHit 1050, 887, 41.5405, 0
PixelHit 1050, 888, 5.75507, 0
PixelHit 1051, 883, 1.68623, 0
PixelHit 1051, 885, 6.86866, 0
PixelHit 1051, 886, 27.2239, 0
PixelHit 1051, 887, 54.4141, 0
PixelHit 1051, 888, 22.6085, 0
PixelHit 1051, 889, 1.95385, 0
PixelHit 1052, 886, 0.93135, 0
PixelHit 1052, 887, 13.1679, 0
PixelHit 1052, 888, 46.0201, 0
PixelHit 1052, 889, 26.2441, 0
PixelHit 1052, 890, 4.17658, 0
PixelHit 1053, 887, 2.38297, 0
PixelHit 1053, 888, 22.0412, 0
PixelHit 1053, 889, 73.3414, 0
PixelHit 1053, 890, 33.4305, 0
PixelHit 1053, 891, 3.48405, 0
PixelHit 1054, 889, 24.8338, 0
PixelHit 1054, 890, 77.5515, 0
PixelHit 1054, 891, 29.3627, 0
PixelHit 1054, 892, 5.17429, 0
PixelHit 1055, 889, 2.57797, 0
PixelHit 1055, 890, 17.5368, 0
PixelHit 1055, 891, 120.219, 0
PixelHit 1055, 892, 81.4254, 0
PixelHit 1056, 890, 5.3483, 0
PixelHit 1056, 891, 115.885, 0
PixelHit 1056, 892, 160.327, 0
PixelHit 1056, 893, 7.32357, 0
PixelHit 1057, 891, 2.36964, 0
PixelHit 1057, 892, 81.8203, 0
PixelHit 1057, 893, 65.7726, 0
PixelHit 1058, 892, 102.878, 0
PixelHit 1058, 893, 151.804, 0
PixelHit 1059, 892, 74.2029, 0
PixelHit 1059, 893, 44.7744, 0
PixelHit 1060, 891, 2.76336, 0
PixelHit 1060, 892, 89.2141, 0
PixelHit 1060, 893, 24.4568, 0
PixelHit 1061, 892, 59.5955, 0
PixelHit 1061, 893, 10.6282, 0
PixelHit 1062, 891, 1.60596, 0
PixelHit 1062, 892, 23.8608, 0
PixelHit 1062, 893, 4.3511, 0
PixelHit 1063, 891, 43.6917, 0
PixelHit 1063, 892, 94.134, 0
PixelHit 1064, 890, 2.52614, 0
PixelHit 1064, 891, 70.8006, 0
PixelHit 1064, 892, 56.0043, 0
PixelHit 1065, 890, 3.10734, 0
PixelHit 1065, 891, 72.909, 0
PixelHit 1065, 892, 15.8612, 0
PixelHit 1066, 890, 6.57584, 0
PixelHit 1066, 891, 56.6594, 0
PixelHit 1066, 892, 6.61437, 0
PixelHit 1067, 889, 0.379142, 0
PixelHit 1067, 890, 66.428, 0
PixelHit 1067, 891, 82.1777, 0
PixelHit 1068, 890, 82.4986, 0
PixelHit 1068, 891, 83.0147, 0
PixelHit 1069, 889, 0.516327, 0
PixelHit 1069, 890, 36.1836, 0
PixelHit 1069, 891, 2.97758, 0
PixelHit 1070, 888, 1.47276, 0
PixelHit 1070, 889, 38.9605, 0
PixelHit 1070, 890, 31.5793, 0
PixelHit 1071, 888, 2.97706, 0
PixelHit 1071, 889, 62.4347, 0
PixelHit 1071, 890, 30.1396, 0
PixelHit 1072, 888, 17.1513, 0
PixelHit 1072, 889, 62.075, 0
PixelHit 1072, 890, 6.60147, 0
PixelHit 1073, 887, 3.13963, 0
PixelHit 1073, 888, 50.1112, 0
PixelHit 1073, 889, 41.3571, 0
PixelHit 1074, 887, 22.5134, 0
PixelHit 1074, 888, 68.5252, 0
PixelHit 1074, 889, 8.72391, 0
PixelHit 1075, 886, 5.42812, 0
PixelHit 1075, 887, 85.4602, 0
PixelHit 1075, 888, 101.124, 0
PixelHit 1075, 889, 0.369584, 0
PixelHit 1076, 886, 37.0326, 0
PixelHit 1076, 887, 313.484, 0
PixelHit 1076, 888, 64.9844, 0
PixelHit 1076, 889, 2.04919, 0
PixelHit 1077, 886, 31.117, 0
PixelHit 1077, 887, 152.051, 0
PixelHit 1077, 888, 19.1709, 0
PixelHit 1078, 885, 10.3929, 0
PixelHit 1078, 886, 95.968, 0
PixelHit 1078, 887, 51.7666, 0
PixelHit 1079, 885, 94.5874, 0
PixelHit 1079, 886, 443.673, 0
PixelHit 1079, 887, 83.2455, 0
PixelHit 1079, 888, 1.83104, 0
PixelHit 1080, 884, 2.20694, 0
PixelHit 1080, 885, 48.5027, 0
PixelHit 1080, 886, 200.492, 0
PixelHit 1080, 887, 32.0096, 0
PixelHit 1081, 884, 6.56046, 0
PixelHit 1081, 885, 34.3528, 0
PixelHit 1081, 886, 13.9838, 0
PixelHit 1082, 883, 4.1767, 0
PixelHit 1082, 884, 42.3288, 0
PixelHit 1082, 885, 107.761, 0
PixelHit 1082, 886, 18.3135, 0
PixelHit 1083, 882, 1.53154, 0
PixelHit 1083, 883, 14.9098, 0
PixelHit 1083, 884, 82.6222, 0
PixelHit 1083, 885, 85.1126, 0
PixelHit 1083, 886, 9.14618, 0
PixelHit 1084, 882, 5.25995, 0
PixelHit 1084, 883, 52.8438, 0
PixelHit 1084, 884, 231.433, 0
PixelHit 1084, 885, 63.8725, 0
PixelHit 1085, 883, 37.6996, 0
PixelHit 1085, 884, 90.2169, 0
PixelHit 1085, 885, 23.5942, 0
PixelHit 1086, 882, 8.4273, 0
PixelHit 1086, 883, 32.8622, 0
PixelHit 1086, 884, 11.0651, 0
PixelHit 1086, 885, 0.432636, 0
PixelHit 1087, 881, 8.45786, 0
PixelHit 1087, 882, 42.7204, 0
PixelHit 1087, 883, 27.7757, 0
PixelHit 1087, 884, 2.17744, 0
PixelHit 1088, 880, 3.09582, 0
PixelHit 1088, 881, 32.467, 0
PixelHit 1088, 882, 105.667, 0
PixelHit 1088, 883, 37.9393, 0
PixelHit 1088, 884, 3.43412, 0
PixelHit 1089, 880, 4.49249, 0
PixelHit 1089, 881, 33.5694, 0
PixelHit 1089, 882, 52.6165, 0
PixelHit 1089, 883, 18.5524, 0
PixelHit 1089, 884, 1.00608, 0
PixelHit 1090, 879, 2.0446, 0
PixelHit 1090, 880, 10.5829, 0
PixelHit 1090, 881, 25.9278, 0
PixelHit 1090, 882, 29.1136, 0
PixelHit 1090, 883, 0.51936, 0
PixelHit 1091, 879, 7.6799, 0
PixelHit 1091, 880, 25.8646, 0
PixelHit 1091, 881, 22.0893, 0
PixelHit 1091, 882, 8.77158, 0
PixelHit 1092, 879, 16.6854, 0
PixelHit 1092, 880, 67.0759, 0
PixelHit 1092, 881, 43.9607, 0
PixelHit 1092, 882, 2.62363, 0
PixelHit 1093, 879, 31.9897, 0
PixelHit 1093, 880, 53.9909, 0
PixelHit 1093, 881, 18.8278, 0
PixelHit 1093, 882, 5.87543, 0
PixelHit 1094, 877, 2.52027, 0
PixelHit 1094, 878, 4.14847, 0
PixelHit 1094, 879, 40.3903, 0
PixelHit 1094, 880, 33.9023, 0
PixelHit 1094, 881, 12.4444, 0
PixelHit 1095, 878, 13.2598, 0
PixelHit 1095, 879, 20.755, 0
PixelHit 1095, 880, 18.9449, 0
PixelHit 1095, 881, 1.79581, 0
PixelHit 1096, 878, 4.27805, 0
PixelHit 1096, 879, 11.0581, 0
PixelHit 1096, 880, 4.60138, 0
PixelHit 1097, 877, 4.53802, 0
PixelHit 1097, 878, 7.56729, 0
PixelHit 1097, 879, 1.62572, 0
PixelHit 1097, 880, 3.33909, 0
PixelHit 1098, 876, 3.89782, 0
PixelHit 1098, 877, 9.77036, 0
PixelHit 1098, 878, 12.4417, 0
PixelHit 1098, 879, 6.74763, 0
PixelHit 1099, 876, 4.14808, 0
PixelHit 1099, 877, 9.96209, 0
PixelHit 1099, 878, 1.87353, 0
PixelHit 1099, 879, 1.56461, 0
PixelHit 1100, 874, 3.4107, 0
PixelHit 1100, 875, 14.0732, 0
PixelHit 1100, 876, 16.868, 0
PixelHit 1100, 877, 15.1776, 0
PixelHit 1100, 878, 2.16962, 0
PixelHit 1101, 874, 7.87185, 0
PixelHit 1101, 875, 29.8215, 0
PixelHit 1101, 876, 45.7919, 0
PixelHit 1101, 877, 18.6296, 0
PixelHit 1101, 878, 2.46745, 0
PixelHit 1102, 873, 3.9067, 0
PixelHit 1102, 874, 11.9926, 0
PixelHit 1102, 875, 55.8787, 0
PixelHit 1102, 876, 38.8986, 0
PixelHit 1102, 877, 15.22, 0
PixelHit 1102, 878, 2.09631, 0
PixelHit 1103, 872, 2.45769, 0
PixelHit 1103, 873, 7.80939, 0
PixelHit 1103, 874, 25.4807, 0
PixelHit 1103, 875, 38.3243, 0
PixelHit 1103, 876, 11.7048, 0
PixelHit 1103, 877, 3.09685, 0
PixelHit 1104, 872, 2.30242, 0
PixelHit 1104, 873, 29.1711, 0
PixelHit 1104, 874, 33.1241, 0
PixelHit 1104, 875, 11.4381, 0
PixelHit 1104, 876, 1.8045, 0
PixelHit 1105, 871, 4.51887, 0
PixelHit 1105, 872, 19.3382, 0
PixelHit 1105, 873, 44.3681, 0
PixelHit 1105, 874, 31.9918, 0
PixelHit 1105, 875, 11.1495, 0
PixelHit 1105, 876, 0.608235, 0
PixelHit 1106, 871, 13.285, 0
PixelHit 1106, 872, 37.2306, 0
PixelHit 1106, 873, 60.2762, 0
PixelHit 1106, 874, 23.2274, 0
PixelHit 1106, 875, 2.31704, 0
PixelHit 1107, 869, 3.40422, 0
PixelHit 1107, 870, 11.1181, 0
PixelHit 1107, 871, 37.3691, 0
PixelHit 1107, 872, 61.4972, 0
PixelHit 1107, 873, 34.534, 0
PixelHit 1107, 874, 12.4257, 0
PixelHit 1108, 870, 16.0571, 0
PixelHit 1108, 871, 80.1993, 0
PixelHit 1108, 872, 102.546, 0
PixelHit 1108, 873, 38.1524, 0
PixelHit 1108, 874, 7.77669, 0
PixelHit 1109, 869, 3.09642, 0
PixelHit 1109, 870, 20.3962, 0
PixelHit 1109, 871, 53.7676, 0
PixelHit 1109, 872, 50.3742, 0
PixelHit 1109, 873, 13.7892, 0
PixelHit 1110, 868, 2.25548, 0
PixelHit 1110, 869, 8.03913, 0
PixelHit 1110, 870, 28.162, 0
PixelHit 1110, 871, 27.6928, 0
PixelHit 1110, 872, 8.62508, 0
PixelHit 1110, 873, 2.95514, 0
PixelHit 1111, 868, 2.1032, 0
PixelHit 1111, 869, 17.0415, 0
PixelHit 1111, 870, 47.753, 0
PixelHit 1111, 871, 30.2028, 0
PixelHit 1111, 872, 4.65225, 0
PixelHit 1111, 873, 1.46757, 0
PixelHit 1112, 868, 7.91164, 0
PixelHit 1112, 869, 17.2529, 0
PixelHit 1112, 870, 38.9233, 0
PixelHit 1112, 871, 18.8579, 0
PixelHit 1112, 872, 3.26457, 0
PixelHit 1113, 867, 1.77305, 0
PixelHit 1113, 868, 14.4905, 0
PixelHit 1113, 869, 26.5405, 0
PixelHit 1113, 870, 32.7542, 0
PixelHit 1113, 871, 9.28754, 0
PixelHit 1114, 868, 9.78222, 0
PixelHit 1114, 869, 34.7967, 0
PixelHit 1114, 870, 35.076, 0
PixelHit 1114, 871, 8.7803, 0
PixelHit 1115, 867, 3.00281, 0
PixelHit 1115, 868, 21.3701, 0
PixelHit 1115, 869, 17.1303, 0
PixelHit 1115, 870, 7.52579, 0
PixelHit 1115, 871, 2.10362, 0
PixelHit 1116, 867, 3.29695, 0
PixelHit 1116, 868, 20.7201, 0
PixelHit 1116, 869, 19.7528, 0
PixelHit 1117, 866, 6.35436, 0
PixelHit 1117, 867, 15.0936, 0
PixelHit 1117, 868, 9.20705, 0
PixelHit 1117, 869, 6.69161, 0
PixelHit 1117, 870, 1.47591, 0
PixelHit 1118, 866, 6.42045, 0
PixelHit 1118, 867, 23.3321, 0
PixelHit 1118, 868, 30.9339, 0
PixelHit 1118, 869, 5.31072, 0
PixelHit 1119, 865, 2.53866, 0
PixelHit 1119, 866, 10.6548, 0
PixelHit 1119, 867, 28.2421, 0
PixelHit 1119, 868, 26.655, 0
PixelHit 1119, 869, 7.81539, 0
PixelHit 1120, 865, 3.03813, 0
PixelHit 1120, 866, 7.59346, 0
PixelHit 1120, 867, 21.3054, 0
PixelHit 1120, 868, 13.6854, 0
PixelHit 1120, 869, 2.3464, 0
PixelHit 1120, 870, 2.32601, 0
PixelHit 1121, 864, 2.57475, 0
PixelHit 1121, 866, 30.0532, 0
PixelHit 1121, 867, 22.2994, 0
PixelHit 1121, 868, 18.0775, 0
PixelHit 1121, 869, 4.83355, 0
PixelHit 1122, 864, 4.26446, 0
PixelHit 1122, 865, 9.32817, 0
PixelHit 1122, 866, 37.0339, 0
PixelHit 1122, 867, 42.4026, 0
PixelHit 1122, 868, 21.8609, 0
PixelHit 1122, 869, 11.2256, 0
PixelHit 1122, 870, 3.32415, 0
PixelHit 1123, 864, 2.77448, 0
PixelHit 1123, 865, 18.8165, 0
PixelHit 1123, 866, 44.2783, 0
PixelHit 1123, 867, 38.8875, 0
PixelHit 1123, 868, 23.0002, 0
PixelHit 1123, 869, 0.349494, 0
PixelHit 1123, 871, 2.38908, 0
PixelHit 1124, 863, 0.281771, 0
PixelHit 1124, 864, 8.03698, 0
PixelHit 1124, 865, 16.8573, 0
PixelHit 1124, 866, 35.5137, 0
PixelHit 1124, 867, 37.6887, 0
PixelHit 1124, 868, 13.309, 0
PixelHit 1124, 869, 3.83396, 0
PixelHit 1125, 864, 7.14037, 0
PixelHit 1125, 865, 13.8185, 0
PixelHit 1125, 866, 34.6861, 0
PixelHit 1125, 867, 19.5499, 0
PixelHit 1125, 868, 11.0408, 0
PixelHit 1125, 869, 1.85589, 0
PixelHit 1126, 863, 3.29097, 0
PixelHit 1126, 864, 4.90172, 0
PixelHit 1126, 865, 25.7467, 0
PixelHit 1126, 866, 19.1308, 0
PixelHit 1126, 867, 23.4423, 0
PixelHit 1126, 868, 2.77122, 0
PixelHit 1127, 862, 2.71186, 0
PixelHit 1127, 863, 5.02715, 0
PixelHit 1127, 864, 14.234, 0
PixelHit 1127, 865, 30.0363, 0
PixelHit 1127, 866, 20.0558, 0
PixelHit 1127, 867, 6.84018, 0
PixelHit 1127, 868, 3.99605, 0
PixelHit 1128, 862, 0.720582, 0
PixelHit 1128, 863, 3.65615, 0
PixelHit 1128, 864, 35.8153, 0
PixelHit 1128, 865, 31.7292, 0
PixelHit 1128, 866, 25.7237, 0
PixelHit 1128, 867, 3.98919, 0
PixelHit 1129, 863, 20.8529, 0
PixelHit 1129, 864, 42.0205, 0
PixelHit 1129, 865, 45.032, 0
PixelHit 1129, 866, 35.2797, 0
PixelHit 1129, 867, 11.2145, 0
PixelHit 1129, 868, 1.3137, 0
PixelHit 1130, 862, 5.59037, 0
PixelHit 1130, 863, 19.1536, 0
PixelHit 1130, 864, 36.8409, 0
PixelHit 1130, 865, 36.177, 0
PixelHit 1130, 866, 22.6597, 0
PixelHit 1130, 867, 7.61322, 0
PixelHit 1131, 862, 2.64552, 0
PixelHit 1131, 863, 23.5795, 0
PixelHit 1131, 864, 26.9353, 0
PixelHit 1131, 865, 35.0738, 0
PixelHit 1131, 866, 17.1795, 0
PixelHit 1131, 867, 5.63041, 0
PixelHit 1132, 862, 2.90085, 0
PixelHit 1132, 863, 10.6946, 0
PixelHit 1132, 864, 21.7183, 0
PixelHit 1132, 865, 14.6638, 0
PixelHit 1132, 866, 7.81598, 0
PixelHit 1132, 867, 3.64346, 0
PixelHit 1133, 862, 2.67884, 0
PixelHit 1133, 863, 4.74961, 0
PixelHit 1133, 864, 9.10415, 0
PixelHit 1133, 865, 9.98136, 0
PixelHit 1133, 866, 5.43072, 0
PixelHit 1133, 867, 0.862411, 0
PixelHit 1134, 864, 3.52095, 0
PixelHit 1134, 865, 4.38727, 0
PixelHit 1134, 866, 1.98433, 0
PixelHit 1135, 865, 1.44965, 0
=== 9 ===
=== 10 ===
=== 11 ===
=== 12 ===
=== 13 ===
=== 14 ===
=== 15 ===
=== 16 ===
=== 17 ===
=== 18 ===
=== 19 ===
=== 20 ===
=== 21 ===
=== 22 ===
=== 23 ===
=== 24 ===
=== 25 ===
=== 26 ===
=== 27 ===
=== 28 ===
=== 29 ===
=== 30 ===
=== 31 ===
=== 32 ===
=== 33 ===
=== 34 ===
=== 35 ===
=== 36 ===
=== 37 ===
=== 38 ===
=== 39 ===
=== 40 ===
=== 41 ===
=== 42 ===
=== 43 ===
=== 44 ===
=== 45 ===
=== 46 ===
=== 47 ===
=== 48 ===
=== 49 ===
=== 50 ===
=== 51 ===
=== 52 ===
=== 53 ===
=== 54 ===
=== 55 ===
=== 56 ===
=== 57 ===
=== 58 ===
=== 59 ===
=== 60 ===
=== 61 ===
=== 62 ===
=== 63 ===
=== 64 ===
=== 65 ===
=== 66 ===
=== 67 ===
=== 68 ===
=== 69 ===
=== 70 ===
=== 71 ===
=== 72 ===
=== 73 ===
=== 74 ===
=== 75 ===
=== 76 ===
=== 77 ===
=== 78 ===
=== 79 ===
=== 80 ===
=== 81 ===
=== 82 ===
=== 83 ===
=== 84 ===
=== 85 ===
=== 86 ===
=== 87 ===
=== 88 ===
=== 89 ===
=== 90 ===
=== 91 ===
=== 92 ===
=== 93 ===
=== 94 ===
=== 95 ===
=== 96 ===
=== 97 ===
=== 98 ===
=== 99 ===
=== 100 ===
# 540 objects from 1 messages
