# Allpix Squared ASCII data - https://cern.ch/allpix-squared

=== 1 ===
=== 2 ===
=== 3 ===
=== 4 ===
=== 5 ===
=== 6 ===
=== 7 ===
=== 8 ===
=== 9 ===
=== 10 ===
=== 11 ===
=== 12 ===
=== 13 ===
=== 14 ===
=== 15 ===
=== 16 ===
=== 17 ===
=== 18 ===
=== 19 ===
=== 20 ===
=== 21 ===
=== 22 ===
=== 23 ===
=== 24 ===
=== 25 ===
=== 26 ===
=== 27 ===
=== 28 ===
--- mydetector ---
PixelHit 2259, 993, 0.918527, 0
PixelHit 2259, 998, 3.11107, 0
PixelHit 2260, 992, 8.33168, 0
PixelHit 2260, 993, 3.4823, 0
PixelHit 2260, 994, 2.06794, 0
PixelHit 2260, 995, 9.2154, 0
PixelHit 2260, 996, 2.48676, 0
PixelHit 2260, 997, 5.9036, 0
PixelHit 2260, 998, 6.81803, 0
PixelHit 2260, 1000, 1.65901, 0
PixelHit 2261, 991, 8.23855, 0
PixelHit 2261, 992, 9.59879, 0
PixelHit 2261, 993, 10.3005, 0
PixelHit 2261, 994, 17.8503, 0
PixelHit 2261, 995, 17.1631, 0
PixelHit 2261, 996, 15.6509, 0
PixelHit 2261, 997, 14.9433, 0
PixelHit 2261, 998, 16.021, 0
PixelHit 2261, 999, 9.83231, 0
PixelHit 2261, 1000, 2.5188, 0
PixelHit 2261, 1002, 2.11988, 0
PixelHit 2261, 1006, 0.132425, 0
PixelHit 2262, 990, 3.57407, 0
PixelHit 2262, 991, 15.4238, 0
PixelHit 2262, 992, 24.2661, 0
PixelHit 2262, 993, 31.2972, 0
PixelHit 2262, 994, 31.7045, 0
PixelHit 2262, 995, 41.1877, 0
PixelHit 2262, 996, 41.7581, 0
PixelHit 2262, 997, 22.5075, 0
PixelHit 2262, 998, 24.0487, 0
PixelHit 2262, 999, 16.0219, 0
PixelHit 2262, 1000, 10.8657, 0
PixelHit 2262, 1001, 8.01874, 0
PixelHit 2262, 1002, 19.6614, 0
PixelHit 2262, 1003, 16.311, 0
PixelHit 2262, 1004, 17.9128, 0
PixelHit 2262, 1005, 4.63368, 0
PixelHit 2262, 1006, 2.35375, 0
PixelHit 2263, 990, 5.67375, 0
PixelHit 2263, 991, 20.3773, 0
PixelHit 2263, 992, 19.1869, 0
PixelHit 2263, 993, 19.5993, 0
PixelHit 2263, 994, 33.5061, 0
PixelHit 2263, 995, 32.5395, 0
PixelHit 2263, 996, 28.2686, 0
PixelHit 2263, 997, 28.9878, 0
PixelHit 2263, 998, 18.384, 0
PixelHit 2263, 999, 15.3753, 0
PixelHit 2263, 1000, 10.254, 0
PixelHit 2263, 1001, 17.4927, 0
PixelHit 2263, 1002, 35.2707, 0
PixelHit 2263, 1003, 40.5646, 0
PixelHit 2263, 1004, 37.6562, 0
PixelHit 2263, 1005, 13.1454, 0
PixelHit 2263, 1006, 3.18684, 0
PixelHit 2263, 1007, 2.6436, 0
PixelHit 2264, 990, 2.16134, 0
PixelHit 2264, 991, 9.30792, 0
PixelHit 2264, 992, 11.6047, 0
PixelHit 2264, 993, 18.3136, 0
PixelHit 2264, 994, 15.444, 0
PixelHit 2264, 995, 15.4416, 0
PixelHit 2264, 996, 18.9714, 0
PixelHit 2264, 997, 9.29679, 0
PixelHit 2264, 998, 6.42241, 0
PixelHit 2264, 999, 7.88907, 0
PixelHit 2264, 1000, 2.77342, 0
PixelHit 2264, 1001, 18.4766, 0
PixelHit 2264, 1002, 43.7212, 0
PixelHit 2264, 1003, 68.8646, 0
PixelHit 2264, 1004, 54.1776, 0
PixelHit 2264, 1005, 39.7787, 0
PixelHit 2264, 1006, 16.0538, 0
PixelHit 2264, 1007, 7.12045, 0
PixelHit 2264, 1008, 2.19701, 0
PixelHit 2265, 991, 1.7568, 0
PixelHit 2265, 992, 4.48912, 0
PixelHit 2265, 993, 2.75967, 0
PixelHit 2265, 994, 4.6356, 0
PixelHit 2265, 995, 3.43245, 0
PixelHit 2265, 998, 2.67269, 0
PixelHit 2265, 1000, 3.78561, 0
PixelHit 2265, 1001, 6.69888, 0
PixelHit 2265, 1002, 16.8672, 0
PixelHit 2265, 1003, 52.1831, 0
PixelHit 2265, 1004, 50.0945, 0
PixelHit 2265, 1005, 33.6874, 0
PixelHit 2265, 1006, 31.3713, 0
PixelHit 2265, 1007, 17.4443, 0
PixelHit 2265, 1008, 12.2032, 0
PixelHit 2265, 1009, 7.69573, 0
PixelHit 2265, 1010, 0.103578, 0
PixelHit 2266, 994, 1.59339, 0
PixelHit 2266, 1001, 0.457476, 0
PixelHit 2266, 1002, 3.54788, 0
PixelHit 2266, 1003, 13.0141, 0
PixelHit 2266, 1004, 21.6462, 0
PixelHit 2266, 1005, 32.0934, 0
PixelHit 2266, 1006, 34.3666, 0
PixelHit 2266, 1007, 32.4428, 0
PixelHit 2266, 1008, 19.7983, 0
PixelHit 2266, 1009, 27.8342, 0
PixelHit 2266, 1010, 25.5718, 0
PixelHit 2266, 1011, 17.3317, 0
PixelHit 2266, 1012, 7.12504, 0
PixelHit 2267, 992, 0.178958, 0
PixelHit 2267, 1004, 1.22868, 0
PixelHit 2267, 1005, 9.3812, 0
PixelHit 2267, 1006, 20.3239, 0
PixelHit 2267, 1007, 29.0555, 0
PixelHit 2267, 1008, 37.8107, 0
PixelHit 2267, 1009, 64.4798, 0
PixelHit 2267, 1010, 96.3639, 0
PixelHit 2267, 1011, 62.5025, 0
PixelHit 2267, 1012, 26.2474, 0
PixelHit 2267, 1013, 7.556, 0
PixelHit 2267, 1015, 0.755784, 0
PixelHit 2268, 1006, 9.71113, 0
PixelHit 2268, 1007, 11.368, 0
PixelHit 2268, 1008, 21.8508, 0
PixelHit 2268, 1009, 77.7894, 0
PixelHit 2268, 1010, 101.794, 0
PixelHit 2268, 1011, 114.315, 0
PixelHit 2268, 1012, 58.6093, 0
PixelHit 2268, 1013, 19.9546, 0
PixelHit 2268, 1014, 6.58164, 0
PixelHit 2269, 1006, 1.20198, 0
PixelHit 2269, 1007, 4.09998, 0
PixelHit 2269, 1008, 6.11999, 0
PixelHit 2269, 1009, 20.0714, 0
PixelHit 2269, 1010, 56.0501, 0
PixelHit 2269, 1011, 70.8714, 0
PixelHit 2269, 1012, 42.2926, 0
PixelHit 2269, 1013, 39.1472, 0
PixelHit 2269, 1014, 28.2496, 0
PixelHit 2269, 1015, 12.2241, 0
PixelHit 2270, 1008, 1.35525, 0
PixelHit 2270, 1009, 4.47435, 0
PixelHit 2270, 1010, 17.1034, 0
PixelHit 2270, 1011, 12.2374, 0
PixelHit 2270, 1012, 20.2281, 0
PixelHit 2270, 1013, 41.0692, 0
PixelHit 2270, 1014, 49.2525, 0
PixelHit 2270, 1015, 27.4817, 0
PixelHit 2270, 1016, 5.95102, 0
PixelHit 2271, 1012, 8.08525, 0
PixelHit 2271, 1013, 21.6681, 0
PixelHit 2271, 1014, 47.0855, 0
PixelHit 2271, 1015, 18.0545, 0
PixelHit 2271, 1016, 7.27598, 0
PixelHit 2271, 1018, 2.09364, 0
PixelHit 2272, 1013, 5.91008, 0
PixelHit 2272, 1014, 5.95279, 0
PixelHit 2272, 1015, 13.9386, 0
PixelHit 2272, 1016, 23.2614, 0
PixelHit 2272, 1017, 6.70798, 0
PixelHit 2273, 1014, 3.34376, 0
PixelHit 2273, 1015, 14.5743, 0
PixelHit 2273, 1016, 30.9901, 0
PixelHit 2273, 1017, 21.0686, 0
PixelHit 2273, 1018, 3.92958, 0
PixelHit 2273, 1019, 1.68294, 0
PixelHit 2274, 1014, 2.86724, 0
PixelHit 2274, 1015, 11.0294, 0
PixelHit 2274, 1016, 23.2222, 0
PixelHit 2274, 1017, 41.6608, 0
PixelHit 2274, 1018, 18.7262, 0
PixelHit 2274, 1019, 2.71016, 0
PixelHit 2275, 1015, 2.65142, 0
PixelHit 2275, 1016, 12.0714, 0
PixelHit 2275, 1017, 33.8564, 0
PixelHit 2275, 1018, 40.8897, 0
PixelHit 2275, 1019, 13.0137, 0
PixelHit 2275, 1020, 4.98714, 0
PixelHit 2276, 1016, 5.71108, 0
PixelHit 2276, 1017, 23.8046, 0
PixelHit 2276, 1018, 31.744, 0
PixelHit 2276, 1019, 24.1038, 0
PixelHit 2276, 1020, 6.4387, 0
PixelHit 2277, 1017, 6.24507, 0
PixelHit 2277, 1018, 36.5251, 0
PixelHit 2277, 1019, 43.5337, 0
PixelHit 2277, 1020, 25.4197, 0
PixelHit 2277, 1021, 0.791867, 0
PixelHit 2278, 1017, 4.70035, 0
PixelHit 2278, 1018, 18.5196, 0
PixelHit 2278, 1019, 62.5227, 0
PixelHit 2278, 1020, 35.5287, 0
PixelHit 2278, 1021, 3.15678, 0
PixelHit 2279, 1018, 9.51008, 0
PixelHit 2279, 1019, 32.2873, 0
PixelHit 2279, 1020, 39.3736, 0
PixelHit 2279, 1021, 5.52195, 0
PixelHit 2280, 1019, 20.3538, 0
PixelHit 2280, 1020, 40.0156, 0
PixelHit 2280, 1021, 28.1245, 0
PixelHit 2281, 1019, 6.28536, 0
PixelHit 2281, 1020, 28.3216, 0
PixelHit 2281, 1021, 39.6793, 0
PixelHit 2281, 1022, 11.1782, 0
PixelHit 2281, 1023, 2.30764, 0
PixelHit 2282, 1019, 4.65818, 0
PixelHit 2282, 1020, 18.1625, 0
PixelHit 2282, 1021, 41.1588, 0
PixelHit 2282, 1022, 12.5231, 0
PixelHit 2283, 1019, 1.39442, 0
PixelHit 2283, 1020, 4.59434, 0
PixelHit 2283, 1021, 16.6195, 0
PixelHit 2283, 1022, 26.7816, 0
PixelHit 2283, 1023, 2.78469, 0
PixelHit 2284, 1020, 2.29122, 0
PixelHit 2284, 1021, 13.1946, 0
PixelHit 2284, 1022, 53.9237, 0
PixelHit 2284, 1023, 25.0859, 0
PixelHit 2284, 1024, 1.65172, 0
PixelHit 2285, 1021, 16.6271, 0
PixelHit 2285, 1022, 71.8133, 0
PixelHit 2285, 1023, 51.2822, 0
PixelHit 2285, 1024, 6.93406, 0
PixelHit 2286, 1021, 4.93028, 0
PixelHit 2286, 1022, 22.6945, 0
PixelHit 2286, 1023, 37.3322, 0
PixelHit 2286, 1024, 8.40912, 0
PixelHit 2287, 1021, 0.776674, 0
PixelHit 2287, 1022, 1.89276, 0
PixelHit 2287, 1023, 11.7575, 0
PixelHit 2287, 1024, 54.0636, 0
PixelHit 2287, 1025, 19.7113, 0
PixelHit 2287, 1026, 0.321278, 0
PixelHit 2288, 1023, 18.5379, 0
PixelHit 2288, 1024, 131.024, 0
PixelHit 2288, 1025, 108.469, 0
PixelHit 2288, 1026, 10.9538, 0
PixelHit 2289, 1023, 5.48072, 0
PixelHit 2289, 1024, 50.2645, 0
PixelHit 2289, 1025, 84.2753, 0
PixelHit 2289, 1026, 20.5076, 0
PixelHit 2290, 1024, 6.18755, 0
PixelHit 2290, 1025, 15.637, 0
PixelHit 2290, 1026, 6.59082, 0
PixelHit 2290, 1027, 2.08311, 0
PixelHit 2291, 1025, 15.2872, 0
PixelHit 2291, 1026, 28.3796, 0
PixelHit 2291, 1027, 1.88727, 0
PixelHit 2292, 1025, 17.8016, 0
PixelHit 2292, 1026, 57.2277, 0
PixelHit 2292, 1027, 5.5548, 0
PixelHit 2293, 1025, 10.7706, 0
PixelHit 2293, 1026, 52.6116, 0
PixelHit 2293, 1027, 11.3039, 0
PixelHit 2294, 1025, 5.45089, 0
PixelHit 2294, 1026, 31.9282, 0
PixelHit 2294, 1027, 28.3983, 0
PixelHit 2295, 1026, 42.4658, 0
PixelHit 2295, 1027, 92.3633, 0
PixelHit 2295, 1028, 12.2432, 0
PixelHit 2296, 1026, 6.83955, 0
PixelHit 2296, 1027, 83.9149, 0
PixelHit 2296, 1028, 28.6988, 0
PixelHit 2297, 1027, 10.0305, 0
PixelHit 2297, 1028, 35.6163, 0
PixelHit 2297, 1029, 13.6356, 0
PixelHit 2298, 1028, 24.1886, 0
PixelHit 2298, 1029, 34.0463, 0
PixelHit 2299, 1029, 11.3267, 0
PixelHit 2299, 1030, 2.48284, 0
PixelHit 2300, 1029, 2.2673, 0
PixelHit 2300, 1030, 106.976, 0
PixelHit 2300, 1031, 29.4099, 0
PixelHit 2301, 1029, -0.107267, 0
PixelHit 2301, 1030, 58.6828, 0
PixelHit 2301, 1031, 182.512, 0
PixelHit 2301, 1032, 6.32001, 0
PixelHit 2302, 1030, 2.90897, 0
PixelHit 2302, 1031, 24.0534, 0
PixelHit 2302, 1032, 39.5553, 0
PixelHit 2302, 1033, 1.48741, 0
PixelHit 2303, 1031, 1.36155, 0
PixelHit 2303, 1032, 17.4173, 0
PixelHit 2303, 1033, 9.63451, 0
PixelHit 2304, 1032, 3.13808, 0
PixelHit 2304, 1033, 33.0331, 0
=== 29 ===
=== 30 ===
=== 31 ===
=== 32 ===
=== 33 ===
=== 34 ===
=== 35 ===
=== 36 ===
=== 37 ===
=== 38 ===
=== 39 ===
=== 40 ===
=== 41 ===
=== 42 ===
=== 43 ===
=== 44 ===
=== 45 ===
=== 46 ===
=== 47 ===
=== 48 ===
=== 49 ===
=== 50 ===
=== 51 ===
=== 52 ===
=== 53 ===
=== 54 ===
=== 55 ===
=== 56 ===
=== 57 ===
=== 58 ===
=== 59 ===
=== 60 ===
=== 61 ===
=== 62 ===
=== 63 ===
=== 64 ===
=== 65 ===
=== 66 ===
=== 67 ===
=== 68 ===
=== 69 ===
=== 70 ===
=== 71 ===
=== 72 ===
=== 73 ===
=== 74 ===
=== 75 ===
=== 76 ===
=== 77 ===
=== 78 ===
=== 79 ===
=== 80 ===
=== 81 ===
=== 82 ===
=== 83 ===
=== 84 ===
=== 85 ===
=== 86 ===
=== 87 ===
=== 88 ===
=== 89 ===
=== 90 ===
=== 91 ===
=== 92 ===
=== 93 ===
=== 94 ===
=== 95 ===
=== 96 ===
=== 97 ===
=== 98 ===
=== 99 ===
=== 100 ===
# 283 objects from 1 messages
