# Allpix Squared ASCII data - https://cern.ch/allpix-squared

=== 1 ===
=== 2 ===
=== 3 ===
=== 4 ===
=== 5 ===
=== 6 ===
=== 7 ===
=== 8 ===
=== 9 ===
=== 10 ===
=== 11 ===
=== 12 ===
=== 13 ===
=== 14 ===
=== 15 ===
=== 16 ===
=== 17 ===
=== 18 ===
=== 19 ===
=== 20 ===
=== 21 ===
=== 22 ===
=== 23 ===
=== 24 ===
=== 25 ===
=== 26 ===
=== 27 ===
=== 28 ===
=== 29 ===
=== 30 ===
=== 31 ===
=== 32 ===
=== 33 ===
=== 34 ===
=== 35 ===
=== 36 ===
=== 37 ===
=== 38 ===
=== 39 ===
--- mydetector ---
PixelHit 1289, 1066, 1.29975, 0
PixelHit 1290, 949, 1.91317, 0
PixelHit 1290, 1065, 2.00732, 0
PixelHit 1290, 1066, 15.8177, 0
PixelHit 1290, 1067, 4.53467, 0
PixelHit 1291, 949, 1.94613, 0
PixelHit 1291, 950, 3.61018, 0
PixelHit 1291, 951, 1.0623, 0
PixelHit 1291, 1065, 2.26143, 0
PixelHit 1291, 1066, 4.41306, 0
PixelHit 1291, 1067, 5.18984, 0
PixelHit 1291, 1068, 14.4914, 0
PixelHit 1291, 1069, 17.5832, 0
PixelHit 1291, 1070, 9.51509, 0
PixelHit 1291, 1071, 0.351187, 0
PixelHit 1292, 1067, 1.7385, 0
PixelHit 1292, 1068, 22.0352, 0
PixelHit 1292, 1069, 76.3453, 0
PixelHit 1292, 1070, 50.4733, 0
PixelHit 1292, 1071, 21.8954, 0
PixelHit 1292, 1072, 3.94198, 0
PixelHit 1293, 1068, 1.26099, 0
PixelHit 1293, 1069, 16.842, 0
PixelHit 1293, 1070, 25.8569, 0
PixelHit 1293, 1071, 35.278, 0
PixelHit 1293, 1072, 10.1947, 0
PixelHit 1293, 1073, 1.2848, 0
PixelHit 1294, 1071, 6.12332, 0
PixelHit 1294, 1072, 2.02438, 0
PixelHit 1294, 1073, 2.23024, 0
PixelHit 1294, 1074, 8.31928, 0
PixelHit 1294, 1075, 11.3964, 0
PixelHit 1294, 1076, 1.38549, 0
PixelHit 1295, 1074, 8.24448, 0
PixelHit 1295, 1075, 7.12516, 0
PixelHit 1295, 1076, 2.50907, 0
PixelHit 1295, 1077, 3.05818, 0
PixelHit 1296, 1075, 2.9376, 0
PixelHit 1296, 1076, 13.8579, 0
PixelHit 1296, 1077, 15.1999, 0
PixelHit 1296, 1078, 14.2106, 0
PixelHit 1296, 1079, 2.7193, 0
PixelHit 1297, 1078, 8.37317, 0
PixelHit 1297, 1079, 33.1545, 0
PixelHit 1297, 1080, 56.1201, 0
PixelHit 1297, 1081, 8.7284, 0
PixelHit 1298, 1079, 4.38007, 0
PixelHit 1298, 1080, 30.6052, 0
PixelHit 1298, 1081, 22.1104, 0
PixelHit 1298, 1082, 28.8988, 0
PixelHit 1298, 1083, 1.98721, 0
PixelHit 1299, 1081, 2.19618, 0
PixelHit 1299, 1082, 9.66024, 0
PixelHit 1299, 1084, 73.3917, 0
PixelHit 1299, 1085, 3.62766, 0
PixelHit 1300, 1083, 0.940444, 0
PixelHit 1300, 1084, 1.76645, 0
PixelHit 1300, 1085, 1.87634, 0
PixelHit 1697, 1295, 2.4558, 0
PixelHit 1697, 1296, 1.6719, 0
PixelHit 1698, 1294, 3.4337, 0
PixelHit 1698, 1295, 10.3685, 0
PixelHit 1698, 1296, 6.87209, 0
PixelHit 1698, 1297, 1.81269, 0
PixelHit 1699, 1293, 4.0106, 0
PixelHit 1699, 1294, 22.4891, 0
PixelHit 1699, 1295, 15.7411, 0
PixelHit 1699, 1296, 15.8826, 0
PixelHit 1699, 1298, 6.01851, 0
PixelHit 1700, 1291, 2.80296, 0
PixelHit 1700, 1292, 4.17679, 0
PixelHit 1700, 1293, 11.5768, 0
PixelHit 1700, 1294, 32.6025, 0
PixelHit 1700, 1295, 33.7014, 0
PixelHit 1700, 1296, 37.0383, 0
PixelHit 1700, 1297, 16.6752, 0
PixelHit 1700, 1298, 2.48718, 0
PixelHit 1700, 1300, 2.42135, 0
PixelHit 1701, 1290, 1.67126, 0
PixelHit 1701, 1291, 10.4736, 0
PixelHit 1701, 1292, 14.1691, 0
PixelHit 1701, 1293, 9.22155, 0
PixelHit 1701, 1294, 20.7324, 0
PixelHit 1701, 1295, 30.0979, 0
PixelHit 1701, 1296, 36.4675, 0
PixelHit 1701, 1297, 5.5972, 0
PixelHit 1701, 1298, 1.68933, 0
PixelHit 1702, 1289, 5.02206, 0
PixelHit 1702, 1290, 13.5021, 0
PixelHit 1702, 1291, 22.5832, 0
PixelHit 1702, 1292, 20.0055, 0
PixelHit 1702, 1293, 17.0219, 0
PixelHit 1702, 1294, 13.9932, 0
PixelHit 1702, 1295, 12.7363, 0
PixelHit 1702, 1296, 5.28311, 0
PixelHit 1702, 1297, 5.12158, 0
PixelHit 1702, 1298, 0.350764, 0
PixelHit 1703, 1288, 3.41136, 0
PixelHit 1703, 1289, 9.81176, 0
PixelHit 1703, 1290, 17.0192, 0
PixelHit 1703, 1291, 41.66, 0
PixelHit 1703, 1292, 45.3519, 0
PixelHit 1703, 1293, 28.3981, 0
PixelHit 1703, 1294, 3.93701, 0
PixelHit 1703, 1295, 2.86628, 0
PixelHit 1703, 1296, 4.61766, 0
PixelHit 1703, 1297, 1.43168, 0
PixelHit 1704, 1287, 1.77015, 0
PixelHit 1704, 1288, 8.55905, 0
PixelHit 1704, 1289, 21.2153, 0
PixelHit 1704, 1290, 30.9456, 0
PixelHit 1704, 1291, 45.422, 0
PixelHit 1704, 1292, 34.1653, 0
PixelHit 1704, 1293, 16.935, 0
PixelHit 1704, 1294, 7.29512, 0
PixelHit 1704, 1295, 0.77431, 0
PixelHit 1705, 1285, 2.10256, 0
PixelHit 1705, 1286, 1.84194, 0
PixelHit 1705, 1287, 3.69531, 0
PixelHit 1705, 1288, 15.6737, 0
PixelHit 1705, 1289, 26.8181, 0
PixelHit 1705, 1290, 32.7725, 0
PixelHit 1705, 1291, 38.064, 0
PixelHit 1705, 1292, 22.2063, 0
PixelHit 1705, 1293, 9.41329, 0
PixelHit 1705, 1294, 0.376962, 0
PixelHit 1706, 1285, 5.46445, 0
PixelHit 1706, 1286, 4.50593, 0
PixelHit 1706, 1287, 17.2031, 0
PixelHit 1706, 1288, 11.5241, 0
PixelHit 1706, 1289, 12.6255, 0
PixelHit 1706, 1290, 13.6642, 0
PixelHit 1706, 1291, 9.2311, 0
PixelHit 1706, 1292, 5.42317, 0
PixelHit 1707, 1284, 1.5771, 0
PixelHit 1707, 1285, 8.85032, 0
PixelHit 1707, 1286, 8.30549, 0
PixelHit 1707, 1287, 22.7944, 0
PixelHit 1707, 1288, 8.68978, 0
PixelHit 1707, 1289, 8.32834, 0
PixelHit 1707, 1290, 6.52342, 0
PixelHit 1708, 1283, 3.56753, 0
PixelHit 1708, 1284, 7.73422, 0
PixelHit 1708, 1285, 6.87535, 0
PixelHit 1708, 1286, 13.6988, 0
PixelHit 1708, 1287, 13.2261, 0
PixelHit 1708, 1288, 9.82153, 0
PixelHit 1708, 1289, 1.11818, 0
PixelHit 1708, 1290, 1.00541, 0
PixelHit 1709, 1281, 2.13891, 0
PixelHit 1709, 1283, 4.54383, 0
PixelHit 1709, 1284, 5.56319, 0
PixelHit 1709, 1285, 21.1315, 0
PixelHit 1709, 1286, 15.0312, 0
PixelHit 1709, 1287, 5.57378, 0
PixelHit 1709, 1288, 2.1504, 0
PixelHit 1710, 1282, 7.06016, 0
PixelHit 1710, 1283, 10.4095, 0
PixelHit 1710, 1284, 32.1919, 0
PixelHit 1710, 1285, 29.1009, 0
PixelHit 1710, 1286, 22.6919, 0
PixelHit 1710, 1287, 5.5667, 0
PixelHit 1711, 1282, 4.96929, 0
PixelHit 1711, 1283, 35.0065, 0
PixelHit 1711, 1284, 51.0556, 0
PixelHit 1711, 1285, 38.3188, 0
PixelHit 1711, 1286, 13.1312, 0
PixelHit 1711, 1287, 11.9993, 0
PixelHit 1712, 1281, 3.94817, 0
PixelHit 1712, 1282, 23.0207, 0
PixelHit 1712, 1283, 53.1399, 0
PixelHit 1712, 1284, 80.3261, 0
PixelHit 1712, 1285, 43.4961, 0
PixelHit 1712, 1286, 15.3, 0
PixelHit 1712, 1287, 2.76491, 0
PixelHit 1713, 1281, 8.67119, 0
PixelHit 1713, 1282, 32.551, 0
PixelHit 1713, 1283, 60.8089, 0
PixelHit 1713, 1284, 66.357, 0
PixelHit 1713, 1285, 37.0204, 0
PixelHit 1713, 1286, 11.6277, 0
PixelHit 1713, 1287, 4.73857, 0
PixelHit 1714, 1280, 2.94518, 0
PixelHit 1714, 1281, 18.3314, 0
PixelHit 1714, 1282, 35.2563, 0
PixelHit 1714, 1283, 49.3313, 0
PixelHit 1714, 1284, 26.4486, 0
PixelHit 1714, 1285, 15.0964, 0
PixelHit 1715, 1279, 3.80068, 0
PixelHit 1715, 1280, 6.00076, 0
PixelHit 1715, 1281, 24.3551, 0
PixelHit 1715, 1282, 37.5752, 0
PixelHit 1715, 1283, 28.7182, 0
PixelHit 1715, 1284, 9.12814, 0
PixelHit 1715, 1285, 4.41118, 0
PixelHit 1715, 1286, 1.43953, 0
PixelHit 1716, 1278, 1.66845, 0
PixelHit 1716, 1279, 3.28364, 0
PixelHit 1716, 1280, 12.4493, 0
PixelHit 1716, 1281, 32.33, 0
PixelHit 1716, 1282, 33.7398, 0
PixelHit 1716, 1283, 24.5928, 0
PixelHit 1716, 1284, 4.56818, 0
PixelHit 1716, 1285, 2.24621, 0
PixelHit 1717, 1279, 19.6644, 0
PixelHit 1717, 1280, 17.1838, 0
PixelHit 1717, 1281, 23.3422, 0
PixelHit 1717, 1282, 21.8556, 0
PixelHit 1717, 1283, 7.21023, 0
PixelHit 1718, 1278, 2.2207, 0
PixelHit 1718, 1279, 15.3096, 0
PixelHit 1718, 1280, 16.8658, 0
PixelHit 1718, 1281, 19.3003, 0
PixelHit 1718, 1282, 18.6734, 0
PixelHit 1718, 1283, 4.67881, 0
PixelHit 1719, 1277, 4.32746, 0
PixelHit 1719, 1278, 4.59511, 0
PixelHit 1719, 1279, 15.291, 0
PixelHit 1719, 1280, 13.1785, 0
PixelHit 1719, 1281, 14.6877, 0
PixelHit 1719, 1282, 4.90212, 0
PixelHit 1720, 1277, 1.24761, 0
PixelHit 1720, 1278, 6.21634, 0
PixelHit 1720, 1279, 15.147, 0
PixelHit 1720, 1280, 3.8469, 0
PixelHit 1720, 1281, 4.86538, 0
PixelHit 1721, 1276, 3.86192, 0
PixelHit 1721, 1277, 4.41358, 0
PixelHit 1721, 1278, 6.43935, 0
PixelHit 1721, 1279, 8.11063, 0
PixelHit 1721, 1280, 4.07516, 0
PixelHit 1722, 1275, 0.768406, 0
PixelHit 1722, 1276, 4.70776, 0
PixelHit 1722, 1278, 3.767, 0
PixelHit 1722, 1279, 1.20346, 0
PixelHit 1723, 1273, 1.34928, 0
PixelHit 1723, 1274, 6.48531, 0
PixelHit 1723, 1275, 7.50078, 0
PixelHit 1723, 1276, 10.9855, 0
PixelHit 1723, 1277, 7.61728, 0
PixelHit 1723, 1278, 1.68249, 0
PixelHit 1724, 1272, 0.12847, 0
PixelHit 1724, 1273, 3.64663, 0
PixelHit 1724, 1274, 7.91879, 0
PixelHit 1724, 1275, 9.37679, 0
PixelHit 1724, 1276, 10.5991, 0
PixelHit 1724, 1277, 4.77735, 0
PixelHit 1724, 1278, 2.41525, 0
PixelHit 1725, 1272, 4.76113, 0
PixelHit 1725, 1273, 12.921, 0
PixelHit 1725, 1274, 29.1155, 0
PixelHit 1725, 1275, 15.0706, 0
PixelHit 1725, 1276, 10.8828, 0
PixelHit 1725, 1277, 2.43985, 0
PixelHit 1725, 1278, 1.18482, 0
PixelHit 1726, 1272, 11.2983, 0
PixelHit 1726, 1273, 32.7238, 0
PixelHit 1726, 1274, 40.0685, 0
PixelHit 1726, 1275, 18.3462, 0
PixelHit 1726, 1276, 2.34492, 0
PixelHit 1727, 1269, 0.571799, 0
PixelHit 1727, 1270, 2.42072, 0
PixelHit 1727, 1271, 4.44121, 0
PixelHit 1727, 1272, 13.7164, 0
PixelHit 1727, 1273, 28.0075, 0
PixelHit 1727, 1274, 20.0338, 0
PixelHit 1727, 1275, 7.9881, 0
PixelHit 1727, 1276, 2.04933, 0
PixelHit 1728, 1270, 3.98516, 0
PixelHit 1728, 1271, 16.1872, 0
PixelHit 1728, 1272, 9.97202, 0
PixelHit 1728, 1273, 8.43874, 0
PixelHit 1728, 1274, 9.03978, 0
PixelHit 1728, 1275, 6.41986, 0
PixelHit 1729, 1268, 8.15288, 0
PixelHit 1729, 1269, 9.96354, 0
PixelHit 1729, 1270, 26.1654, 0
PixelHit 1729, 1271, 11.3633, 0
PixelHit 1729, 1272, 14.6959, 0
PixelHit 1729, 1273, 6.26017, 0
PixelHit 1729, 1274, 3.77481, 0
PixelHit 1730, 1266, 3.54521, 0
PixelHit 1730, 1267, 7.56039, 0
PixelHit 1730, 1268, 30.9837, 0
PixelHit 1730, 1269, 47.5316, 0
PixelHit 1730, 1270, 31.4156, 0
PixelHit 1730, 1271, 8.36864, 0
PixelHit 1730, 1272, 4.72391, 0
PixelHit 1731, 1262, 3.16692, 0
PixelHit 1731, 1265, 7.81928, 0
PixelHit 1731, 1266, 15.8006, 0
PixelHit 1731, 1267, 39.2019, 0
PixelHit 1731, 1268, 43.8014, 0
PixelHit 1731, 1269, 47.7162, 0
PixelHit 1731, 1270, 22.9482, 0
PixelHit 1731, 1271, 9.15332, 0
PixelHit 1731, 1272, 0.0410762, 0
PixelHit 1732, 1260, 4.07573, 0
PixelHit 1732, 1261, 5.96949, 0
PixelHit 1732, 1262, 8.80805, 0
PixelHit 1732, 1263, 13.5707, 0
PixelHit 1732, 1264, 23.4718, 0
PixelHit 1732, 1265, 20.077, 0
PixelHit 1732, 1266, 35.2721, 0
PixelHit 1732, 1267, 53.4063, 0
PixelHit 1732, 1268, 32.6443, 0
PixelHit 1732, 1269, 17.6945, 0
PixelHit 1732, 1270, 7.91011, 0
PixelHit 1732, 1271, 2.45253, 0
PixelHit 1733, 1257, 1.0858, 0
PixelHit 1733, 1258, 4.41452, 0
PixelHit 1733, 1259, 15.9909, 0
PixelHit 1733, 1260, 20.6835, 0
PixelHit 1733, 1261, 23.6529, 0
PixelHit 1733, 1262, 18.2087, 0
PixelHit 1733, 1263, 37.2572, 0
PixelHit 1733, 1264, 44.2416, 0
PixelHit 1733, 1265, 25.6636, 0
PixelHit 1733, 1266, 26.6057, 0
PixelHit 1733, 1267, 20.7167, 0
PixelHit 1733, 1268, 23.1795, 0
PixelHit 1733, 1269, 3.92196, 0
PixelHit 1733, 1270, 2.63337, 0
PixelHit 1734, 1257, 1.73831, 0
PixelHit 1734, 1258, 20.3349, 0
PixelHit 1734, 1259, 51.179, 0
PixelHit 1734, 1260, 94.0307, 0
PixelHit 1734, 1261, 44.5469, 0
PixelHit 1734, 1262, 19.3606, 0
PixelHit 1734, 1263, 22.6037, 0
PixelHit 1734, 1264, 15.6235, 0
PixelHit 1734, 1265, 2.61811, 0
PixelHit 1734, 1266, 4.59182, 0
PixelHit 1734, 1267, 2.12531, 0
PixelHit 1734, 1268, 2.87139, 0
PixelHit 1735, 1253, 4.03552, 0
PixelHit 1735, 1254, 7.21881, 0
PixelHit 1735, 1255, 8.02319, 0
PixelHit 1735, 1256, 11.8692, 0
PixelHit 1735, 1257, 30.0918, 0
PixelHit 1735, 1258, 45.7702, 0
PixelHit 1735, 1259, 47.0831, 0
PixelHit 1735, 1260, 46.9971, 0
PixelHit 1735, 1261, 17.9898, 0
PixelHit 1735, 1262, 7.13244, 0
PixelHit 1735, 1263, 3.70164, 0
PixelHit 1735, 1264, 3.1123, 0
PixelHit 1736, 1251, 2.06238, 0
PixelHit 1736, 1252, 10.961, 0
PixelHit 1736, 1253, 21.0009, 0
PixelHit 1736, 1254, 80.4283, 0
PixelHit 1736, 1255, 30.7414, 0
PixelHit 1736, 1256, 18.7972, 0
PixelHit 1736, 1257, 27.2845, 0
PixelHit 1736, 1258, 13.898, 0
PixelHit 1736, 1259, 9.69276, 0
PixelHit 1736, 1260, 10.9782, 0
PixelHit 1736, 1261, 1.37065, 0
PixelHit 1737, 1247, 1.99147, 0
PixelHit 1737, 1248, 4.0861, 0
PixelHit 1737, 1250, 6.41097, 0
PixelHit 1737, 1251, 7.50734, 0
PixelHit 1737, 1252, 21.8746, 0
PixelHit 1737, 1253, 33.0939, 0
PixelHit 1737, 1254, 75.8755, 0
PixelHit 1737, 1255, 49.0385, 0
PixelHit 1737, 1256, 8.12381, 0
PixelHit 1737, 1257, 5.4473, 0
PixelHit 1737, 1258, 2.22268, 0
PixelHit 1738, 1245, 2.03419, 0
PixelHit 1738, 1246, 5.49141, 0
PixelHit 1738, 1247, 8.58924, 0
PixelHit 1738, 1248, 11.8962, 0
PixelHit 1738, 1249, 15.8092, 0
PixelHit 1738, 1250, 18.3399, 0
PixelHit 1738, 1251, 31.0332, 0
PixelHit 1738, 1252, 39.2569, 0
PixelHit 1738, 1253, 33.1281, 0
PixelHit 1738, 1254, 23.3134, 0
PixelHit 1738, 1255, 10.1548, 0
PixelHit 1738, 1256, 1.44764, 0
PixelHit 1739, 1242, 1.91367, 0
PixelHit 1739, 1243, 10.7711, 0
PixelHit 1739, 1244, 9.98795, 0
PixelHit 1739, 1245, 16.8793, 0
PixelHit 1739, 1246, 11.9915, 0
PixelHit 1739, 1247, 37.049, 0
PixelHit 1739, 1248, 67.4242, 0
PixelHit 1739, 1249, 51.6593, 0
PixelHit 1739, 1250, 29.5424, 0
PixelHit 1739, 1251, 22.2864, 0
PixelHit 1739, 1252, 11.9565, 0
PixelHit 1739, 1253, 6.50329, 0
PixelHit 1739, 1254, 1.50142, 0
PixelHit 1740, 1238, 8.82184, 0
PixelHit 1740, 1239, 4.18822, 0
PixelHit 1740, 1242, 4.62862, 0
PixelHit 1740, 1243, 31.8582, 0
PixelHit 1740, 1244, 58.6412, 0
PixelHit 1740, 1245, 40.1343, 0
PixelHit 1740, 1246, 25.2499, 0
PixelHit 1740, 1247, 61.2476, 0
PixelHit 1740, 1248, 85.3494, 0
PixelHit 1740, 1249, 32.841, 0
PixelHit 1740, 1250, 6.36619, 0
PixelHit 1740, 1251, 5.15386, 0
PixelHit 1741, 1235, 0.433379, 0
PixelHit 1741, 1236, 6.22825, 0
PixelHit 1741, 1237, 20.6248, 0
PixelHit 1741, 1238, 75.6547, 0
PixelHit 1741, 1239, 87.1737, 0
PixelHit 1741, 1240, 22.0808, 0
PixelHit 1741, 1241, 2.9855, 0
PixelHit 1741, 1242, 7.75757, 0
PixelHit 1741, 1243, 34.4455, 0
PixelHit 1741, 1244, 38.6908, 0
PixelHit 1741, 1245, 27.6002, 0
PixelHit 1741, 1246, 11.1735, 0
PixelHit 1741, 1247, 11.2779, 0
PixelHit 1741, 1248, 18.1839, 0
PixelHit 1741, 1249, 4.35704, 0
PixelHit 1741, 1250, 0.401827, 0
PixelHit 1742, 1232, 5.01085, 0
PixelHit 1742, 1233, 19.8817, 0
PixelHit 1742, 1234, 26.7668, 0
PixelHit 1742, 1235, 18.6737, 0
PixelHit 1742, 1236, 32.8682, 0
PixelHit 1742, 1237, 40.0779, 0
PixelHit 1742, 1238, 146.552, 0
PixelHit 1742, 1239, 121.773, 0
PixelHit 1742, 1240, 19.256, 0
PixelHit 1742, 1241, 2.99235, 0
PixelHit 1742, 1242, 3.04098, 0
PixelHit 1742, 1243, 9.13306, 0
PixelHit 1742, 1244, 2.5649, 0
PixelHit 1742, 1245, 2.7238, 0
PixelHit 1742, 1246, 0.645429, 0
PixelHit 1742, 1247, 2.26488, 0
PixelHit 1742, 1248, 3.5329, 0
PixelHit 1743, 1231, 4.65352, 0
PixelHit 1743, 1232, 10.2101, 0
PixelHit 1743, 1233, 41.9953, 0
PixelHit 1743, 1234, 166.025, 0
PixelHit 1743, 1235, 68.8542, 0
PixelHit 1743, 1236, 43.9867, 0
PixelHit 1743, 1237, 25.9019, 0
PixelHit 1743, 1238, 47.7775, 0
PixelHit 1743, 1239, 25.7623, 0
PixelHit 1743, 1240, 3.79789, 0
PixelHit 1744, 1228, 9.58982, 0
PixelHit 1744, 1229, 35.1988, 0
PixelHit 1744, 1230, 13.6368, 0
PixelHit 1744, 1231, 14.2289, 0
PixelHit 1744, 1232, 15.0918, 0
PixelHit 1744, 1233, 36.3996, 0
PixelHit 1744, 1234, 91.6103, 0
PixelHit 1744, 1235, 42.0258, 0
PixelHit 1744, 1236, 5.47538, 0
PixelHit 1744, 1238, 1.40835, 0
PixelHit 1744, 1239, 2.04743, 0
PixelHit 1745, 1225, 5.24365, 0
PixelHit 1745, 1226, 17.7096, 0
PixelHit 1745, 1227, 23.5112, 0
PixelHit 1745, 1228, 35.2521, 0
PixelHit 1745, 1229, 62.4209, 0
PixelHit 1745, 1230, 26.2414, 0
PixelHit 1745, 1231, 12.683, 0
PixelHit 1745, 1232, 6.47927, 0
PixelHit 1745, 1234, 7.20012, 0
PixelHit 1746, 1224, 3.76616, 0
PixelHit 1746, 1225, 195.355, 0
PixelHit 1746, 1226, 117.962, 0
PixelHit 1746, 1227, 38.4624, 0
PixelHit 1746, 1228, 3.07653, 0
PixelHit 1746, 1229, 6.91993, 0
PixelHit 1746, 1230, 2.78847, 0
PixelHit 1746, 1231, 2.09286, 0
PixelHit 1747, 1225, 15.4113, 0
PixelHit 1747, 1226, 3.02646, 0
=== 40 ===
=== 41 ===
=== 42 ===
=== 43 ===
=== 44 ===
=== 45 ===
=== 46 ===
=== 47 ===
=== 48 ===
=== 49 ===
=== 50 ===
=== 51 ===
=== 52 ===
=== 53 ===
=== 54 ===
=== 55 ===
=== 56 ===
=== 57 ===
=== 58 ===
=== 59 ===
=== 60 ===
=== 61 ===
=== 62 ===
=== 63 ===
=== 64 ===
=== 65 ===
=== 66 ===
=== 67 ===
=== 68 ===
=== 69 ===
=== 70 ===
=== 71 ===
=== 72 ===
=== 73 ===
=== 74 ===
=== 75 ===
=== 76 ===
=== 77 ===
=== 78 ===
=== 79 ===
=== 80 ===
=== 81 ===
=== 82 ===
=== 83 ===
=== 84 ===
=== 85 ===
--- mydetector ---
PixelHit 863, 1482, 0.991987, 0
PixelHit 863, 1484, 4.24238, 0
PixelHit 863, 1485, 3.2858, 0
PixelHit 863, 1486, 3.39431, 0
PixelHit 863, 1487, 3.05115, 0
PixelHit 864, 1479, -0.298834, 0
PixelHit 864, 1481, 2.17749, 0
PixelHit 864, 1482, 7.81137, 0
PixelHit 864, 1483, 10.2603, 0
PixelHit 864, 1484, 17.3476, 0
PixelHit 864, 1485, 27.3676, 0
PixelHit 864, 1486, 28.0391, 0
PixelHit 864, 1487, 11.5095, 0
PixelHit 865, 1479, 1.56468, 0
PixelHit 865, 1480, 6.36202, 0
PixelHit 865, 1481, 6.86238, 0
PixelHit 865, 1482, 18.6558, 0
PixelHit 865, 1483, 33.2581, 0
PixelHit 865, 1484, 62.3715, 0
PixelHit 865, 1485, 103.81, 0
PixelHit 865, 1486, 62.6341, 0
PixelHit 865, 1487, 20.9037, 0
PixelHit 865, 1488, 3.91003, 0
PixelHit 865, 1489, 1.77886, 0
PixelHit 866, 1478, 5.90503, 0
PixelHit 866, 1479, 22.1646, 0
PixelHit 866, 1480, 29.92, 0
PixelHit 866, 1481, 37.5179, 0
PixelHit 866, 1482, 46.8659, 0
PixelHit 866, 1483, 69.4543, 0
PixelHit 866, 1484, 119.931, 0
PixelHit 866, 1485, 140.762, 0
PixelHit 866, 1486, 105.929, 0
PixelHit 866, 1487, 38.6928, 0
PixelHit 866, 1488, 17.6615, 0
PixelHit 866, 1489, 0.672173, 0
PixelHit 866, 1490, 1.09344, 0
PixelHit 867, 1475, 1.23628, 0
PixelHit 867, 1476, 6.55983, 0
PixelHit 867, 1477, 21.5749, 0
PixelHit 867, 1478, 34.7109, 0
PixelHit 867, 1479, 47.454, 0
PixelHit 867, 1480, 42.9198, 0
PixelHit 867, 1481, 33.6038, 0
PixelHit 867, 1482, 30.5258, 0
PixelHit 867, 1483, 54.8921, 0
PixelHit 867, 1484, 95.3461, 0
PixelHit 867, 1485, 117.179, 0
PixelHit 867, 1486, 74.2992, 0
PixelHit 867, 1487, 24.4633, 0
PixelHit 867, 1488, 6.67904, 0
PixelHit 868, 1475, 8.9559, 0
PixelHit 868, 1476, 32.2358, 0
PixelHit 868, 1477, 65.1792, 0
PixelHit 868, 1478, 62.1978, 0
PixelHit 868, 1479, 35.1952, 0
PixelHit 868, 1480, 24.2634, 0
PixelHit 868, 1481, 18.038, 0
PixelHit 868, 1482, 14.5621, 0
PixelHit 868, 1483, 22.7497, 0
PixelHit 868, 1484, 36.9775, 0
PixelHit 868, 1485, 71.3475, 0
PixelHit 868, 1486, 39.679, 0
PixelHit 868, 1487, 11.868, 0
PixelHit 868, 1488, 3.8815, 0
PixelHit 869, 1474, 5.75973, 0
PixelHit 869, 1475, 18.4175, 0
PixelHit 869, 1476, 57.1552, 0
PixelHit 869, 1477, 56.4044, 0
PixelHit 869, 1478, 23.8648, 0
PixelHit 869, 1479, 8.79497, 0
PixelHit 869, 1480, 1.9719, 0
PixelHit 869, 1481, 2.11835, 0
PixelHit 869, 1482, 3.98017, 0
PixelHit 869, 1483, 3.02929, 0
PixelHit 869, 1484, 2.15741, 0
PixelHit 869, 1485, 7.28383, 0
PixelHit 869, 1486, 1.71101, 0
PixelHit 869, 1487, 1.48258, 0
PixelHit 869, 1488, 2.11087, 0
PixelHit 870, 1473, 3.22254, 0
PixelHit 870, 1474, 40.0824, 0
PixelHit 870, 1475, 34.7236, 0
PixelHit 870, 1476, 27.3541, 0
PixelHit 870, 1477, 11.4005, 0
PixelHit 870, 1478, 4.46751, 0
PixelHit 870, 1479, 1.29725, 0
PixelHit 871, 1472, 42.41, 0
PixelHit 871, 1473, 147.745, 0
PixelHit 871, 1474, 76.3914, 0
PixelHit 871, 1475, 25.9516, 0
PixelHit 871, 1477, 4.53144, 0
PixelHit 872, 1472, 62.1969, 0
PixelHit 872, 1473, 197.36, 0
PixelHit 872, 1474, 27.3172, 0
PixelHit 872, 1475, 5.67575, 0
PixelHit 873, 1471, 13.9394, 0
PixelHit 873, 1472, 17.1676, 0
PixelHit 873, 1473, 6.7047, 0
PixelHit 873, 1474, 1.66418, 0
=== 86 ===
=== 87 ===
=== 88 ===
=== 89 ===
=== 90 ===
=== 91 ===
=== 92 ===
=== 93 ===
=== 94 ===
=== 95 ===
=== 96 ===
=== 97 ===
=== 98 ===
=== 99 ===
=== 100 ===
# 579 objects from 2 messages
