# Allpix Squared ASCII data - https://cern.ch/allpix-squared

=== 1 ===
=== 2 ===
=== 3 ===
=== 4 ===
=== 5 ===
=== 6 ===
=== 7 ===
=== 8 ===
=== 9 ===
=== 10 ===
=== 11 ===
=== 12 ===
=== 13 ===
=== 14 ===
=== 15 ===
=== 16 ===
=== 17 ===
=== 18 ===
=== 19 ===
=== 20 ===
=== 21 ===
=== 22 ===
=== 23 ===
=== 24 ===
=== 25 ===
=== 26 ===
=== 27 ===
=== 28 ===
=== 29 ===
=== 30 ===
--- mydetector ---
PixelHit 1328, 1105, 5.39619, 0
PixelHit 1328, 1106, 4.6333, 0
PixelHit 1329, 1105, 175.691, 0
PixelHit 1329, 1106, 68.471, 0
PixelHit 1330, 1105, 82.3994, 0
PixelHit 1330, 1106, 159.978, 0
PixelHit 1330, 1107, 2.24338, 0
PixelHit 1331, 1105, 61.5016, 0
PixelHit 1331, 1106, 197.457, 0
PixelHit 1331, 1107, 5.76772, 0
PixelHit 1332, 1105, 18.7867, 0
PixelHit 1332, 1106, 73.8019, 0
PixelHit 1332, 1107, 9.33264, 0
PixelHit 1333, 1105, 5.70043, 0
PixelHit 1333, 1106, 79.8081, 0
PixelHit 1333, 1107, 32.6032, 0
PixelHit 1334, 1105, 4.83716, 0
PixelHit 1334, 1106, 43.1775, 0
PixelHit 1334, 1107, 43.1482, 0
PixelHit 1334, 1108, 5.79071, 0
PixelHit 1335, 1105, 3.17369, 0
PixelHit 1335, 1106, 49.6746, 0
PixelHit 1335, 1107, 131.579, 0
PixelHit 1335, 1108, 39.2108, 0
PixelHit 1336, 1105, 1.93829, 0
PixelHit 1336, 1106, 46.327, 0
PixelHit 1336, 1107, 253.961, 0
PixelHit 1336, 1108, 117.04, 0
PixelHit 1336, 1109, 6.26429, 0
PixelHit 1337, 1106, 14.1594, 0
PixelHit 1337, 1107, 144.797, 0
PixelHit 1337, 1108, 135.563, 0
PixelHit 1337, 1109, 10.3268, 0
PixelHit 1338, 1106, 11.6017, 0
PixelHit 1338, 1107, 64.866, 0
PixelHit 1338, 1108, 64.8459, 0
PixelHit 1338, 1109, 10.3564, 0
PixelHit 1339, 1106, 4.64251, 0
PixelHit 1339, 1107, 40.7818, 0
PixelHit 1339, 1108, 33.8735, 0
PixelHit 1339, 1109, 2.9249, 0
PixelHit 1340, 1106, 3.06693, 0
PixelHit 1340, 1107, 41.7687, 0
PixelHit 1340, 1108, 8.35725, 0
PixelHit 1341, 1105, 2.40643, 0
PixelHit 1341, 1106, 26.2576, 0
PixelHit 1341, 1107, 59.8694, 0
PixelHit 1341, 1108, 28.2569, 0
PixelHit 1342, 1105, 1.44508, 0
PixelHit 1342, 1106, 78.878, 0
PixelHit 1342, 1107, 183.114, 0
PixelHit 1342, 1108, 85.1518, 0
PixelHit 1342, 1109, 9.12711, 0
PixelHit 1343, 1073, 2.39647, 0
PixelHit 1343, 1075, 9.25809, 0
PixelHit 1343, 1076, 2.69451, 0
PixelHit 1343, 1105, 9.6227, 0
PixelHit 1343, 1106, 84.9186, 0
PixelHit 1343, 1107, 204.874, 0
PixelHit 1343, 1108, 92.9976, 0
PixelHit 1343, 1109, 10.6648, 0
PixelHit 1344, 1073, 8.31985, 0
PixelHit 1344, 1074, 34.7936, 0
PixelHit 1344, 1075, 87.3325, 0
PixelHit 1344, 1076, 66.5384, 0
PixelHit 1344, 1077, 26.2831, 0
PixelHit 1344, 1078, 4.68382, 0
PixelHit 1344, 1105, 3.26843, 0
PixelHit 1344, 1106, 38.9088, 0
PixelHit 1344, 1107, 90.873, 0
PixelHit 1344, 1108, 40.3755, 0
PixelHit 1344, 1109, 4.18755, 0
PixelHit 1345, 1072, 4.85425, 0
PixelHit 1345, 1073, 51.5871, 0
PixelHit 1345, 1074, 258.344, 0
PixelHit 1345, 1075, 490.473, 0
PixelHit 1345, 1076, 399.888, 0
PixelHit 1345, 1077, 113.639, 0
PixelHit 1345, 1078, 22.8383, 0
PixelHit 1345, 1079, 3.9952, 0
PixelHit 1345, 1081, 0.985582, 0
PixelHit 1345, 1105, 2.49654, 0
PixelHit 1345, 1106, 41.0335, 0
PixelHit 1345, 1107, 68.9726, 0
PixelHit 1345, 1108, 18.9167, 0
PixelHit 1345, 1109, 1.50743, 0
PixelHit 1346, 1070, 2.37374, 0
PixelHit 1346, 1072, 16.3464, 0
PixelHit 1346, 1073, 158.858, 0
PixelHit 1346, 1074, 636.496, 0
PixelHit 1346, 1075, 904.177, 0
PixelHit 1346, 1076, 676.149, 0
PixelHit 1346, 1077, 283.234, 0
PixelHit 1346, 1078, 65.5086, 0
PixelHit 1346, 1079, 15.1094, 0
PixelHit 1346, 1080, 8.70991, 0
PixelHit 1346, 1081, 8.09285, 0
PixelHit 1346, 1082, 16.9492, 0
PixelHit 1346, 1083, 15.0675, 0
PixelHit 1346, 1085, 2.29605, 0
PixelHit 1346, 1086, 5.68892, 0
PixelHit 1346, 1087, 11.1492, 0
PixelHit 1346, 1088, 5.93348, 0
PixelHit 1346, 1089, 5.24648, 0
PixelHit 1346, 1105, 10.7304, 0
PixelHit 1346, 1106, 49.6569, 0
PixelHit 1346, 1107, 67.2735, 0
PixelHit 1346, 1108, 11.2729, 0
PixelHit 1347, 1069, 6.92803, 0
PixelHit 1347, 1070, 21.5352, 0
PixelHit 1347, 1071, 36.8395, 0
PixelHit 1347, 1072, 72.8262, 0
PixelHit 1347, 1073, 220.338, 0
PixelHit 1347, 1074, 467.526, 0
PixelHit 1347, 1075, 624.172, 0
PixelHit 1347, 1076, 548.296, 0
PixelHit 1347, 1077, 279.153, 0
PixelHit 1347, 1078, 79.7257, 0
PixelHit 1347, 1079, 37.476, 0
PixelHit 1347, 1080, 25.9219, 0
PixelHit 1347, 1081, 25.8648, 0
PixelHit 1347, 1082, 55.6766, 0
PixelHit 1347, 1083, 26.4451, 0
PixelHit 1347, 1084, 16.8216, 0
PixelHit 1347, 1085, 8.136, 0
PixelHit 1347, 1086, 25.8182, 0
PixelHit 1347, 1087, 35.7499, 0
PixelHit 1347, 1088, 24.2369, 0
PixelHit 1347, 1089, 14.136, 0
PixelHit 1347, 1090, 6.65111, 0
PixelHit 1347, 1091, 8.89421, 0
PixelHit 1347, 1093, 2.02826, 0
PixelHit 1347, 1104, 4.35606, 0
PixelHit 1347, 1105, 23.7822, 0
PixelHit 1347, 1106, 57.2472, 0
PixelHit 1347, 1107, 45.4605, 0
PixelHit 1347, 1108, 12.4825, 0
PixelHit 1348, 1067, 51.6535, 0
PixelHit 1348, 1068, 17.9908, 0
PixelHit 1348, 1069, 83.3812, 0
PixelHit 1348, 1070, 106.751, 0
PixelHit 1348, 1071, 72.4983, 0
PixelHit 1348, 1072, 97.887, 0
PixelHit 1348, 1073, 106.886, 0
PixelHit 1348, 1074, 143.874, 0
PixelHit 1348, 1075, 163.685, 0
PixelHit 1348, 1076, 138.931, 0
PixelHit 1348, 1077, 99.1287, 0
PixelHit 1348, 1078, 47.3686, 0
PixelHit 1348, 1079, 27.0961, 0
PixelHit 1348, 1080, 25.2143, 0
PixelHit 1348, 1081, 38.0618, 0
PixelHit 1348, 1082, 50.208, 0
PixelHit 1348, 1083, 45.0031, 0
PixelHit 1348, 1084, 21.8608, 0
PixelHit 1348, 1085, 22.9378, 0
PixelHit 1348, 1086, 45.5588, 0
PixelHit 1348, 1087, 51.7729, 0
PixelHit 1348, 1088, 55.2081, 0
PixelHit 1348, 1089, 35.2466, 0
PixelHit 1348, 1090, 26.5621, 0
PixelHit 1348, 1091, 15.6595, 0
PixelHit 1348, 1092, 18.6162, 0
PixelHit 1348, 1093, 8.4448, 0
PixelHit 1348, 1094, 2.67701, 0
PixelHit 1348, 1095, 0.191564, 0
PixelHit 1348, 1102, 3.15703, 0
PixelHit 1348, 1103, 8.43788, 0
PixelHit 1348, 1104, 19.5839, 0
PixelHit 1348, 1105, 33.552, 0
PixelHit 1348, 1106, 38.1511, 0
PixelHit 1348, 1107, 20.0133, 0
PixelHit 1348, 1108, 1.96453, 0
PixelHit 1349, 1066, 2.95544, 0
PixelHit 1349, 1067, 96.1923, 0
PixelHit 1349, 1068, 14.0661, 0
PixelHit 1349, 1069, 25.2733, 0
PixelHit 1349, 1070, 32.6028, 0
PixelHit 1349, 1071, 17.4834, 0
PixelHit 1349, 1072, 19.7056, 0
PixelHit 1349, 1073, 9.84066, 0
PixelHit 1349, 1074, 12.0768, 0
PixelHit 1349, 1075, 12.1168, 0
PixelHit 1349, 1076, 13.9751, 0
PixelHit 1349, 1077, 11.5085, 0
PixelHit 1349, 1078, 10.9457, 0
PixelHit 1349, 1079, 6.48843, 0
PixelHit 1349, 1080, 4.50448, 0
PixelHit 1349, 1081, 18.8098, 0
PixelHit 1349, 1082, 19.7507, 0
PixelHit 1349, 1083, 17.8967, 0
PixelHit 1349, 1084, 12.4241, 0
PixelHit 1349, 1085, 8.70649, 0
PixelHit 1349, 1086, 30.5263, 0
PixelHit 1349, 1087, 39.9849, 0
PixelHit 1349, 1088, 37.3403, 0
PixelHit 1349, 1089, 35.4169, 0
PixelHit 1349, 1090, 42.5415, 0
PixelHit 1349, 1091, 37.4553, 0
PixelHit 1349, 1092, 43.4516, 0
PixelHit 1349, 1093, 31.4527, 0
PixelHit 1349, 1094, 22.1529, 0
PixelHit 1349, 1095, 6.35748, 0
PixelHit 1349, 1096, 5.13241, 0
PixelHit 1349, 1097, 4.94535, 0
PixelHit 1349, 1098, 2.31286, 0
PixelHit 1349, 1101, 10.0869, 0
PixelHit 1349, 1102, 26.3088, 0
PixelHit 1349, 1103, 35.6158, 0
PixelHit 1349, 1104, 27.2113, 0
PixelHit 1349, 1105, 25.1718, 0
PixelHit 1349, 1106, 22.096, 0
PixelHit 1349, 1107, 3.7128, 0
PixelHit 1349, 1108, 2.47106, 0
PixelHit 1350, 1067, 0.0885253, 0
PixelHit 1350, 1069, 1.81686, 0
PixelHit 1350, 1071, 0.977736, 0
PixelHit 1350, 1077, 2.84864, 0
PixelHit 1350, 1078, 2.05713, 0
PixelHit 1350, 1081, 2.13021, 0
PixelHit 1350, 1083, 8.70321, 0
PixelHit 1350, 1086, 5.23536, 0
PixelHit 1350, 1087, 13.2467, 0
PixelHit 1350, 1088, 9.44737, 0
PixelHit 1350, 1089, 12.2958, 0
PixelHit 1350, 1090, 23.9108, 0
PixelHit 1350, 1091, 50.163, 0
PixelHit 1350, 1092, 67.5023, 0
PixelHit 1350, 1093, 62.027, 0
PixelHit 1350, 1094, 43.7857, 0
PixelHit 1350, 1095, 41.1611, 0
PixelHit 1350, 1096, 23.3176, 0
PixelHit 1350, 1097, 27.8404, 0
PixelHit 1350, 1098, 21.3377, 0
PixelHit 1350, 1099, 15.6745, 0
PixelHit 1350, 1100, 27.4337, 0
PixelHit 1350, 1101, 40.6138, 0
PixelHit 1350, 1102, 63.393, 0
PixelHit 1350, 1103, 68.1183, 0
PixelHit 1350, 1104, 46.3992, 0
PixelHit 1350, 1105, 21.0699, 0
PixelHit 1350, 1106, 10.924, 0
PixelHit 1351, 1085, 4.04889, 0
PixelHit 1351, 1086, 3.18297, 0
PixelHit 1351, 1089, 2.9186, 0
PixelHit 1351, 1090, 5.85441, 0
PixelHit 1351, 1091, 22.288, 0
PixelHit 1351, 1092, 39.4314, 0
PixelHit 1351, 1093, 33.0445, 0
PixelHit 1351, 1094, 36.9317, 0
PixelHit 1351, 1095, 49.7796, 0
PixelHit 1351, 1096, 74.0093, 0
PixelHit 1351, 1097, 82.6628, 0
PixelHit 1351, 1098, 57.1927, 0
PixelHit 1351, 1099, 64.0551, 0
PixelHit 1351, 1100, 53.6174, 0
PixelHit 1351, 1101, 99.8565, 0
PixelHit 1351, 1102, 114.699, 0
PixelHit 1351, 1103, 86.9952, 0
PixelHit 1351, 1104, 31.6309, 0
PixelHit 1351, 1105, 1.86167, 0
PixelHit 1351, 1106, 1.2227, 0
PixelHit 1351, 1108, 2.8395, 0
PixelHit 1352, 1091, 2.63509, 0
PixelHit 1352, 1092, 8.38413, 0
PixelHit 1352, 1093, 12.9373, 0
PixelHit 1352, 1094, 16.4869, 0
PixelHit 1352, 1095, 28.8069, 0
PixelHit 1352, 1096, 45.5672, 0
PixelHit 1352, 1097, 63.6855, 0
PixelHit 1352, 1098, 55.4553, 0
PixelHit 1352, 1099, 53.9699, 0
PixelHit 1352, 1100, 45.0472, 0
PixelHit 1352, 1101, 49.591, 0
PixelHit 1352, 1102, 51.668, 0
PixelHit 1352, 1103, 37.3727, 0
PixelHit 1352, 1104, 6.48131, 0
PixelHit 1352, 1105, 0.729323, 0
PixelHit 1353, 1095, 8.21903, 0
PixelHit 1353, 1096, 20.2517, 0
PixelHit 1353, 1097, 20.9533, 0
PixelHit 1353, 1098, 21.7986, 0
PixelHit 1353, 1099, 26.4353, 0
PixelHit 1353, 1100, 19.1627, 0
PixelHit 1353, 1101, 13.7216, 0
PixelHit 1353, 1102, 7.31165, 0
PixelHit 1353, 1103, 6.1138, 0
PixelHit 1353, 1104, 2.37843, 0
PixelHit 1354, 1095, 0.911503, 0
PixelHit 1354, 1096, 3.45155, 0
PixelHit 1354, 1098, 1.69005, 0
PixelHit 1354, 1099, 4.1082, 0
PixelHit 1354, 1100, 2.87483, 0
PixelHit 1354, 1101, 2.95181, 0
=== 31 ===
=== 32 ===
=== 33 ===
=== 34 ===
=== 35 ===
=== 36 ===
=== 37 ===
=== 38 ===
=== 39 ===
=== 40 ===
=== 41 ===
=== 42 ===
=== 43 ===
=== 44 ===
=== 45 ===
=== 46 ===
=== 47 ===
=== 48 ===
=== 49 ===
=== 50 ===
=== 51 ===
=== 52 ===
=== 53 ===
=== 54 ===
=== 55 ===
=== 56 ===
=== 57 ===
=== 58 ===
=== 59 ===
=== 60 ===
=== 61 ===
=== 62 ===
=== 63 ===
=== 64 ===
=== 65 ===
=== 66 ===
=== 67 ===
=== 68 ===
=== 69 ===
=== 70 ===
=== 71 ===
=== 72 ===
=== 73 ===
=== 74 ===
=== 75 ===
=== 76 ===
=== 77 ===
=== 78 ===
=== 79 ===
=== 80 ===
=== 81 ===
=== 82 ===
=== 83 ===
=== 84 ===
=== 85 ===
=== 86 ===
=== 87 ===
=== 88 ===
=== 89 ===
=== 90 ===
=== 91 ===
=== 92 ===
=== 93 ===
=== 94 ===
=== 95 ===
=== 96 ===
=== 97 ===
=== 98 ===
=== 99 ===
=== 100 ===
# 294 objects from 1 messages
