# Allpix Squared ASCII data - https://cern.ch/allpix-squared

=== 1 ===
--- mydetector ---
PixelHit 1254, 1117, 2.81131, 0
PixelHit 1255, 1115, 4.67571, 0
PixelHit 1255, 1116, 6.32362, 0
PixelHit 1255, 1117, 7.50524, 0
PixelHit 1255, 1119, 1.5179, 0
PixelHit 1256, 1114, 2.85354, 0
PixelHit 1256, 1115, 18.5499, 0
PixelHit 1256, 1116, 34.3196, 0
PixelHit 1256, 1117, 31.9332, 0
PixelHit 1256, 1118, 11.1834, 0
PixelHit 1256, 1119, 1.74235, 0
PixelHit 1257, 1112, 7.09943, 0
PixelHit 1257, 1113, 1.70674, 0
PixelHit 1257, 1114, 11.7629, 0
PixelHit 1257, 1115, 33.7159, 0
PixelHit 1257, 1116, 49.2831, 0
PixelHit 1257, 1117, 44.827, 0
PixelHit 1257, 1118, 15.797, 0
PixelHit 1257, 1119, 3.52276, 0
PixelHit 1258, 1108, 4.01732, 0
PixelHit 1258, 1109, 2.40468, 0
PixelHit 1258, 1111, 2.59744, 0
PixelHit 1258, 1112, 3.44355, 0
PixelHit 1258, 1113, 15.0036, 0
PixelHit 1258, 1114, 19.9037, 0
PixelHit 1258, 1115, 41.0671, 0
PixelHit 1258, 1116, 44.1751, 0
PixelHit 1258, 1117, 28.1189, 0
PixelHit 1258, 1118, 23.7654, 0
PixelHit 1258, 1119, 3.56145, 0
PixelHit 1259, 1108, 11.3238, 0
PixelHit 1259, 1109, 7.96409, 0
PixelHit 1259, 1110, 4.84249, 0
PixelHit 1259, 1111, 9.48393, 0
PixelHit 1259, 1112, 12.1241, 0
PixelHit 1259, 1113, 17.5904, 0
PixelHit 1259, 1114, 25.6143, 0
PixelHit 1259, 1115, 25.6538, 0
PixelHit 1259, 1116, 19.2357, 0
PixelHit 1259, 1117, 12.1464, 0
PixelHit 1259, 1118, 4.34646, 0
PixelHit 1259, 1119, 1.39115, 0
PixelHit 1260, 1105, 3.97594, 0
PixelHit 1260, 1106, 7.45644, 0
PixelHit 1260, 1107, 29.418, 0
PixelHit 1260, 1108, 42.5164, 0
PixelHit 1260, 1109, 35.5809, 0
PixelHit 1260, 1110, 19.5722, 0
PixelHit 1260, 1111, 11.6507, 0
PixelHit 1260, 1112, 8.37999, 0
PixelHit 1260, 1113, 13.1602, 0
PixelHit 1260, 1114, 9.30391, 0
PixelHit 1260, 1115, 7.23465, 0
PixelHit 1260, 1116, 5.06823, 0
PixelHit 1260, 1117, 3.99771, 0
PixelHit 1261, 1102, 0.405289, 0
PixelHit 1261, 1104, 9.45054, 0
PixelHit 1261, 1105, 11.3552, 0
PixelHit 1261, 1106, 21.0401, 0
PixelHit 1261, 1107, 67.7109, 0
PixelHit 1261, 1108, 94.2337, 0
PixelHit 1261, 1109, 79.7792, 0
PixelHit 1261, 1110, 23.2374, 0
PixelHit 1261, 1111, 15.1911, 0
PixelHit 1261, 1112, 2.23668, 0
PixelHit 1261, 1113, 5.52414, 0
PixelHit 1261, 1114, 4.0126, 0
PixelHit 1262, 1101, 5.18034, 0
PixelHit 1262, 1103, 4.57162, 0
PixelHit 1262, 1104, 16.2989, 0
PixelHit 1262, 1105, 23.2125, 0
PixelHit 1262, 1106, 31.3317, 0
PixelHit 1262, 1107, 56.6561, 0
PixelHit 1262, 1108, 75.0155, 0
PixelHit 1262, 1109, 71.3795, 0
PixelHit 1262, 1110, 28.4264, 0
PixelHit 1262, 1111, 7.82318, 0
PixelHit 1262, 1112, 1.33404, 0
PixelHit 1262, 1114, 1.93179, 0
PixelHit 1263, 1098, 1.84676, 0
PixelHit 1263, 1102, 0.771817, 0
PixelHit 1263, 1103, 10.4495, 0
PixelHit 1263, 1104, 23.7209, 0
PixelHit 1263, 1105, 23.4701, 0
PixelHit 1263, 1106, 35.8971, 0
PixelHit 1263, 1107, 36.6111, 0
PixelHit 1263, 1108, 34.2645, 0
PixelHit 1263, 1109, 23.8103, 0
PixelHit 1263, 1110, 5.09646, 0
PixelHit 1263, 1111, 1.95273, 0
PixelHit 1264, 1097, 1.7389, 0
PixelHit 1264, 1098, 3.15587, 0
PixelHit 1264, 1099, 2.99161, 0
PixelHit 1264, 1100, 7.71055, 0
PixelHit 1264, 1101, 8.84445, 0
PixelHit 1264, 1102, 8.83217, 0
PixelHit 1264, 1103, 11.377, 0
PixelHit 1264, 1104, 11.1342, 0
PixelHit 1264, 1105, 12.0169, 0
PixelHit 1264, 1106, 17.1416, 0
PixelHit 1264, 1107, 8.87662, 0
PixelHit 1264, 1108, 6.65856, 0
PixelHit 1264, 1109, 2.73009, 0
PixelHit 1264, 1110, 3.32829, 0
PixelHit 1264, 1111, -0.550935, 0
PixelHit 1265, 1095, 4.23503, 0
PixelHit 1265, 1096, 7.10018, 0
PixelHit 1265, 1097, 11.0878, 0
PixelHit 1265, 1098, 13.9144, 0
PixelHit 1265, 1099, 24.1339, 0
PixelHit 1265, 1100, 28.1913, 0
PixelHit 1265, 1101, 3.72661, 0
PixelHit 1265, 1102, 4.65646, 0
PixelHit 1265, 1103, 6.34719, 0
PixelHit 1265, 1104, 5.84764, 0
PixelHit 1265, 1105, 3.55123, 0
PixelHit 1265, 1106, 2.8731, 0
PixelHit 1265, 1108, 2.16457, 0
PixelHit 1265, 1109, 2.43463, 0
PixelHit 1266, 1094, 6.38236, 0
PixelHit 1266, 1095, 18.2103, 0
PixelHit 1266, 1096, 27.1344, 0
PixelHit 1266, 1097, 19.3881, 0
PixelHit 1266, 1098, 18.1522, 0
PixelHit 1266, 1099, 28.6726, 0
PixelHit 1266, 1100, 14.3539, 0
PixelHit 1266, 1101, 7.46755, 0
PixelHit 1266, 1102, 2.26169, 0
PixelHit 1266, 1103, 2.20768, 0
PixelHit 1267, 1092, 1.79418, 0
PixelHit 1267, 1093, 8.1708, 0
PixelHit 1267, 1094, 16.9951, 0
PixelHit 1267, 1095, 32.5663, 0
PixelHit 1267, 1096, 34.0494, 0
PixelHit 1267, 1097, 27.6036, 0
PixelHit 1267, 1098, 11.4059, 0
PixelHit 1267, 1099, 7.37022, 0
PixelHit 1267, 1100, 7.74018, 0
PixelHit 1267, 1101, 1.60221, 0
PixelHit 1267, 1102, 1.64466, 0
PixelHit 1268, 1091, 4.69678, 0
PixelHit 1268, 1092, 3.05968, 0
PixelHit 1268, 1093, 13.6992, 0
PixelHit 1268, 1094, 21.1872, 0
PixelHit 1268, 1095, 23.8285, 0
PixelHit 1268, 1096, 19.1343, 0
PixelHit 1268, 1097, 7.50537, 0
PixelHit 1268, 1098, 7.33119, 0
PixelHit 1268, 1099, 2.23762, 0
PixelHit 1269, 1088, 1.25164, 0
PixelHit 1269, 1089, 1.65237, 0
PixelHit 1269, 1090, 4.34622, 0
PixelHit 1269, 1091, 7.46728, 0
PixelHit 1269, 1092, 11.0927, 0
PixelHit 1269, 1093, 8.12886, 0
PixelHit 1269, 1094, 9.3319, 0
PixelHit 1269, 1095, 10.2095, 0
PixelHit 1269, 1096, 6.77151, 0
PixelHit 1270, 1086, 2.25752, 0
PixelHit 1270, 1088, 3.50729, 0
PixelHit 1270, 1089, 5.40812, 0
PixelHit 1270, 1090, 5.26274, 0
PixelHit 1270, 1092, 5.453, 0
PixelHit 1270, 1094, 3.6075, 0
PixelHit 1270, 1095, 5.09479, 0
PixelHit 1271, 1085, 4.65635, 0
PixelHit 1271, 1086, 5.97816, 0
PixelHit 1271, 1087, 11.1358, 0
PixelHit 1271, 1088, 14.7445, 0
PixelHit 1271, 1089, 4.18481, 0
PixelHit 1271, 1090, 4.14363, 0
PixelHit 1271, 1092, 2.54123, 0
PixelHit 1272, 1083, 4.17851, 0
PixelHit 1272, 1084, 14.6082, 0
PixelHit 1272, 1085, 20.4987, 0
PixelHit 1272, 1086, 19.2251, 0
PixelHit 1272, 1087, 12.5915, 0
PixelHit 1272, 1088, 13.5002, 0
PixelHit 1272, 1089, 5.54224, 0
PixelHit 1272, 1090, 4.86634, 0
PixelHit 1272, 1096, -0.465763, 0
PixelHit 1273, 1080, 1.24428, 0
PixelHit 1273, 1081, 8.19692, 0
PixelHit 1273, 1082, 6.66753, 0
PixelHit 1273, 1083, 12.5584, 0
PixelHit 1273, 1084, 31.6389, 0
PixelHit 1273, 1085, 17.4793, 0
PixelHit 1273, 1086, 11.0397, 0
PixelHit 1273, 1087, 10.9452, 0
PixelHit 1273, 1088, 2.2294, 0
PixelHit 1273, 1089, 1.58744, 0
PixelHit 1274, 1079, 4.80922, 0
PixelHit 1274, 1080, 4.25827, 0
PixelHit 1274, 1081, 18.6355, 0
PixelHit 1274, 1082, 22.9999, 0
PixelHit 1274, 1083, 26.3484, 0
PixelHit 1274, 1084, 17.1255, 0
PixelHit 1274, 1085, 16.7097, 0
PixelHit 1274, 1086, 7.06875, 0
PixelHit 1274, 1087, 1.37808, 0
PixelHit 1275, 1078, 4.02228, 0
PixelHit 1275, 1079, 7.08431, 0
PixelHit 1275, 1080, 18.0894, 0
PixelHit 1275, 1081, 22.938, 0
PixelHit 1275, 1082, 23.9816, 0
PixelHit 1275, 1083, 15.2738, 0
PixelHit 1275, 1084, 4.86602, 0
PixelHit 1275, 1085, 1.66534, 0
PixelHit 1275, 1086, 1.02799, 0
PixelHit 1276, 1076, 7.36991, 0
PixelHit 1276, 1077, 10.0038, 0
PixelHit 1276, 1078, 13.7948, 0
PixelHit 1276, 1079, 11.2079, 0
PixelHit 1276, 1080, 18.7519, 0
PixelHit 1276, 1081, 18.949, 0
PixelHit 1276, 1082, 7.98914, 0
PixelHit 1276, 1083, 4.13021, 0
PixelHit 1277, 1073, 4.7239, 0
PixelHit 1277, 1074, 15.2958, 0
PixelHit 1277, 1075, 11.5748, 0
PixelHit 1277, 1076, 10.5936, 0
PixelHit 1277, 1077, 37.0405, 0
PixelHit 1277, 1078, 26.8604, 0
PixelHit 1277, 1079, 11.5431, 0
PixelHit 1277, 1080, 2.58305, 0
PixelHit 1278, 1070, 3.38666, 0
PixelHit 1278, 1071, 1.84984, 0
PixelHit 1278, 1072, 10.5546, 0
PixelHit 1278, 1073, 30.6755, 0
PixelHit 1278, 1074, 46.4221, 0
PixelHit 1278, 1075, 44.7835, 0
PixelHit 1278, 1076, 13.222, 0
PixelHit 1278, 1077, 17.8898, 0
PixelHit 1278, 1078, 10.8967, 0
PixelHit 1278, 1079, 4.08604, 0
PixelHit 1279, 1065, 2.13822, 0
PixelHit 1279, 1066, 1.42574, 0
PixelHit 1279, 1069, 12.7033, 0
PixelHit 1279, 1070, 9.85741, 0
PixelHit 1279, 1071, 17.7047, 0
PixelHit 1279, 1072, 15.621, 0
PixelHit 1279, 1073, 40.0121, 0
PixelHit 1279, 1074, 66.4857, 0
PixelHit 1279, 1075, 22.7168, 0
PixelHit 1279, 1076, 5.25965, 0
PixelHit 1279, 1077, 2.56823, 0
PixelHit 1280, 1061, 1.56587, 0
PixelHit 1280, 1062, 1.87258, 0
PixelHit 1280, 1064, 3.87384, 0
PixelHit 1280, 1065, 3.01076, 0
PixelHit 1280, 1066, 8.13185, 0
PixelHit 1280, 1067, 4.58262, 0
PixelHit 1280, 1068, 17.1861, 0
PixelHit 1280, 1069, 12.7027, 0
PixelHit 1280, 1070, 29.9515, 0
PixelHit 1280, 1071, 11.1935, 0
PixelHit 1280, 1072, 12.4155, 0
PixelHit 1280, 1073, 18.4885, 0
PixelHit 1280, 1074, 8.38523, 0
PixelHit 1281, 1059, 2.02897, 0
PixelHit 1281, 1060, 7.30217, 0
PixelHit 1281, 1061, 20.6764, 0
PixelHit 1281, 1062, 53.8583, 0
PixelHit 1281, 1063, 20.2793, 0
PixelHit 1281, 1064, 16.5166, 0
PixelHit 1281, 1065, 13.3225, 0
PixelHit 1281, 1066, 12.1277, 0
PixelHit 1281, 1067, 16.0908, 0
PixelHit 1281, 1068, 10.7051, 0
PixelHit 1281, 1069, 7.41952, 0
PixelHit 1281, 1070, 12.1208, 0
PixelHit 1281, 1071, 4.51822, 0
PixelHit 1281, 1073, -0.193692, 0
PixelHit 1282, 1051, 1.39879, 0
PixelHit 1282, 1053, 0.853732, 0
PixelHit 1282, 1054, 3.76432, 0
PixelHit 1282, 1055, 2.28912, 0
PixelHit 1282, 1056, 0.709768, 0
PixelHit 1282, 1057, 8.77359, 0
PixelHit 1282, 1058, 13.8206, 0
PixelHit 1282, 1059, 9.02033, 0
PixelHit 1282, 1060, 11.9365, 0
PixelHit 1282, 1061, 73.4338, 0
PixelHit 1282, 1062, 122.246, 0
PixelHit 1282, 1063, 79.3357, 0
PixelHit 1282, 1064, 20.6821, 0
PixelHit 1282, 1065, 16.2863, 0
PixelHit 1282, 1066, 4.81365, 0
PixelHit 1282, 1067, 2.28421, 0
PixelHit 1283, 1047, 2.68113, 0
PixelHit 1283, 1048, 3.3415, 0
PixelHit 1283, 1049, 6.83527, 0
PixelHit 1283, 1050, 6.36749, 0
PixelHit 1283, 1051, 3.60831, 0
PixelHit 1283, 1052, 8.57092, 0
PixelHit 1283, 1053, 20.9889, 0
PixelHit 1283, 1054, 19.196, 0
PixelHit 1283, 1055, 8.96781, 0
PixelHit 1283, 1056, 2.79069, 0
PixelHit 1283, 1057, 11.2876, 0
PixelHit 1283, 1058, 11.1664, 0
PixelHit 1283, 1059, 9.84797, 0
PixelHit 1283, 1060, 14.1751, 0
PixelHit 1283, 1061, 22.6235, 0
PixelHit 1283, 1062, 50.7673, 0
PixelHit 1283, 1063, 19.0993, 0
PixelHit 1283, 1065, 5.87225, 0
PixelHit 1284, 1047, 16.092, 0
PixelHit 1284, 1048, 40.0526, 0
PixelHit 1284, 1049, 25.1734, 0
PixelHit 1284, 1050, 18.1556, 0
PixelHit 1284, 1051, 19.0877, 0
PixelHit 1284, 1052, 18.1785, 0
PixelHit 1284, 1053, 10.7261, 0
PixelHit 1284, 1054, 6.55786, 0
PixelHit 1284, 1055, 5.52712, 0
PixelHit 1284, 1058, 1.92261, 0
PixelHit 1285, 1047, 15.9125, 0
PixelHit 1285, 1048, 23.1178, 0
PixelHit 1285, 1049, 14.4539, 0
PixelHit 1285, 1050, 4.15209, 0
PixelHit 1285, 1051, 0.926148, 0
PixelHit 1285, 1052, 2.30799, 0
PixelHit 1285, 1053, 3.33323, 0
PixelHit 1286, 1047, 1.1357, 0
PixelHit 1286, 1048, 3.50351, 0
PixelHit 1286, 1050, 0.994583, 0
PixelHit 1302, 948, 2.80412, 0
PixelHit 1302, 949, 1.27334, 0
PixelHit 1303, 947, 2.46806, 0
=== 2 ===
=== 3 ===
=== 4 ===
=== 5 ===
=== 6 ===
=== 7 ===
=== 8 ===
=== 9 ===
=== 10 ===
=== 11 ===
=== 12 ===
=== 13 ===
=== 14 ===
=== 15 ===
=== 16 ===
=== 17 ===
=== 18 ===
=== 19 ===
=== 20 ===
=== 21 ===
=== 22 ===
=== 23 ===
=== 24 ===
=== 25 ===
=== 26 ===
=== 27 ===
=== 28 ===
=== 29 ===
=== 30 ===
=== 31 ===
=== 32 ===
=== 33 ===
=== 34 ===
=== 35 ===
=== 36 ===
=== 37 ===
=== 38 ===
=== 39 ===
=== 40 ===
=== 41 ===
=== 42 ===
=== 43 ===
=== 44 ===
=== 45 ===
=== 46 ===
=== 47 ===
=== 48 ===
=== 49 ===
=== 50 ===
=== 51 ===
=== 52 ===
=== 53 ===
=== 54 ===
=== 55 ===
=== 56 ===
=== 57 ===
=== 58 ===
=== 59 ===
=== 60 ===
=== 61 ===
=== 62 ===
=== 63 ===
=== 64 ===
=== 65 ===
=== 66 ===
=== 67 ===
=== 68 ===
=== 69 ===
=== 70 ===
=== 71 ===
=== 72 ===
=== 73 ===
=== 74 ===
=== 75 ===
=== 76 ===
=== 77 ===
=== 78 ===
=== 79 ===
=== 80 ===
=== 81 ===
=== 82 ===
=== 83 ===
=== 84 ===
=== 85 ===
=== 86 ===
=== 87 ===
--- mydetector ---
PixelHit 1271, 1028, 3.29478, 0
PixelHit 1271, 1030, 3.09043, 0
PixelHit 1271, 1031, 3.78331, 0
PixelHit 1271, 1033, 0.68626, 0
PixelHit 1272, 1027, 4.61272, 0
PixelHit 1272, 1028, 6.80716, 0
PixelHit 1272, 1029, 6.56602, 0
PixelHit 1272, 1031, 3.76386, 0
PixelHit 1273, 1024, 2.45267, 0
PixelHit 1273, 1025, 3.34579, 0
PixelHit 1273, 1026, 7.96591, 0
PixelHit 1273, 1027, 15.266, 0
PixelHit 1273, 1028, 14.1125, 0
PixelHit 1273, 1029, 8.78058, 0
PixelHit 1273, 1030, 12.0702, 0
PixelHit 1273, 1031, 3.4378, 0
PixelHit 1273, 1033, 2.19638, 0
PixelHit 1274, 998, 3.16228, 0
PixelHit 1274, 1024, 4.29415, 0
PixelHit 1274, 1025, 6.54551, 0
PixelHit 1274, 1026, 8.76713, 0
PixelHit 1274, 1027, 19.4865, 0
PixelHit 1274, 1028, 17.4142, 0
PixelHit 1274, 1029, 14.0045, 0
PixelHit 1274, 1030, 6.0735, 0
PixelHit 1274, 1031, 4.44319, 0
PixelHit 1275, 995, 1.93168, 0
PixelHit 1275, 996, 2.34119, 0
PixelHit 1275, 998, -0.167317, 0
PixelHit 1275, 999, 3.01951, 0
PixelHit 1275, 1000, 2.56332, 0
PixelHit 1275, 1001, 0.629615, 0
PixelHit 1275, 1022, 2.11783, 0
PixelHit 1275, 1023, 1.69557, 0
PixelHit 1275, 1024, 5.52367, 0
PixelHit 1275, 1025, 10.683, 0
PixelHit 1275, 1026, 20.4832, 0
PixelHit 1275, 1027, 21.1699, 0
PixelHit 1275, 1028, 12.7005, 0
PixelHit 1275, 1029, 15.5145, 0
PixelHit 1275, 1030, 4.80787, 0
PixelHit 1276, 988, 3.61156, 0
PixelHit 1276, 989, 4.28041, 0
PixelHit 1276, 991, 0.999417, 0
PixelHit 1276, 993, 0.704169, 0
PixelHit 1276, 995, 6.43575, 0
PixelHit 1276, 996, 15.3165, 0
PixelHit 1276, 997, 20.821, 0
PixelHit 1276, 998, 26.4276, 0
PixelHit 1276, 999, 14.1176, 0
PixelHit 1276, 1000, 4.90048, 0
PixelHit 1276, 1003, 2.15845, 0
PixelHit 1276, 1005, 1.48805, 0
PixelHit 1276, 1020, 4.34512, 0
PixelHit 1276, 1022, 8.19887, 0
PixelHit 1276, 1023, 17.5954, 0
PixelHit 1276, 1024, 15.2953, 0
PixelHit 1276, 1025, 11.3631, 0
PixelHit 1276, 1026, 19.5043, 0
PixelHit 1276, 1027, 14.2664, 0
PixelHit 1276, 1028, 11.4386, 0
PixelHit 1276, 1029, 4.98775, 0
PixelHit 1276, 1030, 2.90515, 0
PixelHit 1277, 982, 0.860612, 0
PixelHit 1277, 983, 2.09871, 0
PixelHit 1277, 984, -0.574482, 0
PixelHit 1277, 986, 2.45436, 0
PixelHit 1277, 987, 2.8105, 0
PixelHit 1277, 988, 3.7115, 0
PixelHit 1277, 989, 4.66682, 0
PixelHit 1277, 990, 12.4234, 0
PixelHit 1277, 991, 15.6611, 0
PixelHit 1277, 992, 7.74209, 0
PixelHit 1277, 993, 10.7615, 0
PixelHit 1277, 994, 5.3011, 0
PixelHit 1277, 995, 12.4822, 0
PixelHit 1277, 996, 37.2184, 0
PixelHit 1277, 997, 69.6755, 0
PixelHit 1277, 998, 79.5776, 0
PixelHit 1277, 999, 36.8093, 0
PixelHit 1277, 1000, 21.9292, 0
PixelHit 1277, 1001, 10.404, 0
PixelHit 1277, 1002, 0.823777, 0
PixelHit 1277, 1003, 4.73462, 0
PixelHit 1277, 1004, 10.4379, 0
PixelHit 1277, 1005, 5.59835, 0
PixelHit 1277, 1006, 6.27994, 0
PixelHit 1277, 1019, 2.44425, 0
PixelHit 1277, 1020, 17.2931, 0
PixelHit 1277, 1021, 9.2181, 0
PixelHit 1277, 1022, 11.3727, 0
PixelHit 1277, 1023, 8.10704, 0
PixelHit 1277, 1024, 12.1851, 0
PixelHit 1277, 1025, 6.03566, 0
PixelHit 1277, 1026, 8.55629, 0
PixelHit 1277, 1027, 7.15322, 0
PixelHit 1277, 1028, 5.722, 0
PixelHit 1278, 979, 2.44709, 0
PixelHit 1278, 981, 2.73003, 0
PixelHit 1278, 983, 4.6314, 0
PixelHit 1278, 984, 2.89107, 0
PixelHit 1278, 985, 9.50246, 0
PixelHit 1278, 986, 8.43472, 0
PixelHit 1278, 987, 5.64963, 0
PixelHit 1278, 988, 6.96249, 0
PixelHit 1278, 989, 8.34696, 0
PixelHit 1278, 990, 21.538, 0
PixelHit 1278, 991, 20.8641, 0
PixelHit 1278, 992, 19.0432, 0
PixelHit 1278, 993, 9.16096, 0
PixelHit 1278, 994, 7.02495, 0
PixelHit 1278, 995, 16.3222, 0
PixelHit 1278, 996, 64.7613, 0
PixelHit 1278, 997, 114.454, 0
PixelHit 1278, 998, 154.667, 0
PixelHit 1278, 999, 95.5888, 0
PixelHit 1278, 1000, 50.5569, 0
PixelHit 1278, 1001, 19.4847, 0
PixelHit 1278, 1002, 5.04728, 0
PixelHit 1278, 1003, 25.8886, 0
PixelHit 1278, 1004, 32.0096, 0
PixelHit 1278, 1005, 36.0907, 0
PixelHit 1278, 1006, 21.006, 0
PixelHit 1278, 1007, 8.48798, 0
PixelHit 1278, 1008, 1.62537, 0
PixelHit 1278, 1010, 1.20955, 0
PixelHit 1278, 1011, 2.50679, 0
PixelHit 1278, 1012, 2.58778, 0
PixelHit 1278, 1013, 4.98993, 0
PixelHit 1278, 1015, 5.41989, 0
PixelHit 1278, 1016, 2.92156, 0
PixelHit 1278, 1017, 1.72945, 0
PixelHit 1278, 1018, 2.89257, 0
PixelHit 1278, 1019, 2.37843, 0
PixelHit 1278, 1020, 13.2251, 0
PixelHit 1278, 1021, 10.6386, 0
PixelHit 1278, 1022, 16.359, 0
PixelHit 1278, 1023, 9.17674, 0
PixelHit 1278, 1024, 5.76828, 0
PixelHit 1278, 1026, 5.87287, 0
PixelHit 1278, 1027, 1.34481, 0
PixelHit 1278, 1029, 2.40049, 0
PixelHit 1279, 977, 2.88679, 0
PixelHit 1279, 978, 2.0174, 0
PixelHit 1279, 979, 4.66922, 0
PixelHit 1279, 980, 11.2885, 0
PixelHit 1279, 981, 12.5763, 0
PixelHit 1279, 982, 10.7848, 0
PixelHit 1279, 983, 4.39549, 0
PixelHit 1279, 984, 8.63307, 0
PixelHit 1279, 985, 11.5769, 0
PixelHit 1279, 986, 10.2294, 0
PixelHit 1279, 987, 16.0288, 0
PixelHit 1279, 988, 8.04584, 0
PixelHit 1279, 989, 7.28204, 0
PixelHit 1279, 990, 21.6903, 0
PixelHit 1279, 991, 26.2263, 0
PixelHit 1279, 992, 13.3048, 0
PixelHit 1279, 993, 11.256, 0
PixelHit 1279, 994, 9.69101, 0
PixelHit 1279, 995, 16.9284, 0
PixelHit 1279, 996, 59.8995, 0
PixelHit 1279, 997, 90.754, 0
PixelHit 1279, 998, 148.087, 0
PixelHit 1279, 999, 106.444, 0
PixelHit 1279, 1000, 45.6509, 0
PixelHit 1279, 1001, 23.9806, 0
PixelHit 1279, 1002, 24.2255, 0
PixelHit 1279, 1003, 50.806, 0
PixelHit 1279, 1004, 97.2461, 0
PixelHit 1279, 1005, 72.362, 0
PixelHit 1279, 1006, 33.9713, 0
PixelHit 1279, 1007, 10.0383, 0
PixelHit 1279, 1008, 9.77277, 0
PixelHit 1279, 1009, 7.22583, 0
PixelHit 1279, 1010, 2.01439, 0
PixelHit 1279, 1011, 16.1933, 0
PixelHit 1279, 1012, 4.06698, 0
PixelHit 1279, 1013, 11.0123, 0
PixelHit 1279, 1014, 9.10945, 0
PixelHit 1279, 1015, 11.5431, 0
PixelHit 1279, 1016, 6.23945, 0
PixelHit 1279, 1017, 7.04557, 0
PixelHit 1279, 1018, 1.83161, 0
PixelHit 1279, 1019, 6.92687, 0
PixelHit 1279, 1020, 8.40759, 0
PixelHit 1279, 1021, 8.62783, 0
PixelHit 1279, 1022, 18.2376, 0
PixelHit 1279, 1023, 7.31658, 0
PixelHit 1279, 1024, 2.45241, 0
PixelHit 1280, 975, 3.85827, 0
PixelHit 1280, 976, 3.89905, 0
PixelHit 1280, 977, 8.94852, 0
PixelHit 1280, 978, 13.6774, 0
PixelHit 1280, 979, 15.2625, 0
PixelHit 1280, 980, 30.4148, 0
PixelHit 1280, 981, 24.2376, 0
PixelHit 1280, 982, 17.1725, 0
PixelHit 1280, 983, 27.6107, 0
PixelHit 1280, 984, 10.8272, 0
PixelHit 1280, 985, 9.02754, 0
PixelHit 1280, 986, 11.0856, 0
PixelHit 1280, 987, 6.3895, 0
PixelHit 1280, 988, 6.46744, 0
PixelHit 1280, 989, 6.83613, 0
PixelHit 1280, 990, 5.76102, 0
PixelHit 1280, 992, 7.42324, 0
PixelHit 1280, 993, 2.24943, 0
PixelHit 1280, 995, 4.8752, 0
PixelHit 1280, 996, 29.7044, 0
PixelHit 1280, 997, 45.6614, 0
PixelHit 1280, 998, 58.2979, 0
PixelHit 1280, 999, 40.8298, 0
PixelHit 1280, 1000, 13.6125, 0
PixelHit 1280, 1001, 13.6132, 0
PixelHit 1280, 1002, 16.7125, 0
PixelHit 1280, 1003, 46.8572, 0
PixelHit 1280, 1004, 75.5518, 0
PixelHit 1280, 1005, 87.6336, 0
PixelHit 1280, 1006, 38.2604, 0
PixelHit 1280, 1007, 20.5091, 0
PixelHit 1280, 1008, 10.3379, 0
PixelHit 1280, 1009, 6.37278, 0
PixelHit 1280, 1010, 14.6952, 0
PixelHit 1280, 1011, 7.09249, 0
PixelHit 1280, 1012, 12.8965, 0
PixelHit 1280, 1013, 18.6149, 0
PixelHit 1280, 1014, 20.3056, 0
PixelHit 1280, 1015, 19.7387, 0
PixelHit 1280, 1016, 31.23, 0
PixelHit 1280, 1017, 11.8726, 0
PixelHit 1280, 1018, 3.39782, 0
PixelHit 1280, 1019, 3.57501, 0
PixelHit 1280, 1020, 5.53404, 0
PixelHit 1280, 1021, 3.91942, 0
PixelHit 1280, 1022, 4.49458, 0
PixelHit 1281, 971, 1.77926, 0
PixelHit 1281, 972, 1.8445, 0
PixelHit 1281, 974, 4.25952, 0
PixelHit 1281, 975, 5.27075, 0
PixelHit 1281, 976, 10.8307, 0
PixelHit 1281, 977, 23.2457, 0
PixelHit 1281, 978, 38.8613, 0
PixelHit 1281, 979, 48.5614, 0
PixelHit 1281, 980, 33.656, 0
PixelHit 1281, 981, 35.7369, 0
PixelHit 1281, 982, 20.4758, 0
PixelHit 1281, 983, 8.75936, 0
PixelHit 1281, 984, 8.0482, 0
PixelHit 1281, 985, 7.62123, 0
PixelHit 1281, 986, 1.03255, 0
PixelHit 1281, 987, 2.20723, 0
PixelHit 1281, 988, 2.78201, 0
PixelHit 1281, 989, 0.673466, 0
PixelHit 1281, 990, 3.28439, 0
PixelHit 1281, 991, 2.80375, 0
PixelHit 1281, 992, 2.70289, 0
PixelHit 1281, 993, 2.81047, 0
PixelHit 1281, 995, 3.30758, 0
PixelHit 1281, 996, 4.18886, 0
PixelHit 1281, 997, 12.9381, 0
PixelHit 1281, 998, 15.9301, 0
PixelHit 1281, 999, 9.3634, 0
PixelHit 1281, 1000, 10.9222, 0
PixelHit 1281, 1001, 2.94947, 0
PixelHit 1281, 1002, 7.24939, 0
PixelHit 1281, 1003, 18.9883, 0
PixelHit 1281, 1004, 39.22, 0
PixelHit 1281, 1005, 38.6611, 0
PixelHit 1281, 1006, 13.2452, 0
PixelHit 1281, 1007, 8.55394, 0
PixelHit 1281, 1008, 4.16339, 0
PixelHit 1281, 1009, 1.88329, 0
PixelHit 1281, 1010, 6.72251, 0
PixelHit 1281, 1011, 4.13241, 0
PixelHit 1281, 1012, 12.8675, 0
PixelHit 1281, 1013, 29.6308, 0
PixelHit 1281, 1014, 27.7095, 0
PixelHit 1281, 1015, 31.7042, 0
PixelHit 1281, 1016, 22.9499, 0
PixelHit 1281, 1017, 4.80179, 0
PixelHit 1281, 1018, 5.60335, 0
PixelHit 1281, 1020, 0.37122, 0
PixelHit 1281, 1021, 4.52783, 0
PixelHit 1282, 970, 2.04716, 0
PixelHit 1282, 971, 4.65194, 0
PixelHit 1282, 973, 9.62528, 0
PixelHit 1282, 974, 10.3729, 0
PixelHit 1282, 975, 5.0189, 0
PixelHit 1282, 976, 7.88852, 0
PixelHit 1282, 977, 24.5399, 0
PixelHit 1282, 978, 33.1176, 0
PixelHit 1282, 979, 47.1155, 0
PixelHit 1282, 980, 41.76, 0
PixelHit 1282, 981, 20.2027, 0
PixelHit 1282, 982, 15.7872, 0
PixelHit 1282, 983, 7.4699, 0
PixelHit 1282, 984, 1.66781, 0
PixelHit 1282, 986, 3.07355, 0
PixelHit 1282, 989, 2.05921, 0
PixelHit 1282, 996, 2.90241, 0
PixelHit 1282, 1002, -0.0427484, 0
PixelHit 1282, 1003, 9.46297, 0
PixelHit 1282, 1004, 9.57453, 0
PixelHit 1282, 1005, 10.6586, 0
PixelHit 1282, 1006, 11.1394, 0
PixelHit 1282, 1007, 1.60436, 0
PixelHit 1282, 1009, 1.57543, 0
PixelHit 1282, 1011, 9.51959, 0
PixelHit 1282, 1012, 6.14503, 0
PixelHit 1282, 1013, 4.68778, 0
PixelHit 1282, 1014, 13.3931, 0
PixelHit 1282, 1015, 16.0735, 0
PixelHit 1282, 1016, 8.68472, 0
PixelHit 1282, 1017, 5.10008, 0
PixelHit 1282, 1019, 2.69632, 0
PixelHit 1283, 967, 2.0988, 0
PixelHit 1283, 968, 3.80921, 0
PixelHit 1283, 969, 4.95665, 0
PixelHit 1283, 971, 8.07986, 0
PixelHit 1283, 972, 12.4294, 0
PixelHit 1283, 973, 17.5865, 0
PixelHit 1283, 974, 11.7837, 0
PixelHit 1283, 975, 12.491, 0
PixelHit 1283, 976, 4.57173, 0
PixelHit 1283, 977, 23.7009, 0
PixelHit 1283, 978, 20.7752, 0
PixelHit 1283, 979, 15.238, 0
PixelHit 1283, 980, 16.1471, 0
PixelHit 1283, 981, 7.8623, 0
PixelHit 1283, 982, 4.61633, 0
PixelHit 1283, 1004, 1.13032, 0
PixelHit 1283, 1013, 1.85788, 0
PixelHit 1283, 1014, 4.3014, 0
PixelHit 1283, 1015, 2.58768, 0
PixelHit 1283, 1016, 1.26078, 0
PixelHit 1283, 1017, 1.31718, 0
PixelHit 1284, 962, 1.91176, 0
PixelHit 1284, 966, 4.72044, 0
PixelHit 1284, 967, 1.82277, 0
PixelHit 1284, 968, 8.56337, 0
PixelHit 1284, 969, 10.5585, 0
PixelHit 1284, 970, 11.5844, 0
PixelHit 1284, 971, 10.8512, 0
PixelHit 1284, 972, 19.0006, 0
PixelHit 1284, 973, 19.579, 0
PixelHit 1284, 974, 13.7565, 0
PixelHit 1284, 975, 5.74262, 0
PixelHit 1284, 976, 2.16896, 0
PixelHit 1284, 977, 10.7644, 0
PixelHit 1284, 979, 7.99904, 0
PixelHit 1284, 980, 2.71391, 0
PixelHit 1284, 981, 3.87562, 0
PixelHit 1284, 1005, 1.34638, 0
PixelHit 1284, 1015, 1.24577, 0
PixelHit 1285, 957, 1.13198, 0
PixelHit 1285, 962, 0.349844, 0
PixelHit 1285, 964, 5.40645, 0
PixelHit 1285, 965, 2.00307, 0
PixelHit 1285, 966, 5.65432, 0
PixelHit 1285, 967, 10.0917, 0
PixelHit 1285, 968, 11.3609, 0
PixelHit 1285, 969, 10.6598, 0
PixelHit 1285, 970, 5.27512, 0
PixelHit 1285, 971, 8.70921, 0
PixelHit 1285, 972, 6.91352, 0
PixelHit 1285, 973, 10.2975, 0
PixelHit 1285, 974, 2.68304, 0
PixelHit 1285, 975, 2.8414, 0
PixelHit 1285, 976, 1.19973, 0
PixelHit 1286, 960, 0.531833, 0
PixelHit 1286, 961, 3.79614, 0
PixelHit 1286, 962, 1.58267, 0
PixelHit 1286, 963, 3.88829, 0
PixelHit 1286, 964, 12.0824, 0
PixelHit 1286, 965, 9.8508, 0
PixelHit 1286, 966, 11.173, 0
PixelHit 1286, 967, 7.96002, 0
PixelHit 1286, 968, 13.2949, 0
PixelHit 1286, 969, 1.29726, 0
PixelHit 1286, 970, 6.81559, 0
PixelHit 1286, 971, 5.9449, 0
PixelHit 1286, 972, 2.94657, 0
PixelHit 1287, 955, 1.17819, 0
PixelHit 1287, 957, 0.915654, 0
PixelHit 1287, 958, 2.97552, 0
PixelHit 1287, 959, 5.95003, 0
PixelHit 1287, 960, 12.2052, 0
PixelHit 1287, 961, 6.86724, 0
PixelHit 1287, 962, 6.05211, 0
PixelHit 1287, 964, 7.31538, 0
PixelHit 1287, 965, 12.5881, 0
PixelHit 1287, 966, 8.22073, 0
PixelHit 1287, 967, 4.8543, 0
PixelHit 1287, 968, 3.49958, 0
PixelHit 1287, 971, 1.38979, 0
PixelHit 1287, 972, 0.852843, 0
PixelHit 1287, 974, 0.614623, 0
PixelHit 1288, 954, 2.21818, 0
PixelHit 1288, 955, 7.20157, 0
PixelHit 1288, 956, 3.13172, 0
PixelHit 1288, 957, 11.6461, 0
PixelHit 1288, 958, 22.0759, 0
PixelHit 1288, 959, 12.4627, 0
PixelHit 1288, 960, 17.2264, 0
PixelHit 1288, 961, 12.2318, 0
PixelHit 1288, 962, 11.6985, 0
PixelHit 1288, 963, 1.93783, 0
PixelHit 1288, 964, 3.118, 0
PixelHit 1288, 965, 5.36778, 0
PixelHit 1288, 966, 1.20619, 0
PixelHit 1289, 952, 2.03267, 0
PixelHit 1289, 953, 3.66422, 0
PixelHit 1289, 954, 16.078, 0
PixelHit 1289, 955, 13.747, 0
PixelHit 1289, 956, 15.0834, 0
PixelHit 1289, 957, 21.3207, 0
PixelHit 1289, 958, 17.6005, 0
PixelHit 1289, 959, 15.4265, 0
PixelHit 1289, 960, 10.8616, 0
PixelHit 1289, 961, 4.12348, 0
PixelHit 1289, 962, 3.74928, 0
PixelHit 1289, 963, 2.51329, 0
PixelHit 1289, 965, 1.542, 0
PixelHit 1289, 966, 1.58503, 0
PixelHit 1290, 945, 5.66629, 0
PixelHit 1290, 948, 1.46707, 0
PixelHit 1290, 950, 3.27561, 0
PixelHit 1290, 951, 2.50819, 0
PixelHit 1290, 952, 4.6392, 0
PixelHit 1290, 953, 7.09094, 0
PixelHit 1290, 954, 20.4814, 0
PixelHit 1290, 955, 20.9363, 0
PixelHit 1290, 956, 19.6399, 0
PixelHit 1290, 957, 23.4373, 0
PixelHit 1290, 958, 9.09656, 0
PixelHit 1290, 959, 12.8941, 0
PixelHit 1290, 960, 4.85406, 0
PixelHit 1290, 961, 3.44577, 0
PixelHit 1290, 962, 1.13119, 0
PixelHit 1291, 944, 2.53796, 0
PixelHit 1291, 945, 3.87639, 0
PixelHit 1291, 946, 16.669, 0
PixelHit 1291, 947, 10.1052, 0
PixelHit 1291, 948, 5.90856, 0
PixelHit 1291, 949, 6.77069, 0
PixelHit 1291, 950, 11.1237, 0
PixelHit 1291, 951, 12.1678, 0
PixelHit 1291, 952, 11.0702, 0
PixelHit 1291, 953, 13.4872, 0
PixelHit 1291, 954, 10.4519, 0
PixelHit 1291, 955, 17.0587, 0
PixelHit 1291, 956, 15.0188, 0
PixelHit 1291, 957, 7.2301, 0
PixelHit 1291, 958, 8.37297, 0
PixelHit 1291, 959, 1.85184, 0
PixelHit 1292, 941, 2.25531, 0
PixelHit 1292, 942, 1.81058, 0
PixelHit 1292, 943, 4.41742, 0
PixelHit 1292, 944, 15.0919, 0
PixelHit 1292, 945, 39.9599, 0
PixelHit 1292, 946, 64.4576, 0
PixelHit 1292, 947, 52.1383, 0
PixelHit 1292, 948, 31.8883, 0
PixelHit 1292, 949, 17.5908, 0
PixelHit 1292, 950, 19.2638, 0
PixelHit 1292, 951, 10.8839, 0
PixelHit 1292, 952, 7.53481, 0
PixelHit 1292, 953, 6.85495, 0
PixelHit 1292, 954, 9.19927, 0
PixelHit 1292, 955, 3.28148, 0
PixelHit 1292, 957, 1.43135, 0
PixelHit 1293, 941, 0.85866, 0
PixelHit 1293, 942, 4.8967, 0
PixelHit 1293, 943, 14.6898, 0
PixelHit 1293, 944, 36.1116, 0
PixelHit 1293, 945, 75.6697, 0
PixelHit 1293, 946, 140.019, 0
PixelHit 1293, 947, 102.343, 0
PixelHit 1293, 948, 40.3289, 0
PixelHit 1293, 949, 15.059, 0
PixelHit 1293, 950, 8.90497, 0
PixelHit 1293, 951, 4.50489, 0
PixelHit 1293, 952, 5.69177, 0
PixelHit 1293, 953, 1.21895, 0
PixelHit 1293, 954, 1.48859, 0
PixelHit 1293, 955, 2.30253, 0
PixelHit 1294, 938, 1.99244, 0
PixelHit 1294, 939, 0.818405, 0
PixelHit 1294, 940, 2.28283, 0
PixelHit 1294, 941, 2.54141, 0
PixelHit 1294, 942, 16.3617, 0
PixelHit 1294, 943, 29.9655, 0
PixelHit 1294, 944, 70.4568, 0
PixelHit 1294, 945, 96.6719, 0
PixelHit 1294, 946, 128.557, 0
PixelHit 1294, 947, 64.8542, 0
PixelHit 1294, 948, 41.962, 0
PixelHit 1294, 949, 13.8133, 0
PixelHit 1294, 951, 4.33889, 0
PixelHit 1294, 952, 2.78638, 0
PixelHit 1295, 937, 5.72159, 0
PixelHit 1295, 938, 6.66407, 0
PixelHit 1295, 939, 10.8465, 0
PixelHit 1295, 940, 5.31923, 0
PixelHit 1295, 941, 3.67226, 0
PixelHit 1295, 942, 19.5693, 0
PixelHit 1295, 943, 44.2373, 0
PixelHit 1295, 944, 49.7611, 0
PixelHit 1295, 945, 37.5157, 0
PixelHit 1295, 946, 48.4923, 0
PixelHit 1295, 947, 33.3622, 0
PixelHit 1295, 948, 19.5702, 0
PixelHit 1296, 935, 3.53282, 0
PixelHit 1296, 936, 7.6678, 0
PixelHit 1296, 937, 18.7117, 0
PixelHit 1296, 938, 33.9233, 0
PixelHit 1296, 939, 33.4122, 0
PixelHit 1296, 940, 13.0716, 0
PixelHit 1296, 941, 2.58607, 0
PixelHit 1296, 942, 16.4493, 0
PixelHit 1296, 943, 21.6464, 0
PixelHit 1296, 944, 24.3213, 0
PixelHit 1296, 945, 10.9589, 0
PixelHit 1296, 946, 13.6045, 0
PixelHit 1296, 947, 10.3572, 0
PixelHit 1297, 936, 15.2629, 0
PixelHit 1297, 937, 32.2925, 0
PixelHit 1297, 938, 46.8586, 0
PixelHit 1297, 939, 48.4233, 0
PixelHit 1297, 940, 19.0063, 0
PixelHit 1297, 941, 7.71634, 0
PixelHit 1297, 942, 7.05953, 0
PixelHit 1297, 943, 6.72698, 0
PixelHit 1297, 944, 3.55557, 0
PixelHit 1297, 946, 4.31546, 0
PixelHit 1298, 934, 3.5975, 0
PixelHit 1298, 935, 4.3604, 0
PixelHit 1298, 936, 12.6331, 0
PixelHit 1298, 937, 30.2217, 0
PixelHit 1298, 938, 30.5548, 0
PixelHit 1298, 939, 28.0948, 0
PixelHit 1298, 940, 6.49523, 0
PixelHit 1298, 941, 1.35343, 0
PixelHit 1299, 935, 2.41366, 0
PixelHit 1299, 936, 2.71427, 0
PixelHit 1299, 937, 11.4074, 0
PixelHit 1299, 938, 10.557, 0
PixelHit 1299, 939, 4.19977, 0
PixelHit 1300, 938, 1.88808, 0
PixelHit 1300, 939, 2.16513, 0
PixelHit 1306, 891, 1.04171, 0
PixelHit 1307, 890, 0.555412, 0
=== 88 ===
=== 89 ===
=== 90 ===
=== 91 ===
=== 92 ===
=== 93 ===
=== 94 ===
=== 95 ===
=== 96 ===
=== 97 ===
=== 98 ===
=== 99 ===
=== 100 ===
# 883 objects from 2 messages
