# Allpix Squared ASCII data - https://cern.ch/allpix-squared

=== 1 ===
=== 2 ===
=== 3 ===
=== 4 ===
=== 5 ===
=== 6 ===
=== 7 ===
=== 8 ===
=== 9 ===
=== 10 ===
=== 11 ===
=== 12 ===
=== 13 ===
=== 14 ===
=== 15 ===
=== 16 ===
=== 17 ===
=== 18 ===
=== 19 ===
=== 20 ===
=== 21 ===
=== 22 ===
=== 23 ===
=== 24 ===
=== 25 ===
=== 26 ===
=== 27 ===
=== 28 ===
=== 29 ===
=== 30 ===
=== 31 ===
=== 32 ===
=== 33 ===
=== 34 ===
=== 35 ===
=== 36 ===
=== 37 ===
=== 38 ===
=== 39 ===
=== 40 ===
=== 41 ===
=== 42 ===
=== 43 ===
=== 44 ===
--- mydetector ---
PixelHit 2510, 314, 6.29869, 0
PixelHit 2510, 315, 2.86091, 0
PixelHit 2511, 311, 2.74676, 0
PixelHit 2511, 312, 11.105, 0
PixelHit 2511, 313, 58.9859, 0
PixelHit 2511, 314, 70.6112, 0
PixelHit 2511, 315, 41.893, 0
PixelHit 2511, 316, 12.8993, 0
PixelHit 2511, 317, 2.40653, 0
PixelHit 2512, 309, 1.26264, 0
PixelHit 2512, 310, 16.083, 0
PixelHit 2512, 311, 74.8673, 0
PixelHit 2512, 312, 126.505, 0
PixelHit 2512, 313, 206.239, 0
PixelHit 2512, 314, 141.111, 0
PixelHit 2512, 315, 141.736, 0
PixelHit 2512, 316, 193.577, 0
PixelHit 2512, 317, 35.4501, 0
PixelHit 2512, 318, 2.96886, 0
PixelHit 2513, 307, 1.17186, 0
PixelHit 2513, 309, 7.5554, 0
PixelHit 2513, 310, 78.1734, 0
PixelHit 2513, 311, 198.217, 0
PixelHit 2513, 312, 257.061, 0
PixelHit 2513, 313, 117.857, 0
PixelHit 2513, 314, 29.2798, 0
PixelHit 2513, 315, 37.283, 0
PixelHit 2513, 316, 146.291, 0
PixelHit 2513, 317, 287.746, 0
PixelHit 2513, 318, 92.309, 0
PixelHit 2514, 308, 1.9374, 0
PixelHit 2514, 309, 35.6949, 0
PixelHit 2514, 310, 122.231, 0
PixelHit 2514, 311, 195.93, 0
PixelHit 2514, 312, 157.469, 0
PixelHit 2514, 313, 25.447, 0
PixelHit 2514, 314, 2.71288, 0
PixelHit 2514, 316, 8.68727, 0
PixelHit 2514, 317, 46.8408, 0
PixelHit 2514, 318, 121.318, 0
PixelHit 2514, 319, 62.6948, 0
PixelHit 2514, 320, 62.6243, 0
PixelHit 2514, 321, 10.8138, 0
PixelHit 2515, 308, 6.79946, 0
PixelHit 2515, 309, 44.1959, 0
PixelHit 2515, 310, 122.923, 0
PixelHit 2515, 311, 73.7766, 0
PixelHit 2515, 312, 31.372, 0
PixelHit 2515, 313, 5.30366, 0
PixelHit 2515, 314, 2.14075, 0
PixelHit 2515, 318, -0.0356674, 0
PixelHit 2515, 319, 35.2652, 0
PixelHit 2515, 320, 228.381, 0
PixelHit 2515, 321, 185.554, 0
PixelHit 2515, 322, 2.30002, 0
PixelHit 2516, 306, 0.351129, 0
PixelHit 2516, 307, 5.44946, 0
PixelHit 2516, 308, 16.5747, 0
PixelHit 2516, 309, 44.5209, 0
PixelHit 2516, 310, 70.5885, 0
PixelHit 2516, 311, 24.5941, 0
PixelHit 2516, 312, 4.25663, 0
PixelHit 2516, 320, 3.52154, 0
PixelHit 2516, 321, 4.63067, 0
PixelHit 2517, 305, 5.7691, 0
PixelHit 2517, 306, 19.5894, 0
PixelHit 2517, 307, 52.2907, 0
PixelHit 2517, 308, 49.8047, 0
PixelHit 2517, 309, 54.5255, 0
PixelHit 2517, 310, 33.5286, 0
PixelHit 2517, 311, 6.08428, 0
PixelHit 2518, 304, 2.67991, 0
PixelHit 2518, 305, 17.0199, 0
PixelHit 2518, 306, 103.888, 0
PixelHit 2518, 307, 196.763, 0
PixelHit 2518, 308, 138.482, 0
PixelHit 2518, 309, 63.3283, 0
PixelHit 2518, 310, 7.80283, 0
PixelHit 2518, 312, 2.1824, 0
PixelHit 2519, 303, 0.265005, 0
PixelHit 2519, 304, 3.02211, 0
PixelHit 2519, 305, 55.6963, 0
PixelHit 2519, 306, 172.876, 0
PixelHit 2519, 307, 237.748, 0
PixelHit 2519, 308, 153.866, 0
PixelHit 2519, 309, 34.8447, 0
PixelHit 2519, 310, 10.9335, 0
PixelHit 2520, 302, 1.08048, 0
PixelHit 2520, 303, 12.3442, 0
PixelHit 2520, 304, 50.9354, 0
PixelHit 2520, 305, 99.1091, 0
PixelHit 2520, 306, 125.926, 0
PixelHit 2520, 307, 124.942, 0
PixelHit 2520, 308, 71.7367, 0
PixelHit 2520, 309, 8.64481, 0
PixelHit 2521, 302, 19.5435, 0
PixelHit 2521, 303, 76.7244, 0
PixelHit 2521, 304, 131.881, 0
PixelHit 2521, 305, 123.208, 0
PixelHit 2521, 306, 93.9672, 0
PixelHit 2521, 307, 40.0016, 0
PixelHit 2521, 308, 13.6933, 0
PixelHit 2522, 301, 11.6673, 0
PixelHit 2522, 302, 84.7259, 0
PixelHit 2522, 303, 241.543, 0
PixelHit 2522, 304, 222.189, 0
PixelHit 2522, 305, 142.027, 0
PixelHit 2522, 306, 28.581, 0
PixelHit 2522, 307, 1.05207, 0
PixelHit 2523, 300, 3.87222, 0
PixelHit 2523, 301, 32.0633, 0
PixelHit 2523, 302, 148.868, 0
PixelHit 2523, 303, 337.047, 0
PixelHit 2523, 304, 259.432, 0
PixelHit 2523, 305, 81.0478, 0
PixelHit 2523, 306, 15.624, 0
PixelHit 2524, 300, 3.4444, 0
PixelHit 2524, 301, 35.9605, 0
PixelHit 2524, 302, 159.139, 0
PixelHit 2524, 303, 217.267, 0
PixelHit 2524, 304, 140.122, 0
PixelHit 2524, 305, 28.8152, 0
PixelHit 2524, 306, 5.31627, 0
PixelHit 2525, 300, 7.47922, 0
PixelHit 2525, 301, 72.6232, 0
PixelHit 2525, 302, 157.292, 0
PixelHit 2525, 303, 161.578, 0
PixelHit 2525, 304, 67.2507, 0
PixelHit 2525, 305, 9.71055, 0
PixelHit 2525, 306, 3.85373, 0
PixelHit 2526, 299, 0.837373, 0
PixelHit 2526, 300, 11.7044, 0
PixelHit 2526, 301, 53.7334, 0
PixelHit 2526, 302, 200.579, 0
PixelHit 2526, 303, 217.881, 0
PixelHit 2526, 304, 118.061, 0
PixelHit 2526, 305, 43.4206, 0
PixelHit 2526, 306, 2.71548, 0
PixelHit 2527, 300, 5.25577, 0
PixelHit 2527, 301, 56.0089, 0
PixelHit 2527, 302, 177.641, 0
PixelHit 2527, 303, 340.454, 0
PixelHit 2527, 304, 348.975, 0
PixelHit 2527, 305, 141.786, 0
PixelHit 2527, 306, 41.0862, 0
PixelHit 2528, 300, 6.30214, 0
PixelHit 2528, 301, 53.906, 0
PixelHit 2528, 302, 281.787, 0
PixelHit 2528, 303, 640.939, 0
PixelHit 2528, 304, 763.175, 0
PixelHit 2528, 305, 381.371, 0
PixelHit 2528, 306, 88.4099, 0
PixelHit 2528, 307, 9.85697, 0
PixelHit 2529, 300, 5.8103, 0
PixelHit 2529, 301, 83.6952, 0
PixelHit 2529, 302, 321.006, 0
PixelHit 2529, 303, 674.737, 0
PixelHit 2529, 304, 814.804, 0
PixelHit 2529, 305, 462.539, 0
PixelHit 2529, 306, 107.865, 0
PixelHit 2529, 307, 13.4117, 0
PixelHit 2530, 300, 1.44079, 0
PixelHit 2530, 301, 27.4813, 0
PixelHit 2530, 302, 127.165, 0
PixelHit 2530, 303, 272.949, 0
PixelHit 2530, 304, 341.694, 0
PixelHit 2530, 305, 185.407, 0
PixelHit 2530, 306, 52.1831, 0
PixelHit 2530, 307, 1.26545, 0
PixelHit 2531, 300, 0.234491, 0
PixelHit 2531, 301, 3.26148, 0
PixelHit 2531, 302, 15.0226, 0
PixelHit 2531, 303, 37.6599, 0
PixelHit 2531, 304, 45.6925, 0
PixelHit 2531, 305, 23.0688, 0
PixelHit 2531, 306, 6.94927, 0
PixelHit 2532, 302, 3.50353, 0
PixelHit 2532, 303, 1.56294, 0
PixelHit 2532, 304, 3.3831, 0
PixelHit 2560, 323, 1.92844, 0
PixelHit 2561, 322, 2.09925, 0
PixelHit 2561, 323, 28.7027, 0
PixelHit 2561, 324, 10.1095, 0
PixelHit 2562, 321, 1.22731, 0
PixelHit 2562, 322, 22.0074, 0
PixelHit 2562, 323, 65.0105, 0
PixelHit 2562, 324, 3.8835, 0
PixelHit 2563, 322, 47.0956, 0
PixelHit 2563, 323, 109.359, 0
PixelHit 2563, 324, 5.76855, 0
PixelHit 2564, 322, 36.407, 0
PixelHit 2564, 323, 123.854, 0
PixelHit 2564, 324, 19.7212, 0
PixelHit 2565, 322, 32.6929, 0
PixelHit 2565, 323, 94.9872, 0
PixelHit 2565, 324, 14.6396, 0
PixelHit 2566, 322, 5.60625, 0
PixelHit 2566, 323, 63.8174, 0
PixelHit 2566, 324, 14.0861, 0
PixelHit 2566, 325, 1.99053, 0
PixelHit 2567, 322, 7.5348, 0
PixelHit 2567, 323, 44.8714, 0
PixelHit 2567, 324, 15.0154, 0
PixelHit 2567, 325, 4.3051, 0
PixelHit 2568, 322, 10.5095, 0
PixelHit 2568, 323, 64.1001, 0
PixelHit 2568, 324, 30.7149, 0
PixelHit 2568, 325, 1.82639, 0
PixelHit 2569, 322, 10.8386, 0
PixelHit 2569, 323, 63.9143, 0
PixelHit 2569, 324, 71.8716, 0
PixelHit 2569, 325, 17.5684, 0
PixelHit 2570, 322, 12.699, 0
PixelHit 2570, 323, 58.8789, 0
PixelHit 2570, 324, 79.7382, 0
PixelHit 2570, 325, 20.7758, 0
PixelHit 2571, 322, 3.95112, 0
PixelHit 2571, 323, 45.1141, 0
PixelHit 2571, 324, 59.0936, 0
PixelHit 2571, 325, 9.32089, 0
PixelHit 2572, 322, 8.4727, 0
PixelHit 2572, 323, 41.9567, 0
PixelHit 2572, 324, 57.5158, 0
PixelHit 2572, 325, 10.5961, 0
PixelHit 2573, 322, 2.68225, 0
PixelHit 2573, 323, 57.8868, 0
PixelHit 2573, 324, 81.9581, 0
PixelHit 2573, 325, 19.2937, 0
PixelHit 2573, 326, 0.867829, 0
PixelHit 2574, 322, 5.1727, 0
PixelHit 2574, 323, 47.2388, 0
PixelHit 2574, 324, 83.2572, 0
PixelHit 2574, 325, 26.2546, 0
PixelHit 2575, 322, 10.4462, 0
PixelHit 2575, 323, 63.5029, 0
PixelHit 2575, 324, 89.6269, 0
PixelHit 2575, 325, 31.0122, 0
PixelHit 2575, 326, 1.77406, 0
PixelHit 2576, 322, 12.0618, 0
PixelHit 2576, 323, 64.1341, 0
PixelHit 2576, 324, 112.505, 0
PixelHit 2576, 325, 54.5022, 0
PixelHit 2576, 326, 7.75636, 0
PixelHit 2577, 321, 1.49575, 0
PixelHit 2577, 322, 17.0632, 0
PixelHit 2577, 323, 94.8929, 0
PixelHit 2577, 324, 238.536, 0
PixelHit 2577, 325, 140.713, 0
PixelHit 2577, 326, 24.3072, 0
PixelHit 2577, 327, 2.25933, 0
PixelHit 2578, 321, 1.99807, 0
PixelHit 2578, 322, 17.6095, 0
PixelHit 2578, 323, 116.731, 0
PixelHit 2578, 324, 259.922, 0
PixelHit 2578, 325, 175.47, 0
PixelHit 2578, 326, 45.0117, 0
PixelHit 2579, 321, 0.21143, 0
PixelHit 2579, 322, 6.56795, 0
PixelHit 2579, 323, 61.7398, 0
PixelHit 2579, 324, 162.507, 0
PixelHit 2579, 325, 151.264, 0
PixelHit 2579, 326, 56.1969, 0
PixelHit 2579, 327, 3.40569, 0
PixelHit 2580, 322, 2.46925, 0
PixelHit 2580, 323, 22.8044, 0
PixelHit 2580, 324, 55.8869, 0
PixelHit 2580, 325, 97.4064, 0
PixelHit 2580, 326, 51.1347, 0
PixelHit 2580, 327, 17.2476, 0
PixelHit 2580, 328, 2.31972, 0
PixelHit 2581, 322, 0.869513, 0
PixelHit 2581, 323, 5.61994, 0
PixelHit 2581, 324, 23.3868, 0
PixelHit 2581, 325, 43.3983, 0
PixelHit 2581, 326, 38.2829, 0
PixelHit 2581, 327, 42.5485, 0
PixelHit 2581, 328, 29.4523, 0
PixelHit 2581, 329, 6.55167, 0
PixelHit 2581, 330, 2.3061, 0
PixelHit 2582, 324, 2.35566, 0
PixelHit 2582, 325, 15.3508, 0
PixelHit 2582, 326, 51.5208, 0
PixelHit 2582, 327, 57.4492, 0
PixelHit 2582, 328, 56.8875, 0
PixelHit 2582, 329, 27.2851, 0
PixelHit 2582, 330, 7.81122, 0
PixelHit 2583, 325, 7.16332, 0
PixelHit 2583, 326, 20.8634, 0
PixelHit 2583, 327, 81.9704, 0
PixelHit 2583, 328, 80.255, 0
PixelHit 2583, 329, 47.1441, 0
PixelHit 2583, 330, 31.3407, 0
PixelHit 2583, 331, 13.4186, 0
PixelHit 2583, 332, 4.14628, 0
PixelHit 2584, 325, 1.8732, 0
PixelHit 2584, 326, 5.01615, 0
PixelHit 2584, 327, 34.0988, 0
PixelHit 2584, 328, 42.4467, 0
PixelHit 2584, 329, 65.3974, 0
PixelHit 2584, 330, 57.0165, 0
PixelHit 2584, 331, 17.6575, 0
PixelHit 2584, 332, 6.19161, 0
PixelHit 2585, 327, 13.7021, 0
PixelHit 2585, 328, 31.7483, 0
PixelHit 2585, 329, 60.6836, 0
PixelHit 2585, 330, 62.5992, 0
PixelHit 2585, 331, 44.1676, 0
PixelHit 2585, 332, 25.9189, 0
PixelHit 2585, 333, 6.15891, 0
PixelHit 2586, 327, 4.05917, 0
PixelHit 2586, 328, 6.47329, 0
PixelHit 2586, 329, 24.741, 0
PixelHit 2586, 330, 42.2312, 0
PixelHit 2586, 331, 34.2036, 0
PixelHit 2586, 332, 32.2439, 0
PixelHit 2586, 333, 12.1945, 0
PixelHit 2586, 334, 5.63723, 0
PixelHit 2586, 336, 0.921341, 0
PixelHit 2587, 329, 10.751, 0
PixelHit 2587, 330, 19.2183, 0
PixelHit 2587, 331, 30.3241, 0
PixelHit 2587, 332, 41.4692, 0
PixelHit 2587, 333, 27.4746, 0
PixelHit 2587, 334, 11.6944, 0
PixelHit 2587, 335, 3.71092, 0
PixelHit 2587, 336, 3.70988, 0
PixelHit 2588, 330, 7.23542, 0
PixelHit 2588, 331, 17.9219, 0
PixelHit 2588, 332, 38.2397, 0
PixelHit 2588, 333, 41.4425, 0
PixelHit 2588, 334, 28.3641, 0
PixelHit 2588, 335, 22.0395, 0
PixelHit 2588, 336, 5.86667, 0
PixelHit 2589, 331, 8.32401, 0
PixelHit 2589, 332, 21.3175, 0
PixelHit 2589, 333, 32.9079, 0
PixelHit 2589, 334, 55.1212, 0
PixelHit 2589, 335, 42.8066, 0
PixelHit 2589, 336, 22.7246, 0
PixelHit 2589, 337, 4.44824, 0
PixelHit 2589, 338, 2.91223, 0
PixelHit 2590, 331, 6.27538, 0
PixelHit 2590, 332, 9.64452, 0
PixelHit 2590, 333, 26.4917, 0
PixelHit 2590, 334, 39.0734, 0
PixelHit 2590, 335, 44.9289, 0
PixelHit 2590, 336, 39.5123, 0
PixelHit 2590, 337, 16.4951, 0
PixelHit 2590, 338, 4.02974, 0
PixelHit 2591, 331, -0.140054, 0
PixelHit 2591, 332, 7.36901, 0
PixelHit 2591, 333, 15.2773, 0
PixelHit 2591, 334, 28.2134, 0
PixelHit 2591, 335, 24.9667, 0
PixelHit 2591, 336, 27.0705, 0
PixelHit 2591, 337, 5.56631, 0
=== 45 ===
=== 46 ===
=== 47 ===
=== 48 ===
=== 49 ===
=== 50 ===
=== 51 ===
=== 52 ===
=== 53 ===
=== 54 ===
=== 55 ===
=== 56 ===
=== 57 ===
=== 58 ===
=== 59 ===
=== 60 ===
=== 61 ===
=== 62 ===
=== 63 ===
=== 64 ===
=== 65 ===
=== 66 ===
=== 67 ===
=== 68 ===
=== 69 ===
=== 70 ===
=== 71 ===
=== 72 ===
=== 73 ===
=== 74 ===
=== 75 ===
=== 76 ===
=== 77 ===
=== 78 ===
=== 79 ===
=== 80 ===
=== 81 ===
=== 82 ===
=== 83 ===
=== 84 ===
=== 85 ===
=== 86 ===
=== 87 ===
=== 88 ===
=== 89 ===
=== 90 ===
=== 91 ===
=== 92 ===
=== 93 ===
=== 94 ===
=== 95 ===
=== 96 ===
=== 97 ===
=== 98 ===
=== 99 ===
=== 100 ===
--- mydetector ---
PixelHit 927, 863, 14.8245, 0
PixelHit 928, 862, 5.73282, 0
PixelHit 928, 863, 118.836, 0
PixelHit 928, 864, 4.81323, 0
PixelHit 929, 861, 3.29304, 0
PixelHit 929, 862, 29.2379, 0
PixelHit 929, 863, 18.3214, 0
PixelHit 930, 860, 4.83062, 0
PixelHit 930, 861, 46.2724, 0
PixelHit 930, 862, 51.1068, 0
PixelHit 931, 859, 1.46451, 0
PixelHit 931, 860, 9.05457, 0
PixelHit 931, 861, 91.1277, 0
PixelHit 931, 862, 50.8579, 0
PixelHit 931, 863, 2.17127, 0
PixelHit 932, 858, 2.59534, 0
PixelHit 932, 859, 7.25256, 0
PixelHit 932, 860, 13.513, 0
PixelHit 932, 861, 15.5982, 0
PixelHit 932, 862, 3.5874, 0
PixelHit 933, 858, 12.4599, 0
PixelHit 933, 859, 27.248, 0
PixelHit 933, 860, 35.427, 0
PixelHit 933, 861, 8.8466, 0
PixelHit 934, 856, 0.96801, 0
PixelHit 934, 857, 10.0335, 0
PixelHit 934, 858, 38.8559, 0
PixelHit 934, 859, 99.5688, 0
PixelHit 934, 860, 44.9313, 0
PixelHit 934, 861, 10.0159, 0
PixelHit 934, 862, 2.88418, 0
PixelHit 935, 856, 2.32869, 0
PixelHit 935, 857, 43.4624, 0
PixelHit 935, 858, 137.82, 0
PixelHit 935, 859, 162.155, 0
PixelHit 935, 860, 55.0465, 0
PixelHit 935, 861, 5.11178, 0
PixelHit 936, 857, 44.3474, 0
PixelHit 936, 858, 172.782, 0
PixelHit 936, 859, 182.72, 0
PixelHit 936, 860, 50.1036, 0
PixelHit 936, 861, 4.29952, 0
PixelHit 937, 856, 5.09139, 0
PixelHit 937, 857, 42.5667, 0
PixelHit 937, 858, 102.059, 0
PixelHit 937, 859, 95.284, 0
PixelHit 937, 860, 20.0082, 0
PixelHit 937, 861, 3.67354, 0
PixelHit 938, 856, 10.8141, 0
PixelHit 938, 857, 79.2865, 0
PixelHit 938, 858, 102.649, 0
PixelHit 938, 859, 84.0111, 0
PixelHit 938, 860, 18.8942, 0
PixelHit 939, 856, 13.0602, 0
PixelHit 939, 857, 65.8139, 0
PixelHit 939, 858, 121.626, 0
PixelHit 939, 859, 87.5492, 0
PixelHit 939, 860, 13.0898, 0
PixelHit 939, 861, 2.83722, 0
PixelHit 940, 855, 0.822094, 0
PixelHit 940, 856, 9.81939, 0
PixelHit 940, 857, 51.0171, 0
PixelHit 940, 858, 72.3452, 0
PixelHit 940, 859, 53.9109, 0
PixelHit 940, 860, 12.8295, 0
PixelHit 940, 861, 1.11471, 0
PixelHit 941, 856, 16.3253, 0
PixelHit 941, 857, 40.6074, 0
PixelHit 941, 858, 51.3439, 0
PixelHit 941, 859, 26.3423, 0
PixelHit 941, 860, 14.4382, 0
PixelHit 942, 856, 18.0351, 0
PixelHit 942, 857, 42.9614, 0
PixelHit 942, 858, 29.0342, 0
PixelHit 942, 859, 19.1964, 0
PixelHit 942, 860, 5.88328, 0
PixelHit 942, 861, 1.77401, 0
PixelHit 943, 855, 3.5609, 0
PixelHit 943, 856, 9.37819, 0
PixelHit 943, 857, 23.8139, 0
PixelHit 943, 858, 28.7047, 0
PixelHit 943, 859, 7.85202, 0
PixelHit 943, 860, 1.5476, 0
PixelHit 944, 855, 1.66213, 0
PixelHit 944, 856, 9.9066, 0
PixelHit 944, 857, 15.1645, 0
PixelHit 944, 858, 21.2601, 0
PixelHit 944, 859, 7.13261, 0
PixelHit 944, 860, 3.08037, 0
PixelHit 945, 854, 3.73712, 0
PixelHit 945, 855, 5.61124, 0
PixelHit 945, 856, 11.0898, 0
PixelHit 945, 857, 27.1497, 0
PixelHit 945, 858, 20.1494, 0
PixelHit 945, 859, 6.68362, 0
PixelHit 945, 860, 3.22258, 0
PixelHit 946, 855, 5.43913, 0
PixelHit 946, 856, 12.2033, 0
PixelHit 946, 857, 18.3954, 0
PixelHit 946, 858, 11.967, 0
PixelHit 946, 859, 6.35597, 0
PixelHit 947, 853, 3.32233, 0
PixelHit 947, 856, 3.85448, 0
PixelHit 947, 857, 8.18021, 0
PixelHit 947, 858, 7.40585, 0
PixelHit 947, 860, 2.81549, 0
PixelHit 948, 855, 2.07445, 0
PixelHit 948, 856, 2.03288, 0
PixelHit 948, 858, 6.04605, 0
PixelHit 948, 859, 2.49114, 0
# 466 objects from 2 messages
