# Allpix Squared ASCII data - https://cern.ch/allpix-squared

=== 1 ===
=== 2 ===
=== 3 ===
=== 4 ===
=== 5 ===
=== 6 ===
=== 7 ===
=== 8 ===
=== 9 ===
=== 10 ===
=== 11 ===
=== 12 ===
=== 13 ===
=== 14 ===
=== 15 ===
=== 16 ===
=== 17 ===
=== 18 ===
=== 19 ===
=== 20 ===
=== 21 ===
=== 22 ===
=== 23 ===
=== 24 ===
=== 25 ===
=== 26 ===
=== 27 ===
=== 28 ===
=== 29 ===
=== 30 ===
=== 31 ===
=== 32 ===
=== 33 ===
=== 34 ===
=== 35 ===
=== 36 ===
=== 37 ===
=== 38 ===
=== 39 ===
=== 40 ===
--- mydetector ---
PixelHit 1112, 1889, 1.27942, 0
PixelHit 1112, 1890, 4.17652, 0
PixelHit 1112, 1891, 5.29325, 0
PixelHit 1112, 1892, 2.20443, 0
PixelHit 1113, 1881, 2.14744, 0
PixelHit 1113, 1884, 4.69502, 0
PixelHit 1113, 1885, 3.81127, 0
PixelHit 1113, 1887, 3.43068, 0
PixelHit 1113, 1888, 10.0393, 0
PixelHit 1113, 1889, 16.0116, 0
PixelHit 1113, 1890, 23.9502, 0
PixelHit 1113, 1891, 18.8926, 0
PixelHit 1113, 1892, 12.4108, 0
PixelHit 1113, 1893, 8.97378, 0
PixelHit 1113, 1894, 2.05172, 0
PixelHit 1113, 1897, 2.05764, 0
PixelHit 1114, 1870, 1.24894, 0
PixelHit 1114, 1874, 1.36798, 0
PixelHit 1114, 1877, 1.58943, 0
PixelHit 1114, 1881, 4.9834, 0
PixelHit 1114, 1882, 1.78217, 0
PixelHit 1114, 1883, 6.44217, 0
PixelHit 1114, 1884, 10.4545, 0
PixelHit 1114, 1885, 19.412, 0
PixelHit 1114, 1886, 15.4178, 0
PixelHit 1114, 1887, 13.3165, 0
PixelHit 1114, 1888, 34.0502, 0
PixelHit 1114, 1889, 88.7335, 0
PixelHit 1114, 1890, 77.1896, 0
PixelHit 1114, 1891, 85.0138, 0
PixelHit 1114, 1892, 40.776, 0
PixelHit 1114, 1893, 21.1323, 0
PixelHit 1114, 1894, 12.7261, 0
PixelHit 1114, 1895, 3.50761, 0
PixelHit 1114, 1896, 4.16213, 0
PixelHit 1114, 1897, 5.31984, 0
PixelHit 1114, 1898, 4.80656, 0
PixelHit 1114, 1901, 3.39943, 0
PixelHit 1114, 1907, 0.419555, 0
PixelHit 1115, 1866, 1.8385, 0
PixelHit 1115, 1869, 2.13671, 0
PixelHit 1115, 1871, 1.40429, 0
PixelHit 1115, 1872, 1.7909, 0
PixelHit 1115, 1873, 3.40252, 0
PixelHit 1115, 1874, 4.22277, 0
PixelHit 1115, 1875, 3.6623, 0
PixelHit 1115, 1876, 1.76364, 0
PixelHit 1115, 1877, 1.38239, 0
PixelHit 1115, 1879, 3.11195, 0
PixelHit 1115, 1880, 10.1057, 0
PixelHit 1115, 1881, 14.3869, 0
PixelHit 1115, 1882, 22.107, 0
PixelHit 1115, 1883, 23.4455, 0
PixelHit 1115, 1884, 39.5409, 0
PixelHit 1115, 1885, 31.3562, 0
PixelHit 1115, 1886, 32.4747, 0
PixelHit 1115, 1887, 14.6418, 0
PixelHit 1115, 1888, 57.3259, 0
PixelHit 1115, 1889, 111.492, 0
PixelHit 1115, 1890, 113.719, 0
PixelHit 1115, 1891, 90.094, 0
PixelHit 1115, 1892, 40.1359, 0
PixelHit 1115, 1893, 34.0973, 0
PixelHit 1115, 1894, 11.8109, 0
PixelHit 1115, 1895, 9.43408, 0
PixelHit 1115, 1896, 12.0325, 0
PixelHit 1115, 1897, 34.9854, 0
PixelHit 1115, 1898, 18.1867, 0
PixelHit 1115, 1899, 13.9914, 0
PixelHit 1115, 1900, 23.4312, 0
PixelHit 1115, 1901, 13.501, 0
PixelHit 1115, 1902, 3.54769, 0
PixelHit 1115, 1903, 1.29871, 0
PixelHit 1115, 1904, 4.10092, 0
PixelHit 1115, 1905, 11.8892, 0
PixelHit 1115, 1906, 31.473, 0
PixelHit 1115, 1907, 8.90627, 0
PixelHit 1116, 1863, 1.89277, 0
PixelHit 1116, 1864, 4.51196, 0
PixelHit 1116, 1866, 4.87116, 0
PixelHit 1116, 1867, 2.41865, 0
PixelHit 1116, 1868, 4.84242, 0
PixelHit 1116, 1869, 8.62172, 0
PixelHit 1116, 1870, 9.73469, 0
PixelHit 1116, 1871, 4.77268, 0
PixelHit 1116, 1872, 7.26606, 0
PixelHit 1116, 1873, 5.93032, 0
PixelHit 1116, 1874, 11.284, 0
PixelHit 1116, 1875, 11.013, 0
PixelHit 1116, 1876, 3.75558, 0
PixelHit 1116, 1877, 8.70817, 0
PixelHit 1116, 1878, 3.45948, 0
PixelHit 1116, 1879, 11.9315, 0
PixelHit 1116, 1880, 12.4297, 0
PixelHit 1116, 1881, 15.3982, 0
PixelHit 1116, 1882, 22.4838, 0
PixelHit 1116, 1883, 28.4457, 0
PixelHit 1116, 1884, 27.8239, 0
PixelHit 1116, 1885, 25.2188, 0
PixelHit 1116, 1886, 19.0103, 0
PixelHit 1116, 1887, 11.36, 0
PixelHit 1116, 1888, 24.566, 0
PixelHit 1116, 1889, 46.201, 0
PixelHit 1116, 1890, 30.8736, 0
PixelHit 1116, 1891, 27.2637, 0
PixelHit 1116, 1892, 10.6052, 0
PixelHit 1116, 1893, 7.71852, 0
PixelHit 1116, 1894, 4.6593, 0
PixelHit 1116, 1896, 7.003, 0
PixelHit 1116, 1897, 17.9722, 0
PixelHit 1116, 1898, 11.9226, 0
PixelHit 1116, 1899, 24.9375, 0
PixelHit 1116, 1900, 29.9267, 0
PixelHit 1116, 1901, 25.0213, 0
PixelHit 1116, 1902, 9.96962, 0
PixelHit 1116, 1903, 35.924, 0
PixelHit 1116, 1904, 56.89, 0
PixelHit 1116, 1905, 169.668, 0
PixelHit 1116, 1906, 427.433, 0
PixelHit 1116, 1907, 105.852, 0
PixelHit 1116, 1908, 8.87537, 0
PixelHit 1116, 1909, 0.254467, 0
PixelHit 1117, 1854, 2.11216, 0
PixelHit 1117, 1856, 0.823961, 0
PixelHit 1117, 1857, 3.86398, 0
PixelHit 1117, 1858, 3.06767, 0
PixelHit 1117, 1859, 0.268017, 0
PixelHit 1117, 1861, 2.97509, 0
PixelHit 1117, 1862, 4.48078, 0
PixelHit 1117, 1863, 6.47727, 0
PixelHit 1117, 1864, 9.65259, 0
PixelHit 1117, 1865, 15.5707, 0
PixelHit 1117, 1866, 12.4594, 0
PixelHit 1117, 1867, 14.9149, 0
PixelHit 1117, 1868, 15.0302, 0
PixelHit 1117, 1869, 18.2579, 0
PixelHit 1117, 1870, 19.6351, 0
PixelHit 1117, 1871, 6.19699, 0
PixelHit 1117, 1872, 16.0486, 0
PixelHit 1117, 1873, 7.79224, 0
PixelHit 1117, 1874, 7.49909, 0
PixelHit 1117, 1875, 12.5067, 0
PixelHit 1117, 1876, 10.5337, 0
PixelHit 1117, 1877, 6.93011, 0
PixelHit 1117, 1878, 9.19745, 0
PixelHit 1117, 1879, 8.286, 0
PixelHit 1117, 1880, 7.97983, 0
PixelHit 1117, 1881, 7.66973, 0
PixelHit 1117, 1882, 8.99197, 0
PixelHit 1117, 1883, 8.44014, 0
PixelHit 1117, 1884, 14.9284, 0
PixelHit 1117, 1885, 5.12854, 0
PixelHit 1117, 1886, 5.58973, 0
PixelHit 1117, 1887, 0.500695, 0
PixelHit 1117, 1888, 1.54675, 0
PixelHit 1117, 1889, 5.44352, 0
PixelHit 1117, 1891, 3.04202, 0
PixelHit 1117, 1892, 1.77294, 0
PixelHit 1117, 1896, 2.9917, 0
PixelHit 1117, 1897, 6.80353, 0
PixelHit 1117, 1899, 3.41932, 0
PixelHit 1117, 1900, 5.19141, 0
PixelHit 1117, 1901, 10.0398, 0
PixelHit 1117, 1902, 4.05644, 0
PixelHit 1117, 1903, 20.5277, 0
PixelHit 1117, 1904, 53.6625, 0
PixelHit 1117, 1905, 307.631, 0
PixelHit 1117, 1906, 672.706, 0
PixelHit 1117, 1907, 194.529, 0
PixelHit 1117, 1908, 41.3801, 0
PixelHit 1117, 1909, 11.5822, 0
PixelHit 1117, 1910, 9.68685, 0
PixelHit 1117, 1914, 2.01726, 0
PixelHit 1118, 1852, 1.11452, 0
PixelHit 1118, 1853, 2.41103, 0
PixelHit 1118, 1854, 1.09876, 0
PixelHit 1118, 1855, 1.49845, 0
PixelHit 1118, 1856, 6.80912, 0
PixelHit 1118, 1857, 2.87851, 0
PixelHit 1118, 1858, 7.36493, 0
PixelHit 1118, 1859, 1.56461, 0
PixelHit 1118, 1860, 3.78543, 0
PixelHit 1118, 1861, 12.6229, 0
PixelHit 1118, 1862, 11.0704, 0
PixelHit 1118, 1863, 17.176, 0
PixelHit 1118, 1864, 13.4345, 0
PixelHit 1118, 1865, 13.7248, 0
PixelHit 1118, 1866, 22.5023, 0
PixelHit 1118, 1867, 13.409, 0
PixelHit 1118, 1868, 21.9479, 0
PixelHit 1118, 1869, 16.2295, 0
PixelHit 1118, 1870, 15.0245, 0
PixelHit 1118, 1871, 10.9835, 0
PixelHit 1118, 1872, 9.53884, 0
PixelHit 1118, 1873, 7.0486, 0
PixelHit 1118, 1874, 7.03945, 0
PixelHit 1118, 1875, 5.4476, 0
PixelHit 1118, 1876, 3.78384, 0
PixelHit 1118, 1877, 5.76277, 0
PixelHit 1118, 1878, 3.79892, 0
PixelHit 1118, 1879, 4.3688, 0
PixelHit 1118, 1880, 2.86806, 0
PixelHit 1118, 1881, 3.70974, 0
PixelHit 1118, 1885, 2.69526, 0
PixelHit 1118, 1897, 1.61527, 0
PixelHit 1118, 1903, 2.08302, 0
PixelHit 1118, 1904, 5.36681, 0
PixelHit 1118, 1905, 49.0078, 0
PixelHit 1118, 1906, 107.615, 0
PixelHit 1118, 1907, 50.0483, 0
PixelHit 1118, 1908, 47.5158, 0
PixelHit 1118, 1909, 33.3691, 0
PixelHit 1118, 1910, 12.2011, 0
PixelHit 1118, 1911, 11.5885, 0
PixelHit 1118, 1912, 13.6632, 0
PixelHit 1118, 1913, 22.3261, 0
PixelHit 1118, 1914, 3.0251, 0
PixelHit 1119, 1851, 3.98508, 0
PixelHit 1119, 1852, 3.87786, 0
PixelHit 1119, 1853, 12.8395, 0
PixelHit 1119, 1854, 16.1452, 0
PixelHit 1119, 1855, 15.1718, 0
PixelHit 1119, 1856, 13.2986, 0
PixelHit 1119, 1857, 5.22423, 0
PixelHit 1119, 1858, 14.6341, 0
PixelHit 1119, 1859, 12.4307, 0
PixelHit 1119, 1860, 12.4384, 0
PixelHit 1119, 1861, 10.6434, 0
PixelHit 1119, 1862, 10.8898, 0
PixelHit 1119, 1863, 11.1837, 0
PixelHit 1119, 1864, 17.7158, 0
PixelHit 1119, 1865, 16.9402, 0
PixelHit 1119, 1866, 16.2577, 0
PixelHit 1119, 1867, 15.6868, 0
PixelHit 1119, 1868, 17.0169, 0
PixelHit 1119, 1869, 6.12969, 0
PixelHit 1119, 1870, 4.19342, 0
PixelHit 1119, 1871, 4.31528, 0
PixelHit 1119, 1872, 3.03169, 0
PixelHit 1119, 1874, 3.09886, 0
PixelHit 1119, 1875, 2.73809, 0
PixelHit 1119, 1906, 1.92016, 0
PixelHit 1119, 1907, 3.06433, 0
PixelHit 1119, 1908, 4.2121, 0
PixelHit 1119, 1909, 8.3635, 0
PixelHit 1119, 1910, 2.60208, 0
PixelHit 1119, 1911, 7.06626, 0
PixelHit 1119, 1912, 45.8664, 0
PixelHit 1119, 1913, 148.84, 0
PixelHit 1119, 1914, 75.3913, 0
PixelHit 1119, 1915, 24.3111, 0
PixelHit 1119, 1916, 10.6299, 0
PixelHit 1120, 1852, 2.97635, 0
PixelHit 1120, 1853, 14.6411, 0
PixelHit 1120, 1854, 20.7001, 0
PixelHit 1120, 1855, 26.2705, 0
PixelHit 1120, 1856, 21.9678, 0
PixelHit 1120, 1857, 11.5218, 0
PixelHit 1120, 1858, 12.2356, 0
PixelHit 1120, 1859, 10.3981, 0
PixelHit 1120, 1860, 9.82882, 0
PixelHit 1120, 1861, 7.37527, 0
PixelHit 1120, 1862, 13.5528, 0
PixelHit 1120, 1863, 10.0515, 0
PixelHit 1120, 1864, 3.8807, 0
PixelHit 1120, 1865, 8.05353, 0
PixelHit 1120, 1866, 3.781, 0
PixelHit 1120, 1867, 4.36494, 0
PixelHit 1120, 1868, 4.31736, 0
PixelHit 1120, 1871, 1.88266, 0
PixelHit 1120, 1910, 2.37706, 0
PixelHit 1120, 1912, 12.6808, 0
PixelHit 1120, 1913, 52.8426, 0
PixelHit 1120, 1914, 53.742, 0
PixelHit 1120, 1915, 83.3987, 0
PixelHit 1120, 1916, 91.1824, 0
PixelHit 1120, 1917, 31.4861, 0
PixelHit 1120, 1918, 9.1489, 0
PixelHit 1120, 1919, 5.00963, 0
PixelHit 1120, 1920, 3.17165, 0
PixelHit 1121, 1851, 3.15416, 0
PixelHit 1121, 1852, 5.00667, 0
PixelHit 1121, 1853, 13.2968, 0
PixelHit 1121, 1854, 17.9463, 0
PixelHit 1121, 1855, 19.6548, 0
PixelHit 1121, 1856, 16.3864, 0
PixelHit 1121, 1857, 7.55086, 0
PixelHit 1121, 1858, 7.13552, 0
PixelHit 1121, 1859, 7.99464, 0
PixelHit 1121, 1861, 4.45253, 0
PixelHit 1121, 1862, 2.0666, 0
PixelHit 1121, 1863, 1.84326, 0
PixelHit 1121, 1864, 3.40722, 0
PixelHit 1121, 1865, 1.81878, 0
PixelHit 1121, 1867, 2.42165, 0
PixelHit 1121, 1914, 1.65679, 0
PixelHit 1121, 1915, 13.6215, 0
PixelHit 1121, 1916, 23.4931, 0
PixelHit 1121, 1917, 39.4728, 0
PixelHit 1121, 1918, 48.6027, 0
PixelHit 1121, 1919, 31.8755, 0
PixelHit 1121, 1920, 25.6443, 0
PixelHit 1121, 1921, 12.2608, 0
PixelHit 1122, 1852, 4.73671, 0
PixelHit 1122, 1853, 3.6729, 0
PixelHit 1122, 1854, 10.5889, 0
PixelHit 1122, 1855, 6.02954, 0
PixelHit 1122, 1856, 12.7073, 0
PixelHit 1122, 1857, 1.51387, 0
PixelHit 1122, 1860, 1.41521, 0
PixelHit 1122, 1861, 0.834893, 0
PixelHit 1122, 1865, 2.34477, 0
PixelHit 1122, 1866, 1.93889, 0
PixelHit 1122, 1917, 0.638724, 0
PixelHit 1122, 1918, 7.14978, 0
PixelHit 1122, 1919, 11.6304, 0
PixelHit 1122, 1920, 36.0394, 0
PixelHit 1122, 1921, 33.3581, 0
PixelHit 1122, 1922, 84.7026, 0
PixelHit 1122, 1923, 6.50569, 0
PixelHit 1123, 1854, 0.589678, 0
PixelHit 1123, 1855, 2.85066, 0
PixelHit 1123, 1856, 0.141335, 0
PixelHit 1123, 1922, 15.3379, 0
PixelHit 1123, 1923, 43.6121, 0
PixelHit 1123, 1924, 13.2821, 0
PixelHit 1124, 1923, 2.48728, 0
=== 41 ===
=== 42 ===
=== 43 ===
=== 44 ===
=== 45 ===
=== 46 ===
=== 47 ===
=== 48 ===
=== 49 ===
=== 50 ===
=== 51 ===
=== 52 ===
=== 53 ===
=== 54 ===
=== 55 ===
=== 56 ===
=== 57 ===
=== 58 ===
=== 59 ===
=== 60 ===
=== 61 ===
=== 62 ===
=== 63 ===
=== 64 ===
=== 65 ===
=== 66 ===
=== 67 ===
=== 68 ===
=== 69 ===
=== 70 ===
=== 71 ===
=== 72 ===
=== 73 ===
=== 74 ===
=== 75 ===
=== 76 ===
=== 77 ===
=== 78 ===
=== 79 ===
=== 80 ===
=== 81 ===
=== 82 ===
=== 83 ===
=== 84 ===
=== 85 ===
=== 86 ===
=== 87 ===
=== 88 ===
=== 89 ===
=== 90 ===
=== 91 ===
=== 92 ===
=== 93 ===
=== 94 ===
=== 95 ===
=== 96 ===
=== 97 ===
=== 98 ===
=== 99 ===
=== 100 ===
# 327 objects from 1 messages
