# Allpix Squared ASCII data - https://cern.ch/allpix-squared

=== 1 ===
=== 2 ===
=== 3 ===
=== 4 ===
=== 5 ===
=== 6 ===
=== 7 ===
=== 8 ===
=== 9 ===
=== 10 ===
=== 11 ===
=== 12 ===
=== 13 ===
=== 14 ===
=== 15 ===
=== 16 ===
=== 17 ===
=== 18 ===
=== 19 ===
=== 20 ===
=== 21 ===
=== 22 ===
=== 23 ===
=== 24 ===
=== 25 ===
=== 26 ===
=== 27 ===
=== 28 ===
=== 29 ===
=== 30 ===
=== 31 ===
=== 32 ===
=== 33 ===
=== 34 ===
=== 35 ===
=== 36 ===
=== 37 ===
=== 38 ===
=== 39 ===
=== 40 ===
=== 41 ===
=== 42 ===
=== 43 ===
=== 44 ===
=== 45 ===
=== 46 ===
=== 47 ===
=== 48 ===
=== 49 ===
=== 50 ===
=== 51 ===
--- mydetector ---
PixelHit 1288, 962, 1.09816, 0
PixelHit 1289, 955, 1.84636, 0
PixelHit 1289, 956, 0.519906, 0
PixelHit 1289, 957, 4.11778, 0
PixelHit 1289, 958, 2.55714, 0
PixelHit 1289, 959, 1.93441, 0
PixelHit 1289, 963, 1.57885, 0
PixelHit 1289, 965, 0.041088, 0
PixelHit 1290, 953, 3.46623, 0
PixelHit 1290, 954, 2.29335, 0
PixelHit 1290, 955, 7.77976, 0
PixelHit 1290, 956, 12.8134, 0
PixelHit 1290, 957, 12.8145, 0
PixelHit 1290, 958, 10.6296, 0
PixelHit 1290, 959, 13.1285, 0
PixelHit 1290, 960, 18.4518, 0
PixelHit 1290, 961, 10.9305, 0
PixelHit 1290, 962, 8.4528, 0
PixelHit 1290, 963, 5.53999, 0
PixelHit 1290, 964, 4.38737, 0
PixelHit 1290, 965, 7.02323, 0
PixelHit 1290, 966, 4.91853, 0
PixelHit 1290, 967, 4.68842, 0
PixelHit 1290, 968, 3.45876, 0
PixelHit 1290, 969, 1.89258, 0
PixelHit 1290, 970, 1.61067, 0
PixelHit 1290, 1097, 5.26689, 0
PixelHit 1290, 1101, 3.05042, 0
PixelHit 1290, 1105, 4.39099, 0
PixelHit 1290, 1106, 2.69899, 0
PixelHit 1290, 1109, 3.72603, 0
PixelHit 1291, 952, 2.20158, 0
PixelHit 1291, 953, 1.19204, 0
PixelHit 1291, 954, 13.9223, 0
PixelHit 1291, 955, 30.9093, 0
PixelHit 1291, 956, 28.082, 0
PixelHit 1291, 957, 39.7012, 0
PixelHit 1291, 958, 27.731, 0
PixelHit 1291, 959, 46.9728, 0
PixelHit 1291, 960, 54.0168, 0
PixelHit 1291, 961, 52.2283, 0
PixelHit 1291, 962, 20.0931, 0
PixelHit 1291, 963, 8.646, 0
PixelHit 1291, 964, 25.7181, 0
PixelHit 1291, 965, 24.0423, 0
PixelHit 1291, 966, 42.1272, 0
PixelHit 1291, 967, 29.7097, 0
PixelHit 1291, 968, 28.6873, 0
PixelHit 1291, 969, 17.0335, 0
PixelHit 1291, 970, 13.0819, 0
PixelHit 1291, 971, 51.2644, 0
PixelHit 1291, 972, 25.3879, 0
PixelHit 1291, 973, 13.1988, 0
PixelHit 1291, 974, 9.50932, 0
PixelHit 1291, 1096, 2.27387, 0
PixelHit 1291, 1097, 3.6835, 0
PixelHit 1291, 1098, 4.59835, 0
PixelHit 1291, 1099, 7.31345, 0
PixelHit 1291, 1100, 8.42493, 0
PixelHit 1291, 1101, 11.4779, 0
PixelHit 1291, 1102, 4.6135, 0
PixelHit 1291, 1103, 7.69772, 0
PixelHit 1291, 1104, 7.14712, 0
PixelHit 1291, 1105, 13.808, 0
PixelHit 1291, 1106, 8.19496, 0
PixelHit 1291, 1107, 20.3555, 0
PixelHit 1291, 1108, 18.6645, 0
PixelHit 1291, 1109, 16.8521, 0
PixelHit 1291, 1110, 5.38549, 0
PixelHit 1291, 1111, 5.79368, 0
PixelHit 1291, 1114, 1.16601, 0
PixelHit 1291, 1116, 2.72671, 0
PixelHit 1292, 953, 5.92242, 0
PixelHit 1292, 954, 14.7407, 0
PixelHit 1292, 955, 26.1734, 0
PixelHit 1292, 956, 54.3321, 0
PixelHit 1292, 957, 39.2621, 0
PixelHit 1292, 958, 47.8489, 0
PixelHit 1292, 959, 52.0547, 0
PixelHit 1292, 960, 74.3855, 0
PixelHit 1292, 961, 85.0824, 0
PixelHit 1292, 962, 37.324, 0
PixelHit 1292, 963, 31.2228, 0
PixelHit 1292, 964, 33.3357, 0
PixelHit 1292, 965, 66.429, 0
PixelHit 1292, 966, 63.1348, 0
PixelHit 1292, 967, 62.2693, 0
PixelHit 1292, 968, 55.0568, 0
PixelHit 1292, 969, 35.9249, 0
PixelHit 1292, 970, 24.2456, 0
PixelHit 1292, 971, 129.272, 0
PixelHit 1292, 972, 46.5299, 0
PixelHit 1292, 973, 59.7908, 0
PixelHit 1292, 974, 93.2113, 0
PixelHit 1292, 1096, 1.3797, 0
PixelHit 1292, 1097, 5.6606, 0
PixelHit 1292, 1098, 20.1716, 0
PixelHit 1292, 1099, 17.9223, 0
PixelHit 1292, 1100, 24.3626, 0
PixelHit 1292, 1101, 36.8908, 0
PixelHit 1292, 1102, 24.384, 0
PixelHit 1292, 1103, 32.7752, 0
PixelHit 1292, 1104, 32.5277, 0
PixelHit 1292, 1105, 32.6801, 0
PixelHit 1292, 1106, 47.4613, 0
PixelHit 1292, 1107, 84.8454, 0
PixelHit 1292, 1108, 96.2085, 0
PixelHit 1292, 1109, 67.7355, 0
PixelHit 1292, 1110, 32.3588, 0
PixelHit 1292, 1111, 26.8382, 0
PixelHit 1292, 1112, 23.3363, 0
PixelHit 1292, 1113, 26.4436, 0
PixelHit 1292, 1114, 28.6503, 0
PixelHit 1292, 1115, 15.0892, 0
PixelHit 1292, 1116, 25.2326, 0
PixelHit 1292, 1117, 49.9459, 0
PixelHit 1292, 1118, 15.3345, 0
PixelHit 1292, 1119, 5.44248, 0
PixelHit 1292, 1120, 2.72759, 0
PixelHit 1293, 954, 7.11182, 0
PixelHit 1293, 955, 22.0498, 0
PixelHit 1293, 956, 29.6891, 0
PixelHit 1293, 957, 21.2709, 0
PixelHit 1293, 958, 23.3074, 0
PixelHit 1293, 959, 30.753, 0
PixelHit 1293, 960, 44.5198, 0
PixelHit 1293, 961, 32.8391, 0
PixelHit 1293, 962, 13.9785, 0
PixelHit 1293, 963, 19.1897, 0
PixelHit 1293, 964, 14.3128, 0
PixelHit 1293, 965, 30.1984, 0
PixelHit 1293, 966, 21.6055, 0
PixelHit 1293, 967, 13.1785, 0
PixelHit 1293, 968, 16.293, 0
PixelHit 1293, 969, 9.52154, 0
PixelHit 1293, 971, 14.713, 0
PixelHit 1293, 972, 7.55853, 0
PixelHit 1293, 973, 3.75112, 0
PixelHit 1293, 974, 1.61163, 0
PixelHit 1293, 1096, 6.48094, 0
PixelHit 1293, 1097, 14.0242, 0
PixelHit 1293, 1098, 18.0313, 0
PixelHit 1293, 1099, 24.2313, 0
PixelHit 1293, 1100, 28.7051, 0
PixelHit 1293, 1101, 34.557, 0
PixelHit 1293, 1102, 44.2225, 0
PixelHit 1293, 1103, 48.7781, 0
PixelHit 1293, 1104, 29.2859, 0
PixelHit 1293, 1105, 61.9703, 0
PixelHit 1293, 1106, 64.0351, 0
PixelHit 1293, 1107, 113.912, 0
PixelHit 1293, 1108, 170.453, 0
PixelHit 1293, 1109, 104.229, 0
PixelHit 1293, 1110, 42.6865, 0
PixelHit 1293, 1111, 40.1861, 0
PixelHit 1293, 1112, 41.312, 0
PixelHit 1293, 1113, 55.4878, 0
PixelHit 1293, 1114, 58.8418, 0
PixelHit 1293, 1115, 37.3401, 0
PixelHit 1293, 1116, 58.107, 0
PixelHit 1293, 1117, 157.822, 0
PixelHit 1293, 1118, 85.6214, 0
PixelHit 1293, 1119, 55.2805, 0
PixelHit 1293, 1120, 36.6252, 0
PixelHit 1294, 954, 8.18201, 0
PixelHit 1294, 955, 8.1363, 0
PixelHit 1294, 956, 12.3559, 0
PixelHit 1294, 957, 9.35654, 0
PixelHit 1294, 958, 6.78551, 0
PixelHit 1294, 959, 9.72324, 0
PixelHit 1294, 960, 12.4701, 0
PixelHit 1294, 961, 4.54182, 0
PixelHit 1294, 963, 2.15363, 0
PixelHit 1294, 964, 0.253265, 0
PixelHit 1294, 966, 1.31757, 0
PixelHit 1294, 968, 4.00667, 0
PixelHit 1294, 1097, 6.35684, 0
PixelHit 1294, 1098, 13.4569, 0
PixelHit 1294, 1099, 13.8977, 0
PixelHit 1294, 1100, 25.6761, 0
PixelHit 1294, 1101, 22.8, 0
PixelHit 1294, 1102, 23.4382, 0
PixelHit 1294, 1103, 24.3902, 0
PixelHit 1294, 1104, 15.3438, 0
PixelHit 1294, 1105, 16.5048, 0
PixelHit 1294, 1106, 40.7459, 0
PixelHit 1294, 1107, 72.3092, 0
PixelHit 1294, 1108, 77.0152, 0
PixelHit 1294, 1109, 49.2671, 0
PixelHit 1294, 1110, 22.1332, 0
PixelHit 1294, 1111, 20.0027, 0
PixelHit 1294, 1112, 24.1106, 0
PixelHit 1294, 1113, 15.8275, 0
PixelHit 1294, 1114, 15.5051, 0
PixelHit 1294, 1115, 8.32964, 0
PixelHit 1294, 1116, 9.85275, 0
PixelHit 1294, 1117, 23.0381, 0
PixelHit 1294, 1118, 6.93343, 0
PixelHit 1295, 954, 1.08933, 0
PixelHit 1295, 958, 2.68308, 0
PixelHit 1295, 1098, 2.78196, 0
PixelHit 1295, 1099, 1.91289, 0
PixelHit 1295, 1100, 7.27434, 0
PixelHit 1295, 1101, 6.70969, 0
PixelHit 1295, 1102, 12.0938, 0
PixelHit 1295, 1103, 10.5547, 0
PixelHit 1295, 1104, 4.45401, 0
PixelHit 1295, 1105, 6.01769, 0
PixelHit 1295, 1106, 4.88734, 0
PixelHit 1295, 1107, 12.4767, 0
PixelHit 1295, 1108, 16.686, 0
PixelHit 1295, 1109, 8.7544, 0
PixelHit 1295, 1110, 4.27605, 0
PixelHit 1295, 1111, 3.81512, 0
PixelHit 1296, 1103, 3.43085, 0
PixelHit 1296, 1105, 2.4463, 0
PixelHit 1296, 1109, 2.57826, 0
PixelHit 1296, 1110, 2.80056, 0
=== 52 ===
=== 53 ===
=== 54 ===
=== 55 ===
=== 56 ===
=== 57 ===
=== 58 ===
=== 59 ===
=== 60 ===
=== 61 ===
=== 62 ===
=== 63 ===
=== 64 ===
=== 65 ===
--- mydetector ---
PixelHit 1294, 967, 1.48386, 0
PixelHit 1294, 976, 1.93966, 0
PixelHit 1294, 977, 1.92112, 0
PixelHit 1295, 967, 2.02988, 0
PixelHit 1295, 968, 5.74833, 0
PixelHit 1295, 969, 1.3846, 0
PixelHit 1295, 970, 9.04727, 0
PixelHit 1295, 971, 1.2995, 0
PixelHit 1295, 973, 7.89898, 0
PixelHit 1295, 974, 7.09715, 0
PixelHit 1295, 975, 5.29263, 0
PixelHit 1295, 976, 1.65199, 0
PixelHit 1295, 977, 3.01789, 0
PixelHit 1295, 978, 2.61028, 0
PixelHit 1296, 966, 6.10724, 0
PixelHit 1296, 967, 5.24667, 0
PixelHit 1296, 968, 15.3555, 0
PixelHit 1296, 969, 11.6066, 0
PixelHit 1296, 970, 14.8162, 0
PixelHit 1296, 971, 15.3338, 0
PixelHit 1296, 972, 15.9707, 0
PixelHit 1296, 973, 32.8141, 0
PixelHit 1296, 974, 39.9864, 0
PixelHit 1296, 975, 35.2596, 0
PixelHit 1296, 976, 18.4721, 0
PixelHit 1296, 977, 22.5071, 0
PixelHit 1296, 978, 24.3485, 0
PixelHit 1296, 979, 12.1812, 0
PixelHit 1296, 980, 15.2436, 0
PixelHit 1296, 981, 12.1846, 0
PixelHit 1296, 982, 19.1653, 0
PixelHit 1296, 983, 1.98464, 0
PixelHit 1296, 984, 2.63543, 0
PixelHit 1296, 985, 1.42265, 0
PixelHit 1297, 965, 1.90731, 0
PixelHit 1297, 966, 7.69297, 0
PixelHit 1297, 967, 11.8298, 0
PixelHit 1297, 968, 21.1708, 0
PixelHit 1297, 969, 21.1888, 0
PixelHit 1297, 970, 19.9186, 0
PixelHit 1297, 971, 24.7924, 0
PixelHit 1297, 972, 28.8689, 0
PixelHit 1297, 973, 42.1066, 0
PixelHit 1297, 974, 94.2192, 0
PixelHit 1297, 975, 66.9392, 0
PixelHit 1297, 976, 47.3971, 0
PixelHit 1297, 977, 57.6889, 0
PixelHit 1297, 978, 60.7238, 0
PixelHit 1297, 979, 56.946, 0
PixelHit 1297, 980, 51.9598, 0
PixelHit 1297, 981, 70.3661, 0
PixelHit 1297, 982, 66.5549, 0
PixelHit 1297, 983, 30.0995, 0
PixelHit 1297, 984, 24.1355, 0
PixelHit 1297, 985, 36.9148, 0
PixelHit 1297, 986, 73.4655, 0
PixelHit 1297, 987, 181.453, 0
PixelHit 1297, 988, 61.7868, 0
PixelHit 1297, 989, 2.67048, 0
PixelHit 1298, 964, 0.998632, 0
PixelHit 1298, 965, 4.7092, 0
PixelHit 1298, 966, 6.1391, 0
PixelHit 1298, 967, 12.9511, 0
PixelHit 1298, 968, 15.995, 0
PixelHit 1298, 969, 15.9077, 0
PixelHit 1298, 970, 14.5063, 0
PixelHit 1298, 971, 26.3312, 0
PixelHit 1298, 972, 31.5713, 0
PixelHit 1298, 973, 50.3573, 0
PixelHit 1298, 974, 68.898, 0
PixelHit 1298, 975, 46.9541, 0
PixelHit 1298, 976, 25.6768, 0
PixelHit 1298, 977, 45.7681, 0
PixelHit 1298, 978, 57.7119, 0
PixelHit 1298, 979, 46.5382, 0
PixelHit 1298, 980, 39.675, 0
PixelHit 1298, 981, 63.8956, 0
PixelHit 1298, 982, 53.5123, 0
PixelHit 1298, 983, 11.9157, 0
PixelHit 1298, 984, 8.59793, 0
PixelHit 1298, 985, 18.9667, 0
PixelHit 1298, 986, 35.5935, 0
PixelHit 1298, 987, 71.1877, 0
PixelHit 1298, 988, 15.1083, 0
PixelHit 1299, 966, 2.2641, 0
PixelHit 1299, 967, 4.93599, 0
PixelHit 1299, 968, 8.03609, 0
PixelHit 1299, 969, 13.1699, 0
PixelHit 1299, 970, 7.05002, 0
PixelHit 1299, 971, 9.54054, 0
PixelHit 1299, 972, 15.4762, 0
PixelHit 1299, 973, 20.1235, 0
PixelHit 1299, 974, 19.818, 0
PixelHit 1299, 975, 10.9693, 0
PixelHit 1299, 976, 9.66671, 0
PixelHit 1299, 977, 9.8047, 0
PixelHit 1299, 978, 15.4398, 0
PixelHit 1299, 979, 6.79812, 0
PixelHit 1299, 980, 6.19777, 0
PixelHit 1299, 981, 5.34643, 0
PixelHit 1299, 982, 4.06794, 0
PixelHit 1299, 983, 1.03914, 0
PixelHit 1299, 984, 2.28831, 0
PixelHit 1299, 988, 1.98983, 0
PixelHit 1300, 967, 2.92186, 0
PixelHit 1300, 968, 3.67513, 0
PixelHit 1300, 969, 2.85036, 0
PixelHit 1300, 970, 1.97224, 0
PixelHit 1300, 972, 2.40698, 0
PixelHit 1300, 973, 3.57575, 0
PixelHit 1300, 974, 2.25102, 0
PixelHit 1300, 975, 0.344686, 0
PixelHit 1300, 978, 1.42003, 0
PixelHit 1300, 979, 0.880901, 0
PixelHit 1301, 973, 1.86999, 0
PixelHit 1315, 974, 1.5661, 0
PixelHit 1316, 971, 0.402446, 0
PixelHit 1316, 972, 6.35494, 0
PixelHit 1316, 973, 4.35691, 0
PixelHit 1316, 974, 5.01723, 0
PixelHit 1316, 975, 2.61436, 0
PixelHit 1316, 976, 3.59055, 0
PixelHit 1316, 979, 2.01666, 0
PixelHit 1316, 980, 3.67899, 0
PixelHit 1316, 985, 2.76197, 0
PixelHit 1317, 970, 3.69787, 0
PixelHit 1317, 971, 5.59124, 0
PixelHit 1317, 972, 10.9557, 0
PixelHit 1317, 973, 15.8989, 0
PixelHit 1317, 974, 12.4953, 0
PixelHit 1317, 975, 10.1747, 0
PixelHit 1317, 976, 7.3203, 0
PixelHit 1317, 977, 15.8655, 0
PixelHit 1317, 978, 10.5881, 0
PixelHit 1317, 979, 11.2643, 0
PixelHit 1317, 980, 14.5048, 0
PixelHit 1317, 981, 11.5163, 0
PixelHit 1317, 982, 11.3788, 0
PixelHit 1317, 983, 21.6937, 0
PixelHit 1317, 984, 26.9526, 0
PixelHit 1317, 985, 9.31345, 0
PixelHit 1317, 986, 3.18048, 0
PixelHit 1317, 987, 6.03379, 0
PixelHit 1317, 988, 0.565653, 0
PixelHit 1318, 969, 1.25046, 0
PixelHit 1318, 970, 5.73998, 0
PixelHit 1318, 971, 22.7054, 0
PixelHit 1318, 972, 29.0393, 0
PixelHit 1318, 973, 30.3971, 0
PixelHit 1318, 974, 24.8641, 0
PixelHit 1318, 975, 19.3919, 0
PixelHit 1318, 976, 18.8897, 0
PixelHit 1318, 977, 29.9535, 0
PixelHit 1318, 978, 26.2388, 0
PixelHit 1318, 979, 48.8898, 0
PixelHit 1318, 980, 42.4312, 0
PixelHit 1318, 981, 37.8208, 0
PixelHit 1318, 982, 67.7276, 0
PixelHit 1318, 983, 263.371, 0
PixelHit 1318, 984, 269.47, 0
PixelHit 1318, 985, 85.3614, 0
PixelHit 1318, 986, 28.9012, 0
PixelHit 1318, 987, 27.8105, 0
PixelHit 1318, 988, 47.8435, 0
PixelHit 1318, 989, 71.5884, 0
PixelHit 1318, 990, 36.6979, 0
PixelHit 1318, 991, 18.8299, 0
PixelHit 1319, 970, 8.05353, 0
PixelHit 1319, 971, 29.1721, 0
PixelHit 1319, 972, 35.1464, 0
PixelHit 1319, 973, 28.7884, 0
PixelHit 1319, 974, 32.0301, 0
PixelHit 1319, 975, 22.4628, 0
PixelHit 1319, 976, 29.8923, 0
PixelHit 1319, 977, 43.1464, 0
PixelHit 1319, 978, 37.4876, 0
PixelHit 1319, 979, 57.2006, 0
PixelHit 1319, 980, 58.8141, 0
PixelHit 1319, 981, 40.5606, 0
PixelHit 1319, 982, 124.069, 0
PixelHit 1319, 983, 595.136, 0
PixelHit 1319, 984, 598.015, 0
PixelHit 1319, 985, 155.502, 0
PixelHit 1319, 986, 48.4871, 0
PixelHit 1319, 987, 39.1077, 0
PixelHit 1319, 988, 80.4329, 0
PixelHit 1319, 989, 201.922, 0
PixelHit 1319, 990, 116.169, 0
PixelHit 1319, 991, 99.0755, 0
PixelHit 1319, 992, 5.96332, 0
PixelHit 1320, 968, 2.02061, 0
PixelHit 1320, 970, 5.77777, 0
PixelHit 1320, 971, 19.9368, 0
PixelHit 1320, 972, 16.6431, 0
PixelHit 1320, 973, 19.5907, 0
PixelHit 1320, 974, 14.3076, 0
PixelHit 1320, 975, 7.32067, 0
PixelHit 1320, 976, 15.5372, 0
PixelHit 1320, 977, 12.2369, 0
PixelHit 1320, 978, 10.3537, 0
PixelHit 1320, 979, 19.9697, 0
PixelHit 1320, 980, 20.2364, 0
PixelHit 1320, 981, 14.1558, 0
PixelHit 1320, 982, 49.9421, 0
PixelHit 1320, 983, 247.789, 0
PixelHit 1320, 984, 259.678, 0
PixelHit 1320, 985, 71.7483, 0
PixelHit 1320, 986, 6.84887, 0
PixelHit 1320, 987, 4.39044, 0
PixelHit 1320, 988, 7.23903, 0
PixelHit 1320, 989, 12.5179, 0
PixelHit 1320, 990, 5.37885, 0
PixelHit 1320, 991, 3.67415, 0
PixelHit 1321, 970, 1.73447, 0
PixelHit 1321, 971, 2.81765, 0
PixelHit 1321, 972, 3.29572, 0
PixelHit 1321, 973, 5.44441, 0
PixelHit 1321, 974, 5.21166, 0
PixelHit 1321, 975, 2.87302, 0
PixelHit 1321, 976, 3.73609, 0
PixelHit 1321, 977, 3.21684, 0
PixelHit 1321, 978, 6.25157, 0
PixelHit 1321, 979, 0.660189, 0
PixelHit 1321, 980, 4.65625, 0
PixelHit 1321, 981, 0.940541, 0
PixelHit 1321, 982, 5.94093, 0
PixelHit 1321, 983, 15.7524, 0
PixelHit 1321, 984, 25.7369, 0
PixelHit 1322, 973, 1.86021, 0
PixelHit 1322, 985, 1.46454, 0
=== 66 ===
=== 67 ===
=== 68 ===
=== 69 ===
=== 70 ===
=== 71 ===
=== 72 ===
=== 73 ===
=== 74 ===
=== 75 ===
=== 76 ===
=== 77 ===
=== 78 ===
=== 79 ===
=== 80 ===
=== 81 ===
=== 82 ===
=== 83 ===
=== 84 ===
=== 85 ===
=== 86 ===
=== 87 ===
=== 88 ===
=== 89 ===
=== 90 ===
=== 91 ===
=== 92 ===
=== 93 ===
=== 94 ===
=== 95 ===
=== 96 ===
=== 97 ===
=== 98 ===
=== 99 ===
=== 100 ===
# 448 objects from 2 messages
