# Allpix Squared ASCII data - https://cern.ch/allpix-squared

=== 1 ===
=== 2 ===
=== 3 ===
=== 4 ===
=== 5 ===
=== 6 ===
=== 7 ===
=== 8 ===
=== 9 ===
=== 10 ===
=== 11 ===
=== 12 ===
=== 13 ===
=== 14 ===
=== 15 ===
=== 16 ===
=== 17 ===
=== 18 ===
=== 19 ===
=== 20 ===
=== 21 ===
=== 22 ===
=== 23 ===
=== 24 ===
=== 25 ===
=== 26 ===
=== 27 ===
=== 28 ===
=== 29 ===
=== 30 ===
=== 31 ===
=== 32 ===
=== 33 ===
=== 34 ===
=== 35 ===
=== 36 ===
=== 37 ===
=== 38 ===
--- mydetector ---
PixelHit 1277, 961, 9.31058, 0
PixelHit 1277, 962, 1.20941, 0
PixelHit 1278, 961, 107.756, 0
PixelHit 1278, 962, 16.8341, 0
PixelHit 1279, 960, 7.12071, 0
PixelHit 1279, 961, 52.7786, 0
PixelHit 1279, 962, 8.37783, 0
PixelHit 1280, 959, 2.75318, 0
PixelHit 1280, 960, 39.5153, 0
PixelHit 1280, 961, 67.5012, 0
PixelHit 1280, 962, 15.007, 0
PixelHit 1280, 963, 3.28418, 0
PixelHit 1281, 959, 3.2522, 0
PixelHit 1281, 960, 57.0227, 0
PixelHit 1281, 961, 90.3075, 0
PixelHit 1281, 962, 22.1919, 0
PixelHit 1282, 959, 3.6783, 0
PixelHit 1282, 960, 34.4054, 0
PixelHit 1282, 961, 47.5785, 0
PixelHit 1282, 962, 4.70337, 0
PixelHit 1283, 959, 8.87565, 0
PixelHit 1283, 960, 18.8372, 0
PixelHit 1283, 961, 15.9475, 0
PixelHit 1284, 958, 2.37937, 0
PixelHit 1284, 959, 18.3404, 0
PixelHit 1284, 960, 34.6666, 0
PixelHit 1284, 961, 24.947, 0
PixelHit 1284, 962, 3.19371, 0
PixelHit 1284, 963, 2.8462, 0
PixelHit 1285, 958, 7.48973, 0
PixelHit 1285, 959, 39.5821, 0
PixelHit 1285, 960, 44.688, 0
PixelHit 1285, 961, 25.2607, 0
PixelHit 1285, 962, 5.1888, 0
PixelHit 1285, 963, 1.09971, 0
PixelHit 1286, 958, 9.2183, 0
PixelHit 1286, 959, 27.5771, 0
PixelHit 1286, 960, 56.8427, 0
PixelHit 1286, 961, 23.5679, 0
PixelHit 1286, 962, 5.60191, 0
PixelHit 1286, 963, 0.902236, 0
PixelHit 1287, 958, 11.4027, 0
PixelHit 1287, 959, 21.2191, 0
PixelHit 1287, 960, 38.4777, 0
PixelHit 1287, 961, 15.5926, 0
PixelHit 1287, 962, 4.89165, 0
PixelHit 1287, 975, 4.14613, 0
PixelHit 1287, 976, 3.0691, 0
PixelHit 1288, 957, 1.09032, 0
PixelHit 1288, 958, 19.027, 0
PixelHit 1288, 959, 39.766, 0
PixelHit 1288, 960, 24.5966, 0
PixelHit 1288, 961, 20.672, 0
PixelHit 1288, 962, 3.77792, 0
PixelHit 1288, 975, 20.78, 0
PixelHit 1288, 976, 64.8699, 0
PixelHit 1289, 956, 2.65858, 0
PixelHit 1289, 957, 6.93081, 0
PixelHit 1289, 958, 31.1615, 0
PixelHit 1289, 959, 45.2278, 0
PixelHit 1289, 960, 45.8927, 0
PixelHit 1289, 961, 23.362, 0
PixelHit 1289, 962, 1.1852, 0
PixelHit 1289, 974, 2.33206, 0
PixelHit 1289, 975, 63.9521, 0
PixelHit 1289, 976, 52.18, 0
PixelHit 1290, 956, 1.5904, 0
PixelHit 1290, 957, 12.3334, 0
PixelHit 1290, 958, 35.7869, 0
PixelHit 1290, 959, 62.2394, 0
PixelHit 1290, 960, 36.0408, 0
PixelHit 1290, 961, 13.799, 0
PixelHit 1290, 962, 3.20416, 0
PixelHit 1290, 974, 7.10193, 0
PixelHit 1290, 975, 76.0117, 0
PixelHit 1290, 976, 41.3775, 0
PixelHit 1290, 977, 2.86793, 0
PixelHit 1291, 957, 6.73799, 0
PixelHit 1291, 958, 20.3303, 0
PixelHit 1291, 959, 26.7675, 0
PixelHit 1291, 960, 26.6305, 0
PixelHit 1291, 961, 5.4026, 0
PixelHit 1291, 974, 28.8716, 0
PixelHit 1291, 975, 84.454, 0
PixelHit 1291, 976, 30.0193, 0
PixelHit 1291, 977, 2.82553, 0
PixelHit 1292, 957, 4.76252, 0
PixelHit 1292, 958, 8.12464, 0
PixelHit 1292, 959, 4.51092, 0
PixelHit 1292, 960, 10.0464, 0
PixelHit 1292, 962, 1.63591, 0
PixelHit 1292, 973, 4.98246, 0
PixelHit 1292, 974, 40.4389, 0
PixelHit 1292, 975, 92.2847, 0
PixelHit 1292, 976, 38.528, 0
PixelHit 1292, 977, 1.66444, 0
PixelHit 1293, 958, 2.09631, 0
PixelHit 1293, 959, 2.47455, 0
PixelHit 1293, 960, 1.57957, 0
PixelHit 1293, 972, 2.89756, 0
PixelHit 1293, 973, 10.7862, 0
PixelHit 1293, 974, 35.9728, 0
PixelHit 1293, 975, 75.402, 0
PixelHit 1293, 976, 27.6557, 0
PixelHit 1293, 977, 3.29037, 0
PixelHit 1294, 958, 2.25854, 0
PixelHit 1294, 973, 11.9856, 0
PixelHit 1294, 974, 38.504, 0
PixelHit 1294, 975, 38.1106, 0
PixelHit 1294, 976, 11.0542, 0
PixelHit 1294, 977, 3.26221, 0
PixelHit 1295, 973, 13.5346, 0
PixelHit 1295, 974, 37.9069, 0
PixelHit 1295, 975, 29.7935, 0
PixelHit 1295, 976, 12.5385, 0
PixelHit 1296, 971, 1.79369, 0
PixelHit 1296, 972, 5.25741, 0
PixelHit 1296, 973, 19.5092, 0
PixelHit 1296, 974, 45.8721, 0
PixelHit 1296, 975, 27.7454, 0
PixelHit 1296, 976, 9.52688, 0
PixelHit 1296, 977, 1.7291, 0
PixelHit 1297, 971, 1.03201, 0
PixelHit 1297, 972, 8.73897, 0
PixelHit 1297, 973, 25.6111, 0
PixelHit 1297, 974, 43.605, 0
PixelHit 1297, 975, 26.2308, 0
PixelHit 1297, 976, 12.2132, 0
PixelHit 1298, 972, 8.05495, 0
PixelHit 1298, 973, 25.5248, 0
PixelHit 1298, 974, 42.0964, 0
PixelHit 1298, 975, 22.5767, 0
PixelHit 1298, 976, 7.00064, 0
PixelHit 1298, 977, 2.51358, 0
PixelHit 1299, 972, 14.4017, 0
PixelHit 1299, 973, 36.324, 0
PixelHit 1299, 974, 50.3044, 0
PixelHit 1299, 975, 23.9391, 0
PixelHit 1300, 972, 11.0446, 0
PixelHit 1300, 973, 23.5417, 0
PixelHit 1300, 974, 29.2728, 0
PixelHit 1300, 975, 18.1593, 0
PixelHit 1300, 976, 4.51926, 0
PixelHit 1301, 971, 1.09789, 0
PixelHit 1301, 973, 15.1924, 0
PixelHit 1301, 974, 18.8092, 0
PixelHit 1301, 975, 9.08841, 0
PixelHit 1301, 976, 3.07348, 0
PixelHit 1302, 972, 2.85617, 0
PixelHit 1302, 973, 5.89529, 0
PixelHit 1302, 974, 1.88572, 0
PixelHit 1302, 975, 2.97993, 0
=== 39 ===
=== 40 ===
=== 41 ===
=== 42 ===
=== 43 ===
=== 44 ===
=== 45 ===
=== 46 ===
--- mydetector ---
PixelHit 1281, 974, 0.653336, 0
PixelHit 1281, 975, 0.609958, 0
PixelHit 1282, 973, 4.47848, 0
PixelHit 1282, 974, 116.35, 0
PixelHit 1282, 975, 56.9269, 0
PixelHit 1283, 973, 35.6181, 0
PixelHit 1283, 974, 283.889, 0
PixelHit 1283, 975, 78.7489, 0
PixelHit 1284, 973, 22.573, 0
PixelHit 1284, 974, 90.9998, 0
PixelHit 1284, 975, 35.5005, 0
PixelHit 1285, 972, 2.0318, 0
PixelHit 1285, 973, 52.8511, 0
PixelHit 1285, 974, 88.4027, 0
PixelHit 1285, 975, 23.8921, 0
PixelHit 1285, 976, 3.36772, 0
PixelHit 1286, 971, 1.47079, 0
PixelHit 1286, 972, 17.4568, 0
PixelHit 1286, 973, 132.178, 0
PixelHit 1286, 974, 137.484, 0
PixelHit 1286, 975, 29.8243, 0
PixelHit 1287, 970, 2.25804, 0
PixelHit 1287, 971, 4.39296, 0
PixelHit 1287, 972, 40.6106, 0
PixelHit 1287, 973, 139.171, 0
PixelHit 1287, 974, 125.507, 0
PixelHit 1287, 975, 29.5609, 0
PixelHit 1287, 976, 4.00344, 0
PixelHit 1288, 971, 9.67802, 0
PixelHit 1288, 972, 70.8648, 0
PixelHit 1288, 973, 165.057, 0
PixelHit 1288, 974, 125.652, 0
PixelHit 1288, 975, 25.2787, 0
PixelHit 1288, 976, 2.55605, 0
PixelHit 1289, 971, 5.18291, 0
PixelHit 1289, 972, 67.188, 0
PixelHit 1289, 973, 130.674, 0
PixelHit 1289, 974, 73.6001, 0
PixelHit 1289, 975, 16.7399, 0
PixelHit 1289, 976, 0.453954, 0
PixelHit 1290, 970, 2.41255, 0
PixelHit 1290, 971, 15.1649, 0
PixelHit 1290, 972, 70.155, 0
PixelHit 1290, 973, 70.2145, 0
PixelHit 1290, 974, 35.3116, 0
PixelHit 1290, 975, 5.41825, 0
PixelHit 1291, 970, 0.905046, 0
PixelHit 1291, 971, 56.9457, 0
PixelHit 1291, 972, 187.692, 0
PixelHit 1291, 973, 101.759, 0
PixelHit 1291, 974, 33.4719, 0
PixelHit 1291, 975, 3.40923, 0
PixelHit 1291, 977, 1.77249, 0
PixelHit 1292, 968, 1.267, 0
PixelHit 1292, 970, 11.1798, 0
PixelHit 1292, 971, 82.1965, 0
PixelHit 1292, 972, 209.714, 0
PixelHit 1292, 973, 122.253, 0
PixelHit 1292, 974, 37.3311, 0
PixelHit 1292, 975, 12.416, 0
PixelHit 1292, 976, 0.00158063, 0
PixelHit 1293, 970, 8.79331, 0
PixelHit 1293, 971, 77.4012, 0
PixelHit 1293, 972, 138.334, 0
PixelHit 1293, 973, 94.5829, 0
PixelHit 1293, 974, 27.3738, 0
PixelHit 1293, 975, 6.9508, 0
PixelHit 1294, 969, 3.81278, 0
PixelHit 1294, 970, 16.0666, 0
PixelHit 1294, 971, 53.4062, 0
PixelHit 1294, 972, 92.3569, 0
PixelHit 1294, 973, 49.5829, 0
PixelHit 1294, 974, 17.9541, 0
PixelHit 1294, 975, 6.72419, 0
PixelHit 1295, 969, 1.46691, 0
PixelHit 1295, 970, 16.6172, 0
PixelHit 1295, 971, 48.6551, 0
PixelHit 1295, 972, 61.0169, 0
PixelHit 1295, 973, 24.3548, 0
PixelHit 1295, 974, 6.82768, 0
PixelHit 1295, 975, 2.22917, 0
PixelHit 1296, 969, 6.87113, 0
PixelHit 1296, 970, 18.8018, 0
PixelHit 1296, 971, 47.8928, 0
PixelHit 1296, 972, 48.6785, 0
PixelHit 1296, 973, 9.41156, 0
PixelHit 1296, 974, 6.75486, 0
PixelHit 1297, 969, 13.0608, 0
PixelHit 1297, 970, 44.4104, 0
PixelHit 1297, 971, 66.6973, 0
PixelHit 1297, 972, 53.3704, 0
PixelHit 1297, 973, 8.89298, 0
PixelHit 1298, 968, 0.36842, 0
PixelHit 1298, 969, 13.1421, 0
PixelHit 1298, 970, 48.5973, 0
PixelHit 1298, 971, 89.6372, 0
PixelHit 1298, 972, 38.2056, 0
PixelHit 1298, 973, 16.505, 0
PixelHit 1299, 968, 4.68886, 0
PixelHit 1299, 969, 39.914, 0
PixelHit 1299, 970, 61.1634, 0
PixelHit 1299, 971, 71.3414, 0
PixelHit 1299, 972, 34.7846, 0
PixelHit 1299, 973, 17.1901, 0
PixelHit 1300, 967, 1.80959, 0
PixelHit 1300, 968, 12.4874, 0
PixelHit 1300, 969, 35.2446, 0
PixelHit 1300, 970, 87.8453, 0
PixelHit 1300, 971, 63.5601, 0
PixelHit 1300, 972, 39.3331, 0
PixelHit 1300, 973, 11.8909, 0
PixelHit 1300, 974, 1.77685, 0
PixelHit 1301, 968, 11.6987, 0
PixelHit 1301, 969, 52.5359, 0
PixelHit 1301, 970, 77.9724, 0
PixelHit 1301, 971, 70.1977, 0
PixelHit 1301, 972, 38.9872, 0
PixelHit 1301, 973, 3.87852, 0
PixelHit 1301, 974, 1.74634, 0
PixelHit 1302, 968, 2.70282, 0
PixelHit 1302, 969, 17.6895, 0
PixelHit 1302, 970, 45.8053, 0
PixelHit 1302, 971, 52.2626, 0
PixelHit 1302, 972, 28.9017, 0
PixelHit 1302, 973, 1.91057, 0
PixelHit 1303, 968, 1.26904, 0
PixelHit 1303, 969, 20.3111, 0
PixelHit 1303, 970, 16.7119, 0
PixelHit 1303, 971, 16.2726, 0
PixelHit 1303, 972, 5.94466, 0
PixelHit 1303, 973, 0.778867, 0
PixelHit 1304, 968, 1.0044, 0
PixelHit 1304, 971, 7.76155, 0
PixelHit 1304, 972, 3.92115, 0
=== 47 ===
=== 48 ===
=== 49 ===
=== 50 ===
=== 51 ===
=== 52 ===
=== 53 ===
=== 54 ===
=== 55 ===
=== 56 ===
=== 57 ===
=== 58 ===
=== 59 ===
=== 60 ===
=== 61 ===
=== 62 ===
=== 63 ===
=== 64 ===
=== 65 ===
=== 66 ===
=== 67 ===
=== 68 ===
=== 69 ===
=== 70 ===
=== 71 ===
=== 72 ===
=== 73 ===
=== 74 ===
=== 75 ===
=== 76 ===
=== 77 ===
=== 78 ===
=== 79 ===
=== 80 ===
=== 81 ===
=== 82 ===
=== 83 ===
=== 84 ===
=== 85 ===
=== 86 ===
=== 87 ===
=== 88 ===
=== 89 ===
=== 90 ===
=== 91 ===
=== 92 ===
=== 93 ===
=== 94 ===
=== 95 ===
=== 96 ===
=== 97 ===
=== 98 ===
=== 99 ===
=== 100 ===
# 286 objects from 2 messages
