# Allpix Squared ASCII data - https://cern.ch/allpix-squared

=== 1 ===
=== 2 ===
=== 3 ===
=== 4 ===
=== 5 ===
=== 6 ===
=== 7 ===
=== 8 ===
=== 9 ===
=== 10 ===
=== 11 ===
=== 12 ===
=== 13 ===
=== 14 ===
=== 15 ===
=== 16 ===
=== 17 ===
=== 18 ===
=== 19 ===
=== 20 ===
=== 21 ===
=== 22 ===
=== 23 ===
=== 24 ===
=== 25 ===
=== 26 ===
=== 27 ===
=== 28 ===
=== 29 ===
=== 30 ===
=== 31 ===
=== 32 ===
=== 33 ===
=== 34 ===
=== 35 ===
=== 36 ===
=== 37 ===
=== 38 ===
=== 39 ===
=== 40 ===
--- mydetector ---
PixelHit 593, 1104, 2.84455, 0
PixelHit 594, 1102, 1.77751, 0
PixelHit 594, 1103, 4.51591, 0
PixelHit 594, 1104, 2.20495, 0
PixelHit 594, 1106, 2.57376, 0
PixelHit 595, 1101, 2.55997, 0
PixelHit 595, 1102, 5.75805, 0
PixelHit 595, 1103, 8.55708, 0
PixelHit 595, 1104, 3.53058, 0
PixelHit 595, 1106, 2.51376, 0
PixelHit 596, 1101, 3.23007, 0
PixelHit 596, 1102, 3.02256, 0
PixelHit 596, 1103, 8.57084, 0
PixelHit 596, 1104, 9.22557, 0
PixelHit 597, 1099, 0.500067, 0
PixelHit 597, 1102, 3.28533, 0
PixelHit 597, 1103, 5.32402, 0
PixelHit 597, 1104, 3.65888, 0
PixelHit 597, 1105, 4.32469, 0
PixelHit 597, 1106, 2.73101, 0
PixelHit 598, 1101, 2.30409, 0
PixelHit 598, 1102, 3.02734, 0
PixelHit 598, 1103, 6.58464, 0
PixelHit 598, 1104, 7.33304, 0
PixelHit 598, 1105, 0.648242, 0
PixelHit 599, 1101, 0.691958, 0
PixelHit 599, 1102, 6.43004, 0
PixelHit 599, 1103, 9.82642, 0
PixelHit 599, 1104, 4.80797, 0
PixelHit 599, 1105, 1.88046, 0
PixelHit 599, 1106, 1.56109, 0
PixelHit 600, 1100, 2.25712, 0
PixelHit 600, 1101, 3.63112, 0
PixelHit 600, 1102, 10.2975, 0
PixelHit 600, 1103, 15.5366, 0
PixelHit 600, 1104, 8.80308, 0
PixelHit 600, 1105, 1.26811, 0
PixelHit 600, 1106, 4.09855, 0
PixelHit 601, 1101, 4.50941, 0
PixelHit 601, 1102, 16.6234, 0
PixelHit 601, 1103, 10.6301, 0
PixelHit 601, 1104, 10.5112, 0
PixelHit 601, 1105, 1.25367, 0
PixelHit 602, 1101, 5.2253, 0
PixelHit 602, 1102, 8.12593, 0
PixelHit 602, 1103, 9.92831, 0
PixelHit 602, 1104, 12.6602, 0
PixelHit 602, 1105, 3.07436, 0
PixelHit 603, 1101, 6.77998, 0
PixelHit 603, 1102, 17.8177, 0
PixelHit 603, 1103, 20.423, 0
PixelHit 603, 1104, 8.56176, 0
PixelHit 603, 1105, 6.27662, 0
PixelHit 604, 1100, 2.52579, 0
PixelHit 604, 1101, 8.20319, 0
PixelHit 604, 1102, 16.4337, 0
PixelHit 604, 1103, 13.8554, 0
PixelHit 604, 1104, 13.6587, 0
PixelHit 604, 1105, 2.55961, 0
PixelHit 605, 1100, 1.51621, 0
PixelHit 605, 1101, 5.31601, 0
PixelHit 605, 1102, 16.3199, 0
PixelHit 605, 1103, 18.7225, 0
PixelHit 605, 1104, 14.7078, 0
PixelHit 605, 1105, 5.18027, 0
PixelHit 606, 1101, 7.30446, 0
PixelHit 606, 1102, 7.25328, 0
PixelHit 606, 1103, 19.6981, 0
PixelHit 606, 1104, 9.66427, 0
PixelHit 606, 1105, 4.00692, 0
PixelHit 607, 1100, 0.304914, 0
PixelHit 607, 1101, 1.58516, 0
PixelHit 607, 1102, 8.73766, 0
PixelHit 607, 1103, 14.4787, 0
PixelHit 607, 1104, 8.0601, 0
PixelHit 607, 1105, 2.70322, 0
PixelHit 608, 1101, 4.6538, 0
PixelHit 608, 1102, 2.51742, 0
PixelHit 608, 1103, 9.72649, 0
PixelHit 608, 1104, 5.13512, 0
PixelHit 608, 1105, 2.82912, 0
PixelHit 609, 1100, 5.51239, 0
PixelHit 609, 1101, 10.7412, 0
PixelHit 609, 1102, 23.898, 0
PixelHit 609, 1103, 22.5542, 0
PixelHit 609, 1104, 14.12, 0
PixelHit 610, 1099, 1.66213, 0
PixelHit 610, 1100, 5.81449, 0
PixelHit 610, 1101, 16.4341, 0
PixelHit 610, 1102, 38.4605, 0
PixelHit 610, 1103, 30.5911, 0
PixelHit 610, 1104, 18.4984, 0
PixelHit 610, 1105, 3.15276, 0
PixelHit 610, 1106, 2.37129, 0
PixelHit 611, 1100, 4.0632, 0
PixelHit 611, 1101, 22.6261, 0
PixelHit 611, 1102, 31.8135, 0
PixelHit 611, 1103, 45.8319, 0
PixelHit 611, 1104, 9.66788, 0
PixelHit 611, 1105, 6.26358, 0
PixelHit 612, 1100, 8.94716, 0
PixelHit 612, 1101, 24.3415, 0
PixelHit 612, 1102, 46.7385, 0
PixelHit 612, 1103, 45.6233, 0
PixelHit 612, 1104, 8.95913, 0
PixelHit 612, 1105, 4.8808, 0
PixelHit 613, 1100, 8.9407, 0
PixelHit 613, 1101, 29.4823, 0
PixelHit 613, 1102, 40.5562, 0
PixelHit 613, 1103, 33.7138, 0
PixelHit 613, 1104, 11.9985, 0
PixelHit 613, 1105, 0.861196, 0
PixelHit 614, 1100, 5.7089, 0
PixelHit 614, 1101, 10.4539, 0
PixelHit 614, 1102, 28.3618, 0
PixelHit 614, 1103, 21.7212, 0
PixelHit 614, 1104, 10.2516, 0
PixelHit 615, 1099, 0.624354, 0
PixelHit 615, 1100, 6.29755, 0
PixelHit 615, 1101, 11.6165, 0
PixelHit 615, 1102, 24.8795, 0
PixelHit 615, 1103, 8.67306, 0
PixelHit 615, 1104, 4.26986, 0
PixelHit 616, 1099, 0.0791761, 0
PixelHit 616, 1100, 2.07195, 0
PixelHit 616, 1101, 9.8572, 0
PixelHit 616, 1102, 10.8777, 0
PixelHit 616, 1103, 23.0401, 0
PixelHit 617, 1100, 4.96087, 0
PixelHit 617, 1101, 18.3768, 0
PixelHit 617, 1102, 8.83682, 0
PixelHit 617, 1103, 14.298, 0
PixelHit 617, 1104, 4.22969, 0
PixelHit 618, 1101, 6.24809, 0
PixelHit 618, 1102, 13.9959, 0
PixelHit 618, 1103, 5.48683, 0
PixelHit 619, 1100, 1.57913, 0
PixelHit 619, 1101, 3.84898, 0
PixelHit 619, 1102, 2.68732, 0
PixelHit 619, 1103, 4.97155, 0
PixelHit 619, 1104, 3.55155, 0
PixelHit 620, 1100, 3.58702, 0
PixelHit 620, 1101, 8.11338, 0
PixelHit 620, 1102, 8.18551, 0
PixelHit 620, 1103, 10.3894, 0
PixelHit 621, 1100, 2.75919, 0
PixelHit 621, 1101, 4.47968, 0
PixelHit 621, 1102, 10.1955, 0
PixelHit 621, 1103, 4.00939, 0
PixelHit 621, 1104, 3.86744, 0
PixelHit 622, 1100, 2.86874, 0
PixelHit 622, 1101, 11.3315, 0
PixelHit 622, 1102, 9.61916, 0
PixelHit 622, 1103, 5.1285, 0
PixelHit 622, 1104, 3.09825, 0
PixelHit 623, 1101, 4.60831, 0
PixelHit 623, 1102, 5.38318, 0
PixelHit 623, 1103, 2.56501, 0
PixelHit 623, 1104, 4.26232, 0
PixelHit 624, 1100, 1.9595, 0
PixelHit 624, 1101, 8.74748, 0
PixelHit 624, 1102, 14.441, 0
PixelHit 624, 1103, 6.00753, 0
PixelHit 624, 1104, 3.16057, 0
PixelHit 625, 1099, 2.75106, 0
PixelHit 625, 1100, 4.64989, 0
PixelHit 625, 1101, 18.4379, 0
PixelHit 625, 1102, 20.7311, 0
PixelHit 625, 1103, 2.91007, 0
PixelHit 625, 1104, 4.81737, 0
PixelHit 626, 1100, 4.83382, 0
PixelHit 626, 1101, 21.984, 0
PixelHit 626, 1102, 8.36225, 0
PixelHit 626, 1103, 3.51191, 0
PixelHit 626, 1105, 0.692432, 0
PixelHit 627, 1099, 1.79747, 0
PixelHit 627, 1100, 10.447, 0
PixelHit 627, 1101, 12.7582, 0
PixelHit 627, 1102, 11.0435, 0
PixelHit 627, 1103, 7.83141, 0
PixelHit 627, 1104, 1.34577, 0
PixelHit 628, 1100, 6.0274, 0
PixelHit 628, 1101, 21.7318, 0
PixelHit 628, 1102, 12.1548, 0
PixelHit 628, 1103, 1.28302, 0
PixelHit 629, 1100, 7.98855, 0
PixelHit 629, 1101, 14.3115, 0
PixelHit 629, 1102, 9.07753, 0
PixelHit 629, 1103, 3.33529, 0
PixelHit 630, 1100, 2.9701, 0
PixelHit 630, 1101, 7.83668, 0
PixelHit 630, 1102, 4.59389, 0
PixelHit 630, 1103, 2.44399, 0
PixelHit 631, 1100, 0.817428, 0
PixelHit 631, 1101, 5.6058, 0
PixelHit 631, 1102, 3.48692, 0
PixelHit 631, 1103, 2.23918, 0
PixelHit 632, 1100, 6.44355, 0
PixelHit 632, 1101, 13.7452, 0
PixelHit 632, 1102, 11.251, 0
PixelHit 632, 1103, 1.84519, 0
PixelHit 633, 1099, 3.59807, 0
PixelHit 633, 1100, 12.8518, 0
PixelHit 633, 1101, 33.7345, 0
PixelHit 633, 1102, 31.7652, 0
PixelHit 633, 1103, 11.2576, 0
PixelHit 634, 1098, 1.76051, 0
PixelHit 634, 1099, 7.89434, 0
PixelHit 634, 1100, 38.9773, 0
PixelHit 634, 1101, 70.6764, 0
PixelHit 634, 1102, 42.6457, 0
PixelHit 634, 1103, 22.4388, 0
PixelHit 634, 1104, 3.99168, 0
PixelHit 635, 1099, 5.48539, 0
PixelHit 635, 1100, 34.4312, 0
PixelHit 635, 1101, 76.3566, 0
PixelHit 635, 1102, 65.4928, 0
PixelHit 635, 1103, 27.4767, 0
PixelHit 635, 1104, 2.55053, 0
PixelHit 636, 1099, 9.82591, 0
PixelHit 636, 1100, 15.7024, 0
PixelHit 636, 1101, 27.6903, 0
PixelHit 636, 1102, 20.9723, 0
PixelHit 636, 1103, 5.79712, 0
PixelHit 637, 1100, 5.78904, 0
PixelHit 637, 1101, 13.0136, 0
PixelHit 637, 1102, 6.84746, 0
PixelHit 637, 1103, 2.85705, 0
PixelHit 638, 1099, 2.12376, 0
PixelHit 638, 1100, 2.101, 0
PixelHit 638, 1101, 5.38069, 0
PixelHit 638, 1102, 1.97052, 0
PixelHit 639, 1101, 11.8853, 0
PixelHit 639, 1102, 17.5062, 0
PixelHit 639, 1103, 9.65416, 0
PixelHit 640, 1099, 2.00881, 0
PixelHit 640, 1100, 11.8412, 0
PixelHit 640, 1101, 13.3823, 0
PixelHit 640, 1102, 14.1562, 0
PixelHit 640, 1103, 7.83536, 0
PixelHit 641, 1100, 3.09737, 0
PixelHit 641, 1101, 7.43858, 0
PixelHit 641, 1102, 11.8653, 0
PixelHit 641, 1103, 4.25493, 0
PixelHit 641, 1105, 0.487638, 0
PixelHit 642, 1101, 8.32773, 0
PixelHit 642, 1102, 10.5215, 0
PixelHit 642, 1103, 6.27131, 0
PixelHit 643, 1099, 2.15496, 0
PixelHit 643, 1100, 3.87101, 0
PixelHit 643, 1101, 10.577, 0
PixelHit 643, 1102, 16.8347, 0
PixelHit 643, 1104, 1.7241, 0
PixelHit 644, 1099, 1.65091, 0
PixelHit 644, 1100, 4.52301, 0
PixelHit 644, 1101, 17.4391, 0
PixelHit 644, 1102, 32.2142, 0
PixelHit 644, 1103, 8.18971, 0
PixelHit 645, 1101, 13.8406, 0
PixelHit 645, 1102, 43.6174, 0
PixelHit 645, 1103, 18.453, 0
PixelHit 645, 1104, 2.37036, 0
PixelHit 645, 1105, 1.2649, 0
PixelHit 646, 1100, 4.40908, 0
PixelHit 646, 1101, 26.426, 0
PixelHit 646, 1102, 43.7507, 0
PixelHit 646, 1103, 28.7759, 0
PixelHit 646, 1104, 4.00124, 0
PixelHit 646, 1105, 2.40776, 0
PixelHit 647, 1100, 1.41353, 0
PixelHit 647, 1101, 11.4057, 0
PixelHit 647, 1102, 24.2614, 0
PixelHit 647, 1103, 17.4311, 0
PixelHit 647, 1105, 1.89772, 0
PixelHit 648, 1101, 7.64346, 0
PixelHit 648, 1102, 12.4687, 0
PixelHit 648, 1103, 17.1234, 0
PixelHit 648, 1104, 7.23565, 0
PixelHit 649, 1100, 1.81863, 0
PixelHit 649, 1101, 8.45017, 0
PixelHit 649, 1102, 13.9782, 0
PixelHit 649, 1103, 16.2716, 0
PixelHit 650, 1101, 4.92347, 0
PixelHit 650, 1102, 8.84698, 0
PixelHit 650, 1103, 14.8717, 0
PixelHit 650, 1104, 6.79457, 0
PixelHit 650, 1105, 2.32563, 0
PixelHit 651, 1101, 2.75252, 0
PixelHit 651, 1102, 5.2341, 0
PixelHit 651, 1103, 6.05519, 0
PixelHit 651, 1104, 4.18964, 0
PixelHit 652, 1101, 1.34271, 0
PixelHit 652, 1102, 17.927, 0
PixelHit 652, 1103, 13.1452, 0
PixelHit 652, 1104, 3.40652, 0
PixelHit 653, 1101, 2.63948, 0
PixelHit 653, 1102, 20.2224, 0
PixelHit 653, 1103, 30.7556, 0
PixelHit 653, 1104, 6.94375, 0
PixelHit 654, 1101, 4.26712, 0
PixelHit 654, 1102, 17.0655, 0
PixelHit 654, 1103, 18.1867, 0
PixelHit 654, 1104, 2.38123, 0
PixelHit 654, 1105, 4.08092, 0
PixelHit 655, 1101, 4.55529, 0
PixelHit 655, 1102, 11.3927, 0
PixelHit 655, 1103, 17.5114, 0
PixelHit 655, 1104, 6.70276, 0
PixelHit 655, 1105, 6.40275, 0
PixelHit 656, 1101, 7.12513, 0
PixelHit 656, 1102, 23.4257, 0
PixelHit 656, 1103, 37.6271, 0
PixelHit 656, 1104, 22.5404, 0
PixelHit 656, 1105, 2.73902, 0
PixelHit 657, 1100, 2.15948, 0
PixelHit 657, 1101, 6.72461, 0
PixelHit 657, 1102, 52.2307, 0
PixelHit 657, 1103, 79.6816, 0
PixelHit 657, 1104, 45.827, 0
PixelHit 657, 1105, 9.49118, 0
PixelHit 657, 1106, 3.62502, 0
PixelHit 658, 1101, 8.02935, 0
PixelHit 658, 1102, 44.5759, 0
PixelHit 658, 1103, 101.815, 0
PixelHit 658, 1104, 47.7131, 0
PixelHit 658, 1105, 6.38168, 0
PixelHit 659, 1100, -0.0583999, 0
PixelHit 659, 1101, 5.93149, 0
PixelHit 659, 1102, 30.1731, 0
PixelHit 659, 1103, 59.055, 0
PixelHit 659, 1104, 34.3214, 0
PixelHit 659, 1105, 7.05807, 0
PixelHit 660, 1101, 6.87053, 0
PixelHit 660, 1102, 28.0719, 0
PixelHit 660, 1103, 82.7983, 0
PixelHit 660, 1104, 42.5495, 0
PixelHit 660, 1105, 11.3264, 0
PixelHit 660, 1106, 1.77458, 0
PixelHit 661, 1101, 0.653206, 0
PixelHit 661, 1102, 26.655, 0
PixelHit 661, 1103, 77.8605, 0
PixelHit 661, 1104, 63.9421, 0
PixelHit 661, 1105, 11.9661, 0
PixelHit 661, 1106, 2.15551, 0
PixelHit 662, 1100, 1.56008, 0
PixelHit 662, 1102, 13.4998, 0
PixelHit 662, 1103, 31.0785, 0
PixelHit 662, 1104, 28.902, 0
PixelHit 662, 1105, 4.99845, 0
PixelHit 663, 1102, 4.18296, 0
PixelHit 663, 1103, 23.2874, 0
PixelHit 663, 1104, 11.6225, 0
PixelHit 663, 1105, 5.05811, 0
PixelHit 664, 1102, 2.89851, 0
PixelHit 664, 1103, 30.5148, 0
PixelHit 664, 1104, 28.3731, 0
PixelHit 664, 1105, 3.44792, 0
PixelHit 665, 1102, 2.0892, 0
PixelHit 665, 1103, 16.7463, 0
PixelHit 665, 1104, 20.3944, 0
PixelHit 665, 1105, 4.4183, 0
PixelHit 666, 1102, 0.352904, 0
PixelHit 666, 1103, 19.7193, 0
PixelHit 666, 1104, 22.9624, 0
PixelHit 666, 1105, 2.35998, 0
PixelHit 667, 1102, 3.06118, 0
PixelHit 667, 1103, 17.3716, 0
PixelHit 667, 1104, 22.674, 0
PixelHit 667, 1105, 6.43541, 0
PixelHit 668, 1102, 5.83554, 0
PixelHit 668, 1103, 25.6836, 0
PixelHit 668, 1104, 43.8846, 0
PixelHit 668, 1105, 14.9401, 0
PixelHit 669, 1102, 1.58526, 0
PixelHit 669, 1103, 35.9277, 0
PixelHit 669, 1104, 64.5089, 0
PixelHit 669, 1105, 20.5719, 0
PixelHit 669, 1106, 1.17431, 0
PixelHit 670, 1102, 5.77245, 0
PixelHit 670, 1103, 21.4253, 0
PixelHit 670, 1104, 58.4334, 0
PixelHit 670, 1105, 26.6472, 0
PixelHit 670, 1106, 5.13568, 0
PixelHit 671, 1102, 2.90243, 0
PixelHit 671, 1103, 19.3733, 0
PixelHit 671, 1104, 49.2539, 0
PixelHit 671, 1105, 23.2378, 0
PixelHit 671, 1106, 1.72007, 0
PixelHit 672, 1103, 10.3668, 0
PixelHit 672, 1104, 53.999, 0
PixelHit 672, 1105, 12.3618, 0
PixelHit 672, 1106, 1.78907, 0
PixelHit 673, 1103, 13.0384, 0
PixelHit 673, 1104, 68.5291, 0
PixelHit 673, 1105, 47.1744, 0
PixelHit 673, 1106, 7.01312, 0
PixelHit 674, 1102, 5.67057, 0
PixelHit 674, 1103, 62.7552, 0
PixelHit 674, 1104, 211.137, 0
PixelHit 674, 1105, 164.204, 0
PixelHit 674, 1106, 14.8482, 0
PixelHit 674, 1107, 1.02287, 0
PixelHit 675, 1102, 6.14, 0
PixelHit 675, 1103, 66.0492, 0
PixelHit 675, 1104, 215.098, 0
PixelHit 675, 1105, 152.906, 0
PixelHit 675, 1106, 20.8233, 0
PixelHit 676, 1103, 7.22594, 0
PixelHit 676, 1104, 62.832, 0
PixelHit 676, 1105, 44.9782, 0
PixelHit 676, 1106, 6.51349, 0
PixelHit 677, 1103, 1.26732, 0
PixelHit 677, 1104, 13.8704, 0
PixelHit 677, 1105, 27.8912, 0
PixelHit 677, 1106, 5.67409, 0
PixelHit 678, 1103, 2.46381, 0
PixelHit 678, 1104, 31.8329, 0
PixelHit 678, 1105, 30.8981, 0
PixelHit 678, 1106, 4.8306, 0
PixelHit 678, 1107, 2.72144, 0
PixelHit 679, 1104, 13.6134, 0
PixelHit 679, 1105, 24.2156, 0
PixelHit 679, 1106, 4.26284, 0
PixelHit 680, 1104, 4.14208, 0
PixelHit 680, 1105, 8.2609, 0
PixelHit 681, 1104, 6.22567, 0
PixelHit 681, 1105, 12.0986, 0
PixelHit 681, 1106, 3.59739, 0
PixelHit 682, 1104, 9.38788, 0
PixelHit 682, 1105, 15.0998, 0
PixelHit 682, 1106, 5.59023, 0
PixelHit 683, 1104, 12.553, 0
PixelHit 683, 1105, 16.8098, 0
PixelHit 683, 1106, 12.5651, 0
PixelHit 683, 1107, 2.09538, 0
PixelHit 684, 1104, 12.4121, 0
PixelHit 684, 1105, 21.352, 0
PixelHit 684, 1106, 4.18705, 0
PixelHit 685, 1104, 12.884, 0
PixelHit 685, 1105, 21.7033, 0
PixelHit 685, 1106, 14.3453, 0
PixelHit 685, 1107, 0.534427, 0
PixelHit 686, 1104, 5.03959, 0
PixelHit 686, 1105, 31.4482, 0
PixelHit 686, 1106, 14.372, 0
PixelHit 686, 1107, 2.90644, 0
PixelHit 687, 1104, 10.5895, 0
PixelHit 687, 1105, 30.7963, 0
PixelHit 687, 1106, 16.3217, 0
PixelHit 687, 1107, 1.59283, 0
PixelHit 688, 1104, 6.21631, 0
PixelHit 688, 1105, 33.6599, 0
PixelHit 688, 1106, 28.1285, 0
PixelHit 688, 1107, 2.28343, 0
PixelHit 689, 1104, 12.2691, 0
PixelHit 689, 1105, 68.7417, 0
PixelHit 689, 1106, 41.4795, 0
PixelHit 689, 1107, 2.47003, 0
PixelHit 690, 1103, 1.51522, 0
PixelHit 690, 1104, 7.23314, 0
PixelHit 690, 1105, 62.2191, 0
PixelHit 690, 1106, 63.2808, 0
PixelHit 690, 1107, 5.23826, 0
PixelHit 691, 1104, 15.7824, 0
PixelHit 691, 1105, 67.8444, 0
PixelHit 691, 1106, 55.0048, 0
PixelHit 691, 1107, 10.7136, 0
PixelHit 692, 1104, 3.02551, 0
PixelHit 692, 1105, 42.0467, 0
PixelHit 692, 1106, 34.7788, 0
PixelHit 692, 1107, 4.35254, 0
PixelHit 693, 1104, 5.87373, 0
PixelHit 693, 1105, 39.2868, 0
PixelHit 693, 1106, 48.8902, 0
PixelHit 693, 1107, 6.83323, 0
PixelHit 694, 1104, 6.87326, 0
PixelHit 694, 1105, 43.1976, 0
PixelHit 694, 1106, 53.1886, 0
PixelHit 694, 1107, 2.32766, 0
PixelHit 695, 1105, 9.06637, 0
PixelHit 695, 1106, 17.421, 0
PixelHit 695, 1107, 1.51672, 0
PixelHit 696, 1105, 15.1308, 0
PixelHit 696, 1106, 29.1778, 0
PixelHit 696, 1107, 5.25164, 0
PixelHit 697, 1105, 44.2216, 0
PixelHit 697, 1106, 86.7293, 0
PixelHit 697, 1107, 20.5645, 0
PixelHit 698, 1104, 2.32467, 0
PixelHit 698, 1105, 69.3033, 0
PixelHit 698, 1106, 119.549, 0
PixelHit 698, 1107, 21.0208, 0
PixelHit 699, 1104, 1.73322, 0
PixelHit 699, 1105, 28.5615, 0
PixelHit 699, 1106, 57.5369, 0
PixelHit 699, 1107, 9.91516, 0
PixelHit 700, 1105, 6.99132, 0
PixelHit 700, 1106, 15.3907, 0
PixelHit 700, 1107, 3.38251, 0
PixelHit 701, 1105, 2.76614, 0
PixelHit 701, 1106, 12.2405, 0
PixelHit 701, 1107, 3.08615, 0
PixelHit 702, 1105, 0.82656, 0
PixelHit 702, 1106, 21.7817, 0
PixelHit 702, 1107, 9.77077, 0
PixelHit 703, 1105, 8.83605, 0
PixelHit 703, 1106, 64.6987, 0
PixelHit 703, 1107, 16.1292, 0
PixelHit 704, 1105, 3.44474, 0
PixelHit 704, 1106, 27.321, 0
PixelHit 704, 1107, 17.407, 0
PixelHit 704, 1108, 1.4959, 0
PixelHit 705, 1105, 2.00954, 0
PixelHit 705, 1106, 27.7768, 0
PixelHit 705, 1107, 22.5883, 0
PixelHit 705, 1108, 2.89366, 0
PixelHit 706, 1105, 3.99669, 0
PixelHit 706, 1106, 24.6138, 0
PixelHit 706, 1107, 14.0621, 0
PixelHit 706, 1108, 2.39019, 0
PixelHit 707, 1105, 4.7054, 0
PixelHit 707, 1106, 25.4248, 0
PixelHit 707, 1107, 21.5924, 0
PixelHit 708, 1105, 3.58659, 0
PixelHit 708, 1106, 15.4762, 0
PixelHit 708, 1107, 24.4691, 0
PixelHit 709, 1104, 1.21282, 0
PixelHit 709, 1105, 14.124, 0
PixelHit 709, 1106, 212.849, 0
PixelHit 709, 1107, 237.208, 0
PixelHit 709, 1108, 14.941, 0
PixelHit 710, 1105, 15.915, 0
PixelHit 710, 1106, 249.576, 0
PixelHit 710, 1107, 290.721, 0
PixelHit 710, 1108, 15.7865, 0
PixelHit 711, 1105, 2.25124, 0
PixelHit 711, 1106, 25.228, 0
PixelHit 711, 1107, 20.2869, 0
PixelHit 711, 1108, 6.08756, 0
PixelHit 712, 1106, 5.35561, 0
PixelHit 712, 1107, 8.7554, 0
PixelHit 712, 1108, 1.80677, 0
PixelHit 713, 1106, 1.84569, 0
PixelHit 713, 1107, 10.0928, 0
PixelHit 714, 1106, 13.4756, 0
PixelHit 714, 1107, 39.6226, 0
PixelHit 714, 1108, 2.84899, 0
PixelHit 715, 1105, 1.47267, 0
PixelHit 715, 1106, 21.4422, 0
PixelHit 715, 1107, 90.2939, 0
PixelHit 715, 1108, 10.1104, 0
PixelHit 716, 1106, 13.1363, 0
PixelHit 716, 1107, 120.937, 0
PixelHit 716, 1108, 24.616, 0
PixelHit 717, 1106, 5.15831, 0
PixelHit 717, 1107, 64.1549, 0
PixelHit 717, 1108, 8.6024, 0
PixelHit 717, 1109, 1.37038, 0
PixelHit 718, 1106, 4.1619, 0
PixelHit 718, 1107, 29.1236, 0
PixelHit 718, 1108, 5.90074, 0
PixelHit 719, 1106, 8.6977, 0
PixelHit 719, 1107, 36.9239, 0
PixelHit 719, 1108, 7.56099, 0
PixelHit 720, 1106, 11.7723, 0
PixelHit 720, 1107, 69.4411, 0
PixelHit 720, 1108, 23.8139, 0
PixelHit 721, 1106, 8.48097, 0
PixelHit 721, 1107, 140.605, 0
PixelHit 721, 1108, 40.2886, 0
PixelHit 722, 1106, 6.17779, 0
PixelHit 722, 1107, 70.9757, 0
PixelHit 722, 1108, 22.4745, 0
PixelHit 723, 1107, 13.3599, 0
PixelHit 723, 1108, 9.43751, 0
PixelHit 724, 1106, 1.39862, 0
PixelHit 724, 1107, 18.6082, 0
PixelHit 724, 1108, 9.81843, 0
PixelHit 725, 1106, 3.14724, 0
PixelHit 725, 1107, 37.8885, 0
PixelHit 725, 1108, 14.0532, 0
PixelHit 726, 1107, 39.3505, 0
PixelHit 726, 1108, 12.7339, 0
PixelHit 727, 1107, 36.8159, 0
PixelHit 727, 1108, 10.3599, 0
PixelHit 728, 1107, 72.5714, 0
PixelHit 728, 1108, 25.7676, 0
PixelHit 729, 1107, 29.448, 0
PixelHit 729, 1108, 10.1192, 0
PixelHit 730, 1107, 33.5472, 0
PixelHit 730, 1108, 10.8445, 0
PixelHit 731, 1106, 0.147049, 0
PixelHit 731, 1107, 26.3465, 0
PixelHit 731, 1108, 13.42, 0
PixelHit 732, 1106, 6.0661, 0
PixelHit 732, 1107, 422.396, 0
PixelHit 732, 1108, 109.502, 0
PixelHit 733, 1106, 3.18355, 0
PixelHit 733, 1107, 180.491, 0
PixelHit 733, 1108, 49.6604, 0
PixelHit 734, 1107, 44.2123, 0
PixelHit 734, 1108, 12.5262, 0
PixelHit 735, 1106, 2.64561, 0
PixelHit 735, 1107, 81.5749, 0
PixelHit 735, 1108, 14.6679, 0
PixelHit 736, 1107, 58.5823, 0
PixelHit 736, 1108, 4.88303, 0
PixelHit 737, 1107, 4.64002, 0
PixelHit 738, 1107, 6.68263, 0
PixelHit 738, 1108, 2.07156, 0
PixelHit 739, 1107, 73.023, 0
PixelHit 739, 1108, 10.1142, 0
PixelHit 740, 1107, 92.0237, 0
PixelHit 740, 1108, 20.5187, 0
PixelHit 741, 1107, 48.005, 0
PixelHit 741, 1108, 10.7057, 0
PixelHit 742, 1107, 56.9689, 0
PixelHit 742, 1108, 20.1766, 0
PixelHit 743, 1107, 189.855, 0
PixelHit 743, 1108, 45.1222, 0
PixelHit 744, 1107, 16.5452, 0
PixelHit 744, 1108, 4.28371, 0
=== 41 ===
=== 42 ===
=== 43 ===
=== 44 ===
=== 45 ===
=== 46 ===
=== 47 ===
=== 48 ===
=== 49 ===
=== 50 ===
=== 51 ===
=== 52 ===
=== 53 ===
=== 54 ===
=== 55 ===
=== 56 ===
=== 57 ===
=== 58 ===
=== 59 ===
=== 60 ===
=== 61 ===
=== 62 ===
=== 63 ===
=== 64 ===
=== 65 ===
=== 66 ===
=== 67 ===
=== 68 ===
=== 69 ===
=== 70 ===
=== 71 ===
=== 72 ===
=== 73 ===
=== 74 ===
=== 75 ===
=== 76 ===
=== 77 ===
=== 78 ===
=== 79 ===
=== 80 ===
=== 81 ===
=== 82 ===
=== 83 ===
=== 84 ===
=== 85 ===
=== 86 ===
=== 87 ===
=== 88 ===
=== 89 ===
=== 90 ===
=== 91 ===
=== 92 ===
=== 93 ===
=== 94 ===
=== 95 ===
=== 96 ===
=== 97 ===
=== 98 ===
=== 99 ===
=== 100 ===
# 622 objects from 1 messages
