# Allpix Squared ASCII data - https://cern.ch/allpix-squared

=== 1 ===
=== 2 ===
=== 3 ===
=== 4 ===
=== 5 ===
=== 6 ===
=== 7 ===
=== 8 ===
=== 9 ===
=== 10 ===
=== 11 ===
=== 12 ===
=== 13 ===
=== 14 ===
=== 15 ===
=== 16 ===
--- mydetector ---
PixelHit 1281, 983, 0.479992, 0
PixelHit 1281, 984, 7.48931, 0
PixelHit 1282, 983, 83.2702, 0
PixelHit 1282, 984, 170.329, 0
PixelHit 1282, 985, 3.10391, 0
PixelHit 1283, 981, 6.13305, 0
PixelHit 1283, 982, 29.0812, 0
PixelHit 1283, 983, 110.597, 0
PixelHit 1283, 984, 61.3514, 0
PixelHit 1283, 985, 2.28744, 0
PixelHit 1284, 980, 8.12128, 0
PixelHit 1284, 981, 35.0695, 0
PixelHit 1284, 982, 37.7153, 0
PixelHit 1284, 983, 11.2839, 0
PixelHit 1284, 984, 2.17351, 0
PixelHit 1285, 979, 11.2563, 0
PixelHit 1285, 980, 13.251, 0
PixelHit 1285, 981, 27.6234, 0
PixelHit 1285, 982, 12.5455, 0
PixelHit 1286, 974, 1.73172, 0
PixelHit 1286, 976, 4.65411, 0
PixelHit 1286, 977, 5.0422, 0
PixelHit 1286, 978, 12.1918, 0
PixelHit 1286, 979, 24.2606, 0
PixelHit 1286, 980, 12.8097, 0
PixelHit 1286, 981, 2.17683, 0
PixelHit 1287, 972, 0.743011, 0
PixelHit 1287, 974, 4.07502, 0
PixelHit 1287, 975, 22.7738, 0
PixelHit 1287, 976, 35.0625, 0
PixelHit 1287, 977, 33.6699, 0
PixelHit 1287, 978, 12.6735, 0
PixelHit 1287, 979, 11.3808, 0
PixelHit 1287, 980, 8.78689, 0
PixelHit 1287, 982, -0.808531, 0
PixelHit 1288, 972, 2.22862, 0
PixelHit 1288, 973, 12.3478, 0
PixelHit 1288, 974, 35.9178, 0
PixelHit 1288, 975, 101.397, 0
PixelHit 1288, 976, 172.899, 0
PixelHit 1288, 977, 78.5236, 0
PixelHit 1288, 978, 22.4377, 0
PixelHit 1288, 979, 3.7082, 0
PixelHit 1289, 970, 0.602884, 0
PixelHit 1289, 972, 7.1616, 0
PixelHit 1289, 973, 28.8421, 0
PixelHit 1289, 974, 89.4152, 0
PixelHit 1289, 975, 213.174, 0
PixelHit 1289, 976, 244.999, 0
PixelHit 1289, 977, 101.397, 0
PixelHit 1289, 978, 17.2549, 0
PixelHit 1289, 979, 3.29304, 0
PixelHit 1290, 970, 0.409872, 0
PixelHit 1290, 971, 3.10471, 0
PixelHit 1290, 972, 23.26, 0
PixelHit 1290, 973, 51.1228, 0
PixelHit 1290, 974, 94.1705, 0
PixelHit 1290, 975, 195.301, 0
PixelHit 1290, 976, 160.722, 0
PixelHit 1290, 977, 50.4119, 0
PixelHit 1290, 978, 12.9853, 0
PixelHit 1291, 970, 3.37314, 0
PixelHit 1291, 971, 10.6605, 0
PixelHit 1291, 972, 30.2508, 0
PixelHit 1291, 973, 51.3229, 0
PixelHit 1291, 974, 70.9258, 0
PixelHit 1291, 975, 80.846, 0
PixelHit 1291, 976, 35.2747, 0
PixelHit 1291, 977, 14.3751, 0
PixelHit 1291, 978, 2.00481, 0
PixelHit 1292, 967, 0.387058, 0
PixelHit 1292, 969, 12.418, 0
PixelHit 1292, 970, 15.5313, 0
PixelHit 1292, 971, 27.1899, 0
PixelHit 1292, 972, 22.284, 0
PixelHit 1292, 973, 22.9992, 0
PixelHit 1292, 974, 34.6018, 0
PixelHit 1292, 975, 19.599, 0
PixelHit 1292, 977, 1.66696, 0
PixelHit 1293, 968, 8.65059, 0
PixelHit 1293, 969, 30.4966, 0
PixelHit 1293, 970, 30.2925, 0
PixelHit 1293, 971, 46.0119, 0
PixelHit 1293, 972, 17.553, 0
PixelHit 1293, 973, 16.7297, 0
PixelHit 1293, 974, 5.37075, 0
PixelHit 1293, 975, 3.33773, 0
PixelHit 1294, 968, 16.1417, 0
PixelHit 1294, 969, 16.7965, 0
PixelHit 1294, 970, 40.979, 0
PixelHit 1294, 971, 31.5719, 0
PixelHit 1294, 972, 17.6513, 0
PixelHit 1294, 973, 5.14822, 0
PixelHit 1295, 967, 2.01744, 0
PixelHit 1295, 968, 7.98098, 0
PixelHit 1295, 969, 16.6909, 0
PixelHit 1295, 970, 22.9201, 0
PixelHit 1295, 971, 13.1059, 0
PixelHit 1295, 972, 3.51662, 0
PixelHit 1295, 974, 4.85421, 0
PixelHit 1295, 975, 13.1567, 0
PixelHit 1296, 965, 1.32077, 0
PixelHit 1296, 967, 3.4244, 0
PixelHit 1296, 968, 4.6551, 0
PixelHit 1296, 969, 5.68737, 0
PixelHit 1296, 970, 7.98073, 0
PixelHit 1296, 971, 4.61511, 0
PixelHit 1296, 973, 6.36977, 0
PixelHit 1296, 974, 138.244, 0
PixelHit 1296, 975, 346.328, 0
PixelHit 1296, 976, 3.79473, 0
PixelHit 1297, 969, 4.38477, 0
PixelHit 1297, 970, 1.74584, 0
PixelHit 1297, 972, 11.1216, 0
PixelHit 1297, 973, 83.9876, 0
PixelHit 1297, 974, 100.373, 0
PixelHit 1297, 975, 49.1371, 0
PixelHit 1298, 970, 1.77268, 0
PixelHit 1298, 971, 6.56151, 0
PixelHit 1298, 972, 36.6695, 0
PixelHit 1298, 973, 60.086, 0
PixelHit 1298, 974, 11.4923, 0
PixelHit 1298, 975, 1.35987, 0
PixelHit 1299, 968, 4.32558, 0
PixelHit 1299, 969, 12.0682, 0
PixelHit 1299, 970, 23.9901, 0
PixelHit 1299, 971, 13.4824, 0
PixelHit 1299, 972, 16.7744, 0
PixelHit 1299, 973, 4.55599, 0
PixelHit 1300, 968, 12.8087, 0
PixelHit 1300, 969, 60.9133, 0
PixelHit 1300, 970, 75.5794, 0
PixelHit 1300, 971, 19.6836, 0
PixelHit 1301, 965, 2.84424, 0
PixelHit 1301, 966, 3.13638, 0
PixelHit 1301, 967, 3.64287, 0
PixelHit 1301, 968, 19.2199, 0
PixelHit 1301, 969, 59.782, 0
PixelHit 1301, 970, 54.5861, 0
PixelHit 1301, 971, 10.0864, 0
PixelHit 1302, 965, 3.12419, 0
PixelHit 1302, 966, 3.8938, 0
PixelHit 1302, 967, 9.69756, 0
PixelHit 1302, 968, 15.9859, 0
PixelHit 1302, 969, 18.6764, 0
PixelHit 1302, 970, 13.4075, 0
PixelHit 1303, 963, 0.215217, 0
PixelHit 1303, 964, 5.31646, 0
PixelHit 1303, 965, 13.7142, 0
PixelHit 1303, 966, 11.0132, 0
PixelHit 1303, 967, 4.98492, 0
PixelHit 1303, 968, 2.74668, 0
PixelHit 1303, 969, 2.14088, 0
PixelHit 1304, 961, 1.976, 0
PixelHit 1304, 962, 4.60364, 0
PixelHit 1304, 963, 5.7499, 0
PixelHit 1304, 964, 14.3173, 0
PixelHit 1304, 965, 15.0305, 0
PixelHit 1304, 966, 15.754, 0
PixelHit 1304, 967, 8.80196, 0
PixelHit 1305, 959, 1.89841, 0
PixelHit 1305, 960, 3.27581, 0
PixelHit 1305, 961, 3.31865, 0
PixelHit 1305, 962, 12.4447, 0
PixelHit 1305, 963, 13.1063, 0
PixelHit 1305, 964, 13.0167, 0
PixelHit 1305, 965, 11.4722, 0
PixelHit 1305, 966, 3.38986, 0
PixelHit 1306, 959, 1.1541, 0
PixelHit 1306, 960, 7.50368, 0
PixelHit 1306, 961, 15.7053, 0
PixelHit 1306, 962, 18.5204, 0
PixelHit 1306, 963, 11.7445, 0
PixelHit 1306, 964, 22.1025, 0
PixelHit 1306, 965, 8.43326, 0
PixelHit 1306, 966, 1.43169, 0
PixelHit 1307, 958, 1.81167, 0
PixelHit 1307, 959, 11.2567, 0
PixelHit 1307, 960, 23.1106, 0
PixelHit 1307, 961, 28.6159, 0
PixelHit 1307, 962, 16.711, 0
PixelHit 1307, 963, 8.47623, 0
PixelHit 1307, 964, 10.5757, 0
PixelHit 1307, 965, 4.50006, 0
PixelHit 1308, 958, 5.02372, 0
PixelHit 1308, 959, 25.1495, 0
PixelHit 1308, 960, 44.2123, 0
PixelHit 1308, 961, 31.2468, 0
PixelHit 1308, 962, 19.5896, 0
PixelHit 1308, 963, 11.8823, 0
PixelHit 1308, 964, 3.66306, 0
PixelHit 1308, 965, 4.82095, 0
PixelHit 1309, 957, 1.91865, 0
PixelHit 1309, 958, 1.77784, 0
PixelHit 1309, 959, 13.6002, 0
PixelHit 1309, 960, 27.4916, 0
PixelHit 1309, 961, 19.1025, 0
PixelHit 1309, 962, 11.933, 0
PixelHit 1309, 963, 1.6705, 0
PixelHit 1310, 958, 1.8419, 0
PixelHit 1310, 959, 5.93029, 0
PixelHit 1310, 960, 3.75026, 0
PixelHit 1310, 961, 6.18002, 0
PixelHit 1310, 962, 2.35805, 0
PixelHit 1310, 965, 2.52346, 0
PixelHit 1311, 960, 2.7828, 0
PixelHit 1312, 960, 2.21397, 0
=== 17 ===
=== 18 ===
=== 19 ===
=== 20 ===
=== 21 ===
=== 22 ===
=== 23 ===
=== 24 ===
=== 25 ===
=== 26 ===
=== 27 ===
=== 28 ===
--- mydetector ---
PixelHit 1286, 977, 12.5032, 0
PixelHit 1286, 978, 63.902, 0
PixelHit 1287, 974, 3.79607, 0
PixelHit 1287, 975, 7.11305, 0
PixelHit 1287, 976, 10.4548, 0
PixelHit 1287, 977, 45.512, 0
PixelHit 1287, 978, 13.4683, 0
PixelHit 1288, 973, 1.96797, 0
PixelHit 1288, 974, 44.0274, 0
PixelHit 1288, 975, 127.747, 0
PixelHit 1288, 976, 131.168, 0
PixelHit 1288, 977, 81.9876, 0
PixelHit 1288, 978, 4.68159, 0
PixelHit 1289, 971, 3.39144, 0
PixelHit 1289, 972, 5.10952, 0
PixelHit 1289, 973, 18.8208, 0
PixelHit 1289, 974, 135.385, 0
PixelHit 1289, 975, 308.324, 0
PixelHit 1289, 976, 271.182, 0
PixelHit 1289, 977, 27.6704, 0
PixelHit 1290, 970, 5.01981, 0
PixelHit 1290, 971, 17.4065, 0
PixelHit 1290, 972, 29.956, 0
PixelHit 1290, 973, 58.4849, 0
PixelHit 1290, 974, 146.99, 0
PixelHit 1290, 975, 177.936, 0
PixelHit 1290, 976, 27.5263, 0
PixelHit 1290, 977, 0.923751, 0
PixelHit 1291, 968, 0.992196, 0
PixelHit 1291, 969, 6.3287, 0
PixelHit 1291, 970, 28.6649, 0
PixelHit 1291, 971, 92.5732, 0
PixelHit 1291, 972, 122.821, 0
PixelHit 1291, 973, 106.174, 0
PixelHit 1291, 974, 78.3905, 0
PixelHit 1291, 975, 21.7982, 0
PixelHit 1292, 968, 5.57161, 0
PixelHit 1292, 969, 32.1683, 0
PixelHit 1292, 970, 103.026, 0
PixelHit 1292, 971, 198.673, 0
PixelHit 1292, 972, 277.504, 0
PixelHit 1292, 973, 116.946, 0
PixelHit 1292, 974, 19.9042, 0
PixelHit 1292, 975, 2.64021, 0
PixelHit 1293, 964, 2.32159, 0
PixelHit 1293, 966, 1.97726, 0
PixelHit 1293, 967, 6.17058, 0
PixelHit 1293, 968, 35.161, 0
PixelHit 1293, 969, 66.4319, 0
PixelHit 1293, 970, 93.7604, 0
PixelHit 1293, 971, 113.963, 0
PixelHit 1293, 972, 142.478, 0
PixelHit 1293, 973, 56.5165, 0
PixelHit 1293, 974, 3.22839, 0
PixelHit 1294, 966, 7.25975, 0
PixelHit 1294, 967, 20.2665, 0
PixelHit 1294, 968, 55.4371, 0
PixelHit 1294, 969, 94.7472, 0
PixelHit 1294, 970, 103.005, 0
PixelHit 1294, 971, 36.8345, 0
PixelHit 1294, 972, 26.3109, 0
PixelHit 1294, 973, 3.60577, 0
PixelHit 1294, 974, 1.62961, 0
PixelHit 1295, 964, 4.72365, 0
PixelHit 1295, 965, 11.0342, 0
PixelHit 1295, 966, 21.4646, 0
PixelHit 1295, 967, 57.5638, 0
PixelHit 1295, 968, 85.9752, 0
PixelHit 1295, 969, 77.3989, 0
PixelHit 1295, 970, 54.7431, 0
PixelHit 1295, 971, 17.7443, 0
PixelHit 1295, 972, 3.91229, 0
PixelHit 1296, 963, 16.039, 0
PixelHit 1296, 964, 22.4448, 0
PixelHit 1296, 965, 43.1039, 0
PixelHit 1296, 966, 60.373, 0
PixelHit 1296, 967, 74.8657, 0
PixelHit 1296, 968, 63.1212, 0
PixelHit 1296, 969, 39.4835, 0
PixelHit 1296, 970, 18.1206, 0
PixelHit 1296, 971, 3.16206, 0
PixelHit 1297, 961, 1.47559, 0
PixelHit 1297, 962, 6.09352, 0
PixelHit 1297, 963, 13.2712, 0
PixelHit 1297, 964, 35.8846, 0
PixelHit 1297, 965, 59.2514, 0
PixelHit 1297, 966, 62.684, 0
PixelHit 1297, 967, 45.8332, 0
PixelHit 1297, 968, 34.5976, 0
PixelHit 1297, 969, 10.942, 0
PixelHit 1297, 970, 3.57392, 0
PixelHit 1298, 961, 4.40403, 0
PixelHit 1298, 962, 10.1572, 0
PixelHit 1298, 963, 42.0769, 0
PixelHit 1298, 964, 53.6975, 0
PixelHit 1298, 965, 56.835, 0
PixelHit 1298, 966, 42.9806, 0
PixelHit 1298, 967, 31.9578, 0
PixelHit 1298, 968, 13.3905, 0
PixelHit 1299, 960, 2.10185, 0
PixelHit 1299, 961, 6.15292, 0
PixelHit 1299, 962, 23.3362, 0
PixelHit 1299, 963, 23.3121, 0
PixelHit 1299, 964, 46.2725, 0
PixelHit 1299, 965, 34.6196, 0
PixelHit 1299, 966, 21.3651, 0
PixelHit 1300, 961, 6.91659, 0
PixelHit 1300, 962, 19.6638, 0
PixelHit 1300, 963, 30.5927, 0
PixelHit 1300, 964, 22.1608, 0
PixelHit 1300, 965, 13.5719, 0
PixelHit 1300, 966, 6.83396, 0
PixelHit 1301, 958, 1.50319, 0
PixelHit 1301, 961, 2.55033, 0
PixelHit 1301, 962, 14.4444, 0
PixelHit 1301, 963, 9.32238, 0
PixelHit 1301, 964, 8.6695, 0
PixelHit 1301, 965, 2.92611, 0
PixelHit 1302, 959, 1.20741, 0
PixelHit 1302, 960, 2.4307, 0
PixelHit 1302, 961, 6.35103, 0
PixelHit 1302, 962, 6.90375, 0
PixelHit 1302, 963, 3.37834, 0
PixelHit 1302, 964, 3.44863, 0
PixelHit 1303, 961, 1.74652, 0
=== 29 ===
=== 30 ===
=== 31 ===
=== 32 ===
=== 33 ===
=== 34 ===
=== 35 ===
=== 36 ===
=== 37 ===
=== 38 ===
=== 39 ===
=== 40 ===
=== 41 ===
=== 42 ===
=== 43 ===
=== 44 ===
=== 45 ===
=== 46 ===
=== 47 ===
=== 48 ===
=== 49 ===
=== 50 ===
=== 51 ===
=== 52 ===
=== 53 ===
=== 54 ===
=== 55 ===
=== 56 ===
=== 57 ===
=== 58 ===
=== 59 ===
=== 60 ===
=== 61 ===
=== 62 ===
=== 63 ===
=== 64 ===
=== 65 ===
=== 66 ===
=== 67 ===
=== 68 ===
=== 69 ===
=== 70 ===
=== 71 ===
=== 72 ===
=== 73 ===
=== 74 ===
=== 75 ===
--- mydetector ---
PixelHit 1292, 976, 2.6507, 0
PixelHit 1293, 975, 27.1035, 0
PixelHit 1293, 976, 40.4558, 0
PixelHit 1293, 982, 4.2746, 0
PixelHit 1293, 983, 13.3144, 0
PixelHit 1294, 971, 1.90443, 0
PixelHit 1294, 973, 8.74968, 0
PixelHit 1294, 974, 29.0689, 0
PixelHit 1294, 975, 52.746, 0
PixelHit 1294, 976, 23.5299, 0
PixelHit 1294, 980, 0.148898, 0
PixelHit 1294, 981, 8.9942, 0
PixelHit 1294, 982, 46.5042, 0
PixelHit 1294, 983, 23.0763, 0
PixelHit 1295, 971, 3.8412, 0
PixelHit 1295, 972, 12.3089, 0
PixelHit 1295, 973, 35.5859, 0
PixelHit 1295, 974, 52.858, 0
PixelHit 1295, 975, 15.5594, 0
PixelHit 1295, 979, 10.8904, 0
PixelHit 1295, 980, 25.6739, 0
PixelHit 1295, 981, 53.7226, 0
PixelHit 1295, 982, 30.1294, 0
PixelHit 1296, 970, 2.97222, 0
PixelHit 1296, 971, 24.6751, 0
PixelHit 1296, 972, 49.7621, 0
PixelHit 1296, 973, 39.3344, 0
PixelHit 1296, 974, 6.67534, 0
PixelHit 1296, 975, 1.53837, 0
PixelHit 1296, 978, 24.1847, 0
PixelHit 1296, 979, 52.5618, 0
PixelHit 1296, 980, 57.4759, 0
PixelHit 1296, 981, 36.6441, 0
PixelHit 1296, 982, 2.67712, 0
PixelHit 1297, 967, 1.26279, 0
PixelHit 1297, 968, 3.23525, 0
PixelHit 1297, 969, 9.97129, 0
PixelHit 1297, 970, 22.714, 0
PixelHit 1297, 971, 43.3002, 0
PixelHit 1297, 972, 44.7402, 0
PixelHit 1297, 973, 25.975, 0
PixelHit 1297, 974, 4.86863, 0
PixelHit 1297, 977, 10.4056, 0
PixelHit 1297, 978, 48.0156, 0
PixelHit 1297, 979, 67.7565, 0
PixelHit 1297, 980, 14.3981, 0
PixelHit 1297, 981, 6.63752, 0
PixelHit 1298, 967, 10.4699, 0
PixelHit 1298, 968, 26.219, 0
PixelHit 1298, 969, 23.6069, 0
PixelHit 1298, 970, 26.0531, 0
PixelHit 1298, 971, 35.6955, 0
PixelHit 1298, 972, 11.1611, 0
PixelHit 1298, 973, 4.20744, 0
PixelHit 1298, 975, 7.84265, 0
PixelHit 1298, 976, 10.7624, 0
PixelHit 1298, 977, 14.0384, 0
PixelHit 1298, 978, 32.4843, 0
PixelHit 1298, 979, 38.2111, 0
PixelHit 1298, 980, 3.73479, 0
PixelHit 1299, 964, 0.468443, 0
PixelHit 1299, 966, 4.56447, 0
PixelHit 1299, 967, 21.851, 0
PixelHit 1299, 968, 50.7769, 0
PixelHit 1299, 969, 63.8952, 0
PixelHit 1299, 970, 21.3333, 0
PixelHit 1299, 971, 6.81341, 0
PixelHit 1299, 972, 3.89669, 0
PixelHit 1299, 973, 4.7701, 0
PixelHit 1299, 974, 6.87413, 0
PixelHit 1299, 975, 6.56533, 0
PixelHit 1299, 976, 13.8132, 0
PixelHit 1299, 977, 13.0913, 0
PixelHit 1299, 978, 11.7375, 0
PixelHit 1299, 979, 0.500511, 0
PixelHit 1300, 963, 2.885, 0
PixelHit 1300, 964, 7.09854, 0
PixelHit 1300, 965, 11.7585, 0
PixelHit 1300, 966, 22.5651, 0
PixelHit 1300, 967, 57.8707, 0
PixelHit 1300, 968, 78.3757, 0
PixelHit 1300, 969, 45.8043, 0
PixelHit 1300, 970, 12.3354, 0
PixelHit 1300, 971, 4.57177, 0
PixelHit 1300, 972, 5.00863, 0
PixelHit 1300, 973, 15.8062, 0
PixelHit 1300, 974, 26.2421, 0
PixelHit 1300, 975, 22.2284, 0
PixelHit 1300, 976, 16.6661, 0
PixelHit 1300, 977, 5.66708, 0
PixelHit 1300, 979, 0.810338, 0
PixelHit 1301, 963, 7.8252, 0
PixelHit 1301, 964, 17.4525, 0
PixelHit 1301, 965, 25.8951, 0
PixelHit 1301, 966, 40.8653, 0
PixelHit 1301, 967, 36.6694, 0
PixelHit 1301, 968, 43.5294, 0
PixelHit 1301, 969, 14.9173, 0
PixelHit 1301, 970, 12.7177, 0
PixelHit 1301, 971, 14.8687, 0
PixelHit 1301, 972, 33.9604, 0
PixelHit 1301, 973, 39.9242, 0
PixelHit 1301, 974, 37.0257, 0
PixelHit 1301, 975, 21.7246, 0
PixelHit 1301, 976, 14.8452, 0
PixelHit 1301, 979, 1.66956, 0
PixelHit 1302, 961, 2.21423, 0
PixelHit 1302, 962, 12.5861, 0
PixelHit 1302, 963, 22.6784, 0
PixelHit 1302, 964, 54.1882, 0
PixelHit 1302, 965, 60.1088, 0
PixelHit 1302, 966, 37.3925, 0
PixelHit 1302, 967, 23.4917, 0
PixelHit 1302, 968, 8.10496, 0
PixelHit 1302, 969, 10.1311, 0
PixelHit 1302, 970, 8.40528, 0
PixelHit 1302, 971, 36.4776, 0
PixelHit 1302, 972, 46.8712, 0
PixelHit 1302, 973, 61.0016, 0
PixelHit 1302, 974, 30.6449, 0
PixelHit 1302, 975, 18.2094, 0
PixelHit 1303, 959, 3.25565, 0
PixelHit 1303, 960, 1.80565, 0
PixelHit 1303, 961, 5.55524, 0
PixelHit 1303, 962, 21.346, 0
PixelHit 1303, 963, 41.1893, 0
PixelHit 1303, 964, 80.1154, 0
PixelHit 1303, 965, 64.7207, 0
PixelHit 1303, 966, 30.0873, 0
PixelHit 1303, 967, 14.8322, 0
PixelHit 1303, 968, 9.53511, 0
PixelHit 1303, 969, 14.22, 0
PixelHit 1303, 970, 30.2452, 0
PixelHit 1303, 971, 49.8778, 0
PixelHit 1303, 972, 59.269, 0
PixelHit 1303, 973, 37.9915, 0
PixelHit 1303, 974, 17.377, 0
PixelHit 1303, 975, 1.96307, 0
PixelHit 1304, 960, 6.21453, 0
PixelHit 1304, 961, 15.7077, 0
PixelHit 1304, 962, 35.296, 0
PixelHit 1304, 963, 28.1806, 0
PixelHit 1304, 964, 59.477, 0
PixelHit 1304, 965, 27.8212, 0
PixelHit 1304, 966, 24.8289, 0
PixelHit 1304, 967, 21.8394, 0
PixelHit 1304, 968, 30.0451, 0
PixelHit 1304, 969, 35.4173, 0
PixelHit 1304, 970, 62.8572, 0
PixelHit 1304, 971, 56.0466, 0
PixelHit 1304, 972, 31.5818, 0
PixelHit 1304, 973, 13.0394, 0
PixelHit 1304, 974, 8.76958, 0
PixelHit 1304, 975, 2.07811, 0
PixelHit 1305, 959, 4.04891, 0
PixelHit 1305, 960, 7.88061, 0
PixelHit 1305, 961, 29.4771, 0
PixelHit 1305, 962, 38.9914, 0
PixelHit 1305, 963, 20.6899, 0
PixelHit 1305, 964, 16.4164, 0
PixelHit 1305, 965, 10.0083, 0
PixelHit 1305, 966, 24.1706, 0
PixelHit 1305, 967, 43.3844, 0
PixelHit 1305, 968, 42.7892, 0
PixelHit 1305, 969, 42.0565, 0
PixelHit 1305, 970, 46.7566, 0
PixelHit 1305, 971, 33.8693, 0
PixelHit 1305, 972, 13.3783, 0
PixelHit 1306, 960, 9.50672, 0
PixelHit 1306, 961, 19.1051, 0
PixelHit 1306, 962, 16.5257, 0
PixelHit 1306, 963, 18.506, 0
PixelHit 1306, 964, 2.82496, 0
PixelHit 1306, 965, 4.94616, 0
PixelHit 1306, 966, 23.5837, 0
PixelHit 1306, 967, 41.9899, 0
PixelHit 1306, 968, 70.1797, 0
PixelHit 1306, 969, 60.7044, 0
PixelHit 1306, 970, 30.4702, 0
PixelHit 1306, 971, 13.6042, 0
PixelHit 1306, 972, 5.77204, 0
PixelHit 1307, 960, 5.20129, 0
PixelHit 1307, 961, 7.88133, 0
PixelHit 1307, 962, 4.10024, 0
PixelHit 1307, 964, 2.81789, 0
PixelHit 1307, 965, 1.77063, 0
PixelHit 1307, 966, 12.1024, 0
PixelHit 1307, 967, 36.5601, 0
PixelHit 1307, 968, 42.778, 0
PixelHit 1307, 969, 34.3918, 0
PixelHit 1307, 970, 6.29321, 0
PixelHit 1307, 971, 3.15787, 0
PixelHit 1307, 972, 0.989717, 0
PixelHit 1308, 960, 3.38009, 0
PixelHit 1308, 961, 1.20735, 0
PixelHit 1308, 962, 0.513908, 0
PixelHit 1308, 963, 2.22338, 0
PixelHit 1308, 964, 0.804087, 0
PixelHit 1308, 966, 7.01352, 0
PixelHit 1308, 967, 12.6775, 0
PixelHit 1308, 968, 16.5058, 0
PixelHit 1308, 969, 5.29368, 0
PixelHit 1308, 970, 4.56077, 0
PixelHit 1309, 961, 2.03124, 0
PixelHit 1309, 966, 4.36826, 0
PixelHit 1309, 967, 3.18842, 0
PixelHit 1309, 968, 5.7251, 0
=== 76 ===
=== 77 ===
=== 78 ===
=== 79 ===
=== 80 ===
=== 81 ===
=== 82 ===
=== 83 ===
=== 84 ===
=== 85 ===
=== 86 ===
=== 87 ===
=== 88 ===
=== 89 ===
=== 90 ===
=== 91 ===
=== 92 ===
=== 93 ===
=== 94 ===
=== 95 ===
=== 96 ===
=== 97 ===
=== 98 ===
=== 99 ===
=== 100 ===
# 539 objects from 3 messages
