# Allpix Squared ASCII data - https://cern.ch/allpix-squared

=== 1 ===
=== 2 ===
=== 3 ===
=== 4 ===
=== 5 ===
=== 6 ===
=== 7 ===
=== 8 ===
=== 9 ===
--- mydetector ---
PixelHit 1289, 976, 325.968, 0
PixelHit 1289, 977, 15.1541, 0
PixelHit 1290, 976, 106.468, 0
PixelHit 1290, 977, 12.3041, 0
PixelHit 1291, 975, 8.31898, 0
PixelHit 1291, 976, 56.4924, 0
PixelHit 1291, 977, 1.55805, 0
PixelHit 1292, 974, 3.1284, 0
PixelHit 1292, 975, 36.6688, 0
PixelHit 1292, 976, 112.117, 0
PixelHit 1292, 977, 7.34542, 0
PixelHit 1293, 974, 2.39931, 0
PixelHit 1293, 975, 45.084, 0
PixelHit 1293, 976, 59.8104, 0
PixelHit 1293, 977, 7.42756, 0
PixelHit 1294, 974, 9.89417, 0
PixelHit 1294, 975, 55.5045, 0
PixelHit 1294, 976, 37.4, 0
PixelHit 1294, 977, 7.83233, 0
PixelHit 1295, 973, 2.11871, 0
PixelHit 1295, 974, 13.4312, 0
PixelHit 1295, 975, 54.4941, 0
PixelHit 1295, 976, 37.7199, 0
PixelHit 1296, 974, 4.7271, 0
PixelHit 1296, 975, 17.1797, 0
PixelHit 1296, 976, 21.2802, 0
PixelHit 1297, 973, 6.17619, 0
PixelHit 1297, 974, 38.9133, 0
PixelHit 1297, 975, 53.3887, 0
PixelHit 1297, 976, 21.5057, 0
PixelHit 1297, 977, 0.66718, 0
PixelHit 1298, 973, 11.7589, 0
PixelHit 1298, 974, 50.9974, 0
PixelHit 1298, 975, 63.3294, 0
PixelHit 1298, 976, 20.1246, 0
PixelHit 1299, 972, 2.8156, 0
PixelHit 1299, 973, 19.3282, 0
PixelHit 1299, 974, 39.5518, 0
PixelHit 1299, 975, 52.3611, 0
PixelHit 1299, 976, 23.1378, 0
PixelHit 1299, 977, 5.63022, 0
PixelHit 1300, 973, 16.9972, 0
PixelHit 1300, 974, 33.7632, 0
PixelHit 1300, 975, 44.086, 0
PixelHit 1300, 976, 15.8472, 0
PixelHit 1301, 956, 1.99352, 0
PixelHit 1301, 957, 24.7638, 0
PixelHit 1301, 958, 7.22832, 0
PixelHit 1301, 973, 16.1829, 0
PixelHit 1301, 974, 28.9863, 0
PixelHit 1301, 975, 20.5433, 0
PixelHit 1301, 976, 10.4256, 0
PixelHit 1301, 977, 1.20935, 0
PixelHit 1302, 956, 2.49739, 0
PixelHit 1302, 957, 66.9571, 0
PixelHit 1302, 958, 14.1702, 0
PixelHit 1302, 972, 9.72298, 0
PixelHit 1302, 973, 24.6988, 0
PixelHit 1302, 974, 26.6323, 0
PixelHit 1302, 975, 25.3177, 0
PixelHit 1302, 976, 5.93348, 0
PixelHit 1303, 956, 8.96682, 0
PixelHit 1303, 957, 52.6446, 0
PixelHit 1303, 958, 7.13298, 0
PixelHit 1303, 959, 1.00543, 0
PixelHit 1303, 971, 2.06939, 0
PixelHit 1303, 972, 7.94339, 0
PixelHit 1303, 973, 23.3976, 0
PixelHit 1303, 974, 38.7762, 0
PixelHit 1303, 975, 28.927, 0
PixelHit 1303, 976, 6.56272, 0
PixelHit 1304, 956, 15.5551, 0
PixelHit 1304, 957, 49.3924, 0
PixelHit 1304, 958, 7.14281, 0
PixelHit 1304, 971, 4.70816, 0
PixelHit 1304, 972, 17.9084, 0
PixelHit 1304, 973, 34.6762, 0
PixelHit 1304, 974, 53.1232, 0
PixelHit 1304, 975, 23.6977, 0
PixelHit 1304, 977, 0.724341, 0
PixelHit 1305, 956, 25.4847, 0
PixelHit 1305, 957, 43.1595, 0
PixelHit 1305, 958, 4.17819, 0
PixelHit 1305, 971, 5.79235, 0
PixelHit 1305, 972, 16.4537, 0
PixelHit 1305, 973, 48.3458, 0
PixelHit 1305, 974, 66.2911, 0
PixelHit 1305, 975, 15.7375, 0
PixelHit 1305, 976, 3.71542, 0
PixelHit 1306, 955, 7.43804, 0
PixelHit 1306, 956, 23.7563, 0
PixelHit 1306, 957, 30.0801, 0
PixelHit 1306, 958, 4.97245, 0
PixelHit 1306, 971, 8.22126, 0
PixelHit 1306, 972, 27.5817, 0
PixelHit 1306, 973, 38.3811, 0
PixelHit 1306, 974, 32.0316, 0
PixelHit 1306, 975, 15.6776, 0
PixelHit 1306, 976, 2.95972, 0
PixelHit 1307, 955, 19.7975, 0
PixelHit 1307, 956, 66.3413, 0
PixelHit 1307, 957, 41.3954, 0
PixelHit 1307, 958, 2.85319, 0
PixelHit 1307, 970, 2.39625, 0
PixelHit 1307, 971, 7.38353, 0
PixelHit 1307, 972, 25.4856, 0
PixelHit 1307, 973, 32.0276, 0
PixelHit 1307, 974, 27.0516, 0
PixelHit 1307, 975, 9.34027, 0
PixelHit 1307, 976, 2.95825, 0
PixelHit 1308, 954, 3.28865, 0
PixelHit 1308, 955, 61.8106, 0
PixelHit 1308, 956, 164.955, 0
PixelHit 1308, 957, 79.0524, 0
PixelHit 1308, 958, 8.9772, 0
PixelHit 1308, 971, 4.88336, 0
PixelHit 1308, 972, 5.31767, 0
PixelHit 1308, 973, 19.3637, 0
PixelHit 1308, 974, 8.16338, 0
PixelHit 1308, 975, 3.84131, 0
PixelHit 1309, 954, 5.07771, 0
PixelHit 1309, 955, 54.8142, 0
PixelHit 1309, 956, 138.965, 0
PixelHit 1309, 957, 81.4798, 0
PixelHit 1309, 958, 8.82774, 0
PixelHit 1309, 970, 4.06458, 0
PixelHit 1309, 972, 7.51911, 0
PixelHit 1309, 973, 10.4886, 0
PixelHit 1309, 974, 5.77176, 0
PixelHit 1309, 975, 3.42226, 0
PixelHit 1310, 953, 2.07009, 0
PixelHit 1310, 954, 1.34616, 0
PixelHit 1310, 955, 22.453, 0
PixelHit 1310, 956, 41.3367, 0
PixelHit 1310, 957, 23.4718, 0
PixelHit 1310, 958, 3.48037, 0
PixelHit 1310, 971, 4.06689, 0
PixelHit 1310, 972, 3.9194, 0
PixelHit 1310, 973, 0.522093, 0
PixelHit 1310, 974, 1.5566, 0
PixelHit 1311, 954, 2.97183, 0
PixelHit 1311, 955, 17.5937, 0
PixelHit 1311, 956, 15.9903, 0
PixelHit 1311, 957, 4.08112, 0
PixelHit 1311, 958, 1.74176, 0
PixelHit 1312, 954, 13.0794, 0
PixelHit 1312, 955, 20.7624, 0
PixelHit 1312, 956, 28.9467, 0
PixelHit 1312, 957, 5.52814, 0
PixelHit 1312, 958, 2.20358, 0
PixelHit 1312, 971, 0.956369, 0
PixelHit 1312, 972, 2.65626, 0
PixelHit 1313, 953, 1.61268, 0
PixelHit 1313, 954, 19.5701, 0
PixelHit 1313, 955, 43.3029, 0
PixelHit 1313, 956, 36.1911, 0
PixelHit 1313, 957, 10.31, 0
PixelHit 1313, 958, 3.98677, 0
PixelHit 1314, 953, 4.3415, 0
PixelHit 1314, 954, 29.3655, 0
PixelHit 1314, 955, 46.7661, 0
PixelHit 1314, 956, 48.7714, 0
PixelHit 1314, 957, 10.9065, 0
PixelHit 1314, 958, 2.73702, 0
PixelHit 1315, 953, 9.21257, 0
PixelHit 1315, 954, 27.8799, 0
PixelHit 1315, 955, 43.0897, 0
PixelHit 1315, 956, 27.5945, 0
PixelHit 1315, 957, 5.11723, 0
PixelHit 1316, 953, 8.7317, 0
PixelHit 1316, 954, 20.9918, 0
PixelHit 1316, 955, 29.4275, 0
PixelHit 1316, 956, 14.2881, 0
PixelHit 1316, 957, 3.35544, 0
PixelHit 1317, 952, 2.92071, 0
PixelHit 1317, 953, 4.85176, 0
PixelHit 1317, 954, 17.8625, 0
PixelHit 1317, 955, 19.2774, 0
PixelHit 1317, 956, 12.6274, 0
PixelHit 1317, 957, 5.10875, 0
PixelHit 1318, 951, 0.931908, 0
PixelHit 1318, 952, 5.57426, 0
PixelHit 1318, 953, 9.33498, 0
PixelHit 1318, 954, 19.7668, 0
PixelHit 1318, 955, 13.6436, 0
PixelHit 1318, 956, 11.0988, 0
PixelHit 1319, 951, 1.85145, 0
PixelHit 1319, 952, 3.22531, 0
PixelHit 1319, 953, 9.90278, 0
PixelHit 1319, 954, 26.838, 0
PixelHit 1319, 955, 23.5091, 0
PixelHit 1319, 956, 9.65114, 0
PixelHit 1319, 957, 0.762125, 0
PixelHit 1320, 952, 3.44873, 0
PixelHit 1320, 953, 11.5257, 0
PixelHit 1320, 954, 27.6952, 0
PixelHit 1320, 955, 19.5494, 0
PixelHit 1320, 956, 11.9821, 0
PixelHit 1320, 957, 1.44503, 0
PixelHit 1321, 951, 2.81568, 0
PixelHit 1321, 952, 5.41406, 0
PixelHit 1321, 953, 10.155, 0
PixelHit 1321, 954, 15.4697, 0
PixelHit 1321, 955, 15.8191, 0
PixelHit 1321, 956, 8.78286, 0
PixelHit 1322, 952, 0.729704, 0
PixelHit 1322, 953, 4.761, 0
PixelHit 1322, 954, 9.96885, 0
PixelHit 1322, 955, 5.50382, 0
PixelHit 1322, 956, 4.3788, 0
PixelHit 1323, 952, 1.84843, 0
PixelHit 1323, 953, -0.507709, 0
PixelHit 1323, 954, 1.76582, 0
PixelHit 1323, 955, 0.704, 0
PixelHit 1323, 956, 1.61627, 0
=== 10 ===
=== 11 ===
=== 12 ===
=== 13 ===
=== 14 ===
=== 15 ===
=== 16 ===
=== 17 ===
=== 18 ===
=== 19 ===
=== 20 ===
=== 21 ===
=== 22 ===
=== 23 ===
=== 24 ===
=== 25 ===
=== 26 ===
=== 27 ===
=== 28 ===
=== 29 ===
=== 30 ===
=== 31 ===
=== 32 ===
=== 33 ===
=== 34 ===
=== 35 ===
=== 36 ===
=== 37 ===
=== 38 ===
=== 39 ===
=== 40 ===
=== 41 ===
=== 42 ===
=== 43 ===
--- mydetector ---
PixelHit 1280, 968, 37.6672, 0
PixelHit 1280, 969, 2.97427, 0
PixelHit 1281, 967, 9.88935, 0
PixelHit 1281, 968, 53.7897, 0
PixelHit 1281, 969, 2.65355, 0
PixelHit 1281, 979, 4.12097, 0
PixelHit 1281, 980, 17.0414, 0
PixelHit 1282, 967, 31.3782, 0
PixelHit 1282, 968, 52.426, 0
PixelHit 1282, 969, 5.69968, 0
PixelHit 1282, 979, 14.642, 0
PixelHit 1282, 980, 108.267, 0
PixelHit 1282, 981, 9.05388, 0
PixelHit 1283, 966, 4.58501, 0
PixelHit 1283, 967, 97.7043, 0
PixelHit 1283, 968, 116.335, 0
PixelHit 1283, 969, 4.74866, 0
PixelHit 1283, 979, 25.6528, 0
PixelHit 1283, 980, 53.3127, 0
PixelHit 1284, 966, 40.8089, 0
PixelHit 1284, 967, 322.123, 0
PixelHit 1284, 968, 261.829, 0
PixelHit 1284, 969, 15.5215, 0
PixelHit 1284, 970, 2.91218, 0
PixelHit 1284, 979, 44.2165, 0
PixelHit 1284, 980, 51.2823, 0
PixelHit 1284, 981, 3.96569, 0
PixelHit 1285, 965, 1.67557, 0
PixelHit 1285, 966, 35.1513, 0
PixelHit 1285, 967, 226.719, 0
PixelHit 1285, 968, 151.733, 0
PixelHit 1285, 969, 14.1126, 0
PixelHit 1285, 978, 5.66419, 0
PixelHit 1285, 979, 53.243, 0
PixelHit 1285, 980, 34.7358, 0
PixelHit 1285, 981, 4.32484, 0
PixelHit 1286, 965, 5.61099, 0
PixelHit 1286, 966, 18.9974, 0
PixelHit 1286, 967, 78.0603, 0
PixelHit 1286, 968, 34.9371, 0
PixelHit 1286, 977, 1.90911, 0
PixelHit 1286, 978, 23.2222, 0
PixelHit 1286, 979, 88.1812, 0
PixelHit 1286, 980, 38.9477, 0
PixelHit 1287, 965, 3.7306, 0
PixelHit 1287, 966, 16.9396, 0
PixelHit 1287, 967, 38.3996, 0
PixelHit 1287, 968, 16.428, 0
PixelHit 1287, 978, 23.2013, 0
PixelHit 1287, 979, 71.1762, 0
PixelHit 1287, 980, 26.3287, 0
PixelHit 1288, 966, 13.7733, 0
PixelHit 1288, 967, 30.2486, 0
PixelHit 1288, 968, 7.80084, 0
PixelHit 1288, 969, 2.35449, 0
PixelHit 1288, 977, 3.38147, 0
PixelHit 1288, 978, 16.9798, 0
PixelHit 1288, 979, 31.4128, 0
PixelHit 1288, 980, 10.0986, 0
PixelHit 1289, 965, 7.46218, 0
PixelHit 1289, 966, 25.3554, 0
PixelHit 1289, 967, 38.3156, 0
PixelHit 1289, 968, 9.37623, 0
PixelHit 1289, 977, 2.24267, 0
PixelHit 1289, 978, 16.4389, 0
PixelHit 1289, 979, 24.1193, 0
PixelHit 1289, 980, 9.41823, 0
PixelHit 1290, 965, 4.53855, 0
PixelHit 1290, 966, 27.0693, 0
PixelHit 1290, 967, 23.7128, 0
PixelHit 1290, 969, 3.00462, 0
PixelHit 1290, 977, 10.4077, 0
PixelHit 1290, 978, 22.0304, 0
PixelHit 1290, 979, 23.7114, 0
PixelHit 1290, 980, 4.09777, 0
PixelHit 1291, 964, 1.37947, 0
PixelHit 1291, 965, 7.27498, 0
PixelHit 1291, 966, 36.0042, 0
PixelHit 1291, 967, 20.8942, 0
PixelHit 1291, 968, 4.50724, 0
PixelHit 1291, 975, 0.988153, 0
PixelHit 1291, 976, 3.2523, 0
PixelHit 1291, 977, 18.9939, 0
PixelHit 1291, 978, 33.7639, 0
PixelHit 1291, 979, 31.2377, 0
PixelHit 1291, 980, 9.36452, 0
PixelHit 1291, 981, 0.720815, 0
PixelHit 1292, 964, 2.19061, 0
PixelHit 1292, 965, 19.6873, 0
PixelHit 1292, 966, 45.7192, 0
PixelHit 1292, 967, 20.4413, 0
PixelHit 1292, 976, 3.83563, 0
PixelHit 1292, 977, 13.2642, 0
PixelHit 1292, 978, 44.6426, 0
PixelHit 1292, 979, 22.1168, 0
PixelHit 1292, 980, 1.85473, 0
PixelHit 1293, 964, 5.05587, 0
PixelHit 1293, 965, 30.3348, 0
PixelHit 1293, 966, 43.6189, 0
PixelHit 1293, 967, 20.2827, 0
PixelHit 1293, 968, 3.66267, 0
PixelHit 1293, 977, 4.58819, 0
PixelHit 1293, 978, 28.5253, 0
PixelHit 1293, 979, 10.8665, 0
PixelHit 1293, 980, 2.13687, 0
PixelHit 1294, 963, 1.46263, 0
PixelHit 1294, 964, 16.6027, 0
PixelHit 1294, 965, 30.2821, 0
PixelHit 1294, 966, 45.2964, 0
PixelHit 1294, 967, 23.9045, 0
PixelHit 1294, 968, 5.07248, 0
PixelHit 1294, 976, 2.45304, 0
PixelHit 1294, 977, 12.1802, 0
PixelHit 1294, 978, 8.53331, 0
PixelHit 1294, 979, 8.44567, 0
PixelHit 1295, 963, 5.18256, 0
PixelHit 1295, 964, 27.26, 0
PixelHit 1295, 965, 61.1352, 0
PixelHit 1295, 966, 57.7446, 0
PixelHit 1295, 967, 14.0058, 0
PixelHit 1295, 968, 2.29095, 0
PixelHit 1295, 976, 4.559, 0
PixelHit 1295, 977, 6.21829, 0
PixelHit 1295, 978, 6.48291, 0
PixelHit 1295, 979, 2.51332, 0
PixelHit 1296, 962, 1.0193, 0
PixelHit 1296, 963, 10.2474, 0
PixelHit 1296, 964, 30.619, 0
PixelHit 1296, 965, 69.61, 0
PixelHit 1296, 966, 65.9614, 0
PixelHit 1296, 967, 30.2637, 0
PixelHit 1296, 968, 5.02502, 0
PixelHit 1296, 975, 2.97303, 0
PixelHit 1296, 976, 7.01624, 0
PixelHit 1296, 977, 15.9962, 0
PixelHit 1296, 978, 5.11921, 0
PixelHit 1296, 979, 5.50748, 0
PixelHit 1296, 980, 1.36145, 0
PixelHit 1297, 963, 11.7857, 0
PixelHit 1297, 964, 24.1051, 0
PixelHit 1297, 965, 70.9533, 0
PixelHit 1297, 966, 59.3508, 0
PixelHit 1297, 967, 19.1139, 0
PixelHit 1297, 968, 3.18618, 0
PixelHit 1297, 976, 8.82239, 0
PixelHit 1297, 977, 8.64766, 0
PixelHit 1297, 978, 9.95894, 0
PixelHit 1297, 979, 3.67883, 0
PixelHit 1298, 963, 15.9293, 0
PixelHit 1298, 964, 39.6923, 0
PixelHit 1298, 965, 45.2011, 0
PixelHit 1298, 966, 15.9709, 0
PixelHit 1298, 967, 18.9088, 0
PixelHit 1298, 968, 5.10399, 0
PixelHit 1298, 973, 1.38919, 0
PixelHit 1298, 974, 1.67574, 0
PixelHit 1298, 975, 9.35036, 0
PixelHit 1298, 976, 15.9469, 0
PixelHit 1298, 977, 18.4794, 0
PixelHit 1298, 978, 14.9604, 0
PixelHit 1298, 979, 3.96085, 0
PixelHit 1299, 961, 2.40014, 0
PixelHit 1299, 962, 3.40877, 0
PixelHit 1299, 963, 10.1586, 0
PixelHit 1299, 964, 22.2901, 0
PixelHit 1299, 965, 31.8979, 0
PixelHit 1299, 966, 20.4406, 0
PixelHit 1299, 967, 6.55286, 0
PixelHit 1299, 968, 0.438232, 0
PixelHit 1299, 974, 5.90887, 0
PixelHit 1299, 975, 5.95822, 0
PixelHit 1299, 976, 37.1333, 0
PixelHit 1299, 977, 54.2948, 0
PixelHit 1299, 978, 18.7021, 0
PixelHit 1299, 979, 5.83249, 0
PixelHit 1299, 980, 2.18151, 0
PixelHit 1300, 963, 5.09338, 0
PixelHit 1300, 964, 16.3846, 0
PixelHit 1300, 965, 22.2988, 0
PixelHit 1300, 966, 17.2673, 0
PixelHit 1300, 967, 6.12854, 0
PixelHit 1300, 974, 1.85142, 0
PixelHit 1300, 975, 17.913, 0
PixelHit 1300, 976, 36.8232, 0
PixelHit 1300, 977, 47.9357, 0
PixelHit 1300, 978, 19.3455, 0
PixelHit 1300, 979, 9.82982, 0
PixelHit 1300, 980, 1.90934, 0
PixelHit 1301, 961, 2.36279, 0
PixelHit 1301, 963, 7.99287, 0
PixelHit 1301, 964, 4.6386, 0
PixelHit 1301, 965, 10.6207, 0
PixelHit 1301, 966, 6.53796, 0
PixelHit 1301, 975, 12.6241, 0
PixelHit 1301, 976, 15.7983, 0
PixelHit 1301, 977, 33.2458, 0
PixelHit 1301, 978, 16.2566, 0
PixelHit 1301, 979, 4.63212, 0
PixelHit 1301, 980, 3.51425, 0
PixelHit 1302, 964, 3.27164, 0
PixelHit 1302, 965, 1.82373, 0
PixelHit 1302, 974, 2.30027, 0
PixelHit 1302, 975, 5.76979, 0
PixelHit 1302, 976, 8.83452, 0
PixelHit 1302, 977, 8.66466, 0
PixelHit 1302, 978, 5.61039, 0
PixelHit 1302, 979, 1.63292, 0
PixelHit 1303, 964, 0.999337, 0
PixelHit 1303, 976, 2.54043, 0
PixelHit 1303, 977, 1.56764, 0
=== 44 ===
=== 45 ===
=== 46 ===
=== 47 ===
=== 48 ===
=== 49 ===
=== 50 ===
--- mydetector ---
PixelHit 1286, 969, -0.13324, 0
PixelHit 1287, 968, 12.8685, 0
PixelHit 1287, 969, 64.7134, 0
PixelHit 1288, 968, 37.3925, 0
PixelHit 1288, 969, 54.5916, 0
PixelHit 1288, 970, 0.934143, 0
PixelHit 1289, 967, 3.70733, 0
PixelHit 1289, 968, 96.1401, 0
PixelHit 1289, 969, 46.7014, 0
PixelHit 1290, 966, 1.42202, 0
PixelHit 1290, 967, 15.1877, 0
PixelHit 1290, 968, 259.638, 0
PixelHit 1290, 969, 49.403, 0
PixelHit 1291, 966, 2.96155, 0
PixelHit 1291, 967, 20.9537, 0
PixelHit 1291, 968, 123.419, 0
PixelHit 1291, 969, 31.8775, 0
PixelHit 1292, 966, 3.27459, 0
PixelHit 1292, 967, 89.6927, 0
PixelHit 1292, 968, 131.057, 0
PixelHit 1292, 969, 23.5875, 0
PixelHit 1292, 970, 3.01024, 0
PixelHit 1293, 966, 15.7358, 0
PixelHit 1293, 967, 194.836, 0
PixelHit 1293, 968, 291.599, 0
PixelHit 1293, 969, 45.225, 0
PixelHit 1294, 965, 2.60225, 0
PixelHit 1294, 966, 28.1586, 0
PixelHit 1294, 967, 198.751, 0
PixelHit 1294, 968, 183.115, 0
PixelHit 1294, 969, 48.02, 0
PixelHit 1295, 966, 15.6853, 0
PixelHit 1295, 967, 89.0624, 0
PixelHit 1295, 968, 101.926, 0
PixelHit 1295, 969, 17.3888, 0
PixelHit 1296, 965, 3.01787, 0
PixelHit 1296, 966, 28.0676, 0
PixelHit 1296, 967, 74.4571, 0
PixelHit 1296, 968, 31.0683, 0
PixelHit 1297, 965, 4.4858, 0
PixelHit 1297, 966, 38.2093, 0
PixelHit 1297, 967, 53.5059, 0
PixelHit 1297, 968, 33.94, 0
PixelHit 1297, 969, 10.6072, 0
PixelHit 1298, 965, 14.7311, 0
PixelHit 1298, 966, 81.465, 0
PixelHit 1298, 967, 95.8063, 0
PixelHit 1298, 968, 48.3244, 0
PixelHit 1298, 969, 5.41665, 0
PixelHit 1299, 963, 2.02101, 0
PixelHit 1299, 964, 13.9492, 0
PixelHit 1299, 965, 55.1515, 0
PixelHit 1299, 966, 157.856, 0
PixelHit 1299, 967, 168.191, 0
PixelHit 1299, 968, 66.4647, 0
PixelHit 1299, 969, 9.57721, 0
PixelHit 1299, 970, 0.817761, 0
PixelHit 1300, 964, 8.02565, 0
PixelHit 1300, 965, 79.8827, 0
PixelHit 1300, 966, 226.63, 0
PixelHit 1300, 967, 191.035, 0
PixelHit 1300, 968, 59.1038, 0
PixelHit 1300, 969, 11.8231, 0
PixelHit 1301, 963, 1.72262, 0
PixelHit 1301, 964, 7.67959, 0
PixelHit 1301, 965, 70.8698, 0
PixelHit 1301, 966, 155.221, 0
PixelHit 1301, 967, 128.117, 0
PixelHit 1301, 968, 54.2413, 0
PixelHit 1301, 969, 5.59068, 0
PixelHit 1302, 964, 13.2505, 0
PixelHit 1302, 965, 73.5445, 0
PixelHit 1302, 966, 96.094, 0
PixelHit 1302, 967, 89.7317, 0
PixelHit 1302, 968, 20.2523, 0
PixelHit 1302, 969, 3.00622, 0
PixelHit 1303, 963, 2.28313, 0
PixelHit 1303, 964, 23.3738, 0
PixelHit 1303, 965, 81.085, 0
PixelHit 1303, 966, 100.468, 0
PixelHit 1303, 967, 74.53, 0
PixelHit 1303, 968, 17.6745, 0
PixelHit 1303, 969, 4.50167, 0
PixelHit 1303, 970, 1.61063, 0
PixelHit 1304, 962, 0.729094, 0
PixelHit 1304, 963, 4.362, 0
PixelHit 1304, 964, 31.2306, 0
PixelHit 1304, 965, 89.9307, 0
PixelHit 1304, 966, 98.6874, 0
PixelHit 1304, 967, 57.3455, 0
PixelHit 1304, 968, 16.0587, 0
PixelHit 1304, 969, 1.18135, 0
PixelHit 1305, 963, 3.35064, 0
PixelHit 1305, 964, 41.1573, 0
PixelHit 1305, 965, 81.3384, 0
PixelHit 1305, 966, 73.2975, 0
PixelHit 1305, 967, 31.43, 0
PixelHit 1305, 968, 11.0091, 0
PixelHit 1306, 963, 4.09889, 0
PixelHit 1306, 964, 33.8428, 0
PixelHit 1306, 965, 52.9453, 0
PixelHit 1306, 966, 44.117, 0
PixelHit 1306, 967, 32.345, 0
PixelHit 1306, 968, 2.86532, 0
PixelHit 1307, 963, 8.78632, 0
PixelHit 1307, 964, 29.7682, 0
PixelHit 1307, 965, 41.1334, 0
PixelHit 1307, 966, 36.1147, 0
PixelHit 1307, 967, 15.3922, 0
PixelHit 1308, 962, 4.47365, 0
PixelHit 1308, 963, 2.26078, 0
PixelHit 1308, 964, 27.6824, 0
PixelHit 1308, 965, 34.7152, 0
PixelHit 1308, 966, 13.969, 0
PixelHit 1308, 967, 7.06072, 0
PixelHit 1309, 962, 5.19052, 0
PixelHit 1309, 963, 12.8792, 0
PixelHit 1309, 964, 26.2386, 0
PixelHit 1309, 965, 38.8539, 0
PixelHit 1309, 966, 26.7435, 0
PixelHit 1309, 967, 8.56573, 0
PixelHit 1310, 962, 1.59203, 0
PixelHit 1310, 963, 8.11662, 0
PixelHit 1310, 964, 23.197, 0
PixelHit 1310, 965, 33.7857, 0
PixelHit 1310, 966, 13.0673, 0
PixelHit 1311, 963, 5.12454, 0
PixelHit 1311, 964, 6.49241, 0
PixelHit 1311, 965, 10.2543, 0
PixelHit 1311, 966, 9.74854, 0
PixelHit 1311, 967, 3.07701, 0
PixelHit 1312, 964, 3.29541, 0
PixelHit 1312, 965, 3.29846, 0
=== 51 ===
=== 52 ===
=== 53 ===
=== 54 ===
=== 55 ===
=== 56 ===
=== 57 ===
=== 58 ===
=== 59 ===
=== 60 ===
=== 61 ===
=== 62 ===
=== 63 ===
=== 64 ===
=== 65 ===
=== 66 ===
--- mydetector ---
PixelHit 1286, 972, 2.36424, 0
PixelHit 1287, 971, 2.17173, 0
PixelHit 1287, 972, 69.1151, 0
PixelHit 1287, 973, 11.9429, 0
PixelHit 1287, 976, 30.3736, 0
PixelHit 1287, 977, 5.65848, 0
PixelHit 1288, 971, 15.8152, 0
PixelHit 1288, 972, 77.8552, 0
PixelHit 1288, 973, 17.2863, 0
PixelHit 1288, 976, 81.0798, 0
PixelHit 1288, 977, 22.7534, 0
PixelHit 1289, 971, 19.2132, 0
PixelHit 1289, 972, 67.2736, 0
PixelHit 1289, 973, 7.07611, 0
PixelHit 1289, 975, 12.6968, 0
PixelHit 1289, 976, 43.7207, 0
PixelHit 1289, 977, 11.7455, 0
PixelHit 1290, 970, 2.92989, 0
PixelHit 1290, 971, 34.3752, 0
PixelHit 1290, 972, 48.012, 0
PixelHit 1290, 973, 6.45053, 0
PixelHit 1290, 975, 28.0269, 0
PixelHit 1290, 976, 70.8747, 0
PixelHit 1290, 977, 13.2277, 0
PixelHit 1291, 970, 6.7646, 0
PixelHit 1291, 971, 39.6491, 0
PixelHit 1291, 972, 37.8156, 0
PixelHit 1291, 973, 3.34602, 0
PixelHit 1291, 974, 6.45502, 0
PixelHit 1291, 975, 60.9951, 0
PixelHit 1291, 976, 74.0541, 0
PixelHit 1291, 977, 11.3479, 0
PixelHit 1292, 970, 8.35555, 0
PixelHit 1292, 971, 38.7224, 0
PixelHit 1292, 972, 28.8178, 0
PixelHit 1292, 973, 2.73528, 0
PixelHit 1292, 974, 14.8286, 0
PixelHit 1292, 975, 140.007, 0
PixelHit 1292, 976, 128.735, 0
PixelHit 1292, 977, 10.7423, 0
PixelHit 1293, 970, 27.1418, 0
PixelHit 1293, 971, 68.8478, 0
PixelHit 1293, 972, 32.8925, 0
PixelHit 1293, 973, 2.21133, 0
PixelHit 1293, 974, 10.4877, 0
PixelHit 1293, 975, 80.3484, 0
PixelHit 1293, 976, 62.3477, 0
PixelHit 1293, 977, 5.68251, 0
PixelHit 1294, 969, 4.87168, 0
PixelHit 1294, 970, 47.8185, 0
PixelHit 1294, 971, 113.561, 0
PixelHit 1294, 972, 44.4868, 0
PixelHit 1294, 973, 4.7612, 0
PixelHit 1294, 974, 8.44966, 0
PixelHit 1294, 975, 33.5937, 0
PixelHit 1294, 976, 15.7117, 0
PixelHit 1294, 977, 1.46458, 0
PixelHit 1295, 969, 10.8778, 0
PixelHit 1295, 970, 75.3664, 0
PixelHit 1295, 971, 92.0237, 0
PixelHit 1295, 972, 44.2836, 0
PixelHit 1295, 973, 7.86003, 0
PixelHit 1295, 974, 16.4415, 0
PixelHit 1295, 975, 26.4105, 0
PixelHit 1295, 976, 13.0343, 0
PixelHit 1296, 968, 2.48121, 0
PixelHit 1296, 969, 7.49276, 0
PixelHit 1296, 970, 55.8079, 0
PixelHit 1296, 971, 65.7719, 0
PixelHit 1296, 972, 29.7993, 0
PixelHit 1296, 973, 7.9777, 0
PixelHit 1296, 974, 17.7965, 0
PixelHit 1296, 975, 28.0205, 0
PixelHit 1296, 976, 4.37988, 0
PixelHit 1297, 968, 0.734352, 0
PixelHit 1297, 969, 12.6772, 0
PixelHit 1297, 970, 31.2883, 0
PixelHit 1297, 971, 38.7857, 0
PixelHit 1297, 972, 13.5266, 0
PixelHit 1297, 973, 14.7767, 0
PixelHit 1297, 974, 26.6014, 0
PixelHit 1297, 975, 20.4561, 0
PixelHit 1297, 976, 6.70084, 0
PixelHit 1297, 977, 2.09055, 0
PixelHit 1298, 969, 8.15036, 0
PixelHit 1298, 970, 18.2245, 0
PixelHit 1298, 971, 10.9821, 0
PixelHit 1298, 972, 3.67202, 0
PixelHit 1298, 973, 9.89578, 0
PixelHit 1298, 974, 28.2219, 0
PixelHit 1298, 975, 22.146, 0
PixelHit 1298, 976, 5.50931, 0
PixelHit 1298, 977, 3.17025, 0
PixelHit 1299, 968, 3.16192, 0
PixelHit 1299, 969, 15.3906, 0
PixelHit 1299, 970, 26.8208, 0
PixelHit 1299, 971, 8.96784, 0
PixelHit 1299, 972, 3.67401, 0
PixelHit 1299, 973, 14.276, 0
PixelHit 1299, 974, 34.6277, 0
PixelHit 1299, 975, 27.1509, 0
PixelHit 1299, 976, 5.88332, 0
PixelHit 1299, 977, 0.962177, 0
PixelHit 1300, 967, 3.82556, 0
PixelHit 1300, 968, 6.92546, 0
PixelHit 1300, 969, 29.656, 0
PixelHit 1300, 970, 32.408, 0
PixelHit 1300, 971, 30.1061, 0
PixelHit 1300, 972, 20.2366, 0
PixelHit 1300, 973, 27.1421, 0
PixelHit 1300, 974, 43.5216, 0
PixelHit 1300, 975, 17.6217, 0
PixelHit 1300, 976, 15.1976, 0
PixelHit 1301, 967, 1.47602, 0
PixelHit 1301, 968, 4.41421, 0
PixelHit 1301, 969, 27.4463, 0
PixelHit 1301, 970, 42.89, 0
PixelHit 1301, 971, 16.4084, 0
PixelHit 1301, 972, 11.9504, 0
PixelHit 1301, 973, 35.7294, 0
PixelHit 1301, 974, 58.1734, 0
PixelHit 1301, 975, 34.638, 0
PixelHit 1301, 976, 6.14683, 0
PixelHit 1302, 967, 3.06113, 0
PixelHit 1302, 968, 11.1612, 0
PixelHit 1302, 969, 16.6484, 0
PixelHit 1302, 970, 26.324, 0
PixelHit 1302, 971, 15.5805, 0
PixelHit 1302, 972, 23.4714, 0
PixelHit 1302, 973, 55.6407, 0
PixelHit 1302, 974, 51.2668, 0
PixelHit 1302, 975, 28.9149, 0
PixelHit 1302, 976, 5.12941, 0
PixelHit 1303, 967, 1.555, 0
PixelHit 1303, 968, 8.99539, 0
PixelHit 1303, 969, 25.0213, 0
PixelHit 1303, 970, 24.1602, 0
PixelHit 1303, 971, 16.0166, 0
PixelHit 1303, 972, 21.0951, 0
PixelHit 1303, 973, 53.5646, 0
PixelHit 1303, 974, 39.8185, 0
PixelHit 1303, 975, 18.5522, 0
PixelHit 1303, 976, 3.82896, 0
PixelHit 1303, 977, 2.24098, 0
PixelHit 1304, 967, 3.3102, 0
PixelHit 1304, 968, 14.9503, 0
PixelHit 1304, 969, 27.3214, 0
PixelHit 1304, 970, 25.8546, 0
PixelHit 1304, 971, 8.17195, 0
PixelHit 1304, 972, 19.8475, 0
PixelHit 1304, 973, 41.3314, 0
PixelHit 1304, 974, 40.4915, 0
PixelHit 1304, 975, 18.5398, 0
PixelHit 1305, 966, 2.11334, 0
PixelHit 1305, 967, 7.46764, 0
PixelHit 1305, 968, 18.9763, 0
PixelHit 1305, 969, 32.6724, 0
PixelHit 1305, 970, 20.398, 0
PixelHit 1305, 971, 7.21717, 0
PixelHit 1305, 972, 18.3019, 0
PixelHit 1305, 973, 30.4078, 0
PixelHit 1305, 974, 29.9476, 0
PixelHit 1305, 975, 8.76055, 0
PixelHit 1306, 967, 10.2196, 0
PixelHit 1306, 968, 14.2839, 0
PixelHit 1306, 969, 28.6339, 0
PixelHit 1306, 970, 14.5167, 0
PixelHit 1306, 971, 19.1576, 0
PixelHit 1306, 972, 25.015, 0
PixelHit 1306, 973, 32.7948, 0
PixelHit 1306, 974, 24.7069, 0
PixelHit 1306, 975, 11.1015, 0
PixelHit 1306, 976, 0.80103, 0
PixelHit 1307, 968, 13.2812, 0
PixelHit 1307, 969, 13.4613, 0
PixelHit 1307, 970, 8.33138, 0
PixelHit 1307, 971, 10.5557, 0
PixelHit 1307, 972, 26.8815, 0
PixelHit 1307, 973, 26.9583, 0
PixelHit 1307, 974, 20.5686, 0
PixelHit 1307, 975, 11.5418, 0
PixelHit 1307, 976, 0.763177, 0
PixelHit 1308, 966, 2.5136, 0
PixelHit 1308, 968, 1.16309, 0
PixelHit 1308, 969, 5.98909, 0
PixelHit 1308, 970, 3.20369, 0
PixelHit 1308, 971, 3.974, 0
PixelHit 1308, 972, 6.48549, 0
PixelHit 1308, 973, 11.9976, 0
PixelHit 1308, 974, 12.5049, 0
PixelHit 1308, 975, 4.57323, 0
PixelHit 1309, 969, 2.14876, 0
PixelHit 1309, 972, 2.84812, 0
PixelHit 1309, 973, 5.17944, 0
PixelHit 1311, 975, 1.20759, 0
=== 67 ===
=== 68 ===
=== 69 ===
=== 70 ===
=== 71 ===
=== 72 ===
=== 73 ===
=== 74 ===
=== 75 ===
=== 76 ===
=== 77 ===
=== 78 ===
=== 79 ===
=== 80 ===
=== 81 ===
=== 82 ===
=== 83 ===
=== 84 ===
=== 85 ===
=== 86 ===
=== 87 ===
=== 88 ===
=== 89 ===
=== 90 ===
=== 91 ===
=== 92 ===
=== 93 ===
=== 94 ===
=== 95 ===
=== 96 ===
=== 97 ===
=== 98 ===
=== 99 ===
=== 100 ===
# 753 objects from 4 messages
