# Allpix Squared ASCII data - https://cern.ch/allpix-squared

=== 1 ===
=== 2 ===
=== 3 ===
=== 4 ===
=== 5 ===
=== 6 ===
=== 7 ===
--- mydetector ---
PixelHit 1277, 968, 1.84551, 0
PixelHit 1277, 969, 1.16501, 0
PixelHit 1278, 965, 2.8727, 0
PixelHit 1278, 966, 3.90519, 0
PixelHit 1278, 967, 4.78967, 0
PixelHit 1278, 968, 9.95536, 0
PixelHit 1278, 969, 1.90459, 0
PixelHit 1278, 971, 2.42131, 0
PixelHit 1278, 973, 1.70608, 0
PixelHit 1279, 965, 7.41822, 0
PixelHit 1279, 966, 14.4735, 0
PixelHit 1279, 967, 33.3213, 0
PixelHit 1279, 968, 27.245, 0
PixelHit 1279, 969, 30.0919, 0
PixelHit 1279, 970, 30.8847, 0
PixelHit 1279, 971, 13.9848, 0
PixelHit 1279, 972, 21.223, 0
PixelHit 1279, 973, 12.6226, 0
PixelHit 1279, 974, 6.5689, 0
PixelHit 1279, 975, 3.04187, 0
PixelHit 1279, 976, 2.71307, 0
PixelHit 1280, 963, 0.921042, 0
PixelHit 1280, 964, 0.803599, 0
PixelHit 1280, 965, 7.7262, 0
PixelHit 1280, 966, 29.1255, 0
PixelHit 1280, 967, 50.2577, 0
PixelHit 1280, 968, 80.0783, 0
PixelHit 1280, 969, 75.8007, 0
PixelHit 1280, 970, 43.4315, 0
PixelHit 1280, 971, 48.9768, 0
PixelHit 1280, 972, 42.5756, 0
PixelHit 1280, 973, 50.7631, 0
PixelHit 1280, 974, 36.067, 0
PixelHit 1280, 975, 30.4351, 0
PixelHit 1280, 976, 31.9018, 0
PixelHit 1280, 977, 11.6548, 0
PixelHit 1280, 978, 19.1293, 0
PixelHit 1280, 979, 8.11743, 0
PixelHit 1281, 964, 4.17246, 0
PixelHit 1281, 965, 9.043, 0
PixelHit 1281, 966, 32.9311, 0
PixelHit 1281, 967, 51.7098, 0
PixelHit 1281, 968, 81.2329, 0
PixelHit 1281, 969, 70.0979, 0
PixelHit 1281, 970, 42.9592, 0
PixelHit 1281, 971, 47.6785, 0
PixelHit 1281, 972, 55.5822, 0
PixelHit 1281, 973, 45.612, 0
PixelHit 1281, 974, 33.9096, 0
PixelHit 1281, 975, 23.6196, 0
PixelHit 1281, 976, 27.2481, 0
PixelHit 1281, 977, 6.98356, 0
PixelHit 1281, 978, 21.0868, 0
PixelHit 1281, 979, 8.6838, 0
PixelHit 1282, 965, 6.71799, 0
PixelHit 1282, 966, 16.2231, 0
PixelHit 1282, 967, 30.664, 0
PixelHit 1282, 968, 38.1007, 0
PixelHit 1282, 969, 31.3805, 0
PixelHit 1282, 970, 20.9316, 0
PixelHit 1282, 971, 19.6583, 0
PixelHit 1282, 972, 17.1926, 0
PixelHit 1282, 973, 14.2718, 0
PixelHit 1282, 974, 10.5628, 0
PixelHit 1282, 975, 4.44212, 0
PixelHit 1282, 977, 1.98371, 0
PixelHit 1282, 978, 2.01896, 0
PixelHit 1283, 964, 0.780912, 0
PixelHit 1283, 965, 1.24468, 0
PixelHit 1283, 966, 3.71552, 0
PixelHit 1283, 967, 6.69656, 0
PixelHit 1283, 968, 11.8128, 0
PixelHit 1283, 969, 6.36597, 0
PixelHit 1283, 970, 4.74759, 0
PixelHit 1283, 971, 1.91392, 0
PixelHit 1283, 972, 4.19358, 0
PixelHit 1283, 973, 1.10799, 0
PixelHit 1283, 974, 1.16771, 0
PixelHit 1284, 967, 2.26463, 0
PixelHit 1284, 970, 1.25086, 0
PixelHit 1290, 964, 2.32956, 0
PixelHit 1291, 960, 0.793119, 0
PixelHit 1291, 961, 3.72754, 0
PixelHit 1291, 963, 2.33197, 0
PixelHit 1291, 964, 8.50014, 0
PixelHit 1291, 965, 3.01897, 0
PixelHit 1291, 970, 2.42469, 0
PixelHit 1292, 959, 3.10033, 0
PixelHit 1292, 961, 19.2278, 0
PixelHit 1292, 962, 29.3712, 0
PixelHit 1292, 963, 38.9162, 0
PixelHit 1292, 964, 30.3667, 0
PixelHit 1292, 965, 19.4081, 0
PixelHit 1292, 966, 11.9481, 0
PixelHit 1292, 967, 7.69811, 0
PixelHit 1292, 968, 7.60138, 0
PixelHit 1292, 969, 23.7579, 0
PixelHit 1292, 970, 19.0323, 0
PixelHit 1292, 971, 11.8731, 0
PixelHit 1292, 972, 3.20843, 0
PixelHit 1293, 960, 4.98799, 0
PixelHit 1293, 961, 24.615, 0
PixelHit 1293, 962, 47.6404, 0
PixelHit 1293, 963, 74.8021, 0
PixelHit 1293, 964, 89.0034, 0
PixelHit 1293, 965, 50.3609, 0
PixelHit 1293, 966, 41.4699, 0
PixelHit 1293, 967, 42.1724, 0
PixelHit 1293, 968, 40.4799, 0
PixelHit 1293, 969, 82.6706, 0
PixelHit 1293, 970, 133.096, 0
PixelHit 1293, 971, 95.3416, 0
PixelHit 1293, 972, 122.937, 0
PixelHit 1293, 973, 28.4559, 0
PixelHit 1293, 974, 26.0321, 0
PixelHit 1294, 959, 2.22302, 0
PixelHit 1294, 960, 4.51339, 0
PixelHit 1294, 961, 24.4678, 0
PixelHit 1294, 962, 51.1272, 0
PixelHit 1294, 963, 73.545, 0
PixelHit 1294, 964, 81.9984, 0
PixelHit 1294, 965, 52.5703, 0
PixelHit 1294, 966, 37.585, 0
PixelHit 1294, 967, 26.9037, 0
PixelHit 1294, 968, 46.7317, 0
PixelHit 1294, 969, 89.4095, 0
PixelHit 1294, 970, 113.496, 0
PixelHit 1294, 971, 99.8562, 0
PixelHit 1294, 972, 121.835, 0
PixelHit 1294, 973, 35.6259, 0
PixelHit 1294, 974, 10.7186, 0
PixelHit 1295, 959, 1.55322, 0
PixelHit 1295, 960, 9.51583, 0
PixelHit 1295, 961, 11.7655, 0
PixelHit 1295, 962, 18.2442, 0
PixelHit 1295, 963, 34.1229, 0
PixelHit 1295, 964, 30.92, 0
PixelHit 1295, 965, 17.9191, 0
PixelHit 1295, 966, 12.6576, 0
PixelHit 1295, 967, 14.6909, 0
PixelHit 1295, 968, 11.5993, 0
PixelHit 1295, 969, 22.0269, 0
PixelHit 1295, 970, 15.3312, 0
PixelHit 1295, 971, 9.99142, 0
PixelHit 1295, 972, 2.00686, 0
PixelHit 1296, 961, 2.40984, 0
PixelHit 1296, 962, 6.62821, 0
PixelHit 1296, 963, 7.13855, 0
PixelHit 1296, 964, 3.68868, 0
PixelHit 1296, 967, 0.94076, 0
PixelHit 1297, 963, 1.14597, 0
=== 8 ===
=== 9 ===
=== 10 ===
=== 11 ===
=== 12 ===
=== 13 ===
=== 14 ===
=== 15 ===
=== 16 ===
=== 17 ===
=== 18 ===
=== 19 ===
=== 20 ===
=== 21 ===
=== 22 ===
=== 23 ===
=== 24 ===
=== 25 ===
=== 26 ===
=== 27 ===
=== 28 ===
=== 29 ===
=== 30 ===
=== 31 ===
=== 32 ===
=== 33 ===
=== 34 ===
--- mydetector ---
PixelHit 1289, 970, 1.45677, 0
PixelHit 1290, 964, 1.40106, 0
PixelHit 1290, 965, 1.64612, 0
PixelHit 1290, 967, 1.34037, 0
PixelHit 1291, 961, 1.08907, 0
PixelHit 1291, 962, 3.64337, 0
PixelHit 1291, 963, 4.63657, 0
PixelHit 1291, 964, 2.94568, 0
PixelHit 1291, 965, 8.04783, 0
PixelHit 1291, 966, 7.00302, 0
PixelHit 1291, 967, 5.75239, 0
PixelHit 1291, 968, 8.15176, 0
PixelHit 1291, 969, 1.57673, 0
PixelHit 1291, 970, 2.59149, 0
PixelHit 1291, 971, 2.88093, 0
PixelHit 1291, 972, -0.344725, 0
PixelHit 1292, 960, 1.7217, 0
PixelHit 1292, 961, 1.70339, 0
PixelHit 1292, 962, 6.18734, 0
PixelHit 1292, 963, 12.4551, 0
PixelHit 1292, 964, 7.33874, 0
PixelHit 1292, 965, 33.6863, 0
PixelHit 1292, 966, 30.0457, 0
PixelHit 1292, 967, 27.2133, 0
PixelHit 1292, 968, 28.5952, 0
PixelHit 1292, 969, 19.5335, 0
PixelHit 1292, 970, 14.8306, 0
PixelHit 1292, 971, 20.2202, 0
PixelHit 1292, 972, 23.4074, 0
PixelHit 1292, 973, 20.2911, 0
PixelHit 1292, 974, 15.4625, 0
PixelHit 1292, 975, 1.57236, 0
PixelHit 1293, 961, 1.88046, 0
PixelHit 1293, 962, 5.06917, 0
PixelHit 1293, 963, 12.0008, 0
PixelHit 1293, 964, 24.3148, 0
PixelHit 1293, 965, 53.099, 0
PixelHit 1293, 966, 72.1054, 0
PixelHit 1293, 967, 80.7508, 0
PixelHit 1293, 968, 61.9404, 0
PixelHit 1293, 969, 63.2779, 0
PixelHit 1293, 970, 55.6069, 0
PixelHit 1293, 971, 68.8434, 0
PixelHit 1293, 972, 141.263, 0
PixelHit 1293, 973, 171.029, 0
PixelHit 1293, 974, 283.376, 0
PixelHit 1293, 975, 85.8658, 0
PixelHit 1293, 976, 5.93275, 0
PixelHit 1294, 961, 3.86746, 0
PixelHit 1294, 962, 9.97272, 0
PixelHit 1294, 963, 16.8082, 0
PixelHit 1294, 964, 25.3501, 0
PixelHit 1294, 965, 43.1109, 0
PixelHit 1294, 966, 55.5142, 0
PixelHit 1294, 967, 51.1022, 0
PixelHit 1294, 968, 29.8421, 0
PixelHit 1294, 969, 38.9965, 0
PixelHit 1294, 970, 33.9752, 0
PixelHit 1294, 971, 45.3752, 0
PixelHit 1294, 972, 105.95, 0
PixelHit 1294, 973, 84.2739, 0
PixelHit 1294, 974, 137.846, 0
PixelHit 1294, 975, 52.7262, 0
PixelHit 1294, 976, 1.50956, 0
PixelHit 1295, 962, 2.6078, 0
PixelHit 1295, 963, 6.23625, 0
PixelHit 1295, 964, 8.99744, 0
PixelHit 1295, 965, 14.3711, 0
PixelHit 1295, 966, 24.9594, 0
PixelHit 1295, 967, 12.7697, 0
PixelHit 1295, 968, 10.3876, 0
PixelHit 1295, 969, 7.62681, 0
PixelHit 1295, 970, 6.78846, 0
PixelHit 1295, 971, 7.16466, 0
PixelHit 1295, 972, 5.33196, 0
PixelHit 1295, 973, 10.0924, 0
PixelHit 1295, 974, 7.78425, 0
PixelHit 1295, 975, 3.4518, 0
PixelHit 1296, 963, 2.53268, 0
PixelHit 1296, 964, 3.56109, 0
PixelHit 1296, 966, 3.18703, 0
PixelHit 1296, 967, 1.70981, 0
PixelHit 1296, 968, 3.96476, 0
PixelHit 1296, 969, 2.72553, 0
PixelHit 1296, 970, 1.88311, 0
PixelHit 1296, 974, 2.56971, 0
PixelHit 1297, 967, 2.54689, 0
PixelHit 1297, 968, 15.058, 0
PixelHit 1297, 969, 27.9542, 0
PixelHit 1297, 970, 32.5517, 0
PixelHit 1297, 971, 13.1652, 0
PixelHit 1297, 972, 11.9092, 0
PixelHit 1297, 973, 8.5508, 0
PixelHit 1297, 974, 6.0533, 0
PixelHit 1297, 975, 3.1683, 0
PixelHit 1297, 976, 3.01104, 0
PixelHit 1298, 964, 0.113762, 0
PixelHit 1298, 965, 2.46006, 0
PixelHit 1298, 966, 9.40106, 0
PixelHit 1298, 967, 20.1649, 0
PixelHit 1298, 968, 49.085, 0
PixelHit 1298, 969, 119.267, 0
PixelHit 1298, 970, 154.974, 0
PixelHit 1298, 971, 80.3461, 0
PixelHit 1298, 972, 55.4733, 0
PixelHit 1298, 973, 52.1538, 0
PixelHit 1298, 974, 38.068, 0
PixelHit 1298, 975, 23.5571, 0
PixelHit 1298, 976, 20.5533, 0
PixelHit 1298, 977, 13.46, 0
PixelHit 1298, 978, 4.09499, 0
PixelHit 1298, 979, 4.03506, 0
PixelHit 1299, 965, 4.19534, 0
PixelHit 1299, 966, 14.4137, 0
PixelHit 1299, 967, 33.4234, 0
PixelHit 1299, 968, 127.307, 0
PixelHit 1299, 969, 311.929, 0
PixelHit 1299, 970, 307.309, 0
PixelHit 1299, 971, 224.931, 0
PixelHit 1299, 972, 124.302, 0
PixelHit 1299, 973, 124.103, 0
PixelHit 1299, 974, 98.277, 0
PixelHit 1299, 975, 71.1256, 0
PixelHit 1299, 976, 51.106, 0
PixelHit 1299, 977, 97.2942, 0
PixelHit 1299, 978, 69.2743, 0
PixelHit 1299, 979, 23.0235, 0
PixelHit 1299, 980, 62.7613, 0
PixelHit 1300, 966, 18.3494, 0
PixelHit 1300, 967, 38.6587, 0
PixelHit 1300, 968, 105.01, 0
PixelHit 1300, 969, 271.136, 0
PixelHit 1300, 970, 306.406, 0
PixelHit 1300, 971, 192.047, 0
PixelHit 1300, 972, 95.7499, 0
PixelHit 1300, 973, 115.836, 0
PixelHit 1300, 974, 88.9953, 0
PixelHit 1300, 975, 71.8568, 0
PixelHit 1300, 976, 49.6793, 0
PixelHit 1300, 977, 49.193, 0
PixelHit 1300, 978, 38.6951, 0
PixelHit 1300, 979, 8.72486, 0
PixelHit 1300, 980, 13.6431, 0
PixelHit 1301, 965, 0.986602, 0
PixelHit 1301, 967, 19.5653, 0
PixelHit 1301, 968, 70.0401, 0
PixelHit 1301, 969, 120.444, 0
PixelHit 1301, 970, 137.32, 0
PixelHit 1301, 971, 78.1774, 0
PixelHit 1301, 972, 32.1912, 0
PixelHit 1301, 973, 27.0355, 0
PixelHit 1301, 974, 24.0386, 0
PixelHit 1301, 975, 14.7939, 0
PixelHit 1301, 976, 5.43887, 0
PixelHit 1301, 977, 2.61737, 0
PixelHit 1301, 978, 2.11447, 0
PixelHit 1302, 965, 2.63719, 0
PixelHit 1302, 968, 19.1874, 0
PixelHit 1302, 969, 19.3427, 0
PixelHit 1302, 970, 20.8418, 0
PixelHit 1302, 971, 16.031, 0
PixelHit 1302, 972, 3.98145, 0
PixelHit 1302, 974, 2.45182, 0
PixelHit 1303, 968, -0.123382, 0
PixelHit 1303, 969, 2.08437, 0
PixelHit 1303, 970, 1.60531, 0
PixelHit 1303, 971, 0.478394, 0
=== 35 ===
=== 36 ===
=== 37 ===
=== 38 ===
=== 39 ===
=== 40 ===
=== 41 ===
=== 42 ===
=== 43 ===
=== 44 ===
=== 45 ===
=== 46 ===
=== 47 ===
=== 48 ===
=== 49 ===
=== 50 ===
=== 51 ===
=== 52 ===
=== 53 ===
=== 54 ===
=== 55 ===
=== 56 ===
=== 57 ===
=== 58 ===
=== 59 ===
=== 60 ===
=== 61 ===
=== 62 ===
=== 63 ===
=== 64 ===
=== 65 ===
=== 66 ===
=== 67 ===
=== 68 ===
=== 69 ===
=== 70 ===
=== 71 ===
=== 72 ===
=== 73 ===
=== 74 ===
=== 75 ===
=== 76 ===
=== 77 ===
=== 78 ===
=== 79 ===
=== 80 ===
=== 81 ===
=== 82 ===
=== 83 ===
=== 84 ===
=== 85 ===
=== 86 ===
=== 87 ===
=== 88 ===
=== 89 ===
=== 90 ===
=== 91 ===
=== 92 ===
=== 93 ===
=== 94 ===
=== 95 ===
=== 96 ===
=== 97 ===
=== 98 ===
=== 99 ===
=== 100 ===
# 318 objects from 2 messages
