# Allpix Squared ASCII data - https://cern.ch/allpix-squared

=== 1 ===
=== 2 ===
=== 3 ===
=== 4 ===
=== 5 ===
=== 6 ===
=== 7 ===
=== 8 ===
=== 9 ===
=== 10 ===
=== 11 ===
=== 12 ===
=== 13 ===
=== 14 ===
=== 15 ===
=== 16 ===
=== 17 ===
=== 18 ===
=== 19 ===
=== 20 ===
=== 21 ===
--- mydetector ---
PixelHit 1288, 965, 17.6136, 0
PixelHit 1288, 966, 19.0951, 0
PixelHit 1289, 965, 156.705, 0
PixelHit 1289, 966, 113.797, 0
PixelHit 1290, 965, 63.3095, 0
PixelHit 1290, 966, 60.1746, 0
PixelHit 1290, 967, 3.48153, 0
PixelHit 1291, 964, 3.23839, 0
PixelHit 1291, 965, 30.3019, 0
PixelHit 1291, 966, 24.337, 0
PixelHit 1291, 967, 21.9726, 0
PixelHit 1291, 968, 1.73689, 0
PixelHit 1292, 964, 11.8543, 0
PixelHit 1292, 965, 33.753, 0
PixelHit 1292, 966, 25.6716, 0
PixelHit 1292, 967, 106.336, 0
PixelHit 1292, 968, 37.2267, 0
PixelHit 1293, 964, 7.1448, 0
PixelHit 1293, 965, 40.1535, 0
PixelHit 1293, 966, 28.7395, 0
PixelHit 1293, 967, 142.874, 0
PixelHit 1293, 968, 75.2313, 0
PixelHit 1294, 964, 7.51761, 0
PixelHit 1294, 965, 34.4057, 0
PixelHit 1294, 966, 43.5676, 0
PixelHit 1294, 967, 195.176, 0
PixelHit 1294, 968, 109.122, 0
PixelHit 1294, 969, 7.27324, 0
PixelHit 1295, 964, 11.4797, 0
PixelHit 1295, 965, 19.5947, 0
PixelHit 1295, 966, 58.5281, 0
PixelHit 1295, 967, 217.379, 0
PixelHit 1295, 968, 174.638, 0
PixelHit 1295, 969, 15.0781, 0
PixelHit 1296, 964, 15.7861, 0
PixelHit 1296, 965, 32.198, 0
PixelHit 1296, 966, 57.7, 0
PixelHit 1296, 967, 144.582, 0
PixelHit 1296, 968, 85.209, 0
PixelHit 1296, 969, 15.4325, 0
PixelHit 1297, 963, 2.78685, 0
PixelHit 1297, 964, 9.40541, 0
PixelHit 1297, 965, 36.1397, 0
PixelHit 1297, 966, 66.8488, 0
PixelHit 1297, 967, 138.87, 0
PixelHit 1297, 968, 120.043, 0
PixelHit 1297, 969, 23.4726, 0
PixelHit 1298, 963, 1.34961, 0
PixelHit 1298, 964, 4.44092, 0
PixelHit 1298, 965, 24.3344, 0
PixelHit 1298, 966, 48.1342, 0
PixelHit 1298, 967, 82.2362, 0
PixelHit 1298, 968, 67.5685, 0
PixelHit 1298, 969, 13.9896, 0
PixelHit 1298, 970, 0.91481, 0
PixelHit 1299, 963, 3.58953, 0
PixelHit 1299, 964, 5.02422, 0
PixelHit 1299, 965, 16.0414, 0
PixelHit 1299, 966, 28.7276, 0
PixelHit 1299, 967, 48.0146, 0
PixelHit 1299, 968, 35.084, 0
PixelHit 1299, 969, 4.31842, 0
PixelHit 1300, 961, 1.36098, 0
PixelHit 1300, 963, 2.66694, 0
PixelHit 1300, 964, 10.4422, 0
PixelHit 1300, 965, 27.6063, 0
PixelHit 1300, 966, 26.6276, 0
PixelHit 1300, 967, 45.4176, 0
PixelHit 1300, 968, 28.5435, 0
PixelHit 1300, 969, 10.3126, 0
PixelHit 1300, 970, 1.01985, 0
PixelHit 1301, 964, 3.5926, 0
PixelHit 1301, 965, 18.7651, 0
PixelHit 1301, 966, 30.9761, 0
PixelHit 1301, 967, 41.4051, 0
PixelHit 1301, 968, 28.8712, 0
PixelHit 1301, 969, 10.7828, 0
PixelHit 1301, 970, 1.57563, 0
PixelHit 1302, 964, 4.99037, 0
PixelHit 1302, 965, 4.66641, 0
PixelHit 1302, 966, 26.4804, 0
PixelHit 1302, 967, 40.4999, 0
PixelHit 1302, 968, 37.9643, 0
PixelHit 1302, 969, 14.0979, 0
PixelHit 1303, 964, -0.213002, 0
PixelHit 1303, 965, 6.30284, 0
PixelHit 1303, 966, 19.902, 0
PixelHit 1303, 967, 39.125, 0
PixelHit 1303, 968, 21.7028, 0
PixelHit 1303, 969, 19.3413, 0
PixelHit 1303, 970, 1.81541, 0
PixelHit 1304, 964, 1.87787, 0
PixelHit 1304, 965, 3.06711, 0
PixelHit 1304, 966, 8.19177, 0
PixelHit 1304, 967, 18.7259, 0
PixelHit 1304, 968, 13.3078, 0
PixelHit 1304, 969, 14.9875, 0
PixelHit 1304, 970, 2.34747, 0
PixelHit 1305, 966, 8.59492, 0
PixelHit 1305, 967, 12.1642, 0
PixelHit 1305, 968, 3.88164, 0
PixelHit 1305, 969, 5.72867, 0
PixelHit 1306, 966, 1.92062, 0
PixelHit 1306, 968, 4.54133, 0
=== 22 ===
=== 23 ===
=== 24 ===
=== 25 ===
=== 26 ===
=== 27 ===
=== 28 ===
=== 29 ===
=== 30 ===
=== 31 ===
=== 32 ===
=== 33 ===
=== 34 ===
=== 35 ===
--- mydetector ---
PixelHit 1278, 952, 2.6899, 0
PixelHit 1278, 953, 25.5621, 0
PixelHit 1278, 954, 27.2505, 0
PixelHit 1279, 952, -0.191848, 0
PixelHit 1279, 953, 54.3353, 0
PixelHit 1279, 954, 51.0733, 0
PixelHit 1279, 955, 3.45707, 0
PixelHit 1280, 953, 56.7297, 0
PixelHit 1280, 954, 40.1323, 0
PixelHit 1281, 952, 4.57641, 0
PixelHit 1281, 953, 22.8979, 0
PixelHit 1281, 954, 20.5718, 0
PixelHit 1281, 955, 6.5382, 0
PixelHit 1282, 952, 4.98494, 0
PixelHit 1282, 953, 25.8101, 0
PixelHit 1282, 954, 32.6955, 0
PixelHit 1282, 955, 3.30464, 0
PixelHit 1283, 952, 8.68358, 0
PixelHit 1283, 953, 54.3593, 0
PixelHit 1283, 954, 49.329, 0
PixelHit 1283, 955, 9.75867, 0
PixelHit 1284, 951, 0.597827, 0
PixelHit 1284, 952, 9.54076, 0
PixelHit 1284, 953, 43.2004, 0
PixelHit 1284, 954, 49.3256, 0
PixelHit 1284, 955, 20.0616, 0
PixelHit 1285, 952, 12.6137, 0
PixelHit 1285, 953, 44.3046, 0
PixelHit 1285, 954, 54.6643, 0
PixelHit 1285, 955, 17.6987, 0
PixelHit 1285, 956, 2.93394, 0
PixelHit 1285, 971, 2.93222, 0
PixelHit 1286, 952, 13.9486, 0
PixelHit 1286, 953, 48.6541, 0
PixelHit 1286, 954, 39.747, 0
PixelHit 1286, 955, 18.1159, 0
PixelHit 1286, 956, 2.19604, 0
PixelHit 1286, 970, 1.92583, 0
PixelHit 1286, 971, 27.6951, 0
PixelHit 1286, 972, 7.4084, 0
PixelHit 1287, 951, 1.86482, 0
PixelHit 1287, 952, 16.3428, 0
PixelHit 1287, 953, 44.3192, 0
PixelHit 1287, 954, 62.1564, 0
PixelHit 1287, 955, 35.343, 0
PixelHit 1287, 956, 4.36515, 0
PixelHit 1287, 957, 4.07709, 0
PixelHit 1287, 969, 2.22293, 0
PixelHit 1287, 970, 2.57697, 0
PixelHit 1287, 971, 21.6469, 0
PixelHit 1287, 972, 11.6948, 0
PixelHit 1288, 951, 1.8523, 0
PixelHit 1288, 952, 18.6402, 0
PixelHit 1288, 953, 68.7292, 0
PixelHit 1288, 954, 59.0914, 0
PixelHit 1288, 955, 27.0398, 0
PixelHit 1288, 956, 2.31705, 0
PixelHit 1288, 957, 1.20792, 0
PixelHit 1288, 970, 16.3825, 0
PixelHit 1288, 971, 56.1347, 0
PixelHit 1288, 972, 26.6902, 0
PixelHit 1289, 952, 17.024, 0
PixelHit 1289, 953, 50.8802, 0
PixelHit 1289, 954, 51.1558, 0
PixelHit 1289, 955, 34.159, 0
PixelHit 1289, 956, 7.1882, 0
PixelHit 1289, 957, 2.23466, 0
PixelHit 1289, 970, 14.1154, 0
PixelHit 1289, 971, 38.629, 0
PixelHit 1289, 972, 20.0478, 0
PixelHit 1289, 973, 2.15791, 0
PixelHit 1290, 951, 3.61667, 0
PixelHit 1290, 952, 23.885, 0
PixelHit 1290, 953, 63.4866, 0
PixelHit 1290, 954, 75.2706, 0
PixelHit 1290, 955, 39.8778, 0
PixelHit 1290, 956, 14.3597, 0
PixelHit 1290, 957, 3.82329, 0
PixelHit 1290, 970, 6.0241, 0
PixelHit 1290, 971, 11.6513, 0
PixelHit 1290, 972, 13.2223, 0
PixelHit 1291, 951, 5.68402, 0
PixelHit 1291, 952, 21.991, 0
PixelHit 1291, 953, 63.8335, 0
PixelHit 1291, 954, 94.28, 0
PixelHit 1291, 955, 41.7453, 0
PixelHit 1291, 956, 13.9169, 0
PixelHit 1291, 957, 3.50163, 0
PixelHit 1291, 970, 12.506, 0
PixelHit 1291, 971, 33.8559, 0
PixelHit 1291, 972, 16.8786, 0
PixelHit 1291, 973, 3.22654, 0
PixelHit 1292, 951, 4.14597, 0
PixelHit 1292, 952, 23.462, 0
PixelHit 1292, 953, 45.1005, 0
PixelHit 1292, 954, 51.5955, 0
PixelHit 1292, 955, 34.7682, 0
PixelHit 1292, 956, 7.89943, 0
PixelHit 1292, 957, 3.21463, 0
PixelHit 1292, 969, 1.93279, 0
PixelHit 1292, 970, 22.101, 0
PixelHit 1292, 971, 37.0493, 0
PixelHit 1292, 972, 24.5438, 0
PixelHit 1292, 973, 3.65738, 0
PixelHit 1292, 974, 0.280158, 0
PixelHit 1293, 952, 5.39401, 0
PixelHit 1293, 953, 12.7709, 0
PixelHit 1293, 954, 21.377, 0
PixelHit 1293, 955, 13.6092, 0
PixelHit 1293, 957, 2.12332, 0
PixelHit 1293, 958, 1.58362, 0
PixelHit 1293, 969, 5.54095, 0
PixelHit 1293, 970, 21.0401, 0
PixelHit 1293, 971, 41.8453, 0
PixelHit 1293, 972, 32.654, 0
PixelHit 1293, 973, 6.23362, 0
PixelHit 1294, 953, 6.83871, 0
PixelHit 1294, 954, 5.95853, 0
PixelHit 1294, 969, 7.97872, 0
PixelHit 1294, 970, 24.3876, 0
PixelHit 1294, 971, 45.705, 0
PixelHit 1294, 972, 32.0519, 0
PixelHit 1294, 973, 4.27106, 0
PixelHit 1295, 954, 1.12729, 0
PixelHit 1295, 969, 4.3476, 0
PixelHit 1295, 970, 28.9223, 0
PixelHit 1295, 971, 42.1623, 0
PixelHit 1295, 972, 40.6652, 0
PixelHit 1295, 973, 10.2537, 0
PixelHit 1295, 974, 2.47367, 0
PixelHit 1296, 969, 4.50082, 0
PixelHit 1296, 970, 31.9075, 0
PixelHit 1296, 971, 40.9652, 0
PixelHit 1296, 972, 31.2291, 0
PixelHit 1296, 973, 16.7458, 0
PixelHit 1297, 969, 11.8203, 0
PixelHit 1297, 970, 22.3126, 0
PixelHit 1297, 971, 55.8604, 0
PixelHit 1297, 972, 39.2779, 0
PixelHit 1297, 973, 18.5467, 0
PixelHit 1298, 969, 7.35104, 0
PixelHit 1298, 970, 33.3393, 0
PixelHit 1298, 971, 28.9458, 0
PixelHit 1298, 972, 39.7119, 0
PixelHit 1298, 973, 8.31071, 0
PixelHit 1298, 974, -0.296091, 0
PixelHit 1299, 969, 3.39353, 0
PixelHit 1299, 970, 17.3089, 0
PixelHit 1299, 971, 19.2248, 0
PixelHit 1299, 972, 16.3836, 0
PixelHit 1299, 973, 7.85357, 0
PixelHit 1300, 967, 0.685613, 0
PixelHit 1300, 969, 3.56923, 0
PixelHit 1300, 970, 8.02228, 0
PixelHit 1300, 971, 3.02108, 0
PixelHit 1301, 971, 0.567634, 0
=== 36 ===
=== 37 ===
=== 38 ===
=== 39 ===
=== 40 ===
=== 41 ===
=== 42 ===
=== 43 ===
=== 44 ===
=== 45 ===
=== 46 ===
=== 47 ===
=== 48 ===
=== 49 ===
=== 50 ===
=== 51 ===
=== 52 ===
=== 53 ===
=== 54 ===
=== 55 ===
=== 56 ===
=== 57 ===
=== 58 ===
=== 59 ===
=== 60 ===
=== 61 ===
=== 62 ===
=== 63 ===
=== 64 ===
=== 65 ===
=== 66 ===
=== 67 ===
=== 68 ===
=== 69 ===
=== 70 ===
=== 71 ===
=== 72 ===
=== 73 ===
=== 74 ===
=== 75 ===
=== 76 ===
=== 77 ===
=== 78 ===
=== 79 ===
=== 80 ===
=== 81 ===
=== 82 ===
=== 83 ===
=== 84 ===
=== 85 ===
=== 86 ===
=== 87 ===
=== 88 ===
=== 89 ===
=== 90 ===
=== 91 ===
=== 92 ===
=== 93 ===
=== 94 ===
=== 95 ===
=== 96 ===
=== 97 ===
=== 98 ===
=== 99 ===
=== 100 ===
# 260 objects from 2 messages
