# Allpix Squared ASCII data - https://cern.ch/allpix-squared

=== 1 ===
=== 2 ===
=== 3 ===
=== 4 ===
=== 5 ===
=== 6 ===
=== 7 ===
=== 8 ===
=== 9 ===
=== 10 ===
=== 11 ===
=== 12 ===
=== 13 ===
--- mydetector ---
PixelHit 1283, 972, 12.0452, 0
PixelHit 1284, 972, 37.9474, 0
PixelHit 1284, 973, 11.7236, 0
PixelHit 1285, 972, 56.5279, 0
PixelHit 1285, 973, 22.7936, 0
PixelHit 1286, 971, 10.7491, 0
PixelHit 1286, 972, 70.6455, 0
PixelHit 1286, 973, 36.7479, 0
PixelHit 1286, 974, 1.51339, 0
PixelHit 1287, 971, 42.6734, 0
PixelHit 1287, 972, 174.913, 0
PixelHit 1287, 973, 83.4497, 0
PixelHit 1287, 974, 4.89788, 0
PixelHit 1288, 970, 2.56684, 0
PixelHit 1288, 971, 191.076, 0
PixelHit 1288, 972, 251.622, 0
PixelHit 1288, 973, 41.0895, 0
PixelHit 1288, 974, 1.23158, 0
PixelHit 1289, 971, 79.9094, 0
PixelHit 1289, 972, 104.258, 0
PixelHit 1289, 973, 26.6892, 0
PixelHit 1289, 974, 1.85325, 0
PixelHit 1290, 971, 76.1605, 0
PixelHit 1290, 972, 96.6068, 0
PixelHit 1290, 973, 41.1519, 0
PixelHit 1290, 974, 6.12965, 0
PixelHit 1291, 970, 0.96319, 0
PixelHit 1291, 971, 40.0236, 0
PixelHit 1291, 972, 85.1604, 0
PixelHit 1291, 973, 55.8025, 0
PixelHit 1291, 974, 10.5444, 0
PixelHit 1292, 970, 7.21807, 0
PixelHit 1292, 971, 61.2444, 0
PixelHit 1292, 972, 78.7764, 0
PixelHit 1292, 973, 30.1849, 0
PixelHit 1292, 974, 8.78802, 0
PixelHit 1293, 970, 6.47653, 0
PixelHit 1293, 971, 74.0733, 0
PixelHit 1293, 972, 100.634, 0
PixelHit 1293, 973, 52.5819, 0
PixelHit 1293, 974, 7.77823, 0
PixelHit 1294, 969, 1.02446, 0
PixelHit 1294, 970, 18.4133, 0
PixelHit 1294, 971, 68.926, 0
PixelHit 1294, 972, 89.2826, 0
PixelHit 1294, 973, 49.8496, 0
PixelHit 1294, 974, 7.94488, 0
PixelHit 1294, 975, 0.803695, 0
PixelHit 1295, 970, 18.9939, 0
PixelHit 1295, 971, 62.3138, 0
PixelHit 1295, 972, 63.5805, 0
PixelHit 1295, 973, 42.7522, 0
PixelHit 1295, 974, 9.5351, 0
PixelHit 1296, 970, 7.54623, 0
PixelHit 1296, 971, 56.6756, 0
PixelHit 1296, 972, 80.0902, 0
PixelHit 1296, 973, 43.1842, 0
PixelHit 1296, 974, 9.78752, 0
PixelHit 1297, 970, 23.9389, 0
PixelHit 1297, 971, 57.4267, 0
PixelHit 1297, 972, 78.1742, 0
PixelHit 1297, 973, 30.3182, 0
PixelHit 1297, 974, 13.6424, 0
PixelHit 1298, 969, 2.3099, 0
PixelHit 1298, 970, 28.0727, 0
PixelHit 1298, 971, 83.6619, 0
PixelHit 1298, 972, 90.6545, 0
PixelHit 1298, 973, 42.3985, 0
PixelHit 1298, 974, 8.83983, 0
PixelHit 1299, 969, 4.80024, 0
PixelHit 1299, 970, 18.9521, 0
PixelHit 1299, 971, 61.6061, 0
PixelHit 1299, 972, 91.3683, 0
PixelHit 1299, 973, 41.3835, 0
PixelHit 1299, 974, 9.01928, 0
PixelHit 1299, 975, 2.28299, 0
PixelHit 1300, 969, 5.13585, 0
PixelHit 1300, 970, 19.8472, 0
PixelHit 1300, 971, 58.2563, 0
PixelHit 1300, 972, 68.9274, 0
PixelHit 1300, 973, 34.0825, 0
PixelHit 1300, 974, 8.24662, 0
PixelHit 1300, 975, 5.40442, 0
PixelHit 1301, 969, 2.93262, 0
PixelHit 1301, 970, 15.0327, 0
PixelHit 1301, 971, 51.3882, 0
PixelHit 1301, 972, 69.1028, 0
PixelHit 1301, 973, 38.6928, 0
PixelHit 1301, 974, 13.0408, 0
PixelHit 1302, 969, 0.94415, 0
PixelHit 1302, 970, 16.6674, 0
PixelHit 1302, 971, 59.7603, 0
PixelHit 1302, 972, 46.5142, 0
PixelHit 1302, 973, 40.1569, 0
PixelHit 1302, 974, 12.1329, 0
PixelHit 1302, 975, 7.85463, 0
PixelHit 1302, 976, 1.82622, 0
PixelHit 1303, 969, 2.17404, 0
PixelHit 1303, 970, 7.90482, 0
PixelHit 1303, 971, 48.7099, 0
PixelHit 1303, 972, 56.8921, 0
PixelHit 1303, 973, 38.6913, 0
PixelHit 1303, 974, 10.889, 0
PixelHit 1303, 975, 3.18272, 0
PixelHit 1304, 969, 1.60276, 0
PixelHit 1304, 970, 17.8667, 0
PixelHit 1304, 971, 37.6046, 0
PixelHit 1304, 972, 39.8937, 0
PixelHit 1304, 973, 20.5914, 0
PixelHit 1304, 974, 7.73353, 0
PixelHit 1304, 975, 4.8792, 0
PixelHit 1305, 969, 3.24539, 0
PixelHit 1305, 970, 10.762, 0
PixelHit 1305, 971, 29.788, 0
PixelHit 1305, 972, 25.829, 0
PixelHit 1305, 973, 10.6573, 0
PixelHit 1305, 974, 4.21351, 0
PixelHit 1305, 975, 1.70255, 0
PixelHit 1305, 976, 1.2384, 0
PixelHit 1306, 968, 2.29988, 0
PixelHit 1306, 969, 2.87179, 0
PixelHit 1306, 970, 24.3911, 0
PixelHit 1306, 971, 22.8241, 0
PixelHit 1306, 972, 47.9668, 0
PixelHit 1306, 973, 18.2585, 0
PixelHit 1306, 974, 4.47448, 0
PixelHit 1307, 969, 2.39116, 0
PixelHit 1307, 970, 18.412, 0
PixelHit 1307, 971, 27.8327, 0
PixelHit 1307, 972, 35.3291, 0
PixelHit 1307, 973, 14.0647, 0
PixelHit 1307, 974, 4.89092, 0
PixelHit 1308, 970, 12.1471, 0
PixelHit 1308, 971, 28.2852, 0
PixelHit 1308, 972, 15.6111, 0
PixelHit 1308, 973, 11.7423, 0
PixelHit 1308, 974, 4.44481, 0
PixelHit 1309, 968, 0.165626, 0
PixelHit 1309, 969, 1.68257, 0
PixelHit 1309, 970, 1.58249, 0
PixelHit 1309, 971, 9.00496, 0
PixelHit 1309, 972, 11.647, 0
PixelHit 1309, 974, 2.34237, 0
PixelHit 1310, 969, 2.24522, 0
PixelHit 1310, 970, 0.765596, 0
PixelHit 1310, 971, 0.146541, 0
=== 14 ===
=== 15 ===
=== 16 ===
=== 17 ===
=== 18 ===
=== 19 ===
=== 20 ===
=== 21 ===
=== 22 ===
=== 23 ===
=== 24 ===
=== 25 ===
=== 26 ===
=== 27 ===
=== 28 ===
=== 29 ===
=== 30 ===
=== 31 ===
=== 32 ===
--- mydetector ---
PixelHit 1284, 975, 12.8038, 0
PixelHit 1284, 976, 46.6554, 0
PixelHit 1284, 977, 0.88822, 0
PixelHit 1285, 975, 38.248, 0
PixelHit 1285, 976, 81.5396, 0
PixelHit 1285, 977, 1.53031, 0
PixelHit 1286, 974, 3.88497, 0
PixelHit 1286, 975, 36.77, 0
PixelHit 1286, 976, 81.3316, 0
PixelHit 1286, 977, 9.52165, 0
PixelHit 1287, 974, 2.89834, 0
PixelHit 1287, 975, 38.0637, 0
PixelHit 1287, 976, 74.2877, 0
PixelHit 1287, 977, 7.47566, 0
PixelHit 1288, 974, 3.70392, 0
PixelHit 1288, 975, 38.7521, 0
PixelHit 1288, 976, 78.6067, 0
PixelHit 1288, 977, 13.0953, 0
PixelHit 1289, 974, 9.54689, 0
PixelHit 1289, 975, 75.7381, 0
PixelHit 1289, 976, 129.023, 0
PixelHit 1289, 977, 36.9192, 0
PixelHit 1290, 974, 7.18347, 0
PixelHit 1290, 975, 77.2927, 0
PixelHit 1290, 976, 141.147, 0
PixelHit 1290, 977, 26.8684, 0
PixelHit 1290, 978, 1.98325, 0
PixelHit 1291, 974, 3.4382, 0
PixelHit 1291, 975, 70.1008, 0
PixelHit 1291, 976, 89.6206, 0
PixelHit 1291, 977, 17.9546, 0
PixelHit 1291, 978, 2.42812, 0
PixelHit 1292, 974, 7.25056, 0
PixelHit 1292, 975, 37.6854, 0
PixelHit 1292, 976, 69.3765, 0
PixelHit 1292, 977, 8.12006, 0
PixelHit 1293, 974, 7.60135, 0
PixelHit 1293, 975, 25.2638, 0
PixelHit 1293, 976, 46.5071, 0
PixelHit 1293, 977, 13.8155, 0
PixelHit 1293, 978, 2.85998, 0
PixelHit 1294, 973, 2.26739, 0
PixelHit 1294, 974, 9.00783, 0
PixelHit 1294, 975, 27.4667, 0
PixelHit 1294, 976, 41.7888, 0
PixelHit 1294, 977, 12.8191, 0
PixelHit 1295, 974, 8.48758, 0
PixelHit 1295, 975, 16.9756, 0
PixelHit 1295, 976, 33.7234, 0
PixelHit 1295, 977, 10.8085, 0
PixelHit 1295, 978, 4.4156, 0
PixelHit 1296, 974, 3.20065, 0
PixelHit 1296, 975, 10.8537, 0
PixelHit 1296, 976, 24.9834, 0
PixelHit 1296, 977, 9.04763, 0
PixelHit 1296, 978, 1.1526, 0
PixelHit 1297, 974, 2.07216, 0
PixelHit 1297, 975, 17.7134, 0
PixelHit 1297, 976, 23.068, 0
PixelHit 1297, 977, 7.58223, 0
PixelHit 1297, 978, 1.50988, 0
PixelHit 1298, 973, 6.45517, 0
PixelHit 1298, 974, 11.344, 0
PixelHit 1298, 975, 40.6748, 0
PixelHit 1298, 976, 37.8003, 0
PixelHit 1298, 977, 19.2777, 0
PixelHit 1298, 978, 7.85154, 0
PixelHit 1299, 973, 8.65805, 0
PixelHit 1299, 974, 35.8099, 0
PixelHit 1299, 975, 118.33, 0
PixelHit 1299, 976, 105.682, 0
PixelHit 1299, 977, 83.7206, 0
PixelHit 1299, 978, 12.8735, 0
PixelHit 1300, 972, 2.14264, 0
PixelHit 1300, 973, 23.0998, 0
PixelHit 1300, 974, 74.1544, 0
PixelHit 1300, 975, 196.952, 0
PixelHit 1300, 976, 185.085, 0
PixelHit 1300, 977, 102.281, 0
PixelHit 1300, 978, 23.1285, 0
PixelHit 1300, 979, 3.44298, 0
PixelHit 1301, 973, 19.1985, 0
PixelHit 1301, 974, 99.2112, 0
PixelHit 1301, 975, 234.002, 0
PixelHit 1301, 976, 267.368, 0
PixelHit 1301, 977, 139.553, 0
PixelHit 1301, 978, 38.0425, 0
PixelHit 1301, 979, 4.55114, 0
PixelHit 1302, 972, -1.20888, 0
PixelHit 1302, 973, 20.0358, 0
PixelHit 1302, 974, 100.131, 0
PixelHit 1302, 975, 205.276, 0
PixelHit 1302, 976, 215.792, 0
PixelHit 1302, 977, 103.937, 0
PixelHit 1302, 978, 24.545, 0
PixelHit 1302, 979, 8.48221, 0
PixelHit 1303, 971, 1.32267, 0
PixelHit 1303, 972, 3.2408, 0
PixelHit 1303, 973, 10.8716, 0
PixelHit 1303, 974, 47.7598, 0
PixelHit 1303, 975, 162.139, 0
PixelHit 1303, 976, 179.177, 0
PixelHit 1303, 977, 109.847, 0
PixelHit 1303, 978, 21.0585, 0
PixelHit 1303, 979, 9.85872, 0
PixelHit 1304, 973, 7.13306, 0
PixelHit 1304, 974, 57.4394, 0
PixelHit 1304, 975, 103.375, 0
PixelHit 1304, 976, 114.836, 0
PixelHit 1304, 977, 76.8206, 0
PixelHit 1304, 978, 27.8816, 0
PixelHit 1304, 979, 1.33757, 0
PixelHit 1305, 972, 1.85007, 0
PixelHit 1305, 973, 3.70144, 0
PixelHit 1305, 974, 24.5504, 0
PixelHit 1305, 975, 46.6617, 0
PixelHit 1305, 976, 60.8783, 0
PixelHit 1305, 977, 27.776, 0
PixelHit 1305, 978, 13.3207, 0
PixelHit 1305, 979, 1.19832, 0
PixelHit 1306, 974, 3.75025, 0
PixelHit 1306, 975, 11.5736, 0
PixelHit 1306, 976, 14.7754, 0
PixelHit 1306, 977, 8.12918, 0
PixelHit 1306, 978, 4.32075, 0
PixelHit 1307, 974, -0.0624126, 0
PixelHit 1307, 975, 2.82458, 0
PixelHit 1307, 977, 3.42771, 0
PixelHit 1308, 976, 0.619406, 0
PixelHit 1347, 927, 2.8485, 0
PixelHit 1348, 926, 12.8186, 0
PixelHit 1348, 927, 29.6716, 0
PixelHit 1349, 926, 67.5244, 0
PixelHit 1349, 927, 154.496, 0
PixelHit 1349, 928, 2.40088, 0
PixelHit 1350, 925, 0.662234, 0
PixelHit 1350, 926, 18.8305, 0
PixelHit 1350, 927, 56.8399, 0
PixelHit 1351, 926, 9.72602, 0
PixelHit 1351, 927, 18.9223, 0
PixelHit 1351, 928, 4.52584, 0
PixelHit 1352, 925, 2.95786, 0
PixelHit 1352, 926, 21.8047, 0
PixelHit 1352, 927, 48.2138, 0
PixelHit 1352, 928, 10.834, 0
PixelHit 1353, 925, 5.2794, 0
PixelHit 1353, 926, 31.7459, 0
PixelHit 1353, 927, 76.1224, 0
PixelHit 1353, 928, 9.34212, 0
PixelHit 1353, 929, 1.63705, 0
PixelHit 1354, 925, 4.44656, 0
PixelHit 1354, 926, 25.5777, 0
PixelHit 1354, 927, 47.6665, 0
PixelHit 1354, 928, 9.34042, 0
PixelHit 1355, 925, 4.22214, 0
PixelHit 1355, 926, 21.6478, 0
PixelHit 1355, 927, 44.3953, 0
PixelHit 1355, 928, 16.7538, 0
PixelHit 1356, 925, 4.23118, 0
PixelHit 1356, 926, 30.8405, 0
PixelHit 1356, 927, 41.1861, 0
PixelHit 1356, 928, 16.5033, 0
PixelHit 1356, 929, 4.33885, 0
PixelHit 1357, 925, 12.9431, 0
PixelHit 1357, 926, 52.0219, 0
PixelHit 1357, 927, 79.0144, 0
PixelHit 1357, 928, 30.7008, 0
PixelHit 1357, 929, 6.84612, 0
PixelHit 1358, 924, 0.672394, 0
PixelHit 1358, 925, 17.9033, 0
PixelHit 1358, 926, 72.8449, 0
PixelHit 1358, 927, 126.579, 0
PixelHit 1358, 928, 63.5887, 0
PixelHit 1358, 929, 14.4947, 0
PixelHit 1358, 930, 4.15859, 0
PixelHit 1359, 925, 14.7238, 0
PixelHit 1359, 926, 82.7877, 0
PixelHit 1359, 927, 151.901, 0
PixelHit 1359, 928, 83.3833, 0
PixelHit 1359, 929, 12.935, 0
PixelHit 1360, 925, 16.0043, 0
PixelHit 1360, 926, 44.9395, 0
PixelHit 1360, 927, 68.3225, 0
PixelHit 1360, 928, 52.3119, 0
PixelHit 1360, 929, 11.7991, 0
PixelHit 1360, 930, 2.17259, 0
PixelHit 1361, 925, 10.3281, 0
PixelHit 1361, 926, 37.1758, 0
PixelHit 1361, 927, 65.0668, 0
PixelHit 1361, 928, 42.542, 0
PixelHit 1361, 929, 7.7349, 0
PixelHit 1361, 930, 2.41767, 0
PixelHit 1362, 925, 13.309, 0
PixelHit 1362, 926, 31.7932, 0
PixelHit 1362, 927, 67.0695, 0
PixelHit 1362, 928, 43.7746, 0
PixelHit 1362, 929, 14.188, 0
PixelHit 1362, 930, 4.8196, 0
PixelHit 1363, 925, 6.694, 0
PixelHit 1363, 926, 37.6082, 0
PixelHit 1363, 927, 62.4382, 0
PixelHit 1363, 928, 36.9162, 0
PixelHit 1363, 929, 14.2288, 0
PixelHit 1364, 924, 1.25898, 0
PixelHit 1364, 925, 6.58016, 0
PixelHit 1364, 926, 39.3678, 0
PixelHit 1364, 927, 71.0171, 0
PixelHit 1364, 928, 51.0593, 0
PixelHit 1364, 929, 12.971, 0
PixelHit 1365, 924, 2.09001, 0
PixelHit 1365, 925, 13.6119, 0
PixelHit 1365, 926, 37.7412, 0
PixelHit 1365, 927, 59.4454, 0
PixelHit 1365, 928, 45.9324, 0
PixelHit 1365, 929, 18.2068, 0
PixelHit 1365, 930, 5.02775, 0
PixelHit 1366, 924, 1.17058, 0
PixelHit 1366, 925, 2.12405, 0
PixelHit 1366, 926, 33.0056, 0
PixelHit 1366, 927, 63.9689, 0
PixelHit 1366, 928, 41.895, 0
PixelHit 1366, 929, 13.3468, 0
PixelHit 1367, 925, 7.1337, 0
PixelHit 1367, 926, 19.1966, 0
PixelHit 1367, 927, 27.737, 0
PixelHit 1367, 928, 25.3622, 0
PixelHit 1367, 929, 9.35561, 0
PixelHit 1367, 930, 2.83109, 0
PixelHit 1368, 924, 5.51295, 0
PixelHit 1368, 925, 2.02355, 0
PixelHit 1368, 926, 9.70446, 0
PixelHit 1368, 927, 14.0604, 0
PixelHit 1368, 928, 6.95706, 0
PixelHit 1368, 929, 4.09479, 0
PixelHit 1368, 930, 0.571158, 0
PixelHit 1369, 926, 2.22784, 0
PixelHit 1369, 927, 6.89524, 0
PixelHit 1369, 928, 4.22666, 0
PixelHit 1370, 927, 2.24487, 0
=== 33 ===
=== 34 ===
=== 35 ===
=== 36 ===
=== 37 ===
=== 38 ===
=== 39 ===
=== 40 ===
=== 41 ===
=== 42 ===
=== 43 ===
=== 44 ===
=== 45 ===
=== 46 ===
=== 47 ===
=== 48 ===
=== 49 ===
=== 50 ===
=== 51 ===
=== 52 ===
=== 53 ===
=== 54 ===
=== 55 ===
=== 56 ===
=== 57 ===
=== 58 ===
=== 59 ===
=== 60 ===
=== 61 ===
=== 62 ===
=== 63 ===
=== 64 ===
=== 65 ===
=== 66 ===
=== 67 ===
=== 68 ===
=== 69 ===
=== 70 ===
=== 71 ===
=== 72 ===
=== 73 ===
=== 74 ===
=== 75 ===
=== 76 ===
=== 77 ===
=== 78 ===
=== 79 ===
=== 80 ===
=== 81 ===
=== 82 ===
=== 83 ===
=== 84 ===
=== 85 ===
=== 86 ===
=== 87 ===
=== 88 ===
--- mydetector ---
PixelHit 1282, 968, 90.2375, 0
PixelHit 1282, 969, 9.34367, 0
PixelHit 1283, 961, 12.7656, 0
PixelHit 1283, 962, 14.6787, 0
PixelHit 1283, 968, 65.6373, 0
PixelHit 1283, 969, 4.22972, 0
PixelHit 1284, 960, 2.44149, 0
PixelHit 1284, 961, 48.0967, 0
PixelHit 1284, 962, 86.2069, 0
PixelHit 1284, 963, 0.45839, 0
PixelHit 1284, 967, 1.29583, 0
PixelHit 1284, 968, 20.6146, 0
PixelHit 1284, 969, 9.71986, 0
PixelHit 1285, 960, 0.794482, 0
PixelHit 1285, 961, 63.528, 0
PixelHit 1285, 962, 77.8023, 0
PixelHit 1285, 963, 2.53481, 0
PixelHit 1285, 967, 10.6309, 0
PixelHit 1285, 968, 45.1133, 0
PixelHit 1285, 969, 13.403, 0
PixelHit 1286, 960, 2.01083, 0
PixelHit 1286, 961, 55.1958, 0
PixelHit 1286, 962, 48.5366, 0
PixelHit 1286, 963, 7.86761, 0
PixelHit 1286, 967, 9.53403, 0
PixelHit 1286, 968, 47.2904, 0
PixelHit 1286, 969, 17.7604, 0
PixelHit 1287, 960, 3.57315, 0
PixelHit 1287, 961, 34.7662, 0
PixelHit 1287, 962, 32.0892, 0
PixelHit 1287, 963, 2.02269, 0
PixelHit 1287, 967, 18.022, 0
PixelHit 1287, 968, 59.5092, 0
PixelHit 1287, 969, 26.8466, 0
PixelHit 1288, 960, 6.97834, 0
PixelHit 1288, 961, 49.2608, 0
PixelHit 1288, 962, 42.2006, 0
PixelHit 1288, 963, 14.4588, 0
PixelHit 1288, 967, 18.5485, 0
PixelHit 1288, 968, 54.2793, 0
PixelHit 1288, 969, 27.0054, 0
PixelHit 1288, 970, 1.74303, 0
PixelHit 1289, 960, 4.81859, 0
PixelHit 1289, 961, 40.5832, 0
PixelHit 1289, 962, 52.5754, 0
PixelHit 1289, 963, 7.61885, 0
PixelHit 1289, 966, 5.48612, 0
PixelHit 1289, 967, 27.0525, 0
PixelHit 1289, 968, 60.0939, 0
PixelHit 1289, 969, 17.0586, 0
PixelHit 1289, 970, 1.48354, 0
PixelHit 1290, 960, 4.63328, 0
PixelHit 1290, 961, 30.0812, 0
PixelHit 1290, 962, 24.1218, 0
PixelHit 1290, 963, 9.61659, 0
PixelHit 1290, 967, 17.8068, 0
PixelHit 1290, 968, 52.0159, 0
PixelHit 1290, 969, 23.4146, 0
PixelHit 1290, 970, 2.17003, 0
PixelHit 1291, 959, 1.59255, 0
PixelHit 1291, 960, 2.77417, 0
PixelHit 1291, 961, 25.9489, 0
PixelHit 1291, 962, 25.8811, 0
PixelHit 1291, 963, 4.66885, 0
PixelHit 1291, 966, 9.14607, 0
PixelHit 1291, 967, 11.9115, 0
PixelHit 1291, 968, 47.3347, 0
PixelHit 1291, 969, 19.2243, 0
PixelHit 1291, 970, 2.32065, 0
PixelHit 1292, 959, 1.01231, 0
PixelHit 1292, 960, 6.32343, 0
PixelHit 1292, 961, 20.1023, 0
PixelHit 1292, 962, 17.0842, 0
PixelHit 1292, 963, 10.407, 0
PixelHit 1292, 966, 5.57523, 0
PixelHit 1292, 967, 26.2097, 0
PixelHit 1292, 968, 66.2172, 0
PixelHit 1292, 969, 31.049, 0
PixelHit 1293, 960, 10.8972, 0
PixelHit 1293, 961, 45.856, 0
PixelHit 1293, 962, 65.3367, 0
PixelHit 1293, 963, 15.0859, 0
PixelHit 1293, 966, 3.47259, 0
PixelHit 1293, 967, 54.7539, 0
PixelHit 1293, 968, 98.4285, 0
PixelHit 1293, 969, 55.1097, 0
PixelHit 1293, 970, 9.68321, 0
PixelHit 1294, 959, 2.07428, 0
PixelHit 1294, 960, 20.5646, 0
PixelHit 1294, 961, 73.2099, 0
PixelHit 1294, 962, 93.4023, 0
PixelHit 1294, 963, 28.6437, 0
PixelHit 1294, 964, 4.80857, 0
PixelHit 1294, 965, 1.35939, 0
PixelHit 1294, 966, 2.8961, 0
PixelHit 1294, 967, 50.3201, 0
PixelHit 1294, 968, 77.9768, 0
PixelHit 1294, 969, 51.9256, 0
PixelHit 1294, 970, 7.85172, 0
PixelHit 1295, 959, 6.26167, 0
PixelHit 1295, 960, 21.4199, 0
PixelHit 1295, 961, 63.4919, 0
PixelHit 1295, 962, 61.656, 0
PixelHit 1295, 963, 24.3852, 0
PixelHit 1295, 964, 6.08373, 0
PixelHit 1295, 966, 5.42417, 0
PixelHit 1295, 967, 23.0107, 0
PixelHit 1295, 968, 38.1564, 0
PixelHit 1295, 969, 27.8182, 0
PixelHit 1295, 970, 3.9853, 0
PixelHit 1296, 958, 1.28623, 0
PixelHit 1296, 959, 2.1773, 0
PixelHit 1296, 960, 9.43669, 0
PixelHit 1296, 961, 24.0968, 0
PixelHit 1296, 962, 30.0732, 0
PixelHit 1296, 963, 15.1921, 0
PixelHit 1296, 964, 3.01297, 0
PixelHit 1296, 965, 1.02834, 0
PixelHit 1296, 967, 8.14872, 0
PixelHit 1296, 968, 15.8754, 0
PixelHit 1296, 969, 6.80984, 0
PixelHit 1296, 970, 2.10943, 0
PixelHit 1297, 960, 3.29981, 0
PixelHit 1297, 961, 9.65449, 0
PixelHit 1297, 962, 10.3434, 0
PixelHit 1297, 963, 5.50487, 0
PixelHit 1297, 965, 1.73139, 0
PixelHit 1297, 967, 10.5924, 0
PixelHit 1297, 968, 17.2753, 0
PixelHit 1297, 969, 14.2458, 0
PixelHit 1297, 970, 1.97484, 0
PixelHit 1298, 959, 3.74512, 0
PixelHit 1298, 960, 4.15929, 0
PixelHit 1298, 961, 5.12227, 0
PixelHit 1298, 962, 3.9347, 0
PixelHit 1298, 963, 2.62546, 0
PixelHit 1298, 966, 2.68906, 0
PixelHit 1298, 967, 8.20539, 0
PixelHit 1298, 968, 6.77179, 0
PixelHit 1298, 969, 7.1637, 0
PixelHit 1298, 970, 4.64985, 0
PixelHit 1299, 961, 8.80517, 0
PixelHit 1299, 962, 9.05417, 0
PixelHit 1299, 963, 5.8405, 0
PixelHit 1299, 967, 13.7519, 0
PixelHit 1299, 968, 16.3301, 0
PixelHit 1299, 969, 13.6377, 0
PixelHit 1299, 970, 4.4839, 0
PixelHit 1300, 960, 7.96757, 0
PixelHit 1300, 961, 20.8905, 0
PixelHit 1300, 962, 13.4456, 0
PixelHit 1300, 963, 11.2332, 0
PixelHit 1300, 964, 4.07794, 0
PixelHit 1300, 965, 2.40237, 0
PixelHit 1300, 966, 3.37692, 0
PixelHit 1300, 967, 19.2245, 0
PixelHit 1300, 968, 26.4568, 0
PixelHit 1300, 969, 15.0225, 0
PixelHit 1300, 970, 10.6156, 0
PixelHit 1301, 960, 19.8681, 0
PixelHit 1301, 961, 28.0542, 0
PixelHit 1301, 962, 34.1171, 0
PixelHit 1301, 963, 11.91, 0
PixelHit 1301, 964, 7.99983, 0
PixelHit 1301, 965, 2.74765, 0
PixelHit 1301, 966, 12.7367, 0
PixelHit 1301, 967, 21.2152, 0
PixelHit 1301, 968, 28.3903, 0
PixelHit 1301, 969, 27.1751, 0
PixelHit 1301, 970, 9.98409, 0
PixelHit 1301, 971, 3.38959, 0
PixelHit 1302, 959, 4.48363, 0
PixelHit 1302, 960, 7.84225, 0
PixelHit 1302, 961, 28.8785, 0
PixelHit 1302, 962, 35.578, 0
PixelHit 1302, 963, 10.5782, 0
PixelHit 1302, 964, 2.27389, 0
PixelHit 1302, 966, 5.40733, 0
PixelHit 1302, 967, 27.0501, 0
PixelHit 1302, 968, 31.0563, 0
PixelHit 1302, 969, 23.9866, 0
PixelHit 1302, 970, 8.85714, 0
PixelHit 1302, 971, 1.35909, 0
PixelHit 1303, 959, 2.05766, 0
PixelHit 1303, 960, 7.56048, 0
PixelHit 1303, 961, 18.4336, 0
PixelHit 1303, 962, 27.4138, 0
PixelHit 1303, 963, 10.912, 0
PixelHit 1303, 964, 3.72965, 0
PixelHit 1303, 966, 3.60362, 0
PixelHit 1303, 967, 7.05225, 0
PixelHit 1303, 968, 7.02186, 0
PixelHit 1303, 969, 6.82407, 0
PixelHit 1303, 970, 1.93531, 0
PixelHit 1304, 960, 7.687, 0
PixelHit 1304, 961, 9.72163, 0
PixelHit 1304, 962, 7.39821, 0
PixelHit 1304, 963, 6.39263, 0
PixelHit 1304, 964, 2.77132, 0
PixelHit 1304, 966, 0.248616, 0
PixelHit 1304, 967, 2.10091, 0
PixelHit 1304, 968, 2.29357, 0
PixelHit 1304, 969, 3.81298, 0
PixelHit 1305, 960, 1.49098, 0
PixelHit 1305, 961, 3.32815, 0
PixelHit 1305, 963, 5.14179, 0
PixelHit 1305, 964, 2.7329, 0
=== 89 ===
=== 90 ===
=== 91 ===
=== 92 ===
=== 93 ===
=== 94 ===
=== 95 ===
=== 96 ===
=== 97 ===
=== 98 ===
=== 99 ===
=== 100 ===
# 592 objects from 3 messages
