# Allpix Squared ASCII data - https://cern.ch/allpix-squared

=== 1 ===
=== 2 ===
=== 3 ===
=== 4 ===
=== 5 ===
=== 6 ===
=== 7 ===
=== 8 ===
=== 9 ===
=== 10 ===
=== 11 ===
=== 12 ===
=== 13 ===
=== 14 ===
=== 15 ===
=== 16 ===
=== 17 ===
=== 18 ===
=== 19 ===
=== 20 ===
=== 21 ===
=== 22 ===
=== 23 ===
=== 24 ===
=== 25 ===
=== 26 ===
=== 27 ===
=== 28 ===
=== 29 ===
=== 30 ===
=== 31 ===
=== 32 ===
=== 33 ===
=== 34 ===
=== 35 ===
=== 36 ===
=== 37 ===
=== 38 ===
=== 39 ===
--- mydetector ---
PixelHit 283, 392, 2.33405, 0
PixelHit 283, 398, 1.03333, 0
PixelHit 283, 400, 2.21861, 0
PixelHit 284, 391, 1.99225, 0
PixelHit 284, 392, 5.41292, 0
PixelHit 284, 393, 4.44777, 0
PixelHit 284, 394, 4.32088, 0
PixelHit 284, 395, 3.58399, 0
PixelHit 284, 396, 1.01112, 0
PixelHit 284, 398, 2.70832, 0
PixelHit 284, 399, 8.6625, 0
PixelHit 284, 400, 5.93105, 0
PixelHit 284, 401, 4.41382, 0
PixelHit 284, 402, 0.816022, 0
PixelHit 285, 391, 2.59736, 0
PixelHit 285, 392, 11.7273, 0
PixelHit 285, 393, 17.0318, 0
PixelHit 285, 394, 20.0529, 0
PixelHit 285, 395, 11.7686, 0
PixelHit 285, 396, 7.01791, 0
PixelHit 285, 397, 15.5738, 0
PixelHit 285, 398, 22.7191, 0
PixelHit 285, 399, 50.9078, 0
PixelHit 285, 400, 54.2377, 0
PixelHit 285, 401, 46.2026, 0
PixelHit 285, 402, 19.1953, 0
PixelHit 285, 403, 7.98415, 0
PixelHit 285, 404, 3.58681, 0
PixelHit 286, 391, 8.7741, 0
PixelHit 286, 392, 31.1957, 0
PixelHit 286, 393, 36.1474, 0
PixelHit 286, 394, 24.9488, 0
PixelHit 286, 395, 10.6671, 0
PixelHit 286, 396, 14.1896, 0
PixelHit 286, 397, 22.0369, 0
PixelHit 286, 398, 53.0763, 0
PixelHit 286, 399, 61.8271, 0
PixelHit 286, 400, 65.5814, 0
PixelHit 286, 401, 42.6119, 0
PixelHit 286, 402, 17.7112, 0
PixelHit 286, 403, 23.6543, 0
PixelHit 286, 404, 23.2426, 0
PixelHit 287, 390, 2.31056, 0
PixelHit 287, 391, 9.68569, 0
PixelHit 287, 392, 22.4964, 0
PixelHit 287, 393, 31.5228, 0
PixelHit 287, 394, 23.9437, 0
PixelHit 287, 395, 4.7142, 0
PixelHit 287, 396, 3.76013, 0
PixelHit 287, 397, 8.63118, 0
PixelHit 287, 398, 10.691, 0
PixelHit 287, 399, 23.4651, 0
PixelHit 287, 400, 5.18223, 0
PixelHit 287, 401, 6.79806, 0
PixelHit 287, 402, 2.86217, 0
PixelHit 288, 391, 3.02552, 0
PixelHit 288, 392, 7.07607, 0
PixelHit 288, 393, 8.38229, 0
PixelHit 288, 394, 7.74375, 0
PixelHit 288, 395, 7.98945, 0
PixelHit 288, 396, 1.94535, 0
PixelHit 289, 392, 2.56646, 0
PixelHit 289, 394, 2.01927, 0
PixelHit 289, 398, 1.46867, 0
PixelHit 842, 1272, 1.03002, 0
PixelHit 843, 1270, 2.07918, 0
PixelHit 843, 1271, 2.56158, 0
PixelHit 844, 1269, 2.06031, 0
PixelHit 844, 1270, 6.67673, 0
PixelHit 844, 1271, 10.3316, 0
PixelHit 844, 1272, 2.58891, 0
PixelHit 844, 1273, 1.89865, 0
PixelHit 845, 1269, 2.95302, 0
PixelHit 845, 1270, 17.2083, 0
PixelHit 845, 1271, 13.9985, 0
PixelHit 845, 1272, 14.9325, 0
PixelHit 845, 1273, 9.26479, 0
PixelHit 845, 1274, 2.8612, 0
PixelHit 846, 1268, 2.94873, 0
PixelHit 846, 1269, 11.2448, 0
PixelHit 846, 1270, 14.0819, 0
PixelHit 846, 1271, 25.0134, 0
PixelHit 846, 1272, 17.1756, 0
PixelHit 846, 1273, 4.34449, 0
PixelHit 846, 1274, 0.957716, 0
PixelHit 847, 1268, 4.51224, 0
PixelHit 847, 1269, 16.4403, 0
PixelHit 847, 1270, 20.316, 0
PixelHit 847, 1271, 24.8409, 0
PixelHit 847, 1272, 13.31, 0
PixelHit 847, 1273, 0.677094, 0
PixelHit 848, 1266, 3.67106, 0
PixelHit 848, 1267, 2.32984, 0
PixelHit 848, 1268, 10.1623, 0
PixelHit 848, 1269, 14.5446, 0
PixelHit 848, 1270, 16.5443, 0
PixelHit 848, 1271, 12.3646, 0
PixelHit 848, 1272, 4.66882, 0
PixelHit 848, 1273, 1.68619, 0
PixelHit 849, 1266, 5.76077, 0
PixelHit 849, 1267, 2.57604, 0
PixelHit 849, 1268, 7.52297, 0
PixelHit 849, 1269, 14.5409, 0
PixelHit 849, 1270, 10.4165, 0
PixelHit 849, 1271, 6.27348, 0
PixelHit 850, 1266, 5.16746, 0
PixelHit 850, 1267, 7.86292, 0
PixelHit 850, 1268, 13.7196, 0
PixelHit 850, 1269, 19.1569, 0
PixelHit 850, 1270, 5.1029, 0
PixelHit 850, 1272, 0.421174, 0
PixelHit 851, 1265, 3.33781, 0
PixelHit 851, 1266, 6.13503, 0
PixelHit 851, 1267, 10.5495, 0
PixelHit 851, 1268, 12.0101, 0
PixelHit 851, 1269, 11.8794, 0
PixelHit 851, 1270, 4.07054, 0
PixelHit 851, 1271, 2.10339, 0
PixelHit 852, 1264, 3.16264, 0
PixelHit 852, 1266, 18.2616, 0
PixelHit 852, 1267, 11.2922, 0
PixelHit 852, 1268, 18.5341, 0
PixelHit 852, 1269, 6.77167, 0
PixelHit 852, 1270, 6.6758, 0
PixelHit 853, 1264, 11.3105, 0
PixelHit 853, 1265, 16.245, 0
PixelHit 853, 1266, 25.1564, 0
PixelHit 853, 1267, 16.5867, 0
PixelHit 853, 1268, 4.88021, 0
PixelHit 853, 1269, 2.19018, 0
PixelHit 853, 1273, 3.25262, 0
PixelHit 854, 1263, 5.30051, 0
PixelHit 854, 1264, 21.4837, 0
PixelHit 854, 1265, 22.9699, 0
PixelHit 854, 1266, 28.2878, 0
PixelHit 854, 1267, 10.7523, 0
PixelHit 854, 1268, 8.55222, 0
PixelHit 854, 1269, 1.05662, 0
PixelHit 855, 1263, 13.3855, 0
PixelHit 855, 1264, 18.3283, 0
PixelHit 855, 1265, 36.7304, 0
PixelHit 855, 1266, 24.8997, 0
PixelHit 855, 1267, 11.5533, 0
PixelHit 855, 1268, 2.56892, 0
PixelHit 856, 1263, 13.6676, 0
PixelHit 856, 1264, 27.508, 0
PixelHit 856, 1265, 31.6552, 0
PixelHit 856, 1266, 11.7562, 0
PixelHit 856, 1267, 4.18767, 0
PixelHit 857, 1260, 3.50175, 0
PixelHit 857, 1261, 2.21609, 0
PixelHit 857, 1262, 10.9233, 0
PixelHit 857, 1263, 16.66, 0
PixelHit 857, 1264, 6.84066, 0
PixelHit 857, 1265, 10.963, 0
PixelHit 857, 1266, 11.0019, 0
PixelHit 857, 1267, 3.1544, 0
PixelHit 858, 1259, 2.61563, 0
PixelHit 858, 1260, 5.07507, 0
PixelHit 858, 1261, 12.8402, 0
PixelHit 858, 1262, 15.5502, 0
PixelHit 858, 1263, 20.4573, 0
PixelHit 858, 1264, 11.6316, 0
PixelHit 858, 1265, 3.8437, 0
PixelHit 858, 1266, 5.38459, 0
PixelHit 859, 1260, 10.3144, 0
PixelHit 859, 1261, 21.3021, 0
PixelHit 859, 1262, 30.1255, 0
PixelHit 859, 1263, 21.4962, 0
PixelHit 859, 1264, 7.32118, 0
PixelHit 859, 1265, 2.22424, 0
PixelHit 860, 1259, 12.4555, 0
PixelHit 860, 1260, 19.0397, 0
PixelHit 860, 1261, 18.9081, 0
PixelHit 860, 1262, 28.9799, 0
PixelHit 860, 1263, 7.46207, 0
PixelHit 860, 1264, 6.9706, 0
PixelHit 861, 1258, 5.91476, 0
PixelHit 861, 1259, 17.9675, 0
PixelHit 861, 1260, 29.3935, 0
PixelHit 861, 1261, 18.9301, 0
PixelHit 861, 1262, 10.1888, 0
PixelHit 861, 1263, 3.76622, 0
PixelHit 862, 1257, 6.41403, 0
PixelHit 862, 1258, 12.6353, 0
PixelHit 862, 1259, 35.6928, 0
PixelHit 862, 1260, 19.4178, 0
PixelHit 862, 1261, 23.3852, 0
PixelHit 862, 1262, 4.14686, 0
PixelHit 863, 1256, 2.23298, 0
PixelHit 863, 1257, 3.72748, 0
PixelHit 863, 1258, 22.6668, 0
PixelHit 863, 1259, 30.4419, 0
PixelHit 863, 1260, 17.4011, 0
PixelHit 863, 1261, 9.30108, 0
PixelHit 863, 1262, 0.878699, 0
PixelHit 863, 1264, 0.476203, 0
PixelHit 864, 1255, 9.30184, 0
PixelHit 864, 1256, 22.9837, 0
PixelHit 864, 1257, 39.1182, 0
PixelHit 864, 1258, 37.8714, 0
PixelHit 864, 1259, 13.1921, 0
PixelHit 864, 1260, 6.44981, 0
PixelHit 865, 1255, 19.213, 0
PixelHit 865, 1256, 72.8182, 0
PixelHit 865, 1257, 103.021, 0
PixelHit 865, 1258, 56.133, 0
PixelHit 865, 1259, 13.5035, 0
PixelHit 865, 1261, 0.317835, 0
PixelHit 866, 1253, 1.67523, 0
PixelHit 866, 1254, 2.09132, 0
PixelHit 866, 1255, 28.0175, 0
PixelHit 866, 1256, 97.5318, 0
PixelHit 866, 1257, 103.005, 0
PixelHit 866, 1258, 44.2734, 0
PixelHit 866, 1259, 7.47546, 0
PixelHit 867, 1253, 0.888282, 0
PixelHit 867, 1254, 7.91508, 0
PixelHit 867, 1255, 17.1204, 0
PixelHit 867, 1256, 60.2325, 0
PixelHit 867, 1257, 46.4668, 0
PixelHit 867, 1258, 16.6742, 0
PixelHit 867, 1259, 3.36535, 0
PixelHit 868, 1252, 1.86976, 0
PixelHit 868, 1253, 6.77416, 0
PixelHit 868, 1254, 9.59056, 0
PixelHit 868, 1255, 13.6087, 0
PixelHit 868, 1256, 10.2592, 0
PixelHit 868, 1257, 7.29383, 0
PixelHit 868, 1258, 3.07205, 0
PixelHit 869, 1252, 6.64146, 0
PixelHit 869, 1253, 9.71794, 0
PixelHit 869, 1254, 17.9556, 0
PixelHit 869, 1255, 7.75244, 0
PixelHit 869, 1256, 2.88398, 0
PixelHit 870, 1251, 2.29187, 0
PixelHit 870, 1253, 8.66761, 0
PixelHit 870, 1254, 7.94162, 0
PixelHit 870, 1255, 2.52711, 0
PixelHit 871, 1250, 3.35873, 0
PixelHit 871, 1251, 3.9664, 0
PixelHit 871, 1252, 5.75895, 0
PixelHit 871, 1254, 2.54227, 0
PixelHit 872, 1249, 7.81216, 0
PixelHit 872, 1250, 22.938, 0
PixelHit 872, 1251, 19.3207, 0
PixelHit 872, 1252, 10.7249, 0
PixelHit 872, 1254, 1.02276, 0
PixelHit 873, 1248, 0.947894, 0
PixelHit 873, 1249, 16.0234, 0
PixelHit 873, 1250, 48.7625, 0
PixelHit 873, 1251, 31.6919, 0
PixelHit 873, 1252, 4.7009, 0
PixelHit 874, 1248, 6.71746, 0
PixelHit 874, 1249, 33.1193, 0
PixelHit 874, 1250, 53.4907, 0
PixelHit 874, 1251, 13.4666, 0
PixelHit 875, 1248, 11.1019, 0
PixelHit 875, 1249, 16.8107, 0
PixelHit 875, 1250, 10.2056, 0
PixelHit 876, 1245, 0.951869, 0
PixelHit 876, 1247, 15.3242, 0
PixelHit 876, 1248, 11.0161, 0
PixelHit 876, 1249, 6.55998, 0
PixelHit 877, 1245, 5.15166, 0
PixelHit 877, 1246, 18.8542, 0
PixelHit 877, 1247, 26.4833, 0
PixelHit 877, 1248, 4.52243, 0
PixelHit 878, 1244, 0.86885, 0
PixelHit 878, 1245, 19.5106, 0
PixelHit 878, 1246, 39.4766, 0
PixelHit 878, 1247, 21.1767, 0
PixelHit 878, 1248, 1.60056, 0
PixelHit 879, 1244, 15.6261, 0
PixelHit 879, 1245, 26.5597, 0
PixelHit 879, 1246, 12.886, 0
PixelHit 879, 1247, 1.89596, 0
PixelHit 880, 1242, 0.666825, 0
PixelHit 880, 1243, 33.2722, 0
PixelHit 880, 1244, 74.9896, 0
PixelHit 880, 1245, 11.5204, 0
PixelHit 881, 1241, 1.47212, 0
PixelHit 881, 1242, 53.8609, 0
PixelHit 881, 1243, 34.1335, 0
PixelHit 881, 1244, 34.9023, 0
PixelHit 882, 1241, 11.3761, 0
PixelHit 882, 1242, 315.405, 0
PixelHit 882, 1243, 59.2067, 0
PixelHit 882, 1244, 1.76453, 0
PixelHit 883, 1240, 3.3136, 0
PixelHit 883, 1241, 25.7348, 0
PixelHit 883, 1242, 11.5759, 0
PixelHit 883, 1243, 2.88392, 0
PixelHit 884, 1240, 43.9825, 0
PixelHit 884, 1241, 15.0312, 0
PixelHit 885, 1241, 0.0235808, 0
=== 40 ===
=== 41 ===
=== 42 ===
=== 43 ===
=== 44 ===
=== 45 ===
=== 46 ===
=== 47 ===
=== 48 ===
=== 49 ===
=== 50 ===
=== 51 ===
=== 52 ===
=== 53 ===
=== 54 ===
=== 55 ===
=== 56 ===
=== 57 ===
=== 58 ===
=== 59 ===
=== 60 ===
=== 61 ===
=== 62 ===
=== 63 ===
=== 64 ===
=== 65 ===
=== 66 ===
=== 67 ===
=== 68 ===
=== 69 ===
=== 70 ===
=== 71 ===
=== 72 ===
=== 73 ===
=== 74 ===
=== 75 ===
=== 76 ===
=== 77 ===
=== 78 ===
=== 79 ===
=== 80 ===
=== 81 ===
=== 82 ===
=== 83 ===
=== 84 ===
=== 85 ===
=== 86 ===
=== 87 ===
=== 88 ===
=== 89 ===
=== 90 ===
=== 91 ===
=== 92 ===
=== 93 ===
=== 94 ===
=== 95 ===
=== 96 ===
=== 97 ===
=== 98 ===
=== 99 ===
=== 100 ===
# 296 objects from 1 messages
