# Allpix Squared ASCII data - https://cern.ch/allpix-squared

=== 1 ===
=== 2 ===
=== 3 ===
=== 4 ===
=== 5 ===
=== 6 ===
=== 7 ===
=== 8 ===
=== 9 ===
=== 10 ===
=== 11 ===
=== 12 ===
=== 13 ===
=== 14 ===
=== 15 ===
=== 16 ===
=== 17 ===
=== 18 ===
=== 19 ===
=== 20 ===
=== 21 ===
=== 22 ===
=== 23 ===
=== 24 ===
--- mydetector ---
PixelHit 2098, 225, 1.24646, 0
PixelHit 2098, 226, 4.05959, 0
PixelHit 2099, 224, 5.42153, 0
PixelHit 2099, 225, 2.51515, 0
PixelHit 2099, 226, 7.94702, 0
PixelHit 2099, 227, 2.14168, 0
PixelHit 2099, 228, 4.40741, 0
PixelHit 2099, 229, 1.95673, 0
PixelHit 2100, 204, 35.9023, 0
PixelHit 2100, 223, 3.12013, 0
PixelHit 2100, 224, 12.1619, 0
PixelHit 2100, 225, 21.6966, 0
PixelHit 2100, 226, 13.9425, 0
PixelHit 2100, 227, 7.43016, 0
PixelHit 2100, 228, 2.616, 0
PixelHit 2101, 203, 2.86755, 0
PixelHit 2101, 204, 17.2989, 0
PixelHit 2101, 222, 1.80335, 0
PixelHit 2101, 223, 8.85426, 0
PixelHit 2101, 224, 24.2241, 0
PixelHit 2101, 225, 31.2874, 0
PixelHit 2101, 226, 33.0268, 0
PixelHit 2101, 227, 10.3298, 0
PixelHit 2102, 204, 28.0187, 0
PixelHit 2102, 205, 31.4926, 0
PixelHit 2102, 222, 3.36357, 0
PixelHit 2102, 223, 24.7944, 0
PixelHit 2102, 224, 41.3777, 0
PixelHit 2102, 225, 43.8925, 0
PixelHit 2102, 226, 24.6268, 0
PixelHit 2102, 227, 10.6355, 0
PixelHit 2103, 204, 1.45915, 0
PixelHit 2103, 205, 31.5981, 0
PixelHit 2103, 206, 3.53929, 0
PixelHit 2103, 221, 5.2567, 0
PixelHit 2103, 222, 12.7943, 0
PixelHit 2103, 223, 33.6016, 0
PixelHit 2103, 224, 52.1269, 0
PixelHit 2103, 225, 38.8928, 0
PixelHit 2103, 226, 13.4562, 0
PixelHit 2103, 227, 5.54161, 0
PixelHit 2103, 228, 2.33393, 0
PixelHit 2104, 204, 3.25064, 0
PixelHit 2104, 205, 13.9763, 0
PixelHit 2104, 206, 10.1644, 0
PixelHit 2104, 218, 0.888716, 0
PixelHit 2104, 220, 6.77798, 0
PixelHit 2104, 221, 13.4563, 0
PixelHit 2104, 222, 27.9728, 0
PixelHit 2104, 223, 31.8721, 0
PixelHit 2104, 224, 28.8026, 0
PixelHit 2104, 225, 14.9957, 0
PixelHit 2104, 226, 10.0327, 0
PixelHit 2104, 227, 4.16336, 0
PixelHit 2105, 205, 9.80714, 0
PixelHit 2105, 206, 19.6574, 0
PixelHit 2105, 207, 3.9046, 0
PixelHit 2105, 219, 1.99744, 0
PixelHit 2105, 220, 10.3598, 0
PixelHit 2105, 221, 18.8621, 0
PixelHit 2105, 222, 38.032, 0
PixelHit 2105, 223, 35.2235, 0
PixelHit 2105, 224, 18.2389, 0
PixelHit 2105, 225, 3.14108, 0
PixelHit 2105, 227, 1.89134, 0
PixelHit 2106, 205, 3.75496, 0
PixelHit 2106, 206, 46.227, 0
PixelHit 2106, 207, 33.0941, 0
PixelHit 2106, 219, 6.30745, 0
PixelHit 2106, 220, 22.5252, 0
PixelHit 2106, 221, 32.9373, 0
PixelHit 2106, 222, 38.885, 0
PixelHit 2106, 223, 14.341, 0
PixelHit 2106, 224, 10.6183, 0
PixelHit 2106, 226, -0.241783, 0
PixelHit 2107, 205, 1.90704, 0
PixelHit 2107, 206, 42.4801, 0
PixelHit 2107, 207, 27.8711, 0
PixelHit 2107, 208, 3.40021, 0
PixelHit 2107, 219, 8.11969, 0
PixelHit 2107, 220, 27.5383, 0
PixelHit 2107, 221, 32.036, 0
PixelHit 2107, 222, 27.9001, 0
PixelHit 2107, 223, 9.09133, 0
PixelHit 2107, 224, 2.81697, 0
PixelHit 2108, 207, 13.6805, 0
PixelHit 2108, 208, 4.37478, 0
PixelHit 2108, 217, 2.79652, 0
PixelHit 2108, 218, 12.2988, 0
PixelHit 2108, 219, 19.8756, 0
PixelHit 2108, 220, 32.106, 0
PixelHit 2108, 221, 26.4451, 0
PixelHit 2108, 222, 13.5833, 0
PixelHit 2108, 223, 4.16152, 0
PixelHit 2108, 224, 2.50972, 0
PixelHit 2109, 206, 4.6985, 0
PixelHit 2109, 207, 9.21096, 0
PixelHit 2109, 208, 12.6629, 0
PixelHit 2109, 209, 3.49818, 0
PixelHit 2109, 215, 1.35866, 0
PixelHit 2109, 216, 2.5526, 0
PixelHit 2109, 217, 17.979, 0
PixelHit 2109, 218, 32.9517, 0
PixelHit 2109, 219, 36.799, 0
PixelHit 2109, 220, 26.6059, 0
PixelHit 2109, 221, 8.62639, 0
PixelHit 2109, 222, 6.91196, 0
PixelHit 2110, 207, 11.8026, 0
PixelHit 2110, 208, 23.0441, 0
PixelHit 2110, 209, 6.12791, 0
PixelHit 2110, 210, 2.62556, 0
PixelHit 2110, 215, 2.30187, 0
PixelHit 2110, 216, 8.68402, 0
PixelHit 2110, 217, 27.0158, 0
PixelHit 2110, 218, 56.8873, 0
PixelHit 2110, 219, 32.8901, 0
PixelHit 2110, 220, 10.5525, 0
PixelHit 2110, 221, 3.47133, 0
PixelHit 2111, 207, 9.91231, 0
PixelHit 2111, 208, 30.3973, 0
PixelHit 2111, 209, 29.6468, 0
PixelHit 2111, 210, 8.54742, 0
PixelHit 2111, 215, 10.6543, 0
PixelHit 2111, 216, 23.5414, 0
PixelHit 2111, 217, 41.2506, 0
PixelHit 2111, 218, 38.1151, 0
PixelHit 2111, 219, 19.8115, 0
PixelHit 2111, 220, 5.44751, 0
PixelHit 2111, 221, 1.14648, 0
PixelHit 2112, 207, 5.16444, 0
PixelHit 2112, 208, 39.7308, 0
PixelHit 2112, 209, 66.6331, 0
PixelHit 2112, 210, 27.6087, 0
PixelHit 2112, 211, 2.19483, 0
PixelHit 2112, 212, 1.83829, 0
PixelHit 2112, 213, 4.55894, 0
PixelHit 2112, 214, 17.1886, 0
PixelHit 2112, 215, 26.2564, 0
PixelHit 2112, 216, 24.9732, 0
PixelHit 2112, 217, 14.0689, 0
PixelHit 2112, 218, 14.4007, 0
PixelHit 2112, 219, 11.3615, 0
PixelHit 2112, 220, 0.892751, 0
PixelHit 2113, 207, 2.83358, 0
PixelHit 2113, 208, 17.5035, 0
PixelHit 2113, 209, 77.3124, 0
PixelHit 2113, 210, 39.2454, 0
PixelHit 2113, 211, 7.99032, 0
PixelHit 2113, 212, 4.36804, 0
PixelHit 2113, 213, 17.4075, 0
PixelHit 2113, 214, 62.6213, 0
PixelHit 2113, 215, 68.6594, 0
PixelHit 2113, 216, 45.4105, 0
PixelHit 2113, 217, 12.3532, 0
PixelHit 2113, 218, 5.07635, 0
PixelHit 2113, 219, 1.28823, 0
PixelHit 2114, 208, 20.0333, 0
PixelHit 2114, 209, 66.3917, 0
PixelHit 2114, 210, 63.4936, 0
PixelHit 2114, 211, 16.7737, 0
PixelHit 2114, 212, 18.5536, 0
PixelHit 2114, 213, 51.4301, 0
PixelHit 2114, 214, 86.6826, 0
PixelHit 2114, 215, 110.144, 0
PixelHit 2114, 216, 33.9005, 0
PixelHit 2114, 217, 7.60108, 0
PixelHit 2114, 218, 3.12104, 0
PixelHit 2115, 208, 5.82301, 0
PixelHit 2115, 209, 27.5343, 0
PixelHit 2115, 210, 41.8005, 0
PixelHit 2115, 211, 18.7323, 0
PixelHit 2115, 212, 24.3338, 0
PixelHit 2115, 213, 69.329, 0
PixelHit 2115, 214, 88.5095, 0
PixelHit 2115, 215, 55.2224, 0
PixelHit 2115, 216, 10.9191, 0
PixelHit 2115, 217, 3.92424, 0
PixelHit 2116, 208, 4.52899, 0
PixelHit 2116, 209, 16.98, 0
PixelHit 2116, 210, 46.7706, 0
PixelHit 2116, 211, 34.4365, 0
PixelHit 2116, 212, 39.288, 0
PixelHit 2116, 213, 36.8604, 0
PixelHit 2116, 214, 25.4207, 0
PixelHit 2116, 215, 17.2707, 0
PixelHit 2116, 216, 4.18071, 0
PixelHit 2117, 208, 2.25037, 0
PixelHit 2117, 209, 14.2714, 0
PixelHit 2117, 210, 28.4322, 0
PixelHit 2117, 211, 44.5203, 0
PixelHit 2117, 212, 19.8377, 0
PixelHit 2117, 213, 10.9594, 0
PixelHit 2117, 214, 5.03372, 0
PixelHit 2117, 215, 2.76871, 0
PixelHit 2118, 209, 8.91616, 0
PixelHit 2118, 210, 32.1029, 0
PixelHit 2118, 211, 32.0273, 0
PixelHit 2118, 212, 23.3588, 0
PixelHit 2118, 213, 8.93378, 0
PixelHit 2118, 214, 3.56647, 0
PixelHit 2119, 209, 4.54704, 0
PixelHit 2119, 210, 19.6603, 0
PixelHit 2119, 211, 31.2717, 0
PixelHit 2119, 212, 15.7015, 0
PixelHit 2119, 213, 5.16781, 0
PixelHit 2120, 209, 1.35334, 0
PixelHit 2120, 210, 14.3767, 0
PixelHit 2120, 211, 19.9701, 0
PixelHit 2120, 212, 9.25537, 0
PixelHit 2120, 213, 6.2459, 0
PixelHit 2120, 214, 1.60647, 0
PixelHit 2121, 210, 4.8927, 0
PixelHit 2121, 211, 19.3851, 0
PixelHit 2121, 212, 16.0999, 0
PixelHit 2121, 213, 3.60498, 0
PixelHit 2122, 210, 3.07175, 0
PixelHit 2122, 211, 12.8976, 0
PixelHit 2122, 212, 26.9306, 0
PixelHit 2122, 213, 10.6432, 0
PixelHit 2122, 214, 2.43283, 0
PixelHit 2123, 210, 10.452, 0
PixelHit 2123, 211, 30.3003, 0
PixelHit 2123, 212, 38.1608, 0
PixelHit 2123, 213, 13.1809, 0
PixelHit 2124, 210, 5.96959, 0
PixelHit 2124, 211, 15.594, 0
PixelHit 2124, 212, 30.1102, 0
PixelHit 2124, 213, 13.4688, 0
PixelHit 2124, 214, 3.46731, 0
PixelHit 2125, 210, 3.19541, 0
PixelHit 2125, 211, 9.52651, 0
PixelHit 2125, 212, 13.0138, 0
PixelHit 2125, 213, 10.9924, 0
PixelHit 2125, 214, 1.20368, 0
PixelHit 2126, 210, 2.5907, 0
PixelHit 2126, 211, 6.78698, 0
PixelHit 2126, 212, 11.1964, 0
PixelHit 2126, 213, 7.61664, 0
PixelHit 2126, 214, 1.93989, 0
PixelHit 2127, 211, 6.81574, 0
PixelHit 2127, 212, 9.75585, 0
PixelHit 2127, 213, 8.13618, 0
PixelHit 2128, 211, 1.85168, 0
PixelHit 2128, 212, 15.2764, 0
PixelHit 2128, 213, 14.276, 0
PixelHit 2128, 214, 8.62444, 0
PixelHit 2129, 211, 5.8804, 0
PixelHit 2129, 212, 20.5731, 0
PixelHit 2129, 213, 19.7349, 0
PixelHit 2129, 214, 10.8445, 0
PixelHit 2129, 215, 5.70176, 0
PixelHit 2130, 211, 5.75225, 0
PixelHit 2130, 212, 25.413, 0
PixelHit 2130, 213, 21.4008, 0
PixelHit 2130, 214, 15.6044, 0
PixelHit 2130, 215, 2.46955, 0
PixelHit 2131, 211, 7.08252, 0
PixelHit 2131, 212, 18.1408, 0
PixelHit 2131, 213, 30.5892, 0
PixelHit 2131, 214, 28.0263, 0
PixelHit 2131, 215, 13.9891, 0
PixelHit 2132, 211, 14.0214, 0
PixelHit 2132, 212, 24.3081, 0
PixelHit 2132, 213, 38.6829, 0
PixelHit 2132, 214, 29.0115, 0
PixelHit 2132, 215, 12.1582, 0
PixelHit 2132, 216, 3.35914, 0
PixelHit 2133, 211, 6.24473, 0
PixelHit 2133, 212, 17.3073, 0
PixelHit 2133, 213, 37.947, 0
PixelHit 2133, 214, 29.8056, 0
PixelHit 2133, 215, 15.9871, 0
PixelHit 2133, 216, 2.19369, 0
PixelHit 2134, 211, 3.94806, 0
PixelHit 2134, 212, 18.2316, 0
PixelHit 2134, 213, 35.2573, 0
PixelHit 2134, 214, 44.715, 0
PixelHit 2134, 215, 17.3089, 0
PixelHit 2134, 216, 3.43594, 0
PixelHit 2134, 217, 1.99708, 0
PixelHit 2135, 211, 2.51541, 0
PixelHit 2135, 212, 15.0721, 0
PixelHit 2135, 213, 45.8377, 0
PixelHit 2135, 214, 47.0908, 0
PixelHit 2135, 215, 32.3924, 0
PixelHit 2135, 216, 9.79241, 0
PixelHit 2136, 212, 18.6442, 0
PixelHit 2136, 213, 65.408, 0
PixelHit 2136, 214, 85.6447, 0
PixelHit 2136, 215, 29.333, 0
PixelHit 2136, 216, 10.9708, 0
PixelHit 2136, 217, 1.6014, 0
PixelHit 2137, 211, 2.66992, 0
PixelHit 2137, 212, 17.8832, 0
PixelHit 2137, 213, 37.9287, 0
PixelHit 2137, 214, 33.6281, 0
PixelHit 2137, 215, 30.0849, 0
PixelHit 2137, 216, 10.3812, 0
PixelHit 2138, 211, 0.833874, 0
PixelHit 2138, 212, 7.90183, 0
PixelHit 2138, 213, 14.0276, 0
PixelHit 2138, 214, 23.1584, 0
PixelHit 2138, 215, 11.2546, 0
PixelHit 2138, 216, 5.41144, 0
PixelHit 2139, 212, 2.04548, 0
PixelHit 2139, 214, 9.25532, 0
PixelHit 2139, 215, 9.98327, 0
PixelHit 2139, 216, 2.7188, 0
PixelHit 2140, 213, 5.04633, 0
PixelHit 2140, 214, 10.5818, 0
PixelHit 2140, 215, 11.8781, 0
PixelHit 2140, 216, 4.40089, 0
PixelHit 2140, 217, 2.47962, 0
PixelHit 2141, 211, 1.22031, 0
PixelHit 2141, 212, 2.31318, 0
PixelHit 2141, 213, 1.23758, 0
PixelHit 2141, 214, 11.0672, 0
PixelHit 2141, 215, 13.577, 0
PixelHit 2141, 216, 8.85676, 0
PixelHit 2142, 213, 4.47142, 0
PixelHit 2142, 214, 11.6934, 0
PixelHit 2142, 215, 13.6579, 0
PixelHit 2142, 217, 2.25838, 0
PixelHit 2143, 213, 1.73568, 0
PixelHit 2143, 214, 4.37237, 0
PixelHit 2143, 215, 9.72977, 0
PixelHit 2143, 216, 0.816154, 0
PixelHit 2144, 213, 1.23885, 0
PixelHit 2144, 215, 3.0975, 0
=== 25 ===
=== 26 ===
=== 27 ===
=== 28 ===
=== 29 ===
=== 30 ===
=== 31 ===
=== 32 ===
=== 33 ===
=== 34 ===
=== 35 ===
=== 36 ===
=== 37 ===
=== 38 ===
=== 39 ===
=== 40 ===
=== 41 ===
=== 42 ===
=== 43 ===
=== 44 ===
=== 45 ===
=== 46 ===
=== 47 ===
=== 48 ===
=== 49 ===
=== 50 ===
=== 51 ===
=== 52 ===
=== 53 ===
=== 54 ===
=== 55 ===
=== 56 ===
=== 57 ===
=== 58 ===
=== 59 ===
=== 60 ===
=== 61 ===
=== 62 ===
=== 63 ===
=== 64 ===
=== 65 ===
=== 66 ===
=== 67 ===
=== 68 ===
=== 69 ===
=== 70 ===
=== 71 ===
=== 72 ===
=== 73 ===
=== 74 ===
=== 75 ===
=== 76 ===
=== 77 ===
=== 78 ===
=== 79 ===
=== 80 ===
=== 81 ===
=== 82 ===
=== 83 ===
=== 84 ===
=== 85 ===
=== 86 ===
=== 87 ===
=== 88 ===
=== 89 ===
=== 90 ===
=== 91 ===
=== 92 ===
=== 93 ===
=== 94 ===
=== 95 ===
=== 96 ===
=== 97 ===
=== 98 ===
=== 99 ===
=== 100 ===
# 329 objects from 1 messages
