# Allpix Squared ASCII data - https://cern.ch/allpix-squared

=== 1 ===
=== 2 ===
=== 3 ===
=== 4 ===
=== 5 ===
=== 6 ===
=== 7 ===
=== 8 ===
=== 9 ===
=== 10 ===
=== 11 ===
=== 12 ===
=== 13 ===
=== 14 ===
=== 15 ===
=== 16 ===
=== 17 ===
=== 18 ===
=== 19 ===
=== 20 ===
=== 21 ===
=== 22 ===
=== 23 ===
=== 24 ===
=== 25 ===
=== 26 ===
=== 27 ===
=== 28 ===
=== 29 ===
=== 30 ===
=== 31 ===
=== 32 ===
=== 33 ===
=== 34 ===
=== 35 ===
=== 36 ===
=== 37 ===
=== 38 ===
=== 39 ===
=== 40 ===
--- mydetector ---
PixelHit 1264, 988, 6.65366, 0
PixelHit 1264, 989, 4.84198, 0
PixelHit 1265, 988, 60.6605, 0
PixelHit 1265, 989, 6.07681, 0
PixelHit 1266, 986, 1.1235, 0
PixelHit 1266, 987, 9.48097, 0
PixelHit 1266, 988, 74.5089, 0
PixelHit 1267, 986, 1.14387, 0
PixelHit 1267, 987, 10.4133, 0
PixelHit 1267, 988, 9.9435, 0
PixelHit 1268, 986, 7.83535, 0
PixelHit 1268, 987, 29.8418, 0
PixelHit 1268, 988, 6.50011, 0
PixelHit 1269, 985, 3.82539, 0
PixelHit 1269, 986, 39.4105, 0
PixelHit 1269, 987, 32.6773, 0
PixelHit 1269, 988, 1.99917, 0
PixelHit 1270, 985, 10.3814, 0
PixelHit 1270, 986, 149.71, 0
PixelHit 1270, 987, 74.3892, 0
PixelHit 1270, 988, 9.36505, 0
PixelHit 1271, 984, 1.10776, 0
PixelHit 1271, 985, 31.8687, 0
PixelHit 1271, 986, 73.8425, 0
PixelHit 1271, 987, 35.5866, 0
PixelHit 1271, 988, 3.87276, 0
PixelHit 1272, 984, 2.38898, 0
PixelHit 1272, 985, 44.8331, 0
PixelHit 1272, 986, 59.5306, 0
PixelHit 1272, 987, 3.56583, 0
PixelHit 1273, 984, 4.03113, 0
PixelHit 1273, 985, 31.9762, 0
PixelHit 1273, 986, 24.0902, 0
PixelHit 1273, 987, 1.48968, 0
PixelHit 1274, 969, 0.426993, 0
PixelHit 1274, 982, 1.19244, 0
PixelHit 1274, 984, 12.8051, 0
PixelHit 1274, 985, 15.485, 0
PixelHit 1274, 986, 8.65741, 0
PixelHit 1275, 968, 40.221, 0
PixelHit 1275, 969, 15.9454, 0
PixelHit 1275, 983, 1.37067, 0
PixelHit 1275, 984, 14.5548, 0
PixelHit 1275, 985, 22.0951, 0
PixelHit 1275, 986, 0.778308, 0
PixelHit 1276, 968, 50.0623, 0
PixelHit 1276, 969, 8.38445, 0
PixelHit 1276, 983, 15.2188, 0
PixelHit 1276, 984, 20.7522, 0
PixelHit 1276, 985, 6.7126, 0
PixelHit 1276, 986, 2.93708, 0
PixelHit 1277, 967, 16.4671, 0
PixelHit 1277, 968, 62.3518, 0
PixelHit 1277, 969, 1.02737, 0
PixelHit 1277, 982, 3.64587, 0
PixelHit 1277, 983, 15.0914, 0
PixelHit 1277, 984, 28.7036, 0
PixelHit 1277, 985, 10.8824, 0
PixelHit 1277, 987, 2.31088, 0
PixelHit 1278, 966, 3.04651, 0
PixelHit 1278, 967, 17.5038, 0
PixelHit 1278, 968, 10.2043, 0
PixelHit 1278, 982, 3.68664, 0
PixelHit 1278, 983, 11.6734, 0
PixelHit 1278, 984, 16.2474, 0
PixelHit 1278, 985, 4.66327, 0
PixelHit 1279, 966, 2.65455, 0
PixelHit 1279, 967, 21.0663, 0
PixelHit 1279, 968, 9.0138, 0
PixelHit 1279, 981, 2.51752, 0
PixelHit 1279, 982, 8.41478, 0
PixelHit 1279, 983, 19.616, 0
PixelHit 1279, 984, 14.1113, 0
PixelHit 1279, 985, 1.14463, 0
PixelHit 1280, 966, 11.076, 0
PixelHit 1280, 967, 9.26576, 0
PixelHit 1280, 981, 9.51489, 0
PixelHit 1280, 982, 23.19, 0
PixelHit 1280, 983, 19.8841, 0
PixelHit 1280, 984, 7.24363, 0
PixelHit 1281, 965, 5.48551, 0
PixelHit 1281, 966, 31.5489, 0
PixelHit 1281, 967, 15.0248, 0
PixelHit 1281, 980, 1.82967, 0
PixelHit 1281, 981, 12.9951, 0
PixelHit 1281, 982, 28.2023, 0
PixelHit 1281, 983, 38.9667, 0
PixelHit 1281, 984, 7.19568, 0
PixelHit 1282, 965, 11.9206, 0
PixelHit 1282, 966, 29.9969, 0
PixelHit 1282, 967, 16.8016, 0
PixelHit 1282, 980, 3.04279, 0
PixelHit 1282, 981, 15.5658, 0
PixelHit 1282, 982, 24.9877, 0
PixelHit 1282, 983, 12.3461, 0
PixelHit 1282, 984, 2.73373, 0
PixelHit 1283, 964, 2.41266, 0
PixelHit 1283, 965, 43.1934, 0
PixelHit 1283, 966, 52.7012, 0
PixelHit 1283, 967, 13.6146, 0
PixelHit 1283, 980, 0.609127, 0
PixelHit 1283, 981, 6.93579, 0
PixelHit 1283, 982, 13.9427, 0
PixelHit 1283, 983, 5.18297, 0
PixelHit 1283, 984, 2.02041, 0
PixelHit 1284, 963, -0.539547, 0
PixelHit 1284, 964, 14.2215, 0
PixelHit 1284, 965, 34.0452, 0
PixelHit 1284, 966, 30.5652, 0
PixelHit 1284, 967, 2.03951, 0
PixelHit 1284, 979, 2.886, 0
PixelHit 1284, 980, 4.49382, 0
PixelHit 1284, 981, 2.56277, 0
PixelHit 1284, 982, 3.16221, 0
PixelHit 1285, 963, 1.71141, 0
PixelHit 1285, 964, 24.9665, 0
PixelHit 1285, 965, 54.878, 0
PixelHit 1285, 966, 19.7269, 0
PixelHit 1285, 979, 6.08228, 0
PixelHit 1285, 980, 11.4194, 0
PixelHit 1285, 981, 17.4352, 0
PixelHit 1285, 982, 6.66061, 0
PixelHit 1286, 963, 2.7326, 0
PixelHit 1286, 964, 12.6109, 0
PixelHit 1286, 965, 17.5652, 0
PixelHit 1286, 966, 3.26822, 0
PixelHit 1286, 979, 11.6082, 0
PixelHit 1286, 980, 34.033, 0
PixelHit 1286, 981, 23.6597, 0
PixelHit 1286, 982, 10.2115, 0
PixelHit 1286, 983, 1.9604, 0
PixelHit 1287, 964, 4.00605, 0
PixelHit 1287, 965, 5.87691, 0
PixelHit 1287, 966, 3.00717, 0
PixelHit 1287, 978, 2.58189, 0
PixelHit 1287, 979, 24.6451, 0
PixelHit 1287, 980, 38.8302, 0
PixelHit 1287, 981, 36.8228, 0
PixelHit 1287, 982, 9.99859, 0
PixelHit 1287, 983, 2.23122, 0
PixelHit 1288, 962, 1.86027, 0
PixelHit 1288, 963, 8.49596, 0
PixelHit 1288, 964, 5.94486, 0
PixelHit 1288, 978, 12.0121, 0
PixelHit 1288, 979, 20.4369, 0
PixelHit 1288, 980, 26.6368, 0
PixelHit 1288, 981, 27.8041, 0
PixelHit 1288, 982, 7.53718, 0
PixelHit 1289, 962, 15.982, 0
PixelHit 1289, 963, 25.6295, 0
PixelHit 1289, 964, 18.8338, 0
PixelHit 1289, 965, 3.3739, 0
PixelHit 1289, 977, 2.81812, 0
PixelHit 1289, 978, 4.61596, 0
PixelHit 1289, 979, 18.6096, 0
PixelHit 1289, 980, 23.0544, 0
PixelHit 1289, 981, 12.3837, 0
PixelHit 1289, 982, 3.64702, 0
PixelHit 1290, 962, 14.5897, 0
PixelHit 1290, 963, 28.1488, 0
PixelHit 1290, 964, 27.2081, 0
PixelHit 1290, 965, 2.14507, 0
PixelHit 1290, 978, 10.3467, 0
PixelHit 1290, 979, 9.41194, 0
PixelHit 1290, 980, 13.7549, 0
PixelHit 1290, 981, 3.58348, 0
PixelHit 1291, 961, 2.51474, 0
PixelHit 1291, 962, 9.26037, 0
PixelHit 1291, 963, 10.1782, 0
PixelHit 1291, 964, 7.10492, 0
PixelHit 1291, 965, 3.21887, 0
PixelHit 1291, 966, 1.17737, 0
PixelHit 1291, 976, 1.80568, 0
PixelHit 1291, 978, 6.72715, 0
PixelHit 1291, 979, 16.1886, 0
PixelHit 1291, 980, 6.43102, 0
PixelHit 1291, 981, 1.19187, 0
PixelHit 1292, 961, 2.46575, 0
PixelHit 1292, 962, 7.77405, 0
PixelHit 1292, 963, 6.31966, 0
PixelHit 1292, 964, 3.62766, 0
PixelHit 1292, 977, 6.41407, 0
PixelHit 1292, 978, 10.6189, 0
PixelHit 1292, 979, 3.75215, 0
PixelHit 1292, 981, 1.76955, 0
PixelHit 1293, 960, 2.02143, 0
PixelHit 1293, 961, 18.9857, 0
PixelHit 1293, 962, 17.7792, 0
PixelHit 1293, 963, 9.94139, 0
PixelHit 1293, 964, 2.1712, 0
PixelHit 1293, 976, 2.24213, 0
PixelHit 1293, 977, 7.21637, 0
PixelHit 1293, 978, 6.51567, 0
PixelHit 1293, 979, 6.58928, 0
PixelHit 1294, 958, 1.50676, 0
PixelHit 1294, 959, 2.08108, 0
PixelHit 1294, 960, 4.31032, 0
PixelHit 1294, 961, 25.55, 0
PixelHit 1294, 962, 26.698, 0
PixelHit 1294, 963, 10.3753, 0
PixelHit 1294, 974, 2.94572, 0
PixelHit 1294, 976, 3.32896, 0
PixelHit 1294, 977, 6.11667, 0
PixelHit 1294, 978, 10.6952, 0
PixelHit 1294, 979, 3.13207, 0
PixelHit 1295, 957, 2.18743, 0
PixelHit 1295, 958, 1.33579, 0
PixelHit 1295, 959, 8.57823, 0
PixelHit 1295, 960, 37.4651, 0
PixelHit 1295, 961, 35.6531, 0
PixelHit 1295, 962, 30.6608, 0
PixelHit 1295, 963, 10.66, 0
PixelHit 1295, 964, 2.58221, 0
PixelHit 1295, 974, 2.51346, 0
PixelHit 1295, 976, 4.88155, 0
PixelHit 1295, 977, 4.30617, 0
PixelHit 1295, 978, 5.83214, 0
PixelHit 1295, 979, 2.24748, 0
PixelHit 1296, 958, 3.37322, 0
PixelHit 1296, 959, 11.7723, 0
PixelHit 1296, 960, 51.2535, 0
PixelHit 1296, 961, 88.0869, 0
PixelHit 1296, 962, 40.6318, 0
PixelHit 1296, 963, 4.8304, 0
PixelHit 1296, 975, 3.73942, 0
PixelHit 1296, 976, 11.4665, 0
PixelHit 1296, 977, 12.8566, 0
PixelHit 1296, 978, 9.47659, 0
PixelHit 1296, 979, 6.14827, 0
PixelHit 1296, 980, 0.113503, 0
PixelHit 1297, 958, 7.92104, 0
PixelHit 1297, 959, 17.5428, 0
PixelHit 1297, 960, 57.2452, 0
PixelHit 1297, 961, 72.8835, 0
PixelHit 1297, 962, 21.6894, 0
PixelHit 1297, 963, 9.01442, 0
PixelHit 1297, 974, 2.94684, 0
PixelHit 1297, 975, 11.2623, 0
PixelHit 1297, 976, 16.9427, 0
PixelHit 1297, 977, 15.086, 0
PixelHit 1297, 978, 6.4785, 0
PixelHit 1297, 979, 3.51365, 0
PixelHit 1298, 958, 2.41543, 0
PixelHit 1298, 959, 14.2464, 0
PixelHit 1298, 960, 40.4292, 0
PixelHit 1298, 961, 47.1358, 0
PixelHit 1298, 962, 15.027, 0
PixelHit 1298, 963, 5.00407, 0
PixelHit 1298, 974, 6.35587, 0
PixelHit 1298, 975, 14.3725, 0
PixelHit 1298, 976, 9.80254, 0
PixelHit 1298, 977, 13.8228, 0
PixelHit 1298, 978, 2.30304, 0
PixelHit 1299, 957, 0.877204, 0
PixelHit 1299, 958, 7.22023, 0
PixelHit 1299, 959, 18.623, 0
PixelHit 1299, 960, 25.5411, 0
PixelHit 1299, 961, 21.681, 0
PixelHit 1299, 962, 2.61495, 0
PixelHit 1299, 973, 1.31986, 0
PixelHit 1299, 974, 5.13251, 0
PixelHit 1299, 975, 4.97876, 0
PixelHit 1299, 976, 6.80766, 0
PixelHit 1299, 977, 6.82201, 0
PixelHit 1299, 978, 5.41402, 0
PixelHit 1300, 956, 2.46967, 0
PixelHit 1300, 957, 5.46758, 0
PixelHit 1300, 958, 14.7736, 0
PixelHit 1300, 959, 36.8586, 0
PixelHit 1300, 960, 33.5714, 0
PixelHit 1300, 961, 20.4226, 0
PixelHit 1300, 974, 1.68327, 0
PixelHit 1300, 975, 1.17347, 0
PixelHit 1300, 976, 1.91624, 0
PixelHit 1301, 956, 6.78012, 0
PixelHit 1301, 957, 27.8033, 0
PixelHit 1301, 958, 118.209, 0
PixelHit 1301, 959, 167.364, 0
PixelHit 1301, 960, 117.08, 0
PixelHit 1301, 961, 39.6583, 0
PixelHit 1301, 962, 9.45982, 0
PixelHit 1301, 975, 1.69144, 0
PixelHit 1301, 976, 1.52985, 0
PixelHit 1302, 954, 2.05388, 0
PixelHit 1302, 955, 4.38651, 0
PixelHit 1302, 956, 17.932, 0
PixelHit 1302, 957, 100.278, 0
PixelHit 1302, 958, 295.226, 0
PixelHit 1302, 959, 401.223, 0
PixelHit 1302, 960, 283.594, 0
PixelHit 1302, 961, 93.7598, 0
PixelHit 1302, 962, 12.4452, 0
PixelHit 1303, 956, 28.8212, 0
PixelHit 1303, 957, 140.216, 0
PixelHit 1303, 958, 466.448, 0
PixelHit 1303, 959, 633.581, 0
PixelHit 1303, 960, 405.204, 0
PixelHit 1303, 961, 134.356, 0
PixelHit 1303, 962, 25.7714, 0
PixelHit 1303, 963, 1.38318, 0
PixelHit 1304, 955, 2.23685, 0
PixelHit 1304, 956, 17.9633, 0
PixelHit 1304, 957, 122.594, 0
PixelHit 1304, 958, 330.522, 0
PixelHit 1304, 959, 417.297, 0
PixelHit 1304, 960, 267.933, 0
PixelHit 1304, 961, 95.8376, 0
PixelHit 1304, 962, 9.1765, 0
PixelHit 1304, 963, 3.81413, 0
PixelHit 1305, 954, 2.8409, 0
PixelHit 1305, 955, 5.6881, 0
PixelHit 1305, 956, 31.6139, 0
PixelHit 1305, 957, 78.8098, 0
PixelHit 1305, 958, 136.559, 0
PixelHit 1305, 959, 178.245, 0
PixelHit 1305, 960, 115.476, 0
PixelHit 1305, 961, 30.9466, 0
PixelHit 1305, 962, 4.38539, 0
PixelHit 1306, 955, 15.1453, 0
PixelHit 1306, 956, 23.5832, 0
PixelHit 1306, 957, 89.4618, 0
PixelHit 1306, 958, 81.688, 0
PixelHit 1306, 959, 45.7297, 0
PixelHit 1306, 960, 21.5605, 0
PixelHit 1306, 961, 3.32345, 0
PixelHit 1307, 953, 1.6168, 0
PixelHit 1307, 954, 4.77655, 0
PixelHit 1307, 955, 23.4246, 0
PixelHit 1307, 956, 50.2114, 0
PixelHit 1307, 957, 83.4225, 0
PixelHit 1307, 958, 67.5202, 0
PixelHit 1307, 959, 27.6681, 0
PixelHit 1307, 960, 8.44119, 0
PixelHit 1307, 961, 1.04308, 0
PixelHit 1308, 954, 4.09017, 0
PixelHit 1308, 955, 19.8182, 0
PixelHit 1308, 956, 46.4429, 0
PixelHit 1308, 957, 62.3589, 0
PixelHit 1308, 958, 31.7618, 0
PixelHit 1308, 959, 13.1635, 0
PixelHit 1309, 954, 4.88295, 0
PixelHit 1309, 955, 22.2504, 0
PixelHit 1309, 956, 28.3682, 0
PixelHit 1309, 957, 34.3128, 0
PixelHit 1309, 958, 25.1372, 0
PixelHit 1309, 959, 2.49628, 0
PixelHit 1310, 954, 3.94086, 0
PixelHit 1310, 955, 3.13976, 0
PixelHit 1310, 956, 11.8819, 0
PixelHit 1310, 957, 19.8247, 0
PixelHit 1310, 958, 5.66335, 0
PixelHit 1311, 955, 1.92745, 0
PixelHit 1311, 957, 3.29454, 0
PixelHit 1312, 954, 1.43167, 0
=== 41 ===
=== 42 ===
=== 43 ===
=== 44 ===
=== 45 ===
=== 46 ===
=== 47 ===
=== 48 ===
=== 49 ===
=== 50 ===
=== 51 ===
=== 52 ===
=== 53 ===
=== 54 ===
=== 55 ===
=== 56 ===
=== 57 ===
=== 58 ===
=== 59 ===
=== 60 ===
=== 61 ===
=== 62 ===
=== 63 ===
=== 64 ===
=== 65 ===
=== 66 ===
=== 67 ===
=== 68 ===
=== 69 ===
=== 70 ===
=== 71 ===
=== 72 ===
=== 73 ===
=== 74 ===
=== 75 ===
=== 76 ===
=== 77 ===
=== 78 ===
=== 79 ===
=== 80 ===
=== 81 ===
=== 82 ===
=== 83 ===
=== 84 ===
=== 85 ===
=== 86 ===
=== 87 ===
=== 88 ===
=== 89 ===
=== 90 ===
=== 91 ===
=== 92 ===
=== 93 ===
=== 94 ===
=== 95 ===
=== 96 ===
=== 97 ===
--- mydetector ---
PixelHit 1272, 983, 2.53283, 0
PixelHit 1272, 984, 3.62892, 0
PixelHit 1273, 983, 9.67271, 0
PixelHit 1273, 984, 50.7643, 0
PixelHit 1274, 983, 38.1662, 0
PixelHit 1274, 984, 16.4609, 0
PixelHit 1275, 982, 6.57686, 0
PixelHit 1275, 983, 56.1163, 0
PixelHit 1275, 984, 4.42219, 0
PixelHit 1276, 982, 25.1533, 0
PixelHit 1276, 983, 58.2087, 0
PixelHit 1276, 984, 5.50002, 0
PixelHit 1276, 988, 19.2266, 0
PixelHit 1277, 982, 15.4604, 0
PixelHit 1277, 983, 4.39454, 0
PixelHit 1277, 987, 11.7265, 0
PixelHit 1277, 988, 58.8466, 0
PixelHit 1277, 989, 0.724311, 0
PixelHit 1278, 981, 7.38349, 0
PixelHit 1278, 982, 16.4219, 0
PixelHit 1278, 986, 4.93544, 0
PixelHit 1278, 987, 71.9569, 0
PixelHit 1278, 988, 98.0022, 0
PixelHit 1278, 989, -0.269082, 0
PixelHit 1279, 981, 11.2602, 0
PixelHit 1279, 982, 13.2863, 0
PixelHit 1279, 986, 4.32314, 0
PixelHit 1279, 987, 126.285, 0
PixelHit 1279, 988, 60.9059, 0
PixelHit 1280, 980, 1.9478, 0
PixelHit 1280, 982, 1.63044, 0
PixelHit 1280, 986, 3.55219, 0
PixelHit 1280, 987, 12.1536, 0
PixelHit 1280, 988, 6.60107, 0
PixelHit 1281, 980, 5.19103, 0
PixelHit 1281, 981, 9.03, 0
PixelHit 1281, 985, 9.28575, 0
PixelHit 1281, 986, 23.0273, 0
PixelHit 1281, 987, 20.3874, 0
PixelHit 1282, 978, 1.74617, 0
PixelHit 1282, 979, 6.81152, 0
PixelHit 1282, 980, 15.9152, 0
PixelHit 1282, 981, 7.8522, 0
PixelHit 1282, 982, 1.61314, 0
PixelHit 1282, 985, 3.6263, 0
PixelHit 1282, 986, 36.1285, 0
PixelHit 1282, 987, 10.7151, 0
PixelHit 1283, 979, 16.0866, 0
PixelHit 1283, 980, 33.0283, 0
PixelHit 1283, 981, 24.7031, 0
PixelHit 1283, 985, 14.8589, 0
PixelHit 1283, 986, 12.6734, 0
PixelHit 1283, 987, 3.53201, 0
PixelHit 1284, 978, 2.6856, 0
PixelHit 1284, 979, 16.3839, 0
PixelHit 1284, 980, 39.3651, 0
PixelHit 1284, 981, 13.8265, 0
PixelHit 1284, 982, 2.50692, 0
PixelHit 1284, 984, 9.89549, 0
PixelHit 1284, 985, 33.1014, 0
PixelHit 1284, 986, 19.3593, 0
PixelHit 1285, 978, 5.45976, 0
PixelHit 1285, 979, 16.1392, 0
PixelHit 1285, 980, 30.3513, 0
PixelHit 1285, 981, 6.20266, 0
PixelHit 1285, 984, 10.5718, 0
PixelHit 1285, 985, 30.2553, 0
PixelHit 1285, 986, 14.9014, 0
PixelHit 1286, 978, 9.58217, 0
PixelHit 1286, 979, 16.1684, 0
PixelHit 1286, 980, 6.22338, 0
PixelHit 1286, 981, 4.00479, 0
PixelHit 1286, 983, 5.48135, 0
PixelHit 1286, 984, 17.4313, 0
PixelHit 1286, 985, 31.3684, 0
PixelHit 1286, 986, 5.46029, 0
PixelHit 1286, 987, 0.419066, 0
PixelHit 1287, 977, 6.04053, 0
PixelHit 1287, 978, 9.6967, 0
PixelHit 1287, 979, 12.0364, 0
PixelHit 1287, 980, 4.76653, 0
PixelHit 1287, 983, 7.30487, 0
PixelHit 1287, 984, 23.8504, 0
PixelHit 1287, 985, 24.4557, 0
PixelHit 1287, 986, 6.33775, 0
PixelHit 1288, 977, 12.7951, 0
PixelHit 1288, 978, 32.2097, 0
PixelHit 1288, 979, 21.6763, 0
PixelHit 1288, 980, 4.31414, 0
PixelHit 1288, 982, 2.49089, 0
PixelHit 1288, 983, 19.1728, 0
PixelHit 1288, 984, 25.189, 0
PixelHit 1288, 985, 11.4381, 0
PixelHit 1289, 977, 15.4143, 0
PixelHit 1289, 978, 39.0857, 0
PixelHit 1289, 979, 10.8516, 0
PixelHit 1289, 980, 4.62084, 0
PixelHit 1289, 981, 2.20587, 0
PixelHit 1289, 982, 6.56388, 0
PixelHit 1289, 983, 33.9888, 0
PixelHit 1289, 984, 27.8539, 0
PixelHit 1289, 985, 10.7073, 0
PixelHit 1290, 976, 5.58462, 0
PixelHit 1290, 977, 22.3647, 0
PixelHit 1290, 978, 17.7523, 0
PixelHit 1290, 979, 5.57863, 0
PixelHit 1290, 981, 7.28843, 0
PixelHit 1290, 982, 17.4156, 0
PixelHit 1290, 983, 39.1908, 0
PixelHit 1290, 984, 25.9345, 0
PixelHit 1290, 985, 2.26293, 0
PixelHit 1291, 975, 6.02634, 0
PixelHit 1291, 976, 27.3167, 0
PixelHit 1291, 977, 42.4802, 0
PixelHit 1291, 978, 25.3403, 0
PixelHit 1291, 979, 8.19154, 0
PixelHit 1291, 981, 8.76649, 0
PixelHit 1291, 982, 38.852, 0
PixelHit 1291, 983, 56.1057, 0
PixelHit 1291, 984, 25.2099, 0
PixelHit 1291, 985, 0.847383, 0
PixelHit 1292, 975, 15.7792, 0
PixelHit 1292, 976, 56.4679, 0
PixelHit 1292, 977, 57.8269, 0
PixelHit 1292, 978, 21.8604, 0
PixelHit 1292, 980, 3.00868, 0
PixelHit 1292, 981, 12.5648, 0
PixelHit 1292, 982, 53.4697, 0
PixelHit 1292, 983, 46.9978, 0
PixelHit 1292, 984, 14.78, 0
PixelHit 1292, 985, 2.83801, 0
PixelHit 1293, 974, 2.14425, 0
PixelHit 1293, 975, 24.1777, 0
PixelHit 1293, 976, 48.386, 0
PixelHit 1293, 977, 52.5062, 0
PixelHit 1293, 978, 29.0105, 0
PixelHit 1293, 979, 2.39747, 0
PixelHit 1293, 980, 7.41281, 0
PixelHit 1293, 981, 21.6847, 0
PixelHit 1293, 982, 54.7233, 0
PixelHit 1293, 983, 41.6912, 0
PixelHit 1293, 984, 9.24841, 0
PixelHit 1294, 974, 8.55231, 0
PixelHit 1294, 975, 33.8351, 0
PixelHit 1294, 976, 39.9896, 0
PixelHit 1294, 977, 34.0385, 0
PixelHit 1294, 978, 7.99983, 0
PixelHit 1294, 979, 4.02742, 0
PixelHit 1294, 980, 8.79483, 0
PixelHit 1294, 981, 45.553, 0
PixelHit 1294, 982, 38.9898, 0
PixelHit 1294, 983, 20.219, 0
PixelHit 1294, 984, 3.73474, 0
PixelHit 1295, 973, 1.95871, 0
PixelHit 1295, 974, 10.1046, 0
PixelHit 1295, 975, 57.3603, 0
PixelHit 1295, 976, 53.1332, 0
PixelHit 1295, 977, 22.6626, 0
PixelHit 1295, 978, 3.54106, 0
PixelHit 1295, 979, 4.42399, 0
PixelHit 1295, 980, 18.7994, 0
PixelHit 1295, 981, 63.5509, 0
PixelHit 1295, 982, 36.6141, 0
PixelHit 1295, 983, 15.7272, 0
PixelHit 1295, 984, 2.26844, 0
PixelHit 1296, 973, 4.8371, 0
PixelHit 1296, 974, 17.921, 0
PixelHit 1296, 975, 44.319, 0
PixelHit 1296, 976, 44.5987, 0
PixelHit 1296, 977, 15.0212, 0
PixelHit 1296, 979, 8.78411, 0
PixelHit 1296, 980, 40.8527, 0
PixelHit 1296, 981, 62.8228, 0
PixelHit 1296, 982, 32.0816, 0
PixelHit 1296, 983, 4.35409, 0
PixelHit 1296, 984, 1.46683, 0
PixelHit 1297, 972, 1.42482, 0
PixelHit 1297, 973, 7.71026, 0
PixelHit 1297, 974, 10.7456, 0
PixelHit 1297, 975, 30.23, 0
PixelHit 1297, 976, 16.2591, 0
PixelHit 1297, 977, 9.81745, 0
PixelHit 1297, 979, 19.5346, 0
PixelHit 1297, 980, 60.3962, 0
PixelHit 1297, 981, 83.2944, 0
PixelHit 1297, 982, 26.8547, 0
PixelHit 1297, 983, 3.79631, 0
PixelHit 1297, 984, 0.724249, 0
PixelHit 1298, 973, 12.2441, 0
PixelHit 1298, 974, 19.0883, 0
PixelHit 1298, 975, 19.6213, 0
PixelHit 1298, 976, 13.548, 0
PixelHit 1298, 977, 4.63995, 0
PixelHit 1298, 978, 8.95452, 0
PixelHit 1298, 979, 24.7647, 0
PixelHit 1298, 980, 45.1479, 0
PixelHit 1298, 981, 53.9262, 0
PixelHit 1298, 982, 26.6552, 0
PixelHit 1298, 983, 4.82098, 0
PixelHit 1299, 972, 11.3139, 0
PixelHit 1299, 973, 22.3252, 0
PixelHit 1299, 974, 37.747, 0
PixelHit 1299, 975, 18.5649, 0
PixelHit 1299, 976, 7.00996, 0
PixelHit 1299, 977, 5.25362, 0
PixelHit 1299, 978, 11.0084, 0
PixelHit 1299, 979, 39.1218, 0
PixelHit 1299, 980, 52.9742, 0
PixelHit 1299, 981, 25.2295, 0
PixelHit 1299, 982, 9.6179, 0
PixelHit 1300, 972, 15.1505, 0
PixelHit 1300, 973, 39.8903, 0
PixelHit 1300, 974, 39.4664, 0
PixelHit 1300, 975, 34.1759, 0
PixelHit 1300, 976, 6.04978, 0
PixelHit 1300, 977, 3.17783, 0
PixelHit 1300, 978, 11.7477, 0
PixelHit 1300, 979, 26.2917, 0
PixelHit 1300, 980, 24.971, 0
PixelHit 1300, 981, 24.6584, 0
PixelHit 1300, 982, 2.3159, 0
PixelHit 1301, 970, 2.54882, 0
PixelHit 1301, 971, 3.28543, 0
PixelHit 1301, 972, 22.1713, 0
PixelHit 1301, 973, 41.6583, 0
PixelHit 1301, 974, 54.6623, 0
PixelHit 1301, 975, 32.0508, 0
PixelHit 1301, 976, 1.59556, 0
PixelHit 1301, 977, 4.3438, 0
PixelHit 1301, 978, 21.4471, 0
PixelHit 1301, 979, 29.0641, 0
PixelHit 1301, 980, 17.8821, 0
PixelHit 1301, 981, 6.40239, 0
PixelHit 1302, 971, 2.93708, 0
PixelHit 1302, 972, 15.3055, 0
PixelHit 1302, 973, 35.12, 0
PixelHit 1302, 974, 25.3289, 0
PixelHit 1302, 975, 17.5023, 0
PixelHit 1302, 976, 3.73229, 0
PixelHit 1302, 977, 14.7235, 0
PixelHit 1302, 978, 20.255, 0
PixelHit 1302, 979, 18.7608, 0
PixelHit 1302, 980, 12.5967, 0
PixelHit 1302, 981, 2.86409, 0
PixelHit 1303, 971, 2.83253, 0
PixelHit 1303, 972, 5.92715, 0
PixelHit 1303, 973, 21.6892, 0
PixelHit 1303, 974, 11.0335, 0
PixelHit 1303, 975, 4.69061, 0
PixelHit 1303, 976, 7.85108, 0
PixelHit 1303, 977, 12.5449, 0
PixelHit 1303, 978, 27.5765, 0
PixelHit 1303, 979, 19.6211, 0
PixelHit 1303, 980, 7.20892, 0
PixelHit 1303, 981, 3.5274, 0
PixelHit 1304, 970, 3.74345, 0
PixelHit 1304, 971, 12.7705, 0
PixelHit 1304, 972, 20.2619, 0
PixelHit 1304, 973, 13.8697, 0
PixelHit 1304, 974, 4.88863, 0
PixelHit 1304, 975, 4.79079, 0
PixelHit 1304, 976, 7.48761, 0
PixelHit 1304, 977, 24.1, 0
PixelHit 1304, 978, 47.0071, 0
PixelHit 1304, 979, 23.5559, 0
PixelHit 1304, 980, 7.31555, 0
PixelHit 1304, 981, 6.23726, 0
PixelHit 1305, 969, 2.70436, 0
PixelHit 1305, 970, 6.86841, 0
PixelHit 1305, 971, 20.4589, 0
PixelHit 1305, 972, 25.599, 0
PixelHit 1305, 973, 20.7388, 0
PixelHit 1305, 974, 6.54607, 0
PixelHit 1305, 975, 6.05674, 0
PixelHit 1305, 976, 15.0389, 0
PixelHit 1305, 977, 20.6098, 0
PixelHit 1305, 978, 27.0219, 0
PixelHit 1305, 979, 15.9603, 0
PixelHit 1305, 980, 6.4339, 0
PixelHit 1305, 981, 3.18373, 0
PixelHit 1306, 969, 0.911384, 0
PixelHit 1306, 970, 8.93722, 0
PixelHit 1306, 971, 21.875, 0
PixelHit 1306, 972, 28.9466, 0
PixelHit 1306, 973, 13.0544, 0
PixelHit 1306, 974, 4.53924, 0
PixelHit 1306, 976, 7.49814, 0
PixelHit 1306, 977, 23.6238, 0
PixelHit 1306, 978, 24.0697, 0
PixelHit 1306, 979, 14.432, 0
PixelHit 1306, 980, 5.78382, 0
PixelHit 1306, 981, 2.00061, 0
PixelHit 1307, 969, 2.36358, 0
PixelHit 1307, 970, 7.96032, 0
PixelHit 1307, 971, 15.5668, 0
PixelHit 1307, 972, 14.3712, 0
PixelHit 1307, 973, 11.5318, 0
PixelHit 1307, 974, 1.96438, 0
PixelHit 1307, 976, 13.9358, 0
PixelHit 1307, 977, 8.75087, 0
PixelHit 1307, 978, 14.4753, 0
PixelHit 1307, 980, 3.3864, 0
PixelHit 1308, 970, 5.38525, 0
PixelHit 1308, 971, 4.96107, 0
PixelHit 1308, 972, 3.30194, 0
PixelHit 1308, 975, 5.26837, 0
PixelHit 1308, 976, 5.76284, 0
PixelHit 1308, 977, 8.58367, 0
PixelHit 1309, 973, 2.2976, 0
PixelHit 1309, 976, 4.57656, 0
PixelHit 1309, 977, 8.04821, 0
PixelHit 1309, 978, 4.3606, 0
PixelHit 1310, 974, 1.71159, 0
PixelHit 1310, 976, 8.14562, 0
PixelHit 1310, 977, 1.01153, 0
PixelHit 1311, 977, 1.80805, 0
PixelHit 1312, 976, 1.85512, 0
PixelHit 1313, 978, 2.62024, 0
=== 98 ===
=== 99 ===
=== 100 ===
# 672 objects from 2 messages
