# Allpix Squared ASCII data - https://cern.ch/allpix-squared

=== 1 ===
=== 2 ===
=== 3 ===
=== 4 ===
=== 5 ===
=== 6 ===
=== 7 ===
=== 8 ===
=== 9 ===
=== 10 ===
=== 11 ===
=== 12 ===
=== 13 ===
=== 14 ===
=== 15 ===
=== 16 ===
=== 17 ===
=== 18 ===
=== 19 ===
=== 20 ===
=== 21 ===
=== 22 ===
=== 23 ===
=== 24 ===
=== 25 ===
=== 26 ===
=== 27 ===
=== 28 ===
=== 29 ===
=== 30 ===
=== 31 ===
=== 32 ===
=== 33 ===
=== 34 ===
=== 35 ===
=== 36 ===
=== 37 ===
=== 38 ===
=== 39 ===
=== 40 ===
=== 41 ===
=== 42 ===
=== 43 ===
=== 44 ===
=== 45 ===
=== 46 ===
=== 47 ===
=== 48 ===
=== 49 ===
=== 50 ===
=== 51 ===
=== 52 ===
=== 53 ===
=== 54 ===
=== 55 ===
=== 56 ===
=== 57 ===
=== 58 ===
=== 59 ===
--- mydetector ---
PixelHit 1028, 1072, 0.547967, 0
PixelHit 1029, 1068, 3.62678, 0
PixelHit 1029, 1069, 4.23842, 0
PixelHit 1029, 1070, 3.07368, 0
PixelHit 1030, 1067, 1.86892, 0
PixelHit 1030, 1068, 9.49813, 0
PixelHit 1030, 1069, 4.83403, 0
PixelHit 1031, 1066, 3.77018, 0
PixelHit 1031, 1067, 15.5149, 0
PixelHit 1031, 1068, 14.643, 0
PixelHit 1031, 1069, 4.82274, 0
PixelHit 1031, 1070, 5.70164, 0
PixelHit 1032, 1066, 3.55748, 0
PixelHit 1032, 1067, 8.14475, 0
PixelHit 1032, 1068, 6.73323, 0
PixelHit 1032, 1069, 13.1096, 0
PixelHit 1033, 1064, 1.71053, 0
PixelHit 1033, 1066, 7.47467, 0
PixelHit 1033, 1067, 13.2773, 0
PixelHit 1033, 1068, 7.09163, 0
PixelHit 1033, 1069, 4.85162, 0
PixelHit 1033, 1070, 4.16506, 0
PixelHit 1033, 1071, 0.913801, 0
PixelHit 1034, 1065, 1.74956, 0
PixelHit 1034, 1066, 12.2993, 0
PixelHit 1034, 1067, 9.14072, 0
PixelHit 1034, 1068, 9.24001, 0
PixelHit 1034, 1069, 2.04652, 0
PixelHit 1035, 1065, 5.49233, 0
PixelHit 1035, 1066, 8.97671, 0
PixelHit 1035, 1067, 9.43968, 0
PixelHit 1035, 1068, 4.76916, 0
PixelHit 1036, 1063, 2.08944, 0
PixelHit 1036, 1065, 14.1822, 0
PixelHit 1036, 1066, 23.3161, 0
PixelHit 1036, 1067, 13.2268, 0
PixelHit 1036, 1068, 4.80103, 0
PixelHit 1037, 1063, 1.43926, 0
PixelHit 1037, 1064, 16.0447, 0
PixelHit 1037, 1065, 23.9769, 0
PixelHit 1037, 1066, 17.3896, 0
PixelHit 1037, 1067, 11.6569, 0
PixelHit 1037, 1068, 4.70576, 0
PixelHit 1038, 1063, 3.97323, 0
PixelHit 1038, 1064, 19.3005, 0
PixelHit 1038, 1065, 29.0414, 0
PixelHit 1038, 1066, 21.0343, 0
PixelHit 1038, 1067, 9.67619, 0
PixelHit 1039, 1062, 4.99409, 0
PixelHit 1039, 1063, 8.74585, 0
PixelHit 1039, 1064, 19.774, 0
PixelHit 1039, 1065, 30.0131, 0
PixelHit 1039, 1066, 29.3875, 0
PixelHit 1039, 1067, 7.79945, 0
PixelHit 1040, 1061, 1.25077, 0
PixelHit 1040, 1063, 6.82918, 0
PixelHit 1040, 1064, 12.1829, 0
PixelHit 1040, 1065, 17.4764, 0
PixelHit 1040, 1066, 19.8545, 0
PixelHit 1040, 1067, 5.57231, 0
PixelHit 1041, 1062, 8.35738, 0
PixelHit 1041, 1063, 4.27155, 0
PixelHit 1041, 1064, 13.8087, 0
PixelHit 1041, 1065, 15.2126, 0
PixelHit 1041, 1066, 7.58745, 0
PixelHit 1041, 1067, 3.81653, 0
PixelHit 1042, 1059, 1.83092, 0
PixelHit 1042, 1061, 4.73995, 0
PixelHit 1042, 1062, 23.1997, 0
PixelHit 1042, 1063, 20.6252, 0
PixelHit 1042, 1064, 25.4482, 0
PixelHit 1042, 1065, 13.5397, 0
PixelHit 1042, 1066, 5.82311, 0
PixelHit 1042, 1068, 1.84556, 0
PixelHit 1043, 1060, 3.45163, 0
PixelHit 1043, 1061, 15.4754, 0
PixelHit 1043, 1062, 57.5885, 0
PixelHit 1043, 1063, 84.78, 0
PixelHit 1043, 1064, 71.7761, 0
PixelHit 1043, 1065, 30.8004, 0
PixelHit 1043, 1066, 10.1628, 0
PixelHit 1044, 1059, 1.8379, 0
PixelHit 1044, 1060, 7.61352, 0
PixelHit 1044, 1061, 23.3029, 0
PixelHit 1044, 1062, 104.619, 0
PixelHit 1044, 1063, 157.62, 0
PixelHit 1044, 1064, 102.899, 0
PixelHit 1044, 1065, 36.0771, 0
PixelHit 1044, 1066, 9.74607, 0
PixelHit 1045, 1059, 1.89709, 0
PixelHit 1045, 1060, 9.59881, 0
PixelHit 1045, 1061, 23.1866, 0
PixelHit 1045, 1062, 108.92, 0
PixelHit 1045, 1063, 145.121, 0
PixelHit 1045, 1064, 102.495, 0
PixelHit 1045, 1065, 34.7686, 0
PixelHit 1045, 1066, 5.43968, 0
PixelHit 1046, 1060, 11.8951, 0
PixelHit 1046, 1061, 38.3433, 0
PixelHit 1046, 1062, 95.5113, 0
PixelHit 1046, 1063, 86.7173, 0
PixelHit 1046, 1064, 54.784, 0
PixelHit 1046, 1065, 11.4421, 0
PixelHit 1046, 1066, 1.24801, 0
PixelHit 1047, 1059, 3.17729, 0
PixelHit 1047, 1060, 13.9969, 0
PixelHit 1047, 1061, 57.7196, 0
PixelHit 1047, 1062, 86.5696, 0
PixelHit 1047, 1063, 90.5638, 0
PixelHit 1047, 1064, 39.9012, 0
PixelHit 1047, 1065, 7.69068, 0
PixelHit 1048, 1060, 15.0929, 0
PixelHit 1048, 1061, 57.7357, 0
PixelHit 1048, 1062, 56.3781, 0
PixelHit 1048, 1063, 30.7604, 0
PixelHit 1048, 1064, 15.6616, 0
PixelHit 1048, 1065, 2.58506, 0
PixelHit 1049, 1059, 2.62101, 0
PixelHit 1049, 1060, 12.9577, 0
PixelHit 1049, 1061, 18.4879, 0
PixelHit 1049, 1062, 22.4914, 0
PixelHit 1049, 1063, 18.2538, 0
PixelHit 1049, 1064, 5.50353, 0
PixelHit 1050, 1058, 2.12663, 0
PixelHit 1050, 1059, 3.94389, 0
PixelHit 1050, 1060, 9.55226, 0
PixelHit 1050, 1061, 12.1408, 0
PixelHit 1050, 1062, 12.4749, 0
PixelHit 1050, 1063, 8.21896, 0
PixelHit 1050, 1064, 2.20854, 0
PixelHit 1051, 1059, 7.86929, 0
PixelHit 1051, 1060, 19.6261, 0
PixelHit 1051, 1061, 19.2362, 0
PixelHit 1051, 1062, 8.53336, 0
PixelHit 1052, 1057, 1.78071, 0
PixelHit 1052, 1058, 4.22252, 0
PixelHit 1052, 1059, 15.0384, 0
PixelHit 1052, 1060, 18.4562, 0
PixelHit 1052, 1061, 11.0335, 0
PixelHit 1052, 1062, 9.87375, 0
PixelHit 1052, 1063, 1.07314, 0
PixelHit 1053, 1057, 3.28326, 0
PixelHit 1053, 1058, 3.8099, 0
PixelHit 1053, 1059, 11.9517, 0
PixelHit 1053, 1060, 13.2851, 0
PixelHit 1053, 1061, 10.6394, 0
PixelHit 1054, 1057, 3.97758, 0
PixelHit 1054, 1058, 20.2847, 0
PixelHit 1054, 1059, 26.237, 0
PixelHit 1054, 1060, 15.1639, 0
PixelHit 1054, 1061, 13.5445, 0
PixelHit 1054, 1062, 4.36917, 0
PixelHit 1055, 1057, 14.1556, 0
PixelHit 1055, 1058, 22.8106, 0
PixelHit 1055, 1059, 39.0208, 0
PixelHit 1055, 1060, 20.0481, 0
PixelHit 1055, 1061, 6.72324, 0
PixelHit 1056, 1056, 4.51256, 0
PixelHit 1056, 1057, 13.1288, 0
PixelHit 1056, 1058, 18.2886, 0
PixelHit 1056, 1059, 23.9963, 0
PixelHit 1056, 1060, 14.3086, 0
PixelHit 1056, 1061, 5.36747, 0
PixelHit 1057, 1056, 1.11077, 0
PixelHit 1057, 1057, 7.19183, 0
PixelHit 1057, 1058, 25.4747, 0
PixelHit 1057, 1059, 21.7028, 0
PixelHit 1057, 1060, 7.27722, 0
PixelHit 1057, 1061, 6.23719, 0
PixelHit 1058, 1056, 7.50287, 0
PixelHit 1058, 1057, 5.22345, 0
PixelHit 1058, 1058, 14.2705, 0
PixelHit 1058, 1059, 5.04902, 0
PixelHit 1058, 1060, 3.28625, 0
PixelHit 1058, 1061, 2.70231, 0
PixelHit 1059, 1055, 2.13122, 0
PixelHit 1059, 1056, 2.36693, 0
PixelHit 1059, 1057, 3.63624, 0
PixelHit 1059, 1058, 5.56479, 0
PixelHit 1059, 1059, 6.20395, 0
PixelHit 1059, 1060, 4.53898, 0
PixelHit 1060, 1056, 4.17486, 0
PixelHit 1060, 1057, 12.2778, 0
PixelHit 1060, 1058, 7.16214, 0
PixelHit 1061, 1054, 3.13731, 0
PixelHit 1061, 1056, 4.76329, 0
PixelHit 1061, 1057, 5.49826, 0
PixelHit 1061, 1058, 8.81638, 0
PixelHit 1061, 1059, 1.61774, 0
PixelHit 1062, 1055, 4.93888, 0
PixelHit 1062, 1056, 8.10415, 0
PixelHit 1062, 1057, 20.3155, 0
PixelHit 1062, 1058, 7.00367, 0
PixelHit 1062, 1059, 2.15216, 0
PixelHit 1063, 1055, 5.63333, 0
PixelHit 1063, 1056, 7.0445, 0
PixelHit 1063, 1057, 15.5719, 0
PixelHit 1063, 1058, 10.5557, 0
PixelHit 1064, 1054, 2.16247, 0
PixelHit 1064, 1055, 8.8031, 0
PixelHit 1064, 1056, 9.43569, 0
PixelHit 1064, 1057, 12.5945, 0
PixelHit 1064, 1058, 2.09639, 0
PixelHit 1065, 1053, 3.54485, 0
PixelHit 1065, 1054, 3.96452, 0
PixelHit 1065, 1055, 12.6257, 0
PixelHit 1065, 1056, 15.2496, 0
PixelHit 1065, 1057, 6.36175, 0
PixelHit 1065, 1058, 1.2929, 0
PixelHit 1066, 1053, 1.52769, 0
PixelHit 1066, 1054, 8.31415, 0
PixelHit 1066, 1055, 21.4363, 0
PixelHit 1066, 1056, 19.2258, 0
PixelHit 1066, 1057, 6.85064, 0
PixelHit 1067, 1053, 3.98901, 0
PixelHit 1067, 1054, 14.0271, 0
PixelHit 1067, 1055, 29.3083, 0
PixelHit 1067, 1056, 19.5847, 0
PixelHit 1067, 1057, 8.56058, 0
PixelHit 1067, 1058, 3.6618, 0
PixelHit 1068, 1052, 2.34076, 0
PixelHit 1068, 1053, 3.08098, 0
PixelHit 1068, 1054, 21.7432, 0
PixelHit 1068, 1055, 32.6335, 0
PixelHit 1068, 1056, 23.605, 0
PixelHit 1068, 1057, 6.1704, 0
PixelHit 1069, 1052, 1.86555, 0
PixelHit 1069, 1053, 4.539, 0
PixelHit 1069, 1054, 14.1703, 0
PixelHit 1069, 1055, 21.4642, 0
PixelHit 1069, 1056, 16.7796, 0
PixelHit 1069, 1057, 3.7033, 0
PixelHit 1070, 1053, 3.60202, 0
PixelHit 1070, 1054, 14.0146, 0
PixelHit 1070, 1055, 11.3877, 0
PixelHit 1070, 1056, 8.82927, 0
PixelHit 1070, 1057, 2.78978, 0
PixelHit 1071, 1051, 2.16018, 0
PixelHit 1071, 1052, 3.1195, 0
PixelHit 1071, 1053, 5.85989, 0
PixelHit 1071, 1054, 11.6912, 0
PixelHit 1071, 1055, 12.358, 0
PixelHit 1071, 1056, 2.07928, 0
PixelHit 1072, 1051, 2.57553, 0
PixelHit 1072, 1052, 8.56143, 0
PixelHit 1072, 1053, 10.3833, 0
PixelHit 1072, 1054, 24.2805, 0
PixelHit 1072, 1055, 9.66098, 0
PixelHit 1072, 1056, 2.09505, 0
PixelHit 1073, 1051, 3.41646, 0
PixelHit 1073, 1052, 13.8271, 0
PixelHit 1073, 1053, 17.532, 0
PixelHit 1073, 1054, 14.263, 0
PixelHit 1073, 1055, 3.82252, 0
PixelHit 1073, 1056, 2.91276, 0
PixelHit 1074, 1051, 2.34964, 0
PixelHit 1074, 1052, 9.00801, 0
PixelHit 1074, 1053, 14.5064, 0
PixelHit 1074, 1054, 11.4462, 0
PixelHit 1074, 1055, 4.01742, 0
PixelHit 1074, 1056, 0.514135, 0
PixelHit 1075, 1051, 4.2072, 0
PixelHit 1075, 1052, 13.3255, 0
PixelHit 1075, 1053, 18.9493, 0
PixelHit 1075, 1054, 6.18962, 0
PixelHit 1075, 1055, 4.30988, 0
PixelHit 1075, 1056, 1.11992, 0
PixelHit 1076, 1050, 1.77982, 0
PixelHit 1076, 1051, 4.04558, 0
PixelHit 1076, 1052, 10.2663, 0
PixelHit 1076, 1053, 10.8107, 0
PixelHit 1076, 1055, 1.78363, 0
PixelHit 1076, 1056, 3.76463, 0
PixelHit 1077, 1051, 12.1512, 0
PixelHit 1077, 1052, 17.6404, 0
PixelHit 1077, 1053, 14.2443, 0
PixelHit 1077, 1054, 9.26886, 0
PixelHit 1077, 1055, 1.05314, 0
PixelHit 1078, 1051, 8.89837, 0
PixelHit 1078, 1052, 15.2065, 0
PixelHit 1078, 1053, 10.5668, 0
PixelHit 1079, 1049, 1.62224, 0
PixelHit 1079, 1050, 6.34516, 0
PixelHit 1079, 1051, 15.9363, 0
PixelHit 1079, 1052, 34.897, 0
PixelHit 1079, 1053, 14.1978, 0
PixelHit 1079, 1054, 5.21669, 0
PixelHit 1080, 1049, 4.10498, 0
PixelHit 1080, 1050, 14.1652, 0
PixelHit 1080, 1051, 24.9755, 0
PixelHit 1080, 1052, 15.9097, 0
PixelHit 1080, 1053, 4.23032, 0
PixelHit 1081, 1049, 0.777823, 0
PixelHit 1081, 1050, 14.5602, 0
PixelHit 1081, 1051, 29.0708, 0
PixelHit 1081, 1052, 12.8987, 0
PixelHit 1081, 1053, 6.74585, 0
PixelHit 1081, 1054, 1.43683, 0
PixelHit 1082, 1048, 2.68216, 0
PixelHit 1082, 1049, 4.74679, 0
PixelHit 1082, 1050, 18.975, 0
PixelHit 1082, 1051, 18.212, 0
PixelHit 1082, 1052, 15.0903, 0
PixelHit 1083, 1047, 0.382187, 0
PixelHit 1083, 1049, 11.7251, 0
PixelHit 1083, 1050, 12.9964, 0
PixelHit 1083, 1051, 20.9169, 0
PixelHit 1083, 1052, 3.14696, 0
PixelHit 1083, 1053, 4.24773, 0
PixelHit 1084, 1047, 1.58199, 0
PixelHit 1084, 1048, 11.4416, 0
PixelHit 1084, 1049, 15.9524, 0
PixelHit 1084, 1050, 29.6618, 0
PixelHit 1084, 1051, 20.2555, 0
PixelHit 1084, 1052, 2.8705, 0
PixelHit 1084, 1053, 2.94166, 0
PixelHit 1085, 1048, 6.9694, 0
PixelHit 1085, 1049, 22.6877, 0
PixelHit 1085, 1050, 26.9037, 0
PixelHit 1085, 1051, 11.1906, 0
PixelHit 1085, 1052, 2.90936, 0
PixelHit 1086, 1047, 6.02938, 0
PixelHit 1086, 1048, 14.8168, 0
PixelHit 1086, 1049, 24.0092, 0
PixelHit 1086, 1050, 25.8431, 0
PixelHit 1086, 1051, 10.9057, 0
PixelHit 1086, 1052, 4.10011, 0
PixelHit 1087, 1046, 0.805914, 0
PixelHit 1087, 1047, 6.8506, 0
PixelHit 1087, 1048, 17.068, 0
PixelHit 1087, 1049, 19.7518, 0
PixelHit 1087, 1050, 20.8115, 0
PixelHit 1087, 1051, 5.05527, 0
PixelHit 1088, 1046, 2.58099, 0
PixelHit 1088, 1047, 19.8488, 0
PixelHit 1088, 1048, 36.2458, 0
PixelHit 1088, 1049, 38.3974, 0
PixelHit 1088, 1050, 13.2398, 0
PixelHit 1088, 1051, 5.43897, 0
PixelHit 1089, 1046, 1.62031, 0
PixelHit 1089, 1047, 15.4805, 0
PixelHit 1089, 1048, 37.8755, 0
PixelHit 1089, 1049, 31.172, 0
PixelHit 1089, 1050, 13.0985, 0
PixelHit 1089, 1051, 4.77014, 0
PixelHit 1090, 1045, 2.02186, 0
PixelHit 1090, 1046, 3.66745, 0
PixelHit 1090, 1047, 18.0151, 0
PixelHit 1090, 1048, 27.7225, 0
PixelHit 1090, 1049, 19.6447, 0
PixelHit 1090, 1050, 8.85386, 0
PixelHit 1090, 1051, 2.80247, 0
PixelHit 1091, 1044, 1.44898, 0
PixelHit 1091, 1046, 9.25605, 0
PixelHit 1091, 1047, 21.6009, 0
PixelHit 1091, 1048, 19.0074, 0
PixelHit 1091, 1049, 16.1287, 0
PixelHit 1091, 1050, 5.17356, 0
PixelHit 1092, 1044, 0.727547, 0
PixelHit 1092, 1046, 6.30214, 0
PixelHit 1092, 1047, 20.9688, 0
PixelHit 1092, 1048, 22.9411, 0
PixelHit 1092, 1049, 2.55929, 0
PixelHit 1092, 1050, 7.10713, 0
PixelHit 1093, 1045, 3.82686, 0
PixelHit 1093, 1046, 6.92234, 0
PixelHit 1093, 1047, 9.24168, 0
PixelHit 1093, 1048, 18.699, 0
PixelHit 1093, 1049, 2.76418, 0
PixelHit 1093, 1050, 2.91784, 0
PixelHit 1094, 1041, 0.957511, 0
PixelHit 1094, 1044, 1.02602, 0
PixelHit 1094, 1046, 8.74546, 0
PixelHit 1094, 1047, 7.58679, 0
PixelHit 1094, 1048, 2.08269, 0
PixelHit 1094, 1049, 1.79416, 0
PixelHit 1094, 1050, 1.21605, 0
PixelHit 1095, 1043, 1.05889, 0
PixelHit 1095, 1046, 8.23506, 0
PixelHit 1095, 1047, 6.78619, 0
PixelHit 1095, 1048, 6.62675, 0
PixelHit 1096, 1044, 4.62393, 0
PixelHit 1096, 1045, 4.30727, 0
PixelHit 1096, 1046, 25.5398, 0
PixelHit 1096, 1047, 19.6568, 0
PixelHit 1096, 1048, 4.83006, 0
PixelHit 1096, 1049, 2.2447, 0
PixelHit 1097, 1043, 1.72435, 0
PixelHit 1097, 1044, 6.31522, 0
PixelHit 1097, 1045, 17.4011, 0
PixelHit 1097, 1046, 27.4117, 0
PixelHit 1097, 1047, 15.7796, 0
PixelHit 1097, 1048, 3.76305, 0
PixelHit 1098, 1044, 5.44768, 0
PixelHit 1098, 1045, 8.29564, 0
PixelHit 1098, 1046, 17.1666, 0
PixelHit 1098, 1047, 5.85068, 0
PixelHit 1099, 1045, 7.81399, 0
PixelHit 1099, 1046, 3.60549, 0
PixelHit 1099, 1047, 5.84066, 0
PixelHit 1100, 1044, 10.4308, 0
PixelHit 1100, 1045, 3.15245, 0
PixelHit 1100, 1046, 2.73573, 0
PixelHit 1100, 1047, 2.19651, 0
PixelHit 1100, 1048, 0.475035, 0
PixelHit 1101, 1045, 7.20561, 0
PixelHit 1101, 1046, 4.01621, 0
PixelHit 1101, 1047, 3.10019, 0
PixelHit 1102, 1042, 1.1406, 0
PixelHit 1102, 1043, 1.88726, 0
PixelHit 1102, 1044, 3.27007, 0
PixelHit 1102, 1045, 8.40947, 0
PixelHit 1102, 1046, 1.84084, 0
PixelHit 1103, 1043, 2.94871, 0
PixelHit 1103, 1044, 2.87001, 0
PixelHit 1103, 1045, 4.86694, 0
PixelHit 1104, 1042, 3.20981, 0
PixelHit 1104, 1043, 8.02648, 0
PixelHit 1104, 1044, 4.22989, 0
PixelHit 1104, 1045, 4.23507, 0
PixelHit 1105, 1042, 5.71241, 0
PixelHit 1105, 1043, 4.05285, 0
PixelHit 1105, 1044, 9.26779, 0
PixelHit 1105, 1045, 7.64455, 0
PixelHit 1106, 1041, 5.53877, 0
PixelHit 1106, 1042, 7.73193, 0
PixelHit 1106, 1043, 12.4403, 0
PixelHit 1106, 1044, 12.6568, 0
PixelHit 1106, 1045, 2.60962, 0
PixelHit 1107, 1040, 0.507873, 0
PixelHit 1107, 1041, 7.49391, 0
PixelHit 1107, 1042, 11.2659, 0
PixelHit 1107, 1043, 12.5655, 0
PixelHit 1107, 1044, 7.16715, 0
PixelHit 1107, 1045, 4.71789, 0
PixelHit 1108, 1040, 0.991229, 0
PixelHit 1108, 1041, 7.52387, 0
PixelHit 1108, 1042, 15.4246, 0
PixelHit 1108, 1043, 11.1025, 0
PixelHit 1108, 1044, 3.86688, 0
PixelHit 1108, 1045, 4.96633, 0
PixelHit 1109, 1040, 1.79595, 0
PixelHit 1109, 1041, 9.38045, 0
PixelHit 1109, 1042, 18.5688, 0
PixelHit 1109, 1043, 12.3363, 0
PixelHit 1109, 1044, 6.42298, 0
PixelHit 1109, 1045, 2.96028, 0
PixelHit 1110, 1040, 7.84218, 0
PixelHit 1110, 1041, 10.4294, 0
PixelHit 1110, 1042, 27.9604, 0
PixelHit 1110, 1043, 15.2819, 0
PixelHit 1110, 1044, 4.36515, 0
PixelHit 1111, 1038, -0.00496213, 0
PixelHit 1111, 1039, 1.61707, 0
PixelHit 1111, 1040, 9.80787, 0
PixelHit 1111, 1041, 17.4675, 0
PixelHit 1111, 1042, 27.232, 0
PixelHit 1111, 1043, 24.027, 0
PixelHit 1111, 1044, 3.14473, 0
PixelHit 1112, 1039, 2.07195, 0
PixelHit 1112, 1040, 12.5, 0
PixelHit 1112, 1041, 18.3234, 0
PixelHit 1112, 1042, 18.5499, 0
PixelHit 1112, 1043, 14.839, 0
PixelHit 1112, 1044, 3.00843, 0
PixelHit 1113, 1039, 3.75888, 0
PixelHit 1113, 1040, 5.35565, 0
PixelHit 1113, 1041, 18.4159, 0
PixelHit 1113, 1042, 17.6904, 0
PixelHit 1113, 1043, 5.1834, 0
PixelHit 1113, 1044, 4.28755, 0
PixelHit 1114, 1038, 1.31349, 0
PixelHit 1114, 1039, 4.46738, 0
PixelHit 1114, 1040, 18.6253, 0
PixelHit 1114, 1041, 23.4851, 0
PixelHit 1114, 1042, 16.0666, 0
PixelHit 1115, 1038, 2.79954, 0
PixelHit 1115, 1039, 4.7872, 0
PixelHit 1115, 1040, 7.06506, 0
PixelHit 1115, 1041, 12.769, 0
PixelHit 1115, 1042, 6.40853, 0
PixelHit 1116, 1040, 4.07864, 0
PixelHit 1116, 1041, 9.2027, 0
PixelHit 1116, 1042, 4.33043, 0
PixelHit 1116, 1043, 2.62079, 0
PixelHit 1117, 1040, 5.94614, 0
PixelHit 1117, 1041, 3.09557, 0
PixelHit 1118, 1038, 4.18322, 0
PixelHit 1118, 1040, 2.1785, 0
PixelHit 1118, 1041, 2.21754, 0
PixelHit 1119, 1038, 2.24407, 0
PixelHit 1119, 1039, 3.8734, 0
PixelHit 1119, 1040, 2.70696, 0
PixelHit 1119, 1041, 1.26089, 0
PixelHit 1120, 1038, 4.48029, 0
PixelHit 1120, 1039, 7.08485, 0
PixelHit 1121, 1037, 5.38611, 0
PixelHit 1121, 1038, 7.98152, 0
PixelHit 1121, 1039, 9.18201, 0
PixelHit 1121, 1040, 9.89874, 0
PixelHit 1121, 1042, 2.37457, 0
PixelHit 1122, 1037, 7.51156, 0
PixelHit 1122, 1038, 10.1756, 0
PixelHit 1122, 1039, 7.43389, 0
PixelHit 1122, 1040, 4.03655, 0
PixelHit 1122, 1041, 3.27776, 0
PixelHit 1123, 1036, 4.96423, 0
PixelHit 1123, 1037, 7.47022, 0
PixelHit 1123, 1038, 18.9684, 0
PixelHit 1123, 1039, 11.5969, 0
PixelHit 1123, 1040, 3.40172, 0
PixelHit 1124, 1035, 2.66348, 0
PixelHit 1124, 1036, 5.45522, 0
PixelHit 1124, 1037, 13.896, 0
PixelHit 1124, 1038, 16.3654, 0
PixelHit 1124, 1039, 14.7637, 0
PixelHit 1124, 1040, 3.98335, 0
PixelHit 1124, 1041, 0.467912, 0
PixelHit 1125, 1035, 1.29684, 0
PixelHit 1125, 1036, 8.44837, 0
PixelHit 1125, 1037, 25.0084, 0
PixelHit 1125, 1038, 12.267, 0
PixelHit 1125, 1039, 16.9229, 0
PixelHit 1125, 1040, 1.5896, 0
PixelHit 1126, 1035, 2.51046, 0
PixelHit 1126, 1036, 23.4368, 0
PixelHit 1126, 1037, 32.6992, 0
PixelHit 1126, 1038, 30.4584, 0
PixelHit 1126, 1039, 5.18523, 0
PixelHit 1127, 1034, 0.62797, 0
PixelHit 1127, 1035, 3.10995, 0
PixelHit 1127, 1036, 21.0275, 0
PixelHit 1127, 1037, 27.894, 0
PixelHit 1127, 1038, 28.069, 0
PixelHit 1127, 1039, 9.44209, 0
PixelHit 1128, 1035, 2.97243, 0
PixelHit 1128, 1036, 9.45628, 0
PixelHit 1128, 1037, 10.335, 0
PixelHit 1128, 1038, 7.40427, 0
PixelHit 1128, 1039, 5.42694, 0
PixelHit 1129, 1036, 4.03599, 0
PixelHit 1129, 1037, 5.0192, 0
PixelHit 1130, 1034, 1.13261, 0
PixelHit 1130, 1035, 5.02824, 0
PixelHit 1130, 1036, 9.85593, 0
PixelHit 1130, 1037, 3.05836, 0
PixelHit 1130, 1038, 2.90833, 0
PixelHit 1131, 1034, 1.72254, 0
PixelHit 1131, 1035, 3.91104, 0
PixelHit 1131, 1036, 4.56557, 0
PixelHit 1131, 1037, 2.6574, 0
PixelHit 1132, 1034, 9.69295, 0
PixelHit 1132, 1035, 7.91738, 0
PixelHit 1132, 1036, 11.4652, 0
PixelHit 1132, 1037, 4.49932, 0
PixelHit 1133, 1033, 3.46424, 0
PixelHit 1133, 1034, 4.14397, 0
PixelHit 1133, 1035, 13.1138, 0
PixelHit 1133, 1036, 10.1368, 0
PixelHit 1133, 1037, 6.2306, 0
PixelHit 1134, 1033, 4.01329, 0
PixelHit 1134, 1034, 18.406, 0
PixelHit 1134, 1035, 18.6404, 0
PixelHit 1134, 1036, 18.2493, 0
PixelHit 1134, 1037, 2.04379, 0
PixelHit 1134, 1039, 1.51772, 0
PixelHit 1135, 1032, 2.16905, 0
PixelHit 1135, 1033, 5.29919, 0
PixelHit 1135, 1034, 27.657, 0
PixelHit 1135, 1035, 20.2375, 0
PixelHit 1135, 1036, 13.7772, 0
PixelHit 1135, 1037, 3.68606, 0
PixelHit 1136, 1033, 4.67884, 0
PixelHit 1136, 1034, 17.677, 0
PixelHit 1136, 1035, 26.2649, 0
PixelHit 1136, 1036, 7.68344, 0
PixelHit 1136, 1037, 2.78486, 0
PixelHit 1137, 1033, 5.99469, 0
PixelHit 1137, 1034, 15.166, 0
PixelHit 1137, 1035, 11.0581, 0
PixelHit 1137, 1036, 11.3623, 0
PixelHit 1138, 1034, 2.75516, 0
PixelHit 1138, 1035, 5.73575, 0
PixelHit 1138, 1037, 1.92741, 0
PixelHit 1139, 1032, 5.08807, 0
PixelHit 1139, 1033, 5.1132, 0
PixelHit 1139, 1034, 3.04526, 0
PixelHit 1139, 1035, 3.43708, 0
PixelHit 1139, 1036, 2.93945, 0
PixelHit 1140, 1032, 7.36264, 0
PixelHit 1140, 1033, 14.7257, 0
PixelHit 1140, 1034, 7.07865, 0
PixelHit 1140, 1035, 4.09686, 0
PixelHit 1141, 1030, -0.112779, 0
PixelHit 1141, 1031, 12.4349, 0
PixelHit 1141, 1032, 21.4046, 0
PixelHit 1141, 1033, 36.818, 0
PixelHit 1141, 1034, 18.435, 0
PixelHit 1141, 1036, 1.82818, 0
PixelHit 1142, 1030, 2.15876, 0
PixelHit 1142, 1031, 12.1221, 0
PixelHit 1142, 1032, 38.9971, 0
PixelHit 1142, 1033, 59.4609, 0
PixelHit 1142, 1034, 36.1062, 0
PixelHit 1142, 1035, 9.82086, 0
PixelHit 1142, 1036, 0.908726, 0
PixelHit 1143, 1030, 3.27326, 0
PixelHit 1143, 1031, 12.4223, 0
PixelHit 1143, 1032, 36.9287, 0
PixelHit 1143, 1033, 48.4564, 0
PixelHit 1143, 1034, 22.7355, 0
PixelHit 1143, 1035, 3.19192, 0
PixelHit 1144, 1031, 1.27064, 0
PixelHit 1144, 1032, 18.837, 0
PixelHit 1144, 1033, 20.2632, 0
PixelHit 1144, 1034, 8.36967, 0
PixelHit 1144, 1036, 1.51435, 0
PixelHit 1145, 1030, 0.835584, 0
PixelHit 1145, 1031, 4.11207, 0
PixelHit 1145, 1032, 9.2526, 0
PixelHit 1145, 1033, 7.3048, 0
PixelHit 1146, 1030, 4.46598, 0
PixelHit 1146, 1031, 19.5424, 0
PixelHit 1146, 1032, 20.0289, 0
PixelHit 1146, 1033, 12.3974, 0
PixelHit 1146, 1034, 1.99325, 0
PixelHit 1147, 1030, 13.5844, 0
PixelHit 1147, 1031, 18.014, 0
PixelHit 1147, 1032, 16.9852, 0
PixelHit 1147, 1033, 12.4461, 0
PixelHit 1147, 1034, 3.92535, 0
PixelHit 1148, 1030, 15.7069, 0
PixelHit 1148, 1031, 8.58295, 0
PixelHit 1148, 1032, 11.1082, 0
PixelHit 1148, 1033, 5.63838, 0
PixelHit 1149, 1030, 2.33887, 0
PixelHit 1149, 1031, 14.1206, 0
PixelHit 1149, 1032, 9.11681, 0
PixelHit 1150, 1030, 8.65018, 0
PixelHit 1150, 1031, 15.1224, 0
PixelHit 1150, 1032, 1.35072, 0
PixelHit 1151, 1028, 0.957925, 0
PixelHit 1151, 1030, 7.13508, 0
PixelHit 1151, 1031, 2.37766, 0
PixelHit 1151, 1032, 3.4223, 0
PixelHit 1152, 1028, 0.719729, 0
PixelHit 1152, 1029, 3.63175, 0
PixelHit 1152, 1031, 3.68174, 0
PixelHit 1153, 1028, 2.58474, 0
PixelHit 1153, 1029, 8.80935, 0
PixelHit 1153, 1030, 3.44443, 0
PixelHit 1154, 1027, 2.37594, 0
PixelHit 1154, 1028, 16.1279, 0
PixelHit 1154, 1029, 11.636, 0
PixelHit 1154, 1030, 10.9638, 0
PixelHit 1154, 1031, 3.3169, 0
PixelHit 1154, 1032, 2.45409, 0
PixelHit 1155, 1027, 2.8771, 0
PixelHit 1155, 1028, 16.0459, 0
PixelHit 1155, 1029, 17.9547, 0
PixelHit 1155, 1030, 8.21364, 0
PixelHit 1155, 1031, 3.18399, 0
PixelHit 1156, 1027, 6.31189, 0
PixelHit 1156, 1028, 16.0867, 0
PixelHit 1156, 1029, 26.1645, 0
PixelHit 1156, 1030, 13.2188, 0
PixelHit 1156, 1031, 1.79592, 0
PixelHit 1157, 1027, 11.8902, 0
PixelHit 1157, 1028, 21.043, 0
PixelHit 1157, 1029, 16.6021, 0
PixelHit 1158, 1026, 5.59328, 0
PixelHit 1158, 1027, 12.9073, 0
PixelHit 1158, 1028, 30.1601, 0
PixelHit 1158, 1029, 15.1814, 0
PixelHit 1158, 1030, 5.21453, 0
PixelHit 1158, 1031, 1.31325, 0
PixelHit 1159, 1026, 6.23307, 0
PixelHit 1159, 1027, 25.395, 0
PixelHit 1159, 1028, 21.7745, 0
PixelHit 1159, 1029, 8.66576, 0
PixelHit 1160, 1025, 4.98782, 0
PixelHit 1160, 1026, 2.13697, 0
PixelHit 1160, 1027, 14.961, 0
PixelHit 1160, 1028, 6.103, 0
PixelHit 1160, 1029, 3.76029, 0
PixelHit 1160, 1030, 2.03669, 0
PixelHit 1161, 1026, 2.71131, 0
PixelHit 1161, 1027, 4.62712, 0
PixelHit 1161, 1029, 1.18068, 0
PixelHit 1162, 1026, 2.62523, 0
PixelHit 1162, 1027, 8.35508, 0
PixelHit 1162, 1029, 2.01667, 0
PixelHit 1163, 1025, 6.33765, 0
PixelHit 1163, 1026, 7.79476, 0
PixelHit 1163, 1027, 2.52941, 0
PixelHit 1163, 1028, 0.294538, 0
PixelHit 1164, 1024, 2.06504, 0
PixelHit 1164, 1025, 23.4148, 0
PixelHit 1164, 1026, 24.9632, 0
PixelHit 1164, 1027, 10.6725, 0
PixelHit 1165, 1023, 2.62984, 0
PixelHit 1165, 1024, 11.9742, 0
PixelHit 1165, 1025, 32.4941, 0
PixelHit 1165, 1026, 27.6815, 0
PixelHit 1165, 1027, 22.2898, 0
PixelHit 1165, 1028, 2.17802, 0
PixelHit 1166, 1024, 10.0907, 0
PixelHit 1166, 1025, 23.5055, 0
PixelHit 1166, 1026, 18.2239, 0
PixelHit 1166, 1027, 9.82097, 0
PixelHit 1166, 1028, 0.759002, 0
PixelHit 1167, 1023, 4.57549, 0
PixelHit 1167, 1024, 17.4969, 0
PixelHit 1167, 1025, 29.054, 0
PixelHit 1167, 1026, 16.0744, 0
PixelHit 1167, 1027, 2.41875, 0
PixelHit 1168, 1023, 10.8889, 0
PixelHit 1168, 1024, 24.2335, 0
PixelHit 1168, 1025, 13.1792, 0
PixelHit 1168, 1026, 6.53341, 0
PixelHit 1169, 1021, 1.46745, 0
PixelHit 1169, 1022, 5.46906, 0
PixelHit 1169, 1023, 28.8342, 0
PixelHit 1169, 1024, 40.1831, 0
PixelHit 1169, 1025, 32.6784, 0
PixelHit 1169, 1026, 6.25421, 0
PixelHit 1170, 1022, 9.30569, 0
PixelHit 1170, 1023, 29.5335, 0
PixelHit 1170, 1024, 63.9252, 0
PixelHit 1170, 1025, 25.9359, 0
PixelHit 1170, 1026, 4.14881, 0
PixelHit 1171, 1021, 0.852207, 0
PixelHit 1171, 1022, 8.98552, 0
PixelHit 1171, 1023, 18.4879, 0
PixelHit 1171, 1024, 25.1203, 0
PixelHit 1171, 1025, 12.1273, 0
PixelHit 1171, 1026, 1.38794, 0
PixelHit 1172, 1021, 1.65875, 0
PixelHit 1172, 1022, 10.7677, 0
PixelHit 1172, 1023, 30.0509, 0
PixelHit 1172, 1024, 22.7648, 0
PixelHit 1172, 1025, 10.2253, 0
PixelHit 1173, 1020, 1.25244, 0
PixelHit 1173, 1021, 4.876, 0
PixelHit 1173, 1022, 16.8325, 0
PixelHit 1173, 1023, 30.2014, 0
PixelHit 1173, 1024, 14.2683, 0
PixelHit 1173, 1025, 2.88339, 0
PixelHit 1174, 1021, 11.6893, 0
PixelHit 1174, 1022, 44.61, 0
PixelHit 1174, 1023, 44.483, 0
PixelHit 1174, 1024, 12.7013, 0
PixelHit 1174, 1025, 2.61498, 0
PixelHit 1175, 1021, 9.81542, 0
PixelHit 1175, 1022, 38.1145, 0
PixelHit 1175, 1023, 20.5892, 0
PixelHit 1175, 1024, 7.83809, 0
PixelHit 1175, 1025, 1.15119, 0
PixelHit 1176, 1021, 16.9736, 0
PixelHit 1176, 1022, 20.4493, 0
PixelHit 1176, 1023, 6.58845, 0
PixelHit 1176, 1024, 3.26134, 0
PixelHit 1177, 1019, 2.09771, 0
PixelHit 1177, 1020, 5.0299, 0
PixelHit 1177, 1021, 13.5034, 0
PixelHit 1177, 1022, 12.0953, 0
PixelHit 1177, 1023, 4.20502, 0
PixelHit 1177, 1024, 1.84012, 0
PixelHit 1178, 1019, 1.94022, 0
PixelHit 1178, 1020, 15.4931, 0
PixelHit 1178, 1021, 12.5439, 0
PixelHit 1178, 1022, 11.257, 0
PixelHit 1178, 1023, 2.37604, 0
PixelHit 1179, 1019, 3.43285, 0
PixelHit 1179, 1020, 13.0807, 0
PixelHit 1179, 1021, 22.1099, 0
PixelHit 1179, 1022, 4.62584, 0
PixelHit 1180, 1018, 2.27814, 0
PixelHit 1180, 1019, 2.81574, 0
PixelHit 1180, 1020, 16.3682, 0
PixelHit 1180, 1021, 8.52296, 0
PixelHit 1180, 1022, 3.33934, 0
PixelHit 1181, 1018, 6.92839, 0
PixelHit 1181, 1019, 8.70885, 0
PixelHit 1181, 1020, 16.5137, 0
PixelHit 1181, 1021, 7.70157, 0
PixelHit 1181, 1022, 3.11862, 0
PixelHit 1182, 1018, 12.1603, 0
PixelHit 1182, 1019, 15.9697, 0
PixelHit 1182, 1020, 14.4574, 0
PixelHit 1182, 1021, 4.7678, 0
PixelHit 1182, 1022, 1.74821, 0
PixelHit 1183, 1017, 3.79671, 0
PixelHit 1183, 1018, 19.6161, 0
PixelHit 1183, 1019, 26.4522, 0
PixelHit 1183, 1020, 9.81734, 0
PixelHit 1183, 1021, 5.05812, 0
PixelHit 1184, 1017, 3.02291, 0
PixelHit 1184, 1018, 11.5259, 0
PixelHit 1184, 1019, 19.612, 0
PixelHit 1184, 1020, 4.68071, 0
PixelHit 1184, 1021, 1.56423, 0
PixelHit 1185, 1016, 2.97363, 0
PixelHit 1185, 1017, 7.00943, 0
PixelHit 1185, 1018, 10.0623, 0
PixelHit 1185, 1019, 5.46134, 0
PixelHit 1185, 1020, 2.09036, 0
PixelHit 1186, 1015, 2.82364, 0
PixelHit 1186, 1016, 9.27574, 0
PixelHit 1186, 1017, 26.3783, 0
PixelHit 1186, 1018, 21.5982, 0
PixelHit 1186, 1019, 2.28378, 0
PixelHit 1187, 1015, 3.96497, 0
PixelHit 1187, 1016, 24.0352, 0
PixelHit 1187, 1017, 45.927, 0
PixelHit 1187, 1018, 36.9307, 0
PixelHit 1187, 1019, 8.85762, 0
PixelHit 1188, 1015, 15.1232, 0
PixelHit 1188, 1016, 32.707, 0
PixelHit 1188, 1017, 43.9529, 0
PixelHit 1188, 1018, 15.1141, 0
PixelHit 1188, 1019, 1.23605, 0
PixelHit 1188, 1020, 1.90517, 0
PixelHit 1189, 1014, 8.03308, 0
PixelHit 1189, 1015, 49.9785, 0
PixelHit 1189, 1016, 69.9056, 0
PixelHit 1189, 1017, 45.1094, 0
PixelHit 1189, 1018, 10.4058, 0
PixelHit 1189, 1019, 1.92198, 0
PixelHit 1190, 1013, 4.77388, 0
PixelHit 1190, 1014, 13.7811, 0
PixelHit 1190, 1015, 37.8717, 0
PixelHit 1190, 1016, 72.5163, 0
PixelHit 1190, 1017, 31.2364, 0
PixelHit 1190, 1018, 7.03695, 0
PixelHit 1191, 1013, 3.54633, 0
PixelHit 1191, 1014, 24.1558, 0
PixelHit 1191, 1015, 48.9233, 0
PixelHit 1191, 1016, 35.5681, 0
PixelHit 1191, 1017, 13.3743, 0
PixelHit 1191, 1018, 2.31062, 0
PixelHit 1192, 1013, 7.39672, 0
PixelHit 1192, 1014, 22.3559, 0
PixelHit 1192, 1015, 54.8019, 0
PixelHit 1192, 1016, 26.424, 0
PixelHit 1192, 1017, 3.45265, 0
PixelHit 1192, 1018, 3.51019, 0
PixelHit 1193, 1012, 3.79387, 0
PixelHit 1193, 1013, 6.48825, 0
PixelHit 1193, 1014, 13.5106, 0
PixelHit 1193, 1015, 18.3709, 0
PixelHit 1193, 1016, 5.37817, 0
PixelHit 1194, 1012, 4.17899, 0
PixelHit 1194, 1013, 8.78895, 0
PixelHit 1194, 1014, 13.3746, 0
PixelHit 1194, 1015, 3.40967, 0
PixelHit 1194, 1016, 2.12197, 0
PixelHit 1195, 1011, 2.95945, 0
PixelHit 1195, 1012, 8.08732, 0
PixelHit 1195, 1013, 25.0221, 0
PixelHit 1195, 1014, 16.8764, 0
PixelHit 1195, 1015, 8.08827, 0
PixelHit 1195, 1017, 2.31459, 0
PixelHit 1196, 1011, 4.49234, 0
PixelHit 1196, 1012, 11.511, 0
PixelHit 1196, 1013, 123.7, 0
PixelHit 1196, 1014, 298.044, 0
PixelHit 1196, 1015, 20.1082, 0
PixelHit 1197, 1010, 1.72993, 0
PixelHit 1197, 1011, 8.22523, 0
PixelHit 1197, 1012, 36.635, 0
PixelHit 1197, 1013, 677.68, 0
PixelHit 1197, 1014, 2728.78, 0
PixelHit 1197, 1015, 115.038, 0
PixelHit 1198, 1009, 2.32615, 0
PixelHit 1198, 1010, 1.88169, 0
PixelHit 1198, 1011, 21.1671, 0
PixelHit 1198, 1012, 33.6024, 0
PixelHit 1198, 1013, 173.985, 0
PixelHit 1198, 1014, 682.427, 0
PixelHit 1198, 1015, 28.4912, 0
PixelHit 1199, 1010, 4.21309, 0
PixelHit 1199, 1011, 16.5181, 0
PixelHit 1199, 1012, 12.5839, 0
PixelHit 1199, 1013, 15.7811, 0
PixelHit 1199, 1014, 4.61126, 0
PixelHit 1200, 1007, 4.03538, 0
PixelHit 1200, 1008, 7.94588, 0
PixelHit 1200, 1009, 14.8397, 0
PixelHit 1200, 1010, 16.2835, 0
PixelHit 1200, 1011, 22.8652, 0
PixelHit 1200, 1012, 7.14823, 0
PixelHit 1200, 1013, 1.53668, 0
PixelHit 1201, 1006, 2.09949, 0
PixelHit 1201, 1007, 24.821, 0
PixelHit 1201, 1008, 133.655, 0
PixelHit 1201, 1009, 195.221, 0
PixelHit 1201, 1010, 80.7223, 0
PixelHit 1201, 1011, 27.3045, 0
PixelHit 1201, 1012, 0.803452, 0
PixelHit 1202, 1006, 8.81456, 0
PixelHit 1202, 1007, 84.3835, 0
PixelHit 1202, 1008, 515.809, 0
PixelHit 1202, 1009, 758.661, 0
PixelHit 1202, 1010, 293.048, 0
PixelHit 1202, 1011, 37.0236, 0
PixelHit 1203, 1007, 86.3605, 0
PixelHit 1203, 1008, 477.5, 0
PixelHit 1203, 1009, 771.923, 0
PixelHit 1203, 1010, 310.32, 0
PixelHit 1203, 1011, 36.2922, 0
PixelHit 1203, 1012, 1.48422, 0
PixelHit 1204, 1006, 36.8533, 0
PixelHit 1204, 1007, 198.636, 0
PixelHit 1204, 1008, 152.536, 0
PixelHit 1204, 1009, 224.835, 0
PixelHit 1204, 1010, 111.443, 0
PixelHit 1204, 1011, 20.0491, 0
PixelHit 1205, 1006, 78.6368, 0
PixelHit 1205, 1007, 511.218, 0
PixelHit 1205, 1008, 165.681, 0
PixelHit 1205, 1009, 27.6822, 0
PixelHit 1205, 1010, 11.4685, 0
PixelHit 1205, 1011, 2.68011, 0
PixelHit 1206, 1006, 17.2161, 0
PixelHit 1206, 1007, 246.307, 0
PixelHit 1206, 1008, 231.539, 0
PixelHit 1206, 1009, 29.4678, 0
PixelHit 1206, 1010, 2.35223, 0
PixelHit 1206, 1011, 1.5589, 0
PixelHit 1207, 1005, 2.39597, 0
PixelHit 1207, 1006, 44.2731, 0
PixelHit 1207, 1007, 168.956, 0
PixelHit 1207, 1008, 132.293, 0
PixelHit 1207, 1009, 27.528, 0
PixelHit 1208, 1005, 7.46848, 0
PixelHit 1208, 1006, 93.7195, 0
PixelHit 1208, 1007, 165.866, 0
PixelHit 1208, 1008, 63.1233, 0
PixelHit 1208, 1009, 4.63713, 0
PixelHit 1208, 1010, 1.68922, 0
PixelHit 1209, 1005, 11.0215, 0
PixelHit 1209, 1006, 126.808, 0
PixelHit 1209, 1007, 190.21, 0
PixelHit 1209, 1008, 34.623, 0
PixelHit 1209, 1009, 6.25393, 0
PixelHit 1210, 1005, 23.5376, 0
PixelHit 1210, 1006, 138.555, 0
PixelHit 1210, 1007, 111.415, 0
PixelHit 1210, 1008, 29.486, 0
PixelHit 1210, 1009, 0.467233, 0
PixelHit 1211, 1004, 1.74571, 0
PixelHit 1211, 1005, 23.8969, 0
PixelHit 1211, 1006, 76.8924, 0
PixelHit 1211, 1007, 50.6158, 0
PixelHit 1211, 1008, 11.4253, 0
PixelHit 1212, 1004, 2.97561, 0
PixelHit 1212, 1005, 21.6968, 0
PixelHit 1212, 1006, 18.787, 0
PixelHit 1212, 1007, 16.203, 0
PixelHit 1212, 1008, 1.6348, 0
PixelHit 1213, 1005, 15.1966, 0
PixelHit 1213, 1006, 5.10055, 0
PixelHit 1214, 1003, 3.60097, 0
PixelHit 1214, 1004, 8.2407, 0
PixelHit 1214, 1005, 15.0352, 0
PixelHit 1214, 1006, 3.09646, 0
PixelHit 1215, 1001, 2.15592, 0
PixelHit 1215, 1003, 15.9865, 0
PixelHit 1215, 1004, 27.8592, 0
PixelHit 1215, 1005, 19.3395, 0
PixelHit 1216, 1002, -0.0495294, 0
PixelHit 1216, 1003, 14.264, 0
PixelHit 1216, 1004, 22.5159, 0
PixelHit 1216, 1005, 7.48901, 0
PixelHit 1216, 1006, 1.30882, 0
PixelHit 1217, 1002, 6.78749, 0
PixelHit 1217, 1003, 8.40916, 0
PixelHit 1217, 1004, 7.81481, 0
PixelHit 1217, 1005, 2.08478, 0
PixelHit 1218, 1001, 3.69946, 0
PixelHit 1218, 1002, 16.2602, 0
PixelHit 1218, 1003, 14.2239, 0
PixelHit 1219, 1000, 2.23758, 0
PixelHit 1219, 1001, 10.2493, 0
PixelHit 1219, 1002, 20.2823, 0
PixelHit 1219, 1003, 21.9266, 0
PixelHit 1219, 1004, 4.57216, 0
PixelHit 1220, 1000, 1.66876, 0
PixelHit 1220, 1001, 10.9902, 0
PixelHit 1220, 1002, 13.4505, 0
PixelHit 1220, 1003, 10.1704, 0
PixelHit 1220, 1004, 1.33594, 0
PixelHit 1221, 999, 0.302498, 0
PixelHit 1221, 1000, 8.8927, 0
PixelHit 1221, 1001, 28.0753, 0
PixelHit 1221, 1002, 22.4931, 0
PixelHit 1221, 1003, 6.9942, 0
PixelHit 1222, 999, 3.3769, 0
PixelHit 1222, 1000, 16.1808, 0
PixelHit 1222, 1001, 48.7039, 0
PixelHit 1222, 1002, 22.1576, 0
PixelHit 1223, 999, 13.9271, 0
PixelHit 1223, 1000, 47.4275, 0
PixelHit 1223, 1001, 71.1592, 0
PixelHit 1223, 1002, 21.1424, 0
PixelHit 1223, 1003, 3.48768, 0
PixelHit 1224, 998, 3.56723, 0
PixelHit 1224, 999, 44.6799, 0
PixelHit 1224, 1000, 122.528, 0
PixelHit 1224, 1001, 107.64, 0
PixelHit 1224, 1002, 19.0963, 0
PixelHit 1225, 998, 4.54845, 0
PixelHit 1225, 999, 28.081, 0
PixelHit 1225, 1000, 95.7542, 0
PixelHit 1225, 1001, 49.6552, 0
PixelHit 1225, 1002, 13.4647, 0
PixelHit 1226, 998, 3.78406, 0
PixelHit 1226, 999, 26.9505, 0
PixelHit 1226, 1000, 24.4129, 0
PixelHit 1226, 1001, 9.79361, 0
PixelHit 1227, 999, 12.0524, 0
PixelHit 1227, 1000, 5.96512, 0
PixelHit 1228, 998, 7.54955, 0
PixelHit 1228, 999, 4.72233, 0
PixelHit 1228, 1000, 2.13687, 0
PixelHit 1228, 1001, 0.789937, 0
PixelHit 1229, 997, 6.68539, 0
PixelHit 1229, 998, 9.09727, 0
PixelHit 1229, 999, 11.71, 0
PixelHit 1230, 996, 2.5011, 0
PixelHit 1230, 997, 15.1953, 0
PixelHit 1230, 998, 22.1269, 0
PixelHit 1230, 999, 13.9409, 0
PixelHit 1231, 996, 8.21563, 0
PixelHit 1231, 997, 13.4019, 0
PixelHit 1231, 998, 9.04274, 0
PixelHit 1231, 999, 2.93697, 0
PixelHit 1232, 995, 1.83763, 0
PixelHit 1232, 996, 20.0543, 0
PixelHit 1232, 997, 26.6474, 0
PixelHit 1232, 998, 7.86075, 0
PixelHit 1232, 999, 2.95622, 0
PixelHit 1233, 994, 1.35388, 0
PixelHit 1233, 995, 8.54764, 0
PixelHit 1233, 996, 37.1598, 0
PixelHit 1233, 997, 30.3715, 0
PixelHit 1233, 998, 4.16907, 0
PixelHit 1233, 999, 2.31583, 0
PixelHit 1234, 995, 17.2372, 0
PixelHit 1234, 996, 33.5319, 0
PixelHit 1234, 997, 26.4725, 0
PixelHit 1234, 998, 4.43865, 0
PixelHit 1235, 994, 3.64806, 0
PixelHit 1235, 995, 6.83703, 0
PixelHit 1235, 996, 11.2298, 0
PixelHit 1235, 997, 5.30756, 0
PixelHit 1236, 994, 5.6789, 0
PixelHit 1236, 995, 9.38229, 0
PixelHit 1236, 996, 7.66086, 0
PixelHit 1237, 993, 7.35278, 0
PixelHit 1237, 994, 17.2818, 0
PixelHit 1237, 995, 13.948, 0
PixelHit 1237, 996, 3.50842, 0
PixelHit 1238, 992, 2.05904, 0
PixelHit 1238, 993, 8.13585, 0
PixelHit 1238, 994, 32.3506, 0
PixelHit 1238, 995, 17.6662, 0
PixelHit 1238, 997, 0.865702, 0
PixelHit 1239, 993, 9.7565, 0
PixelHit 1239, 994, 17.2136, 0
PixelHit 1239, 995, 5.28356, 0
PixelHit 1239, 996, 2.29354, 0
PixelHit 1240, 992, 1.24875, 0
PixelHit 1240, 993, 3.99996, 0
PixelHit 1240, 994, 6.12159, 0
PixelHit 1241, 991, 4.84131, 0
PixelHit 1241, 992, 11.6546, 0
PixelHit 1241, 993, 15.5189, 0
PixelHit 1241, 994, 6.59201, 0
PixelHit 1242, 991, 6.0788, 0
PixelHit 1242, 992, 28.9136, 0
PixelHit 1242, 993, 29.0723, 0
PixelHit 1242, 994, 4.33897, 0
PixelHit 1243, 989, 1.64474, 0
PixelHit 1243, 990, 1.45692, 0
PixelHit 1243, 991, 16.6426, 0
PixelHit 1243, 992, 39.6582, 0
PixelHit 1243, 993, 22.7439, 0
PixelHit 1244, 990, 4.00399, 0
PixelHit 1244, 991, 18.6828, 0
PixelHit 1244, 992, 30.3103, 0
PixelHit 1244, 993, 14.7701, 0
PixelHit 1245, 989, 0.100612, 0
PixelHit 1245, 990, 15.4142, 0
PixelHit 1245, 991, 38.6544, 0
PixelHit 1245, 992, 15.1203, 0
PixelHit 1245, 993, 2.8742, 0
PixelHit 1246, 988, 1.84123, 0
PixelHit 1246, 989, 3.26068, 0
PixelHit 1246, 990, 23.1973, 0
PixelHit 1246, 991, 45.0504, 0
PixelHit 1246, 992, 20.5484, 0
PixelHit 1246, 993, 2.12354, 0
PixelHit 1247, 988, 1.91214, 0
PixelHit 1247, 989, 9.62821, 0
PixelHit 1247, 990, 37.4838, 0
PixelHit 1247, 991, 29.1403, 0
PixelHit 1247, 992, 10.6663, 0
PixelHit 1248, 988, 3.87581, 0
PixelHit 1248, 989, 16.325, 0
PixelHit 1248, 990, 19.538, 0
PixelHit 1248, 991, 24.0147, 0
PixelHit 1248, 992, 2.28792, 0
PixelHit 1249, 988, 6.37347, 0
PixelHit 1249, 989, 12.6352, 0
PixelHit 1249, 990, 17.3912, 0
PixelHit 1249, 991, 10.3037, 0
PixelHit 1249, 992, 3.51651, 0
PixelHit 1250, 987, 4.78487, 0
PixelHit 1250, 988, 23.5141, 0
PixelHit 1250, 989, 25.0235, 0
PixelHit 1250, 990, 13.3187, 0
PixelHit 1250, 991, 1.56438, 0
PixelHit 1251, 987, 7.58989, 0
PixelHit 1251, 988, 35.6762, 0
PixelHit 1251, 989, 54.7436, 0
PixelHit 1251, 990, 19.278, 0
PixelHit 1251, 991, 0.605049, 0
PixelHit 1252, 987, 16.6983, 0
PixelHit 1252, 988, 34.063, 0
PixelHit 1252, 989, 40.0458, 0
PixelHit 1252, 990, 9.06504, 0
PixelHit 1252, 991, 3.45453, 0
PixelHit 1253, 986, 2.71904, 0
PixelHit 1253, 987, 9.84692, 0
PixelHit 1253, 988, 23.9059, 0
PixelHit 1253, 989, 17.445, 0
PixelHit 1253, 990, 1.84292, 0
PixelHit 1254, 986, 3.55559, 0
PixelHit 1254, 987, 5.84271, 0
PixelHit 1254, 988, 2.44997, 0
PixelHit 1254, 989, 7.78337, 0
PixelHit 1254, 990, 1.3948, 0
PixelHit 1255, 985, 3.39782, 0
PixelHit 1255, 986, 3.65661, 0
PixelHit 1255, 987, 16.0779, 0
PixelHit 1255, 988, 6.07364, 0
PixelHit 1256, 984, 1.88063, 0
PixelHit 1256, 985, 2.63261, 0
PixelHit 1256, 986, 3.05024, 0
PixelHit 1256, 987, 18.6478, 0
PixelHit 1256, 988, 8.18293, 0
PixelHit 1257, 983, 2.27884, 0
PixelHit 1257, 984, 1.39177, 0
PixelHit 1257, 985, 5.97908, 0
PixelHit 1257, 986, 4.38855, 0
PixelHit 1257, 987, 4.16882, 0
PixelHit 1258, 984, 3.08712, 0
PixelHit 1258, 985, 11.8244, 0
PixelHit 1258, 986, 8.24872, 0
PixelHit 1258, 987, 10.2093, 0
PixelHit 1259, 983, 0.278763, 0
PixelHit 1259, 984, 5.82774, 0
PixelHit 1259, 985, 16.5683, 0
PixelHit 1259, 986, 8.23513, 0
PixelHit 1260, 983, 2.75698, 0
PixelHit 1260, 984, 9.87383, 0
PixelHit 1260, 985, 19.219, 0
PixelHit 1260, 986, 5.1582, 0
PixelHit 1260, 987, 2.96535, 0
PixelHit 1261, 983, 8.41564, 0
PixelHit 1261, 984, 18.4236, 0
PixelHit 1261, 985, 14.037, 0
PixelHit 1261, 986, 8.60866, 0
PixelHit 1262, 982, 8.31885, 0
PixelHit 1262, 983, 18.572, 0
PixelHit 1262, 984, 43.365, 0
PixelHit 1262, 985, 17.5799, 0
PixelHit 1262, 986, 3.81175, 0
PixelHit 1263, 982, 8.49007, 0
PixelHit 1263, 983, 21.3307, 0
PixelHit 1263, 984, 40.1889, 0
PixelHit 1263, 985, 21.3313, 0
PixelHit 1264, 980, 1.18776, 0
PixelHit 1264, 982, 12.4062, 0
PixelHit 1264, 983, 35.2315, 0
PixelHit 1264, 984, 16.0114, 0
PixelHit 1264, 985, 4.48527, 0
PixelHit 1265, 981, 6.36831, 0
PixelHit 1265, 982, 12.4006, 0
PixelHit 1265, 983, 28.8977, 0
PixelHit 1265, 984, 10.3378, 0
PixelHit 1265, 985, 2.80638, 0
PixelHit 1266, 981, 7.67024, 0
PixelHit 1266, 982, 20.8305, 0
PixelHit 1266, 983, 16.7596, 0
PixelHit 1266, 984, 2.68864, 0
PixelHit 1267, 980, 1.63553, 0
PixelHit 1267, 981, 13.2346, 0
PixelHit 1267, 982, 17.8198, 0
PixelHit 1267, 983, 9.31046, 0
PixelHit 1268, 979, 0.890303, 0
PixelHit 1268, 980, 8.14311, 0
PixelHit 1268, 981, 23.8251, 0
PixelHit 1268, 982, 25.0413, 0
PixelHit 1268, 983, 7.82235, 0
PixelHit 1268, 984, 0.902594, 0
PixelHit 1269, 979, 4.00739, 0
PixelHit 1269, 980, 9.60233, 0
PixelHit 1269, 981, 35.5821, 0
PixelHit 1269, 982, 15.5458, 0
PixelHit 1269, 983, 3.97816, 0
PixelHit 1270, 979, 3.64852, 0
PixelHit 1270, 980, 19.3291, 0
PixelHit 1270, 981, 18.3088, 0
PixelHit 1270, 982, 14.3343, 0
PixelHit 1271, 978, 1.79579, 0
PixelHit 1271, 979, 2.26395, 0
PixelHit 1271, 980, 13.5319, 0
PixelHit 1271, 981, 14.1782, 0
PixelHit 1271, 982, 4.17133, 0
PixelHit 1272, 978, 1.98811, 0
PixelHit 1272, 979, 4.32285, 0
PixelHit 1272, 980, 8.29924, 0
PixelHit 1272, 981, 11.3387, 0
PixelHit 1272, 982, 1.99509, 0
PixelHit 1273, 977, 4.43019, 0
PixelHit 1273, 978, 8.66864, 0
PixelHit 1273, 979, 13.3985, 0
PixelHit 1273, 980, 9.06267, 0
PixelHit 1273, 982, 1.44011, 0
PixelHit 1274, 976, 5.50294, 0
PixelHit 1274, 977, 13.8204, 0
PixelHit 1274, 978, 44.8401, 0
PixelHit 1274, 979, 37.7827, 0
PixelHit 1274, 980, 14.2745, 0
PixelHit 1275, 975, 1.13603, 0
PixelHit 1275, 976, 10.7511, 0
PixelHit 1275, 977, 73.8295, 0
PixelHit 1275, 978, 141.157, 0
PixelHit 1275, 979, 157.218, 0
PixelHit 1275, 980, 33.8918, 0
PixelHit 1275, 981, 5.6871, 0
PixelHit 1276, 976, 7.97603, 0
PixelHit 1276, 977, 72.0957, 0
PixelHit 1276, 978, 187.33, 0
PixelHit 1276, 979, 114.632, 0
PixelHit 1276, 980, 22.7291, 0
PixelHit 1277, 976, 12.0444, 0
PixelHit 1277, 977, 37.0714, 0
PixelHit 1277, 978, 77.4883, 0
PixelHit 1277, 979, 40.4926, 0
PixelHit 1277, 980, 12.084, 0
PixelHit 1277, 981, 1.45536, 0
PixelHit 1278, 975, 0.811119, 0
PixelHit 1278, 976, 16.871, 0
PixelHit 1278, 977, 25.1738, 0
PixelHit 1278, 978, 24.8157, 0
PixelHit 1278, 979, 10.8518, 0
PixelHit 1278, 980, 1.82134, 0
PixelHit 1279, 975, 3.69777, 0
PixelHit 1279, 976, 19.3319, 0
PixelHit 1279, 977, 26.6717, 0
PixelHit 1279, 978, 17.6386, 0
PixelHit 1279, 979, 4.79677, 0
PixelHit 1280, 975, 11.846, 0
PixelHit 1280, 976, 21.4578, 0
PixelHit 1280, 977, 28.1258, 0
PixelHit 1280, 978, 5.97553, 0
PixelHit 1281, 974, 2.19555, 0
PixelHit 1281, 975, 6.82602, 0
PixelHit 1281, 976, 25.2949, 0
PixelHit 1281, 977, 12.9895, 0
PixelHit 1281, 979, 1.04071, 0
PixelHit 1282, 975, 13.0024, 0
PixelHit 1282, 976, 9.40707, 0
PixelHit 1282, 978, 2.67437, 0
PixelHit 1283, 974, 5.60067, 0
PixelHit 1283, 975, 15.0246, 0
PixelHit 1283, 976, 4.82293, 0
PixelHit 1283, 977, 6.79435, 0
PixelHit 1284, 973, 1.34598, 0
PixelHit 1284, 974, 6.63172, 0
PixelHit 1284, 976, 3.35081, 0
PixelHit 1285, 972, 2.05516, 0
PixelHit 1285, 973, 8.29548, 0
PixelHit 1285, 974, 6.33053, 0
PixelHit 1285, 975, 2.40051, 0
PixelHit 1286, 972, 3.8875, 0
PixelHit 1286, 973, 9.32029, 0
PixelHit 1286, 974, 17.3053, 0
PixelHit 1286, 975, 12.4426, 0
PixelHit 1286, 976, 3.10839, 0
PixelHit 1287, 971, 1.61859, 0
PixelHit 1287, 972, 11.039, 0
PixelHit 1287, 973, 27.8225, 0
PixelHit 1287, 974, 27.5065, 0
PixelHit 1287, 975, 8.20709, 0
PixelHit 1287, 976, 2.29211, 0
PixelHit 1288, 970, 2.39895, 0
PixelHit 1288, 971, 4.38679, 0
PixelHit 1288, 972, 15.9088, 0
PixelHit 1288, 973, 42.0129, 0
PixelHit 1288, 974, 20.614, 0
PixelHit 1288, 975, 3.28392, 0
PixelHit 1289, 971, 6.80922, 0
PixelHit 1289, 972, 20.4481, 0
PixelHit 1289, 973, 38.0259, 0
PixelHit 1289, 974, 18.5361, 0
PixelHit 1289, 975, 2.00124, 0
PixelHit 1290, 970, 0.693647, 0
PixelHit 1290, 971, 10.4297, 0
PixelHit 1290, 972, 27.4311, 0
PixelHit 1290, 973, 31.5303, 0
PixelHit 1290, 974, 20.539, 0
PixelHit 1291, 970, 3.47745, 0
PixelHit 1291, 971, 18.9097, 0
PixelHit 1291, 972, 17.3546, 0
PixelHit 1291, 973, 19.1607, 0
PixelHit 1291, 974, 3.76142, 0
PixelHit 1292, 969, 1.9807, 0
PixelHit 1292, 970, 1.529, 0
PixelHit 1292, 971, 39.0779, 0
PixelHit 1292, 972, 36.5411, 0
PixelHit 1292, 973, 11.2722, 0
PixelHit 1293, 970, 19.9564, 0
PixelHit 1293, 971, 35.0354, 0
PixelHit 1293, 972, 40.6427, 0
PixelHit 1293, 973, 8.31277, 0
PixelHit 1294, 970, 30.2407, 0
PixelHit 1294, 971, 24.2191, 0
PixelHit 1294, 972, 10.976, 0
PixelHit 1294, 973, 2.6844, 0
PixelHit 1295, 969, 4.71011, 0
PixelHit 1295, 970, 14.3424, 0
PixelHit 1295, 971, 9.49599, 0
PixelHit 1295, 972, 6.90306, 0
PixelHit 1296, 968, 1.16292, 0
PixelHit 1296, 969, 4.85753, 0
PixelHit 1296, 970, 9.03929, 0
PixelHit 1296, 971, 9.24814, 0
PixelHit 1296, 972, 1.99629, 0
PixelHit 1297, 967, 1.40459, 0
PixelHit 1297, 968, 5.77389, 0
PixelHit 1297, 969, 18.4294, 0
PixelHit 1297, 970, 19.3346, 0
PixelHit 1297, 971, 6.02319, 0
PixelHit 1297, 972, 2.83244, 0
PixelHit 1297, 973, 0.96405, 0
PixelHit 1298, 968, 12.6566, 0
PixelHit 1298, 969, 25.8976, 0
PixelHit 1298, 970, 18.2238, 0
PixelHit 1298, 971, 7.48828, 0
PixelHit 1298, 972, 1.14751, 0
PixelHit 1299, 967, 15.2, 0
PixelHit 1299, 968, 36.1228, 0
PixelHit 1299, 969, 52.4968, 0
PixelHit 1299, 970, 33.9749, 0
PixelHit 1299, 971, 4.84013, 0
PixelHit 1300, 966, 3.28191, 0
PixelHit 1300, 967, 10.9256, 0
PixelHit 1300, 968, 47.7149, 0
PixelHit 1300, 969, 73.6873, 0
PixelHit 1300, 970, 38.664, 0
PixelHit 1300, 971, 5.80465, 0
PixelHit 1301, 966, 2.68764, 0
PixelHit 1301, 967, 16.2655, 0
PixelHit 1301, 968, 34.9263, 0
PixelHit 1301, 969, 38.8758, 0
PixelHit 1301, 970, 27.5375, 0
PixelHit 1301, 971, 2.45628, 0
PixelHit 1302, 966, 1.23813, 0
PixelHit 1302, 967, 18.2881, 0
PixelHit 1302, 968, 27.4133, 0
PixelHit 1302, 969, 12.7958, 0
PixelHit 1302, 970, 9.66191, 0
PixelHit 1303, 966, 10.4077, 0
PixelHit 1303, 967, 24.7962, 0
PixelHit 1303, 968, 22.1016, 0
PixelHit 1303, 969, 12.438, 0
PixelHit 1304, 965, 1.64286, 0
PixelHit 1304, 966, 7.30509, 0
PixelHit 1304, 967, 14.832, 0
PixelHit 1304, 968, 9.82614, 0
PixelHit 1304, 969, 6.25571, 0
PixelHit 1305, 965, 3.80501, 0
PixelHit 1305, 966, 13.8608, 0
PixelHit 1305, 967, 15.9819, 0
PixelHit 1305, 968, 3.55684, 0
PixelHit 1305, 969, 2.16121, 0
PixelHit 1306, 965, 4.4331, 0
PixelHit 1306, 967, 7.59127, 0
PixelHit 1306, 968, 3.4304, 0
PixelHit 1307, 964, 1.92744, 0
PixelHit 1307, 965, 5.85822, 0
PixelHit 1307, 966, 11.1665, 0
PixelHit 1307, 967, 8.95472, 0
PixelHit 1308, 964, 1.63914, 0
PixelHit 1308, 965, 9.90283, 0
PixelHit 1308, 966, 8.87761, 0
PixelHit 1308, 967, 5.56701, 0
PixelHit 1309, 962, 2.21917, 0
PixelHit 1309, 963, 2.71779, 0
PixelHit 1309, 964, 11.8226, 0
PixelHit 1309, 965, 22.9104, 0
PixelHit 1309, 966, 8.82266, 0
PixelHit 1310, 963, 16.0725, 0
PixelHit 1310, 964, 25.0374, 0
PixelHit 1310, 965, 21.5153, 0
PixelHit 1310, 966, 6.64915, 0
PixelHit 1310, 967, 3.69528, 0
PixelHit 1311, 961, 1.92216, 0
PixelHit 1311, 962, 3.67958, 0
PixelHit 1311, 963, 13.6284, 0
PixelHit 1311, 964, 25.6925, 0
PixelHit 1311, 965, 29.2752, 0
PixelHit 1311, 966, 2.41882, 0
PixelHit 1312, 960, 0.698706, 0
PixelHit 1312, 961, 2.42752, 0
PixelHit 1312, 962, 6.48995, 0
PixelHit 1312, 963, 9.14093, 0
PixelHit 1312, 964, 22.2039, 0
PixelHit 1312, 965, 11.7103, 0
PixelHit 1312, 966, 4.09085, 0
PixelHit 1313, 960, 2.82738, 0
PixelHit 1313, 961, 8.52596, 0
PixelHit 1313, 962, 21.9816, 0
PixelHit 1313, 963, 24.8773, 0
PixelHit 1313, 964, 8.21786, 0
PixelHit 1313, 965, 6.6601, 0
PixelHit 1313, 966, 1.92348, 0
PixelHit 1314, 960, 6.68281, 0
PixelHit 1314, 961, 14.2527, 0
PixelHit 1314, 962, 45.7797, 0
PixelHit 1314, 963, 34.5173, 0
PixelHit 1314, 964, 9.60632, 0
PixelHit 1314, 965, 2.77235, 0
PixelHit 1315, 959, 2.24997, 0
PixelHit 1315, 960, 6.41755, 0
PixelHit 1315, 961, 34.0615, 0
PixelHit 1315, 962, 61.5775, 0
PixelHit 1315, 963, 38.2442, 0
PixelHit 1315, 964, 12.1351, 0
PixelHit 1316, 960, 5.15758, 0
PixelHit 1316, 961, 14.5912, 0
PixelHit 1316, 962, 43.0913, 0
PixelHit 1316, 963, 22.2379, 0
PixelHit 1316, 964, 5.47508, 0
PixelHit 1316, 965, 3.10496, 0
PixelHit 1317, 959, 1.44892, 0
PixelHit 1317, 960, 1.35935, 0
PixelHit 1317, 961, 6.53992, 0
PixelHit 1317, 962, 5.46693, 0
PixelHit 1317, 963, 4.59881, 0
PixelHit 1317, 964, 1.48419, 0
PixelHit 1318, 961, 2.03907, 0
PixelHit 1318, 962, 0.499157, 0
PixelHit 1362, 935, 3.54338, 0
=== 60 ===
=== 61 ===
=== 62 ===
=== 63 ===
=== 64 ===
=== 65 ===
=== 66 ===
=== 67 ===
=== 68 ===
=== 69 ===
=== 70 ===
=== 71 ===
=== 72 ===
=== 73 ===
=== 74 ===
=== 75 ===
=== 76 ===
=== 77 ===
=== 78 ===
=== 79 ===
=== 80 ===
=== 81 ===
=== 82 ===
=== 83 ===
=== 84 ===
=== 85 ===
=== 86 ===
=== 87 ===
=== 88 ===
=== 89 ===
=== 90 ===
=== 91 ===
=== 92 ===
=== 93 ===
=== 94 ===
=== 95 ===
=== 96 ===
=== 97 ===
=== 98 ===
=== 99 ===
=== 100 ===
# 1459 objects from 1 messages
