# Allpix Squared ASCII data - https://cern.ch/allpix-squared

=== 1 ===
=== 2 ===
=== 3 ===
=== 4 ===
=== 5 ===
=== 6 ===
=== 7 ===
=== 8 ===
=== 9 ===
=== 10 ===
=== 11 ===
=== 12 ===
=== 13 ===
=== 14 ===
=== 15 ===
=== 16 ===
=== 17 ===
=== 18 ===
=== 19 ===
=== 20 ===
=== 21 ===
=== 22 ===
=== 23 ===
=== 24 ===
=== 25 ===
=== 26 ===
=== 27 ===
=== 28 ===
=== 29 ===
--- mydetector ---
PixelHit 1287, 976, 6.97729, 0
PixelHit 1287, 977, 2.9601, 0
PixelHit 1288, 973, 3.25775, 0
PixelHit 1288, 974, 21.5693, 0
PixelHit 1288, 975, 69.9093, 0
PixelHit 1288, 976, 148.446, 0
PixelHit 1288, 977, 12.5779, 0
PixelHit 1289, 972, 2.91093, 0
PixelHit 1289, 973, 35.3341, 0
PixelHit 1289, 974, 74.9549, 0
PixelHit 1289, 975, 69.5317, 0
PixelHit 1289, 976, 19.3011, 0
PixelHit 1289, 977, 0.419615, 0
PixelHit 1290, 968, 3.45216, 0
PixelHit 1290, 969, 4.57264, 0
PixelHit 1290, 970, 8.2936, 0
PixelHit 1290, 971, 18.6862, 0
PixelHit 1290, 972, 11.3702, 0
PixelHit 1290, 973, 36.6054, 0
PixelHit 1290, 974, 27.5756, 0
PixelHit 1290, 975, 5.3951, 0
PixelHit 1290, 976, 2.89727, 0
PixelHit 1290, 977, 2.30291, 0
PixelHit 1290, 978, 14.0542, 0
PixelHit 1290, 979, 113.373, 0
PixelHit 1290, 980, 6.41116, 0
PixelHit 1291, 966, 3.31463, 0
PixelHit 1291, 967, 4.72631, 0
PixelHit 1291, 968, 12.3241, 0
PixelHit 1291, 969, 33.1448, 0
PixelHit 1291, 970, 28.885, 0
PixelHit 1291, 971, 33.339, 0
PixelHit 1291, 972, 9.23572, 0
PixelHit 1291, 973, 3.97058, 0
PixelHit 1291, 974, 3.24126, 0
PixelHit 1291, 976, 18.9108, 0
PixelHit 1291, 977, 61.8562, 0
PixelHit 1291, 978, 44.5033, 0
PixelHit 1291, 979, 21.706, 0
PixelHit 1292, 963, -0.215623, 0
PixelHit 1292, 965, 8.18851, 0
PixelHit 1292, 966, 16.7913, 0
PixelHit 1292, 967, 22.447, 0
PixelHit 1292, 968, 33.8474, 0
PixelHit 1292, 969, 72.1093, 0
PixelHit 1292, 970, 50.6695, 0
PixelHit 1292, 971, 17.9431, 0
PixelHit 1292, 972, 3.00247, 0
PixelHit 1292, 973, 3.92662, 0
PixelHit 1292, 974, 18.6014, 0
PixelHit 1292, 975, 26.7897, 0
PixelHit 1292, 976, 64.4365, 0
PixelHit 1292, 977, 40.3509, 0
PixelHit 1292, 978, 17.1074, 0
PixelHit 1292, 979, 1.36548, 0
PixelHit 1293, 963, 3.7076, 0
PixelHit 1293, 964, 17.8143, 0
PixelHit 1293, 965, 33.0777, 0
PixelHit 1293, 966, 56.8518, 0
PixelHit 1293, 967, 36.5295, 0
PixelHit 1293, 968, 47.6888, 0
PixelHit 1293, 969, 28.6954, 0
PixelHit 1293, 970, 13.9023, 0
PixelHit 1293, 971, 4.131, 0
PixelHit 1293, 972, 13.8245, 0
PixelHit 1293, 973, 43.969, 0
PixelHit 1293, 974, 59.412, 0
PixelHit 1293, 975, 33.4547, 0
PixelHit 1293, 976, 14.8315, 0
PixelHit 1293, 977, 3.97328, 0
PixelHit 1294, 961, 4.93432, 0
PixelHit 1294, 962, 7.98687, 0
PixelHit 1294, 963, 17.0984, 0
PixelHit 1294, 964, 32.1727, 0
PixelHit 1294, 965, 40.2977, 0
PixelHit 1294, 966, 47.49, 0
PixelHit 1294, 967, 41.8338, 0
PixelHit 1294, 968, 31.3073, 0
PixelHit 1294, 969, 10.6838, 0
PixelHit 1294, 970, 5.1591, 0
PixelHit 1294, 971, 10.5568, 0
PixelHit 1294, 972, 30.6545, 0
PixelHit 1294, 973, 63.7352, 0
PixelHit 1294, 974, 54.0768, 0
PixelHit 1294, 975, 14.483, 0
PixelHit 1295, 959, 4.39529, 0
PixelHit 1295, 960, 6.57487, 0
PixelHit 1295, 961, 9.10266, 0
PixelHit 1295, 962, 16.2444, 0
PixelHit 1295, 963, 27.3966, 0
PixelHit 1295, 964, 35.8082, 0
PixelHit 1295, 965, 23.0147, 0
PixelHit 1295, 966, 38.7688, 0
PixelHit 1295, 967, 62.2969, 0
PixelHit 1295, 968, 81.5466, 0
PixelHit 1295, 969, 66.3505, 0
PixelHit 1295, 970, 25.5335, 0
PixelHit 1295, 971, 20.7051, 0
PixelHit 1295, 972, 17.9301, 0
PixelHit 1295, 973, 18.5699, 0
PixelHit 1295, 974, 10.6835, 0
PixelHit 1295, 975, 1.99741, 0
PixelHit 1296, 958, 4.03579, 0
PixelHit 1296, 959, 14.461, 0
PixelHit 1296, 960, 22.5247, 0
PixelHit 1296, 961, 16.627, 0
PixelHit 1296, 962, 11.0587, 0
PixelHit 1296, 963, 24.0718, 0
PixelHit 1296, 964, 24.3561, 0
PixelHit 1296, 965, 16.1054, 0
PixelHit 1296, 966, 27.907, 0
PixelHit 1296, 967, 126.324, 0
PixelHit 1296, 968, 229.745, 0
PixelHit 1296, 969, 150.79, 0
PixelHit 1296, 970, 53.798, 0
PixelHit 1296, 971, 12.3219, 0
PixelHit 1296, 972, 8.04174, 0
PixelHit 1297, 957, 5.2032, 0
PixelHit 1297, 958, 10.8504, 0
PixelHit 1297, 959, 32.4275, 0
PixelHit 1297, 960, 41.5646, 0
PixelHit 1297, 961, 29.4703, 0
PixelHit 1297, 962, 22.3122, 0
PixelHit 1297, 963, 13.638, 0
PixelHit 1297, 964, 21.8151, 0
PixelHit 1297, 965, 27.6827, 0
PixelHit 1297, 966, 43.4254, 0
PixelHit 1297, 967, 158.005, 0
PixelHit 1297, 968, 247.405, 0
PixelHit 1297, 969, 165.306, 0
PixelHit 1297, 970, 49.2692, 0
PixelHit 1297, 971, 9.96212, 0
PixelHit 1297, 972, 1.71927, 0
PixelHit 1298, 957, 1.95043, 0
PixelHit 1298, 958, 14.6747, 0
PixelHit 1298, 959, 35.5695, 0
PixelHit 1298, 960, 30.7233, 0
PixelHit 1298, 961, 31.8742, 0
PixelHit 1298, 962, 26.8597, 0
PixelHit 1298, 963, 27.9833, 0
PixelHit 1298, 964, 24.7225, 0
PixelHit 1298, 965, 22.2783, 0
PixelHit 1298, 966, 37.1306, 0
PixelHit 1298, 967, 70.7795, 0
PixelHit 1298, 968, 107.892, 0
PixelHit 1298, 969, 62.8276, 0
PixelHit 1298, 970, 17.2142, 0
PixelHit 1298, 971, 1.95708, 0
PixelHit 1298, 972, 1.58823, 0
PixelHit 1299, 957, 0.553066, 0
PixelHit 1299, 958, 2.76525, 0
PixelHit 1299, 959, 13.6727, 0
PixelHit 1299, 960, 12.5689, 0
PixelHit 1299, 961, 23.2486, 0
PixelHit 1299, 962, 25.2375, 0
PixelHit 1299, 963, 36.2694, 0
PixelHit 1299, 964, 47.4513, 0
PixelHit 1299, 965, 36.5939, 0
PixelHit 1299, 966, 16.7829, 0
PixelHit 1299, 967, 12.7887, 0
PixelHit 1299, 968, 13.1725, 0
PixelHit 1299, 969, 12.1282, 0
PixelHit 1299, 970, 4.07887, 0
PixelHit 1300, 958, 5.77773, 0
PixelHit 1300, 959, 2.21266, 0
PixelHit 1300, 961, 8.98172, 0
PixelHit 1300, 962, 19.0001, 0
PixelHit 1300, 963, 28.965, 0
PixelHit 1300, 964, 29.0584, 0
PixelHit 1300, 965, 16.9245, 0
PixelHit 1300, 966, 9.30899, 0
PixelHit 1300, 967, 4.53015, 0
PixelHit 1300, 968, 4.04013, 0
PixelHit 1301, 958, 0.250795, 0
PixelHit 1301, 961, 4.4434, 0
PixelHit 1301, 962, 11.0986, 0
PixelHit 1301, 963, 12.3388, 0
PixelHit 1301, 964, 7.96877, 0
PixelHit 1301, 965, 8.60099, 0
PixelHit 1302, 960, 1.31204, 0
PixelHit 1302, 962, 4.12949, 0
PixelHit 1302, 966, 2.76944, 0
PixelHit 1303, 962, 1.97553, 0
=== 30 ===
=== 31 ===
=== 32 ===
=== 33 ===
=== 34 ===
=== 35 ===
=== 36 ===
=== 37 ===
=== 38 ===
=== 39 ===
=== 40 ===
=== 41 ===
=== 42 ===
=== 43 ===
=== 44 ===
=== 45 ===
=== 46 ===
=== 47 ===
=== 48 ===
=== 49 ===
=== 50 ===
=== 51 ===
=== 52 ===
=== 53 ===
=== 54 ===
=== 55 ===
=== 56 ===
=== 57 ===
=== 58 ===
=== 59 ===
=== 60 ===
=== 61 ===
=== 62 ===
=== 63 ===
=== 64 ===
=== 65 ===
=== 66 ===
=== 67 ===
=== 68 ===
=== 69 ===
=== 70 ===
=== 71 ===
=== 72 ===
=== 73 ===
=== 74 ===
=== 75 ===
=== 76 ===
--- mydetector ---
PixelHit 1141, 1039, 2.34147, 0
PixelHit 1141, 1040, 5.43889, 0
PixelHit 1141, 1041, 0.257146, 0
PixelHit 1142, 1038, 2.06171, 0
PixelHit 1142, 1039, 3.56947, 0
PixelHit 1142, 1040, 3.28686, 0
PixelHit 1143, 1037, 4.32583, 0
PixelHit 1143, 1038, 6.77363, 0
PixelHit 1143, 1039, 8.51505, 0
PixelHit 1143, 1040, 2.68814, 0
PixelHit 1143, 1041, 2.9681, 0
PixelHit 1143, 1042, 1.42394, 0
PixelHit 1144, 1038, 4.04408, 0
PixelHit 1144, 1039, 9.80435, 0
PixelHit 1144, 1040, 13.6961, 0
PixelHit 1144, 1041, 2.89011, 0
PixelHit 1145, 1036, 2.14492, 0
PixelHit 1145, 1037, 3.21699, 0
PixelHit 1145, 1038, 7.22698, 0
PixelHit 1145, 1039, 12.6832, 0
PixelHit 1145, 1040, 9.60703, 0
PixelHit 1145, 1041, 3.14102, 0
PixelHit 1146, 1036, 1.9754, 0
PixelHit 1146, 1037, 8.64527, 0
PixelHit 1146, 1038, 20.1692, 0
PixelHit 1146, 1039, 32.1607, 0
PixelHit 1146, 1040, 15.773, 0
PixelHit 1146, 1041, 9.72255, 0
PixelHit 1146, 1042, 2.95748, 0
PixelHit 1147, 1036, 1.56329, 0
PixelHit 1147, 1037, 22.4972, 0
PixelHit 1147, 1038, 50.2921, 0
PixelHit 1147, 1039, 89.6614, 0
PixelHit 1147, 1040, 60.2886, 0
PixelHit 1147, 1041, 19.9847, 0
PixelHit 1147, 1042, 1.22889, 0
PixelHit 1148, 1036, 11.1938, 0
PixelHit 1148, 1037, 56.1611, 0
PixelHit 1148, 1038, 179.549, 0
PixelHit 1148, 1039, 237.725, 0
PixelHit 1148, 1040, 152.748, 0
PixelHit 1148, 1041, 61.4705, 0
PixelHit 1148, 1042, 7.92416, 0
PixelHit 1148, 1043, 1.32287, 0
PixelHit 1149, 1036, 11.6977, 0
PixelHit 1149, 1037, 89.3468, 0
PixelHit 1149, 1038, 282.981, 0
PixelHit 1149, 1039, 370.1, 0
PixelHit 1149, 1040, 265.244, 0
PixelHit 1149, 1041, 96.5302, 0
PixelHit 1149, 1042, 13.2748, 0
PixelHit 1149, 1043, 1.66749, 0
PixelHit 1150, 1035, 1.10634, 0
PixelHit 1150, 1036, 15.5661, 0
PixelHit 1150, 1037, 81.3377, 0
PixelHit 1150, 1038, 201.021, 0
PixelHit 1150, 1039, 306.872, 0
PixelHit 1150, 1040, 199.477, 0
PixelHit 1150, 1041, 69.8552, 0
PixelHit 1150, 1042, 8.05279, 0
PixelHit 1151, 1036, 7.49729, 0
PixelHit 1151, 1037, 40.6797, 0
PixelHit 1151, 1038, 81.8097, 0
PixelHit 1151, 1039, 103.22, 0
PixelHit 1151, 1040, 67.9947, 0
PixelHit 1151, 1041, 25.9772, 0
PixelHit 1151, 1042, 5.29077, 0
PixelHit 1152, 1036, 4.15942, 0
PixelHit 1152, 1037, 15.877, 0
PixelHit 1152, 1038, 38.8882, 0
PixelHit 1152, 1039, 40.0665, 0
PixelHit 1152, 1040, 36.9801, 0
PixelHit 1152, 1041, 2.53306, 0
PixelHit 1152, 1042, 1.82346, 0
PixelHit 1153, 1035, 3.27237, 0
PixelHit 1153, 1036, 3.79182, 0
PixelHit 1153, 1037, 19.866, 0
PixelHit 1153, 1038, 22.5702, 0
PixelHit 1153, 1039, 15.0322, 0
PixelHit 1153, 1040, 6.4079, 0
PixelHit 1153, 1041, 2.79895, 0
PixelHit 1154, 1035, 9.8633, 0
PixelHit 1154, 1036, 34.3227, 0
PixelHit 1154, 1037, 50.2982, 0
PixelHit 1154, 1038, 49.8457, 0
PixelHit 1154, 1039, 17.3513, 0
PixelHit 1154, 1040, 5.03666, 0
PixelHit 1155, 1034, 1.61573, 0
PixelHit 1155, 1035, 26.5435, 0
PixelHit 1155, 1036, 151.997, 0
PixelHit 1155, 1037, 213.809, 0
PixelHit 1155, 1038, 136.847, 0
PixelHit 1155, 1039, 28.0705, 0
PixelHit 1155, 1040, 2.72983, 0
PixelHit 1156, 1034, 3.97047, 0
PixelHit 1156, 1035, 39.9457, 0
PixelHit 1156, 1036, 233.56, 0
PixelHit 1156, 1037, 430.42, 0
PixelHit 1156, 1038, 208.993, 0
PixelHit 1156, 1039, 55.003, 0
PixelHit 1156, 1040, 1.81168, 0
PixelHit 1157, 1034, 1.27573, 0
PixelHit 1157, 1035, 44.9807, 0
PixelHit 1157, 1036, 199.058, 0
PixelHit 1157, 1037, 346.082, 0
PixelHit 1157, 1038, 182.036, 0
PixelHit 1157, 1039, 23.6106, 0
PixelHit 1157, 1040, 2.698, 0
PixelHit 1158, 1034, 2.64656, 0
PixelHit 1158, 1035, 24.2409, 0
PixelHit 1158, 1036, 109.027, 0
PixelHit 1158, 1037, 114.937, 0
PixelHit 1158, 1038, 48.8393, 0
PixelHit 1158, 1039, 5.85811, 0
PixelHit 1159, 1034, 5.46563, 0
PixelHit 1159, 1035, 37.0654, 0
PixelHit 1159, 1036, 80.0824, 0
PixelHit 1159, 1037, 46.4252, 0
PixelHit 1159, 1038, 19.9432, 0
PixelHit 1159, 1039, 2.16751, 0
PixelHit 1160, 1034, 8.55546, 0
PixelHit 1160, 1035, 56.9398, 0
PixelHit 1160, 1036, 53.7387, 0
PixelHit 1160, 1037, 27.9421, 0
PixelHit 1161, 1033, 3.48083, 0
PixelHit 1161, 1034, 17.3089, 0
PixelHit 1161, 1035, 66.7593, 0
PixelHit 1161, 1036, 56.1213, 0
PixelHit 1161, 1037, 15.7076, 0
PixelHit 1162, 1032, -0.353895, 0
PixelHit 1162, 1033, 8.45453, 0
PixelHit 1162, 1034, 34.985, 0
PixelHit 1162, 1035, 90.4734, 0
PixelHit 1162, 1036, 55.9643, 0
PixelHit 1162, 1037, 5.48086, 0
PixelHit 1163, 1033, 9.44018, 0
PixelHit 1163, 1034, 80.8816, 0
PixelHit 1163, 1035, 106.547, 0
PixelHit 1163, 1036, 40.8244, 0
PixelHit 1163, 1037, 3.41789, 0
PixelHit 1164, 1032, 1.43644, 0
PixelHit 1164, 1033, 16.1421, 0
PixelHit 1164, 1034, 87.7284, 0
PixelHit 1164, 1035, 72.3715, 0
PixelHit 1164, 1036, 14.4508, 0
PixelHit 1164, 1037, 1.83005, 0
PixelHit 1165, 1032, 4.7476, 0
PixelHit 1165, 1033, 15.9323, 0
PixelHit 1165, 1034, 80.7072, 0
PixelHit 1165, 1035, 36.4142, 0
PixelHit 1165, 1036, 3.59459, 0
PixelHit 1166, 1032, 2.23476, 0
PixelHit 1166, 1033, 16.8786, 0
PixelHit 1166, 1034, 39.0606, 0
PixelHit 1166, 1035, 23.4578, 0
PixelHit 1166, 1036, 3.88038, 0
PixelHit 1167, 1033, 8.51944, 0
PixelHit 1167, 1034, 38.7879, 0
PixelHit 1167, 1035, 12.8557, 0
PixelHit 1167, 1036, 1.2936, 0
PixelHit 1168, 1033, 7.87696, 0
PixelHit 1168, 1034, 37.816, 0
PixelHit 1168, 1035, 12.882, 0
PixelHit 1169, 1033, 9.40701, 0
PixelHit 1169, 1034, 29.4327, 0
PixelHit 1169, 1035, 9.8123, 0
PixelHit 1170, 1033, 16.042, 0
PixelHit 1170, 1034, 43.1655, 0
PixelHit 1170, 1035, 14.2803, 0
PixelHit 1171, 1033, 8.59641, 0
PixelHit 1171, 1034, 32.6406, 0
PixelHit 1171, 1035, 13.3013, 0
PixelHit 1171, 1036, 2.36581, 0
PixelHit 1172, 1033, 9.57227, 0
PixelHit 1172, 1034, 26.1786, 0
PixelHit 1172, 1035, 1.74032, 0
PixelHit 1172, 1036, 1.64169, 0
PixelHit 1173, 1032, 0.680969, 0
PixelHit 1173, 1033, 18.8135, 0
PixelHit 1173, 1034, 41.7104, 0
PixelHit 1173, 1035, 4.54943, 0
PixelHit 1174, 1033, 7.39568, 0
PixelHit 1174, 1034, 15.3485, 0
PixelHit 1175, 1033, 22.8809, 0
PixelHit 1175, 1034, 90.4999, 0
PixelHit 1175, 1035, 6.35555, 0
PixelHit 1176, 1033, 24.6747, 0
PixelHit 1176, 1034, 72.4626, 0
PixelHit 1176, 1035, 3.04368, 0
PixelHit 1177, 1033, 81.2257, 0
PixelHit 1177, 1034, 262.569, 0
PixelHit 1178, 1033, 11.8869, 0
PixelHit 1178, 1034, 29.6472, 0
PixelHit 1179, 1034, 14.4697, 0
PixelHit 1180, 1033, 25.4292, 0
PixelHit 1180, 1034, 42.3248, 0
PixelHit 1181, 1033, 20.9555, 0
PixelHit 1181, 1034, 30.0324, 0
PixelHit 1182, 1033, 19.4428, 0
PixelHit 1182, 1034, 35.1357, 0
PixelHit 1183, 1034, 3.64241, 0
PixelHit 1287, 980, 11.3518, 0
PixelHit 1287, 981, 14.464, 0
PixelHit 1287, 982, 1.57913, 0
PixelHit 1287, 983, 4.32604, 0
PixelHit 1287, 984, 2.02117, 0
PixelHit 1288, 977, 2.96724, 0
PixelHit 1288, 978, 3.09833, 0
PixelHit 1288, 979, 52.8858, 0
PixelHit 1288, 980, 144.898, 0
PixelHit 1288, 981, 66.0987, 0
PixelHit 1288, 982, 31.0301, 0
PixelHit 1288, 983, 3.40322, 0
PixelHit 1289, 974, 1.28106, 0
PixelHit 1289, 975, 6.49686, 0
PixelHit 1289, 976, 16.2102, 0
PixelHit 1289, 977, 34.0407, 0
PixelHit 1289, 978, 38.1271, 0
PixelHit 1289, 979, 63.4252, 0
PixelHit 1289, 980, 80.1174, 0
PixelHit 1289, 981, 61.8127, 0
PixelHit 1289, 982, 19.9496, 0
PixelHit 1290, 971, 1.37626, 0
PixelHit 1290, 972, 1.5377, 0
PixelHit 1290, 973, 4.28766, 0
PixelHit 1290, 974, 6.41468, 0
PixelHit 1290, 975, 33.3594, 0
PixelHit 1290, 976, 68.3449, 0
PixelHit 1290, 977, 110.354, 0
PixelHit 1290, 978, 66.088, 0
PixelHit 1290, 979, 55.8702, 0
PixelHit 1290, 980, 27.346, 0
PixelHit 1290, 981, 14.8575, 0
PixelHit 1290, 982, 0.638488, 0
PixelHit 1291, 970, 3.15127, 0
PixelHit 1291, 971, 7.52971, 0
PixelHit 1291, 972, 13.6491, 0
PixelHit 1291, 973, 18.7636, 0
PixelHit 1291, 974, 30.2624, 0
PixelHit 1291, 975, 59.4801, 0
PixelHit 1291, 976, 84.1528, 0
PixelHit 1291, 977, 66.8298, 0
PixelHit 1291, 978, 40.0789, 0
PixelHit 1291, 979, 17.2666, 0
PixelHit 1291, 980, 3.74567, 0
PixelHit 1292, 968, 2.04489, 0
PixelHit 1292, 969, 3.31507, 0
PixelHit 1292, 970, 17.0773, 0
PixelHit 1292, 971, 31.7145, 0
PixelHit 1292, 972, 54.2398, 0
PixelHit 1292, 973, 40.8127, 0
PixelHit 1292, 974, 38.2306, 0
PixelHit 1292, 975, 42.3201, 0
PixelHit 1292, 976, 42.2196, 0
PixelHit 1292, 977, 19.1886, 0
PixelHit 1292, 978, 9.67993, 0
PixelHit 1293, 966, 2.19942, 0
PixelHit 1293, 967, 4.45297, 0
PixelHit 1293, 968, 14.9586, 0
PixelHit 1293, 969, 26.4089, 0
PixelHit 1293, 970, 39.7941, 0
PixelHit 1293, 971, 58.3785, 0
PixelHit 1293, 972, 87.3349, 0
PixelHit 1293, 973, 61.5428, 0
PixelHit 1293, 974, 30.7998, 0
PixelHit 1293, 975, 14.3731, 0
PixelHit 1293, 976, 19.4127, 0
PixelHit 1293, 977, 4.59996, 0
PixelHit 1293, 978, 1.27143, 0
PixelHit 1294, 965, 4.14024, 0
PixelHit 1294, 966, 2.12772, 0
PixelHit 1294, 967, 13.6153, 0
PixelHit 1294, 968, 31.2454, 0
PixelHit 1294, 969, 59.7794, 0
PixelHit 1294, 970, 63.9465, 0
PixelHit 1294, 971, 60.5241, 0
PixelHit 1294, 972, 70.6694, 0
PixelHit 1294, 973, 51.6907, 0
PixelHit 1294, 974, 17.8179, 0
PixelHit 1294, 975, 3.85564, 0
PixelHit 1294, 976, 2.23047, 0
PixelHit 1295, 963, 1.79793, 0
PixelHit 1295, 964, 5.2435, 0
PixelHit 1295, 965, 17.2539, 0
PixelHit 1295, 966, 28.6212, 0
PixelHit 1295, 967, 32.6725, 0
PixelHit 1295, 968, 53.6466, 0
PixelHit 1295, 969, 67.0928, 0
PixelHit 1295, 970, 46.5624, 0
PixelHit 1295, 971, 41.8782, 0
PixelHit 1295, 972, 26.9867, 0
PixelHit 1295, 973, 15.8336, 0
PixelHit 1295, 974, 6.12992, 0
PixelHit 1295, 976, 0.878899, 0
PixelHit 1296, 962, 0.947669, 0
PixelHit 1296, 963, 5.23179, 0
PixelHit 1296, 964, 24.624, 0
PixelHit 1296, 965, 58.6914, 0
PixelHit 1296, 966, 69.4757, 0
PixelHit 1296, 967, 41.7702, 0
PixelHit 1296, 968, 60.5714, 0
PixelHit 1296, 969, 47.4182, 0
PixelHit 1296, 970, 39.5589, 0
PixelHit 1296, 971, 9.17293, 0
PixelHit 1296, 972, 9.97377, 0
PixelHit 1297, 962, 5.12569, 0
PixelHit 1297, 963, 15.0068, 0
PixelHit 1297, 964, 53.8701, 0
PixelHit 1297, 965, 100.322, 0
PixelHit 1297, 966, 88.3654, 0
PixelHit 1297, 967, 52.3994, 0
PixelHit 1297, 968, 49.5979, 0
PixelHit 1297, 969, 24.9704, 0
PixelHit 1297, 970, 10.1186, 0
PixelHit 1297, 971, 3.11297, 0
PixelHit 1297, 972, 2.8632, 0
PixelHit 1298, 962, 3.25756, 0
PixelHit 1298, 963, 28.1134, 0
PixelHit 1298, 964, 52.5363, 0
PixelHit 1298, 965, 109.676, 0
PixelHit 1298, 966, 95.2968, 0
PixelHit 1298, 967, 55.2637, 0
PixelHit 1298, 968, 16.8028, 0
PixelHit 1298, 969, 5.11828, 0
PixelHit 1298, 970, 5.82561, 0
PixelHit 1299, 962, 2.93152, 0
PixelHit 1299, 963, 13.5153, 0
PixelHit 1299, 964, 39.3439, 0
PixelHit 1299, 965, 37.7953, 0
PixelHit 1299, 966, 39.8289, 0
PixelHit 1299, 967, 34.3279, 0
PixelHit 1299, 968, 6.5039, 0
PixelHit 1300, 963, 2.49303, 0
PixelHit 1300, 964, 9.60395, 0
PixelHit 1300, 965, 14.5587, 0
PixelHit 1300, 966, 11.0473, 0
PixelHit 1300, 967, 5.92461, 0
PixelHit 1300, 968, 1.31421, 0
PixelHit 1301, 964, 2.15104, 0
PixelHit 1301, 965, 1.97264, 0
PixelHit 1301, 966, 0.386965, 0
PixelHit 1302, 964, 0.753157, 0
=== 77 ===
=== 78 ===
=== 79 ===
=== 80 ===
=== 81 ===
=== 82 ===
=== 83 ===
=== 84 ===
=== 85 ===
=== 86 ===
=== 87 ===
=== 88 ===
=== 89 ===
=== 90 ===
=== 91 ===
--- mydetector ---
PixelHit 1258, 870, 1.73206, 0
PixelHit 1258, 871, 4.37263, 0
PixelHit 1259, 867, 1.78585, 0
PixelHit 1259, 868, 3.28669, 0
PixelHit 1259, 869, 14.5068, 0
PixelHit 1259, 870, 18.6213, 0
PixelHit 1259, 871, 68.7173, 0
PixelHit 1259, 872, 3.29273, 0
PixelHit 1260, 866, 4.45878, 0
PixelHit 1260, 867, 8.73459, 0
PixelHit 1260, 868, 41.9493, 0
PixelHit 1260, 869, 80.3037, 0
PixelHit 1260, 870, 26.0293, 0
PixelHit 1260, 871, 3.20565, 0
PixelHit 1261, 865, 6.01942, 0
PixelHit 1261, 866, 32.072, 0
PixelHit 1261, 867, 40.5992, 0
PixelHit 1261, 868, 52.9896, 0
PixelHit 1261, 869, 12.4338, 0
PixelHit 1262, 860, 1.98629, 0
PixelHit 1262, 861, 0.951969, 0
PixelHit 1262, 862, 2.60135, 0
PixelHit 1262, 863, 12.2864, 0
PixelHit 1262, 864, 21.3363, 0
PixelHit 1262, 865, 16.5433, 0
PixelHit 1262, 866, 41.8253, 0
PixelHit 1262, 867, 22.9193, 0
PixelHit 1262, 868, 5.99689, 0
PixelHit 1262, 869, 1.62897, 0
PixelHit 1263, 860, 4.70738, 0
PixelHit 1263, 861, 7.88682, 0
PixelHit 1263, 862, 20.239, 0
PixelHit 1263, 863, 31.0576, 0
PixelHit 1263, 864, 35.255, 0
PixelHit 1263, 865, 10.4886, 0
PixelHit 1263, 866, 15.2909, 0
PixelHit 1264, 857, 3.12767, 0
PixelHit 1264, 858, 3.75312, 0
PixelHit 1264, 859, 6.46598, 0
PixelHit 1264, 860, 15.932, 0
PixelHit 1264, 861, 26.5526, 0
PixelHit 1264, 862, 31.1914, 0
PixelHit 1264, 863, 27.6529, 0
PixelHit 1264, 864, 18.3262, 0
PixelHit 1264, 865, 4.98446, 0
PixelHit 1265, 856, 3.35998, 0
PixelHit 1265, 857, 14.5736, 0
PixelHit 1265, 858, 21.2874, 0
PixelHit 1265, 859, 15.5341, 0
PixelHit 1265, 860, 29.0384, 0
PixelHit 1265, 861, 29.7184, 0
PixelHit 1265, 862, 21.8759, 0
PixelHit 1265, 863, 15.4727, 0
PixelHit 1265, 864, 4.995, 0
PixelHit 1265, 865, 2.39519, 0
PixelHit 1266, 856, 12.1487, 0
PixelHit 1266, 857, 24.2782, 0
PixelHit 1266, 858, 46.1104, 0
PixelHit 1266, 859, 28.1187, 0
PixelHit 1266, 860, 20.2665, 0
PixelHit 1266, 861, 21.6735, 0
PixelHit 1266, 862, 8.24432, 0
PixelHit 1266, 863, 2.76554, 0
PixelHit 1266, 864, 2.1617, 0
PixelHit 1267, 853, 1.47362, 0
PixelHit 1267, 854, 5.89692, 0
PixelHit 1267, 855, 10.1215, 0
PixelHit 1267, 856, 16.6115, 0
PixelHit 1267, 857, 34.0107, 0
PixelHit 1267, 858, 41.2498, 0
PixelHit 1267, 859, 21.1282, 0
PixelHit 1267, 860, 11.365, 0
PixelHit 1267, 861, 5.10935, 0
PixelHit 1268, 852, 2.99616, 0
PixelHit 1268, 853, 5.86554, 0
PixelHit 1268, 854, 11.372, 0
PixelHit 1268, 855, 17.0962, 0
PixelHit 1268, 856, 10.8061, 0
PixelHit 1268, 857, 14.6737, 0
PixelHit 1268, 858, 9.87615, 0
PixelHit 1268, 859, 11.83, 0
PixelHit 1268, 860, 5.25825, 0
PixelHit 1269, 852, 3.57229, 0
PixelHit 1269, 853, 8.19682, 0
PixelHit 1269, 854, 10.1786, 0
PixelHit 1269, 855, 14.2761, 0
PixelHit 1269, 856, 9.83318, 0
PixelHit 1269, 857, 5.2838, 0
PixelHit 1269, 858, 3.54382, 0
PixelHit 1269, 859, 3.02148, 0
PixelHit 1269, 861, 1.75638, 0
PixelHit 1270, 852, 1.946, 0
PixelHit 1270, 853, 7.63604, 0
PixelHit 1270, 854, 7.77638, 0
PixelHit 1270, 855, 7.09873, 0
PixelHit 1270, 856, 8.76584, 0
PixelHit 1270, 858, 1.25665, 0
PixelHit 1271, 854, 4.51029, 0
PixelHit 1293, 981, 2.64284, 0
PixelHit 1294, 977, 12.3826, 0
PixelHit 1294, 978, 24.207, 0
PixelHit 1294, 979, 50.8529, 0
PixelHit 1294, 980, 72.6596, 0
PixelHit 1294, 981, 3.95699, 0
PixelHit 1295, 974, 1.85804, 0
PixelHit 1295, 975, 6.97316, 0
PixelHit 1295, 976, 17.3991, 0
PixelHit 1295, 977, 129.345, 0
PixelHit 1295, 978, 205.256, 0
PixelHit 1295, 979, 76.5908, 0
PixelHit 1295, 980, 10.2872, 0
PixelHit 1296, 973, 7.63524, 0
PixelHit 1296, 974, 35.1107, 0
PixelHit 1296, 975, 66.9315, 0
PixelHit 1296, 976, 85.6689, 0
PixelHit 1296, 977, 116.098, 0
PixelHit 1296, 978, 129.669, 0
PixelHit 1296, 979, 18.1913, 0
PixelHit 1297, 970, 5.02412, 0
PixelHit 1297, 971, 1.67656, 0
PixelHit 1297, 972, 11.245, 0
PixelHit 1297, 973, 27.8127, 0
PixelHit 1297, 974, 82.4842, 0
PixelHit 1297, 975, 121.389, 0
PixelHit 1297, 976, 77.9317, 0
PixelHit 1297, 977, 22.7098, 0
PixelHit 1297, 978, 8.48209, 0
PixelHit 1298, 969, 2.43031, 0
PixelHit 1298, 970, 3.90464, 0
PixelHit 1298, 971, 12.3325, 0
PixelHit 1298, 972, 24.9087, 0
PixelHit 1298, 973, 29.3127, 0
PixelHit 1298, 974, 55.4902, 0
PixelHit 1298, 975, 51.274, 0
PixelHit 1298, 976, 27.0418, 0
PixelHit 1298, 977, 6.09516, 0
PixelHit 1299, 964, 2.01926, 0
PixelHit 1299, 965, 4.77948, 0
PixelHit 1299, 966, 9.15486, 0
PixelHit 1299, 967, 5.42039, 0
PixelHit 1299, 968, 11.4104, 0
PixelHit 1299, 969, 15.4917, 0
PixelHit 1299, 970, 22.5774, 0
PixelHit 1299, 971, 27.4217, 0
PixelHit 1299, 972, 33.1284, 0
PixelHit 1299, 973, 29.1826, 0
PixelHit 1299, 974, 5.10126, 0
PixelHit 1299, 975, 8.3956, 0
PixelHit 1299, 976, -0.55945, 0
PixelHit 1300, 961, 1.81024, 0
PixelHit 1300, 964, 4.86538, 0
PixelHit 1300, 965, 16.7308, 0
PixelHit 1300, 966, 32.0209, 0
PixelHit 1300, 967, 40.7725, 0
PixelHit 1300, 968, 42.5268, 0
PixelHit 1300, 969, 26.556, 0
PixelHit 1300, 970, 27.929, 0
PixelHit 1300, 971, 15.0492, 0
PixelHit 1300, 972, 11.7023, 0
PixelHit 1301, 961, 4.22414, 0
PixelHit 1301, 962, 5.39431, 0
PixelHit 1301, 963, 12.546, 0
PixelHit 1301, 964, 16.0048, 0
PixelHit 1301, 965, 54.9936, 0
PixelHit 1301, 966, 84.5042, 0
PixelHit 1301, 967, 74.4093, 0
PixelHit 1301, 968, 70.887, 0
PixelHit 1301, 969, 39.0389, 0
PixelHit 1301, 970, 24.7606, 0
PixelHit 1301, 971, 8.41132, 0
PixelHit 1301, 972, 3.24267, 0
PixelHit 1302, 962, 15.3784, 0
PixelHit 1302, 963, 22.0247, 0
PixelHit 1302, 964, 57.9, 0
PixelHit 1302, 965, 70.7859, 0
PixelHit 1302, 966, 99.0649, 0
PixelHit 1302, 967, 100.03, 0
PixelHit 1302, 968, 40.7811, 0
PixelHit 1302, 969, 21.0726, 0
PixelHit 1302, 970, 4.60039, 0
PixelHit 1302, 971, 2.16481, 0
PixelHit 1303, 961, 12.7696, 0
PixelHit 1303, 962, 15.4694, 0
PixelHit 1303, 963, 70.3922, 0
PixelHit 1303, 964, 67.1361, 0
PixelHit 1303, 965, 74.4047, 0
PixelHit 1303, 966, 104.558, 0
PixelHit 1303, 967, 71.3479, 0
PixelHit 1303, 968, 23.2463, 0
PixelHit 1303, 969, 5.92215, 0
PixelHit 1304, 961, 9.13701, 0
PixelHit 1304, 962, 20.7164, 0
PixelHit 1304, 963, 35.6693, 0
PixelHit 1304, 964, 50.6206, 0
PixelHit 1304, 965, 39.0435, 0
PixelHit 1304, 966, 35.708, 0
PixelHit 1304, 967, 13.3158, 0
PixelHit 1304, 968, 3.8151, 0
PixelHit 1304, 969, 3.03824, 0
PixelHit 1305, 961, 4.22811, 0
PixelHit 1305, 962, 14.0458, 0
PixelHit 1305, 963, 35.0451, 0
PixelHit 1305, 964, 27.9021, 0
PixelHit 1305, 965, 14.8052, 0
PixelHit 1305, 966, 9.74667, 0
PixelHit 1305, 967, 3.87166, 0
PixelHit 1306, 962, 2.65323, 0
PixelHit 1306, 963, 8.19283, 0
PixelHit 1306, 964, 5.74165, 0
PixelHit 1306, 965, 3.21334, 0
PixelHit 1306, 966, 1.71544, 0
PixelHit 1307, 963, 2.63179, 0
PixelHit 1307, 964, 2.75382, 0
=== 92 ===
=== 93 ===
=== 94 ===
=== 95 ===
=== 96 ===
=== 97 ===
=== 98 ===
=== 99 ===
=== 100 ===
# 738 objects from 3 messages
