# Allpix Squared ASCII data - https://cern.ch/allpix-squared

=== 1 ===
=== 2 ===
=== 3 ===
=== 4 ===
=== 5 ===
=== 6 ===
=== 7 ===
=== 8 ===
=== 9 ===
=== 10 ===
=== 11 ===
=== 12 ===
--- mydetector ---
PixelHit 1290, 973, 83.669, 0
PixelHit 1291, 972, 15.7624, 0
PixelHit 1291, 973, 44.5422, 0
PixelHit 1291, 974, 104.886, 0
PixelHit 1291, 975, 3.70545, 0
PixelHit 1292, 971, 6.58607, 0
PixelHit 1292, 972, 69.7531, 0
PixelHit 1292, 973, 141.048, 0
PixelHit 1292, 974, 44.0504, 0
PixelHit 1292, 975, 1.38589, 0
PixelHit 1293, 970, 2.77291, 0
PixelHit 1293, 971, 19.2018, 0
PixelHit 1293, 972, 61.9706, 0
PixelHit 1293, 973, 80.965, 0
PixelHit 1293, 974, 19.5746, 0
PixelHit 1293, 975, 1.35871, 0
PixelHit 1294, 969, 5.42618, 0
PixelHit 1294, 970, 19.6806, 0
PixelHit 1294, 971, 54.4284, 0
PixelHit 1294, 972, 77.966, 0
PixelHit 1294, 973, 30.0564, 0
PixelHit 1294, 974, 1.96802, 0
PixelHit 1295, 969, 16.8949, 0
PixelHit 1295, 970, 61.2186, 0
PixelHit 1295, 971, 89.5478, 0
PixelHit 1295, 972, 59.8608, 0
PixelHit 1295, 973, 17.1839, 0
PixelHit 1296, 968, 2.28336, 0
PixelHit 1296, 969, 36.0492, 0
PixelHit 1296, 970, 70.4875, 0
PixelHit 1296, 971, 88.5511, 0
PixelHit 1296, 972, 41.0162, 0
PixelHit 1296, 973, 8.15902, 0
PixelHit 1297, 967, 2.03166, 0
PixelHit 1297, 968, 20.9077, 0
PixelHit 1297, 969, 48.9801, 0
PixelHit 1297, 970, 79.4675, 0
PixelHit 1297, 971, 56.7974, 0
PixelHit 1297, 972, 15.9973, 0
PixelHit 1297, 973, 0.00718875, 0
PixelHit 1298, 967, 21.8334, 0
PixelHit 1298, 968, 62.909, 0
PixelHit 1298, 969, 108.764, 0
PixelHit 1298, 970, 64.6026, 0
PixelHit 1298, 971, 33.6789, 0
PixelHit 1298, 972, 6.83601, 0
PixelHit 1299, 965, 2.13206, 0
PixelHit 1299, 966, 4.14926, 0
PixelHit 1299, 967, 42.5205, 0
PixelHit 1299, 968, 96.694, 0
PixelHit 1299, 969, 122.705, 0
PixelHit 1299, 970, 79.8197, 0
PixelHit 1299, 971, 16.0884, 0
PixelHit 1300, 966, 9.4237, 0
PixelHit 1300, 967, 37.0365, 0
PixelHit 1300, 968, 86.5681, 0
PixelHit 1300, 969, 123.877, 0
PixelHit 1300, 970, 53.4391, 0
PixelHit 1300, 971, 17.2263, 0
PixelHit 1300, 972, 5.19617, 0
PixelHit 1301, 963, 1.69864, 0
PixelHit 1301, 965, 9.02982, 0
PixelHit 1301, 966, 19.2134, 0
PixelHit 1301, 967, 42.5544, 0
PixelHit 1301, 968, 47.8828, 0
PixelHit 1301, 969, 43.5903, 0
PixelHit 1301, 970, 19.6076, 0
PixelHit 1301, 971, 3.33701, 0
PixelHit 1302, 963, 1.65345, 0
PixelHit 1302, 964, 13.6373, 0
PixelHit 1302, 965, 25.5226, 0
PixelHit 1302, 966, 38.0578, 0
PixelHit 1302, 967, 51.4249, 0
PixelHit 1302, 968, 21.3459, 0
PixelHit 1302, 969, 11.5045, 0
PixelHit 1302, 970, 3.31558, 0
PixelHit 1302, 971, 1.7651, 0
PixelHit 1303, 963, 2.15089, 0
PixelHit 1303, 964, 16.1153, 0
PixelHit 1303, 965, 41.7027, 0
PixelHit 1303, 966, 61.1406, 0
PixelHit 1303, 967, 48.0714, 0
PixelHit 1303, 968, 18.9697, 0
PixelHit 1303, 969, 5.3164, 0
PixelHit 1304, 962, 0.49279, 0
PixelHit 1304, 963, 2.77234, 0
PixelHit 1304, 964, 21.089, 0
PixelHit 1304, 965, 43.9756, 0
PixelHit 1304, 966, 54.0709, 0
PixelHit 1304, 967, 32.6357, 0
PixelHit 1304, 968, 10.2403, 0
PixelHit 1305, 961, 2.49798, 0
PixelHit 1305, 963, 7.77899, 0
PixelHit 1305, 964, 30.1121, 0
PixelHit 1305, 965, 39.6828, 0
PixelHit 1305, 966, 32.9145, 0
PixelHit 1305, 967, 11.6483, 0
PixelHit 1305, 968, 7.03453, 0
PixelHit 1305, 969, 1.21419, 0
PixelHit 1306, 961, 2.62751, 0
PixelHit 1306, 962, 4.54241, 0
PixelHit 1306, 963, 12.6964, 0
PixelHit 1306, 964, 45.8808, 0
PixelHit 1306, 965, 49.8575, 0
PixelHit 1306, 966, 26.9169, 0
PixelHit 1306, 967, 19.9865, 0
PixelHit 1307, 961, 2.1885, 0
PixelHit 1307, 962, 12.3452, 0
PixelHit 1307, 963, 40.1524, 0
PixelHit 1307, 964, 59.7269, 0
PixelHit 1307, 965, 59.5586, 0
PixelHit 1307, 966, 29.1549, 0
PixelHit 1307, 967, 9.35268, 0
PixelHit 1308, 960, 0.404437, 0
PixelHit 1308, 961, 4.88106, 0
PixelHit 1308, 962, 17.5778, 0
PixelHit 1308, 963, 43.7838, 0
PixelHit 1308, 964, 59.7587, 0
PixelHit 1308, 965, 40.6538, 0
PixelHit 1308, 966, 21.9994, 0
PixelHit 1308, 967, 3.3826, 0
PixelHit 1308, 968, 1.04765, 0
PixelHit 1309, 961, 3.11936, 0
PixelHit 1309, 962, 8.58374, 0
PixelHit 1309, 963, 25.4884, 0
PixelHit 1309, 964, 28.257, 0
PixelHit 1309, 965, 20.7444, 0
PixelHit 1309, 966, 16.174, 0
PixelHit 1309, 967, 3.14621, 0
PixelHit 1310, 961, 1.191, 0
PixelHit 1310, 963, 13.0509, 0
PixelHit 1310, 964, 12.3528, 0
PixelHit 1310, 965, 14.2085, 0
PixelHit 1310, 967, 1.69842, 0
PixelHit 1311, 962, 1.56263, 0
PixelHit 1311, 964, 3.78188, 0
PixelHit 1311, 966, 1.52886, 0
PixelHit 1312, 966, 1.24494, 0
=== 13 ===
=== 14 ===
=== 15 ===
=== 16 ===
=== 17 ===
=== 18 ===
=== 19 ===
=== 20 ===
--- mydetector ---
PixelHit 1272, 961, 2.66622, 0
PixelHit 1272, 962, 4.44172, 0
PixelHit 1272, 963, 0.222042, 0
PixelHit 1273, 950, 46.4238, 0
PixelHit 1273, 951, 10.1809, 0
PixelHit 1273, 952, 1.73536, 0
PixelHit 1273, 959, 2.81761, 0
PixelHit 1273, 960, 18.4409, 0
PixelHit 1273, 961, 132.683, 0
PixelHit 1273, 962, 147.37, 0
PixelHit 1273, 963, 23.8237, 0
PixelHit 1274, 948, 1.30109, 0
PixelHit 1274, 949, 62.3139, 0
PixelHit 1274, 950, 1679.57, 0
PixelHit 1274, 951, 658.004, 0
PixelHit 1274, 952, 225.517, 0
PixelHit 1274, 953, 52.2367, 0
PixelHit 1274, 954, 4.5794, 0
PixelHit 1274, 955, 6.29552, 0
PixelHit 1274, 956, 25.9891, 0
PixelHit 1274, 957, 23.0925, 0
PixelHit 1274, 958, 29.4245, 0
PixelHit 1274, 959, 106.255, 0
PixelHit 1274, 960, 210.606, 0
PixelHit 1274, 961, 363.234, 0
PixelHit 1274, 962, 447.942, 0
PixelHit 1274, 963, 99.2358, 0
PixelHit 1274, 964, 10.9451, 0
PixelHit 1275, 948, 10.2467, 0
PixelHit 1275, 949, 367.102, 0
PixelHit 1275, 950, 1930.1, 0
PixelHit 1275, 951, 791.593, 0
PixelHit 1275, 952, 178.835, 0
PixelHit 1275, 953, 337.638, 0
PixelHit 1275, 954, 225.325, 0
PixelHit 1275, 955, 188.307, 0
PixelHit 1275, 956, 1103.01, 0
PixelHit 1275, 957, 492.56, 0
PixelHit 1275, 958, 329.774, 0
PixelHit 1275, 959, 329.721, 0
PixelHit 1275, 960, 108.136, 0
PixelHit 1275, 961, 63.5298, 0
PixelHit 1275, 962, 159.836, 0
PixelHit 1275, 963, 164.85, 0
PixelHit 1275, 964, 33.3767, 0
PixelHit 1276, 948, 6.63492, 0
PixelHit 1276, 949, 353.177, 0
PixelHit 1276, 950, 1405.2, 0
PixelHit 1276, 951, 729.657, 0
PixelHit 1276, 952, 23.5815, 0
PixelHit 1276, 953, 13.1441, 0
PixelHit 1276, 954, 16.3237, 0
PixelHit 1276, 955, 5.94164, 0
PixelHit 1276, 956, 55.2886, 0
PixelHit 1276, 957, 60.8461, 0
PixelHit 1276, 958, 65.5063, 0
PixelHit 1276, 959, 34.0094, 0
PixelHit 1276, 961, 1.29921, 0
PixelHit 1276, 962, 40.4106, 0
PixelHit 1276, 963, 164.6, 0
PixelHit 1276, 964, 96.1124, 0
PixelHit 1276, 965, 7.60997, 0
PixelHit 1277, 949, 27.4876, 0
PixelHit 1277, 950, 141.656, 0
PixelHit 1277, 951, 75.6794, 0
PixelHit 1277, 952, 4.54893, 0
PixelHit 1277, 957, 0.53533, 0
PixelHit 1277, 961, 2.64298, 0
PixelHit 1277, 962, 27.1918, 0
PixelHit 1277, 963, 152.098, 0
PixelHit 1277, 964, 197.945, 0
PixelHit 1277, 965, 64.6027, 0
PixelHit 1277, 966, 2.02834, 0
PixelHit 1278, 949, 1.61718, 0
PixelHit 1278, 959, 1.67756, 0
PixelHit 1278, 961, 6.61067, 0
PixelHit 1278, 962, 56.4913, 0
PixelHit 1278, 963, 272.88, 0
PixelHit 1278, 964, 450.544, 0
PixelHit 1278, 965, 134.043, 0
PixelHit 1278, 966, 6.64677, 0
PixelHit 1279, 958, 2.79418, 0
PixelHit 1279, 959, 4.4237, 0
PixelHit 1279, 960, 9.67984, 0
PixelHit 1279, 961, 22.8343, 0
PixelHit 1279, 962, 94.2164, 0
PixelHit 1279, 963, 220.613, 0
PixelHit 1279, 964, 253.466, 0
PixelHit 1279, 965, 73.276, 0
PixelHit 1279, 966, 0.649749, 0
PixelHit 1280, 959, 29.7151, 0
PixelHit 1280, 960, 48.8307, 0
PixelHit 1280, 961, 62.353, 0
PixelHit 1280, 962, 86.3203, 0
PixelHit 1280, 963, 95.7352, 0
PixelHit 1280, 964, 65.5865, 0
PixelHit 1280, 965, 6.63382, 0
PixelHit 1281, 954, 4.33371, 0
PixelHit 1281, 955, 81.6386, 0
PixelHit 1281, 956, 14.5773, 0
PixelHit 1281, 957, 3.66144, 0
PixelHit 1281, 958, 36.9299, 0
PixelHit 1281, 959, 113.63, 0
PixelHit 1281, 960, 120.113, 0
PixelHit 1281, 961, 75.2546, 0
PixelHit 1281, 962, 37.3043, 0
PixelHit 1281, 963, 16.7039, 0
PixelHit 1281, 964, 3.70254, 0
PixelHit 1282, 953, 3.41751, 0
PixelHit 1282, 954, 129.869, 0
PixelHit 1282, 955, 90.0196, 0
PixelHit 1282, 956, 3.57626, 0
PixelHit 1282, 957, 10.696, 0
PixelHit 1282, 958, 80.6445, 0
PixelHit 1282, 959, 129.998, 0
PixelHit 1282, 960, 117.998, 0
PixelHit 1282, 961, 26.1966, 0
PixelHit 1282, 962, 2.14119, 0
PixelHit 1282, 963, 3.17546, 0
PixelHit 1283, 952, 0.689868, 0
PixelHit 1283, 953, 14.4209, 0
PixelHit 1283, 954, 146.524, 0
PixelHit 1283, 955, 99.2366, 0
PixelHit 1283, 956, 4.08472, 0
PixelHit 1283, 957, 18.0064, 0
PixelHit 1283, 958, 66.1641, 0
PixelHit 1283, 959, 85.6932, 0
PixelHit 1283, 960, 46.0384, 0
PixelHit 1283, 961, 11.7412, 0
PixelHit 1283, 962, 2.7727, 0
PixelHit 1284, 951, 0.751047, 0
PixelHit 1284, 952, 7.93025, 0
PixelHit 1284, 953, 52.2524, 0
PixelHit 1284, 954, 65.3685, 0
PixelHit 1284, 955, 9.31919, 0
PixelHit 1284, 956, 9.56739, 0
PixelHit 1284, 957, 42.2608, 0
PixelHit 1284, 958, 52.16, 0
PixelHit 1284, 959, 50.0871, 0
PixelHit 1284, 960, 8.3551, 0
PixelHit 1284, 961, 2.60814, 0
PixelHit 1285, 951, 9.30179, 0
PixelHit 1285, 952, 62.0016, 0
PixelHit 1285, 953, 112.26, 0
PixelHit 1285, 954, 29.9903, 0
PixelHit 1285, 955, 6.00417, 0
PixelHit 1285, 956, 39.2541, 0
PixelHit 1285, 957, 68.2463, 0
PixelHit 1285, 958, 42.53, 0
PixelHit 1285, 959, 16.2327, 0
PixelHit 1286, 951, 15.2815, 0
PixelHit 1286, 952, 119.56, 0
PixelHit 1286, 953, 123.676, 0
PixelHit 1286, 954, 34.3345, 0
PixelHit 1286, 955, 31.4376, 0
PixelHit 1286, 956, 64.3173, 0
PixelHit 1286, 957, 59.7681, 0
PixelHit 1286, 958, 26.0646, 0
PixelHit 1286, 959, 5.08144, 0
PixelHit 1286, 960, 1.09528, 0
PixelHit 1287, 950, 3.25865, 0
PixelHit 1287, 951, 35.1274, 0
PixelHit 1287, 952, 62.7714, 0
PixelHit 1287, 953, 45.7866, 0
PixelHit 1287, 954, 35.9253, 0
PixelHit 1287, 955, 55.0929, 0
PixelHit 1287, 956, 65.467, 0
PixelHit 1287, 957, 31.795, 0
PixelHit 1287, 958, 10.9775, 0
PixelHit 1288, 944, 0.574617, 0
PixelHit 1288, 949, 7.1976, 0
PixelHit 1288, 950, 16.6167, 0
PixelHit 1288, 951, 51.2321, 0
PixelHit 1288, 952, 54.0249, 0
PixelHit 1288, 953, 34.549, 0
PixelHit 1288, 954, 57.4021, 0
PixelHit 1288, 955, 71.5472, 0
PixelHit 1288, 956, 37.341, 0
PixelHit 1288, 957, 20.527, 0
PixelHit 1288, 958, 1.86949, 0
PixelHit 1289, 943, 17.0579, 0
PixelHit 1289, 944, 20.7079, 0
PixelHit 1289, 949, 6.11964, 0
PixelHit 1289, 950, 40.7348, 0
PixelHit 1289, 951, 64.0715, 0
PixelHit 1289, 952, 53.1513, 0
PixelHit 1289, 953, 67.3036, 0
PixelHit 1289, 954, 68.0881, 0
PixelHit 1289, 955, 46.2622, 0
PixelHit 1289, 956, 27.5902, 0
PixelHit 1289, 957, 7.58375, 0
PixelHit 1290, 942, 9.80494, 0
PixelHit 1290, 943, 101.513, 0
PixelHit 1290, 944, 7.88564, 0
PixelHit 1290, 948, 1.37714, 0
PixelHit 1290, 949, 17.0329, 0
PixelHit 1290, 950, 51.7679, 0
PixelHit 1290, 951, 77.0739, 0
PixelHit 1290, 952, 78.5036, 0
PixelHit 1290, 953, 86.1146, 0
PixelHit 1290, 954, 47.3133, 0
PixelHit 1290, 955, 8.61708, 0
PixelHit 1290, 956, 3.51834, 0
PixelHit 1291, 941, 0.9478, 0
PixelHit 1291, 942, 13.5943, 0
PixelHit 1291, 943, 25.0707, 0
PixelHit 1291, 944, 1.26694, 0
PixelHit 1291, 947, 5.08163, 0
PixelHit 1291, 948, 20.8175, 0
PixelHit 1291, 949, 64.9227, 0
PixelHit 1291, 950, 109.704, 0
PixelHit 1291, 951, 106.58, 0
PixelHit 1291, 952, 87.0417, 0
PixelHit 1291, 953, 42.9799, 0
PixelHit 1291, 954, 19.4493, 0
PixelHit 1291, 955, 4.26408, 0
PixelHit 1292, 940, 1.94546, 0
PixelHit 1292, 941, 19.919, 0
PixelHit 1292, 942, 37.9664, 0
PixelHit 1292, 943, 6.15842, 0
PixelHit 1292, 946, 5.06442, 0
PixelHit 1292, 947, 22.5801, 0
PixelHit 1292, 948, 87.3588, 0
PixelHit 1292, 949, 147.804, 0
PixelHit 1292, 950, 159.485, 0
PixelHit 1292, 951, 107.81, 0
PixelHit 1292, 952, 45.0917, 0
PixelHit 1292, 953, 15.0284, 0
PixelHit 1293, 940, 21.3254, 0
PixelHit 1293, 941, 63.4971, 0
PixelHit 1293, 942, 47.7215, 0
PixelHit 1293, 943, 9.39592, 0
PixelHit 1293, 944, 15.5474, 0
PixelHit 1293, 945, 7.97656, 0
PixelHit 1293, 946, 19.4862, 0
PixelHit 1293, 947, 60.9697, 0
PixelHit 1293, 948, 166.936, 0
PixelHit 1293, 949, 206.147, 0
PixelHit 1293, 950, 162.314, 0
PixelHit 1293, 951, 80.4518, 0
PixelHit 1293, 952, 16.0481, 0
PixelHit 1293, 953, 3.74429, 0
PixelHit 1294, 938, 0.379834, 0
PixelHit 1294, 939, 7.8669, 0
PixelHit 1294, 940, 76.7775, 0
PixelHit 1294, 941, 126.514, 0
PixelHit 1294, 942, 104.847, 0
PixelHit 1294, 943, 86.7354, 0
PixelHit 1294, 944, 62.8052, 0
PixelHit 1294, 945, 37.1337, 0
PixelHit 1294, 946, 43.1177, 0
PixelHit 1294, 947, 142.494, 0
PixelHit 1294, 948, 213.535, 0
PixelHit 1294, 949, 197.472, 0
PixelHit 1294, 950, 67.0644, 0
PixelHit 1294, 951, 17.7125, 0
PixelHit 1295, 937, 2.17054, 0
PixelHit 1295, 938, 6.91656, 0
PixelHit 1295, 939, 20.4384, 0
PixelHit 1295, 940, 88.7283, 0
PixelHit 1295, 941, 133.523, 0
PixelHit 1295, 942, 147.053, 0
PixelHit 1295, 943, 153.46, 0
PixelHit 1295, 944, 113.704, 0
PixelHit 1295, 945, 60.2328, 0
PixelHit 1295, 946, 80.1167, 0
PixelHit 1295, 947, 103.817, 0
PixelHit 1295, 948, 152.891, 0
PixelHit 1295, 949, 64.6775, 0
PixelHit 1295, 950, 14.8424, 0
PixelHit 1295, 951, 4.1555, 0
PixelHit 1296, 937, 4.30927, 0
PixelHit 1296, 938, 24.6061, 0
PixelHit 1296, 939, 38.8253, 0
PixelHit 1296, 940, 54.6303, 0
PixelHit 1296, 941, 47.6781, 0
PixelHit 1296, 942, 48.1399, 0
PixelHit 1296, 943, 51.9698, 0
PixelHit 1296, 944, 33.948, 0
PixelHit 1296, 945, 49.8333, 0
PixelHit 1296, 946, 90.8838, 0
PixelHit 1296, 947, 95.9486, 0
PixelHit 1296, 948, 45.3927, 0
PixelHit 1296, 949, 14.3825, 0
PixelHit 1296, 950, 4.19846, 0
PixelHit 1297, 936, 2.09921, 0
PixelHit 1297, 937, 6.55528, 0
PixelHit 1297, 938, 36.8441, 0
PixelHit 1297, 939, 48.5885, 0
PixelHit 1297, 940, 32.4382, 0
PixelHit 1297, 941, 4.05743, 0
PixelHit 1297, 942, 5.8577, 0
PixelHit 1297, 943, 6.58681, 0
PixelHit 1297, 944, 16.1246, 0
PixelHit 1297, 945, 65.6143, 0
PixelHit 1297, 946, 115.71, 0
PixelHit 1297, 947, 100.729, 0
PixelHit 1297, 948, 45.5046, 0
PixelHit 1297, 949, 15.9037, 0
PixelHit 1297, 950, 2.87598, 0
PixelHit 1298, 935, 0.862428, 0
PixelHit 1298, 936, 7.07738, 0
PixelHit 1298, 937, 22.3871, 0
PixelHit 1298, 938, 48.1231, 0
PixelHit 1298, 939, 53.5579, 0
PixelHit 1298, 940, 17.7832, 0
PixelHit 1298, 943, 2.53314, 0
PixelHit 1298, 944, 14.8054, 0
PixelHit 1298, 945, 39.6473, 0
PixelHit 1298, 946, 56.747, 0
PixelHit 1298, 947, 36.9214, 0
PixelHit 1298, 948, 28.9206, 0
PixelHit 1298, 949, 4.22829, 0
PixelHit 1298, 950, 2.00417, 0
PixelHit 1299, 934, 1.85615, 0
PixelHit 1299, 935, 3.51787, 0
PixelHit 1299, 936, 10.1058, 0
PixelHit 1299, 937, 39.302, 0
PixelHit 1299, 938, 69.4388, 0
PixelHit 1299, 939, 51.2457, 0
PixelHit 1299, 940, 4.86819, 0
PixelHit 1299, 943, 3.1814, 0
PixelHit 1299, 944, 2.09391, 0
PixelHit 1299, 945, 7.17056, 0
PixelHit 1299, 946, 20.4028, 0
PixelHit 1299, 947, 17.3484, 0
PixelHit 1299, 948, 3.4784, 0
PixelHit 1300, 935, 2.19471, 0
PixelHit 1300, 936, 25.3967, 0
PixelHit 1300, 937, 48.1618, 0
PixelHit 1300, 938, 32.5528, 0
PixelHit 1300, 939, 25.2441, 0
PixelHit 1300, 945, 3.93615, 0
PixelHit 1300, 946, 2.27266, 0
PixelHit 1300, 947, 4.51973, 0
PixelHit 1301, 933, 0.711266, 0
PixelHit 1301, 935, 9.20455, 0
PixelHit 1301, 936, 21.6379, 0
PixelHit 1301, 937, 36.1332, 0
PixelHit 1301, 938, 25.499, 0
PixelHit 1301, 939, 4.43177, 0
PixelHit 1301, 945, 2.55655, 0
PixelHit 1301, 946, 1.88014, 0
PixelHit 1301, 948, 2.56943, 0
PixelHit 1302, 933, 1.49066, 0
PixelHit 1302, 934, 12.4322, 0
PixelHit 1302, 935, 31.7629, 0
PixelHit 1302, 936, 44.586, 0
PixelHit 1302, 937, 23.6472, 0
PixelHit 1302, 938, 14.8449, 0
PixelHit 1303, 933, 9.67669, 0
PixelHit 1303, 934, 24.8904, 0
PixelHit 1303, 935, 59.3251, 0
PixelHit 1303, 936, 53.475, 0
PixelHit 1303, 937, 17.3482, 0
PixelHit 1303, 938, 2.21005, 0
PixelHit 1304, 933, 8.30317, 0
PixelHit 1304, 934, 35.396, 0
PixelHit 1304, 935, 69.0361, 0
PixelHit 1304, 936, 54.8469, 0
PixelHit 1304, 937, 17.8362, 0
PixelHit 1304, 938, 3.42232, 0
PixelHit 1305, 932, 2.41832, 0
PixelHit 1305, 933, 16.9499, 0
PixelHit 1305, 934, 30.7718, 0
PixelHit 1305, 935, 48.9499, 0
PixelHit 1305, 936, 25.0881, 0
PixelHit 1305, 937, 8.83136, 0
PixelHit 1305, 938, 0.892122, 0
PixelHit 1306, 932, 3.19052, 0
PixelHit 1306, 933, 11.0057, 0
PixelHit 1306, 934, 15.9157, 0
PixelHit 1306, 935, 20.4606, 0
PixelHit 1306, 936, 11.9556, 0
PixelHit 1306, 937, 2.57455, 0
PixelHit 1307, 932, 2.73703, 0
PixelHit 1307, 933, 4.96675, 0
PixelHit 1307, 934, 7.46198, 0
PixelHit 1307, 935, 6.96165, 0
PixelHit 1307, 936, 2.20309, 0
PixelHit 1307, 937, 1.60252, 0
PixelHit 1308, 932, 3.01062, 0
PixelHit 1308, 934, 3.51964, 0
PixelHit 1308, 935, 2.5032, 0
=== 21 ===
=== 22 ===
=== 23 ===
=== 24 ===
=== 25 ===
=== 26 ===
=== 27 ===
=== 28 ===
=== 29 ===
=== 30 ===
=== 31 ===
=== 32 ===
=== 33 ===
=== 34 ===
=== 35 ===
=== 36 ===
=== 37 ===
=== 38 ===
=== 39 ===
=== 40 ===
=== 41 ===
=== 42 ===
=== 43 ===
=== 44 ===
=== 45 ===
=== 46 ===
=== 47 ===
=== 48 ===
=== 49 ===
=== 50 ===
=== 51 ===
=== 52 ===
=== 53 ===
=== 54 ===
=== 55 ===
=== 56 ===
=== 57 ===
=== 58 ===
=== 59 ===
=== 60 ===
=== 61 ===
=== 62 ===
=== 63 ===
=== 64 ===
=== 65 ===
=== 66 ===
=== 67 ===
=== 68 ===
=== 69 ===
=== 70 ===
=== 71 ===
=== 72 ===
=== 73 ===
=== 74 ===
=== 75 ===
=== 76 ===
=== 77 ===
=== 78 ===
=== 79 ===
=== 80 ===
=== 81 ===
=== 82 ===
=== 83 ===
=== 84 ===
=== 85 ===
=== 86 ===
=== 87 ===
=== 88 ===
=== 89 ===
=== 90 ===
=== 91 ===
=== 92 ===
=== 93 ===
=== 94 ===
=== 95 ===
=== 96 ===
=== 97 ===
=== 98 ===
=== 99 ===
=== 100 ===
# 522 objects from 2 messages
