# Allpix Squared ASCII data - https://cern.ch/allpix-squared

=== 1 ===
=== 2 ===
=== 3 ===
=== 4 ===
=== 5 ===
=== 6 ===
=== 7 ===
=== 8 ===
=== 9 ===
=== 10 ===
=== 11 ===
=== 12 ===
=== 13 ===
=== 14 ===
=== 15 ===
=== 16 ===
=== 17 ===
=== 18 ===
=== 19 ===
=== 20 ===
=== 21 ===
=== 22 ===
=== 23 ===
=== 24 ===
=== 25 ===
=== 26 ===
=== 27 ===
=== 28 ===
=== 29 ===
=== 30 ===
--- mydetector ---
PixelHit 1295, 967, 2.0253, 0
PixelHit 1295, 972, 2.51339, 0
PixelHit 1295, 973, 1.87193, 0
PixelHit 1295, 976, 2.13573, 0
PixelHit 1295, 979, 2.63097, 0
PixelHit 1295, 980, 4.03155, 0
PixelHit 1296, 959, 0.305144, 0
PixelHit 1296, 961, 3.7623, 0
PixelHit 1296, 964, 1.73735, 0
PixelHit 1296, 966, 2.58211, 0
PixelHit 1296, 968, 2.0702, 0
PixelHit 1296, 969, 3.60404, 0
PixelHit 1296, 970, 8.66438, 0
PixelHit 1296, 971, 9.77899, 0
PixelHit 1296, 972, 18.4239, 0
PixelHit 1296, 973, 17.4134, 0
PixelHit 1296, 974, 34.458, 0
PixelHit 1296, 975, 39.0184, 0
PixelHit 1296, 976, 20.9506, 0
PixelHit 1296, 977, 34.4209, 0
PixelHit 1296, 978, 42.7102, 0
PixelHit 1296, 979, 192.392, 0
PixelHit 1296, 980, 80.2687, 0
PixelHit 1297, 959, 5.28475, 0
PixelHit 1297, 960, 10.5344, 0
PixelHit 1297, 961, 4.622, 0
PixelHit 1297, 962, 11.633, 0
PixelHit 1297, 963, 9.47403, 0
PixelHit 1297, 964, 5.48792, 0
PixelHit 1297, 965, 5.31009, 0
PixelHit 1297, 966, 7.55985, 0
PixelHit 1297, 967, 10.2669, 0
PixelHit 1297, 968, 17.864, 0
PixelHit 1297, 969, 26.534, 0
PixelHit 1297, 970, 39.2751, 0
PixelHit 1297, 971, 59.6175, 0
PixelHit 1297, 972, 64.6234, 0
PixelHit 1297, 973, 36.3573, 0
PixelHit 1297, 974, 74.0128, 0
PixelHit 1297, 975, 61.2714, 0
PixelHit 1297, 976, 18.6976, 0
PixelHit 1297, 977, 20.9049, 0
PixelHit 1297, 978, 27.8985, 0
PixelHit 1297, 979, 20.3614, 0
PixelHit 1297, 980, 5.49288, 0
PixelHit 1298, 957, 2.08812, 0
PixelHit 1298, 958, 12.5144, 0
PixelHit 1298, 959, 31.8647, 0
PixelHit 1298, 960, 44.4276, 0
PixelHit 1298, 961, 30.9508, 0
PixelHit 1298, 962, 26.2388, 0
PixelHit 1298, 963, 28.0958, 0
PixelHit 1298, 964, 18.3635, 0
PixelHit 1298, 965, 21.258, 0
PixelHit 1298, 966, 25.9105, 0
PixelHit 1298, 967, 27.7944, 0
PixelHit 1298, 968, 34.4492, 0
PixelHit 1298, 969, 54.4112, 0
PixelHit 1298, 970, 56.2801, 0
PixelHit 1298, 971, 39.2691, 0
PixelHit 1298, 972, 54.8576, 0
PixelHit 1298, 973, 35.7471, 0
PixelHit 1298, 974, 31.8064, 0
PixelHit 1298, 975, 24.7639, 0
PixelHit 1298, 976, 4.73392, 0
PixelHit 1299, 950, 0.940445, 0
PixelHit 1299, 952, 2.10282, 0
PixelHit 1299, 953, 2.46656, 0
PixelHit 1299, 954, 2.05121, 0
PixelHit 1299, 955, 4.65399, 0
PixelHit 1299, 957, 4.31005, 0
PixelHit 1299, 958, 22.6365, 0
PixelHit 1299, 959, 45.8606, 0
PixelHit 1299, 960, 101.734, 0
PixelHit 1299, 961, 73.2663, 0
PixelHit 1299, 962, 64.3384, 0
PixelHit 1299, 963, 55.5965, 0
PixelHit 1299, 964, 53.4356, 0
PixelHit 1299, 965, 41.4185, 0
PixelHit 1299, 966, 41.2212, 0
PixelHit 1299, 967, 35.8857, 0
PixelHit 1299, 968, 45.6286, 0
PixelHit 1299, 969, 120.22, 0
PixelHit 1299, 970, 73.4622, 0
PixelHit 1299, 971, 37.5739, 0
PixelHit 1299, 972, 4.31438, 0
PixelHit 1299, 973, 7.36109, 0
PixelHit 1299, 974, 0.71943, 0
PixelHit 1299, 975, 2.64252, 0
PixelHit 1300, 949, 4.81694, 0
PixelHit 1300, 950, 3.87059, 0
PixelHit 1300, 951, 4.70222, 0
PixelHit 1300, 952, 3.55257, 0
PixelHit 1300, 953, 6.72799, 0
PixelHit 1300, 954, 6.22457, 0
PixelHit 1300, 955, 11.8296, 0
PixelHit 1300, 956, 14.8135, 0
PixelHit 1300, 957, 11.5488, 0
PixelHit 1300, 958, 36.7705, 0
PixelHit 1300, 959, 62.9024, 0
PixelHit 1300, 960, 118.076, 0
PixelHit 1300, 961, 90.2902, 0
PixelHit 1300, 962, 75.0891, 0
PixelHit 1300, 963, 60.8328, 0
PixelHit 1300, 964, 72.4162, 0
PixelHit 1300, 965, 51.3275, 0
PixelHit 1300, 966, 38.4866, 0
PixelHit 1300, 967, 15.4032, 0
PixelHit 1300, 968, 14.565, 0
PixelHit 1300, 969, 14.573, 0
PixelHit 1301, 948, 1.61479, 0
PixelHit 1301, 949, 5.79642, 0
PixelHit 1301, 950, 12.9457, 0
PixelHit 1301, 951, 16.2654, 0
PixelHit 1301, 952, 19.4115, 0
PixelHit 1301, 953, 17.7081, 0
PixelHit 1301, 954, 22.1444, 0
PixelHit 1301, 955, 29.09, 0
PixelHit 1301, 956, 14.2414, 0
PixelHit 1301, 957, 20.3693, 0
PixelHit 1301, 958, 49.3877, 0
PixelHit 1301, 959, 56.6809, 0
PixelHit 1301, 960, 71.8453, 0
PixelHit 1301, 961, 51.2758, 0
PixelHit 1301, 962, 35.6208, 0
PixelHit 1301, 963, 38.2142, 0
PixelHit 1301, 964, 15.2313, 0
PixelHit 1301, 965, 15.8503, 0
PixelHit 1301, 966, 4.89308, 0
PixelHit 1302, 949, 5.42442, 0
PixelHit 1302, 950, 15.9631, 0
PixelHit 1302, 951, 29.5733, 0
PixelHit 1302, 952, 27.0767, 0
PixelHit 1302, 953, 23.4339, 0
PixelHit 1302, 954, 27.433, 0
PixelHit 1302, 955, 28.0592, 0
PixelHit 1302, 956, 19.9104, 0
PixelHit 1302, 957, 14.5981, 0
PixelHit 1302, 958, 19.8925, 0
PixelHit 1302, 959, 21.3998, 0
PixelHit 1302, 960, 21.4193, 0
PixelHit 1302, 961, 11.3259, 0
PixelHit 1302, 962, 8.47468, 0
PixelHit 1302, 963, 7.59684, 0
PixelHit 1302, 964, 3.74139, 0
PixelHit 1302, 965, 1.39422, 0
PixelHit 1303, 949, -0.0025828, 0
PixelHit 1303, 950, 15.4376, 0
PixelHit 1303, 951, 20.1884, 0
PixelHit 1303, 952, 23.9807, 0
PixelHit 1303, 953, 12.8273, 0
PixelHit 1303, 954, 6.31159, 0
PixelHit 1303, 955, 9.03875, 0
PixelHit 1303, 956, 3.99409, 0
PixelHit 1303, 957, 9.47365, 0
PixelHit 1303, 958, 2.67526, 0
PixelHit 1303, 959, 1.94016, 0
PixelHit 1303, 962, 1.64154, 0
PixelHit 1304, 949, 3.12996, 0
PixelHit 1304, 950, 4.57614, 0
PixelHit 1304, 951, 7.48934, 0
PixelHit 1304, 952, 6.08197, 0
PixelHit 1304, 954, 0.990005, 0
PixelHit 1304, 955, 2.84159, 0
PixelHit 1304, 957, 1.43999, 0
PixelHit 1304, 959, 1.51527, 0
PixelHit 1305, 949, 3.89807, 0
PixelHit 1305, 951, 3.24494, 0
PixelHit 1305, 954, 1.17523, 0
=== 31 ===
=== 32 ===
=== 33 ===
--- mydetector ---
PixelHit 890, 773, 0.358125, 0
PixelHit 890, 774, 1.48043, 0
PixelHit 891, 765, 1.77298, 0
PixelHit 891, 766, 1.94654, 0
PixelHit 891, 767, 5.00065, 0
PixelHit 891, 768, 4.85119, 0
PixelHit 891, 769, 5.12007, 0
PixelHit 891, 770, 24.0187, 0
PixelHit 891, 771, 29.8226, 0
PixelHit 891, 772, 19.4595, 0
PixelHit 891, 773, 63.7442, 0
PixelHit 891, 774, 114.843, 0
PixelHit 891, 775, 2.40344, 0
PixelHit 892, 762, 5.8505, 0
PixelHit 892, 763, 3.35076, 0
PixelHit 892, 764, 14.362, 0
PixelHit 892, 765, 9.22044, 0
PixelHit 892, 766, 11.2904, 0
PixelHit 892, 767, 20.0983, 0
PixelHit 892, 768, 23.7029, 0
PixelHit 892, 769, 17.2142, 0
PixelHit 892, 770, 43.7371, 0
PixelHit 892, 771, 43.748, 0
PixelHit 892, 772, 14.2906, 0
PixelHit 892, 773, 6.82781, 0
PixelHit 893, 756, 1.71741, 0
PixelHit 893, 757, 3.2824, 0
PixelHit 893, 758, 3.96394, 0
PixelHit 893, 759, 7.44022, 0
PixelHit 893, 760, 11.426, 0
PixelHit 893, 761, 13.6755, 0
PixelHit 893, 762, 19.5476, 0
PixelHit 893, 763, 29.4408, 0
PixelHit 893, 764, 36.5259, 0
PixelHit 893, 765, 27.804, 0
PixelHit 893, 766, 31.8789, 0
PixelHit 893, 767, 43.9026, 0
PixelHit 893, 768, 38.565, 0
PixelHit 893, 769, 19.9518, 0
PixelHit 893, 770, 16.127, 0
PixelHit 893, 771, 8.47998, 0
PixelHit 894, 753, 1.75134, 0
PixelHit 894, 755, 4.87196, 0
PixelHit 894, 756, 4.28639, 0
PixelHit 894, 757, 7.27664, 0
PixelHit 894, 758, 11.821, 0
PixelHit 894, 759, 22.8861, 0
PixelHit 894, 760, 19.3073, 0
PixelHit 894, 761, 26.8088, 0
PixelHit 894, 762, 36.8598, 0
PixelHit 894, 763, 50.9158, 0
PixelHit 894, 764, 44.7213, 0
PixelHit 894, 765, 37.6041, 0
PixelHit 894, 766, 22.2848, 0
PixelHit 894, 767, 14.4774, 0
PixelHit 894, 768, 6.40421, 0
PixelHit 894, 769, 2.94175, 0
PixelHit 895, 755, 6.79531, 0
PixelHit 895, 756, 15.2381, 0
PixelHit 895, 757, 24.9348, 0
PixelHit 895, 758, 18.1897, 0
PixelHit 895, 759, 29.0134, 0
PixelHit 895, 760, 44.1512, 0
PixelHit 895, 761, 40.0806, 0
PixelHit 895, 762, 45.7863, 0
PixelHit 895, 763, 20.1025, 0
PixelHit 895, 764, 35.7637, 0
PixelHit 895, 765, 21.8667, 0
PixelHit 895, 766, 3.7309, 0
PixelHit 896, 754, 6.48501, 0
PixelHit 896, 755, 13.0625, 0
PixelHit 896, 756, 21.1679, 0
PixelHit 896, 757, 33.4409, 0
PixelHit 896, 758, 15.9697, 0
PixelHit 896, 759, 24.6303, 0
PixelHit 896, 760, 28.5981, 0
PixelHit 896, 761, 14.7138, 0
PixelHit 896, 762, 20.3218, 0
PixelHit 896, 763, 4.36002, 0
PixelHit 896, 764, 8.32208, 0
PixelHit 896, 765, 6.51398, 0
PixelHit 897, 752, 2.3529, 0
PixelHit 897, 753, 1.17067, 0
PixelHit 897, 754, 4.18687, 0
PixelHit 897, 755, 11.3013, 0
PixelHit 897, 756, 18.2345, 0
PixelHit 897, 757, 18.0838, 0
PixelHit 897, 758, 12.4508, 0
PixelHit 897, 759, 9.09631, 0
PixelHit 897, 760, 13.278, 0
PixelHit 897, 761, 3.05417, 0
PixelHit 897, 762, 4.26814, 0
PixelHit 897, 765, 1.60149, 0
PixelHit 898, 754, 1.12789, 0
PixelHit 898, 755, 3.83029, 0
PixelHit 898, 756, 9.10483, 0
PixelHit 898, 757, 10.5345, 0
PixelHit 898, 758, 1.74182, 0
PixelHit 898, 760, 1.62776, 0
PixelHit 898, 762, 2.01419, 0
PixelHit 898, 763, 1.74748, 0
PixelHit 899, 758, 2.5377, 0
PixelHit 1295, 969, 3.64144, 0
PixelHit 1295, 982, 0.950639, 0
PixelHit 1295, 983, 16.868, 0
PixelHit 1295, 984, 11.9077, 0
PixelHit 1295, 986, 2.34959, 0
PixelHit 1296, 966, 3.55786, 0
PixelHit 1296, 968, 2.61274, 0
PixelHit 1296, 969, 3.48547, 0
PixelHit 1296, 970, 1.27481, 0
PixelHit 1296, 971, 6.04215, 0
PixelHit 1296, 972, 7.21392, 0
PixelHit 1296, 973, 5.13605, 0
PixelHit 1296, 974, 4.73562, 0
PixelHit 1296, 975, 10.0743, 0
PixelHit 1296, 976, 3.58503, 0
PixelHit 1296, 977, 5.47508, 0
PixelHit 1296, 978, 12.4334, 0
PixelHit 1296, 979, 14.7305, 0
PixelHit 1296, 980, 14.3146, 0
PixelHit 1296, 981, 39.9702, 0
PixelHit 1296, 982, 177.758, 0
PixelHit 1296, 983, 570.708, 0
PixelHit 1296, 984, 271.354, 0
PixelHit 1296, 985, 31.6103, 0
PixelHit 1296, 986, 42.8948, 0
PixelHit 1296, 987, 0.803379, 0
PixelHit 1297, 964, 1.848, 0
PixelHit 1297, 965, 2.96243, 0
PixelHit 1297, 967, 10.0538, 0
PixelHit 1297, 968, 17.5293, 0
PixelHit 1297, 969, 12.5375, 0
PixelHit 1297, 970, 12.1721, 0
PixelHit 1297, 971, 13.7837, 0
PixelHit 1297, 972, 15.2518, 0
PixelHit 1297, 973, 33.8291, 0
PixelHit 1297, 974, 17.6605, 0
PixelHit 1297, 975, 36.745, 0
PixelHit 1297, 976, 42.2766, 0
PixelHit 1297, 977, 25.4417, 0
PixelHit 1297, 978, 22.4187, 0
PixelHit 1297, 979, 70.5449, 0
PixelHit 1297, 980, 64.9018, 0
PixelHit 1297, 981, 57.274, 0
PixelHit 1297, 982, 383.547, 0
PixelHit 1297, 983, 1277.85, 0
PixelHit 1297, 984, 435.754, 0
PixelHit 1297, 985, 11.8396, 0
PixelHit 1297, 986, 4.2662, 0
PixelHit 1298, 964, 5.65282, 0
PixelHit 1298, 965, 11.631, 0
PixelHit 1298, 966, 26.8747, 0
PixelHit 1298, 967, 54.7507, 0
PixelHit 1298, 968, 39.0892, 0
PixelHit 1298, 969, 40.687, 0
PixelHit 1298, 970, 50.175, 0
PixelHit 1298, 971, 46.5785, 0
PixelHit 1298, 972, 45.4894, 0
PixelHit 1298, 973, 41.5064, 0
PixelHit 1298, 974, 54.1735, 0
PixelHit 1298, 975, 59.7882, 0
PixelHit 1298, 976, 40.5037, 0
PixelHit 1298, 977, 32.365, 0
PixelHit 1298, 978, 27.1449, 0
PixelHit 1298, 979, 35.9135, 0
PixelHit 1298, 980, 38.8655, 0
PixelHit 1298, 981, 23.5534, 0
PixelHit 1298, 982, 64.8495, 0
PixelHit 1298, 983, 175.469, 0
PixelHit 1298, 984, 42.5275, 0
PixelHit 1299, 963, 1.77347, 0
PixelHit 1299, 964, 2.0183, 0
PixelHit 1299, 965, 21.8902, 0
PixelHit 1299, 966, 40.6126, 0
PixelHit 1299, 967, 66.4417, 0
PixelHit 1299, 968, 69.0292, 0
PixelHit 1299, 969, 86.9201, 0
PixelHit 1299, 970, 53.7796, 0
PixelHit 1299, 971, 51.2218, 0
PixelHit 1299, 972, 46.8127, 0
PixelHit 1299, 973, 36.3876, 0
PixelHit 1299, 974, 19.2999, 0
PixelHit 1299, 975, 34.0314, 0
PixelHit 1299, 976, 16.4088, 0
PixelHit 1299, 977, 15.4887, 0
PixelHit 1299, 978, 5.21943, 0
PixelHit 1299, 979, 4.03752, 0
PixelHit 1299, 980, 4.02594, 0
PixelHit 1299, 983, 2.95574, 0
PixelHit 1299, 984, 1.85637, 0
PixelHit 1300, 963, 1.57767, 0
PixelHit 1300, 964, 4.39011, 0
PixelHit 1300, 965, 16.9908, 0
PixelHit 1300, 966, 40.6682, 0
PixelHit 1300, 967, 61.6158, 0
PixelHit 1300, 968, 70.1519, 0
PixelHit 1300, 969, 60.0446, 0
PixelHit 1300, 970, 37.7935, 0
PixelHit 1300, 971, 21.6952, 0
PixelHit 1300, 972, 20.377, 0
PixelHit 1300, 973, 11.8846, 0
PixelHit 1300, 974, 6.69964, 0
PixelHit 1300, 975, 4.74369, 0
PixelHit 1300, 976, 1.80923, 0
PixelHit 1300, 977, 4.18805, 0
PixelHit 1301, 964, 2.88926, 0
PixelHit 1301, 965, 8.23936, 0
PixelHit 1301, 966, 22.2003, 0
PixelHit 1301, 967, 25.8428, 0
PixelHit 1301, 968, 26.1347, 0
PixelHit 1301, 969, 18.85, 0
PixelHit 1301, 970, 9.98522, 0
PixelHit 1301, 971, 5.95573, 0
PixelHit 1301, 973, 1.57037, 0
PixelHit 1301, 975, 2.34364, 0
PixelHit 1302, 965, 3.21466, 0
PixelHit 1302, 966, 5.05706, 0
PixelHit 1302, 967, 4.03206, 0
PixelHit 1302, 968, 8.5078, 0
PixelHit 1303, 965, 2.27927, 0
PixelHit 1303, 966, 1.81648, 0
PixelHit 1303, 968, 1.91638, 0
=== 34 ===
=== 35 ===
=== 36 ===
=== 37 ===
=== 38 ===
=== 39 ===
=== 40 ===
=== 41 ===
=== 42 ===
=== 43 ===
=== 44 ===
=== 45 ===
=== 46 ===
=== 47 ===
=== 48 ===
=== 49 ===
=== 50 ===
=== 51 ===
=== 52 ===
=== 53 ===
=== 54 ===
=== 55 ===
=== 56 ===
=== 57 ===
=== 58 ===
=== 59 ===
=== 60 ===
=== 61 ===
=== 62 ===
=== 63 ===
=== 64 ===
=== 65 ===
=== 66 ===
=== 67 ===
=== 68 ===
=== 69 ===
=== 70 ===
=== 71 ===
=== 72 ===
--- mydetector ---
PixelHit 1287, 974, 1.59754, 0
PixelHit 1287, 978, 3.16929, 0
PixelHit 1288, 967, 2.2288, 0
PixelHit 1288, 968, 3.53505, 0
PixelHit 1288, 970, 0.650194, 0
PixelHit 1288, 971, 4.71753, 0
PixelHit 1288, 972, 10.9841, 0
PixelHit 1288, 973, 24.4663, 0
PixelHit 1288, 974, 26.1954, 0
PixelHit 1288, 975, 10.2838, 0
PixelHit 1288, 976, 5.099, 0
PixelHit 1288, 977, 10.1159, 0
PixelHit 1288, 978, 24.0444, 0
PixelHit 1288, 979, 35.0135, 0
PixelHit 1288, 980, 76.6676, 0
PixelHit 1288, 981, 28.3742, 0
PixelHit 1288, 982, 0.980018, 0
PixelHit 1289, 962, 3.27246, 0
PixelHit 1289, 963, 2.75877, 0
PixelHit 1289, 964, 3.84112, 0
PixelHit 1289, 965, 5.21408, 0
PixelHit 1289, 966, 6.23509, 0
PixelHit 1289, 967, 7.65207, 0
PixelHit 1289, 968, 12.7455, 0
PixelHit 1289, 969, 7.09625, 0
PixelHit 1289, 970, 25.4194, 0
PixelHit 1289, 971, 17.5248, 0
PixelHit 1289, 972, 68.2669, 0
PixelHit 1289, 973, 186.552, 0
PixelHit 1289, 974, 118.326, 0
PixelHit 1289, 975, 48.5357, 0
PixelHit 1289, 976, 22.8072, 0
PixelHit 1289, 977, 32.5828, 0
PixelHit 1289, 978, 72.9171, 0
PixelHit 1289, 979, 42.0554, 0
PixelHit 1289, 980, 60.0303, 0
PixelHit 1289, 981, 15.3745, 0
PixelHit 1290, 960, 1.35074, 0
PixelHit 1290, 961, 13.7572, 0
PixelHit 1290, 962, 10.7918, 0
PixelHit 1290, 963, 9.24066, 0
PixelHit 1290, 964, 19.6126, 0
PixelHit 1290, 965, 17.765, 0
PixelHit 1290, 966, 12.9268, 0
PixelHit 1290, 967, 22.884, 0
PixelHit 1290, 968, 21.4411, 0
PixelHit 1290, 969, 29.9622, 0
PixelHit 1290, 970, 45.0454, 0
PixelHit 1290, 971, 76.0735, 0
PixelHit 1290, 972, 138.846, 0
PixelHit 1290, 973, 258.711, 0
PixelHit 1290, 974, 155.062, 0
PixelHit 1290, 975, 51.8728, 0
PixelHit 1290, 976, 14.8846, 0
PixelHit 1290, 977, 6.74912, 0
PixelHit 1290, 978, 10.3321, 0
PixelHit 1290, 979, 2.48303, 0
PixelHit 1291, 958, 0.454547, 0
PixelHit 1291, 959, 1.59947, 0
PixelHit 1291, 960, 4.18411, 0
PixelHit 1291, 961, 29.3286, 0
PixelHit 1291, 962, 24.9678, 0
PixelHit 1291, 963, 28.9636, 0
PixelHit 1291, 964, 26.701, 0
PixelHit 1291, 965, 28.0268, 0
PixelHit 1291, 966, 31.4825, 0
PixelHit 1291, 967, 37.4226, 0
PixelHit 1291, 968, 29.2729, 0
PixelHit 1291, 969, 31.3781, 0
PixelHit 1291, 970, 22.9763, 0
PixelHit 1291, 971, 26.6544, 0
PixelHit 1291, 972, 43.3147, 0
PixelHit 1291, 973, 77.2175, 0
PixelHit 1291, 974, 46.0052, 0
PixelHit 1291, 975, 13.3811, 0
PixelHit 1291, 976, 4.09849, 0
PixelHit 1291, 977, 2.21962, 0
PixelHit 1291, 978, 2.16805, 0
PixelHit 1291, 979, 2.03733, 0
PixelHit 1292, 958, 0.912995, 0
PixelHit 1292, 959, 1.65911, 0
PixelHit 1292, 960, 4.23707, 0
PixelHit 1292, 961, 25.2048, 0
PixelHit 1292, 962, 32.792, 0
PixelHit 1292, 963, 23.3572, 0
PixelHit 1292, 964, 20.8053, 0
PixelHit 1292, 965, 27.2508, 0
PixelHit 1292, 966, 27.0149, 0
PixelHit 1292, 967, 17.6322, 0
PixelHit 1292, 968, 11.8634, 0
PixelHit 1292, 969, 14.0566, 0
PixelHit 1292, 970, 16.7096, 0
PixelHit 1292, 971, 5.26135, 0
PixelHit 1292, 972, 8.77706, 0
PixelHit 1292, 973, 15.5348, 0
PixelHit 1292, 974, 16.7227, 0
PixelHit 1292, 975, 22.06, 0
PixelHit 1292, 976, 38.6993, 0
PixelHit 1292, 977, 52.2412, 0
PixelHit 1292, 978, 40.5397, 0
PixelHit 1292, 979, 64.1064, 0
PixelHit 1292, 980, 35.205, 0
PixelHit 1292, 981, 9.77392, 0
PixelHit 1293, 959, 3.04273, 0
PixelHit 1293, 960, 4.57141, 0
PixelHit 1293, 961, 9.79707, 0
PixelHit 1293, 962, 15.562, 0
PixelHit 1293, 963, 18.4224, 0
PixelHit 1293, 964, 18.8915, 0
PixelHit 1293, 965, 8.78738, 0
PixelHit 1293, 966, 13.9124, 0
PixelHit 1293, 967, 17.4764, 0
PixelHit 1293, 968, 10.0132, 0
PixelHit 1293, 969, 8.26917, 0
PixelHit 1293, 970, 4.78114, 0
PixelHit 1293, 971, 8.24289, 0
PixelHit 1293, 972, 14.7139, 0
PixelHit 1293, 973, 26.4987, 0
PixelHit 1293, 974, 42.4376, 0
PixelHit 1293, 975, 52.0424, 0
PixelHit 1293, 976, 88.6921, 0
PixelHit 1293, 977, 102.84, 0
PixelHit 1293, 978, 66.3831, 0
PixelHit 1293, 979, 29.4702, 0
PixelHit 1293, 980, 10.7803, 0
PixelHit 1294, 960, 8.9149, 0
PixelHit 1294, 961, 14.5901, 0
PixelHit 1294, 962, 11.9872, 0
PixelHit 1294, 963, 13.3364, 0
PixelHit 1294, 964, 20.3036, 0
PixelHit 1294, 965, 21.2452, 0
PixelHit 1294, 966, 21.2362, 0
PixelHit 1294, 967, 32.7352, 0
PixelHit 1294, 968, 26.7685, 0
PixelHit 1294, 969, 18.8856, 0
PixelHit 1294, 970, 17.1157, 0
PixelHit 1294, 971, 16.9434, 0
PixelHit 1294, 972, 18.1832, 0
PixelHit 1294, 973, 25.7259, 0
PixelHit 1294, 974, 27.2492, 0
PixelHit 1294, 975, 19.2783, 0
PixelHit 1294, 976, 25.53, 0
PixelHit 1294, 977, 16.0669, 0
PixelHit 1294, 978, 3.94973, 0
PixelHit 1295, 958, 2.19295, 0
PixelHit 1295, 959, 8.08365, 0
PixelHit 1295, 960, 6.81871, 0
PixelHit 1295, 961, 30.2458, 0
PixelHit 1295, 962, 25.628, 0
PixelHit 1295, 963, 25.0246, 0
PixelHit 1295, 964, 27.2102, 0
PixelHit 1295, 965, 22.7847, 0
PixelHit 1295, 966, 24.5642, 0
PixelHit 1295, 967, 32.1373, 0
PixelHit 1295, 968, 25.3705, 0
PixelHit 1295, 969, 14.4312, 0
PixelHit 1295, 970, 15.2244, 0
PixelHit 1295, 971, 6.34206, 0
PixelHit 1295, 972, 5.96611, 0
PixelHit 1295, 973, 1.8784, 0
PixelHit 1295, 974, 1.67879, 0
PixelHit 1296, 959, 4.80498, 0
PixelHit 1296, 960, 11.1945, 0
PixelHit 1296, 961, 19.5321, 0
PixelHit 1296, 962, 15.8258, 0
PixelHit 1296, 963, 17.4533, 0
PixelHit 1296, 964, 17.2809, 0
PixelHit 1296, 965, 15.221, 0
PixelHit 1296, 966, 9.06244, 0
PixelHit 1296, 967, 10.2188, 0
PixelHit 1296, 968, 8.26406, 0
PixelHit 1296, 969, 5.13734, 0
PixelHit 1297, 958, 1.91439, 0
PixelHit 1297, 959, 0.214311, 0
PixelHit 1297, 960, 9.89425, 0
PixelHit 1297, 961, 8.77897, 0
PixelHit 1297, 962, 8.05729, 0
PixelHit 1297, 963, 5.45363, 0
PixelHit 1297, 964, 5.97292, 0
PixelHit 1297, 965, 5.05655, 0
PixelHit 1297, 966, 3.33859, 0
PixelHit 1298, 958, 2.78351, 0
PixelHit 1298, 961, 1.70628, 0
PixelHit 1298, 962, 0.875787, 0
PixelHit 1298, 964, 2.2135, 0
PixelHit 1299, 959, 0.938743, 0
PixelHit 1299, 961, 2.56759, 0
=== 73 ===
=== 74 ===
=== 75 ===
=== 76 ===
=== 77 ===
=== 78 ===
=== 79 ===
=== 80 ===
=== 81 ===
=== 82 ===
=== 83 ===
=== 84 ===
=== 85 ===
=== 86 ===
=== 87 ===
=== 88 ===
=== 89 ===
=== 90 ===
=== 91 ===
=== 92 ===
=== 93 ===
=== 94 ===
=== 95 ===
=== 96 ===
=== 97 ===
=== 98 ===
=== 99 ===
=== 100 ===
# 579 objects from 3 messages
