# Allpix Squared ASCII data - https://cern.ch/allpix-squared

=== 1 ===
=== 2 ===
=== 3 ===
=== 4 ===
=== 5 ===
=== 6 ===
=== 7 ===
=== 8 ===
=== 9 ===
=== 10 ===
--- mydetector ---
PixelHit 953, 1466, 1.53772, 0
PixelHit 953, 1467, 7.29762, 0
PixelHit 953, 1468, 3.88747, 0
PixelHit 954, 1465, 5.0379, 0
PixelHit 954, 1466, 51.7452, 0
PixelHit 954, 1467, 50.1618, 0
PixelHit 955, 1463, 2.88001, 0
PixelHit 955, 1464, 8.29271, 0
PixelHit 955, 1465, 10.6741, 0
PixelHit 955, 1466, 26.1149, 0
PixelHit 956, 1462, -0.113651, 0
PixelHit 956, 1463, 17.2036, 0
PixelHit 956, 1464, 50.9847, 0
PixelHit 956, 1465, 7.03064, 0
PixelHit 957, 1460, 3.0926, 0
PixelHit 957, 1461, 4.92496, 0
PixelHit 957, 1462, 32.4374, 0
PixelHit 957, 1463, 20.515, 0
PixelHit 957, 1464, 11.7701, 0
PixelHit 957, 1465, 2.42593, 0
PixelHit 958, 1459, 1.70847, 0
PixelHit 958, 1460, 8.53827, 0
PixelHit 958, 1461, 32.4277, 0
PixelHit 958, 1462, 35.5858, 0
PixelHit 958, 1463, 9.04082, 0
PixelHit 959, 1458, 7.38549, 0
PixelHit 959, 1459, 8.84556, 0
PixelHit 959, 1460, 36.4341, 0
PixelHit 959, 1461, 30.0789, 0
PixelHit 959, 1462, 3.76709, 0
PixelHit 960, 1457, 8.89094, 0
PixelHit 960, 1458, 35.8543, 0
PixelHit 960, 1459, 37.3351, 0
PixelHit 960, 1460, 15.5417, 0
PixelHit 960, 1461, 5.56335, 0
PixelHit 961, 1453, 2.41587, 0
PixelHit 961, 1455, 1.02444, 0
PixelHit 961, 1456, 11.2255, 0
PixelHit 961, 1457, 22.2778, 0
PixelHit 961, 1458, 27.8201, 0
PixelHit 961, 1459, 17.8855, 0
PixelHit 961, 1460, 3.15885, 0
PixelHit 962, 1454, 7.94747, 0
PixelHit 962, 1455, 24.6376, 0
PixelHit 962, 1456, 14.9911, 0
PixelHit 962, 1457, 15.3893, 0
PixelHit 962, 1458, 19.0838, 0
PixelHit 962, 1459, 7.07743, 0
PixelHit 963, 1451, 1.55717, 0
PixelHit 963, 1453, 19.3243, 0
PixelHit 963, 1454, 58.3889, 0
PixelHit 963, 1455, 58.1061, 0
PixelHit 963, 1456, 27.3907, 0
PixelHit 963, 1457, 4.08312, 0
PixelHit 964, 1451, 3.15634, 0
PixelHit 964, 1452, 12.8717, 0
PixelHit 964, 1453, 35.5043, 0
PixelHit 964, 1454, 78.0209, 0
PixelHit 964, 1455, 68.0286, 0
PixelHit 964, 1456, 17.548, 0
PixelHit 965, 1449, 1.9514, 0
PixelHit 965, 1450, 1.0978, 0
PixelHit 965, 1451, 6.88551, 0
PixelHit 965, 1452, 24.4349, 0
PixelHit 965, 1453, 42.656, 0
PixelHit 965, 1454, 35.6055, 0
PixelHit 965, 1455, 11.0827, 0
PixelHit 965, 1456, 3.95573, 0
PixelHit 966, 1448, 2.48605, 0
PixelHit 966, 1449, 1.08418, 0
PixelHit 966, 1450, 8.4743, 0
PixelHit 966, 1451, 15.1938, 0
PixelHit 966, 1452, 22.3493, 0
PixelHit 966, 1453, 16.6416, 0
PixelHit 966, 1454, 9.83415, 0
PixelHit 966, 1455, 2.98768, 0
PixelHit 967, 1448, 6.02941, 0
PixelHit 967, 1449, 9.21551, 0
PixelHit 967, 1450, 12.7214, 0
PixelHit 967, 1451, 10.2169, 0
PixelHit 967, 1452, 5.587, 0
PixelHit 967, 1453, 4.95111, 0
PixelHit 968, 1446, 5.14068, 0
PixelHit 968, 1447, 11.309, 0
PixelHit 968, 1448, 16.1293, 0
PixelHit 968, 1449, 13.0284, 0
PixelHit 968, 1450, 17.2154, 0
PixelHit 968, 1451, 12.2558, 0
PixelHit 969, 1443, 2.66586, 0
PixelHit 969, 1445, 2.52053, 0
PixelHit 969, 1446, 2.13022, 0
PixelHit 969, 1447, 20.0412, 0
PixelHit 969, 1448, 16.3323, 0
PixelHit 969, 1449, 14.7252, 0
PixelHit 969, 1450, 11.0701, 0
PixelHit 970, 1442, 1.72402, 0
PixelHit 970, 1444, 6.0536, 0
PixelHit 970, 1445, 4.83925, 0
PixelHit 970, 1446, 14.1708, 0
PixelHit 970, 1447, 5.29495, 0
PixelHit 970, 1448, 11.1885, 0
PixelHit 970, 1449, 5.42611, 0
PixelHit 970, 1451, 1.72289, 0
PixelHit 971, 1442, 1.81318, 0
PixelHit 971, 1443, 6.49766, 0
PixelHit 971, 1444, 6.32673, 0
PixelHit 971, 1445, 8.45233, 0
PixelHit 971, 1446, 14.2597, 0
PixelHit 971, 1447, 8.59769, 0
PixelHit 971, 1448, 7.61668, 0
PixelHit 971, 1449, 6.46827, 0
PixelHit 972, 1441, 0.841788, 0
PixelHit 972, 1442, 3.9423, 0
PixelHit 972, 1443, 16.4754, 0
PixelHit 972, 1444, 14.0238, 0
PixelHit 972, 1445, 10.5323, 0
PixelHit 972, 1446, 6.52042, 0
PixelHit 972, 1447, 5.95763, 0
PixelHit 972, 1448, 1.92139, 0
PixelHit 973, 1441, 5.01007, 0
PixelHit 973, 1442, 9.59325, 0
PixelHit 973, 1443, 17.2257, 0
PixelHit 973, 1444, 14.8913, 0
PixelHit 973, 1445, 9.31143, 0
PixelHit 973, 1446, 3.92478, 0
PixelHit 973, 1447, 1.16258, 0
PixelHit 974, 1439, 2.87721, 0
PixelHit 974, 1441, 4.93101, 0
PixelHit 974, 1442, 6.1763, 0
PixelHit 974, 1443, 7.90068, 0
PixelHit 974, 1444, 9.06026, 0
PixelHit 974, 1445, 8.05785, 0
PixelHit 975, 1437, 6.95294, 0
PixelHit 975, 1438, 1.76809, 0
PixelHit 975, 1439, 10.4367, 0
PixelHit 975, 1440, 6.70716, 0
PixelHit 975, 1441, 3.83073, 0
PixelHit 975, 1442, 2.74587, 0
PixelHit 975, 1443, 6.18202, 0
PixelHit 976, 1434, 1.01603, 0
PixelHit 976, 1436, 8.38559, 0
PixelHit 976, 1437, 17.4671, 0
PixelHit 976, 1438, 24.0726, 0
PixelHit 976, 1439, 10.9671, 0
PixelHit 976, 1440, 7.27576, 0
PixelHit 976, 1441, 6.50282, 0
PixelHit 976, 1444, 0.55276, 0
PixelHit 977, 1434, 2.87199, 0
PixelHit 977, 1435, 2.9259, 0
PixelHit 977, 1436, 19.5822, 0
PixelHit 977, 1437, 29.813, 0
PixelHit 977, 1438, 41.0726, 0
PixelHit 977, 1439, 20.7719, 0
PixelHit 977, 1440, 9.03095, 0
PixelHit 977, 1441, 2.25016, 0
PixelHit 978, 1433, 2.66913, 0
PixelHit 978, 1434, 6.68407, 0
PixelHit 978, 1435, 12.7285, 0
PixelHit 978, 1436, 20.4791, 0
PixelHit 978, 1437, 33.8751, 0
PixelHit 978, 1438, 22.963, 0
PixelHit 978, 1439, 17.3127, 0
PixelHit 978, 1440, 5.07172, 0
PixelHit 978, 1441, 2.34518, 0
PixelHit 979, 1433, 4.28656, 0
PixelHit 979, 1434, 2.13801, 0
PixelHit 979, 1435, 9.79067, 0
PixelHit 979, 1436, 18.7304, 0
PixelHit 979, 1437, 17.9545, 0
PixelHit 979, 1438, 21.5495, 0
PixelHit 980, 1430, 2.01215, 0
PixelHit 980, 1431, 4.83005, 0
PixelHit 980, 1432, 11.0111, 0
PixelHit 980, 1433, 7.51952, 0
PixelHit 980, 1434, 3.33036, 0
PixelHit 980, 1435, 9.47089, 0
PixelHit 980, 1436, 11.9714, 0
PixelHit 980, 1437, 8.79302, 0
PixelHit 980, 1438, 2.24764, 0
PixelHit 980, 1439, 1.48639, 0
PixelHit 981, 1428, 3.19812, 0
PixelHit 981, 1430, 7.83321, 0
PixelHit 981, 1431, 13.3011, 0
PixelHit 981, 1432, 11.0671, 0
PixelHit 981, 1433, 12.8658, 0
PixelHit 981, 1434, 8.85909, 0
PixelHit 981, 1435, 1.2471, 0
PixelHit 981, 1436, 3.50578, 0
PixelHit 981, 1437, 2.51528, 0
PixelHit 982, 1429, 3.10676, 0
PixelHit 982, 1430, 6.99975, 0
PixelHit 982, 1431, 17.5633, 0
PixelHit 982, 1432, 20.1511, 0
PixelHit 982, 1433, 12.7194, 0
PixelHit 982, 1434, 6.46982, 0
PixelHit 982, 1435, 1.94126, 0
PixelHit 983, 1428, 3.14844, 0
PixelHit 983, 1429, 5.53607, 0
PixelHit 983, 1430, 9.2589, 0
PixelHit 983, 1431, 14.6235, 0
PixelHit 983, 1432, 13.7171, 0
PixelHit 983, 1433, 13.0091, 0
PixelHit 983, 1434, 2.34509, 0
PixelHit 984, 1428, 1.85111, 0
PixelHit 984, 1429, 1.46207, 0
PixelHit 984, 1430, 9.25048, 0
PixelHit 984, 1431, 5.82371, 0
PixelHit 984, 1432, 6.87437, 0
PixelHit 984, 1433, 4.96716, 0
PixelHit 985, 1431, 4.52833, 0
PixelHit 1058, 1599, 31.1171, 0
PixelHit 1059, 1597, 2.03699, 0
PixelHit 1059, 1598, 55.6117, 0
PixelHit 1059, 1599, 113.805, 0
PixelHit 1060, 1596, 4.27367, 0
PixelHit 1060, 1597, 9.44042, 0
PixelHit 1060, 1598, 50.4177, 0
PixelHit 1061, 1595, 9.77406, 0
PixelHit 1061, 1596, 17.5734, 0
PixelHit 1061, 1597, 7.70139, 0
PixelHit 1061, 1598, 1.12102, 0
PixelHit 1062, 1594, 5.44326, 0
PixelHit 1062, 1595, 51.664, 0
PixelHit 1062, 1596, 31.8494, 0
PixelHit 1062, 1597, 0.38495, 0
PixelHit 1063, 1592, 3.35753, 0
PixelHit 1063, 1593, 10.9273, 0
PixelHit 1063, 1594, 25.5765, 0
PixelHit 1063, 1595, 28.3228, 0
PixelHit 1063, 1596, 5.29295, 0
PixelHit 1064, 1591, 2.34749, 0
PixelHit 1064, 1592, 9.68344, 0
PixelHit 1064, 1593, 54.3922, 0
PixelHit 1064, 1594, 31.0422, 0
PixelHit 1064, 1595, 3.02857, 0
PixelHit 1064, 1597, 1.76842, 0
PixelHit 1065, 1590, 4.27523, 0
PixelHit 1065, 1591, 16.5616, 0
PixelHit 1065, 1592, 27.5047, 0
PixelHit 1065, 1593, 29.5526, 0
PixelHit 1065, 1594, 4.32812, 0
PixelHit 1065, 1595, 1.1405, 0
PixelHit 1066, 1588, 2.99406, 0
PixelHit 1066, 1589, 8.82658, 0
PixelHit 1066, 1590, 20.0276, 0
PixelHit 1066, 1591, 57.8648, 0
PixelHit 1066, 1592, 26.5458, 0
PixelHit 1066, 1593, 3.02867, 0
PixelHit 1067, 1587, 3.90828, 0
PixelHit 1067, 1588, 7.30759, 0
PixelHit 1067, 1589, 38.095, 0
PixelHit 1067, 1590, 54.3572, 0
PixelHit 1067, 1591, 20.3332, 0
PixelHit 1067, 1592, 11.2752, 0
PixelHit 1067, 1593, 2.67173, 0
PixelHit 1068, 1586, 3.81931, 0
PixelHit 1068, 1587, 21.9161, 0
PixelHit 1068, 1588, 40.6862, 0
PixelHit 1068, 1589, 52.1994, 0
PixelHit 1068, 1590, 42.5289, 0
PixelHit 1068, 1591, 2.74945, 0
PixelHit 1069, 1586, 15.223, 0
PixelHit 1069, 1587, 57.249, 0
PixelHit 1069, 1588, 99.0217, 0
PixelHit 1069, 1589, 50.6765, 0
PixelHit 1069, 1590, 6.81307, 0
PixelHit 1069, 1591, 2.57498, 0
PixelHit 1070, 1584, 3.86595, 0
PixelHit 1070, 1585, 3.17031, 0
PixelHit 1070, 1586, 16.1412, 0
PixelHit 1070, 1587, 39.3749, 0
PixelHit 1070, 1588, 57.3071, 0
PixelHit 1070, 1589, 22.2107, 0
PixelHit 1070, 1590, 4.84191, 0
PixelHit 1071, 1583, 2.54518, 0
PixelHit 1071, 1584, 7.73172, 0
PixelHit 1071, 1585, 10.5098, 0
PixelHit 1071, 1586, 19.3502, 0
PixelHit 1071, 1587, 22.2165, 0
PixelHit 1071, 1588, 10.751, 0
PixelHit 1071, 1589, 6.88465, 0
PixelHit 1072, 1582, 1.26293, 0
PixelHit 1072, 1583, 20.1803, 0
PixelHit 1072, 1584, 28.5625, 0
PixelHit 1072, 1585, 24.8417, 0
PixelHit 1072, 1586, 10.5156, 0
PixelHit 1072, 1587, 8.52165, 0
PixelHit 1073, 1581, 4.37776, 0
PixelHit 1073, 1582, 5.84616, 0
PixelHit 1073, 1583, 35.1573, 0
PixelHit 1073, 1584, 50.5789, 0
PixelHit 1073, 1585, 24.0747, 0
PixelHit 1073, 1586, 5.77142, 0
PixelHit 1074, 1579, 1.86633, 0
PixelHit 1074, 1580, 4.59001, 0
PixelHit 1074, 1581, 8.02213, 0
PixelHit 1074, 1582, 19.4371, 0
PixelHit 1074, 1583, 19.2745, 0
PixelHit 1074, 1584, 36.7242, 0
PixelHit 1074, 1585, 11.297, 0
PixelHit 1074, 1586, 2.92799, 0
PixelHit 1075, 1579, 1.75681, 0
PixelHit 1075, 1580, 4.00975, 0
PixelHit 1075, 1581, 13.1515, 0
PixelHit 1075, 1582, 6.11605, 0
PixelHit 1075, 1583, 21.8428, 0
PixelHit 1075, 1584, 9.15299, 0
PixelHit 1075, 1585, 6.65285, 0
PixelHit 1076, 1578, 3.74749, 0
PixelHit 1076, 1579, 4.24592, 0
PixelHit 1076, 1580, 12.2133, 0
PixelHit 1076, 1581, 18.495, 0
PixelHit 1076, 1582, 8.83627, 0
PixelHit 1076, 1583, 3.09924, 0
PixelHit 1076, 1585, 1.80697, 0
PixelHit 1077, 1576, 10.8818, 0
PixelHit 1077, 1577, 14.3165, 0
PixelHit 1077, 1578, 25.2698, 0
PixelHit 1077, 1579, 20.0808, 0
PixelHit 1077, 1580, 12.1293, 0
PixelHit 1077, 1582, 3.91004, 0
PixelHit 1078, 1575, 4.86512, 0
PixelHit 1078, 1576, 14.7748, 0
PixelHit 1078, 1577, 25.8386, 0
PixelHit 1078, 1578, 32.0871, 0
PixelHit 1078, 1579, 34.6967, 0
PixelHit 1078, 1580, 4.63491, 0
PixelHit 1078, 1583, 2.12553, 0
PixelHit 1079, 1574, 2.80376, 0
PixelHit 1079, 1575, 5.88913, 0
PixelHit 1079, 1576, 21.4241, 0
PixelHit 1079, 1577, 40.2588, 0
PixelHit 1079, 1578, 48.9735, 0
PixelHit 1079, 1579, 15.0206, 0
PixelHit 1079, 1580, 4.81191, 0
PixelHit 1079, 1581, 1.98819, 0
PixelHit 1080, 1573, 10.2765, 0
PixelHit 1080, 1574, 5.88192, 0
PixelHit 1080, 1575, 12.2297, 0
PixelHit 1080, 1576, 11.4852, 0
PixelHit 1080, 1577, 23.4866, 0
PixelHit 1080, 1578, 17.1545, 0
PixelHit 1080, 1579, 5.9118, 0
PixelHit 1080, 1580, 3.14032, 0
PixelHit 1081, 1572, 5.05606, 0
PixelHit 1081, 1573, 8.49123, 0
PixelHit 1081, 1574, 13.1098, 0
PixelHit 1081, 1575, 14.1599, 0
PixelHit 1081, 1576, 8.45654, 0
PixelHit 1081, 1577, 4.38874, 0
PixelHit 1081, 1578, 4.42963, 0
PixelHit 1081, 1579, 2.43169, 0
PixelHit 1081, 1582, 2.56786, 0
PixelHit 1082, 1571, 5.06067, 0
PixelHit 1082, 1572, 12.6476, 0
PixelHit 1082, 1573, 28.6938, 0
PixelHit 1082, 1574, 16.2692, 0
PixelHit 1082, 1575, 13.0594, 0
PixelHit 1082, 1576, 4.47416, 0
PixelHit 1082, 1577, 4.59407, 0
PixelHit 1082, 1580, 1.13789, 0
PixelHit 1083, 1568, 1.22181, 0
PixelHit 1083, 1570, 5.80398, 0
PixelHit 1083, 1571, 10.0995, 0
PixelHit 1083, 1572, 16.0057, 0
PixelHit 1083, 1573, 21.5128, 0
PixelHit 1083, 1574, 10.4075, 0
PixelHit 1083, 1575, 4.87225, 0
PixelHit 1083, 1577, 1.72699, 0
PixelHit 1084, 1568, 3.60238, 0
PixelHit 1084, 1569, 2.47812, 0
PixelHit 1084, 1570, 5.94313, 0
PixelHit 1084, 1571, 8.70856, 0
PixelHit 1084, 1572, 10.0437, 0
PixelHit 1084, 1573, 9.78565, 0
PixelHit 1084, 1574, 9.19233, 0
PixelHit 1084, 1575, 0.949587, 0
PixelHit 1084, 1576, 2.56133, 0
PixelHit 1085, 1568, 3.40093, 0
PixelHit 1085, 1569, 6.65455, 0
PixelHit 1085, 1570, 10.2082, 0
PixelHit 1085, 1571, 20.8627, 0
PixelHit 1085, 1572, 5.39982, 0
PixelHit 1085, 1573, 3.71829, 0
PixelHit 1085, 1575, 0.819621, 0
PixelHit 1086, 1569, 6.77615, 0
PixelHit 1086, 1570, 8.51811, 0
PixelHit 1086, 1571, 6.79304, 0
PixelHit 1086, 1572, 2.60565, 0
PixelHit 1086, 1573, 1.51544, 0
PixelHit 1087, 1570, 4.86795, 0
PixelHit 1087, 1571, 1.61092, 0
PixelHit 1087, 1572, 1.65813, 0
PixelHit 1088, 1569, 3.49641, 0
=== 11 ===
=== 12 ===
=== 13 ===
=== 14 ===
=== 15 ===
=== 16 ===
=== 17 ===
=== 18 ===
=== 19 ===
=== 20 ===
=== 21 ===
=== 22 ===
=== 23 ===
=== 24 ===
=== 25 ===
=== 26 ===
=== 27 ===
=== 28 ===
=== 29 ===
=== 30 ===
=== 31 ===
=== 32 ===
=== 33 ===
=== 34 ===
=== 35 ===
=== 36 ===
=== 37 ===
=== 38 ===
=== 39 ===
=== 40 ===
=== 41 ===
=== 42 ===
=== 43 ===
--- mydetector ---
PixelHit 1175, 924, 5.02942, 0
PixelHit 1175, 925, 52.2477, 0
PixelHit 1176, 923, 13.7321, 0
PixelHit 1176, 924, 23.9258, 0
PixelHit 1176, 925, 3.99175, 0
PixelHit 1177, 922, 4.20597, 0
PixelHit 1177, 923, 31.6875, 0
PixelHit 1177, 924, 14.5386, 0
PixelHit 1178, 920, 3.30235, 0
PixelHit 1178, 921, 19.1819, 0
PixelHit 1178, 922, 10.1243, 0
PixelHit 1178, 923, 3.90375, 0
PixelHit 1178, 924, 1.22272, 0
PixelHit 1179, 919, 4.20434, 0
PixelHit 1179, 920, 18.6774, 0
PixelHit 1179, 921, 74.2623, 0
PixelHit 1179, 922, 5.93892, 0
PixelHit 1180, 917, 1.2941, 0
PixelHit 1180, 918, 5.66881, 0
PixelHit 1180, 919, 41.3121, 0
PixelHit 1180, 920, 18.5906, 0
PixelHit 1180, 921, 8.22592, 0
PixelHit 1181, 916, 5.48126, 0
PixelHit 1181, 917, 16.0041, 0
PixelHit 1181, 918, 25.3289, 0
PixelHit 1181, 919, 55.0183, 0
PixelHit 1181, 920, 17.2671, 0
PixelHit 1181, 921, 2.56243, 0
PixelHit 1182, 914, 4.56023, 0
PixelHit 1182, 915, 15.1283, 0
PixelHit 1182, 916, 69.4305, 0
PixelHit 1182, 917, 101.903, 0
PixelHit 1182, 918, 50.837, 0
PixelHit 1182, 919, 15.3977, 0
PixelHit 1183, 913, 1.64711, 0
PixelHit 1183, 914, 13.1954, 0
PixelHit 1183, 915, 73.4289, 0
PixelHit 1183, 916, 178.116, 0
PixelHit 1183, 917, 186.166, 0
PixelHit 1183, 918, 29.2991, 0
PixelHit 1184, 912, 1.41272, 0
PixelHit 1184, 913, 10.171, 0
PixelHit 1184, 914, 50.9314, 0
PixelHit 1184, 915, 144.602, 0
PixelHit 1184, 916, 160.218, 0
PixelHit 1184, 917, 73.5008, 0
PixelHit 1184, 918, 10.8321, 0
PixelHit 1185, 911, 1.74126, 0
PixelHit 1185, 912, 14.2067, 0
PixelHit 1185, 913, 33.13, 0
PixelHit 1185, 914, 90.74, 0
PixelHit 1185, 915, 103.482, 0
PixelHit 1185, 916, 56.1123, 0
PixelHit 1185, 917, 8.053, 0
PixelHit 1185, 918, 1.24758, 0
PixelHit 1186, 908, 1.89195, 0
PixelHit 1186, 909, 2.8978, 0
PixelHit 1186, 910, 3.83375, 0
PixelHit 1186, 911, 11.1797, 0
PixelHit 1186, 912, 19.5754, 0
PixelHit 1186, 913, 42.9062, 0
PixelHit 1186, 914, 32.3438, 0
PixelHit 1186, 915, 28.9385, 0
PixelHit 1186, 916, 2.6274, 0
PixelHit 1187, 909, 5.40136, 0
PixelHit 1187, 910, 15.7489, 0
PixelHit 1187, 911, 50.4695, 0
PixelHit 1187, 912, 34.9108, 0
PixelHit 1187, 913, 18.8119, 0
PixelHit 1187, 914, 11.5529, 0
PixelHit 1187, 915, 4.93788, 0
PixelHit 1188, 909, 8.07923, 0
PixelHit 1188, 910, 48.3488, 0
PixelHit 1188, 911, 76.5797, 0
PixelHit 1188, 912, 39.809, 0
PixelHit 1188, 913, 7.9714, 0
PixelHit 1188, 914, 3.01489, 0
PixelHit 1189, 908, 4.98665, 0
PixelHit 1189, 909, 18.1866, 0
PixelHit 1189, 910, 39.1817, 0
PixelHit 1189, 911, 52.032, 0
PixelHit 1189, 912, 23.0838, 0
PixelHit 1189, 913, 1.4827, 0
PixelHit 1190, 907, 2.7716, 0
PixelHit 1190, 908, 5.1212, 0
PixelHit 1190, 909, 15.6638, 0
PixelHit 1190, 910, 10.3643, 0
PixelHit 1190, 911, 7.16903, 0
PixelHit 1191, 903, 2.0323, 0
PixelHit 1191, 905, 3.54568, 0
PixelHit 1191, 906, 3.11898, 0
PixelHit 1191, 907, 2.85107, 0
PixelHit 1191, 908, 10.8199, 0
PixelHit 1191, 909, 8.20394, 0
PixelHit 1191, 910, 2.91592, 0
PixelHit 1191, 911, 0.698673, 0
PixelHit 1192, 903, 1.75388, 0
PixelHit 1192, 904, 7.68037, 0
PixelHit 1192, 905, 5.46788, 0
PixelHit 1192, 906, 9.54872, 0
PixelHit 1192, 907, 6.56419, 0
PixelHit 1192, 908, 5.62845, 0
PixelHit 1192, 909, 4.17145, 0
PixelHit 1193, 899, 3.32331, 0
PixelHit 1193, 900, 6.49219, 0
PixelHit 1193, 901, 6.73226, 0
PixelHit 1193, 902, 12.3324, 0
PixelHit 1193, 903, 24.1127, 0
PixelHit 1193, 904, 28.8531, 0
PixelHit 1193, 905, 31.7682, 0
PixelHit 1193, 906, 22.3089, 0
PixelHit 1193, 907, 5.94026, 0
PixelHit 1193, 910, 0.465993, 0
PixelHit 1194, 899, 2.90853, 0
PixelHit 1194, 900, 24.2494, 0
PixelHit 1194, 901, 61.8737, 0
PixelHit 1194, 902, 77.1742, 0
PixelHit 1194, 903, 74.7057, 0
PixelHit 1194, 904, 82.081, 0
PixelHit 1194, 905, 31.01, 0
PixelHit 1194, 906, 22.4999, 0
PixelHit 1194, 907, 4.7182, 0
PixelHit 1195, 898, 0.869388, 0
PixelHit 1195, 899, 18.6477, 0
PixelHit 1195, 900, 61.2844, 0
PixelHit 1195, 901, 171.392, 0
PixelHit 1195, 902, 230.618, 0
PixelHit 1195, 903, 149.27, 0
PixelHit 1195, 904, 83.1893, 0
PixelHit 1195, 905, 31.4899, 0
PixelHit 1195, 906, 13.6204, 0
PixelHit 1195, 907, 1.50496, 0
PixelHit 1196, 898, 1.95509, 0
PixelHit 1196, 899, 14.5836, 0
PixelHit 1196, 900, 72.498, 0
PixelHit 1196, 901, 257.442, 0
PixelHit 1196, 902, 327.373, 0
PixelHit 1196, 903, 264.806, 0
PixelHit 1196, 904, 68.9569, 0
PixelHit 1196, 905, 11.5816, 0
PixelHit 1196, 906, 4.25548, 0
PixelHit 1197, 898, 8.15551, 0
PixelHit 1197, 899, 19.7419, 0
PixelHit 1197, 900, 72.3102, 0
PixelHit 1197, 901, 200.774, 0
PixelHit 1197, 902, 254.712, 0
PixelHit 1197, 903, 161.789, 0
PixelHit 1197, 904, 43.1686, 0
PixelHit 1197, 905, 9.2921, 0
PixelHit 1198, 896, 4.7224, 0
PixelHit 1198, 897, 8.27536, 0
PixelHit 1198, 898, 7.23997, 0
PixelHit 1198, 899, 13.9023, 0
PixelHit 1198, 900, 51.3207, 0
PixelHit 1198, 901, 82.7357, 0
PixelHit 1198, 902, 97.3537, 0
PixelHit 1198, 903, 63.3721, 0
PixelHit 1198, 904, 23.4009, 0
PixelHit 1198, 905, 0.798086, 0
PixelHit 1199, 894, 0.497875, 0
PixelHit 1199, 895, 0.997101, 0
PixelHit 1199, 896, 3.89325, 0
PixelHit 1199, 897, 2.49252, 0
PixelHit 1199, 898, 12.7319, 0
PixelHit 1199, 899, 11.8042, 0
PixelHit 1199, 900, 18.0399, 0
PixelHit 1199, 901, 15.2317, 0
PixelHit 1199, 902, 13.6716, 0
PixelHit 1199, 903, 6.72562, 0
PixelHit 1199, 904, 6.53282, 0
PixelHit 1200, 897, 8.69398, 0
PixelHit 1200, 898, 15.0512, 0
PixelHit 1200, 899, 11.2854, 0
PixelHit 1200, 900, 4.81469, 0
PixelHit 1200, 901, 5.39746, 0
PixelHit 1200, 902, 3.13399, 0
PixelHit 1201, 894, 1.02264, 0
PixelHit 1201, 897, 3.96805, 0
PixelHit 1201, 898, 7.86539, 0
PixelHit 1201, 899, 9.35522, 0
PixelHit 1202, 897, 6.69876, 0
PixelHit 1202, 898, 2.35631, 0
PixelHit 1202, 900, 1.99689, 0
PixelHit 1203, 897, 0.602078, 0
=== 44 ===
=== 45 ===
=== 46 ===
=== 47 ===
=== 48 ===
=== 49 ===
=== 50 ===
=== 51 ===
=== 52 ===
=== 53 ===
=== 54 ===
=== 55 ===
=== 56 ===
=== 57 ===
=== 58 ===
=== 59 ===
=== 60 ===
=== 61 ===
=== 62 ===
=== 63 ===
=== 64 ===
=== 65 ===
=== 66 ===
=== 67 ===
=== 68 ===
=== 69 ===
=== 70 ===
=== 71 ===
=== 72 ===
=== 73 ===
=== 74 ===
=== 75 ===
=== 76 ===
=== 77 ===
=== 78 ===
=== 79 ===
=== 80 ===
=== 81 ===
=== 82 ===
=== 83 ===
=== 84 ===
=== 85 ===
=== 86 ===
=== 87 ===
=== 88 ===
=== 89 ===
=== 90 ===
=== 91 ===
=== 92 ===
=== 93 ===
=== 94 ===
=== 95 ===
=== 96 ===
=== 97 ===
=== 98 ===
=== 99 ===
=== 100 ===
# 578 objects from 2 messages
