# Allpix Squared ASCII data - https://cern.ch/allpix-squared

=== 1 ===
=== 2 ===
=== 3 ===
=== 4 ===
=== 5 ===
=== 6 ===
=== 7 ===
=== 8 ===
=== 9 ===
=== 10 ===
=== 11 ===
=== 12 ===
=== 13 ===
=== 14 ===
=== 15 ===
=== 16 ===
=== 17 ===
=== 18 ===
=== 19 ===
=== 20 ===
=== 21 ===
=== 22 ===
=== 23 ===
=== 24 ===
=== 25 ===
=== 26 ===
=== 27 ===
=== 28 ===
=== 29 ===
=== 30 ===
=== 31 ===
=== 32 ===
=== 33 ===
=== 34 ===
=== 35 ===
=== 36 ===
=== 37 ===
=== 38 ===
=== 39 ===
=== 40 ===
=== 41 ===
=== 42 ===
=== 43 ===
=== 44 ===
=== 45 ===
=== 46 ===
=== 47 ===
=== 48 ===
=== 49 ===
=== 50 ===
=== 51 ===
=== 52 ===
=== 53 ===
=== 54 ===
=== 55 ===
--- mydetector ---
PixelHit 274, 920, 1.41262, 0
PixelHit 274, 921, 4.17048, 0
PixelHit 275, 917, 1.54498, 0
PixelHit 275, 919, 6.47705, 0
PixelHit 275, 920, 12.0339, 0
PixelHit 275, 921, 6.76787, 0
PixelHit 275, 922, 1.43454, 0
PixelHit 276, 918, 1.44877, 0
PixelHit 276, 919, 9.7094, 0
PixelHit 276, 920, 11.2, 0
PixelHit 276, 921, 5.54094, 0
PixelHit 276, 922, 6.28041, 0
PixelHit 277, 917, 1.55615, 0
PixelHit 277, 918, 2.3451, 0
PixelHit 277, 919, 11.1397, 0
PixelHit 277, 920, 12.1937, 0
PixelHit 277, 921, 16.1881, 0
PixelHit 277, 922, 7.80246, 0
PixelHit 277, 924, 1.90359, 0
PixelHit 278, 918, 3.35576, 0
PixelHit 278, 919, 8.24489, 0
PixelHit 278, 920, 34.3985, 0
PixelHit 278, 921, 23.4373, 0
PixelHit 278, 922, 9.03699, 0
PixelHit 279, 918, 1.81139, 0
PixelHit 279, 919, 11.1698, 0
PixelHit 279, 920, 32.5002, 0
PixelHit 279, 921, 26.2958, 0
PixelHit 279, 922, 13.016, 0
PixelHit 280, 919, 5.75219, 0
PixelHit 280, 920, 26.7092, 0
PixelHit 280, 921, 15.6841, 0
PixelHit 280, 922, 8.07191, 0
PixelHit 280, 924, 1.36491, 0
PixelHit 281, 919, 5.48189, 0
PixelHit 281, 920, 10.1018, 0
PixelHit 281, 921, 14.5327, 0
PixelHit 281, 922, 12.55, 0
PixelHit 281, 923, 3.19238, 0
PixelHit 281, 925, -0.270422, 0
PixelHit 282, 918, 1.69822, 0
PixelHit 282, 919, 3.67434, 0
PixelHit 282, 920, 5.46602, 0
PixelHit 282, 921, 11.5829, 0
PixelHit 282, 922, 8.57459, 0
PixelHit 282, 923, 5.34662, 0
PixelHit 282, 925, 2.03822, 0
PixelHit 283, 920, 10.3005, 0
PixelHit 283, 921, 12.0333, 0
PixelHit 283, 922, 9.42552, 0
PixelHit 283, 923, 4.46386, 0
PixelHit 283, 924, 1.7215, 0
PixelHit 284, 919, 1.52698, 0
PixelHit 284, 921, 4.8022, 0
PixelHit 284, 922, 7.08799, 0
PixelHit 284, 924, 1.75743, 0
PixelHit 285, 920, 0.798666, 0
PixelHit 285, 921, 4.32263, 0
PixelHit 285, 922, 2.5137, 0
PixelHit 285, 923, 3.12749, 0
PixelHit 286, 919, 3.05727, 0
PixelHit 286, 920, 2.94861, 0
PixelHit 286, 921, 4.26511, 0
PixelHit 286, 922, 9.06785, 0
PixelHit 286, 923, 3.04227, 0
PixelHit 286, 924, 2.14138, 0
PixelHit 287, 920, 3.80665, 0
PixelHit 287, 921, 4.78972, 0
PixelHit 287, 922, 3.67585, 0
PixelHit 287, 924, 3.11277, 0
PixelHit 288, 920, 1.77498, 0
PixelHit 288, 921, 5.54416, 0
PixelHit 288, 922, 5.07499, 0
PixelHit 288, 923, 4.9986, 0
PixelHit 288, 924, 2.21461, 0
PixelHit 289, 921, 2.8646, 0
PixelHit 289, 922, 5.01515, 0
PixelHit 289, 923, 1.97501, 0
PixelHit 290, 921, 3.97311, 0
PixelHit 290, 922, 7.41218, 0
PixelHit 290, 924, 3.05476, 0
PixelHit 291, 919, 0.303967, 0
PixelHit 291, 922, 11.0157, 0
PixelHit 291, 923, 5.09649, 0
PixelHit 291, 924, 3.26075, 0
PixelHit 291, 925, 2.15318, 0
PixelHit 292, 922, 12.0735, 0
PixelHit 292, 923, 19.1302, 0
PixelHit 292, 924, 6.7333, 0
PixelHit 292, 925, 1.5483, 0
PixelHit 293, 921, 5.16225, 0
PixelHit 293, 922, 19.9963, 0
PixelHit 293, 923, 18.3317, 0
PixelHit 293, 924, 12.7683, 0
PixelHit 293, 925, 5.12972, 0
PixelHit 294, 921, 7.44411, 0
PixelHit 294, 922, 14.4648, 0
PixelHit 294, 923, 21.724, 0
PixelHit 294, 924, 8.7355, 0
PixelHit 294, 925, 7.17942, 0
PixelHit 295, 920, 2.11681, 0
PixelHit 295, 921, 1.62247, 0
PixelHit 295, 922, 16.0787, 0
PixelHit 295, 923, 14.9591, 0
PixelHit 295, 924, 10.9709, 0
PixelHit 295, 925, 1.0169, 0
PixelHit 296, 921, 5.65657, 0
PixelHit 296, 922, 14.2354, 0
PixelHit 296, 923, 13.7099, 0
PixelHit 296, 924, 18.909, 0
PixelHit 296, 925, 5.69691, 0
PixelHit 297, 922, 8.59954, 0
PixelHit 297, 923, 32.1724, 0
PixelHit 297, 924, 28.4818, 0
PixelHit 297, 925, 9.57294, 0
PixelHit 297, 926, 1.93869, 0
PixelHit 298, 921, 3.49371, 0
PixelHit 298, 922, 8.77929, 0
PixelHit 298, 923, 30.8251, 0
PixelHit 298, 924, 20.0735, 0
PixelHit 298, 925, 11.1423, 0
PixelHit 298, 927, 1.8074, 0
PixelHit 299, 922, 7.53005, 0
PixelHit 299, 923, 26.9984, 0
PixelHit 299, 924, 29.4032, 0
PixelHit 299, 925, 9.21636, 0
PixelHit 299, 926, 3.22497, 0
PixelHit 300, 922, 7.61214, 0
PixelHit 300, 923, 19.5886, 0
PixelHit 300, 924, 26.5345, 0
PixelHit 300, 925, 16.4636, 0
PixelHit 300, 926, 6.12378, 0
PixelHit 301, 921, 1.42285, 0
PixelHit 301, 922, 5.61702, 0
PixelHit 301, 923, 18.7568, 0
PixelHit 301, 924, 25.9529, 0
PixelHit 301, 925, 18.1019, 0
PixelHit 301, 926, 2.60738, 0
PixelHit 301, 927, 1.89536, 0
PixelHit 302, 922, 5.23102, 0
PixelHit 302, 923, 11.4496, 0
PixelHit 302, 924, 18.7729, 0
PixelHit 302, 925, 17.4607, 0
PixelHit 302, 926, 5.65585, 0
PixelHit 303, 923, 15.9097, 0
PixelHit 303, 924, 17.5904, 0
PixelHit 303, 925, 15.3941, 0
PixelHit 303, 926, 0.473304, 0
PixelHit 304, 923, 5.34092, 0
PixelHit 304, 924, 5.95954, 0
PixelHit 304, 925, 7.28633, 0
PixelHit 304, 926, 3.15426, 0
PixelHit 305, 923, 2.61699, 0
PixelHit 305, 924, 11.3283, 0
PixelHit 305, 925, 10.7105, 0
PixelHit 305, 926, 8.61522, 0
PixelHit 306, 922, 0.0175655, 0
PixelHit 306, 923, 3.25303, 0
PixelHit 306, 924, 16.8186, 0
PixelHit 306, 925, 13.7225, 0
PixelHit 306, 926, 7.17265, 0
PixelHit 306, 927, 2.95498, 0
PixelHit 307, 922, -0.539859, 0
PixelHit 307, 923, 9.38307, 0
PixelHit 307, 924, 14.8327, 0
PixelHit 307, 925, 29.8963, 0
PixelHit 307, 926, 10.7575, 0
PixelHit 307, 927, 4.937, 0
PixelHit 308, 924, 10.3928, 0
PixelHit 308, 925, 20.6088, 0
PixelHit 308, 926, 5.86164, 0
PixelHit 309, 923, 3.05075, 0
PixelHit 309, 924, 11.6469, 0
PixelHit 309, 925, 12.8081, 0
PixelHit 309, 926, 3.08355, 0
PixelHit 309, 927, 1.26696, 0
PixelHit 310, 923, 2.65375, 0
PixelHit 310, 925, 11.4283, 0
PixelHit 310, 926, 2.18139, 0
PixelHit 311, 923, 1.18299, 0
PixelHit 311, 924, 4.78095, 0
PixelHit 311, 925, 20.4932, 0
PixelHit 311, 926, 16.3182, 0
PixelHit 311, 927, 1.39138, 0
PixelHit 312, 923, 1.32581, 0
PixelHit 312, 924, 13.3665, 0
PixelHit 312, 925, 16.7061, 0
PixelHit 312, 926, 9.99406, 0
PixelHit 313, 923, 2.68776, 0
PixelHit 313, 924, 3.49996, 0
PixelHit 313, 925, 15.172, 0
PixelHit 313, 926, 11.0496, 0
PixelHit 313, 927, 1.72824, 0
PixelHit 313, 928, 0.688539, 0
PixelHit 314, 923, 2.59369, 0
PixelHit 314, 924, 14.172, 0
PixelHit 314, 925, 19.8502, 0
PixelHit 314, 926, 22.3424, 0
PixelHit 314, 927, 5.5252, 0
PixelHit 314, 928, 1.92127, 0
PixelHit 315, 923, 1.69719, 0
PixelHit 315, 924, 7.82987, 0
PixelHit 315, 925, 27.6641, 0
PixelHit 315, 926, 38.3665, 0
PixelHit 315, 927, 5.97883, 0
PixelHit 315, 928, 3.15835, 0
PixelHit 316, 923, 2.30593, 0
PixelHit 316, 924, 2.32549, 0
PixelHit 316, 925, 34.4137, 0
PixelHit 316, 926, 38.0523, 0
PixelHit 316, 927, 11.4122, 0
PixelHit 316, 928, 2.58053, 0
PixelHit 317, 924, 6.73019, 0
PixelHit 317, 925, 21.4623, 0
PixelHit 317, 926, 34.473, 0
PixelHit 317, 927, 7.7812, 0
PixelHit 318, 924, 6.60202, 0
PixelHit 318, 925, 19.1713, 0
PixelHit 318, 926, 37.4371, 0
PixelHit 318, 927, 14.8985, 0
PixelHit 318, 928, 0.455969, 0
PixelHit 319, 925, 19.0943, 0
PixelHit 319, 926, 28.724, 0
PixelHit 319, 927, 15.2857, 0
PixelHit 319, 928, 3.14321, 0
PixelHit 320, 925, 4.85444, 0
PixelHit 320, 926, 15.7648, 0
PixelHit 320, 927, 9.62841, 0
PixelHit 321, 923, 0.716357, 0
PixelHit 321, 925, 2.12259, 0
PixelHit 321, 926, 16.013, 0
PixelHit 321, 927, 8.91354, 0
PixelHit 321, 928, 1.4426, 0
PixelHit 322, 925, 6.31912, 0
PixelHit 322, 926, 18.2193, 0
PixelHit 322, 927, 8.43098, 0
PixelHit 322, 928, 5.4358, 0
PixelHit 323, 925, 2.06804, 0
PixelHit 323, 926, 9.56325, 0
PixelHit 323, 927, 14.0986, 0
PixelHit 323, 928, 4.67845, 0
PixelHit 324, 926, 13.2165, 0
PixelHit 324, 927, 17.6379, 0
PixelHit 324, 928, 1.7393, 0
PixelHit 325, 925, 4.6666, 0
PixelHit 325, 926, 11.5373, 0
PixelHit 325, 927, 21.8321, 0
PixelHit 325, 928, 9.79872, 0
PixelHit 326, 926, 27.5174, 0
PixelHit 326, 927, 24.7213, 0
PixelHit 326, 928, 7.93654, 0
PixelHit 327, 926, 15.2333, 0
PixelHit 327, 927, 17.4975, 0
PixelHit 327, 928, 8.27065, 0
PixelHit 328, 926, 28.5, 0
PixelHit 328, 927, 71.5552, 0
PixelHit 328, 928, 35.893, 0
PixelHit 328, 929, 3.86899, 0
PixelHit 328, 930, 1.46809, 0
PixelHit 329, 925, 2.58021, 0
PixelHit 329, 926, 37.8935, 0
PixelHit 329, 927, 83.3229, 0
PixelHit 329, 928, 62.3226, 0
PixelHit 329, 929, 7.21058, 0
PixelHit 330, 925, 2.67385, 0
PixelHit 330, 926, 21.1838, 0
PixelHit 330, 927, 70.4144, 0
PixelHit 330, 928, 40.9854, 0
PixelHit 330, 929, 6.39724, 0
PixelHit 331, 925, 1.65219, 0
PixelHit 331, 926, 22.18, 0
PixelHit 331, 927, 51.5677, 0
PixelHit 331, 928, 43.5181, 0
PixelHit 331, 929, 5.24788, 0
PixelHit 332, 926, 8.90484, 0
PixelHit 332, 927, 33.2168, 0
PixelHit 332, 928, 16.827, 0
PixelHit 332, 929, 5.26528, 0
PixelHit 333, 925, 2.79801, 0
PixelHit 333, 927, 17.8678, 0
PixelHit 333, 928, 22.2028, 0
PixelHit 333, 929, 6.55913, 0
PixelHit 334, 927, 25.7234, 0
PixelHit 334, 928, 40.9208, 0
PixelHit 334, 929, 12.6648, 0
PixelHit 335, 926, 2.77221, 0
PixelHit 335, 927, 18.005, 0
PixelHit 335, 928, 29.6578, 0
PixelHit 335, 929, 8.67481, 0
PixelHit 336, 927, 9.72054, 0
PixelHit 336, 928, 31.3663, 0
PixelHit 336, 929, 3.68427, 0
PixelHit 337, 927, 6.34508, 0
PixelHit 337, 928, 19.6126, 0
PixelHit 337, 929, 8.70552, 0
PixelHit 338, 927, 4.82689, 0
PixelHit 338, 928, 17.8809, 0
PixelHit 338, 929, 14.5956, 0
PixelHit 339, 927, 4.89814, 0
PixelHit 339, 928, 14.4059, 0
PixelHit 339, 929, 2.19141, 0
PixelHit 340, 927, 4.56038, 0
PixelHit 340, 928, 13.5158, 0
PixelHit 340, 929, 13.9208, 0
PixelHit 340, 930, 1.84147, 0
PixelHit 341, 927, 4.89732, 0
PixelHit 341, 928, 41.3926, 0
PixelHit 341, 929, 68.7792, 0
PixelHit 341, 930, 9.20287, 0
PixelHit 342, 926, 0.912467, 0
PixelHit 342, 927, 2.32367, 0
PixelHit 342, 928, 59.1703, 0
PixelHit 342, 929, 91.8856, 0
PixelHit 342, 930, 15.59, 0
PixelHit 343, 927, 3.39688, 0
PixelHit 343, 928, 24.2687, 0
PixelHit 343, 929, 13.0252, 0
PixelHit 343, 930, 2.73772, 0
PixelHit 344, 927, 1.21272, 0
PixelHit 344, 929, 7.43417, 0
PixelHit 344, 930, 3.13343, 0
PixelHit 345, 928, 4.41545, 0
PixelHit 345, 929, 20.9016, 0
PixelHit 345, 930, 9.27474, 0
PixelHit 346, 928, 11.2316, 0
PixelHit 346, 929, 86.0973, 0
PixelHit 346, 930, 50.1473, 0
PixelHit 346, 931, 1.30867, 0
PixelHit 347, 928, 20.9765, 0
PixelHit 347, 929, 97.633, 0
PixelHit 347, 930, 63.0466, 0
PixelHit 348, 928, 1.7103, 0
PixelHit 348, 929, 36.8112, 0
PixelHit 348, 930, 41.1242, 0
PixelHit 349, 929, 49.1633, 0
PixelHit 349, 930, 39.0571, 0
PixelHit 349, 931, 1.26351, 0
PixelHit 350, 929, 6.19914, 0
PixelHit 350, 930, 9.36096, 0
PixelHit 351, 929, 22.7561, 0
PixelHit 351, 930, 44.8734, 0
PixelHit 351, 931, 9.07622, 0
PixelHit 352, 929, 25.7758, 0
PixelHit 352, 930, 81.3968, 0
PixelHit 352, 931, 18.5586, 0
PixelHit 353, 928, 0.142328, 0
PixelHit 353, 929, 10.7092, 0
PixelHit 353, 930, 58.7893, 0
PixelHit 353, 931, 7.62125, 0
PixelHit 354, 929, 4.50422, 0
PixelHit 354, 930, 22.5031, 0
PixelHit 354, 931, 8.74015, 0
PixelHit 355, 929, 1.67258, 0
PixelHit 355, 930, 18.9292, 0
PixelHit 355, 931, 11.8482, 0
PixelHit 356, 929, 2.59391, 0
PixelHit 356, 930, 42.8061, 0
PixelHit 356, 931, 57.3551, 0
PixelHit 356, 932, 1.04491, 0
PixelHit 357, 929, 1.8791, 0
PixelHit 357, 930, 49.4632, 0
PixelHit 357, 931, 53.4063, 0
PixelHit 357, 932, 3.75926, 0
PixelHit 358, 930, 39.5787, 0
PixelHit 358, 931, 49.1253, 0
PixelHit 359, 930, 11.5797, 0
PixelHit 359, 931, 23.0629, 0
PixelHit 359, 932, 5.13848, 0
PixelHit 360, 930, 11.6388, 0
PixelHit 360, 931, 33.1603, 0
PixelHit 360, 932, 3.67774, 0
PixelHit 361, 930, 4.19869, 0
PixelHit 361, 931, 23.3862, 0
PixelHit 361, 932, 4.29344, 0
PixelHit 362, 931, 21.9555, 0
PixelHit 362, 932, 5.41381, 0
PixelHit 363, 930, 4.58491, 0
PixelHit 363, 931, 101.872, 0
PixelHit 363, 932, 37.2009, 0
PixelHit 364, 931, 16.462, 0
PixelHit 364, 932, 13.9652, 0
PixelHit 365, 932, 4.88704, 0
PixelHit 366, 931, 4.43056, 0
PixelHit 366, 932, 17.141, 0
PixelHit 367, 931, 2.26486, 0
PixelHit 367, 932, 24.8203, 0
PixelHit 368, 931, 2.31691, 0
PixelHit 368, 932, 26.6841, 0
PixelHit 368, 933, 1.47029, 0
PixelHit 369, 932, 19.0835, 0
PixelHit 369, 933, 2.89258, 0
PixelHit 370, 931, 1.09051, 0
PixelHit 370, 932, 70.3106, 0
PixelHit 370, 933, 4.52468, 0
PixelHit 371, 932, 50.7642, 0
PixelHit 371, 933, 15.3274, 0
PixelHit 372, 932, 2.93507, 0
PixelHit 372, 933, 6.83772, 0
PixelHit 373, 932, 1.80443, 0
PixelHit 373, 933, 8.09581, 0
=== 56 ===
=== 57 ===
=== 58 ===
=== 59 ===
=== 60 ===
--- mydetector ---
PixelHit 1852, 1343, 5.76176, 0
PixelHit 1852, 1344, 17.2974, 0
PixelHit 1853, 1343, 7.18726, 0
PixelHit 1853, 1344, 1.7175, 0
PixelHit 1854, 1343, 9.61491, 0
PixelHit 1854, 1344, 8.68778, 0
PixelHit 1855, 1343, 6.74035, 0
PixelHit 1855, 1344, 9.45366, 0
PixelHit 1856, 1343, 12.5367, 0
PixelHit 1856, 1344, 15.6006, 0
PixelHit 1857, 1343, 14.0896, 0
PixelHit 1857, 1344, 14.1581, 0
PixelHit 1858, 1343, 23.6421, 0
PixelHit 1858, 1344, 18.6608, 0
PixelHit 1859, 1343, 25.5232, 0
PixelHit 1859, 1344, 27.0929, 0
PixelHit 1860, 1343, 13.4996, 0
PixelHit 1860, 1344, 10.263, 0
PixelHit 1861, 1342, 0.629056, 0
PixelHit 1861, 1343, 31.1018, 0
PixelHit 1861, 1344, 23.105, 0
PixelHit 1862, 1343, 21.0079, 0
PixelHit 1862, 1344, 20.5965, 0
PixelHit 1863, 1343, 7.84231, 0
PixelHit 1863, 1344, 4.08205, 0
PixelHit 1864, 1343, 16.2015, 0
PixelHit 1864, 1344, 13.1787, 0
PixelHit 1865, 1343, 26.39, 0
PixelHit 1865, 1344, 17.3791, 0
PixelHit 1865, 1345, 1.94103, 0
PixelHit 1866, 1343, 30.6364, 0
PixelHit 1866, 1344, 12.8759, 0
PixelHit 1867, 1343, 22.0438, 0
PixelHit 1867, 1344, 17.0296, 0
PixelHit 1868, 1343, 23.6843, 0
PixelHit 1868, 1344, 11.5992, 0
PixelHit 1868, 1345, 1.3182, 0
PixelHit 1869, 1343, 25.3176, 0
PixelHit 1869, 1344, 16.9755, 0
PixelHit 1870, 1343, 9.33638, 0
PixelHit 1870, 1344, 11.4643, 0
PixelHit 1871, 1343, 20.8243, 0
PixelHit 1871, 1344, 4.12376, 0
PixelHit 1872, 1342, 2.44633, 0
PixelHit 1872, 1343, 25.3687, 0
PixelHit 1872, 1344, 8.01742, 0
PixelHit 1873, 1342, 3.09166, 0
PixelHit 1873, 1343, 14.0341, 0
PixelHit 1873, 1344, 8.6516, 0
PixelHit 1874, 1343, 21.1356, 0
PixelHit 1874, 1344, 4.68964, 0
PixelHit 1874, 1345, 0.413873, 0
PixelHit 1875, 1343, 19.6891, 0
PixelHit 1875, 1344, 10.6633, 0
PixelHit 1876, 1342, 0.879109, 0
PixelHit 1876, 1343, 13.1246, 0
PixelHit 1876, 1344, 8.88303, 0
PixelHit 1877, 1342, 13.8632, 0
PixelHit 1877, 1343, 115.262, 0
PixelHit 1877, 1344, 51.1955, 0
PixelHit 1877, 1345, 1.73645, 0
PixelHit 1878, 1342, 25.9797, 0
PixelHit 1878, 1343, 152.647, 0
PixelHit 1878, 1344, 81.1612, 0
PixelHit 1878, 1345, 3.83687, 0
PixelHit 1879, 1342, 4.30368, 0
PixelHit 1879, 1343, 56.7133, 0
PixelHit 1879, 1344, 33.9782, 0
PixelHit 1879, 1345, 0.470557, 0
PixelHit 1880, 1342, 3.17216, 0
PixelHit 1880, 1343, 15.6289, 0
PixelHit 1880, 1344, 5.32217, 0
PixelHit 1881, 1342, 7.78789, 0
PixelHit 1881, 1343, 44.1606, 0
PixelHit 1881, 1344, 31.9963, 0
PixelHit 1881, 1345, 2.64578, 0
PixelHit 1882, 1342, 7.39639, 0
PixelHit 1882, 1343, 35.1599, 0
PixelHit 1882, 1344, 28.8199, 0
PixelHit 1883, 1342, 2.3701, 0
PixelHit 1883, 1343, 19.9808, 0
PixelHit 1883, 1344, 8.35973, 0
PixelHit 1884, 1342, 1.95914, 0
PixelHit 1884, 1343, 12.0242, 0
PixelHit 1884, 1344, 8.68174, 0
PixelHit 1885, 1342, 2.13099, 0
PixelHit 1885, 1343, 17.7817, 0
PixelHit 1885, 1344, 7.22834, 0
PixelHit 1886, 1342, 3.10336, 0
PixelHit 1886, 1343, 35.2525, 0
PixelHit 1886, 1344, 15.2069, 0
PixelHit 1886, 1345, 2.41656, 0
PixelHit 1887, 1342, 10.1428, 0
PixelHit 1887, 1343, 28.8294, 0
PixelHit 1887, 1344, 10.4025, 0
PixelHit 1887, 1345, 3.68528, 0
PixelHit 1888, 1341, 1.95164, 0
PixelHit 1888, 1342, 12.1809, 0
PixelHit 1888, 1343, 63.2926, 0
PixelHit 1888, 1344, 33.0724, 0
PixelHit 1888, 1345, 5.36383, 0
PixelHit 1889, 1342, 6.22667, 0
PixelHit 1889, 1343, 27.4425, 0
PixelHit 1889, 1344, 8.30439, 0
PixelHit 1890, 1343, 11.2556, 0
PixelHit 1890, 1344, 7.89865, 0
PixelHit 1891, 1342, 4.53779, 0
PixelHit 1891, 1343, 12.8343, 0
PixelHit 1891, 1344, 4.26344, 0
PixelHit 1891, 1345, 4.08726, 0
PixelHit 1892, 1343, 9.98206, 0
PixelHit 1892, 1344, 4.3375, 0
PixelHit 1892, 1345, 1.67413, 0
PixelHit 1893, 1342, 2.19664, 0
PixelHit 1893, 1343, 5.60362, 0
PixelHit 1893, 1344, 5.1066, 0
PixelHit 1894, 1342, 6.09011, 0
PixelHit 1894, 1343, 17.3716, 0
PixelHit 1894, 1344, 9.9198, 0
PixelHit 1895, 1343, 9.91165, 0
PixelHit 1895, 1344, 5.43173, 0
PixelHit 1896, 1342, 2.35956, 0
PixelHit 1896, 1343, 8.76471, 0
PixelHit 1896, 1344, 2.68304, 0
PixelHit 1897, 1342, 15.6587, 0
PixelHit 1897, 1343, 60.5853, 0
PixelHit 1897, 1344, 29.2998, 0
PixelHit 1897, 1345, 4.80493, 0
PixelHit 1898, 1341, 1.181, 0
PixelHit 1898, 1342, 32.4377, 0
PixelHit 1898, 1343, 86.178, 0
PixelHit 1898, 1344, 50.6786, 0
PixelHit 1898, 1345, 6.01694, 0
PixelHit 1899, 1341, 1.37644, 0
PixelHit 1899, 1342, 20.8921, 0
PixelHit 1899, 1343, 46.5205, 0
PixelHit 1899, 1344, 22.056, 0
PixelHit 1899, 1345, 6.85838, 0
PixelHit 1900, 1341, 0.997236, 0
PixelHit 1900, 1342, 4.32782, 0
PixelHit 1900, 1343, 27.5054, 0
PixelHit 1900, 1344, 13.5456, 0
PixelHit 1900, 1345, 2.12678, 0
PixelHit 1901, 1342, 6.11584, 0
PixelHit 1901, 1343, 14.108, 0
PixelHit 1901, 1344, 6.55715, 0
PixelHit 1902, 1342, 2.61509, 0
PixelHit 1902, 1343, 15.6711, 0
PixelHit 1902, 1344, 7.45797, 0
PixelHit 1902, 1345, 3.91514, 0
PixelHit 1903, 1342, 10.1335, 0
PixelHit 1903, 1343, 24.6496, 0
PixelHit 1903, 1344, 10.3565, 0
PixelHit 1904, 1341, 2.98554, 0
PixelHit 1904, 1342, 10.2313, 0
PixelHit 1904, 1343, 28.7265, 0
PixelHit 1904, 1344, 15.6246, 0
PixelHit 1905, 1341, 1.53568, 0
PixelHit 1905, 1342, 15.5717, 0
PixelHit 1905, 1343, 33.5485, 0
PixelHit 1905, 1344, 16.3068, 0
PixelHit 1905, 1345, 2.51966, 0
PixelHit 1906, 1341, 1.24147, 0
PixelHit 1906, 1342, 13.5286, 0
PixelHit 1906, 1343, 45.4445, 0
PixelHit 1906, 1344, 29.1606, 0
PixelHit 1906, 1345, 2.40349, 0
PixelHit 1906, 1346, 1.89121, 0
PixelHit 1907, 1341, 3.35192, 0
PixelHit 1907, 1342, 16.3033, 0
PixelHit 1907, 1343, 51.163, 0
PixelHit 1907, 1344, 24.9078, 0
PixelHit 1908, 1342, 7.45927, 0
PixelHit 1908, 1343, 16.6002, 0
PixelHit 1908, 1344, 11.0722, 0
PixelHit 1908, 1345, 3.77889, 0
PixelHit 1909, 1342, 7.94316, 0
PixelHit 1909, 1343, 22.0239, 0
PixelHit 1909, 1344, 10.9959, 0
PixelHit 1909, 1345, 2.11477, 0
PixelHit 1910, 1341, 1.65082, 0
PixelHit 1910, 1342, 9.90241, 0
PixelHit 1910, 1343, 23.9656, 0
PixelHit 1910, 1344, 12.7365, 0
PixelHit 1911, 1342, 7.33088, 0
PixelHit 1911, 1343, 12.2609, 0
PixelHit 1911, 1344, 9.07469, 0
PixelHit 1911, 1345, 2.96216, 0
PixelHit 1912, 1341, 5.34311, 0
PixelHit 1912, 1342, 13.6517, 0
PixelHit 1912, 1343, 25.4959, 0
PixelHit 1912, 1344, 17.1951, 0
PixelHit 1912, 1345, 5.49822, 0
PixelHit 1913, 1341, 5.1059, 0
PixelHit 1913, 1342, 31.89, 0
PixelHit 1913, 1343, 42.6549, 0
PixelHit 1913, 1344, 35.3921, 0
PixelHit 1913, 1345, 5.60466, 0
PixelHit 1914, 1341, 3.05266, 0
PixelHit 1914, 1342, 32.4749, 0
PixelHit 1914, 1343, 54.0448, 0
PixelHit 1914, 1344, 22.8978, 0
PixelHit 1914, 1345, 0.959449, 0
PixelHit 1915, 1341, 1.39971, 0
PixelHit 1915, 1342, 9.78205, 0
PixelHit 1915, 1343, 11.9936, 0
PixelHit 1915, 1344, 2.9825, 0
PixelHit 1915, 1345, 3.18765, 0
PixelHit 1916, 1341, 4.29269, 0
PixelHit 1916, 1342, 5.40147, 0
PixelHit 1916, 1343, 13.5067, 0
PixelHit 1916, 1344, 5.97415, 0
PixelHit 1916, 1345, 0.402074, 0
PixelHit 1917, 1341, 0.982203, 0
PixelHit 1917, 1342, 9.78752, 0
PixelHit 1917, 1343, 14.8196, 0
PixelHit 1917, 1344, 5.52896, 0
PixelHit 1917, 1345, 2.2282, 0
PixelHit 1918, 1341, 2.36804, 0
PixelHit 1918, 1342, 8.68896, 0
PixelHit 1918, 1343, 22.3223, 0
PixelHit 1918, 1344, 4.45333, 0
PixelHit 1919, 1342, 20.2437, 0
PixelHit 1919, 1343, 28.1619, 0
PixelHit 1919, 1344, 22.863, 0
PixelHit 1919, 1345, 3.76367, 0
PixelHit 1919, 1346, 0.929497, 0
PixelHit 1920, 1340, 1.47102, 0
PixelHit 1920, 1341, 2.75868, 0
PixelHit 1920, 1342, 7.61173, 0
PixelHit 1920, 1343, 31.7585, 0
PixelHit 1920, 1344, 20.5066, 0
PixelHit 1920, 1345, 3.95671, 0
PixelHit 1921, 1341, 2.39003, 0
PixelHit 1921, 1342, 17.9029, 0
PixelHit 1921, 1343, 33.5902, 0
PixelHit 1921, 1344, 15.5193, 0
PixelHit 1922, 1341, 5.67828, 0
PixelHit 1922, 1342, 15.0446, 0
PixelHit 1922, 1343, 24.8225, 0
PixelHit 1922, 1344, 25.0961, 0
PixelHit 1922, 1345, 3.86773, 0
PixelHit 1923, 1341, 4.80402, 0
PixelHit 1923, 1342, 15.3365, 0
PixelHit 1923, 1343, 52.702, 0
PixelHit 1923, 1344, 24.6096, 0
PixelHit 1923, 1345, 4.46546, 0
PixelHit 1924, 1342, 9.83075, 0
PixelHit 1924, 1343, 35.3164, 0
PixelHit 1924, 1344, 22.8342, 0
PixelHit 1924, 1345, 2.07177, 0
PixelHit 1924, 1346, 2.67144, 0
PixelHit 1925, 1341, 1.30984, 0
PixelHit 1925, 1342, 12.1451, 0
PixelHit 1925, 1343, 14.4367, 0
PixelHit 1925, 1344, 9.30301, 0
PixelHit 1925, 1345, 4.34126, 0
PixelHit 1926, 1342, 6.13797, 0
PixelHit 1926, 1343, 7.29696, 0
PixelHit 1926, 1344, 9.01063, 0
PixelHit 1927, 1341, 0.712031, 0
PixelHit 1927, 1342, 9.97344, 0
PixelHit 1927, 1343, 19.6182, 0
PixelHit 1927, 1344, 13.2358, 0
PixelHit 1927, 1345, 3.32841, 0
PixelHit 1928, 1341, 7.74939, 0
PixelHit 1928, 1342, 27.3299, 0
PixelHit 1928, 1343, 62.8103, 0
PixelHit 1928, 1344, 48.3984, 0
PixelHit 1928, 1345, 10.2154, 0
PixelHit 1929, 1341, 3.28305, 0
PixelHit 1929, 1342, 53.9215, 0
PixelHit 1929, 1343, 100.701, 0
PixelHit 1929, 1344, 58.4424, 0
PixelHit 1929, 1345, 12.9615, 0
PixelHit 1930, 1341, 12.9032, 0
PixelHit 1930, 1342, 68.3726, 0
PixelHit 1930, 1343, 103.955, 0
PixelHit 1930, 1344, 68.5243, 0
PixelHit 1930, 1345, 15.4952, 0
PixelHit 1931, 1340, 1.77186, 0
PixelHit 1931, 1341, 12.9051, 0
PixelHit 1931, 1342, 100.788, 0
PixelHit 1931, 1343, 195.981, 0
PixelHit 1931, 1344, 134.363, 0
PixelHit 1931, 1345, 29.6533, 0
PixelHit 1932, 1340, 3.04722, 0
PixelHit 1932, 1341, 17.1311, 0
PixelHit 1932, 1342, 116.697, 0
PixelHit 1932, 1343, 221.671, 0
PixelHit 1932, 1344, 136.836, 0
PixelHit 1932, 1345, 29.1083, 0
PixelHit 1932, 1346, 3.02361, 0
PixelHit 1933, 1341, 20.8417, 0
PixelHit 1933, 1342, 70.5098, 0
PixelHit 1933, 1343, 125.161, 0
PixelHit 1933, 1344, 87.77, 0
PixelHit 1933, 1345, 24.7173, 0
PixelHit 1933, 1346, 2.66704, 0
PixelHit 1934, 1341, 15.0678, 0
PixelHit 1934, 1342, 65.6844, 0
PixelHit 1934, 1343, 149.236, 0
PixelHit 1934, 1344, 88.5685, 0
PixelHit 1934, 1345, 21.1431, 0
PixelHit 1935, 1340, 1.85948, 0
PixelHit 1935, 1341, 31.8063, 0
PixelHit 1935, 1342, 117.076, 0
PixelHit 1935, 1343, 211.315, 0
PixelHit 1935, 1344, 115.034, 0
PixelHit 1935, 1345, 32.9864, 0
PixelHit 1935, 1346, 2.47596, 0
PixelHit 1936, 1341, 24.7175, 0
PixelHit 1936, 1342, 84.8272, 0
PixelHit 1936, 1343, 139.889, 0
PixelHit 1936, 1344, 90.9271, 0
PixelHit 1936, 1345, 27.2147, 0
PixelHit 1937, 1341, 4.56003, 0
PixelHit 1937, 1342, 39.9119, 0
PixelHit 1937, 1343, 53.9639, 0
PixelHit 1937, 1344, 40.6512, 0
PixelHit 1937, 1345, 12.8991, 0
PixelHit 1938, 1341, 7.18548, 0
PixelHit 1938, 1342, 18.0577, 0
PixelHit 1938, 1343, 43.5092, 0
PixelHit 1938, 1344, 17.7251, 0
PixelHit 1938, 1345, 11.3076, 0
PixelHit 1939, 1341, 7.3412, 0
PixelHit 1939, 1342, 16.0484, 0
PixelHit 1939, 1343, 45.3226, 0
PixelHit 1939, 1344, 35.1952, 0
PixelHit 1939, 1345, 6.99376, 0
PixelHit 1939, 1346, 4.14591, 0
PixelHit 1940, 1341, 2.27602, 0
PixelHit 1940, 1342, 23.606, 0
PixelHit 1940, 1343, 54.5853, 0
PixelHit 1940, 1344, 26.6576, 0
PixelHit 1940, 1345, 10.4701, 0
PixelHit 1940, 1346, 1.89191, 0
PixelHit 1941, 1341, 3.91179, 0
PixelHit 1941, 1342, 15.6391, 0
PixelHit 1941, 1343, 36.683, 0
PixelHit 1941, 1344, 33.1601, 0
PixelHit 1942, 1342, 22.5068, 0
PixelHit 1942, 1343, 33.9472, 0
PixelHit 1942, 1344, 18.7005, 0
PixelHit 1942, 1345, 5.19811, 0
PixelHit 1943, 1339, 1.25043, 0
PixelHit 1943, 1341, 9.17876, 0
PixelHit 1943, 1342, 17.2693, 0
PixelHit 1943, 1343, 34.4758, 0
PixelHit 1943, 1344, 20.2064, 0
PixelHit 1943, 1345, 3.2335, 0
PixelHit 1943, 1346, 1.58289, 0
PixelHit 1944, 1341, 5.56671, 0
PixelHit 1944, 1342, 19.5102, 0
PixelHit 1944, 1343, 23.528, 0
PixelHit 1944, 1344, 10.346, 0
PixelHit 1945, 1341, 2.68624, 0
PixelHit 1945, 1342, 9.43567, 0
PixelHit 1945, 1343, 21.4352, 0
PixelHit 1945, 1344, 11.1081, 0
PixelHit 1945, 1345, 5.19927, 0
PixelHit 1945, 1346, 3.04946, 0
PixelHit 1945, 1347, 2.81658, 0
PixelHit 1946, 1341, 5.35058, 0
PixelHit 1946, 1342, 6.13188, 0
PixelHit 1946, 1343, 16.2011, 0
PixelHit 1946, 1344, 6.98198, 0
PixelHit 1946, 1345, 2.98003, 0
PixelHit 1947, 1341, 1.49566, 0
PixelHit 1947, 1342, 8.52164, 0
PixelHit 1947, 1343, 18.614, 0
PixelHit 1947, 1344, 8.52776, 0
PixelHit 1948, 1341, 2.68077, 0
PixelHit 1948, 1342, 10.3159, 0
PixelHit 1948, 1343, 10.0664, 0
PixelHit 1948, 1344, 11.1728, 0
PixelHit 1948, 1345, 2.66907, 0
PixelHit 1949, 1339, 2.05459, 0
PixelHit 1949, 1341, 3.19875, 0
PixelHit 1949, 1342, 13.0974, 0
PixelHit 1949, 1343, 17.5723, 0
PixelHit 1949, 1344, 4.95276, 0
PixelHit 1949, 1345, 4.8107, 0
PixelHit 1949, 1346, 2.08433, 0
PixelHit 1950, 1340, 2.14728, 0
PixelHit 1950, 1341, 2.5507, 0
PixelHit 1950, 1342, 10.9229, 0
PixelHit 1950, 1343, 17.892, 0
PixelHit 1950, 1344, 16.3014, 0
PixelHit 1950, 1345, 3.05926, 0
PixelHit 1950, 1346, 1.38011, 0
PixelHit 1951, 1341, 5.26199, 0
PixelHit 1951, 1342, 18.4672, 0
PixelHit 1951, 1343, 14.2321, 0
PixelHit 1951, 1344, 14.4325, 0
PixelHit 1951, 1345, 4.46778, 0
PixelHit 1951, 1346, 3.33391, 0
PixelHit 1952, 1341, 4.31761, 0
PixelHit 1952, 1342, 19.3998, 0
PixelHit 1952, 1343, 21.2526, 0
PixelHit 1952, 1344, 9.34927, 0
PixelHit 1952, 1345, 4.04949, 0
PixelHit 1953, 1341, 2.23868, 0
PixelHit 1953, 1342, 7.91964, 0
PixelHit 1953, 1343, 11.2419, 0
PixelHit 1953, 1344, 10.2629, 0
PixelHit 1954, 1341, 2.45116, 0
PixelHit 1954, 1342, 20.681, 0
PixelHit 1954, 1343, 14.39, 0
PixelHit 1954, 1344, 7.71654, 0
PixelHit 1954, 1345, 2.15618, 0
PixelHit 1954, 1346, 3.73567, 0
PixelHit 1955, 1341, 5.69782, 0
PixelHit 1955, 1342, 26.0914, 0
PixelHit 1955, 1343, 40.5646, 0
PixelHit 1955, 1344, 11.7501, 0
PixelHit 1955, 1345, 7.51829, 0
PixelHit 1955, 1346, 1.91955, 0
PixelHit 1956, 1340, 3.20372, 0
PixelHit 1956, 1341, 5.33203, 0
PixelHit 1956, 1342, 30.8635, 0
PixelHit 1956, 1343, 26.0114, 0
PixelHit 1956, 1344, 13.1553, 0
PixelHit 1956, 1345, 5.09355, 0
PixelHit 1957, 1340, 1.62356, 0
PixelHit 1957, 1341, 12.4563, 0
PixelHit 1957, 1342, 20.3294, 0
PixelHit 1957, 1343, 30.5803, 0
PixelHit 1957, 1344, 11.9267, 0
PixelHit 1957, 1345, 6.18673, 0
PixelHit 1958, 1341, 8.3143, 0
PixelHit 1958, 1342, 8.98369, 0
PixelHit 1958, 1343, 14.3289, 0
PixelHit 1958, 1344, 7.16374, 0
PixelHit 1958, 1345, 1.28283, 0
PixelHit 1959, 1342, 5.28197, 0
PixelHit 1959, 1343, 2.57184, 0
PixelHit 1959, 1344, 4.28073, 0
PixelHit 1960, 1342, 2.72222, 0
PixelHit 1960, 1343, 5.00076, 0
PixelHit 1961, 1341, 1.25691, 0
PixelHit 1961, 1342, 9.26818, 0
PixelHit 1961, 1343, 4.78457, 0
PixelHit 1961, 1344, 1.30802, 0
PixelHit 1961, 1345, 3.81575, 0
PixelHit 1962, 1341, 1.40243, 0
PixelHit 1962, 1342, 11.3571, 0
PixelHit 1962, 1343, 13.373, 0
PixelHit 1962, 1344, 7.88399, 0
PixelHit 1962, 1345, 1.54169, 0
PixelHit 1963, 1341, 5.97112, 0
PixelHit 1963, 1342, 7.61044, 0
PixelHit 1963, 1343, 11.7075, 0
PixelHit 1963, 1344, 6.95277, 0
PixelHit 1964, 1341, 1.77506, 0
PixelHit 1964, 1342, 9.41525, 0
PixelHit 1964, 1343, 12.651, 0
PixelHit 1964, 1344, 2.25765, 0
PixelHit 1964, 1345, -0.343831, 0
PixelHit 1965, 1341, 2.8247, 0
PixelHit 1965, 1342, 6.66858, 0
PixelHit 1965, 1343, 7.17483, 0
PixelHit 1965, 1344, 4.26654, 0
PixelHit 1965, 1345, 1.81589, 0
PixelHit 1966, 1340, 2.47354, 0
PixelHit 1966, 1341, 7.1219, 0
PixelHit 1966, 1342, 16.8349, 0
PixelHit 1966, 1343, 20.0021, 0
PixelHit 1966, 1344, 5.92139, 0
PixelHit 1966, 1345, 1.91179, 0
PixelHit 1967, 1341, 8.38435, 0
PixelHit 1967, 1342, 19.1094, 0
PixelHit 1967, 1343, 18.4627, 0
PixelHit 1967, 1344, 16.7488, 0
PixelHit 1968, 1339, 1.25443, 0
PixelHit 1968, 1340, 2.36622, 0
PixelHit 1968, 1341, 11.95, 0
PixelHit 1968, 1342, 20.9935, 0
PixelHit 1968, 1343, 38.4294, 0
PixelHit 1968, 1344, 14.7183, 0
PixelHit 1968, 1345, 4.07065, 0
PixelHit 1969, 1341, 8.97844, 0
PixelHit 1969, 1342, 21.7121, 0
PixelHit 1969, 1343, 19.0048, 0
PixelHit 1969, 1344, 11.2131, 0
PixelHit 1969, 1345, -0.300719, 0
PixelHit 1970, 1341, 4.17114, 0
PixelHit 1970, 1342, 16.0366, 0
PixelHit 1970, 1343, 13.0474, 0
PixelHit 1970, 1344, 11.9132, 0
PixelHit 1970, 1346, 1.2006, 0
PixelHit 1971, 1340, 1.41041, 0
PixelHit 1971, 1341, 6.63038, 0
PixelHit 1971, 1342, 22.2753, 0
PixelHit 1971, 1343, 18.8561, 0
PixelHit 1971, 1344, 5.12782, 0
PixelHit 1971, 1345, 2.32434, 0
PixelHit 1972, 1341, 11.5171, 0
PixelHit 1972, 1342, 8.97124, 0
PixelHit 1972, 1343, 14.2075, 0
PixelHit 1972, 1344, 9.51119, 0
PixelHit 1972, 1345, 1.60064, 0
PixelHit 1973, 1341, 11.8736, 0
PixelHit 1973, 1342, 11.1434, 0
PixelHit 1973, 1343, 16.2736, 0
PixelHit 1973, 1344, 8.53714, 0
PixelHit 1973, 1345, 2.77265, 0
PixelHit 1974, 1340, 1.89604, 0
PixelHit 1974, 1341, 14.5755, 0
PixelHit 1974, 1342, 18.2276, 0
PixelHit 1974, 1343, 19.3421, 0
PixelHit 1974, 1344, 12.6676, 0
PixelHit 1974, 1345, 3.54942, 0
PixelHit 1975, 1341, 9.76775, 0
PixelHit 1975, 1342, 15.8507, 0
PixelHit 1975, 1343, 16.7935, 0
PixelHit 1975, 1344, 8.15085, 0
PixelHit 1976, 1340, 1.33276, 0
PixelHit 1976, 1341, 6.59741, 0
PixelHit 1976, 1342, 10.337, 0
PixelHit 1976, 1343, 13.4694, 0
PixelHit 1976, 1344, 1.84064, 0
PixelHit 1977, 1341, 3.05318, 0
PixelHit 1977, 1342, 7.94896, 0
PixelHit 1977, 1343, 5.21537, 0
PixelHit 1977, 1344, 6.88223, 0
PixelHit 1978, 1340, 1.36733, 0
PixelHit 1978, 1341, 4.61496, 0
PixelHit 1978, 1342, 14.9382, 0
PixelHit 1978, 1343, 8.24463, 0
PixelHit 1978, 1344, 3.1567, 0
PixelHit 1979, 1340, 2.52113, 0
PixelHit 1979, 1341, 3.84379, 0
PixelHit 1979, 1342, 13.6379, 0
PixelHit 1979, 1343, 10.4348, 0
PixelHit 1979, 1344, 5.85763, 0
PixelHit 1979, 1345, 0.800264, 0
PixelHit 1980, 1340, 4.72115, 0
PixelHit 1980, 1341, 8.73409, 0
PixelHit 1980, 1342, 17.83, 0
PixelHit 1980, 1343, 13.4868, 0
PixelHit 1980, 1344, 4.62836, 0
PixelHit 1981, 1341, 7.50979, 0
PixelHit 1981, 1342, 18.7622, 0
PixelHit 1981, 1343, 15.3999, 0
PixelHit 1981, 1344, 4.04965, 0
PixelHit 1982, 1340, 1.64711, 0
PixelHit 1982, 1341, 7.16854, 0
PixelHit 1982, 1342, 13.7014, 0
PixelHit 1982, 1343, 9.13177, 0
PixelHit 1982, 1345, 5.49441, 0
PixelHit 1983, 1339, 2.31559, 0
PixelHit 1983, 1340, 2.30725, 0
PixelHit 1983, 1341, 14.3593, 0
PixelHit 1983, 1342, 7.63181, 0
PixelHit 1983, 1343, 12.3099, 0
PixelHit 1984, 1340, 5.92075, 0
PixelHit 1984, 1341, 14.1559, 0
PixelHit 1984, 1342, 27.2372, 0
PixelHit 1984, 1343, 8.13, 0
PixelHit 1984, 1344, 3.94969, 0
PixelHit 1984, 1345, 2.74763, 0
PixelHit 1985, 1339, 4.97386, 0
PixelHit 1985, 1340, 8.77625, 0
PixelHit 1985, 1341, 29.3469, 0
PixelHit 1985, 1342, 44.9305, 0
PixelHit 1985, 1343, 22.4901, 0
PixelHit 1985, 1344, 13.5407, 0
PixelHit 1986, 1339, 2.17813, 0
PixelHit 1986, 1340, 15.7635, 0
PixelHit 1986, 1341, 40.9639, 0
PixelHit 1986, 1342, 49.9797, 0
PixelHit 1986, 1343, 35.8474, 0
PixelHit 1986, 1344, 13.776, 0
PixelHit 1986, 1345, 4.80154, 0
PixelHit 1986, 1346, 2.58196, 0
PixelHit 1987, 1339, 2.211, 0
PixelHit 1987, 1340, 6.65147, 0
PixelHit 1987, 1341, 28.4197, 0
PixelHit 1987, 1342, 38.1138, 0
PixelHit 1987, 1343, 36.7461, 0
PixelHit 1987, 1344, 6.57601, 0
PixelHit 1988, 1341, 5.42902, 0
PixelHit 1988, 1342, 15.2002, 0
PixelHit 1988, 1343, 5.43417, 0
PixelHit 1988, 1344, 3.3613, 0
PixelHit 1988, 1346, 2.29197, 0
PixelHit 1989, 1341, 2.91894, 0
PixelHit 1989, 1343, 0.996315, 0
PixelHit 1991, 1343, 1.00515, 0
=== 61 ===
=== 62 ===
=== 63 ===
=== 64 ===
=== 65 ===
=== 66 ===
=== 67 ===
=== 68 ===
=== 69 ===
=== 70 ===
=== 71 ===
=== 72 ===
=== 73 ===
=== 74 ===
=== 75 ===
=== 76 ===
=== 77 ===
=== 78 ===
=== 79 ===
=== 80 ===
=== 81 ===
=== 82 ===
=== 83 ===
=== 84 ===
=== 85 ===
=== 86 ===
=== 87 ===
=== 88 ===
=== 89 ===
=== 90 ===
=== 91 ===
=== 92 ===
=== 93 ===
=== 94 ===
=== 95 ===
=== 96 ===
=== 97 ===
=== 98 ===
=== 99 ===
=== 100 ===
# 991 objects from 2 messages
