# Allpix Squared ASCII data - https://cern.ch/allpix-squared

=== 1 ===
=== 2 ===
=== 3 ===
=== 4 ===
=== 5 ===
=== 6 ===
=== 7 ===
=== 8 ===
=== 9 ===
=== 10 ===
=== 11 ===
=== 12 ===
=== 13 ===
=== 14 ===
=== 15 ===
=== 16 ===
=== 17 ===
=== 18 ===
=== 19 ===
=== 20 ===
=== 21 ===
--- mydetector ---
PixelHit 1431, 1502, 1.7061, 0
PixelHit 1431, 1503, 6.94126, 0
PixelHit 1432, 1502, 7.43262, 0
PixelHit 1432, 1503, 4.83965, 0
PixelHit 1433, 1501, 5.30427, 0
PixelHit 1433, 1502, 36.0622, 0
PixelHit 1434, 1500, 1.05579, 0
PixelHit 1434, 1501, 11.504, 0
PixelHit 1434, 1502, 9.69548, 0
PixelHit 1435, 1499, 2.31714, 0
PixelHit 1435, 1500, 24.0822, 0
PixelHit 1435, 1501, 90.7751, 0
PixelHit 1435, 1502, 4.53395, 0
PixelHit 1436, 1499, 1.29674, 0
PixelHit 1436, 1500, 46.7618, 0
PixelHit 1436, 1501, 85.5881, 0
PixelHit 1436, 1502, 5.99165, 0
PixelHit 1437, 1499, 5.07994, 0
PixelHit 1437, 1500, 80.5018, 0
PixelHit 1437, 1501, 22.259, 0
PixelHit 1438, 1499, 19.2592, 0
PixelHit 1438, 1500, 22.5342, 0
PixelHit 1438, 1501, 5.1615, 0
PixelHit 1439, 1498, 6.42662, 0
PixelHit 1439, 1499, 27.4271, 0
PixelHit 1439, 1500, 18.3669, 0
PixelHit 1440, 1497, 6.3476, 0
PixelHit 1440, 1498, 39.2812, 0
PixelHit 1440, 1499, 46.8104, 0
PixelHit 1440, 1500, 5.83022, 0
PixelHit 1441, 1497, 5.67579, 0
PixelHit 1441, 1498, 93.9102, 0
PixelHit 1441, 1499, 80.2641, 0
PixelHit 1441, 1500, 10.3614, 0
PixelHit 1442, 1497, 12.0711, 0
PixelHit 1442, 1498, 33.4285, 0
PixelHit 1442, 1499, 26.9487, 0
PixelHit 1442, 1500, 2.79966, 0
PixelHit 1443, 1496, 8.56725, 0
PixelHit 1443, 1497, 30.7654, 0
PixelHit 1443, 1498, 25.7527, 0
PixelHit 1443, 1499, 5.90567, 0
PixelHit 1444, 1496, 2.61019, 0
PixelHit 1444, 1497, 21.5727, 0
PixelHit 1444, 1498, 8.75207, 0
PixelHit 1444, 1499, 1.63216, 0
PixelHit 1445, 1495, 3.45594, 0
PixelHit 1445, 1496, 3.60993, 0
PixelHit 1445, 1497, 5.83578, 0
PixelHit 1446, 1495, 8.86795, 0
PixelHit 1446, 1496, 15.1992, 0
PixelHit 1446, 1497, 10.015, 0
PixelHit 1447, 1494, 7.08359, 0
PixelHit 1447, 1495, 26.8648, 0
PixelHit 1447, 1496, 18.7939, 0
PixelHit 1447, 1497, 6.76213, 0
PixelHit 1448, 1492, 0.936022, 0
PixelHit 1448, 1493, 9.38958, 0
PixelHit 1448, 1494, 63.612, 0
PixelHit 1448, 1495, 118.132, 0
PixelHit 1448, 1496, 60.16, 0
PixelHit 1448, 1497, 4.68389, 0
PixelHit 1449, 1492, 5.60162, 0
PixelHit 1449, 1493, 47.672, 0
PixelHit 1449, 1494, 260.762, 0
PixelHit 1449, 1495, 342.048, 0
PixelHit 1449, 1496, 115.018, 0
PixelHit 1449, 1497, 8.16529, 0
PixelHit 1450, 1492, 1.6184, 0
PixelHit 1450, 1493, 36.3108, 0
PixelHit 1450, 1494, 206.882, 0
PixelHit 1450, 1495, 310.948, 0
PixelHit 1450, 1496, 68.7726, 0
PixelHit 1450, 1497, 8.25405, 0
PixelHit 1451, 1492, 5.18349, 0
PixelHit 1451, 1493, 16.3519, 0
PixelHit 1451, 1494, 60.7361, 0
PixelHit 1451, 1495, 47.6642, 0
PixelHit 1451, 1496, 13.8088, 0
PixelHit 1452, 1492, 12.164, 0
PixelHit 1452, 1493, 46.9144, 0
PixelHit 1452, 1494, 45.2877, 0
PixelHit 1452, 1495, 12.109, 0
PixelHit 1452, 1496, 5.54033, 0
PixelHit 1453, 1490, 1.53392, 0
PixelHit 1453, 1492, 14.8054, 0
PixelHit 1453, 1493, 39.9604, 0
PixelHit 1453, 1494, 39.3023, 0
PixelHit 1453, 1495, 11.5059, 0
PixelHit 1453, 1496, 1.70747, 0
PixelHit 1454, 1491, 3.90958, 0
PixelHit 1454, 1492, 16.1784, 0
PixelHit 1454, 1493, 39.8476, 0
PixelHit 1454, 1494, 18.5146, 0
PixelHit 1454, 1495, 0.735443, 0
PixelHit 1454, 1496, 1.04937, 0
PixelHit 1455, 1489, 1.93155, 0
PixelHit 1455, 1491, 8.5142, 0
PixelHit 1455, 1492, 6.23349, 0
PixelHit 1455, 1493, 15.2164, 0
PixelHit 1455, 1494, 4.6284, 0
PixelHit 1456, 1490, 1.89784, 0
PixelHit 1456, 1491, 13.5641, 0
PixelHit 1456, 1492, 18.4347, 0
PixelHit 1456, 1493, 6.13433, 0
PixelHit 1456, 1494, 1.16024, 0
PixelHit 1457, 1490, 9.09745, 0
PixelHit 1457, 1491, 21.6103, 0
PixelHit 1457, 1492, 15.8683, 0
PixelHit 1457, 1493, 9.74853, 0
PixelHit 1457, 1494, 1.34589, 0
PixelHit 1458, 1489, 8.40735, 0
PixelHit 1458, 1490, 16.1232, 0
PixelHit 1458, 1491, 19.4771, 0
PixelHit 1458, 1492, 12.4132, 0
PixelHit 1458, 1493, 3.59731, 0
PixelHit 1459, 1488, 2.42636, 0
PixelHit 1459, 1489, 10.5093, 0
PixelHit 1459, 1490, 19.6664, 0
PixelHit 1459, 1491, 21.211, 0
PixelHit 1459, 1492, 10.41, 0
PixelHit 1459, 1493, 2.94865, 0
PixelHit 1460, 1489, 20.9235, 0
PixelHit 1460, 1490, 25.7886, 0
PixelHit 1460, 1491, 24.4835, 0
PixelHit 1460, 1492, 3.31054, 0
PixelHit 1461, 1486, 3.26593, 0
PixelHit 1461, 1487, 2.21626, 0
PixelHit 1461, 1488, 13.3564, 0
PixelHit 1461, 1489, 23.2485, 0
PixelHit 1461, 1490, 30.5458, 0
PixelHit 1461, 1491, 11.9369, 0
PixelHit 1461, 1492, 1.90453, 0
PixelHit 1462, 1486, 2.70991, 0
PixelHit 1462, 1487, 6.52009, 0
PixelHit 1462, 1488, 26.4176, 0
PixelHit 1462, 1489, 36.0622, 0
PixelHit 1462, 1490, 29.4225, 0
PixelHit 1462, 1491, 7.58423, 0
PixelHit 1462, 1492, 5.44046, 0
PixelHit 1463, 1486, 3.82193, 0
PixelHit 1463, 1487, 14.3398, 0
PixelHit 1463, 1488, 36.5958, 0
PixelHit 1463, 1489, 37.9549, 0
PixelHit 1463, 1490, 29.3649, 0
PixelHit 1463, 1491, 5.28922, 0
PixelHit 1464, 1486, 2.31258, 0
PixelHit 1464, 1487, 21.1596, 0
PixelHit 1464, 1488, 39.9883, 0
PixelHit 1464, 1489, 39.0228, 0
PixelHit 1464, 1490, 18.8348, 0
PixelHit 1464, 1492, 3.55603, 0
PixelHit 1465, 1486, 11.5415, 0
PixelHit 1465, 1487, 44.5048, 0
PixelHit 1465, 1488, 48.4869, 0
PixelHit 1465, 1489, 24.294, 0
PixelHit 1465, 1490, 14.0445, 0
PixelHit 1465, 1491, 3.1577, 0
PixelHit 1466, 1485, 2.56864, 0
PixelHit 1466, 1486, 11.1124, 0
PixelHit 1466, 1487, 36.4166, 0
PixelHit 1466, 1488, 30.4963, 0
PixelHit 1466, 1489, 13.6353, 0
PixelHit 1466, 1490, 7.30499, 0
PixelHit 1466, 1491, 1.01088, 0
PixelHit 1467, 1485, 2.51216, 0
PixelHit 1467, 1486, 10.1018, 0
PixelHit 1467, 1487, 29.6903, 0
PixelHit 1467, 1488, 16.9691, 0
PixelHit 1467, 1489, 11.256, 0
PixelHit 1467, 1490, 4.41704, 0
PixelHit 1468, 1485, 8.39668, 0
PixelHit 1468, 1486, 19.478, 0
PixelHit 1468, 1487, 19.7291, 0
PixelHit 1468, 1488, 6.4734, 0
PixelHit 1468, 1489, 2.83423, 0
PixelHit 1469, 1484, 2.3838, 0
PixelHit 1469, 1485, 12.1336, 0
PixelHit 1469, 1486, 23.8141, 0
PixelHit 1469, 1487, 12.9727, 0
PixelHit 1469, 1488, 7.3429, 0
PixelHit 1469, 1489, 2.55681, 0
PixelHit 1470, 1484, 4.66314, 0
PixelHit 1470, 1485, 14.8292, 0
PixelHit 1470, 1486, 13.5631, 0
PixelHit 1470, 1487, 17.9769, 0
PixelHit 1470, 1488, 4.47899, 0
PixelHit 1470, 1489, 2.42631, 0
PixelHit 1471, 1483, 3.39984, 0
PixelHit 1471, 1484, 7.28272, 0
PixelHit 1471, 1485, 9.21913, 0
PixelHit 1471, 1486, 13.7969, 0
PixelHit 1471, 1487, 7.30395, 0
PixelHit 1472, 1481, 1.81306, 0
PixelHit 1472, 1482, 3.01013, 0
PixelHit 1472, 1483, 5.54491, 0
PixelHit 1472, 1484, 16.8678, 0
PixelHit 1472, 1485, 24.8026, 0
PixelHit 1472, 1486, 14.602, 0
PixelHit 1472, 1487, 6.14727, 0
PixelHit 1472, 1488, -0.0597245, 0
PixelHit 1473, 1482, 3.38255, 0
PixelHit 1473, 1483, 13.1558, 0
PixelHit 1473, 1484, 25.9635, 0
PixelHit 1473, 1485, 24.9493, 0
PixelHit 1473, 1486, 8.69114, 0
PixelHit 1473, 1487, 2.89848, 0
PixelHit 1474, 1482, 11.39, 0
PixelHit 1474, 1483, 18.2981, 0
PixelHit 1474, 1484, 36.2187, 0
PixelHit 1474, 1485, 25.8264, 0
PixelHit 1474, 1486, 14.8632, 0
PixelHit 1474, 1487, 2.53236, 0
PixelHit 1475, 1481, 2.19744, 0
PixelHit 1475, 1482, 9.02559, 0
PixelHit 1475, 1483, 23.0168, 0
PixelHit 1475, 1484, 26.5526, 0
PixelHit 1475, 1485, 17.5971, 0
PixelHit 1475, 1486, 12.6284, 0
PixelHit 1476, 1480, 1.08133, 0
PixelHit 1476, 1481, 3.26691, 0
PixelHit 1476, 1482, 15.5938, 0
PixelHit 1476, 1483, 21.3876, 0
PixelHit 1476, 1484, 31.5073, 0
PixelHit 1476, 1485, 7.42349, 0
PixelHit 1477, 1480, 2.56613, 0
PixelHit 1477, 1481, 4.426, 0
PixelHit 1477, 1482, 19.4687, 0
PixelHit 1477, 1483, 25.0243, 0
PixelHit 1477, 1484, 11.4128, 0
PixelHit 1477, 1485, 6.05805, 0
PixelHit 1477, 1486, 1.94616, 0
PixelHit 1478, 1481, 1.6042, 0
PixelHit 1478, 1482, 5.84103, 0
PixelHit 1478, 1483, 25.1612, 0
PixelHit 1478, 1484, 10.8049, 0
PixelHit 1479, 1481, 2.83249, 0
PixelHit 1479, 1482, 6.55342, 0
PixelHit 1479, 1483, 11.3134, 0
PixelHit 1479, 1484, 1.07674, 0
PixelHit 1480, 1483, 7.31878, 0
PixelHit 1481, 1482, 3.0315, 0
=== 22 ===
=== 23 ===
=== 24 ===
=== 25 ===
=== 26 ===
=== 27 ===
=== 28 ===
=== 29 ===
=== 30 ===
=== 31 ===
=== 32 ===
=== 33 ===
=== 34 ===
=== 35 ===
=== 36 ===
=== 37 ===
=== 38 ===
=== 39 ===
=== 40 ===
=== 41 ===
=== 42 ===
=== 43 ===
=== 44 ===
=== 45 ===
=== 46 ===
=== 47 ===
=== 48 ===
=== 49 ===
=== 50 ===
=== 51 ===
=== 52 ===
=== 53 ===
=== 54 ===
=== 55 ===
=== 56 ===
=== 57 ===
=== 58 ===
=== 59 ===
=== 60 ===
=== 61 ===
=== 62 ===
=== 63 ===
=== 64 ===
=== 65 ===
=== 66 ===
=== 67 ===
=== 68 ===
=== 69 ===
=== 70 ===
=== 71 ===
=== 72 ===
=== 73 ===
=== 74 ===
=== 75 ===
=== 76 ===
=== 77 ===
=== 78 ===
=== 79 ===
=== 80 ===
=== 81 ===
=== 82 ===
=== 83 ===
=== 84 ===
=== 85 ===
=== 86 ===
=== 87 ===
=== 88 ===
=== 89 ===
=== 90 ===
=== 91 ===
=== 92 ===
=== 93 ===
=== 94 ===
=== 95 ===
=== 96 ===
=== 97 ===
=== 98 ===
=== 99 ===
=== 100 ===
# 242 objects from 1 messages
