# Allpix Squared ASCII data - https://cern.ch/allpix-squared

=== 1 ===
=== 2 ===
=== 3 ===
=== 4 ===
=== 5 ===
=== 6 ===
=== 7 ===
=== 8 ===
=== 9 ===
--- mydetector ---
PixelHit 1138, 1045, 0.43437, 0
PixelHit 1138, 1047, 17.9862, 0
PixelHit 1138, 1048, 1.06483, 0
PixelHit 1139, 1045, 10.8496, 0
PixelHit 1139, 1046, 15.9093, 0
PixelHit 1139, 1047, 13.0711, 0
PixelHit 1140, 1044, 11.1724, 0
PixelHit 1140, 1045, 77.5238, 0
PixelHit 1140, 1046, 36.9709, 0
PixelHit 1140, 1047, 1.83624, 0
PixelHit 1141, 1041, 1.79592, 0
PixelHit 1141, 1042, 3.86552, 0
PixelHit 1141, 1043, 10.4034, 0
PixelHit 1141, 1044, 50.3595, 0
PixelHit 1141, 1045, 33.8692, 0
PixelHit 1141, 1046, 3.21, 0
PixelHit 1142, 1040, 2.19253, 0
PixelHit 1142, 1041, 5.72161, 0
PixelHit 1142, 1042, 57.9622, 0
PixelHit 1142, 1043, 37.0033, 0
PixelHit 1142, 1044, 16.4308, 0
PixelHit 1142, 1045, 3.02421, 0
PixelHit 1143, 1040, 6.12544, 0
PixelHit 1143, 1041, 11.2555, 0
PixelHit 1143, 1042, 66.7633, 0
PixelHit 1143, 1043, 45.5164, 0
PixelHit 1144, 1036, -0.195549, 0
PixelHit 1144, 1037, 1.69315, 0
PixelHit 1144, 1038, 4.43129, 0
PixelHit 1144, 1039, 16.7645, 0
PixelHit 1144, 1040, 31.8985, 0
PixelHit 1144, 1041, 24.8524, 0
PixelHit 1144, 1042, 8.1577, 0
PixelHit 1144, 1043, 5.62176, 0
PixelHit 1144, 1044, 1.74053, 0
PixelHit 1145, 1036, 3.38687, 0
PixelHit 1145, 1037, 10.4711, 0
PixelHit 1145, 1038, 30.8368, 0
PixelHit 1145, 1039, 53.8891, 0
PixelHit 1145, 1040, 45.3693, 0
PixelHit 1145, 1041, 18.4765, 0
PixelHit 1145, 1042, 3.41358, 0
PixelHit 1146, 1035, 6.20935, 0
PixelHit 1146, 1036, 16.0885, 0
PixelHit 1146, 1037, 39.1312, 0
PixelHit 1146, 1038, 63.5604, 0
PixelHit 1146, 1039, 53.752, 0
PixelHit 1146, 1040, 25.9751, 0
PixelHit 1146, 1041, 2.30997, 0
PixelHit 1147, 1033, 2.83291, 0
PixelHit 1147, 1034, 11.7688, 0
PixelHit 1147, 1035, 17.9801, 0
PixelHit 1147, 1036, 52.1896, 0
PixelHit 1147, 1037, 73.3475, 0
PixelHit 1147, 1038, 72.8253, 0
PixelHit 1147, 1039, 30.4412, 0
PixelHit 1147, 1040, 5.5782, 0
PixelHit 1148, 1031, 1.70986, 0
PixelHit 1148, 1033, 17.7148, 0
PixelHit 1148, 1034, 60.6201, 0
PixelHit 1148, 1035, 72.6143, 0
PixelHit 1148, 1036, 92.2803, 0
PixelHit 1148, 1037, 59.7095, 0
PixelHit 1148, 1038, 26.2892, 0
PixelHit 1148, 1039, 12.5184, 0
PixelHit 1148, 1040, 1.99928, 0
PixelHit 1149, 1031, 2.72056, 0
PixelHit 1149, 1032, 14.519, 0
PixelHit 1149, 1033, 70.7522, 0
PixelHit 1149, 1034, 192.418, 0
PixelHit 1149, 1035, 151.71, 0
PixelHit 1149, 1036, 86.6905, 0
PixelHit 1149, 1037, 21.3995, 0
PixelHit 1149, 1039, 0.778894, 0
PixelHit 1150, 1031, 6.2914, 0
PixelHit 1150, 1032, 8.50615, 0
PixelHit 1150, 1033, 86.9025, 0
PixelHit 1150, 1034, 153.189, 0
PixelHit 1150, 1035, 139.66, 0
PixelHit 1150, 1036, 52.2068, 0
PixelHit 1150, 1037, 11.9646, 0
PixelHit 1150, 1038, 4.67065, 0
PixelHit 1151, 1029, 1.02931, 0
PixelHit 1151, 1030, 9.124, 0
PixelHit 1151, 1031, 17.4239, 0
PixelHit 1151, 1032, 19.2879, 0
PixelHit 1151, 1033, 38.5647, 0
PixelHit 1151, 1034, 63.2377, 0
PixelHit 1151, 1035, 71.5695, 0
PixelHit 1151, 1036, 14.0345, 0
PixelHit 1151, 1037, 2.94525, 0
PixelHit 1152, 1028, 3.63974, 0
PixelHit 1152, 1029, 12.8709, 0
PixelHit 1152, 1030, 18.5282, 0
PixelHit 1152, 1031, 25.4057, 0
PixelHit 1152, 1032, 18.094, 0
PixelHit 1152, 1033, 26.5673, 0
PixelHit 1152, 1034, 20.8276, 0
PixelHit 1152, 1035, 9.87417, 0
PixelHit 1152, 1036, 1.87929, 0
PixelHit 1153, 1025, 1.98668, 0
PixelHit 1153, 1026, 2.69481, 0
PixelHit 1153, 1027, 2.79939, 0
PixelHit 1153, 1028, 9.66825, 0
PixelHit 1153, 1029, 31.3312, 0
PixelHit 1153, 1030, 36.7439, 0
PixelHit 1153, 1031, 31.7792, 0
PixelHit 1153, 1032, 21.6722, 0
PixelHit 1153, 1033, 5.59685, 0
PixelHit 1153, 1034, 3.03984, 0
PixelHit 1154, 1025, 1.9676, 0
PixelHit 1154, 1026, 3.58827, 0
PixelHit 1154, 1027, 14.6845, 0
PixelHit 1154, 1028, 20.8085, 0
PixelHit 1154, 1029, 30.4649, 0
PixelHit 1154, 1030, 31.0697, 0
PixelHit 1154, 1031, 29.2536, 0
PixelHit 1154, 1032, 14.3745, 0
PixelHit 1154, 1033, 3.49732, 0
PixelHit 1155, 1024, 0.736151, 0
PixelHit 1155, 1025, 1.03187, 0
PixelHit 1155, 1026, 5.89929, 0
PixelHit 1155, 1027, 25.8019, 0
PixelHit 1155, 1028, 30.0613, 0
PixelHit 1155, 1029, 17.0369, 0
PixelHit 1155, 1030, 17.6396, 0
PixelHit 1155, 1031, 12.5643, 0
PixelHit 1155, 1032, 2.82479, 0
PixelHit 1155, 1034, 0.993978, 0
PixelHit 1156, 1025, 2.4953, 0
PixelHit 1156, 1026, 17.166, 0
PixelHit 1156, 1027, 24.7175, 0
PixelHit 1156, 1028, 24.9355, 0
PixelHit 1156, 1029, 16.0587, 0
PixelHit 1156, 1030, 12.6665, 0
PixelHit 1156, 1031, 3.30234, 0
PixelHit 1157, 1025, 5.02064, 0
PixelHit 1157, 1026, 18.728, 0
PixelHit 1157, 1027, 18.5532, 0
PixelHit 1157, 1028, 17.3985, 0
PixelHit 1157, 1029, 8.63657, 0
PixelHit 1157, 1030, 4.29867, 0
PixelHit 1157, 1033, 2.31639, 0
PixelHit 1158, 1025, 2.17688, 0
PixelHit 1158, 1026, 4.75034, 0
PixelHit 1158, 1027, 7.77314, 0
PixelHit 1158, 1028, 1.30862, 0
PixelHit 1158, 1029, 3.70689, 0
PixelHit 1158, 1032, 0.582441, 0
PixelHit 1159, 1026, 2.66743, 0
PixelHit 1159, 1027, 3.40904, 0
=== 10 ===
=== 11 ===
=== 12 ===
=== 13 ===
=== 14 ===
=== 15 ===
=== 16 ===
=== 17 ===
=== 18 ===
=== 19 ===
=== 20 ===
=== 21 ===
=== 22 ===
=== 23 ===
=== 24 ===
=== 25 ===
=== 26 ===
=== 27 ===
=== 28 ===
=== 29 ===
=== 30 ===
=== 31 ===
=== 32 ===
=== 33 ===
=== 34 ===
=== 35 ===
=== 36 ===
=== 37 ===
=== 38 ===
--- mydetector ---
PixelHit 1102, 1542, 14.6915, 0
PixelHit 1102, 1543, 3.15764, 0
PixelHit 1103, 1541, 52.7448, 0
PixelHit 1103, 1542, 153.842, 0
PixelHit 1103, 1543, 12.7991, 0
PixelHit 1104, 1536, 0.986939, 0
PixelHit 1104, 1538, 3.76025, 0
PixelHit 1104, 1539, 5.71489, 0
PixelHit 1104, 1540, 39.2126, 0
PixelHit 1104, 1541, 47.6138, 0
PixelHit 1104, 1542, 23.6789, 0
PixelHit 1105, 1536, 1.36118, 0
PixelHit 1105, 1537, 7.7475, 0
PixelHit 1105, 1538, 31.4908, 0
PixelHit 1105, 1539, 28.0512, 0
PixelHit 1105, 1540, 12.3224, 0
PixelHit 1105, 1541, 1.40902, 0
PixelHit 1106, 1535, 1.09851, 0
PixelHit 1106, 1536, 47.4752, 0
PixelHit 1106, 1537, 41.5342, 0
PixelHit 1106, 1538, 62.7022, 0
PixelHit 1106, 1539, 19.8343, 0
PixelHit 1107, 1534, 5.27163, 0
PixelHit 1107, 1535, 57.4728, 0
PixelHit 1107, 1536, 138.066, 0
PixelHit 1107, 1537, 121.685, 0
PixelHit 1107, 1538, 31.2325, 0
PixelHit 1107, 1539, 2.49673, 0
PixelHit 1108, 1532, 2.48104, 0
PixelHit 1108, 1533, 7.42359, 0
PixelHit 1108, 1534, 16.4922, 0
PixelHit 1108, 1535, 34.0868, 0
PixelHit 1108, 1536, 65.4938, 0
PixelHit 1108, 1537, 41.6627, 0
PixelHit 1108, 1538, 9.56354, 0
PixelHit 1108, 1539, 2.16843, 0
PixelHit 1109, 1531, 5.62453, 0
PixelHit 1109, 1532, 15.0049, 0
PixelHit 1109, 1533, 18.4594, 0
PixelHit 1109, 1534, 13.7852, 0
PixelHit 1109, 1535, 18.6179, 0
PixelHit 1109, 1536, 8.02025, 0
PixelHit 1109, 1537, 2.56782, 0
PixelHit 1110, 1529, 4.28971, 0
PixelHit 1110, 1530, 10.7993, 0
PixelHit 1110, 1531, 17.6028, 0
PixelHit 1110, 1532, 22.6588, 0
PixelHit 1110, 1533, 22.6759, 0
PixelHit 1110, 1534, 7.59587, 0
PixelHit 1110, 1535, 6.51335, 0
PixelHit 1111, 1527, 2.79844, 0
PixelHit 1111, 1528, 12.4632, 0
PixelHit 1111, 1529, 40.3858, 0
PixelHit 1111, 1530, 44.4887, 0
PixelHit 1111, 1531, 48.8273, 0
PixelHit 1111, 1532, 13.6118, 0
PixelHit 1111, 1533, 10.6522, 0
PixelHit 1111, 1534, 3.84157, 0
PixelHit 1112, 1527, 9.4179, 0
PixelHit 1112, 1528, 22.6293, 0
PixelHit 1112, 1529, 45.9473, 0
PixelHit 1112, 1530, 67.5784, 0
PixelHit 1112, 1531, 40.7205, 0
PixelHit 1112, 1532, 6.85112, 0
PixelHit 1113, 1521, 0.970209, 0
PixelHit 1113, 1526, 9.37116, 0
PixelHit 1113, 1527, 18.5209, 0
PixelHit 1113, 1528, 36.9492, 0
PixelHit 1113, 1529, 31.0389, 0
PixelHit 1113, 1530, 39.1566, 0
PixelHit 1113, 1531, 11.91, 0
PixelHit 1113, 1532, 5.23735, 0
PixelHit 1113, 1533, 2.48386, 0
PixelHit 1114, 1523, 10.0364, 0
PixelHit 1114, 1524, 13.3087, 0
PixelHit 1114, 1525, 15.453, 0
PixelHit 1114, 1526, 17.3705, 0
PixelHit 1114, 1527, 11.1957, 0
PixelHit 1114, 1528, 13.5065, 0
PixelHit 1114, 1529, 17.8098, 0
PixelHit 1114, 1530, 3.45295, 0
PixelHit 1114, 1531, 3.7921, 0
PixelHit 1115, 1521, 3.3403, 0
PixelHit 1115, 1522, 7.53768, 0
PixelHit 1115, 1523, 14.2211, 0
PixelHit 1115, 1524, 27.3345, 0
PixelHit 1115, 1525, 43.5891, 0
PixelHit 1115, 1526, 25.6852, 0
PixelHit 1115, 1527, 9.91025, 0
PixelHit 1115, 1528, 7.76758, 0
PixelHit 1115, 1530, 1.67904, 0
PixelHit 1116, 1520, 4.3442, 0
PixelHit 1116, 1521, 2.99801, 0
PixelHit 1116, 1522, 18.8468, 0
PixelHit 1116, 1523, 37.7475, 0
PixelHit 1116, 1524, 48.3633, 0
PixelHit 1116, 1525, 44.6773, 0
PixelHit 1116, 1526, 16.9452, 0
PixelHit 1116, 1527, 4.67274, 0
PixelHit 1116, 1528, 0.0868706, 0
PixelHit 1117, 1518, 2.96829, 0
PixelHit 1117, 1520, 2.46041, 0
PixelHit 1117, 1521, 18.2186, 0
PixelHit 1117, 1522, 25.5876, 0
PixelHit 1117, 1523, 37.9055, 0
PixelHit 1117, 1524, 32.7694, 0
PixelHit 1117, 1525, 24.0651, 0
PixelHit 1117, 1526, 8.74719, 0
PixelHit 1118, 1518, 4.98033, 0
PixelHit 1118, 1519, 4.28251, 0
PixelHit 1118, 1520, 12.1977, 0
PixelHit 1118, 1521, 11.2862, 0
PixelHit 1118, 1522, 18.6799, 0
PixelHit 1118, 1523, 20.746, 0
PixelHit 1118, 1524, 8.98652, 0
PixelHit 1118, 1525, 8.0186, 0
PixelHit 1118, 1526, 4.13143, 0
PixelHit 1119, 1517, 2.99353, 0
PixelHit 1119, 1518, 6.22254, 0
PixelHit 1119, 1519, 9.62577, 0
PixelHit 1119, 1520, 15.854, 0
PixelHit 1119, 1521, 6.60876, 0
PixelHit 1119, 1522, 9.07462, 0
PixelHit 1119, 1523, 9.0501, 0
PixelHit 1119, 1526, 1.62989, 0
PixelHit 1120, 1517, 2.02515, 0
PixelHit 1120, 1518, 4.61441, 0
PixelHit 1120, 1519, 9.70218, 0
PixelHit 1120, 1520, 16.9363, 0
PixelHit 1120, 1521, 4.58374, 0
PixelHit 1120, 1522, 1.2245, 0
PixelHit 1120, 1523, 3.77499, 0
PixelHit 1121, 1518, 2.93895, 0
PixelHit 1121, 1519, 6.0761, 0
PixelHit 1122, 1519, 5.4409, 0
PixelHit 1122, 1521, 4.23177, 0
PixelHit 1123, 1518, 2.1032, 0
PixelHit 1123, 1522, 1.11127, 0
=== 39 ===
=== 40 ===
=== 41 ===
=== 42 ===
=== 43 ===
=== 44 ===
=== 45 ===
=== 46 ===
=== 47 ===
=== 48 ===
=== 49 ===
=== 50 ===
=== 51 ===
=== 52 ===
=== 53 ===
=== 54 ===
=== 55 ===
=== 56 ===
=== 57 ===
=== 58 ===
=== 59 ===
=== 60 ===
=== 61 ===
=== 62 ===
=== 63 ===
=== 64 ===
=== 65 ===
=== 66 ===
=== 67 ===
=== 68 ===
=== 69 ===
=== 70 ===
=== 71 ===
=== 72 ===
=== 73 ===
=== 74 ===
=== 75 ===
=== 76 ===
=== 77 ===
--- mydetector ---
PixelHit 596, 985, 2.16771, 0
PixelHit 597, 985, 31.5354, 0
PixelHit 597, 986, 39.2618, 0
PixelHit 598, 983, 2.72196, 0
PixelHit 598, 984, 31.4704, 0
PixelHit 598, 985, 32.8183, 0
PixelHit 598, 986, 1.69778, 0
PixelHit 599, 979, 1.74591, 0
PixelHit 599, 982, 5.22406, 0
PixelHit 599, 983, 13.658, 0
PixelHit 599, 984, 10.597, 0
PixelHit 600, 979, 2.3572, 0
PixelHit 600, 980, 3.79844, 0
PixelHit 600, 981, 18.6508, 0
PixelHit 600, 982, 30.3469, 0
PixelHit 600, 983, 22.4008, 0
PixelHit 600, 984, 1.78188, 0
PixelHit 601, 978, 4.30658, 0
PixelHit 601, 979, 17.6583, 0
PixelHit 601, 980, 35.2718, 0
PixelHit 601, 981, 39.9455, 0
PixelHit 601, 982, 32.1204, 0
PixelHit 601, 983, 2.49084, 0
PixelHit 601, 984, 2.279, 0
PixelHit 602, 978, 3.29584, 0
PixelHit 602, 979, 38.2231, 0
PixelHit 602, 980, 103.632, 0
PixelHit 602, 981, 41.8188, 0
PixelHit 602, 982, 6.38784, 0
PixelHit 603, 975, 4.36646, 0
PixelHit 603, 976, 8.71453, 0
PixelHit 603, 977, 19.6595, 0
PixelHit 603, 978, 19.2533, 0
PixelHit 603, 979, 31.3953, 0
PixelHit 603, 980, 55.3434, 0
PixelHit 603, 981, 20.5567, 0
PixelHit 603, 982, 3.44734, 0
PixelHit 604, 974, 10.9742, 0
PixelHit 604, 975, 32.6194, 0
PixelHit 604, 976, 71.7583, 0
PixelHit 604, 977, 59.8561, 0
PixelHit 604, 978, 41.0723, 0
PixelHit 604, 979, 19.8477, 0
PixelHit 604, 980, 9.37083, 0
PixelHit 605, 972, 1.79085, 0
PixelHit 605, 973, 5.05756, 0
PixelHit 605, 974, 33.9491, 0
PixelHit 605, 975, 148.848, 0
PixelHit 605, 976, 231.857, 0
PixelHit 605, 977, 135.191, 0
PixelHit 605, 978, 49.9905, 0
PixelHit 605, 979, 14.6348, 0
PixelHit 606, 973, 4.58846, 0
PixelHit 606, 974, 40.138, 0
PixelHit 606, 975, 147.888, 0
PixelHit 606, 976, 279.507, 0
PixelHit 606, 977, 158.489, 0
PixelHit 606, 978, 34.075, 0
PixelHit 606, 979, 1.83756, 0
PixelHit 607, 971, 1.0167, 0
PixelHit 607, 972, 3.42095, 0
PixelHit 607, 973, 15.6257, 0
PixelHit 607, 974, 31.7143, 0
PixelHit 607, 975, 89.9154, 0
PixelHit 607, 976, 89.8381, 0
PixelHit 607, 977, 48.7626, 0
PixelHit 607, 978, 6.58545, 0
PixelHit 607, 979, 0.73645, 0
PixelHit 608, 969, 2.41382, 0
PixelHit 608, 970, 4.13557, 0
PixelHit 608, 971, 11.1681, 0
PixelHit 608, 972, 10.2788, 0
PixelHit 608, 973, 14.3807, 0
PixelHit 608, 974, 18.9973, 0
PixelHit 608, 975, 28.8866, 0
PixelHit 608, 976, 14.4141, 0
PixelHit 608, 977, 3.40678, 0
PixelHit 608, 978, 1.38676, 0
PixelHit 609, 968, 1.5949, 0
PixelHit 609, 969, 5.06414, 0
PixelHit 609, 970, 11.0533, 0
PixelHit 609, 971, 12.7894, 0
PixelHit 609, 972, 18.2562, 0
PixelHit 609, 973, 22.3179, 0
PixelHit 609, 974, 9.36839, 0
PixelHit 609, 975, 4.16352, 0
PixelHit 609, 976, 2.34078, 0
PixelHit 610, 969, 16.4153, 0
PixelHit 610, 970, 19.3632, 0
PixelHit 610, 971, 27.5228, 0
PixelHit 610, 972, 32.0359, 0
PixelHit 610, 973, 17.2673, 0
PixelHit 610, 974, 1.66463, 0
PixelHit 611, 967, 4.54348, 0
PixelHit 611, 968, 4.58261, 0
PixelHit 611, 969, 12.24, 0
PixelHit 611, 970, 19.301, 0
PixelHit 611, 971, 20.8571, 0
PixelHit 611, 972, 15.1109, 0
PixelHit 611, 973, 5.13028, 0
PixelHit 611, 975, 2.80472, 0
PixelHit 612, 967, 1.45549, 0
PixelHit 612, 968, 2.99918, 0
PixelHit 612, 969, 15.3985, 0
PixelHit 612, 970, 13.0283, 0
PixelHit 612, 971, 12.6394, 0
PixelHit 612, 972, 6.45339, 0
PixelHit 613, 967, 5.82703, 0
PixelHit 613, 968, 3.74738, 0
PixelHit 613, 969, 14.0322, 0
PixelHit 613, 970, 9.65888, 0
PixelHit 614, 968, 4.49908, 0
PixelHit 614, 969, 3.53599, 0
PixelHit 614, 970, 2.58044, 0
PixelHit 615, 969, 1.89878, 0
PixelHit 615, 970, 1.98838, 0
PixelHit 616, 969, 1.12931, 0
PixelHit 1485, 1233, 21.4892, 0
PixelHit 1485, 1234, 21.5306, 0
PixelHit 1486, 1232, 9.07868, 0
PixelHit 1486, 1233, 415.463, 0
PixelHit 1486, 1234, 155.588, 0
PixelHit 1487, 1228, 1.5503, 0
PixelHit 1487, 1230, 4.96436, 0
PixelHit 1487, 1231, 30.3429, 0
PixelHit 1487, 1232, 23.4349, 0
PixelHit 1487, 1233, 21.479, 0
PixelHit 1487, 1234, 6.40343, 0
PixelHit 1488, 1228, 3.67299, 0
PixelHit 1488, 1229, 24.146, 0
PixelHit 1488, 1230, 32.8497, 0
PixelHit 1488, 1231, 43.0674, 0
PixelHit 1488, 1232, 14.7192, 0
PixelHit 1489, 1227, 10.1843, 0
PixelHit 1489, 1228, 25.1559, 0
PixelHit 1489, 1229, 78.6369, 0
PixelHit 1489, 1230, 56.9206, 0
PixelHit 1489, 1231, 5.6246, 0
PixelHit 1490, 1225, 1.99609, 0
PixelHit 1490, 1226, 2.15311, 0
PixelHit 1490, 1227, 17.0531, 0
PixelHit 1490, 1228, 32.0292, 0
PixelHit 1490, 1229, 36.2515, 0
PixelHit 1490, 1230, 11.0039, 0
PixelHit 1490, 1231, 0.301976, 0
PixelHit 1491, 1223, 2.28386, 0
PixelHit 1491, 1224, 10.2367, 0
PixelHit 1491, 1225, 11.893, 0
PixelHit 1491, 1226, 14.6365, 0
PixelHit 1491, 1227, 21.0264, 0
PixelHit 1491, 1228, 18.1328, 0
PixelHit 1491, 1229, 5.18264, 0
PixelHit 1492, 1221, 1.42063, 0
PixelHit 1492, 1223, 8.67518, 0
PixelHit 1492, 1224, 27.5067, 0
PixelHit 1492, 1225, 47.3295, 0
PixelHit 1492, 1226, 24.3724, 0
PixelHit 1492, 1227, 4.90016, 0
PixelHit 1492, 1228, 4.45039, 0
PixelHit 1493, 1221, 2.61065, 0
PixelHit 1493, 1222, 13.8259, 0
PixelHit 1493, 1223, 22.0379, 0
PixelHit 1493, 1224, 32.6398, 0
PixelHit 1493, 1225, 39.4654, 0
PixelHit 1493, 1226, 16.2191, 0
PixelHit 1494, 1220, 17.8906, 0
PixelHit 1494, 1221, 21.3433, 0
PixelHit 1494, 1222, 32.8363, 0
PixelHit 1494, 1223, 27.6406, 0
PixelHit 1494, 1224, 8.9938, 0
PixelHit 1494, 1225, 5.23729, 0
PixelHit 1494, 1226, 3.412, 0
PixelHit 1495, 1217, 1.69366, 0
PixelHit 1495, 1218, 4.20997, 0
PixelHit 1495, 1219, 14.9376, 0
PixelHit 1495, 1220, 38.1446, 0
PixelHit 1495, 1221, 42.1225, 0
PixelHit 1495, 1222, 33.0016, 0
PixelHit 1495, 1223, 15.2892, 0
PixelHit 1495, 1224, 3.91839, 0
PixelHit 1496, 1215, 2.81731, 0
PixelHit 1496, 1217, 5.7918, 0
PixelHit 1496, 1218, 16.0395, 0
PixelHit 1496, 1219, 33.7464, 0
PixelHit 1496, 1220, 51.0836, 0
PixelHit 1496, 1221, 49.2301, 0
PixelHit 1496, 1222, 21.6329, 0
PixelHit 1496, 1223, 6.85966, 0
PixelHit 1496, 1224, 5.49682, 0
PixelHit 1497, 1215, 5.38623, 0
PixelHit 1497, 1216, 9.2875, 0
PixelHit 1497, 1217, 11.6656, 0
PixelHit 1497, 1218, 28.3703, 0
PixelHit 1497, 1219, 34.7228, 0
PixelHit 1497, 1220, 27.1732, 0
PixelHit 1497, 1221, 18.9062, 0
PixelHit 1497, 1222, 12.7092, 0
PixelHit 1497, 1223, 3.53447, 0
PixelHit 1498, 1213, 3.80129, 0
PixelHit 1498, 1214, 5.02301, 0
PixelHit 1498, 1215, 19.39, 0
PixelHit 1498, 1216, 10.3742, 0
PixelHit 1498, 1217, 28.7256, 0
PixelHit 1498, 1218, 15.4778, 0
PixelHit 1498, 1219, 19.1151, 0
PixelHit 1498, 1220, 6.65271, 0
PixelHit 1498, 1221, 3.22356, 0
PixelHit 1498, 1222, 1.56947, 0
PixelHit 1499, 1210, 1.91835, 0
PixelHit 1499, 1212, 3.85842, 0
PixelHit 1499, 1213, 9.94919, 0
PixelHit 1499, 1214, 18.2239, 0
PixelHit 1499, 1215, 37.2105, 0
PixelHit 1499, 1216, 29.3064, 0
PixelHit 1499, 1217, 16.8795, 0
PixelHit 1499, 1218, 11.9192, 0
PixelHit 1499, 1219, 7.12177, 0
PixelHit 1499, 1220, 2.48741, 0
PixelHit 1499, 1221, 0.129313, 0
PixelHit 1500, 1211, 3.44481, 0
PixelHit 1500, 1212, 7.40168, 0
PixelHit 1500, 1213, 21.5503, 0
PixelHit 1500, 1214, 26.5541, 0
PixelHit 1500, 1215, 35.1722, 0
PixelHit 1500, 1216, 27.6067, 0
PixelHit 1500, 1217, 6.25324, 0
PixelHit 1500, 1218, 4.11284, 0
PixelHit 1500, 1219, 1.58881, 0
PixelHit 1501, 1210, 7.01389, 0
PixelHit 1501, 1211, 9.86101, 0
PixelHit 1501, 1212, 19.9163, 0
PixelHit 1501, 1213, 23.5674, 0
PixelHit 1501, 1214, 24.3153, 0
PixelHit 1501, 1215, 28.4855, 0
PixelHit 1501, 1216, 11.5095, 0
PixelHit 1502, 1209, 1.78342, 0
PixelHit 1502, 1210, 9.85112, 0
PixelHit 1502, 1211, 8.60398, 0
PixelHit 1502, 1212, 21.872, 0
PixelHit 1502, 1213, 19.3292, 0
PixelHit 1502, 1214, 4.24995, 0
PixelHit 1502, 1215, 5.79013, 0
PixelHit 1502, 1216, 3.03075, 0
PixelHit 1503, 1210, 2.24129, 0
PixelHit 1503, 1211, 13.721, 0
PixelHit 1503, 1212, 7.86469, 0
PixelHit 1503, 1213, 5.00022, 0
PixelHit 1503, 1214, 2.37181, 0
PixelHit 1503, 1215, 3.30779, 0
PixelHit 1504, 1209, 3.08895, 0
PixelHit 1504, 1211, 3.41453, 0
PixelHit 1504, 1212, 4.6545, 0
PixelHit 1504, 1213, 4.31306, 0
PixelHit 1504, 1214, 2.27648, 0
PixelHit 1505, 1211, 1.36236, 0
PixelHit 1505, 1213, 2.32193, 0
=== 78 ===
=== 79 ===
=== 80 ===
=== 81 ===
=== 82 ===
=== 83 ===
=== 84 ===
=== 85 ===
=== 86 ===
=== 87 ===
=== 88 ===
=== 89 ===
=== 90 ===
=== 91 ===
=== 92 ===
=== 93 ===
=== 94 ===
=== 95 ===
=== 96 ===
=== 97 ===
=== 98 ===
=== 99 ===
=== 100 ===
# 545 objects from 3 messages
