# Allpix Squared ASCII data - https://cern.ch/allpix-squared

=== 1 ===
--- mydetector ---
PixelHit 1938, 1351, 12.8027, 0
PixelHit 1938, 1352, 4.31633, 0
PixelHit 1939, 1349, 9.59361, 0
PixelHit 1939, 1350, 119.737, 0
PixelHit 1939, 1351, 71.7247, 0
PixelHit 1939, 1352, 5.18296, 0
PixelHit 1940, 1346, 2.54458, 0
PixelHit 1940, 1347, 5.44475, 0
PixelHit 1940, 1348, 9.59028, 0
PixelHit 1940, 1349, 50.5221, 0
PixelHit 1940, 1350, 56.7497, 0
PixelHit 1940, 1351, 11.5124, 0
PixelHit 1940, 1352, -0.0728823, 0
PixelHit 1941, 1345, 4.47497, 0
PixelHit 1941, 1346, 54.8507, 0
PixelHit 1941, 1347, 143.042, 0
PixelHit 1941, 1348, 27.3938, 0
PixelHit 1941, 1349, 6.66757, 0
PixelHit 1941, 1350, 2.14375, 0
PixelHit 1942, 1341, 1.48881, 0
PixelHit 1942, 1342, 1.51689, 0
PixelHit 1942, 1343, 2.95226, 0
PixelHit 1942, 1344, 5.14076, 0
PixelHit 1942, 1345, 48.8631, 0
PixelHit 1942, 1346, 78.4658, 0
PixelHit 1942, 1347, 125.532, 0
PixelHit 1942, 1348, 7.57478, 0
PixelHit 1943, 1342, 17.244, 0
PixelHit 1943, 1343, 74.3876, 0
PixelHit 1943, 1344, 57.9916, 0
PixelHit 1943, 1345, 21.1451, 0
PixelHit 1943, 1346, 10.0967, 0
PixelHit 1944, 1340, 4.40334, 0
PixelHit 1944, 1341, 18.9881, 0
PixelHit 1944, 1342, 67.9786, 0
PixelHit 1944, 1343, 168.838, 0
PixelHit 1944, 1344, 73.2683, 0
PixelHit 1944, 1345, 5.89794, 0
PixelHit 1945, 1337, 3.44835, 0
PixelHit 1945, 1338, 6.26971, 0
PixelHit 1945, 1339, 10.4784, 0
PixelHit 1945, 1340, 19.3912, 0
PixelHit 1945, 1341, 30.6071, 0
PixelHit 1945, 1342, 24.3794, 0
PixelHit 1945, 1343, 30.2228, 0
PixelHit 1945, 1344, 6.53383, 0
PixelHit 1946, 1336, 4.96026, 0
PixelHit 1946, 1337, 5.32715, 0
PixelHit 1946, 1338, 18.8615, 0
PixelHit 1946, 1339, 19.2347, 0
PixelHit 1946, 1340, 10.8404, 0
PixelHit 1946, 1341, 18.6921, 0
PixelHit 1946, 1342, 2.06644, 0
PixelHit 1946, 1343, 1.90146, 0
PixelHit 1947, 1335, 9.52021, 0
PixelHit 1947, 1336, 14.791, 0
PixelHit 1947, 1337, 20.0963, 0
PixelHit 1947, 1338, 30.9329, 0
PixelHit 1947, 1339, 8.7753, 0
PixelHit 1947, 1340, 7.8763, 0
PixelHit 1948, 1333, 5.32367, 0
PixelHit 1948, 1334, 14.6185, 0
PixelHit 1948, 1335, 28.9399, 0
PixelHit 1948, 1336, 31.9456, 0
PixelHit 1948, 1337, 17.6391, 0
PixelHit 1948, 1338, 9.48517, 0
PixelHit 1948, 1339, 3.98932, 0
PixelHit 1948, 1340, 2.01599, 0
PixelHit 1949, 1330, 2.29776, 0
PixelHit 1949, 1331, 9.8703, 0
PixelHit 1949, 1332, 17.849, 0
PixelHit 1949, 1333, 61.4782, 0
PixelHit 1949, 1334, 69.4369, 0
PixelHit 1949, 1335, 34.101, 0
PixelHit 1949, 1336, 19.8452, 0
PixelHit 1949, 1337, 3.68486, 0
PixelHit 1949, 1339, 2.50583, 0
PixelHit 1950, 1329, 5.23138, 0
PixelHit 1950, 1330, 4.52072, 0
PixelHit 1950, 1331, 12.1629, 0
PixelHit 1950, 1332, 24.2693, 0
PixelHit 1950, 1333, 71.1708, 0
PixelHit 1950, 1334, 50.0782, 0
PixelHit 1950, 1335, 16.6156, 0
PixelHit 1950, 1337, 1.78383, 0
PixelHit 1951, 1324, 0.0886596, 0
PixelHit 1951, 1329, 20.744, 0
PixelHit 1951, 1330, 22.2326, 0
PixelHit 1951, 1331, 27.1328, 0
PixelHit 1951, 1332, 31.5253, 0
PixelHit 1951, 1333, 24.5459, 0
PixelHit 1951, 1334, 14.3883, 0
PixelHit 1951, 1335, 2.88605, 0
PixelHit 1952, 1324, 6.56342, 0
PixelHit 1952, 1325, 3.47607, 0
PixelHit 1952, 1326, 8.39059, 0
PixelHit 1952, 1327, 9.50399, 0
PixelHit 1952, 1328, 16.016, 0
PixelHit 1952, 1329, 17.3044, 0
PixelHit 1952, 1330, 26.3192, 0
PixelHit 1952, 1331, 18.8854, 0
PixelHit 1952, 1332, 5.07032, 0
PixelHit 1953, 1322, 3.71244, 0
PixelHit 1953, 1323, 12.9913, 0
PixelHit 1953, 1324, 26.0598, 0
PixelHit 1953, 1325, 23.8645, 0
PixelHit 1953, 1326, 30.3462, 0
PixelHit 1953, 1327, 31.5501, 0
PixelHit 1953, 1328, 17.144, 0
PixelHit 1953, 1329, 18.3454, 0
PixelHit 1953, 1330, 11.8303, 0
PixelHit 1953, 1331, 6.01621, 0
PixelHit 1953, 1332, 1.58217, 0
PixelHit 1953, 1334, 1.6504, 0
PixelHit 1954, 1321, 1.17102, 0
PixelHit 1954, 1322, 14.4825, 0
PixelHit 1954, 1323, 61.232, 0
PixelHit 1954, 1324, 105.133, 0
PixelHit 1954, 1325, 143.948, 0
PixelHit 1954, 1326, 53.8263, 0
PixelHit 1954, 1327, 31.2288, 0
PixelHit 1954, 1328, 22.9616, 0
PixelHit 1954, 1329, 4.74029, 0
PixelHit 1955, 1320, 3.4387, 0
PixelHit 1955, 1321, 13.4507, 0
PixelHit 1955, 1322, 28.5559, 0
PixelHit 1955, 1323, 94.6678, 0
PixelHit 1955, 1324, 241.647, 0
PixelHit 1955, 1325, 193.637, 0
PixelHit 1955, 1326, 82.8666, 0
PixelHit 1955, 1327, 19.2227, 0
PixelHit 1955, 1328, 9.52538, 0
PixelHit 1955, 1329, 0.322589, 0
PixelHit 1956, 1318, 2.90517, 0
PixelHit 1956, 1319, 4.64827, 0
PixelHit 1956, 1320, 10.966, 0
PixelHit 1956, 1321, 20.194, 0
PixelHit 1956, 1322, 49.0447, 0
PixelHit 1956, 1323, 100.417, 0
PixelHit 1956, 1324, 164.456, 0
PixelHit 1956, 1325, 146.679, 0
PixelHit 1956, 1326, 53.606, 0
PixelHit 1956, 1327, 11.6595, 0
PixelHit 1956, 1328, 1.93237, 0
PixelHit 1957, 1316, 1.50265, 0
PixelHit 1957, 1317, 3.9509, 0
PixelHit 1957, 1318, 6.64512, 0
PixelHit 1957, 1319, 12.3973, 0
PixelHit 1957, 1320, 14.4701, 0
PixelHit 1957, 1321, 28.1506, 0
PixelHit 1957, 1322, 28.561, 0
PixelHit 1957, 1323, 40.1709, 0
PixelHit 1957, 1324, 50.7362, 0
PixelHit 1957, 1325, 42.1643, 0
PixelHit 1957, 1326, 14.9625, 0
PixelHit 1958, 1315, 2.68774, 0
PixelHit 1958, 1316, 6.92104, 0
PixelHit 1958, 1317, 5.80469, 0
PixelHit 1958, 1318, 18.2471, 0
PixelHit 1958, 1319, 19.2947, 0
PixelHit 1958, 1320, 23.9327, 0
PixelHit 1958, 1321, 12.3539, 0
PixelHit 1958, 1322, 17.6744, 0
PixelHit 1958, 1323, 7.48135, 0
PixelHit 1958, 1324, 4.74091, 0
PixelHit 1958, 1325, 2.1602, 0
PixelHit 1958, 1326, 3.74657, 0
PixelHit 1959, 1312, 1.82215, 0
PixelHit 1959, 1314, 9.24721, 0
PixelHit 1959, 1315, 6.10856, 0
PixelHit 1959, 1316, 9.06707, 0
PixelHit 1959, 1317, 17.1332, 0
PixelHit 1959, 1318, 16.5461, 0
PixelHit 1959, 1319, 6.67396, 0
PixelHit 1959, 1320, 10.1723, 0
PixelHit 1959, 1321, 5.88546, 0
PixelHit 1959, 1322, 3.06813, 0
PixelHit 1959, 1323, 1.52128, 0
PixelHit 1960, 1310, 2.26397, 0
PixelHit 1960, 1311, 2.15344, 0
PixelHit 1960, 1312, 2.31275, 0
PixelHit 1960, 1313, 6.63448, 0
PixelHit 1960, 1314, 13.8492, 0
PixelHit 1960, 1315, 18.7249, 0
PixelHit 1960, 1316, 10.6784, 0
PixelHit 1960, 1317, 18.9409, 0
PixelHit 1960, 1318, 9.98018, 0
PixelHit 1960, 1319, 6.83164, 0
PixelHit 1960, 1321, 1.41643, 0
PixelHit 1961, 1309, 4.78781, 0
PixelHit 1961, 1310, 13.0132, 0
PixelHit 1961, 1311, 15.1419, 0
PixelHit 1961, 1312, 8.62783, 0
PixelHit 1961, 1313, 14.9475, 0
PixelHit 1961, 1314, 17.8123, 0
PixelHit 1961, 1315, 25.9864, 0
PixelHit 1961, 1316, 15.3247, 0
PixelHit 1961, 1317, 9.90492, 0
PixelHit 1961, 1318, 6.66297, 0
PixelHit 1962, 1308, 1.61535, 0
PixelHit 1962, 1309, 12.5271, 0
PixelHit 1962, 1310, 28.4581, 0
PixelHit 1962, 1311, 36.5769, 0
PixelHit 1962, 1312, 31.2157, 0
PixelHit 1962, 1313, 24.8115, 0
PixelHit 1962, 1314, 14.8525, 0
PixelHit 1962, 1315, 21.0768, 0
PixelHit 1962, 1316, 7.96174, 0
PixelHit 1962, 1317, 3.24435, 0
PixelHit 1963, 1308, 7.45099, 0
PixelHit 1963, 1309, 31.4432, 0
PixelHit 1963, 1310, 52.4363, 0
PixelHit 1963, 1311, 68.4405, 0
PixelHit 1963, 1312, 46.1407, 0
PixelHit 1963, 1313, 18.4939, 0
PixelHit 1963, 1314, 12.5292, 0
PixelHit 1963, 1315, 8.02827, 0
PixelHit 1963, 1317, 2.2489, 0
PixelHit 1964, 1308, 5.77696, 0
PixelHit 1964, 1309, 23.9091, 0
PixelHit 1964, 1310, 47.2586, 0
PixelHit 1964, 1311, 71.8669, 0
PixelHit 1964, 1312, 28.7425, 0
PixelHit 1964, 1313, 10.7402, 0
PixelHit 1964, 1314, 5.3289, 0
PixelHit 1964, 1315, 2.69857, 0
PixelHit 1965, 1308, 0.643319, 0
PixelHit 1965, 1309, 11.5784, 0
PixelHit 1965, 1310, 23.775, 0
PixelHit 1965, 1311, 32.725, 0
PixelHit 1965, 1312, 18.622, 0
PixelHit 1965, 1313, 5.44244, 0
PixelHit 1965, 1314, 3.25505, 0
PixelHit 1966, 1310, 1.96732, 0
PixelHit 1966, 1311, 7.98244, 0
PixelHit 1966, 1312, 4.86537, 0
PixelHit 1966, 1313, 2.78979, 0
=== 2 ===
=== 3 ===
--- mydetector ---
PixelHit 1420, 1289, 32.2346, 0
PixelHit 1420, 1290, 8.91128, 0
PixelHit 1421, 1286, 2.21262, 0
PixelHit 1421, 1287, 2.91246, 0
PixelHit 1421, 1288, 28.7502, 0
PixelHit 1421, 1289, 81.4339, 0
PixelHit 1421, 1290, 12.7689, 0
PixelHit 1421, 1291, 1.33564, 0
PixelHit 1422, 1286, 2.568, 0
PixelHit 1422, 1287, 38.5134, 0
PixelHit 1422, 1288, 16.5794, 0
PixelHit 1422, 1289, 3.28832, 0
PixelHit 1423, 1286, 2.55907, 0
PixelHit 1423, 1287, 14.5429, 0
PixelHit 1423, 1288, 2.65786, 0
PixelHit 1424, 1283, 2.68783, 0
PixelHit 1424, 1284, 16.4147, 0
PixelHit 1424, 1286, 2.55264, 0
PixelHit 1425, 1282, 11.1956, 0
PixelHit 1425, 1283, 48.4998, 0
PixelHit 1425, 1284, 31.703, 0
PixelHit 1425, 1285, 7.39071, 0
PixelHit 1426, 1280, 4.53521, 0
PixelHit 1426, 1281, 26.9151, 0
PixelHit 1426, 1282, 46.6993, 0
PixelHit 1426, 1283, 51.2703, 0
PixelHit 1426, 1284, 8.10338, 0
PixelHit 1427, 1278, 2.93902, 0
PixelHit 1427, 1279, 2.47995, 0
PixelHit 1427, 1280, 17.1953, 0
PixelHit 1427, 1281, 33.5476, 0
PixelHit 1427, 1282, 30.9283, 0
PixelHit 1427, 1283, 6.83926, 0
PixelHit 1427, 1284, 2.58543, 0
PixelHit 1428, 1277, 6.62328, 0
PixelHit 1428, 1278, 15.9365, 0
PixelHit 1428, 1279, 32.2267, 0
PixelHit 1428, 1280, 23.8391, 0
PixelHit 1428, 1281, 16.1258, 0
PixelHit 1428, 1282, 3.09624, 0
PixelHit 1428, 1283, 0.692986, 0
PixelHit 1429, 1275, 1.642, 0
PixelHit 1429, 1276, 5.01816, 0
PixelHit 1429, 1277, 28.8717, 0
PixelHit 1429, 1278, 40.4577, 0
PixelHit 1429, 1279, 22.65, 0
PixelHit 1429, 1280, 3.85315, 0
PixelHit 1430, 1275, 17.7284, 0
PixelHit 1430, 1276, 36.65, 0
PixelHit 1430, 1277, 32.6317, 0
PixelHit 1430, 1278, 30.1451, 0
PixelHit 1430, 1279, 8.8856, 0
PixelHit 1430, 1280, 0.994041, 0
PixelHit 1430, 1282, 2.04677, 0
PixelHit 1431, 1273, 4.56632, 0
PixelHit 1431, 1274, 11.9391, 0
PixelHit 1431, 1275, 30.9638, 0
PixelHit 1431, 1276, 42.6237, 0
PixelHit 1431, 1277, 33.9306, 0
PixelHit 1431, 1278, 15.0103, 0
PixelHit 1432, 1272, 4.48628, 0
PixelHit 1432, 1273, 15.1745, 0
PixelHit 1432, 1274, 31.7303, 0
PixelHit 1432, 1275, 22.0711, 0
PixelHit 1432, 1276, 14.4926, 0
PixelHit 1432, 1277, 13.7608, 0
PixelHit 1433, 1269, 3.19559, 0
PixelHit 1433, 1271, 2.302, 0
PixelHit 1433, 1272, 8.00274, 0
PixelHit 1433, 1273, 27.0177, 0
PixelHit 1433, 1274, 21.232, 0
PixelHit 1433, 1275, 11.6205, 0
PixelHit 1433, 1276, 2.10792, 0
PixelHit 1434, 1269, 7.17136, 0
PixelHit 1434, 1270, 12.4174, 0
PixelHit 1434, 1271, 8.42296, 0
PixelHit 1434, 1272, 3.01996, 0
PixelHit 1434, 1273, 9.84422, 0
PixelHit 1434, 1274, 3.14888, 0
PixelHit 1435, 1268, 8.68509, 0
PixelHit 1435, 1269, 20.9572, 0
PixelHit 1435, 1270, 24.2045, 0
PixelHit 1435, 1271, 14.0514, 0
PixelHit 1435, 1272, 5.69851, 0
PixelHit 1435, 1273, 1.799, 0
PixelHit 1436, 1266, 1.55956, 0
PixelHit 1436, 1267, 4.22301, 0
PixelHit 1436, 1268, 8.30061, 0
PixelHit 1436, 1269, 21.7006, 0
PixelHit 1436, 1270, 18.9609, 0
PixelHit 1436, 1271, 12.3759, 0
PixelHit 1437, 1267, 11.8678, 0
PixelHit 1437, 1268, 14.3961, 0
PixelHit 1437, 1269, 11.5345, 0
PixelHit 1437, 1270, 7.75963, 0
PixelHit 1438, 1262, 2.36865, 0
PixelHit 1438, 1263, 7.08688, 0
PixelHit 1438, 1264, 2.38967, 0
PixelHit 1438, 1265, 8.1466, 0
PixelHit 1438, 1266, 10.0511, 0
PixelHit 1438, 1267, 9.05816, 0
PixelHit 1438, 1268, 7.50447, 0
PixelHit 1438, 1269, 6.15971, 0
PixelHit 1438, 1270, 1.80584, 0
PixelHit 1439, 1262, 7.11746, 0
PixelHit 1439, 1263, 23.25, 0
PixelHit 1439, 1264, 22.4783, 0
PixelHit 1439, 1265, 8.65307, 0
PixelHit 1439, 1266, 7.70717, 0
PixelHit 1439, 1267, 2.85734, 0
PixelHit 1439, 1268, 2.28033, 0
PixelHit 1440, 1259, 2.08228, 0
PixelHit 1440, 1260, 2.23384, 0
PixelHit 1440, 1261, 4.4399, 0
PixelHit 1440, 1262, 22.0113, 0
PixelHit 1440, 1263, 43.7046, 0
PixelHit 1440, 1264, 41.8873, 0
PixelHit 1440, 1265, 19.4534, 0
PixelHit 1440, 1266, 7.58795, 0
PixelHit 1440, 1270, 1.47372, 0
PixelHit 1441, 1258, 6.27112, 0
PixelHit 1441, 1259, 4.69473, 0
PixelHit 1441, 1260, 13.6175, 0
PixelHit 1441, 1261, 9.50944, 0
PixelHit 1441, 1262, 30.1722, 0
PixelHit 1441, 1263, 49.9402, 0
PixelHit 1441, 1264, 30.6922, 0
PixelHit 1441, 1265, 8.83374, 0
PixelHit 1441, 1266, 1.48131, 0
PixelHit 1442, 1256, 1.58724, 0
PixelHit 1442, 1257, 4.13428, 0
PixelHit 1442, 1258, 8.31505, 0
PixelHit 1442, 1259, 21.0568, 0
PixelHit 1442, 1260, 31.463, 0
PixelHit 1442, 1261, 22.627, 0
PixelHit 1442, 1262, 13.1654, 0
PixelHit 1442, 1263, 15.8738, 0
PixelHit 1442, 1264, 15.6489, 0
PixelHit 1443, 1255, 1.94465, 0
PixelHit 1443, 1256, 8.55142, 0
PixelHit 1443, 1257, 16.4866, 0
PixelHit 1443, 1258, 33.7124, 0
PixelHit 1443, 1259, 43.812, 0
PixelHit 1443, 1260, 34.9657, 0
PixelHit 1443, 1261, 26.2315, 0
PixelHit 1443, 1262, 12.935, 0
PixelHit 1443, 1263, 3.65723, 0
PixelHit 1444, 1254, 3.63846, 0
PixelHit 1444, 1255, 17.929, 0
PixelHit 1444, 1256, 19.6623, 0
PixelHit 1444, 1257, 32.9402, 0
PixelHit 1444, 1258, 44.9066, 0
PixelHit 1444, 1259, 60.8976, 0
PixelHit 1444, 1260, 36.7753, 0
PixelHit 1444, 1261, 19.3725, 0
PixelHit 1444, 1262, 4.22369, 0
PixelHit 1444, 1263, 1.86272, 0
PixelHit 1445, 1252, -0.254562, 0
PixelHit 1445, 1253, 4.4897, 0
PixelHit 1445, 1254, 11.8522, 0
PixelHit 1445, 1255, 33.6518, 0
PixelHit 1445, 1256, 55.9109, 0
PixelHit 1445, 1257, 58.8243, 0
PixelHit 1445, 1258, 49.6253, 0
PixelHit 1445, 1259, 48.2867, 0
PixelHit 1445, 1260, 18.7115, 0
PixelHit 1445, 1261, 6.0526, 0
PixelHit 1445, 1262, 1.21894, 0
PixelHit 1446, 1252, 4.43169, 0
PixelHit 1446, 1253, 17.6012, 0
PixelHit 1446, 1254, 23.1032, 0
PixelHit 1446, 1255, 43.4933, 0
PixelHit 1446, 1256, 67.1628, 0
PixelHit 1446, 1257, 51.9105, 0
PixelHit 1446, 1258, 23.8169, 0
PixelHit 1446, 1259, 16.1504, 0
PixelHit 1446, 1261, 4.19742, 0
PixelHit 1447, 1250, 1.25985, 0
PixelHit 1447, 1251, 6.10843, 0
PixelHit 1447, 1252, 10.3104, 0
PixelHit 1447, 1253, 22.5452, 0
PixelHit 1447, 1254, 56.9592, 0
PixelHit 1447, 1255, 37.0457, 0
PixelHit 1447, 1256, 46.1282, 0
PixelHit 1447, 1257, 23.1168, 0
PixelHit 1447, 1258, 13.1667, 0
PixelHit 1447, 1259, 0.950737, 0
PixelHit 1448, 1251, 3.21661, 0
PixelHit 1448, 1252, 16.6586, 0
PixelHit 1448, 1253, 34.3712, 0
PixelHit 1448, 1254, 37.6428, 0
PixelHit 1448, 1255, 32.269, 0
PixelHit 1448, 1256, 19.1467, 0
PixelHit 1448, 1257, 8.79382, 0
PixelHit 1448, 1258, 7.56871, 0
PixelHit 1449, 1251, 5.9983, 0
PixelHit 1449, 1252, 5.95994, 0
PixelHit 1449, 1253, 17.4429, 0
PixelHit 1449, 1254, 18.3507, 0
PixelHit 1449, 1255, 21.5159, 0
PixelHit 1449, 1256, 2.59589, 0
PixelHit 1450, 1250, 1.41077, 0
PixelHit 1450, 1251, 2.39338, 0
PixelHit 1450, 1252, 3.09228, 0
PixelHit 1450, 1253, 1.69068, 0
PixelHit 1450, 1254, 9.24186, 0
PixelHit 1450, 1255, 3.54097, 0
PixelHit 1450, 1256, 2.19979, 0
PixelHit 1452, 1253, 2.09308, 0
=== 4 ===
=== 5 ===
=== 6 ===
=== 7 ===
=== 8 ===
=== 9 ===
=== 10 ===
=== 11 ===
=== 12 ===
=== 13 ===
=== 14 ===
=== 15 ===
=== 16 ===
=== 17 ===
=== 18 ===
=== 19 ===
=== 20 ===
=== 21 ===
=== 22 ===
=== 23 ===
=== 24 ===
=== 25 ===
--- mydetector ---
PixelHit 610, 1468, 4.59374, 0
PixelHit 610, 1469, 37.3978, 0
PixelHit 611, 1466, 0.857429, 0
PixelHit 611, 1467, 22.777, 0
PixelHit 611, 1468, 72.0418, 0
PixelHit 611, 1469, 12.6414, 0
PixelHit 611, 1470, 1.55656, 0
PixelHit 612, 1466, 1.44787, 0
PixelHit 612, 1467, 76.4396, 0
PixelHit 612, 1468, 22.2693, 0
PixelHit 613, 1464, 1.50547, 0
PixelHit 613, 1465, 1.99836, 0
PixelHit 613, 1466, 7.99581, 0
PixelHit 613, 1467, 3.58619, 0
PixelHit 614, 1464, 15.0985, 0
PixelHit 614, 1465, 14.1348, 0
PixelHit 614, 1466, 3.58056, 0
PixelHit 615, 1462, 8.51195, 0
PixelHit 615, 1463, 28.2917, 0
PixelHit 615, 1464, 36.0129, 0
PixelHit 615, 1465, 6.71642, 0
PixelHit 616, 1461, 7.13133, 0
PixelHit 616, 1462, 30.8729, 0
PixelHit 616, 1463, 39.2033, 0
PixelHit 616, 1464, 14.2167, 0
PixelHit 617, 1460, 19.9307, 0
PixelHit 617, 1461, 28.0947, 0
PixelHit 617, 1462, 34.3269, 0
PixelHit 617, 1463, 10.2232, 0
PixelHit 617, 1464, 4.68232, 0
PixelHit 618, 1458, 2.62189, 0
PixelHit 618, 1459, 18.441, 0
PixelHit 618, 1460, 57.0025, 0
PixelHit 618, 1461, 43.0121, 0
PixelHit 618, 1462, 6.10355, 0
PixelHit 618, 1463, 1.04189, 0
PixelHit 619, 1456, 4.42094, 0
PixelHit 619, 1457, 10.5637, 0
PixelHit 619, 1458, 9.16842, 0
PixelHit 619, 1459, 28.5692, 0
PixelHit 619, 1460, 44.8667, 0
PixelHit 619, 1461, 16.1726, 0
PixelHit 619, 1462, 1.25589, 0
PixelHit 620, 1455, 3.23258, 0
PixelHit 620, 1456, 27.9721, 0
PixelHit 620, 1457, 139.816, 0
PixelHit 620, 1458, 138.894, 0
PixelHit 620, 1459, 26.7443, 0
PixelHit 620, 1460, 10.0096, 0
PixelHit 621, 1455, 4.95634, 0
PixelHit 621, 1456, 71.3689, 0
PixelHit 621, 1457, 331.51, 0
PixelHit 621, 1458, 265.209, 0
PixelHit 621, 1459, 49.3057, 0
PixelHit 621, 1460, 3.25498, 0
PixelHit 622, 1453, 4.53784, 0
PixelHit 622, 1454, 5.05346, 0
PixelHit 622, 1455, 21.4393, 0
PixelHit 622, 1456, 38.9458, 0
PixelHit 622, 1457, 128.141, 0
PixelHit 622, 1458, 124.948, 0
PixelHit 622, 1459, 17.4957, 0
PixelHit 622, 1460, 1.06639, 0
PixelHit 623, 1453, 2.26182, 0
PixelHit 623, 1454, 17.565, 0
PixelHit 623, 1455, 22.8124, 0
PixelHit 623, 1456, 24.1246, 0
PixelHit 623, 1457, 12.2599, 0
PixelHit 623, 1458, 8.42009, 0
PixelHit 623, 1459, 1.09049, 0
PixelHit 624, 1452, 1.31615, 0
PixelHit 624, 1453, 13.0162, 0
PixelHit 624, 1454, 25.6094, 0
PixelHit 624, 1455, 15.2464, 0
PixelHit 624, 1456, 6.84937, 0
PixelHit 625, 1450, 3.9258, 0
PixelHit 625, 1451, 10.2293, 0
PixelHit 625, 1452, 12.2562, 0
PixelHit 625, 1453, 13.1074, 0
PixelHit 625, 1454, 11.9896, 0
PixelHit 625, 1456, 2.17362, 0
PixelHit 625, 1457, 0.0625055, 0
PixelHit 626, 1448, 2.66815, 0
PixelHit 626, 1449, 4.67998, 0
PixelHit 626, 1450, 21.2344, 0
PixelHit 626, 1451, 27.6324, 0
PixelHit 626, 1452, 21.7106, 0
PixelHit 626, 1453, 8.53176, 0
PixelHit 626, 1454, 2.39547, 0
PixelHit 627, 1447, 1.1953, 0
PixelHit 627, 1448, 0.742288, 0
PixelHit 627, 1449, 22.3145, 0
PixelHit 627, 1450, 37.6862, 0
PixelHit 627, 1451, 42.5414, 0
PixelHit 627, 1452, 21.0319, 0
PixelHit 627, 1453, 7.03941, 0
PixelHit 628, 1446, 2.31746, 0
PixelHit 628, 1447, 8.38231, 0
PixelHit 628, 1448, 13.1229, 0
PixelHit 628, 1449, 38.6421, 0
PixelHit 628, 1450, 55.4792, 0
PixelHit 628, 1451, 27.4328, 0
PixelHit 628, 1452, 8.06292, 0
PixelHit 629, 1445, 4.35573, 0
PixelHit 629, 1446, 6.05005, 0
PixelHit 629, 1447, 15.8655, 0
PixelHit 629, 1448, 22.4295, 0
PixelHit 629, 1449, 35.7922, 0
PixelHit 629, 1450, 26.3269, 0
PixelHit 629, 1451, 13.2035, 0
PixelHit 629, 1452, 3.00476, 0
PixelHit 630, 1445, 17.6914, 0
PixelHit 630, 1446, 45.7974, 0
PixelHit 630, 1447, 42.4466, 0
PixelHit 630, 1448, 19.3337, 0
PixelHit 630, 1449, 20.3124, 0
PixelHit 630, 1450, 8.48521, 0
PixelHit 630, 1451, 4.93166, 0
PixelHit 631, 1444, 2.7305, 0
PixelHit 631, 1445, 23.3481, 0
PixelHit 631, 1446, 60.0507, 0
PixelHit 631, 1447, 65.0512, 0
PixelHit 631, 1448, 20.9357, 0
PixelHit 631, 1449, 2.28744, 0
PixelHit 632, 1442, 0.512386, 0
PixelHit 632, 1443, 4.33599, 0
PixelHit 632, 1444, 3.7584, 0
PixelHit 632, 1445, 19.0095, 0
PixelHit 632, 1446, 50.9054, 0
PixelHit 632, 1447, 39.1158, 0
PixelHit 632, 1448, 9.99656, 0
PixelHit 633, 1441, 1.95691, 0
PixelHit 633, 1442, 2.18915, 0
PixelHit 633, 1443, 2.41682, 0
PixelHit 633, 1444, 8.85343, 0
PixelHit 633, 1445, 15.6138, 0
PixelHit 633, 1446, 11.1325, 0
PixelHit 633, 1448, 3.2522, 0
PixelHit 634, 1439, 4.01736, 0
PixelHit 634, 1440, 6.66716, 0
PixelHit 634, 1441, 15.1536, 0
PixelHit 634, 1442, 14.3014, 0
PixelHit 634, 1443, 14.8305, 0
PixelHit 634, 1444, 6.64405, 0
PixelHit 634, 1445, 8.37371, 0
PixelHit 634, 1446, 3.4934, 0
PixelHit 634, 1447, 3.2547, 0
PixelHit 635, 1439, 15.3717, 0
PixelHit 635, 1440, 50.486, 0
PixelHit 635, 1441, 62.2286, 0
PixelHit 635, 1442, 34.3767, 0
PixelHit 635, 1443, 15.5428, 0
PixelHit 635, 1444, 5.29522, 0
PixelHit 636, 1438, 10.7542, 0
PixelHit 636, 1439, 28.1848, 0
PixelHit 636, 1440, 81.3039, 0
PixelHit 636, 1441, 81.5293, 0
PixelHit 636, 1442, 56.2673, 0
PixelHit 636, 1443, 18.7846, 0
PixelHit 636, 1444, 3.76334, 0
PixelHit 637, 1436, 3.95885, 0
PixelHit 637, 1437, 6.76533, 0
PixelHit 637, 1438, 10.8412, 0
PixelHit 637, 1439, 48.7935, 0
PixelHit 637, 1440, 85.2556, 0
PixelHit 637, 1441, 82.0522, 0
PixelHit 637, 1442, 38.0597, 0
PixelHit 637, 1443, 10.296, 0
PixelHit 637, 1444, 1.52122, 0
PixelHit 638, 1435, 0.392531, 0
PixelHit 638, 1437, 14.7167, 0
PixelHit 638, 1438, 12.2525, 0
PixelHit 638, 1439, 31.2552, 0
PixelHit 638, 1440, 43.3272, 0
PixelHit 638, 1441, 26.4812, 0
PixelHit 638, 1442, 8.95886, 0
PixelHit 638, 1443, 7.83288, 0
PixelHit 639, 1434, 4.19453, 0
PixelHit 639, 1435, 2.84276, 0
PixelHit 639, 1436, 12.1527, 0
PixelHit 639, 1437, 31.0272, 0
PixelHit 639, 1438, 24.4377, 0
PixelHit 639, 1439, 17.3606, 0
PixelHit 639, 1440, 17.0099, 0
PixelHit 639, 1441, 8.88717, 0
PixelHit 639, 1442, 2.73426, 0
PixelHit 639, 1443, 1.54801, 0
PixelHit 640, 1433, 10.2589, 0
PixelHit 640, 1434, 10.2041, 0
PixelHit 640, 1435, 26.4204, 0
PixelHit 640, 1436, 24.4248, 0
PixelHit 640, 1437, 20.6488, 0
PixelHit 640, 1438, 17.097, 0
PixelHit 640, 1439, 4.21216, 0
PixelHit 640, 1440, 2.65746, 0
PixelHit 640, 1441, 3.77526, 0
PixelHit 640, 1442, 1.59754, 0
PixelHit 641, 1433, 14.267, 0
PixelHit 641, 1434, 40.8074, 0
PixelHit 641, 1435, 45.6881, 0
PixelHit 641, 1436, 40.3868, 0
PixelHit 641, 1437, 14.3495, 0
PixelHit 641, 1438, 7.18785, 0
PixelHit 642, 1431, 2.57129, 0
PixelHit 642, 1432, 12.6082, 0
PixelHit 642, 1433, 30.9572, 0
PixelHit 642, 1434, 60.7497, 0
PixelHit 642, 1435, 68.1884, 0
PixelHit 642, 1436, 34.1851, 0
PixelHit 642, 1437, 7.0989, 0
PixelHit 642, 1438, 2.43923, 0
PixelHit 643, 1430, 2.00748, 0
PixelHit 643, 1431, 2.16917, 0
PixelHit 643, 1432, 3.4208, 0
PixelHit 643, 1433, 16.4395, 0
PixelHit 643, 1434, 33.798, 0
PixelHit 643, 1435, 42.9799, 0
PixelHit 643, 1436, 13.713, 0
PixelHit 643, 1437, 11.4522, 0
PixelHit 643, 1439, 2.46248, 0
PixelHit 644, 1433, 5.04562, 0
PixelHit 644, 1434, 16.8754, 0
PixelHit 644, 1435, 14.0801, 0
PixelHit 644, 1436, 2.58817, 0
PixelHit 645, 1434, 3.60062, 0
PixelHit 645, 1436, 0.853344, 0
PixelHit 645, 1437, 2.36706, 0
=== 26 ===
=== 27 ===
=== 28 ===
=== 29 ===
=== 30 ===
=== 31 ===
=== 32 ===
=== 33 ===
=== 34 ===
=== 35 ===
=== 36 ===
=== 37 ===
=== 38 ===
=== 39 ===
=== 40 ===
=== 41 ===
=== 42 ===
=== 43 ===
=== 44 ===
=== 45 ===
=== 46 ===
=== 47 ===
=== 48 ===
=== 49 ===
=== 50 ===
=== 51 ===
=== 52 ===
=== 53 ===
=== 54 ===
=== 55 ===
=== 56 ===
=== 57 ===
=== 58 ===
=== 59 ===
=== 60 ===
=== 61 ===
=== 62 ===
=== 63 ===
=== 64 ===
=== 65 ===
=== 66 ===
=== 67 ===
=== 68 ===
=== 69 ===
=== 70 ===
=== 71 ===
=== 72 ===
=== 73 ===
=== 74 ===
=== 75 ===
=== 76 ===
=== 77 ===
=== 78 ===
=== 79 ===
=== 80 ===
=== 81 ===
=== 82 ===
=== 83 ===
=== 84 ===
=== 85 ===
=== 86 ===
=== 87 ===
=== 88 ===
=== 89 ===
=== 90 ===
=== 91 ===
=== 92 ===
=== 93 ===
=== 94 ===
=== 95 ===
=== 96 ===
=== 97 ===
=== 98 ===
=== 99 ===
=== 100 ===
# 673 objects from 3 messages
