# Allpix Squared ASCII data - https://cern.ch/allpix-squared

=== 1 ===
=== 2 ===
=== 3 ===
=== 4 ===
=== 5 ===
=== 6 ===
=== 7 ===
=== 8 ===
=== 9 ===
=== 10 ===
=== 11 ===
=== 12 ===
=== 13 ===
=== 14 ===
=== 15 ===
=== 16 ===
=== 17 ===
=== 18 ===
=== 19 ===
=== 20 ===
=== 21 ===
=== 22 ===
=== 23 ===
=== 24 ===
=== 25 ===
=== 26 ===
=== 27 ===
=== 28 ===
=== 29 ===
=== 30 ===
=== 31 ===
=== 32 ===
=== 33 ===
--- mydetector ---
PixelHit 1214, 1015, 6.38902, 0
PixelHit 1214, 1016, 8.6807, 0
PixelHit 1214, 1017, 5.86179, 0
PixelHit 1215, 1014, 10.8136, 0
PixelHit 1215, 1015, 198.336, 0
PixelHit 1215, 1016, 449.786, 0
PixelHit 1215, 1017, 127.116, 0
PixelHit 1215, 1018, 8.21786, 0
PixelHit 1216, 1014, 19.6503, 0
PixelHit 1216, 1015, 667.19, 0
PixelHit 1216, 1016, 1678.48, 0
PixelHit 1216, 1017, 686.895, 0
PixelHit 1216, 1018, 130.155, 0
PixelHit 1216, 1019, 3.39927, 0
PixelHit 1217, 1014, 4.74637, 0
PixelHit 1217, 1015, 181.523, 0
PixelHit 1217, 1016, 471.305, 0
PixelHit 1217, 1017, 436.718, 0
PixelHit 1217, 1018, 190.477, 0
PixelHit 1217, 1019, 6.73802, 0
PixelHit 1218, 1015, 2.75957, 0
PixelHit 1218, 1016, 50.7536, 0
PixelHit 1218, 1017, 266.201, 0
PixelHit 1218, 1018, 156.897, 0
PixelHit 1218, 1019, 15.9158, 0
PixelHit 1219, 1016, 66.8758, 0
PixelHit 1219, 1017, 293.999, 0
PixelHit 1219, 1018, 162.144, 0
PixelHit 1219, 1019, 4.54261, 0
PixelHit 1220, 1010, 1.20263, 0
PixelHit 1220, 1011, 13.1652, 0
PixelHit 1220, 1012, 8.78252, 0
PixelHit 1220, 1013, 9.59513, 0
PixelHit 1220, 1014, 5.31607, 0
PixelHit 1220, 1015, 12.394, 0
PixelHit 1220, 1016, 62.4232, 0
PixelHit 1220, 1017, 198.162, 0
PixelHit 1220, 1018, 91.2996, 0
PixelHit 1220, 1019, 5.10567, 0
PixelHit 1221, 1010, 20.7754, 0
PixelHit 1221, 1011, 104.898, 0
PixelHit 1221, 1012, 127.261, 0
PixelHit 1221, 1013, 50.4624, 0
PixelHit 1221, 1014, 105.085, 0
PixelHit 1221, 1015, 137.092, 0
PixelHit 1221, 1016, 149.94, 0
PixelHit 1221, 1017, 172.213, 0
PixelHit 1221, 1018, 49.7431, 0
PixelHit 1221, 1019, 3.51942, 0
PixelHit 1222, 1010, 20.773, 0
PixelHit 1222, 1011, 158.749, 0
PixelHit 1222, 1012, 174.864, 0
PixelHit 1222, 1013, 75.7432, 0
PixelHit 1222, 1014, 160.667, 0
PixelHit 1222, 1015, 177.328, 0
PixelHit 1222, 1016, 116.296, 0
PixelHit 1222, 1017, 55.7593, 0
PixelHit 1222, 1018, 7.35834, 0
PixelHit 1223, 1010, 2.53927, 0
PixelHit 1223, 1011, 21.1844, 0
PixelHit 1223, 1012, 24.1345, 0
PixelHit 1223, 1013, 12.5475, 0
PixelHit 1223, 1014, 25.0141, 0
PixelHit 1223, 1015, 25.6335, 0
PixelHit 1223, 1016, 6.64872, 0
PixelHit 1312, 959, 1.43377, 0
PixelHit 1313, 958, 1.20363, 0
PixelHit 1313, 959, 0.46895, 0
PixelHit 1314, 958, 1.69874, 0
PixelHit 1314, 959, 2.32294, 0
PixelHit 1314, 960, 1.79267, 0
=== 34 ===
--- mydetector ---
PixelHit 1313, 963, 2.20414, 0
PixelHit 1314, 958, 2.19517, 0
PixelHit 1314, 959, 3.39147, 0
PixelHit 1314, 960, 4.02991, 0
PixelHit 1314, 961, 4.49895, 0
PixelHit 1314, 962, 6.94205, 0
PixelHit 1314, 963, 10.007, 0
PixelHit 1315, 959, 6.3639, 0
PixelHit 1315, 960, 24.6682, 0
PixelHit 1315, 961, 56.6405, 0
PixelHit 1315, 962, 69.6793, 0
PixelHit 1315, 963, 72.5577, 0
PixelHit 1315, 964, 15.3157, 0
PixelHit 1315, 965, 3.06615, 0
PixelHit 1316, 958, 2.84213, 0
PixelHit 1316, 959, 42.8534, 0
PixelHit 1316, 960, 138.692, 0
PixelHit 1316, 961, 200.519, 0
PixelHit 1316, 962, 225.564, 0
PixelHit 1316, 963, 143.387, 0
PixelHit 1316, 964, 56.4677, 0
PixelHit 1316, 965, 10.2797, 0
PixelHit 1316, 966, 1.49982, 0
PixelHit 1317, 958, 25.1877, 0
PixelHit 1317, 959, 109.754, 0
PixelHit 1317, 960, 230.387, 0
PixelHit 1317, 961, 322.138, 0
PixelHit 1317, 962, 235.869, 0
PixelHit 1317, 963, 133.767, 0
PixelHit 1317, 964, 45.9051, 0
PixelHit 1317, 965, 5.50741, 0
PixelHit 1318, 957, 5.55906, 0
PixelHit 1318, 958, 46.4853, 0
PixelHit 1318, 959, 238.391, 0
PixelHit 1318, 960, 537.739, 0
PixelHit 1318, 961, 442.057, 0
PixelHit 1318, 962, 182.641, 0
PixelHit 1318, 963, 60.7503, 0
PixelHit 1318, 964, 15.3651, 0
PixelHit 1319, 957, 1.34207, 0
PixelHit 1319, 958, 65.7469, 0
PixelHit 1319, 959, 359.076, 0
PixelHit 1319, 960, 887.956, 0
PixelHit 1319, 961, 801.322, 0
PixelHit 1319, 962, 245.105, 0
PixelHit 1319, 963, 29.7744, 0
PixelHit 1319, 964, 3.26526, 0
PixelHit 1320, 957, 3.86687, 0
PixelHit 1320, 958, 42.039, 0
PixelHit 1320, 959, 262.252, 0
PixelHit 1320, 960, 710.399, 0
PixelHit 1320, 961, 699.81, 0
PixelHit 1320, 962, 231.402, 0
PixelHit 1320, 963, 28.8773, 0
PixelHit 1320, 964, 1.08267, 0
PixelHit 1321, 958, 3.40784, 0
PixelHit 1321, 959, 63.1943, 0
PixelHit 1321, 960, 176.046, 0
PixelHit 1321, 961, 191.066, 0
PixelHit 1321, 962, 81.0899, 0
PixelHit 1321, 963, 9.99196, 0
PixelHit 1322, 958, 1.3907, 0
PixelHit 1322, 959, 9.73286, 0
PixelHit 1322, 960, 21.3326, 0
PixelHit 1322, 961, 22.731, 0
PixelHit 1322, 962, 6.23422, 0
PixelHit 1323, 961, 3.31955, 0
PixelHit 1323, 962, 1.16818, 0
PixelHit 1359, 938, 1.89218, 0
PixelHit 1360, 939, 1.20425, 0
PixelHit 1362, 937, 0.832948, 0
PixelHit 1362, 938, 2.55643, 0
=== 35 ===
=== 36 ===
=== 37 ===
=== 38 ===
=== 39 ===
=== 40 ===
=== 41 ===
=== 42 ===
=== 43 ===
=== 44 ===
=== 45 ===
=== 46 ===
=== 47 ===
=== 48 ===
=== 49 ===
=== 50 ===
--- mydetector ---
PixelHit 1217, 1014, 2.79457, 0
PixelHit 1217, 1015, 6.93662, 0
PixelHit 1217, 1016, 12.7585, 0
PixelHit 1218, 1013, 13.6344, 0
PixelHit 1218, 1014, 67.3803, 0
PixelHit 1218, 1015, 177.784, 0
PixelHit 1218, 1016, 152.021, 0
PixelHit 1218, 1017, 14.9946, 0
PixelHit 1219, 1012, 10.4843, 0
PixelHit 1219, 1013, 80.5944, 0
PixelHit 1219, 1014, 448.533, 0
PixelHit 1219, 1015, 923.501, 0
PixelHit 1219, 1016, 777.688, 0
PixelHit 1219, 1017, 156.879, 0
PixelHit 1219, 1018, 5.32615, 0
PixelHit 1220, 1012, 7.08811, 0
PixelHit 1220, 1013, 159.102, 0
PixelHit 1220, 1014, 745.646, 0
PixelHit 1220, 1015, 1444.53, 0
PixelHit 1220, 1016, 1107.62, 0
PixelHit 1220, 1017, 251.014, 0
PixelHit 1220, 1018, 17.5578, 0
PixelHit 1220, 1019, 1.22613, 0
PixelHit 1221, 1012, 2.01861, 0
PixelHit 1221, 1013, 77.5911, 0
PixelHit 1221, 1014, 402.333, 0
PixelHit 1221, 1015, 643.484, 0
PixelHit 1221, 1016, 501.43, 0
PixelHit 1221, 1017, 165.888, 0
PixelHit 1221, 1018, 11.9969, 0
PixelHit 1222, 1012, 4.35205, 0
PixelHit 1222, 1013, 24.2815, 0
PixelHit 1222, 1014, 68.6324, 0
PixelHit 1222, 1015, 102.676, 0
PixelHit 1222, 1016, 77.2653, 0
PixelHit 1222, 1017, 18.0977, 0
PixelHit 1222, 1018, 1.26758, 0
PixelHit 1223, 1014, 5.47927, 0
PixelHit 1223, 1015, 6.99351, 0
PixelHit 1223, 1016, 4.64053, 0
PixelHit 1223, 1017, -0.0393297, 0
PixelHit 1224, 1014, 2.83733, 0
PixelHit 1301, 967, 0.88189, 0
PixelHit 1305, 967, 2.1762, 0
PixelHit 1306, 970, -0.291807, 0
=== 51 ===
--- mydetector ---
PixelHit 1230, 1009, 34.6123, 0
PixelHit 1230, 1010, 43.786, 0
PixelHit 1230, 1011, 5.30607, 0
PixelHit 1231, 1008, 14.4535, 0
PixelHit 1231, 1009, 191.836, 0
PixelHit 1231, 1010, 311.247, 0
PixelHit 1231, 1011, 48.0619, 0
PixelHit 1231, 1013, 2.45884, 0
PixelHit 1231, 1014, 3.51594, 0
PixelHit 1232, 1008, 21.2847, 0
PixelHit 1232, 1009, 201.681, 0
PixelHit 1232, 1010, 379.68, 0
PixelHit 1232, 1011, 271.679, 0
PixelHit 1232, 1012, 200.334, 0
PixelHit 1232, 1013, 136.592, 0
PixelHit 1232, 1014, 27.6657, 0
PixelHit 1233, 1009, 34.6404, 0
PixelHit 1233, 1010, 116.858, 0
PixelHit 1233, 1011, 417.471, 0
PixelHit 1233, 1012, 1040.19, 0
PixelHit 1233, 1013, 972.808, 0
PixelHit 1233, 1014, 163.876, 0
PixelHit 1233, 1015, 7.02182, 0
PixelHit 1234, 1010, 7.38441, 0
PixelHit 1234, 1011, 138.783, 0
PixelHit 1234, 1012, 1219.32, 0
PixelHit 1234, 1013, 1501.81, 0
PixelHit 1234, 1014, 244.541, 0
PixelHit 1234, 1015, 7.9047, 0
PixelHit 1235, 1011, 32.4565, 0
PixelHit 1235, 1012, 326.953, 0
PixelHit 1235, 1013, 458.706, 0
PixelHit 1235, 1014, 68.9345, 0
PixelHit 1235, 1015, 1.6733, 0
PixelHit 1236, 1011, 2.21439, 0
PixelHit 1236, 1012, 17.337, 0
PixelHit 1236, 1013, 20.0623, 0
PixelHit 1236, 1014, 4.47864, 0
PixelHit 1325, 955, 2.86336, 0
PixelHit 1327, 954, 4.31872, 0
PixelHit 1327, 955, 4.00153, 0
=== 52 ===
=== 53 ===
=== 54 ===
=== 55 ===
=== 56 ===
=== 57 ===
=== 58 ===
=== 59 ===
=== 60 ===
=== 61 ===
=== 62 ===
--- mydetector ---
PixelHit 1307, 960, 1.36497, 0
PixelHit 1307, 962, 4.14532, 0
PixelHit 1307, 964, 1.29422, 0
PixelHit 1308, 959, 6.3815, 0
PixelHit 1308, 960, 11.7074, 0
PixelHit 1308, 961, 28.9705, 0
PixelHit 1308, 962, 16.5133, 0
PixelHit 1308, 963, 9.08175, 0
PixelHit 1308, 964, 1.5608, 0
PixelHit 1308, 966, 1.45109, 0
PixelHit 1309, 957, 0.97189, 0
PixelHit 1309, 958, 4.94094, 0
PixelHit 1309, 959, 23.4542, 0
PixelHit 1309, 960, 98.0208, 0
PixelHit 1309, 961, 159.794, 0
PixelHit 1309, 962, 117.342, 0
PixelHit 1309, 963, 41.1897, 0
PixelHit 1309, 964, 8.92832, 0
PixelHit 1310, 958, 14.1337, 0
PixelHit 1310, 959, 78.2084, 0
PixelHit 1310, 960, 276.692, 0
PixelHit 1310, 961, 372.871, 0
PixelHit 1310, 962, 315.005, 0
PixelHit 1310, 963, 132.965, 0
PixelHit 1310, 964, 23.1135, 0
PixelHit 1310, 965, 3.56589, 0
PixelHit 1311, 957, 4.65534, 0
PixelHit 1311, 958, 46.6187, 0
PixelHit 1311, 959, 204.564, 0
PixelHit 1311, 960, 533.474, 0
PixelHit 1311, 961, 714.592, 0
PixelHit 1311, 962, 501.119, 0
PixelHit 1311, 963, 232.038, 0
PixelHit 1311, 964, 60.8317, 0
PixelHit 1311, 965, 7.83712, 0
PixelHit 1311, 966, 1.83819, 0
PixelHit 1312, 957, 2.2766, 0
PixelHit 1312, 958, 51.8574, 0
PixelHit 1312, 959, 239.215, 0
PixelHit 1312, 960, 715.503, 0
PixelHit 1312, 961, 781.891, 0
PixelHit 1312, 962, 542.588, 0
PixelHit 1312, 963, 213.961, 0
PixelHit 1312, 964, 51.7078, 0
PixelHit 1312, 965, 5.01796, 0
PixelHit 1312, 966, 1.28479, 0
PixelHit 1313, 957, 0.365872, 0
PixelHit 1313, 958, 31.0499, 0
PixelHit 1313, 959, 152.472, 0
PixelHit 1313, 960, 402.772, 0
PixelHit 1313, 961, 524.53, 0
PixelHit 1313, 962, 322.949, 0
PixelHit 1313, 963, 107.886, 0
PixelHit 1313, 964, 22.8369, 0
PixelHit 1313, 965, 1.11939, 0
PixelHit 1314, 958, 6.64994, 0
PixelHit 1314, 959, 45.0719, 0
PixelHit 1314, 960, 109.49, 0
PixelHit 1314, 961, 132.031, 0
PixelHit 1314, 962, 75.8294, 0
PixelHit 1314, 963, 36.4749, 0
PixelHit 1314, 964, 10.1995, 0
PixelHit 1315, 958, -0.360894, 0
PixelHit 1315, 959, 8.14518, 0
PixelHit 1315, 960, 14.602, 0
PixelHit 1315, 961, 11.5051, 0
PixelHit 1315, 962, 9.32175, 0
PixelHit 1315, 963, 4.31294, 0
PixelHit 1316, 960, 2.52859, 0
PixelHit 1316, 961, 1.99006, 0
PixelHit 1360, 932, 1.35389, 0
PixelHit 1361, 930, 1.17459, 0
PixelHit 1361, 932, 1.71446, 0
PixelHit 1362, 932, 2.80468, 0
PixelHit 1363, 929, 1.05474, 0
PixelHit 1363, 930, 0.805623, 0
PixelHit 1363, 932, 0.724942, 0
=== 63 ===
=== 64 ===
=== 65 ===
=== 66 ===
=== 67 ===
=== 68 ===
=== 69 ===
=== 70 ===
=== 71 ===
=== 72 ===
=== 73 ===
=== 74 ===
=== 75 ===
=== 76 ===
=== 77 ===
=== 78 ===
=== 79 ===
=== 80 ===
=== 81 ===
=== 82 ===
=== 83 ===
=== 84 ===
=== 85 ===
--- mydetector ---
PixelHit 1411, 899, 3.83983, 0
PixelHit 1412, 897, 3.77228, 0
PixelHit 1412, 898, 14.5551, 0
PixelHit 1412, 899, 8.47136, 0
PixelHit 1412, 900, 8.8171, 0
PixelHit 1412, 901, 3.11348, 0
PixelHit 1413, 896, 9.60966, 0
PixelHit 1413, 897, 33.4162, 0
PixelHit 1413, 898, 101.445, 0
PixelHit 1413, 899, 70.5313, 0
PixelHit 1413, 900, 52.0773, 0
PixelHit 1413, 901, 7.32141, 0
PixelHit 1413, 902, 3.96585, 0
PixelHit 1414, 895, 2.79085, 0
PixelHit 1414, 896, 32.6251, 0
PixelHit 1414, 897, 161.515, 0
PixelHit 1414, 898, 292.954, 0
PixelHit 1414, 899, 309.292, 0
PixelHit 1414, 900, 176.833, 0
PixelHit 1414, 901, 52.8553, 0
PixelHit 1414, 902, 7.41021, 0
PixelHit 1415, 895, 4.5013, 0
PixelHit 1415, 896, 81.4727, 0
PixelHit 1415, 897, 306.842, 0
PixelHit 1415, 898, 726.11, 0
PixelHit 1415, 899, 632.205, 0
PixelHit 1415, 900, 315.21, 0
PixelHit 1415, 901, 93.2247, 0
PixelHit 1415, 902, 5.11183, 0
PixelHit 1416, 895, 17.5917, 0
PixelHit 1416, 896, 122.975, 0
PixelHit 1416, 897, 336.226, 0
PixelHit 1416, 898, 721.994, 0
PixelHit 1416, 899, 718.917, 0
PixelHit 1416, 900, 313.13, 0
PixelHit 1416, 901, 87.4647, 0
PixelHit 1416, 902, 8.22033, 0
PixelHit 1416, 903, 1.23998, 0
PixelHit 1417, 895, 13.8148, 0
PixelHit 1417, 896, 54.8716, 0
PixelHit 1417, 897, 239.432, 0
PixelHit 1417, 898, 500.996, 0
PixelHit 1417, 899, 518.484, 0
PixelHit 1417, 900, 249.659, 0
PixelHit 1417, 901, 84.7918, 0
PixelHit 1417, 902, 17.0859, 0
PixelHit 1417, 903, 3.866, 0
PixelHit 1418, 896, 21.8528, 0
PixelHit 1418, 897, 96.8831, 0
PixelHit 1418, 898, 190.951, 0
PixelHit 1418, 899, 230.764, 0
PixelHit 1418, 900, 153.898, 0
PixelHit 1418, 901, 66.5559, 0
PixelHit 1418, 902, 14.9868, 0
PixelHit 1418, 903, 3.75773, 0
PixelHit 1419, 896, 1.96824, 0
PixelHit 1419, 897, 16.7858, 0
PixelHit 1419, 898, 46.0744, 0
PixelHit 1419, 899, 73.9889, 0
PixelHit 1419, 900, 85.94, 0
PixelHit 1419, 901, 52.0054, 0
PixelHit 1419, 902, 10.0487, 0
PixelHit 1419, 903, 3.10614, 0
PixelHit 1420, 897, 4.01156, 0
PixelHit 1420, 898, 4.98147, 0
PixelHit 1420, 899, 29.7109, 0
PixelHit 1420, 900, 22.877, 0
PixelHit 1420, 901, 12.0708, 0
PixelHit 1420, 902, 1.83853, 0
PixelHit 1421, 898, 4.36133, 0
PixelHit 1421, 899, 4.04838, 0
PixelHit 1421, 900, 6.52016, 0
PixelHit 1421, 901, 1.3309, 0
PixelHit 1431, 893, 1.82352, 0
PixelHit 1432, 892, 1.99122, 0
PixelHit 1433, 890, 1.64343, 0
PixelHit 1433, 891, 0.696807, 0
PixelHit 1433, 892, 3.64411, 0
=== 86 ===
=== 87 ===
=== 88 ===
=== 89 ===
=== 90 ===
=== 91 ===
=== 92 ===
=== 93 ===
--- mydetector ---
PixelHit 1138, 1067, 3.57638, 0
PixelHit 1138, 1068, 4.27692, 0
PixelHit 1139, 1067, 250.097, 0
PixelHit 1139, 1068, 386.368, 0
PixelHit 1139, 1069, 1.55539, 0
PixelHit 1140, 1066, 1.53184, 0
PixelHit 1140, 1067, 254.95, 0
PixelHit 1140, 1068, 643.397, 0
PixelHit 1140, 1069, 9.37308, 0
PixelHit 1141, 1066, 73.9354, 0
PixelHit 1141, 1067, 621.955, 0
PixelHit 1141, 1068, 734.759, 0
PixelHit 1141, 1069, 25.7332, 0
PixelHit 1142, 1065, 9.77517, 0
PixelHit 1142, 1066, 277.011, 0
PixelHit 1142, 1067, 1695.51, 0
PixelHit 1142, 1068, 1081.35, 0
PixelHit 1142, 1069, 34.4301, 0
PixelHit 1142, 1070, 0.625615, 0
PixelHit 1143, 1065, 5.89525, 0
PixelHit 1143, 1066, 81.4437, 0
PixelHit 1143, 1067, 332.942, 0
PixelHit 1143, 1068, 142.907, 0
PixelHit 1144, 1066, 3.96698, 0
PixelHit 1144, 1067, 5.22141, 0
PixelHit 1144, 1068, 1.45034, 0
=== 94 ===
=== 95 ===
=== 96 ===
=== 97 ===
=== 98 ===
=== 99 ===
=== 100 ===
# 410 objects from 7 messages
