# Allpix Squared ASCII data - https://cern.ch/allpix-squared

=== 1 ===
=== 2 ===
--- mydetector ---
PixelHit 1563, 955, 2.33761, 0
PixelHit 1563, 956, 20.3379, 0
PixelHit 1564, 955, 62.677, 0
PixelHit 1564, 956, 97.8724, 0
PixelHit 1565, 955, 58.6097, 0
PixelHit 1565, 956, 16.9137, 0
PixelHit 1566, 954, 13.4782, 0
PixelHit 1566, 955, 42.1272, 0
PixelHit 1566, 956, 1.24426, 0
PixelHit 1567, 953, 2.9969, 0
PixelHit 1567, 954, 27.5835, 0
PixelHit 1567, 955, 31.0357, 0
PixelHit 1568, 953, 11.4785, 0
PixelHit 1568, 954, 34.9314, 0
PixelHit 1568, 955, 3.97215, 0
PixelHit 1569, 952, 4.34611, 0
PixelHit 1569, 953, 49.5716, 0
PixelHit 1569, 954, 71.5751, 0
PixelHit 1569, 955, 6.73518, 0
PixelHit 1570, 952, 8.59902, 0
PixelHit 1570, 953, 48.8235, 0
PixelHit 1570, 954, 29.0492, 0
PixelHit 1570, 955, 4.12049, 0
PixelHit 1571, 952, 6.18649, 0
PixelHit 1571, 953, 42.7319, 0
PixelHit 1571, 954, 11.975, 0
PixelHit 1572, 951, 4.58915, 0
PixelHit 1572, 952, 19.9403, 0
PixelHit 1572, 953, 20.784, 0
PixelHit 1572, 954, 4.42208, 0
PixelHit 1573, 950, 3.29609, 0
PixelHit 1573, 951, 14.2179, 0
PixelHit 1573, 952, 41.8394, 0
PixelHit 1573, 953, 32.7083, 0
PixelHit 1573, 954, 2.10243, 0
PixelHit 1574, 949, -0.0824715, 0
PixelHit 1574, 950, 9.60966, 0
PixelHit 1574, 951, 58.1949, 0
PixelHit 1574, 952, 62.5633, 0
PixelHit 1574, 953, 15.8415, 0
PixelHit 1574, 954, 3.26306, 0
PixelHit 1575, 950, 15.6459, 0
PixelHit 1575, 951, 77.6519, 0
PixelHit 1575, 952, 83.757, 0
PixelHit 1575, 953, 12.7244, 0
PixelHit 1576, 950, 26.5735, 0
PixelHit 1576, 951, 44.1208, 0
PixelHit 1576, 952, 24.3616, 0
PixelHit 1576, 953, 2.72668, 0
PixelHit 1577, 950, 13.249, 0
PixelHit 1577, 951, 9.53721, 0
PixelHit 1577, 952, 3.04861, 0
PixelHit 1578, 948, 1.35339, 0
PixelHit 1578, 949, 16.6968, 0
PixelHit 1578, 950, 16.1669, 0
PixelHit 1578, 951, 8.68196, 0
PixelHit 1578, 952, 1.75846, 0
PixelHit 1579, 948, 9.16128, 0
PixelHit 1579, 949, 32.1925, 0
PixelHit 1579, 950, 42.8756, 0
PixelHit 1579, 951, 24.6165, 0
PixelHit 1579, 952, 1.16682, 0
PixelHit 1580, 948, 13.2296, 0
PixelHit 1580, 949, 44.9989, 0
PixelHit 1580, 950, 39.8275, 0
PixelHit 1580, 951, 13.3387, 0
PixelHit 1581, 948, 13.0219, 0
PixelHit 1581, 949, 25.0414, 0
PixelHit 1581, 950, 29.4281, 0
PixelHit 1581, 951, 6.62926, 0
PixelHit 1582, 948, 12.3086, 0
PixelHit 1582, 949, 18.1559, 0
PixelHit 1582, 950, 5.68041, 0
PixelHit 1582, 951, 2.82515, 0
PixelHit 1583, 946, 3.16427, 0
PixelHit 1583, 947, 6.76777, 0
PixelHit 1583, 948, 15.0322, 0
PixelHit 1583, 949, 16.7425, 0
PixelHit 1583, 950, 5.10844, 0
PixelHit 1584, 946, 2.70101, 0
PixelHit 1584, 947, 19.3132, 0
PixelHit 1584, 948, 40.8517, 0
PixelHit 1584, 949, 19.3225, 0
PixelHit 1584, 950, 2.77706, 0
PixelHit 1585, 945, 2.39957, 0
PixelHit 1585, 946, 8.47629, 0
PixelHit 1585, 947, 16.7179, 0
PixelHit 1585, 948, 26.5353, 0
PixelHit 1585, 949, 17.5204, 0
PixelHit 1585, 950, 1.775, 0
PixelHit 1586, 945, 3.54153, 0
PixelHit 1586, 946, 15.4079, 0
PixelHit 1586, 947, 31.6379, 0
PixelHit 1586, 948, 20.3696, 0
PixelHit 1586, 949, 11.8295, 0
PixelHit 1586, 950, 3.48322, 0
PixelHit 1587, 943, 0.725957, 0
PixelHit 1587, 945, 10.925, 0
PixelHit 1587, 946, 45.3949, 0
PixelHit 1587, 947, 47.7942, 0
PixelHit 1587, 948, 28.5376, 0
PixelHit 1587, 949, 5.76624, 0
PixelHit 1588, 944, 7.70965, 0
PixelHit 1588, 945, 20.0748, 0
PixelHit 1588, 946, 50.2842, 0
PixelHit 1588, 947, 52.7259, 0
PixelHit 1588, 948, 26.4753, 0
PixelHit 1588, 949, 4.39288, 0
PixelHit 1589, 944, 8.19839, 0
PixelHit 1589, 945, 26.1285, 0
PixelHit 1589, 946, 33.6264, 0
PixelHit 1589, 947, 41.7389, 0
PixelHit 1589, 948, 22.2538, 0
PixelHit 1589, 949, 3.48087, 0
PixelHit 1590, 944, 1.88878, 0
PixelHit 1590, 945, 22.1343, 0
PixelHit 1590, 946, 21.8778, 0
PixelHit 1590, 947, 17.6646, 0
PixelHit 1590, 948, 7.4229, 0
PixelHit 1590, 949, 3.25717, 0
PixelHit 1591, 943, 2.24158, 0
PixelHit 1591, 944, 10.0747, 0
PixelHit 1591, 945, 9.67414, 0
PixelHit 1591, 946, 15.9989, 0
PixelHit 1591, 947, 6.51288, 0
PixelHit 1591, 949, 4.44042, 0
PixelHit 1592, 943, 1.73807, 0
PixelHit 1592, 944, 5.95983, 0
PixelHit 1592, 945, 4.54768, 0
PixelHit 1592, 946, 8.52699, 0
PixelHit 1592, 947, 7.73843, 0
PixelHit 1593, 942, 0.855029, 0
PixelHit 1593, 943, 4.86879, 0
PixelHit 1593, 944, 8.01804, 0
PixelHit 1593, 945, 6.54439, 0
PixelHit 1593, 946, 3.07994, 0
PixelHit 1593, 947, 1.02915, 0
PixelHit 1594, 942, 3.06579, 0
PixelHit 1594, 943, 7.94085, 0
PixelHit 1594, 944, 5.2481, 0
PixelHit 1594, 945, 10.799, 0
PixelHit 1594, 946, 2.78404, 0
PixelHit 1595, 942, 2.72592, 0
PixelHit 1595, 943, 5.36206, 0
PixelHit 1595, 944, 11.3271, 0
PixelHit 1595, 945, 3.29158, 0
PixelHit 1595, 946, 3.6806, 0
PixelHit 1596, 943, 1.01226, 0
PixelHit 1596, 944, 7.36989, 0
PixelHit 1596, 945, 3.4625, 0
PixelHit 1597, 941, 0.831381, 0
PixelHit 1597, 943, 5.29016, 0
PixelHit 1597, 944, 1.92417, 0
PixelHit 1597, 946, 2.26265, 0
PixelHit 1598, 944, 1.60651, 0
PixelHit 1599, 943, 2.18347, 0
=== 3 ===
=== 4 ===
=== 5 ===
=== 6 ===
=== 7 ===
=== 8 ===
=== 9 ===
=== 10 ===
=== 11 ===
=== 12 ===
=== 13 ===
=== 14 ===
=== 15 ===
=== 16 ===
=== 17 ===
=== 18 ===
=== 19 ===
=== 20 ===
=== 21 ===
=== 22 ===
=== 23 ===
=== 24 ===
=== 25 ===
=== 26 ===
=== 27 ===
=== 28 ===
--- mydetector ---
PixelHit 809, 1151, 1.18706, 0
PixelHit 810, 1150, 42.1412, 0
PixelHit 810, 1151, 12.0693, 0
PixelHit 811, 1149, 3.77603, 0
PixelHit 811, 1150, 55.2778, 0
PixelHit 811, 1151, 5.01739, 0
PixelHit 812, 1149, 17.1477, 0
PixelHit 812, 1150, 58.4289, 0
PixelHit 813, 1147, 0.726636, 0
PixelHit 813, 1148, 2.51219, 0
PixelHit 813, 1149, 19.0468, 0
PixelHit 813, 1150, 3.33731, 0
PixelHit 814, 1148, 66.5815, 0
PixelHit 814, 1149, 193.474, 0
PixelHit 814, 1150, 12.3898, 0
PixelHit 815, 1147, 3.76023, 0
PixelHit 815, 1148, 63.4311, 0
PixelHit 815, 1149, 99.2993, 0
PixelHit 815, 1150, 1.25151, 0
PixelHit 816, 1147, 2.30402, 0
PixelHit 816, 1148, 16.2036, 0
PixelHit 816, 1149, 10.51, 0
PixelHit 817, 1148, 3.26443, 0
PixelHit 818, 1146, 3.49937, 0
PixelHit 818, 1147, 9.50192, 0
PixelHit 819, 1146, 3.92693, 0
PixelHit 819, 1147, 15.7966, 0
PixelHit 820, 1145, 1.15651, 0
PixelHit 820, 1146, 8.32392, 0
PixelHit 820, 1147, 18.4409, 0
PixelHit 821, 1145, 8.3299, 0
PixelHit 821, 1146, 16.1703, 0
PixelHit 821, 1147, 12.179, 0
PixelHit 822, 1145, 13.5429, 0
PixelHit 822, 1146, 40.0104, 0
PixelHit 822, 1147, 11.829, 0
PixelHit 823, 1144, 7.68102, 0
PixelHit 823, 1145, 17.8244, 0
PixelHit 823, 1146, 14.5707, 0
PixelHit 823, 1147, 4.33545, 0
PixelHit 823, 1148, 2.00262, 0
PixelHit 824, 1144, 10.1002, 0
PixelHit 824, 1145, 23.9048, 0
PixelHit 824, 1146, 12.9536, 0
PixelHit 824, 1147, 1.98513, 0
PixelHit 825, 1143, 3.33435, 0
PixelHit 825, 1144, 25.0422, 0
PixelHit 825, 1145, 35.374, 0
PixelHit 825, 1146, 6.82527, 0
PixelHit 826, 1143, 6.95495, 0
PixelHit 826, 1144, 24.2117, 0
PixelHit 826, 1145, 12.7439, 0
PixelHit 826, 1146, 2.81272, 0
PixelHit 827, 1142, 3.03016, 0
PixelHit 827, 1143, 6.34968, 0
PixelHit 827, 1144, 21.9866, 0
PixelHit 827, 1145, 11.5665, 0
PixelHit 827, 1147, 1.26662, 0
PixelHit 828, 1142, 7.33649, 0
PixelHit 828, 1143, 21.941, 0
PixelHit 828, 1144, 16.5786, 0
PixelHit 828, 1145, 3.8347, 0
PixelHit 828, 1146, 1.78819, 0
PixelHit 829, 1142, 11.7267, 0
PixelHit 829, 1143, 24.9383, 0
PixelHit 829, 1144, 28.0739, 0
PixelHit 829, 1145, 9.06292, 0
PixelHit 830, 1141, 3.94142, 0
PixelHit 830, 1142, 8.35775, 0
PixelHit 830, 1143, 19.265, 0
PixelHit 830, 1144, 19.7699, 0
PixelHit 830, 1145, 5.15485, 0
PixelHit 831, 1141, 4.21686, 0
PixelHit 831, 1142, 11.6219, 0
PixelHit 831, 1143, 16.0146, 0
PixelHit 831, 1144, 3.87228, 0
PixelHit 832, 1140, 2.78774, 0
PixelHit 832, 1141, 8.18405, 0
PixelHit 832, 1142, 14.1304, 0
PixelHit 832, 1143, 17.5283, 0
PixelHit 832, 1144, 4.32783, 0
PixelHit 833, 1139, 1.84991, 0
PixelHit 833, 1140, 4.85827, 0
PixelHit 833, 1141, 21.6929, 0
PixelHit 833, 1142, 29.7917, 0
PixelHit 833, 1143, 11.2989, 0
PixelHit 833, 1144, 2.72324, 0
PixelHit 834, 1140, 13.5179, 0
PixelHit 834, 1141, 26.9556, 0
PixelHit 834, 1142, 30.2934, 0
PixelHit 834, 1143, 9.91063, 0
PixelHit 835, 1139, 3.17843, 0
PixelHit 835, 1140, 14.0403, 0
PixelHit 835, 1141, 30.0184, 0
PixelHit 835, 1142, 15.188, 0
PixelHit 835, 1143, 5.69749, 0
PixelHit 836, 1139, 7.61472, 0
PixelHit 836, 1140, 20.655, 0
PixelHit 836, 1141, 41.5106, 0
PixelHit 836, 1142, 17.965, 0
PixelHit 836, 1143, 4.06247, 0
PixelHit 837, 1138, 7.59075, 0
PixelHit 837, 1139, 8.35268, 0
PixelHit 837, 1140, 32.3679, 0
PixelHit 837, 1141, 25.7758, 0
PixelHit 837, 1142, 10.4827, 0
PixelHit 837, 1143, 1.77386, 0
PixelHit 838, 1138, 8.27768, 0
PixelHit 838, 1139, 18.2113, 0
PixelHit 838, 1140, 34.5404, 0
PixelHit 838, 1141, 24.7459, 0
PixelHit 838, 1142, 4.7315, 0
PixelHit 839, 1137, 4.53457, 0
PixelHit 839, 1138, 8.53655, 0
PixelHit 839, 1139, 20.1585, 0
PixelHit 839, 1140, 24.613, 0
PixelHit 839, 1141, 10.6994, 0
PixelHit 839, 1142, 1.08669, 0
PixelHit 840, 1137, 1.96318, 0
PixelHit 840, 1138, 9.60171, 0
PixelHit 840, 1139, 20.3972, 0
PixelHit 840, 1140, 11.916, 0
PixelHit 840, 1141, 3.34799, 0
PixelHit 841, 1138, 10.5854, 0
PixelHit 841, 1139, 10.3756, 0
PixelHit 841, 1140, 6.13616, 0
PixelHit 841, 1142, 1.99473, 0
PixelHit 842, 1137, 7.78638, 0
PixelHit 842, 1138, 16.095, 0
PixelHit 842, 1139, 13.9271, 0
PixelHit 842, 1140, 8.64038, 0
PixelHit 842, 1141, 1.075, 0
PixelHit 842, 1142, 1.24882, 0
PixelHit 843, 1136, 5.98161, 0
PixelHit 843, 1137, 17.7776, 0
PixelHit 843, 1138, 23.0009, 0
PixelHit 843, 1139, 15.0475, 0
PixelHit 843, 1140, 7.1862, 0
PixelHit 844, 1135, 1.94156, 0
PixelHit 844, 1137, 10.9957, 0
PixelHit 844, 1138, 18.7576, 0
PixelHit 844, 1139, 14.6745, 0
PixelHit 844, 1140, 3.8925, 0
PixelHit 845, 1135, 1.02287, 0
PixelHit 845, 1136, 5.29881, 0
PixelHit 845, 1137, 14.803, 0
PixelHit 845, 1138, 13.7845, 0
PixelHit 845, 1139, 4.70335, 0
PixelHit 846, 1135, 4.34655, 0
PixelHit 846, 1136, 4.82561, 0
PixelHit 846, 1137, 10.4419, 0
PixelHit 846, 1138, 5.11829, 0
PixelHit 846, 1139, 3.04276, 0
PixelHit 847, 1135, 5.24928, 0
PixelHit 847, 1136, 10.8652, 0
PixelHit 847, 1137, 11.8299, 0
PixelHit 847, 1138, 3.85301, 0
PixelHit 847, 1139, 1.65583, 0
PixelHit 848, 1134, 4.6497, 0
PixelHit 848, 1135, 14.5859, 0
PixelHit 848, 1136, 19.1616, 0
PixelHit 848, 1137, 17.0137, 0
PixelHit 848, 1138, 3.89763, 0
PixelHit 849, 1134, 13.7198, 0
PixelHit 849, 1135, 14.9838, 0
PixelHit 849, 1136, 19.9604, 0
PixelHit 849, 1137, 11.6039, 0
PixelHit 849, 1138, 4.61471, 0
PixelHit 850, 1133, 4.08785, 0
PixelHit 850, 1134, 12.9673, 0
PixelHit 850, 1135, 22.714, 0
PixelHit 850, 1136, 15.5496, 0
PixelHit 850, 1137, 11.0637, 0
PixelHit 850, 1138, 2.42047, 0
PixelHit 850, 1139, 2.40677, 0
PixelHit 851, 1134, 4.44573, 0
PixelHit 851, 1135, 9.42829, 0
PixelHit 851, 1136, 13.2465, 0
PixelHit 851, 1137, 4.96939, 0
PixelHit 851, 1139, 2.44314, 0
PixelHit 852, 1133, 2.66675, 0
PixelHit 852, 1135, 7.07542, 0
PixelHit 852, 1136, 5.20452, 0
PixelHit 852, 1137, 3.13988, 0
PixelHit 910, 1244, 4.69152, 0
PixelHit 910, 1245, 42.3892, 0
PixelHit 910, 1246, 2.75395, 0
PixelHit 911, 1244, 14.1718, 0
PixelHit 911, 1245, 49.6578, 0
PixelHit 911, 1246, 2.68667, 0
PixelHit 912, 1244, 31.6096, 0
PixelHit 912, 1245, 36.8535, 0
PixelHit 913, 1244, 3.97035, 0
PixelHit 914, 1243, 7.2013, 0
PixelHit 914, 1244, 7.35815, 0
PixelHit 915, 1242, 14.9394, 0
PixelHit 915, 1243, 75.0948, 0
PixelHit 915, 1244, 20.9282, 0
PixelHit 916, 1241, 3.48844, 0
PixelHit 916, 1242, 28.1725, 0
PixelHit 916, 1243, 65.1559, 0
PixelHit 916, 1244, 10.4494, 0
PixelHit 917, 1242, 41.3756, 0
PixelHit 917, 1243, 44.5569, 0
PixelHit 918, 1241, 8.53928, 0
PixelHit 918, 1242, 32.7828, 0
PixelHit 918, 1243, 13.6903, 0
PixelHit 919, 1240, 3.22141, 0
PixelHit 919, 1241, 18.1192, 0
PixelHit 919, 1242, 23.8553, 0
PixelHit 920, 1239, 3.0175, 0
PixelHit 920, 1240, 25.7567, 0
PixelHit 920, 1241, 107.075, 0
PixelHit 920, 1242, 57.7087, 0
PixelHit 920, 1243, 2.25631, 0
PixelHit 921, 1239, 5.35254, 0
PixelHit 921, 1240, 64.6675, 0
PixelHit 921, 1241, 121.16, 0
PixelHit 921, 1242, 35.8555, 0
PixelHit 921, 1243, 2.73374, 0
PixelHit 922, 1239, 1.06359, 0
PixelHit 922, 1240, 27.4271, 0
PixelHit 922, 1241, 30.6027, 0
PixelHit 922, 1242, 6.84198, 0
PixelHit 923, 1238, 4.37653, 0
PixelHit 923, 1239, 17.7027, 0
PixelHit 923, 1240, 23.7213, 0
PixelHit 923, 1241, 24.0987, 0
PixelHit 924, 1238, 17.8599, 0
PixelHit 924, 1239, 67.3609, 0
PixelHit 924, 1240, 69.2811, 0
PixelHit 924, 1241, 10.1291, 0
PixelHit 925, 1237, 14.0947, 0
PixelHit 925, 1238, 103.978, 0
PixelHit 925, 1239, 306.125, 0
PixelHit 925, 1240, 224.199, 0
PixelHit 925, 1241, 24.8447, 0
PixelHit 926, 1237, 24.5432, 0
PixelHit 926, 1238, 210.137, 0
PixelHit 926, 1239, 621.598, 0
PixelHit 926, 1240, 402.751, 0
PixelHit 926, 1241, 49.0609, 0
PixelHit 926, 1242, 1.53015, 0
PixelHit 927, 1236, 2.19545, 0
PixelHit 927, 1237, 17.5888, 0
PixelHit 927, 1238, 134.791, 0
PixelHit 927, 1239, 325.184, 0
PixelHit 927, 1240, 191.213, 0
PixelHit 927, 1241, 27.954, 0
PixelHit 927, 1242, 1.34723, 0
PixelHit 928, 1236, 4.54422, 0
PixelHit 928, 1237, 12.639, 0
PixelHit 928, 1238, 43.3568, 0
PixelHit 928, 1239, 61.09, 0
PixelHit 928, 1240, 22.5827, 0
PixelHit 928, 1241, 2.86391, 0
PixelHit 929, 1236, 16.5868, 0
PixelHit 929, 1237, 35.4005, 0
PixelHit 929, 1238, 37.6689, 0
PixelHit 929, 1239, 12.3797, 0
PixelHit 929, 1241, 1.79746, 0
PixelHit 930, 1235, 2.66503, 0
PixelHit 930, 1236, 23.7376, 0
PixelHit 930, 1237, 77.7371, 0
PixelHit 930, 1238, 46.7156, 0
PixelHit 930, 1239, 13.1984, 0
PixelHit 930, 1240, 2.80299, 0
PixelHit 931, 1235, 3.24482, 0
PixelHit 931, 1236, 28.6726, 0
PixelHit 931, 1237, 57.3522, 0
PixelHit 931, 1238, 42.7249, 0
PixelHit 931, 1239, 5.65851, 0
PixelHit 932, 1235, 18.4994, 0
PixelHit 932, 1236, 44.4233, 0
PixelHit 932, 1237, 33.7409, 0
PixelHit 932, 1238, 23.2032, 0
PixelHit 932, 1239, 5.96759, 0
PixelHit 933, 1233, 1.58466, 0
PixelHit 933, 1234, 3.17262, 0
PixelHit 933, 1235, 16.9851, 0
PixelHit 933, 1236, 51.7993, 0
PixelHit 933, 1237, 28.9413, 0
PixelHit 933, 1238, 11.7391, 0
PixelHit 934, 1234, 13.3279, 0
PixelHit 934, 1235, 27.0808, 0
PixelHit 934, 1236, 52.5637, 0
PixelHit 934, 1237, 29.3736, 0
PixelHit 934, 1238, 8.25034, 0
PixelHit 935, 1233, 5.0124, 0
PixelHit 935, 1234, 24.3009, 0
PixelHit 935, 1235, 70.8394, 0
PixelHit 935, 1236, 61.332, 0
PixelHit 935, 1237, 10.9022, 0
PixelHit 935, 1238, 3.27178, 0
PixelHit 936, 1233, 2.6725, 0
PixelHit 936, 1234, 23.284, 0
PixelHit 936, 1235, 60.1258, 0
PixelHit 936, 1236, 35.9517, 0
PixelHit 936, 1237, 13.2588, 0
PixelHit 936, 1238, 1.6145, 0
PixelHit 937, 1234, 14.073, 0
PixelHit 937, 1235, 30.0559, 0
PixelHit 937, 1236, 21.48, 0
PixelHit 937, 1237, 1.36354, 0
PixelHit 938, 1232, 6.64089, 0
PixelHit 938, 1233, 13.0957, 0
PixelHit 938, 1234, 18.6958, 0
PixelHit 938, 1235, 14.6057, 0
PixelHit 938, 1236, 5.54123, 0
PixelHit 939, 1232, 3.62171, 0
PixelHit 939, 1233, 11.8594, 0
PixelHit 939, 1234, 17.1345, 0
PixelHit 939, 1235, 8.13457, 0
PixelHit 939, 1236, 3.58164, 0
PixelHit 939, 1237, 1.00829, 0
PixelHit 940, 1231, 3.31939, 0
PixelHit 940, 1232, 7.62747, 0
PixelHit 940, 1233, 14.962, 0
PixelHit 940, 1234, 15.5413, 0
PixelHit 940, 1235, 7.07625, 0
PixelHit 940, 1236, 1.02535, 0
PixelHit 941, 1231, 4.54706, 0
PixelHit 941, 1232, 13.1663, 0
PixelHit 941, 1233, 12.1778, 0
PixelHit 941, 1234, 18.5861, 0
PixelHit 941, 1235, 4.67986, 0
PixelHit 942, 1231, 6.10229, 0
PixelHit 942, 1232, 14.2669, 0
PixelHit 942, 1233, 11.3443, 0
PixelHit 942, 1234, 7.23712, 0
PixelHit 942, 1235, 4.73004, 0
PixelHit 943, 1230, 1.95812, 0
PixelHit 943, 1231, 4.10223, 0
PixelHit 943, 1232, 9.75839, 0
PixelHit 943, 1233, 8.73729, 0
PixelHit 943, 1234, 4.93013, 0
PixelHit 943, 1235, 2.99876, 0
PixelHit 944, 1231, 15.7903, 0
PixelHit 944, 1232, 11.4226, 0
PixelHit 944, 1233, 14.1951, 0
PixelHit 944, 1234, 3.98992, 0
PixelHit 944, 1236, 2.41235, 0
PixelHit 945, 1230, 4.11743, 0
PixelHit 945, 1231, 24.4711, 0
PixelHit 945, 1232, 22.2985, 0
PixelHit 945, 1233, 10.5423, 0
PixelHit 945, 1234, 5.61582, 0
PixelHit 946, 1227, 1.66341, 0
PixelHit 946, 1229, 5.87587, 0
PixelHit 946, 1230, 12.9401, 0
PixelHit 946, 1231, 16.6964, 0
PixelHit 946, 1232, 14.9454, 0
PixelHit 946, 1233, 6.76528, 0
PixelHit 946, 1234, 2.72494, 0
PixelHit 947, 1228, 4.74903, 0
PixelHit 947, 1229, 10.4742, 0
PixelHit 947, 1230, 27.3177, 0
PixelHit 947, 1231, 19.5871, 0
PixelHit 947, 1232, 8.6487, 0
PixelHit 947, 1233, 4.4976, 0
PixelHit 948, 1228, 1.57647, 0
PixelHit 948, 1229, 13.2582, 0
PixelHit 948, 1230, 12.1097, 0
PixelHit 948, 1231, 11.2229, 0
PixelHit 948, 1232, 7.78432, 0
PixelHit 948, 1233, 4.19573, 0
PixelHit 949, 1228, 3.66737, 0
PixelHit 949, 1229, 12.0204, 0
PixelHit 949, 1230, 11.3545, 0
PixelHit 949, 1231, 12.7343, 0
PixelHit 949, 1232, 7.73604, 0
PixelHit 950, 1229, 5.01385, 0
PixelHit 950, 1230, 12.3284, 0
PixelHit 950, 1231, 2.99533, 0
PixelHit 950, 1232, 1.79251, 0
PixelHit 951, 1228, 2.987, 0
PixelHit 951, 1230, 1.91037, 0
PixelHit 952, 1229, 1.36573, 0
PixelHit 952, 1230, 1.95544, 0
=== 29 ===
=== 30 ===
=== 31 ===
=== 32 ===
=== 33 ===
=== 34 ===
=== 35 ===
=== 36 ===
=== 37 ===
=== 38 ===
=== 39 ===
=== 40 ===
=== 41 ===
=== 42 ===
=== 43 ===
=== 44 ===
=== 45 ===
=== 46 ===
=== 47 ===
=== 48 ===
=== 49 ===
=== 50 ===
=== 51 ===
=== 52 ===
=== 53 ===
=== 54 ===
=== 55 ===
=== 56 ===
=== 57 ===
=== 58 ===
=== 59 ===
=== 60 ===
=== 61 ===
=== 62 ===
=== 63 ===
=== 64 ===
=== 65 ===
=== 66 ===
=== 67 ===
=== 68 ===
=== 69 ===
=== 70 ===
=== 71 ===
=== 72 ===
=== 73 ===
=== 74 ===
=== 75 ===
=== 76 ===
=== 77 ===
=== 78 ===
=== 79 ===
=== 80 ===
=== 81 ===
=== 82 ===
=== 83 ===
=== 84 ===
=== 85 ===
=== 86 ===
=== 87 ===
=== 88 ===
=== 89 ===
=== 90 ===
=== 91 ===
=== 92 ===
=== 93 ===
=== 94 ===
=== 95 ===
=== 96 ===
=== 97 ===
=== 98 ===
=== 99 ===
=== 100 ===
# 535 objects from 2 messages
