# Allpix Squared ASCII data - https://cern.ch/allpix-squared

=== 1 ===
=== 2 ===
=== 3 ===
=== 4 ===
=== 5 ===
=== 6 ===
=== 7 ===
=== 8 ===
=== 9 ===
=== 10 ===
=== 11 ===
=== 12 ===
=== 13 ===
=== 14 ===
=== 15 ===
=== 16 ===
=== 17 ===
=== 18 ===
=== 19 ===
=== 20 ===
=== 21 ===
=== 22 ===
=== 23 ===
=== 24 ===
=== 25 ===
=== 26 ===
=== 27 ===
=== 28 ===
=== 29 ===
=== 30 ===
=== 31 ===
=== 32 ===
=== 33 ===
=== 34 ===
=== 35 ===
=== 36 ===
=== 37 ===
=== 38 ===
=== 39 ===
=== 40 ===
=== 41 ===
=== 42 ===
=== 43 ===
=== 44 ===
=== 45 ===
=== 46 ===
--- mydetector ---
PixelHit 1417, 431, 0.0299437, 0
PixelHit 1417, 432, 1.07979, 0
PixelHit 1417, 433, 23.4072, 0
PixelHit 1417, 434, 11.9718, 0
PixelHit 1418, 430, 11.3675, 0
PixelHit 1418, 431, 18.8342, 0
PixelHit 1418, 432, 7.8455, 0
PixelHit 1418, 433, 42.984, 0
PixelHit 1418, 434, 2.9782, 0
PixelHit 1419, 427, 2.79076, 0
PixelHit 1419, 428, 4.38731, 0
PixelHit 1419, 429, 39.3424, 0
PixelHit 1419, 430, 47.1021, 0
PixelHit 1419, 431, 43.6037, 0
PixelHit 1419, 432, 4.44886, 0
PixelHit 1420, 424, 1.8531, 0
PixelHit 1420, 426, 2.87196, 0
PixelHit 1420, 427, 14.288, 0
PixelHit 1420, 428, 15.1406, 0
PixelHit 1420, 429, 43.4232, 0
PixelHit 1420, 430, 19.2144, 0
PixelHit 1420, 431, 5.33424, 0
PixelHit 1421, 422, 3.59018, 0
PixelHit 1421, 423, 2.71744, 0
PixelHit 1421, 424, 9.36371, 0
PixelHit 1421, 425, 11.0355, 0
PixelHit 1421, 426, 12.0118, 0
PixelHit 1421, 427, 15.0339, 0
PixelHit 1421, 428, 7.46363, 0
PixelHit 1421, 429, 3.0858, 0
PixelHit 1422, 420, 2.46636, 0
PixelHit 1422, 421, 3.46188, 0
PixelHit 1422, 422, 11.6626, 0
PixelHit 1422, 423, 28.8821, 0
PixelHit 1422, 424, 60.7261, 0
PixelHit 1422, 425, 38.0915, 0
PixelHit 1422, 426, 12.2793, 0
PixelHit 1422, 427, 2.2638, 0
PixelHit 1422, 429, 2.3324, 0
PixelHit 1423, 419, 2.92676, 0
PixelHit 1423, 420, 13.4576, 0
PixelHit 1423, 421, 16.8221, 0
PixelHit 1423, 422, 22.6378, 0
PixelHit 1423, 423, 44.7018, 0
PixelHit 1423, 424, 56.3489, 0
PixelHit 1423, 425, 11.2147, 0
PixelHit 1423, 426, 6.39415, 0
PixelHit 1424, 416, 5.20685, 0
PixelHit 1424, 417, 5.60019, 0
PixelHit 1424, 418, 5.65098, 0
PixelHit 1424, 419, 21.7157, 0
PixelHit 1424, 420, 44.7138, 0
PixelHit 1424, 421, 31.6515, 0
PixelHit 1424, 422, 14.0919, 0
PixelHit 1424, 423, 14.284, 0
PixelHit 1424, 424, 7.38511, 0
PixelHit 1424, 427, 2.47265, 0
PixelHit 1425, 414, 2.85485, 0
PixelHit 1425, 415, 1.54711, 0
PixelHit 1425, 416, 5.74668, 0
PixelHit 1425, 417, 7.93118, 0
PixelHit 1425, 418, 22.8059, 0
PixelHit 1425, 419, 35.5274, 0
PixelHit 1425, 420, 33.4016, 0
PixelHit 1425, 421, 21.7882, 0
PixelHit 1425, 422, 4.16292, 0
PixelHit 1426, 412, 3.57872, 0
PixelHit 1426, 413, 13.9399, 0
PixelHit 1426, 414, 9.99285, 0
PixelHit 1426, 415, 15.8844, 0
PixelHit 1426, 416, 10.1066, 0
PixelHit 1426, 417, 20.5309, 0
PixelHit 1426, 418, 18.1795, 0
PixelHit 1426, 419, 16.6343, 0
PixelHit 1426, 420, 4.83356, 0
PixelHit 1427, 409, 1.79372, 0
PixelHit 1427, 410, 5.724, 0
PixelHit 1427, 411, 4.73016, 0
PixelHit 1427, 412, 26.9124, 0
PixelHit 1427, 413, 43.1916, 0
PixelHit 1427, 414, 47.5295, 0
PixelHit 1427, 415, 21.1496, 0
PixelHit 1427, 416, 11.228, 0
PixelHit 1427, 417, 10.5937, 0
PixelHit 1427, 418, 7.29742, 0
PixelHit 1427, 419, 2.75662, 0
PixelHit 1428, 408, 2.00667, 0
PixelHit 1428, 409, 3.42543, 0
PixelHit 1428, 410, 13.9165, 0
PixelHit 1428, 411, 25.4733, 0
PixelHit 1428, 412, 45.3464, 0
PixelHit 1428, 413, 63.134, 0
PixelHit 1428, 414, 62.1943, 0
PixelHit 1428, 415, 24.6344, 0
PixelHit 1428, 416, 6.84902, 0
PixelHit 1428, 417, 5.30172, 0
PixelHit 1429, 406, 2.78686, 0
PixelHit 1429, 408, 5.86379, 0
PixelHit 1429, 409, 16.1337, 0
PixelHit 1429, 410, 38.2151, 0
PixelHit 1429, 411, 36.9972, 0
PixelHit 1429, 412, 50.9152, 0
PixelHit 1429, 413, 45.2527, 0
PixelHit 1429, 414, 26.1518, 0
PixelHit 1429, 415, 7.60413, 0
PixelHit 1429, 417, 1.95208, 0
PixelHit 1430, 402, 1.76316, 0
PixelHit 1430, 404, 3.6504, 0
PixelHit 1430, 406, 5.92952, 0
PixelHit 1430, 407, 4.57963, 0
PixelHit 1430, 408, 4.18261, 0
PixelHit 1430, 409, 7.70452, 0
PixelHit 1430, 410, 30.8647, 0
PixelHit 1430, 411, 34.5837, 0
PixelHit 1430, 412, 23.1833, 0
PixelHit 1430, 413, 9.90196, 0
PixelHit 1430, 414, 4.71023, 0
PixelHit 1430, 415, 2.24616, 0
PixelHit 1431, 401, 0.542965, 0
PixelHit 1431, 402, 3.48234, 0
PixelHit 1431, 403, 6.55688, 0
PixelHit 1431, 404, 2.63772, 0
PixelHit 1431, 405, 11.4035, 0
PixelHit 1431, 406, 10.9852, 0
PixelHit 1431, 407, 11.7338, 0
PixelHit 1431, 408, 18.7377, 0
PixelHit 1431, 409, 17.4413, 0
PixelHit 1431, 410, 15.1254, 0
PixelHit 1431, 411, 13.4063, 0
PixelHit 1431, 412, 3.24187, 0
PixelHit 1431, 413, 3.71559, 0
PixelHit 1432, 400, 2.25273, 0
PixelHit 1432, 401, 6.17749, 0
PixelHit 1432, 402, 6.38848, 0
PixelHit 1432, 403, 10.903, 0
PixelHit 1432, 404, 13.7238, 0
PixelHit 1432, 405, 23.719, 0
PixelHit 1432, 406, 16.4845, 0
PixelHit 1432, 407, 18.9905, 0
PixelHit 1432, 408, 8.58786, 0
PixelHit 1432, 409, 6.34637, 0
PixelHit 1432, 410, 3.10193, 0
PixelHit 1432, 411, 1.65552, 0
PixelHit 1433, 399, 1.74918, 0
PixelHit 1433, 400, 3.28424, 0
PixelHit 1433, 401, 10.4545, 0
PixelHit 1433, 402, 17.0649, 0
PixelHit 1433, 403, 20.2907, 0
PixelHit 1433, 404, 23.7269, 0
PixelHit 1433, 405, 23.0615, 0
PixelHit 1433, 406, 15.9146, 0
PixelHit 1433, 407, 3.89742, 0
PixelHit 1433, 408, 3.69459, 0
PixelHit 1433, 410, 0.471349, 0
PixelHit 1434, 399, 9.28749, 0
PixelHit 1434, 400, 15.5341, 0
PixelHit 1434, 401, 28.7919, 0
PixelHit 1434, 402, 27.1834, 0
PixelHit 1434, 403, 27.9733, 0
PixelHit 1434, 404, 14.6339, 0
PixelHit 1434, 405, 6.56438, 0
PixelHit 1434, 406, 5.03711, 0
PixelHit 1435, 398, 2.13406, 0
PixelHit 1435, 399, 0.77382, 0
PixelHit 1435, 400, 9.70571, 0
PixelHit 1435, 401, 17.4638, 0
PixelHit 1435, 402, 11.3193, 0
PixelHit 1435, 403, 16.3509, 0
PixelHit 1435, 404, 7.77014, 0
PixelHit 1435, 405, 4.71971, 0
PixelHit 1436, 399, 4.66049, 0
PixelHit 1436, 400, 16.4496, 0
PixelHit 1436, 401, 5.77703, 0
PixelHit 1436, 403, 2.8369, 0
PixelHit 1436, 404, 3.87098, 0
PixelHit 1437, 398, 1.54934, 0
=== 47 ===
=== 48 ===
=== 49 ===
=== 50 ===
=== 51 ===
=== 52 ===
=== 53 ===
=== 54 ===
=== 55 ===
=== 56 ===
=== 57 ===
=== 58 ===
=== 59 ===
=== 60 ===
=== 61 ===
=== 62 ===
=== 63 ===
=== 64 ===
=== 65 ===
=== 66 ===
=== 67 ===
=== 68 ===
=== 69 ===
=== 70 ===
=== 71 ===
=== 72 ===
=== 73 ===
=== 74 ===
=== 75 ===
--- mydetector ---
PixelHit 1294, 1416, 2.7907, 0
PixelHit 1294, 1417, 20.2299, 0
PixelHit 1294, 1418, 58.8407, 0
PixelHit 1294, 1419, 18.9406, 0
PixelHit 1295, 1413, 2.06128, 0
PixelHit 1295, 1415, 9.50773, 0
PixelHit 1295, 1416, 30.7291, 0
PixelHit 1295, 1417, 93.8493, 0
PixelHit 1295, 1418, 97.4085, 0
PixelHit 1295, 1419, 1.54337, 0
PixelHit 1296, 1411, 1.32652, 0
PixelHit 1296, 1412, 3.16784, 0
PixelHit 1296, 1413, 10.5789, 0
PixelHit 1296, 1414, 44.3212, 0
PixelHit 1296, 1415, 27.6849, 0
PixelHit 1296, 1416, 30.8824, 0
PixelHit 1296, 1417, 4.12395, 0
PixelHit 1296, 1418, 1.68673, 0
PixelHit 1297, 1411, 12.8297, 0
PixelHit 1297, 1412, 30.6458, 0
PixelHit 1297, 1413, 53.2343, 0
PixelHit 1297, 1414, 47.4088, 0
PixelHit 1297, 1415, 10.9318, 0
PixelHit 1297, 1416, 3.13846, 0
PixelHit 1298, 1407, 1.22532, 0
PixelHit 1298, 1408, 2.34918, 0
PixelHit 1298, 1409, 2.81586, 0
PixelHit 1298, 1410, 11.0447, 0
PixelHit 1298, 1411, 49.0568, 0
PixelHit 1298, 1412, 50.8524, 0
PixelHit 1298, 1413, 34.788, 0
PixelHit 1298, 1414, 7.60706, 0
PixelHit 1299, 1405, 1.5347, 0
PixelHit 1299, 1406, 4.13616, 0
PixelHit 1299, 1407, 13.3328, 0
PixelHit 1299, 1408, 8.70421, 0
PixelHit 1299, 1409, 16.4143, 0
PixelHit 1299, 1410, 6.79248, 0
PixelHit 1299, 1411, 13.859, 0
PixelHit 1299, 1412, 12.8513, 0
PixelHit 1299, 1413, 2.337, 0
PixelHit 1300, 1400, 1.09988, 0
PixelHit 1300, 1402, 2.37699, 0
PixelHit 1300, 1403, 1.3764, 0
PixelHit 1300, 1404, 2.5557, 0
PixelHit 1300, 1405, 7.49494, 0
PixelHit 1300, 1406, 23.0751, 0
PixelHit 1300, 1407, 32.1894, 0
PixelHit 1300, 1408, 23.2517, 0
PixelHit 1300, 1409, 16.8841, 0
PixelHit 1300, 1410, 2.27358, 0
PixelHit 1301, 1402, 2.28717, 0
PixelHit 1301, 1403, 17.8578, 0
PixelHit 1301, 1404, 14.0563, 0
PixelHit 1301, 1405, 24.483, 0
PixelHit 1301, 1406, 25.985, 0
PixelHit 1301, 1407, 19.4041, 0
PixelHit 1301, 1408, 9.87538, 0
PixelHit 1301, 1410, 2.73615, 0
PixelHit 1302, 1398, 0.0301101, 0
PixelHit 1302, 1399, 3.88658, 0
PixelHit 1302, 1400, 5.94273, 0
PixelHit 1302, 1401, 15.5212, 0
PixelHit 1302, 1402, 24.7811, 0
PixelHit 1302, 1403, 35.733, 0
PixelHit 1302, 1404, 33.9428, 0
PixelHit 1302, 1405, 14.053, 0
PixelHit 1302, 1406, 11.5, 0
PixelHit 1303, 1396, 0.486429, 0
PixelHit 1303, 1398, 6.49197, 0
PixelHit 1303, 1399, 12.1039, 0
PixelHit 1303, 1400, 23.8856, 0
PixelHit 1303, 1401, 27.0992, 0
PixelHit 1303, 1402, 29.9425, 0
PixelHit 1303, 1403, 35.1643, 0
PixelHit 1303, 1404, 22.7048, 0
PixelHit 1303, 1405, 8.01762, 0
PixelHit 1304, 1395, 2.13478, 0
PixelHit 1304, 1396, 4.40533, 0
PixelHit 1304, 1398, 12.0264, 0
PixelHit 1304, 1399, 15.5269, 0
PixelHit 1304, 1400, 37.6913, 0
PixelHit 1304, 1401, 22.6884, 0
PixelHit 1304, 1402, 15.0184, 0
PixelHit 1304, 1403, 5.85508, 0
PixelHit 1304, 1404, 2.23228, 0
PixelHit 1305, 1394, 2.31541, 0
PixelHit 1305, 1395, 5.13416, 0
PixelHit 1305, 1396, 6.86455, 0
PixelHit 1305, 1397, 19.6236, 0
PixelHit 1305, 1398, 29.6688, 0
PixelHit 1305, 1399, 12.2747, 0
PixelHit 1305, 1400, 17.2759, 0
PixelHit 1305, 1401, 14.4151, 0
PixelHit 1305, 1402, 2.6971, 0
PixelHit 1306, 1389, 2.05564, 0
PixelHit 1306, 1391, 3.11261, 0
PixelHit 1306, 1392, 10.5967, 0
PixelHit 1306, 1393, 1.20728, 0
PixelHit 1306, 1394, 2.7684, 0
PixelHit 1306, 1395, 7.41848, 0
PixelHit 1306, 1396, 14.7488, 0
PixelHit 1306, 1397, 15.1952, 0
PixelHit 1306, 1398, 24.9714, 0
PixelHit 1306, 1399, 6.40799, 0
PixelHit 1306, 1400, 4.03555, 0
PixelHit 1306, 1401, 1.04514, 0
PixelHit 1306, 1402, 1.9129, 0
PixelHit 1307, 1388, 3.20061, 0
PixelHit 1307, 1389, 5.60857, 0
PixelHit 1307, 1390, 9.15869, 0
PixelHit 1307, 1391, 8.43755, 0
PixelHit 1307, 1392, 29.4861, 0
PixelHit 1307, 1393, 23.3362, 0
PixelHit 1307, 1394, 17.4865, 0
PixelHit 1307, 1395, 14.6164, 0
PixelHit 1307, 1396, 3.93089, 0
PixelHit 1307, 1397, 2.1665, 0
PixelHit 1307, 1398, 4.57829, 0
PixelHit 1307, 1399, 1.06378, 0
PixelHit 1308, 1386, 0.945777, 0
PixelHit 1308, 1388, 12.246, 0
PixelHit 1308, 1389, 18.6276, 0
PixelHit 1308, 1390, 36.0968, 0
PixelHit 1308, 1391, 28.3573, 0
PixelHit 1308, 1392, 34.1892, 0
PixelHit 1308, 1393, 23.9005, 0
PixelHit 1308, 1394, 14.8154, 0
PixelHit 1308, 1395, 3.1636, 0
PixelHit 1308, 1396, 5.00667, 0
PixelHit 1308, 1398, 0.521215, 0
PixelHit 1309, 1384, 0.800213, 0
PixelHit 1309, 1386, 2.1697, 0
PixelHit 1309, 1387, 8.03885, 0
PixelHit 1309, 1388, 30.99, 0
PixelHit 1309, 1389, 27.4253, 0
PixelHit 1309, 1390, 36.5126, 0
PixelHit 1309, 1391, 49.1828, 0
PixelHit 1309, 1392, 38.6659, 0
PixelHit 1309, 1393, 11.7234, 0
PixelHit 1309, 1394, 5.81623, 0
PixelHit 1309, 1397, 2.64682, 0
PixelHit 1310, 1385, 2.34362, 0
PixelHit 1310, 1386, 6.83632, 0
PixelHit 1310, 1387, 16.1441, 0
PixelHit 1310, 1388, 32.1345, 0
PixelHit 1310, 1389, 49.4374, 0
PixelHit 1310, 1390, 41.3048, 0
PixelHit 1310, 1391, 29.3997, 0
PixelHit 1310, 1392, 19.9897, 0
PixelHit 1310, 1393, 4.47411, 0
PixelHit 1310, 1394, 5.54906, 0
PixelHit 1311, 1381, 2.19004, 0
PixelHit 1311, 1382, 0.711444, 0
PixelHit 1311, 1384, 4.63609, 0
PixelHit 1311, 1385, 7.38015, 0
PixelHit 1311, 1386, 9.70186, 0
PixelHit 1311, 1387, 27.6069, 0
PixelHit 1311, 1388, 31.5835, 0
PixelHit 1311, 1389, 39.1477, 0
PixelHit 1311, 1390, 27.0118, 0
PixelHit 1311, 1391, 3.26539, 0
PixelHit 1311, 1392, 9.11971, 0
PixelHit 1311, 1393, 2.62528, 0
PixelHit 1312, 1378, 5.47482, 0
PixelHit 1312, 1379, 9.69154, 0
PixelHit 1312, 1380, 21.3873, 0
PixelHit 1312, 1381, 14.9003, 0
PixelHit 1312, 1382, 16.6039, 0
PixelHit 1312, 1383, 5.90463, 0
PixelHit 1312, 1384, 9.06662, 0
PixelHit 1312, 1385, 14.9954, 0
PixelHit 1312, 1386, 7.2868, 0
PixelHit 1312, 1387, 16.4567, 0
PixelHit 1312, 1388, 8.29893, 0
PixelHit 1312, 1389, 12.2646, 0
PixelHit 1312, 1390, 7.92468, 0
PixelHit 1312, 1391, 5.29044, 0
PixelHit 1313, 1378, 6.73067, 0
PixelHit 1313, 1379, 19.9762, 0
PixelHit 1313, 1380, 60.8045, 0
PixelHit 1313, 1381, 69.417, 0
PixelHit 1313, 1382, 40.8838, 0
PixelHit 1313, 1383, 25.6054, 0
PixelHit 1313, 1384, 12.354, 0
PixelHit 1313, 1385, 10.6196, 0
PixelHit 1313, 1386, 5.43677, 0
PixelHit 1313, 1387, 3.28668, 0
PixelHit 1313, 1388, 1.8972, 0
PixelHit 1313, 1390, 1.98183, 0
PixelHit 1314, 1377, 2.04688, 0
PixelHit 1314, 1378, 7.01918, 0
PixelHit 1314, 1379, 37.488, 0
PixelHit 1314, 1380, 118.616, 0
PixelHit 1314, 1381, 127.886, 0
PixelHit 1314, 1382, 89.8907, 0
PixelHit 1314, 1383, 31.0594, 0
PixelHit 1314, 1384, 13.5476, 0
PixelHit 1314, 1385, 4.44201, 0
PixelHit 1314, 1386, 4.05706, 0
PixelHit 1315, 1376, 1.44155, 0
PixelHit 1315, 1377, 1.53005, 0
PixelHit 1315, 1378, 9.19801, 0
PixelHit 1315, 1379, 50.8874, 0
PixelHit 1315, 1380, 104.725, 0
PixelHit 1315, 1381, 133.928, 0
PixelHit 1315, 1382, 81.4349, 0
PixelHit 1315, 1383, 21.0075, 0
PixelHit 1315, 1384, 3.67489, 0
PixelHit 1315, 1385, 1.35621, 0
PixelHit 1315, 1387, 0.646207, 0
PixelHit 1316, 1376, 1.1112, 0
PixelHit 1316, 1378, 6.2981, 0
PixelHit 1316, 1379, 16.044, 0
PixelHit 1316, 1380, 46.4088, 0
PixelHit 1316, 1381, 69.3686, 0
PixelHit 1316, 1382, 35.796, 0
PixelHit 1316, 1383, 10.6266, 0
PixelHit 1316, 1384, 4.82106, 0
PixelHit 1317, 1377, 1.17519, 0
PixelHit 1317, 1378, 0.591845, 0
PixelHit 1317, 1379, 8.02718, 0
PixelHit 1317, 1380, 15.8322, 0
PixelHit 1317, 1381, 18.6419, 0
PixelHit 1317, 1382, 7.80974, 0
PixelHit 1317, 1383, 4.25525, 0
PixelHit 1318, 1380, 1.29133, 0
PixelHit 1318, 1381, 2.79448, 0
PixelHit 1319, 1382, 1.91505, 0
=== 76 ===
=== 77 ===
=== 78 ===
=== 79 ===
=== 80 ===
=== 81 ===
=== 82 ===
=== 83 ===
=== 84 ===
=== 85 ===
=== 86 ===
=== 87 ===
=== 88 ===
=== 89 ===
=== 90 ===
=== 91 ===
=== 92 ===
=== 93 ===
=== 94 ===
=== 95 ===
=== 96 ===
=== 97 ===
=== 98 ===
=== 99 ===
=== 100 ===
# 405 objects from 2 messages
