# Allpix Squared ASCII data - https://cern.ch/allpix-squared

=== 1 ===
=== 2 ===
=== 3 ===
=== 4 ===
=== 5 ===
=== 6 ===
=== 7 ===
=== 8 ===
=== 9 ===
=== 10 ===
=== 11 ===
=== 12 ===
=== 13 ===
=== 14 ===
=== 15 ===
=== 16 ===
=== 17 ===
--- mydetector ---
PixelHit 1265, 967, 2.80088, 0
PixelHit 1265, 968, 8.71633, 0
PixelHit 1265, 969, 9.61683, 0
PixelHit 1266, 966, 4.81835, 0
PixelHit 1266, 967, 81.0676, 0
PixelHit 1266, 968, 351.796, 0
PixelHit 1266, 969, 260.44, 0
PixelHit 1266, 970, 56.0706, 0
PixelHit 1266, 971, 7.28063, 0
PixelHit 1266, 974, 1.5334, 0
PixelHit 1267, 966, 13.6576, 0
PixelHit 1267, 967, 338.023, 0
PixelHit 1267, 968, 1218.25, 0
PixelHit 1267, 969, 975.881, 0
PixelHit 1267, 970, 332.344, 0
PixelHit 1267, 971, 101.775, 0
PixelHit 1267, 972, 61.3293, 0
PixelHit 1267, 973, 26.914, 0
PixelHit 1267, 974, 2.77855, 0
PixelHit 1267, 975, 4.24349, 0
PixelHit 1268, 966, 4.27035, 0
PixelHit 1268, 967, 157.56, 0
PixelHit 1268, 968, 633.611, 0
PixelHit 1268, 969, 737.709, 0
PixelHit 1268, 970, 621.204, 0
PixelHit 1268, 971, 417.64, 0
PixelHit 1268, 972, 259.919, 0
PixelHit 1268, 973, 109.017, 0
PixelHit 1268, 974, 31.2964, 0
PixelHit 1269, 967, 10.0258, 0
PixelHit 1269, 968, 70.462, 0
PixelHit 1269, 969, 196.358, 0
PixelHit 1269, 970, 339.556, 0
PixelHit 1269, 971, 431.581, 0
PixelHit 1269, 972, 281.155, 0
PixelHit 1269, 973, 168.358, 0
PixelHit 1269, 974, 22.9089, 0
PixelHit 1270, 968, 1.86665, 0
PixelHit 1270, 969, 17.5689, 0
PixelHit 1270, 970, 60.6718, 0
PixelHit 1270, 971, 119.31, 0
PixelHit 1270, 972, 75.0479, 0
PixelHit 1270, 973, 48.9764, 0
PixelHit 1270, 974, 12.977, 0
PixelHit 1271, 970, 1.73525, 0
PixelHit 1271, 971, 2.23151, 0
PixelHit 1271, 972, 5.02689, 0
PixelHit 1271, 973, 0.952528, 0
PixelHit 1343, 960, 3.70812, 0
PixelHit 1343, 961, 2.94338, 0
PixelHit 1345, 961, 1.14021, 0
PixelHit 1346, 960, 1.59369, 0
=== 18 ===
=== 19 ===
=== 20 ===
=== 21 ===
=== 22 ===
=== 23 ===
=== 24 ===
=== 25 ===
=== 26 ===
=== 27 ===
=== 28 ===
=== 29 ===
=== 30 ===
--- mydetector ---
PixelHit 1299, 968, 0.920345, 0
PixelHit 1299, 970, 2.5087, 0
PixelHit 1299, 971, 3.38248, 0
PixelHit 1300, 966, 1.61829, 0
PixelHit 1300, 967, 8.42243, 0
PixelHit 1300, 968, 25.425, 0
PixelHit 1300, 969, 34.9397, 0
PixelHit 1300, 970, 36.9038, 0
PixelHit 1300, 971, 29.3573, 0
PixelHit 1300, 972, 9.86564, 0
PixelHit 1300, 973, 4.42626, 0
PixelHit 1301, 966, 6.3517, 0
PixelHit 1301, 967, 52.563, 0
PixelHit 1301, 968, 178.018, 0
PixelHit 1301, 969, 286.869, 0
PixelHit 1301, 970, 245.333, 0
PixelHit 1301, 971, 136.945, 0
PixelHit 1301, 972, 73.5547, 0
PixelHit 1301, 973, 19.3482, 0
PixelHit 1302, 966, 15.7747, 0
PixelHit 1302, 967, 181.092, 0
PixelHit 1302, 968, 569.937, 0
PixelHit 1302, 969, 705.886, 0
PixelHit 1302, 970, 539.628, 0
PixelHit 1302, 971, 306.316, 0
PixelHit 1302, 972, 174.56, 0
PixelHit 1302, 973, 72.7856, 0
PixelHit 1302, 974, 8.08135, 0
PixelHit 1303, 965, 2.09581, 0
PixelHit 1303, 966, 30.3248, 0
PixelHit 1303, 967, 210.652, 0
PixelHit 1303, 968, 659.809, 0
PixelHit 1303, 969, 795.866, 0
PixelHit 1303, 970, 470.774, 0
PixelHit 1303, 971, 253.549, 0
PixelHit 1303, 972, 226.785, 0
PixelHit 1303, 973, 88.3966, 0
PixelHit 1303, 974, 18.7541, 0
PixelHit 1303, 975, 2.62193, 0
PixelHit 1303, 976, 1.88088, 0
PixelHit 1304, 966, 12.1071, 0
PixelHit 1304, 967, 85.8885, 0
PixelHit 1304, 968, 300.573, 0
PixelHit 1304, 969, 338.825, 0
PixelHit 1304, 970, 197.891, 0
PixelHit 1304, 971, 165.101, 0
PixelHit 1304, 972, 196.677, 0
PixelHit 1304, 973, 116.869, 0
PixelHit 1304, 974, 19.8366, 0
PixelHit 1304, 975, 3.24962, 0
PixelHit 1305, 966, 3.42602, 0
PixelHit 1305, 967, 16.2506, 0
PixelHit 1305, 968, 37.4128, 0
PixelHit 1305, 969, 58.2659, 0
PixelHit 1305, 970, 42.8975, 0
PixelHit 1305, 971, 121.033, 0
PixelHit 1305, 972, 167.893, 0
PixelHit 1305, 973, 87.774, 0
PixelHit 1305, 974, 21.1002, 0
PixelHit 1306, 967, 4.10346, 0
PixelHit 1306, 968, 2.71092, 0
PixelHit 1306, 969, 2.92852, 0
PixelHit 1306, 970, 11.32, 0
PixelHit 1306, 971, 45.5192, 0
PixelHit 1306, 972, 76.6974, 0
PixelHit 1306, 973, 28.6915, 0
PixelHit 1306, 974, 10.1746, 0
PixelHit 1306, 975, 1.3038, 0
PixelHit 1307, 971, 9.06637, 0
PixelHit 1307, 972, 10.4178, 0
PixelHit 1307, 973, 10.3983, 0
PixelHit 1308, 971, 0.269233, 0
PixelHit 1367, 961, 3.07455, 0
PixelHit 1368, 962, 2.73674, 0
PixelHit 1369, 959, 0.454842, 0
PixelHit 1369, 963, 1.45973, 0
PixelHit 1370, 960, 2.49587, 0
PixelHit 1370, 961, 3.69586, 0
=== 31 ===
=== 32 ===
=== 33 ===
=== 34 ===
--- mydetector ---
PixelHit 1360, 963, 2.07484, 0
PixelHit 1360, 965, 5.47399, 0
PixelHit 1360, 966, 2.72328, 0
PixelHit 1361, 960, 1.38955, 0
PixelHit 1361, 962, 7.91868, 0
PixelHit 1361, 963, 18.9204, 0
PixelHit 1361, 964, 39.8581, 0
PixelHit 1361, 965, 29.3732, 0
PixelHit 1361, 966, 17.3873, 0
PixelHit 1361, 967, 5.62195, 0
PixelHit 1362, 959, 1.86776, 0
PixelHit 1362, 960, 6.75693, 0
PixelHit 1362, 961, 30.7049, 0
PixelHit 1362, 962, 56.4233, 0
PixelHit 1362, 963, 108.075, 0
PixelHit 1362, 964, 163.86, 0
PixelHit 1362, 965, 150.817, 0
PixelHit 1362, 966, 91.3853, 0
PixelHit 1362, 967, 31.8737, 0
PixelHit 1362, 968, 3.33611, 0
PixelHit 1362, 969, 1.85515, 0
PixelHit 1363, 959, 5.2151, 0
PixelHit 1363, 960, 32.1911, 0
PixelHit 1363, 961, 86.2256, 0
PixelHit 1363, 962, 185.633, 0
PixelHit 1363, 963, 205.071, 0
PixelHit 1363, 964, 256.168, 0
PixelHit 1363, 965, 431.712, 0
PixelHit 1363, 966, 418.138, 0
PixelHit 1363, 967, 184.209, 0
PixelHit 1363, 968, 27.4439, 0
PixelHit 1363, 969, 4.13426, 0
PixelHit 1364, 959, 8.11007, 0
PixelHit 1364, 960, 52.9941, 0
PixelHit 1364, 961, 149.568, 0
PixelHit 1364, 962, 199.395, 0
PixelHit 1364, 963, 177.855, 0
PixelHit 1364, 964, 245.926, 0
PixelHit 1364, 965, 629.022, 0
PixelHit 1364, 966, 921.307, 0
PixelHit 1364, 967, 464.954, 0
PixelHit 1364, 968, 89.7242, 0
PixelHit 1364, 969, 6.92388, 0
PixelHit 1365, 959, 6.84768, 0
PixelHit 1365, 960, 69.6287, 0
PixelHit 1365, 961, 156.272, 0
PixelHit 1365, 962, 165.197, 0
PixelHit 1365, 963, 80.2195, 0
PixelHit 1365, 964, 120.672, 0
PixelHit 1365, 965, 484.357, 0
PixelHit 1365, 966, 743.336, 0
PixelHit 1365, 967, 398.646, 0
PixelHit 1365, 968, 73.3393, 0
PixelHit 1365, 969, 5.50903, 0
PixelHit 1366, 958, 1.46093, 0
PixelHit 1366, 959, 9.55396, 0
PixelHit 1366, 960, 66.7586, 0
PixelHit 1366, 961, 84.3379, 0
PixelHit 1366, 962, 77.9634, 0
PixelHit 1366, 963, 26.6865, 0
PixelHit 1366, 964, 31.2767, 0
PixelHit 1366, 965, 111.413, 0
PixelHit 1366, 966, 186.911, 0
PixelHit 1366, 967, 108.136, 0
PixelHit 1366, 968, 11.0336, 0
PixelHit 1366, 969, 4.31956, 0
PixelHit 1367, 958, 2.20102, 0
PixelHit 1367, 959, 7.21461, 0
PixelHit 1367, 960, 18.8241, 0
PixelHit 1367, 961, 26.6626, 0
PixelHit 1367, 962, 15.0922, 0
PixelHit 1367, 963, 2.56473, 0
PixelHit 1367, 965, 10.9158, 0
PixelHit 1367, 966, 14.7907, 0
PixelHit 1367, 967, 11.2306, 0
PixelHit 1367, 968, 2.09785, 0
PixelHit 1368, 959, 1.25678, 0
PixelHit 1368, 962, 3.09053, 0
PixelHit 1368, 966, 3.42228, 0
PixelHit 1369, 962, -0.670335, 0
PixelHit 1410, 950, 1.45166, 0
PixelHit 1410, 952, 0.894372, 0
PixelHit 1412, 950, -0.570538, 0
PixelHit 1412, 952, 2.36101, 0
PixelHit 1412, 954, 2.93554, 0
=== 35 ===
=== 36 ===
=== 37 ===
=== 38 ===
=== 39 ===
=== 40 ===
=== 41 ===
=== 42 ===
=== 43 ===
=== 44 ===
=== 45 ===
=== 46 ===
=== 47 ===
=== 48 ===
=== 49 ===
=== 50 ===
=== 51 ===
=== 52 ===
=== 53 ===
=== 54 ===
=== 55 ===
=== 56 ===
=== 57 ===
=== 58 ===
=== 59 ===
=== 60 ===
=== 61 ===
=== 62 ===
=== 63 ===
=== 64 ===
=== 65 ===
=== 66 ===
=== 67 ===
=== 68 ===
=== 69 ===
=== 70 ===
=== 71 ===
=== 72 ===
=== 73 ===
=== 74 ===
=== 75 ===
=== 76 ===
=== 77 ===
=== 78 ===
=== 79 ===
=== 80 ===
=== 81 ===
=== 82 ===
=== 83 ===
--- mydetector ---
PixelHit 1195, 991, 5.57475, 0
PixelHit 1195, 992, 6.25768, 0
PixelHit 1195, 993, 1.08257, 0
PixelHit 1196, 985, 15.8252, 0
PixelHit 1196, 986, 96.0795, 0
PixelHit 1196, 987, 47.4815, 0
PixelHit 1196, 988, 2.25607, 0
PixelHit 1196, 990, 7.23888, 0
PixelHit 1196, 991, 137.842, 0
PixelHit 1196, 992, 252.562, 0
PixelHit 1196, 993, 30.9484, 0
PixelHit 1196, 994, 1.23039, 0
PixelHit 1197, 985, 108.126, 0
PixelHit 1197, 986, 743.488, 0
PixelHit 1197, 987, 735.65, 0
PixelHit 1197, 988, 553.194, 0
PixelHit 1197, 989, 96.3204, 0
PixelHit 1197, 990, 75.652, 0
PixelHit 1197, 991, 281.718, 0
PixelHit 1197, 992, 503.415, 0
PixelHit 1197, 993, 59.4989, 0
PixelHit 1198, 985, 30.7684, 0
PixelHit 1198, 986, 294.959, 0
PixelHit 1198, 987, 598.707, 0
PixelHit 1198, 988, 2575.27, 0
PixelHit 1198, 989, 693.992, 0
PixelHit 1198, 990, 177.115, 0
PixelHit 1198, 991, 57.1991, 0
PixelHit 1198, 992, 20.8297, 0
PixelHit 1198, 993, 0.99986, 0
PixelHit 1199, 985, 3.68667, 0
PixelHit 1199, 986, 20.9724, 0
PixelHit 1199, 987, 56.3544, 0
PixelHit 1199, 988, 269.405, 0
PixelHit 1199, 989, 109.063, 0
PixelHit 1199, 990, 25.8115, 0
PixelHit 1199, 991, 2.47092, 0
PixelHit 1199, 992, 1.00608, 0
PixelHit 1200, 989, 2.25841, 0
PixelHit 1200, 990, 2.06409, 0
PixelHit 1317, 971, 0.527445, 0
PixelHit 1318, 971, 2.04243, 0
PixelHit 1319, 969, 3.00063, 0
PixelHit 1319, 970, 2.75234, 0
=== 84 ===
=== 85 ===
=== 86 ===
--- mydetector ---
PixelHit 1206, 980, 3.48067, 0
PixelHit 1206, 981, 4.44283, 0
PixelHit 1207, 979, 106.598, 0
PixelHit 1207, 980, 420.905, 0
PixelHit 1207, 981, 201.258, 0
PixelHit 1207, 982, 9.59765, 0
PixelHit 1208, 978, 4.52753, 0
PixelHit 1208, 979, 452.824, 0
PixelHit 1208, 980, 2389.29, 0
PixelHit 1208, 981, 1195.99, 0
PixelHit 1208, 982, 57.6996, 0
PixelHit 1209, 977, 1.00546, 0
PixelHit 1209, 978, 11.2007, 0
PixelHit 1209, 979, 239.795, 0
PixelHit 1209, 980, 1157.18, 0
PixelHit 1209, 981, 644.834, 0
PixelHit 1209, 982, 47.2372, 0
PixelHit 1209, 983, 1.47041, 0
PixelHit 1210, 978, 12.8622, 0
PixelHit 1210, 979, 147.647, 0
PixelHit 1210, 980, 469.8, 0
PixelHit 1210, 981, 221.28, 0
PixelHit 1210, 982, 19.3555, 0
PixelHit 1211, 978, 3.0527, 0
PixelHit 1211, 979, 68.2182, 0
PixelHit 1211, 980, 170.06, 0
PixelHit 1211, 981, 101.959, 0
PixelHit 1211, 982, 7.417, 0
PixelHit 1212, 978, 1.95047, 0
PixelHit 1212, 979, 38.9865, 0
PixelHit 1212, 980, 127.175, 0
PixelHit 1212, 981, 68.7944, 0
PixelHit 1212, 982, 5.74295, 0
PixelHit 1213, 979, 32.0793, 0
PixelHit 1213, 980, 104.674, 0
PixelHit 1213, 981, 52.4338, 0
PixelHit 1213, 982, 4.5314, 0
PixelHit 1214, 978, 4.1632, 0
PixelHit 1214, 979, 21.6376, 0
PixelHit 1214, 980, 47.3174, 0
PixelHit 1214, 981, 22.055, 0
PixelHit 1215, 979, 4.87018, 0
PixelHit 1215, 980, 6.22458, 0
PixelHit 1215, 981, 2.41421, 0
PixelHit 1302, 964, 0.715565, 0
PixelHit 1303, 964, 2.47494, 0
PixelHit 1304, 963, 1.35414, 0
PixelHit 1304, 965, 0.116006, 0
PixelHit 1305, 963, 0.833947, 0
PixelHit 1306, 965, 1.30146, 0
=== 87 ===
=== 88 ===
=== 89 ===
=== 90 ===
=== 91 ===
=== 92 ===
=== 93 ===
=== 94 ===
=== 95 ===
=== 96 ===
=== 97 ===
=== 98 ===
=== 99 ===
=== 100 ===
# 309 objects from 5 messages
