# Allpix Squared ASCII data - https://cern.ch/allpix-squared

=== 1 ===
=== 2 ===
=== 3 ===
=== 4 ===
=== 5 ===
=== 6 ===
=== 7 ===
=== 8 ===
=== 9 ===
--- mydetector ---
PixelHit 458, 1201, 7.69579, 0
PixelHit 459, 1197, 0.3295, 0
PixelHit 459, 1198, 8.41379, 0
PixelHit 459, 1199, 4.33405, 0
PixelHit 459, 1200, 8.14282, 0
PixelHit 459, 1201, 4.79596, 0
PixelHit 460, 1196, 2.9759, 0
PixelHit 460, 1197, 56.3889, 0
PixelHit 460, 1198, 76.8711, 0
PixelHit 460, 1199, 28.0655, 0
PixelHit 460, 1200, 3.41706, 0
PixelHit 461, 1192, 2.29587, 0
PixelHit 461, 1193, 3.87146, 0
PixelHit 461, 1194, 11.2595, 0
PixelHit 461, 1195, 18.4661, 0
PixelHit 461, 1196, 44.9795, 0
PixelHit 461, 1197, 62.0123, 0
PixelHit 461, 1198, 33.7597, 0
PixelHit 461, 1199, 2.52448, 0
PixelHit 462, 1192, 15.3017, 0
PixelHit 462, 1193, 105.727, 0
PixelHit 462, 1194, 113.07, 0
PixelHit 462, 1195, 28.2514, 0
PixelHit 462, 1196, 16.5367, 0
PixelHit 462, 1197, 2.67525, 0
PixelHit 462, 1198, 1.63877, 0
PixelHit 463, 1188, 1.83316, 0
PixelHit 463, 1190, 4.22655, 0
PixelHit 463, 1191, 12.2502, 0
PixelHit 463, 1192, 57.4462, 0
PixelHit 463, 1193, 197.473, 0
PixelHit 463, 1194, 122.466, 0
PixelHit 463, 1195, 14.1711, 0
PixelHit 464, 1188, 10.6665, 0
PixelHit 464, 1189, 10.5094, 0
PixelHit 464, 1190, 18.2478, 0
PixelHit 464, 1191, 21.4444, 0
PixelHit 464, 1192, 17.6326, 0
PixelHit 464, 1193, 50.9189, 0
PixelHit 464, 1194, 21.9987, 0
PixelHit 465, 1186, 2.10855, 0
PixelHit 465, 1187, 15.7193, 0
PixelHit 465, 1188, 45.1119, 0
PixelHit 465, 1189, 60.9862, 0
PixelHit 465, 1190, 20.0651, 0
PixelHit 465, 1191, 6.4472, 0
PixelHit 465, 1192, 2.78621, 0
PixelHit 465, 1193, 2.87148, 0
PixelHit 466, 1184, 2.24285, 0
PixelHit 466, 1185, 5.30533, 0
PixelHit 466, 1186, 17.5879, 0
PixelHit 466, 1187, 45.627, 0
PixelHit 466, 1188, 48.8881, 0
PixelHit 466, 1189, 37.2302, 0
PixelHit 466, 1190, 20.8911, 0
PixelHit 466, 1191, 2.96404, 0
PixelHit 467, 1181, 1.28048, 0
PixelHit 467, 1182, 8.2042, 0
PixelHit 467, 1183, 20.7058, 0
PixelHit 467, 1184, 18.9983, 0
PixelHit 467, 1185, 19.7039, 0
PixelHit 467, 1186, 13.2737, 0
PixelHit 467, 1187, 16.4458, 0
PixelHit 467, 1188, 7.54079, 0
PixelHit 467, 1189, 10.1189, 0
PixelHit 468, 1181, 13.2448, 0
PixelHit 468, 1182, 21.031, 0
PixelHit 468, 1183, 67.8346, 0
PixelHit 468, 1184, 86.4384, 0
PixelHit 468, 1185, 22.7296, 0
PixelHit 468, 1186, 10.9536, 0
PixelHit 468, 1187, 5.78469, 0
PixelHit 469, 1177, 0.711111, 0
PixelHit 469, 1179, 2.4319, 0
PixelHit 469, 1181, 18.3498, 0
PixelHit 469, 1182, 40.1203, 0
PixelHit 469, 1183, 61.985, 0
PixelHit 469, 1184, 48.5392, 0
PixelHit 469, 1185, 9.68694, 0
PixelHit 469, 1186, 4.45414, 0
PixelHit 470, 1175, 3.63315, 0
PixelHit 470, 1177, 1.94303, 0
PixelHit 470, 1179, 7.87144, 0
PixelHit 470, 1180, 4.78376, 0
PixelHit 470, 1181, 19.5294, 0
PixelHit 470, 1182, 30.6903, 0
PixelHit 470, 1183, 15.913, 0
PixelHit 470, 1184, 17.9418, 0
PixelHit 470, 1185, 2.51492, 0
PixelHit 471, 1173, 1.92963, 0
PixelHit 471, 1175, 1.58567, 0
PixelHit 471, 1176, 1.71304, 0
PixelHit 471, 1177, 4.31459, 0
PixelHit 471, 1178, 7.60269, 0
PixelHit 471, 1179, 13.1963, 0
PixelHit 471, 1180, 7.97197, 0
PixelHit 471, 1181, 7.82244, 0
PixelHit 471, 1182, 7.12375, 0
PixelHit 472, 1174, 10.3423, 0
PixelHit 472, 1175, 7.3051, 0
PixelHit 472, 1176, 7.3039, 0
PixelHit 472, 1177, 12.124, 0
PixelHit 472, 1178, 7.81449, 0
PixelHit 472, 1179, 8.66231, 0
PixelHit 472, 1180, 3.77237, 0
PixelHit 473, 1169, 0.978266, 0
PixelHit 473, 1171, 1.69592, 0
PixelHit 473, 1172, 5.2569, 0
PixelHit 473, 1173, 9.22611, 0
PixelHit 473, 1174, 15.1383, 0
PixelHit 473, 1175, 14.4136, 0
PixelHit 473, 1176, 16.5184, 0
PixelHit 473, 1177, 9.29966, 0
PixelHit 473, 1178, 1.09685, 0
PixelHit 473, 1179, 5.77525, 0
PixelHit 474, 1169, 4.57664, 0
PixelHit 474, 1170, 13.9314, 0
PixelHit 474, 1171, 8.33966, 0
PixelHit 474, 1172, 15.3608, 0
PixelHit 474, 1173, 16.2395, 0
PixelHit 474, 1174, 17.3815, 0
PixelHit 474, 1175, 17.0748, 0
PixelHit 474, 1176, 15.3906, 0
PixelHit 474, 1177, 4.17153, 0
PixelHit 475, 1168, 2.44921, 0
PixelHit 475, 1169, 11.8933, 0
PixelHit 475, 1170, 21.3421, 0
PixelHit 475, 1171, 17.2499, 0
PixelHit 475, 1172, 11.5509, 0
PixelHit 475, 1173, 9.61557, 0
PixelHit 475, 1174, 10.5145, 0
PixelHit 475, 1175, 6.73273, 0
PixelHit 475, 1176, 8.74765, 0
PixelHit 475, 1177, -0.44546, 0
PixelHit 476, 1166, 2.35901, 0
PixelHit 476, 1167, 5.68395, 0
PixelHit 476, 1168, 11.3676, 0
PixelHit 476, 1169, 17.4031, 0
PixelHit 476, 1170, 16.5094, 0
PixelHit 476, 1171, 23.6069, 0
PixelHit 476, 1172, 10.4869, 0
PixelHit 476, 1173, 7.25137, 0
PixelHit 476, 1174, 4.73621, 0
PixelHit 476, 1176, 2.33627, 0
PixelHit 476, 1177, 1.98521, 0
PixelHit 477, 1163, 3.57161, 0
PixelHit 477, 1165, 4.00288, 0
PixelHit 477, 1166, 8.66987, 0
PixelHit 477, 1167, 15.8736, 0
PixelHit 477, 1168, 18.9314, 0
PixelHit 477, 1169, 13.8034, 0
PixelHit 477, 1170, 16.3764, 0
PixelHit 477, 1171, 9.95892, 0
PixelHit 477, 1172, 9.34068, 0
PixelHit 477, 1173, 1.55032, 0
PixelHit 478, 1162, 0.927356, 0
PixelHit 478, 1163, 3.51185, 0
PixelHit 478, 1164, 6.29815, 0
PixelHit 478, 1165, 2.02188, 0
PixelHit 478, 1166, 15.2387, 0
PixelHit 478, 1167, 12.5646, 0
PixelHit 478, 1168, 7.53385, 0
PixelHit 478, 1169, 16.046, 0
PixelHit 478, 1170, 12.2846, 0
PixelHit 478, 1172, 5.91757, 0
PixelHit 479, 1163, 5.76559, 0
PixelHit 479, 1164, 8.64889, 0
PixelHit 479, 1165, 18.4584, 0
PixelHit 479, 1166, 9.33582, 0
PixelHit 479, 1167, 10.4481, 0
PixelHit 479, 1168, 6.45809, 0
PixelHit 479, 1169, 6.80091, 0
PixelHit 480, 1163, 9.09304, 0
PixelHit 480, 1164, 7.36079, 0
PixelHit 480, 1165, 9.16363, 0
PixelHit 480, 1166, 4.90975, 0
PixelHit 480, 1167, 2.84539, 0
PixelHit 480, 1168, 2.00088, 0
PixelHit 480, 1169, 3.12379, 0
PixelHit 481, 1161, 2.29236, 0
PixelHit 481, 1163, 4.40627, 0
PixelHit 481, 1164, 8.79145, 0
PixelHit 481, 1165, 2.48259, 0
PixelHit 481, 1168, 2.96169, 0
PixelHit 482, 1163, 2.12687, 0
PixelHit 482, 1164, 2.10701, 0
=== 10 ===
=== 11 ===
=== 12 ===
=== 13 ===
=== 14 ===
=== 15 ===
=== 16 ===
=== 17 ===
=== 18 ===
=== 19 ===
=== 20 ===
=== 21 ===
=== 22 ===
=== 23 ===
=== 24 ===
=== 25 ===
=== 26 ===
=== 27 ===
=== 28 ===
=== 29 ===
=== 30 ===
=== 31 ===
=== 32 ===
=== 33 ===
=== 34 ===
=== 35 ===
=== 36 ===
=== 37 ===
=== 38 ===
=== 39 ===
=== 40 ===
=== 41 ===
=== 42 ===
=== 43 ===
=== 44 ===
=== 45 ===
=== 46 ===
=== 47 ===
=== 48 ===
=== 49 ===
=== 50 ===
=== 51 ===
=== 52 ===
=== 53 ===
=== 54 ===
=== 55 ===
=== 56 ===
=== 57 ===
=== 58 ===
=== 59 ===
=== 60 ===
=== 61 ===
=== 62 ===
=== 63 ===
=== 64 ===
=== 65 ===
=== 66 ===
=== 67 ===
=== 68 ===
=== 69 ===
=== 70 ===
=== 71 ===
=== 72 ===
=== 73 ===
=== 74 ===
=== 75 ===
=== 76 ===
=== 77 ===
=== 78 ===
--- mydetector ---
PixelHit 1580, 1830, 1.11047, 0
PixelHit 1580, 1835, 4.05455, 0
PixelHit 1580, 1836, 15.9041, 0
PixelHit 1580, 1837, 5.70363, 0
PixelHit 1580, 1838, 51.533, 0
PixelHit 1580, 1839, 4.54289, 0
PixelHit 1581, 1824, 2.09532, 0
PixelHit 1581, 1830, 3.54812, 0
PixelHit 1581, 1832, 15.4933, 0
PixelHit 1581, 1833, 23.4305, 0
PixelHit 1581, 1834, 10.9864, 0
PixelHit 1581, 1835, 65.8078, 0
PixelHit 1581, 1836, 100.053, 0
PixelHit 1581, 1837, 14.4257, 0
PixelHit 1581, 1838, 11.0342, 0
PixelHit 1581, 1839, 0.215635, 0
PixelHit 1582, 1819, 0.970181, 0
PixelHit 1582, 1821, 2.53533, 0
PixelHit 1582, 1822, 5.67509, 0
PixelHit 1582, 1823, 5.29076, 0
PixelHit 1582, 1825, 1.58344, 0
PixelHit 1582, 1826, 13.6814, 0
PixelHit 1582, 1827, 7.05597, 0
PixelHit 1582, 1828, 31.9732, 0
PixelHit 1582, 1829, 21.8722, 0
PixelHit 1582, 1830, 19.0036, 0
PixelHit 1582, 1831, 14.7834, 0
PixelHit 1582, 1832, 30.0874, 0
PixelHit 1582, 1833, 50.2891, 0
PixelHit 1582, 1834, 5.56546, 0
PixelHit 1582, 1835, 4.35155, 0
PixelHit 1582, 1836, 3.66469, 0
PixelHit 1582, 1837, 0.847403, 0
PixelHit 1583, 1817, 1.74646, 0
PixelHit 1583, 1818, 4.25521, 0
PixelHit 1583, 1819, 6.62103, 0
PixelHit 1583, 1820, 6.05502, 0
PixelHit 1583, 1821, 18.9382, 0
PixelHit 1583, 1822, 40.9543, 0
PixelHit 1583, 1823, 33.7147, 0
PixelHit 1583, 1824, 13.1605, 0
PixelHit 1583, 1825, 24.9247, 0
PixelHit 1583, 1826, 33.9616, 0
PixelHit 1583, 1827, 33.2076, 0
PixelHit 1583, 1828, 59.2377, 0
PixelHit 1583, 1829, 35.7075, 0
PixelHit 1583, 1830, 11.7374, 0
PixelHit 1583, 1831, 3.17003, 0
PixelHit 1583, 1833, 3.86101, 0
PixelHit 1584, 1815, 3.05325, 0
PixelHit 1584, 1816, 8.19011, 0
PixelHit 1584, 1817, 8.6242, 0
PixelHit 1584, 1818, 19.0638, 0
PixelHit 1584, 1819, 41.4346, 0
PixelHit 1584, 1820, 28.8677, 0
PixelHit 1584, 1821, 72.1219, 0
PixelHit 1584, 1822, 150.716, 0
PixelHit 1584, 1823, 113.932, 0
PixelHit 1584, 1824, 31.4692, 0
PixelHit 1584, 1825, 36.4234, 0
PixelHit 1584, 1826, 26.4578, 0
PixelHit 1584, 1827, 13.5398, 0
PixelHit 1584, 1828, 7.82773, 0
PixelHit 1584, 1829, 5.34652, 0
PixelHit 1585, 1807, 4.40862, 0
PixelHit 1585, 1808, 0.0378171, 0
PixelHit 1585, 1810, 2.78177, 0
PixelHit 1585, 1811, 2.72104, 0
PixelHit 1585, 1812, 3.54536, 0
PixelHit 1585, 1813, 3.12126, 0
PixelHit 1585, 1814, 10.655, 0
PixelHit 1585, 1815, 25.5061, 0
PixelHit 1585, 1816, 25.9158, 0
PixelHit 1585, 1817, 30.8521, 0
PixelHit 1585, 1818, 60.8415, 0
PixelHit 1585, 1819, 63.0369, 0
PixelHit 1585, 1820, 59.0586, 0
PixelHit 1585, 1821, 63.0353, 0
PixelHit 1585, 1822, 91.5787, 0
PixelHit 1585, 1823, 70.7037, 0
PixelHit 1585, 1824, 16.3608, 0
PixelHit 1585, 1825, 6.78725, 0
PixelHit 1585, 1826, 2.22841, 0
PixelHit 1585, 1827, 1.00409, 0
PixelHit 1586, 1804, 3.20028, 0
PixelHit 1586, 1805, 4.58536, 0
PixelHit 1586, 1806, 2.11901, 0
PixelHit 1586, 1807, 7.56079, 0
PixelHit 1586, 1808, 9.33841, 0
PixelHit 1586, 1809, 19.0676, 0
PixelHit 1586, 1810, 11.4508, 0
PixelHit 1586, 1811, 10.0339, 0
PixelHit 1586, 1812, 8.98368, 0
PixelHit 1586, 1813, 9.98651, 0
PixelHit 1586, 1814, 20.4753, 0
PixelHit 1586, 1815, 38.4979, 0
PixelHit 1586, 1816, 49.8572, 0
PixelHit 1586, 1817, 48.9247, 0
PixelHit 1586, 1818, 54.6167, 0
PixelHit 1586, 1819, 37.6686, 0
PixelHit 1586, 1820, 22.1453, 0
PixelHit 1586, 1821, 20.0717, 0
PixelHit 1586, 1822, 16.3089, 0
PixelHit 1586, 1823, 9.98745, 0
PixelHit 1587, 1801, 2.58807, 0
PixelHit 1587, 1802, 2.30862, 0
PixelHit 1587, 1803, 3.47329, 0
PixelHit 1587, 1804, 11.2459, 0
PixelHit 1587, 1805, 11.0093, 0
PixelHit 1587, 1806, 11.5258, 0
PixelHit 1587, 1807, 22.9469, 0
PixelHit 1587, 1808, 31.0986, 0
PixelHit 1587, 1809, 27.7796, 0
PixelHit 1587, 1810, 45.0336, 0
PixelHit 1587, 1811, 14.9913, 0
PixelHit 1587, 1812, 11.4615, 0
PixelHit 1587, 1813, 10.6273, 0
PixelHit 1587, 1814, 14.0779, 0
PixelHit 1587, 1815, 17.6909, 0
PixelHit 1587, 1816, 23.6311, 0
PixelHit 1587, 1817, 14.5637, 0
PixelHit 1587, 1818, 8.98552, 0
PixelHit 1587, 1819, 4.2765, 0
PixelHit 1587, 1820, 5.34678, 0
PixelHit 1588, 1797, 2.62955, 0
PixelHit 1588, 1798, 2.73593, 0
PixelHit 1588, 1799, 2.57001, 0
PixelHit 1588, 1800, 3.10554, 0
PixelHit 1588, 1801, 8.43412, 0
PixelHit 1588, 1802, 6.64817, 0
PixelHit 1588, 1803, 12.5816, 0
PixelHit 1588, 1804, 29.2461, 0
PixelHit 1588, 1805, 29.1118, 0
PixelHit 1588, 1806, 31.1569, 0
PixelHit 1588, 1807, 34.3127, 0
PixelHit 1588, 1808, 31.0455, 0
PixelHit 1588, 1809, 55.8013, 0
PixelHit 1588, 1810, 42.8843, 0
PixelHit 1588, 1811, 18.3386, 0
PixelHit 1588, 1812, 3.86716, 0
PixelHit 1588, 1813, 5.99702, 0
PixelHit 1588, 1814, 10.1734, 0
PixelHit 1588, 1815, 5.07553, 0
PixelHit 1588, 1816, 3.87471, 0
PixelHit 1588, 1817, 1.04962, 0
PixelHit 1588, 1818, 2.14886, 0
PixelHit 1589, 1796, 2.44915, 0
PixelHit 1589, 1797, 4.44094, 0
PixelHit 1589, 1798, 4.62713, 0
PixelHit 1589, 1799, 9.06889, 0
PixelHit 1589, 1800, 12.7185, 0
PixelHit 1589, 1801, 16.8623, 0
PixelHit 1589, 1802, 15.4499, 0
PixelHit 1589, 1803, 30.9012, 0
PixelHit 1589, 1804, 36.8327, 0
PixelHit 1589, 1805, 41.6518, 0
PixelHit 1589, 1806, 32.6689, 0
PixelHit 1589, 1807, 34.9163, 0
PixelHit 1589, 1808, 26.2707, 0
PixelHit 1589, 1809, 18.6593, 0
PixelHit 1589, 1810, 16.3905, 0
PixelHit 1589, 1811, 6.98693, 0
PixelHit 1589, 1812, 1.33055, 0
PixelHit 1589, 1813, 3.28305, 0
PixelHit 1590, 1795, 0.103572, 0
PixelHit 1590, 1796, 4.83999, 0
PixelHit 1590, 1797, 11.1453, 0
PixelHit 1590, 1798, 16.9237, 0
PixelHit 1590, 1799, 19.439, 0
PixelHit 1590, 1800, 16.9402, 0
PixelHit 1590, 1801, 16.4871, 0
PixelHit 1590, 1802, 17.6823, 0
PixelHit 1590, 1803, 8.80817, 0
PixelHit 1590, 1804, 29.6827, 0
PixelHit 1590, 1805, 19.7607, 0
PixelHit 1590, 1806, 13.3989, 0
PixelHit 1590, 1807, 7.47818, 0
PixelHit 1590, 1808, 9.36744, 0
PixelHit 1590, 1809, 5.75133, 0
PixelHit 1590, 1810, 2.53161, 0
PixelHit 1590, 1811, 0.198036, 0
PixelHit 1591, 1796, 7.27011, 0
PixelHit 1591, 1797, 9.45931, 0
PixelHit 1591, 1798, 11.0838, 0
PixelHit 1591, 1799, 7.72243, 0
PixelHit 1591, 1800, 10.0878, 0
PixelHit 1591, 1801, 5.94339, 0
PixelHit 1591, 1802, 4.74312, 0
PixelHit 1591, 1803, 10.6317, 0
PixelHit 1591, 1804, 4.97444, 0
PixelHit 1591, 1805, 5.07274, 0
PixelHit 1591, 1806, 2.82917, 0
PixelHit 1591, 1807, 4.24317, 0
PixelHit 1591, 1809, 0.542767, 0
PixelHit 1592, 1796, 4.83779, 0
PixelHit 1592, 1797, 5.8723, 0
PixelHit 1592, 1798, 11.0413, 0
PixelHit 1592, 1800, 0.947349, 0
PixelHit 1593, 1795, 2.3878, 0
PixelHit 1593, 1798, 4.43472, 0
PixelHit 1593, 1799, 1.19501, 0
PixelHit 1593, 1800, 3.48551, 0
=== 79 ===
=== 80 ===
=== 81 ===
=== 82 ===
=== 83 ===
=== 84 ===
=== 85 ===
=== 86 ===
=== 87 ===
=== 88 ===
=== 89 ===
=== 90 ===
=== 91 ===
=== 92 ===
=== 93 ===
=== 94 ===
=== 95 ===
=== 96 ===
=== 97 ===
=== 98 ===
=== 99 ===
=== 100 ===
# 388 objects from 2 messages
