# Allpix Squared ASCII data - https://cern.ch/allpix-squared

=== 1 ===
=== 2 ===
=== 3 ===
=== 4 ===
=== 5 ===
=== 6 ===
=== 7 ===
=== 8 ===
=== 9 ===
=== 10 ===
=== 11 ===
=== 12 ===
=== 13 ===
=== 14 ===
=== 15 ===
=== 16 ===
=== 17 ===
=== 18 ===
=== 19 ===
=== 20 ===
=== 21 ===
=== 22 ===
=== 23 ===
=== 24 ===
=== 25 ===
=== 26 ===
=== 27 ===
=== 28 ===
=== 29 ===
=== 30 ===
=== 31 ===
=== 32 ===
=== 33 ===
=== 34 ===
=== 35 ===
=== 36 ===
=== 37 ===
=== 38 ===
=== 39 ===
=== 40 ===
=== 41 ===
=== 42 ===
=== 43 ===
=== 44 ===
=== 45 ===
=== 46 ===
=== 47 ===
=== 48 ===
=== 49 ===
=== 50 ===
=== 51 ===
=== 52 ===
=== 53 ===
=== 54 ===
=== 55 ===
=== 56 ===
=== 57 ===
=== 58 ===
=== 59 ===
=== 60 ===
=== 61 ===
=== 62 ===
=== 63 ===
=== 64 ===
=== 65 ===
=== 66 ===
=== 67 ===
=== 68 ===
--- mydetector ---
PixelHit 1871, 234, 7.3841, 0
PixelHit 1871, 235, 37.2533, 0
PixelHit 1872, 234, 24.4196, 0
PixelHit 1872, 235, 13.2619, 0
PixelHit 1873, 233, 2.65348, 0
PixelHit 1873, 234, 91.2435, 0
PixelHit 1873, 235, 10.7379, 0
PixelHit 1874, 233, 9.22816, 0
PixelHit 1874, 234, 51.6331, 0
PixelHit 1874, 235, 3.59725, 0
PixelHit 1875, 233, 30.1221, 0
PixelHit 1875, 234, 55.0419, 0
PixelHit 1876, 233, 3.88969, 0
PixelHit 1876, 234, 8.81525, 0
PixelHit 1877, 233, 7.25633, 0
PixelHit 1877, 234, 3.82485, 0
PixelHit 1878, 231, 1.33036, 0
PixelHit 1878, 232, 43.5038, 0
PixelHit 1878, 233, 78.3646, 0
PixelHit 1878, 234, 12.2334, 0
PixelHit 1879, 231, 2.59974, 0
PixelHit 1879, 232, 78.6054, 0
PixelHit 1879, 233, 142.732, 0
PixelHit 1879, 234, 9.60917, 0
PixelHit 1880, 231, 3.71922, 0
PixelHit 1880, 232, 36.1189, 0
PixelHit 1880, 233, 17.9882, 0
PixelHit 1880, 234, 0.916057, 0
PixelHit 1881, 230, 0.585841, 0
PixelHit 1881, 231, 21.4647, 0
PixelHit 1881, 232, 85.9685, 0
PixelHit 1881, 233, 18.0775, 0
PixelHit 1882, 231, 28.9424, 0
PixelHit 1882, 232, 47.3956, 0
PixelHit 1882, 233, 10.7005, 0
PixelHit 1883, 230, 3.6927, 0
PixelHit 1883, 231, 67.1785, 0
PixelHit 1883, 232, 40.7773, 0
PixelHit 1883, 233, 9.66799, 0
PixelHit 1884, 230, 20.3962, 0
PixelHit 1884, 231, 65.0951, 0
PixelHit 1884, 232, 40.5317, 0
PixelHit 1884, 233, 4.47005, 0
PixelHit 1885, 229, 2.94713, 0
PixelHit 1885, 230, 12.2934, 0
PixelHit 1885, 231, 46.9042, 0
PixelHit 1885, 232, 25.1934, 0
PixelHit 1886, 230, 5.35498, 0
PixelHit 1886, 231, 15.0233, 0
PixelHit 1886, 232, 7.3626, 0
PixelHit 1886, 233, -0.157203, 0
PixelHit 1887, 228, 0.568395, 0
PixelHit 1887, 229, 1.99277, 0
PixelHit 1887, 230, 7.19426, 0
PixelHit 1887, 231, 7.17999, 0
PixelHit 1888, 228, 1.65523, 0
PixelHit 1888, 229, 20.3311, 0
PixelHit 1888, 230, 36.1697, 0
PixelHit 1888, 231, 22.7506, 0
PixelHit 1888, 232, 4.79385, 0
PixelHit 1889, 228, 1.98614, 0
PixelHit 1889, 229, 39.6355, 0
PixelHit 1889, 230, 114.951, 0
PixelHit 1889, 231, 35.8206, 0
PixelHit 1889, 232, 3.1878, 0
PixelHit 1890, 228, 5.44789, 0
PixelHit 1890, 229, 30.6347, 0
PixelHit 1890, 230, 59.3821, 0
PixelHit 1890, 231, 19.0788, 0
PixelHit 1890, 232, 3.27867, 0
PixelHit 1891, 228, 3.85113, 0
PixelHit 1891, 229, 17.1908, 0
PixelHit 1891, 230, 11.7557, 0
PixelHit 1891, 231, 3.57213, 0
PixelHit 1891, 232, 0.0843265, 0
PixelHit 1892, 228, 4.66273, 0
PixelHit 1892, 229, 13.1376, 0
PixelHit 1893, 227, 4.51454, 0
PixelHit 1893, 228, 10.4735, 0
PixelHit 1893, 229, 15.104, 0
PixelHit 1893, 230, 5.90557, 0
PixelHit 1893, 231, 1.18427, 0
PixelHit 1894, 227, 4.77344, 0
PixelHit 1894, 228, 11.7814, 0
PixelHit 1894, 229, 21.4006, 0
PixelHit 1894, 230, 10.747, 0
PixelHit 1894, 231, 1.02989, 0
PixelHit 1895, 226, 2.07554, 0
PixelHit 1895, 227, 10.0115, 0
PixelHit 1895, 228, 14.1957, 0
PixelHit 1895, 229, 16.5369, 0
PixelHit 1895, 230, 0.730138, 0
PixelHit 1896, 227, 3.17249, 0
PixelHit 1896, 228, 5.80549, 0
PixelHit 1896, 229, 4.06946, 0
PixelHit 1897, 226, 2.01273, 0
PixelHit 1897, 227, 11.1443, 0
PixelHit 1897, 228, 6.39429, 0
PixelHit 1897, 229, 14.6448, 0
PixelHit 1898, 227, 15.7808, 0
PixelHit 1898, 228, 8.41331, 0
PixelHit 1898, 229, 4.79453, 0
PixelHit 1899, 226, 7.23666, 0
PixelHit 1899, 227, 17.5973, 0
PixelHit 1899, 228, 11.9499, 0
PixelHit 1899, 229, 4.87503, 0
PixelHit 1900, 224, -0.51471, 0
PixelHit 1900, 225, 2.48599, 0
PixelHit 1900, 226, 13.0104, 0
PixelHit 1900, 227, 14.7064, 0
PixelHit 1900, 228, 7.68824, 0
PixelHit 1901, 225, 1.10269, 0
PixelHit 1901, 226, 22.8312, 0
PixelHit 1901, 227, 12.4311, 0
PixelHit 1901, 228, 8.54893, 0
PixelHit 1902, 225, 5.44356, 0
PixelHit 1902, 226, 11.9055, 0
PixelHit 1902, 227, 17.6304, 0
PixelHit 1902, 228, 2.61874, 0
PixelHit 1903, 224, 5.74663, 0
PixelHit 1903, 225, 2.4936, 0
PixelHit 1903, 226, 35.0257, 0
PixelHit 1903, 227, 16.1791, 0
PixelHit 1903, 228, 2.23948, 0
PixelHit 1904, 224, 2.17844, 0
PixelHit 1904, 225, 6.68528, 0
PixelHit 1904, 226, 18.5663, 0
PixelHit 1904, 227, 7.14959, 0
PixelHit 1904, 228, 1.84788, 0
PixelHit 1904, 229, 1.34238, 0
PixelHit 1905, 224, 4.52627, 0
PixelHit 1905, 225, 11.2925, 0
PixelHit 1905, 226, 16.7596, 0
PixelHit 1905, 227, 7.31883, 0
PixelHit 1905, 228, 0.882598, 0
PixelHit 1906, 223, 1.11066, 0
PixelHit 1906, 224, 8.76273, 0
PixelHit 1906, 225, 20.0921, 0
PixelHit 1906, 226, 16.8899, 0
PixelHit 1906, 227, 6.04118, 0
PixelHit 1906, 228, 5.51947, 0
PixelHit 1907, 222, 1.07357, 0
PixelHit 1907, 223, 3.0687, 0
PixelHit 1907, 224, 19.1566, 0
PixelHit 1907, 225, 27.4573, 0
PixelHit 1907, 226, 16.1733, 0
PixelHit 1907, 227, 3.51385, 0
PixelHit 1907, 228, 1.06458, 0
PixelHit 1908, 224, 27.2553, 0
PixelHit 1908, 225, 27.0036, 0
PixelHit 1908, 226, 16.5712, 0
PixelHit 1908, 227, 5.29896, 0
PixelHit 1909, 222, 1.37725, 0
PixelHit 1909, 223, 15.1864, 0
PixelHit 1909, 224, 36.6571, 0
PixelHit 1909, 225, 36.6017, 0
PixelHit 1909, 226, 17.0258, 0
PixelHit 1909, 227, 4.21185, 0
PixelHit 1910, 221, 1.08532, 0
PixelHit 1910, 223, 8.44838, 0
PixelHit 1910, 224, 34.9372, 0
PixelHit 1910, 225, 21.0362, 0
PixelHit 1910, 226, 7.05648, 0
PixelHit 1910, 227, 2.65101, 0
PixelHit 1911, 222, 4.90597, 0
PixelHit 1911, 223, 13.0876, 0
PixelHit 1911, 224, 36.1052, 0
PixelHit 1911, 225, 15.1338, 0
PixelHit 1911, 226, 5.48963, 0
PixelHit 1911, 227, 4.01785, 0
PixelHit 1912, 222, 8.28411, 0
PixelHit 1912, 223, 26.4626, 0
PixelHit 1912, 224, 44.0284, 0
PixelHit 1912, 225, 18.9038, 0
PixelHit 1912, 226, 2.80239, 0
PixelHit 1912, 227, 3.37154, 0
PixelHit 1913, 220, 1.94716, 0
PixelHit 1913, 221, 1.4327, 0
PixelHit 1913, 222, 16.2025, 0
PixelHit 1913, 223, 27.7264, 0
PixelHit 1913, 224, 21.837, 0
PixelHit 1913, 225, 6.72077, 0
PixelHit 1913, 226, 7.31199, 0
PixelHit 1913, 227, 1.81907, 0
PixelHit 1914, 221, 5.04383, 0
PixelHit 1914, 222, 17.0989, 0
PixelHit 1914, 223, 22.0215, 0
PixelHit 1914, 224, 25.0012, 0
PixelHit 1914, 225, 6.35191, 0
PixelHit 1914, 226, 3.74976, 0
PixelHit 1915, 221, 1.92705, 0
PixelHit 1915, 222, 16.3396, 0
PixelHit 1915, 223, 24.8009, 0
PixelHit 1915, 224, 20.8978, 0
PixelHit 1915, 225, 8.07561, 0
PixelHit 1915, 226, 3.59636, 0
PixelHit 1916, 220, 1.29756, 0
PixelHit 1916, 221, 5.63213, 0
PixelHit 1916, 222, 23.461, 0
PixelHit 1916, 223, 17.3592, 0
PixelHit 1916, 224, 8.08518, 0
PixelHit 1917, 220, 3.17781, 0
PixelHit 1917, 221, 26.7146, 0
PixelHit 1917, 222, 27.1636, 0
PixelHit 1917, 223, 32.5894, 0
PixelHit 1917, 224, 10.7014, 0
PixelHit 1917, 225, 1.05245, 0
PixelHit 1918, 220, 26.1575, 0
PixelHit 1918, 221, 55.4045, 0
PixelHit 1918, 222, 64.812, 0
PixelHit 1918, 223, 41.1634, 0
PixelHit 1918, 224, 11.6201, 0
PixelHit 1918, 225, 2.75416, 0
PixelHit 1918, 227, 2.60245, 0
PixelHit 1919, 218, 1.03988, 0
PixelHit 1919, 219, 2.33869, 0
PixelHit 1919, 220, 27.6791, 0
PixelHit 1919, 221, 82.0993, 0
PixelHit 1919, 222, 114.248, 0
PixelHit 1919, 223, 71.8782, 0
PixelHit 1919, 224, 21.4417, 0
PixelHit 1919, 225, 3.10433, 0
PixelHit 1920, 219, 5.08236, 0
PixelHit 1920, 220, 27.8878, 0
PixelHit 1920, 221, 61.1841, 0
PixelHit 1920, 222, 94.4129, 0
PixelHit 1920, 223, 51.1191, 0
PixelHit 1920, 224, 14.6482, 0
PixelHit 1920, 225, 5.08444, 0
PixelHit 1920, 226, 2.87422, 0
PixelHit 1921, 218, 1.59812, 0
PixelHit 1921, 219, 3.25488, 0
PixelHit 1921, 220, 19.1461, 0
PixelHit 1921, 221, 48.7209, 0
PixelHit 1921, 222, 45.1905, 0
PixelHit 1921, 223, 31.0228, 0
PixelHit 1921, 224, 10.2049, 0
PixelHit 1921, 225, 2.58506, 0
PixelHit 1922, 219, 1.38211, 0
PixelHit 1922, 220, 15.6618, 0
PixelHit 1922, 221, 26.2248, 0
PixelHit 1922, 222, 16.6686, 0
PixelHit 1922, 223, 12.5189, 0
PixelHit 1922, 224, 0.883264, 0
PixelHit 1922, 225, 2.11101, 0
PixelHit 1922, 227, 2.70156, 0
PixelHit 1923, 219, 0.106848, 0
PixelHit 1923, 220, 11.1198, 0
PixelHit 1923, 221, 13.7341, 0
PixelHit 1923, 222, 7.82545, 0
PixelHit 1923, 223, 4.51895, 0
PixelHit 1924, 219, 3.30669, 0
PixelHit 1924, 220, 10.3792, 0
PixelHit 1924, 221, 5.4957, 0
PixelHit 1924, 222, 9.41856, 0
PixelHit 1924, 223, 1.3426, 0
PixelHit 1925, 219, 3.24049, 0
PixelHit 1925, 220, 4.41118, 0
PixelHit 1925, 221, 3.80121, 0
PixelHit 1926, 220, 2.74765, 0
=== 69 ===
=== 70 ===
=== 71 ===
=== 72 ===
=== 73 ===
=== 74 ===
=== 75 ===
=== 76 ===
=== 77 ===
=== 78 ===
=== 79 ===
=== 80 ===
=== 81 ===
=== 82 ===
=== 83 ===
=== 84 ===
=== 85 ===
=== 86 ===
=== 87 ===
=== 88 ===
=== 89 ===
=== 90 ===
=== 91 ===
=== 92 ===
=== 93 ===
=== 94 ===
=== 95 ===
=== 96 ===
=== 97 ===
=== 98 ===
=== 99 ===
=== 100 ===
# 260 objects from 1 messages
