# Allpix Squared ASCII data - https://cern.ch/allpix-squared

=== 1 ===
=== 2 ===
=== 3 ===
=== 4 ===
=== 5 ===
=== 6 ===
=== 7 ===
=== 8 ===
=== 9 ===
=== 10 ===
=== 11 ===
=== 12 ===
=== 13 ===
=== 14 ===
=== 15 ===
=== 16 ===
=== 17 ===
=== 18 ===
=== 19 ===
=== 20 ===
=== 21 ===
=== 22 ===
=== 23 ===
=== 24 ===
=== 25 ===
=== 26 ===
=== 27 ===
=== 28 ===
=== 29 ===
=== 30 ===
=== 31 ===
=== 32 ===
=== 33 ===
=== 34 ===
=== 35 ===
=== 36 ===
=== 37 ===
=== 38 ===
=== 39 ===
=== 40 ===
=== 41 ===
=== 42 ===
=== 43 ===
=== 44 ===
=== 45 ===
=== 46 ===
--- mydetector ---
PixelHit 90, 1744, 2.10548, 0
PixelHit 90, 1745, 2.04148, 0
PixelHit 90, 1746, 3.68839, 0
PixelHit 90, 1747, 3.03671, 0
PixelHit 90, 1748, 1.79361, 0
PixelHit 91, 1743, 2.02282, 0
PixelHit 91, 1744, 1.51123, 0
PixelHit 91, 1745, 8.0449, 0
PixelHit 91, 1746, 5.77491, 0
PixelHit 91, 1747, 3.36136, 0
PixelHit 91, 1748, 2.85186, 0
PixelHit 92, 1742, 1.94215, 0
PixelHit 92, 1743, 10.7135, 0
PixelHit 92, 1744, 16.5871, 0
PixelHit 92, 1745, 9.305, 0
PixelHit 92, 1746, 15.369, 0
PixelHit 93, 1741, 5.08039, 0
PixelHit 93, 1742, 8.80353, 0
PixelHit 93, 1743, 21.9977, 0
PixelHit 93, 1744, 29.6548, 0
PixelHit 93, 1745, 17.8888, 0
PixelHit 93, 1746, 19.4202, 0
PixelHit 93, 1747, 1.73195, 0
PixelHit 94, 1741, 2.99569, 0
PixelHit 94, 1742, 8.98203, 0
PixelHit 94, 1743, 22.3695, 0
PixelHit 94, 1744, 32.2222, 0
PixelHit 94, 1745, 23.1956, 0
PixelHit 94, 1746, 7.42029, 0
PixelHit 94, 1747, 4.37451, 0
PixelHit 94, 1748, 1.49578, 0
PixelHit 95, 1740, 4.02254, 0
PixelHit 95, 1741, 5.77245, 0
PixelHit 95, 1742, 11.9435, 0
PixelHit 95, 1743, 24.729, 0
PixelHit 95, 1744, 30.4803, 0
PixelHit 95, 1745, 24.9125, 0
PixelHit 95, 1746, 2.78208, 0
PixelHit 96, 1740, 4.28388, 0
PixelHit 96, 1741, 17.2749, 0
PixelHit 96, 1742, 27.0644, 0
PixelHit 96, 1743, 26.5391, 0
PixelHit 96, 1744, 17.3202, 0
PixelHit 96, 1745, 9.16146, 0
PixelHit 96, 1746, 2.27427, 0
PixelHit 96, 1747, 2.30124, 0
PixelHit 97, 1740, 6.59251, 0
PixelHit 97, 1741, 16.0745, 0
PixelHit 97, 1742, 18.064, 0
PixelHit 97, 1743, 21.2483, 0
PixelHit 97, 1744, 15.4302, 0
PixelHit 97, 1745, -0.337093, 0
PixelHit 97, 1746, 3.57162, 0
PixelHit 98, 1739, 7.77021, 0
PixelHit 98, 1740, 18.7825, 0
PixelHit 98, 1741, 26.3936, 0
PixelHit 98, 1742, 16.1864, 0
PixelHit 98, 1743, 9.75145, 0
PixelHit 99, 1738, 1.65928, 0
PixelHit 99, 1739, 10.2773, 0
PixelHit 99, 1740, 17.7914, 0
PixelHit 99, 1741, 11.4338, 0
PixelHit 99, 1742, 23.8319, 0
PixelHit 99, 1743, 13.309, 0
PixelHit 99, 1744, 2.05341, 0
PixelHit 100, 1739, 3.25367, 0
PixelHit 100, 1740, 21.1626, 0
PixelHit 100, 1741, 9.55554, 0
PixelHit 100, 1742, 8.40226, 0
PixelHit 100, 1743, 4.20951, 0
PixelHit 101, 1737, 3.86104, 0
PixelHit 101, 1738, 8.46772, 0
PixelHit 101, 1739, 12.9665, 0
PixelHit 101, 1740, 8.47406, 0
PixelHit 101, 1741, 4.42913, 0
PixelHit 101, 1742, 1.73805, 0
PixelHit 101, 1743, 1.99513, 0
PixelHit 102, 1734, 2.48466, 0
PixelHit 102, 1737, 5.86973, 0
PixelHit 102, 1738, 12.0081, 0
PixelHit 102, 1739, 8.39016, 0
PixelHit 102, 1741, 2.71303, 0
PixelHit 103, 1736, 5.33873, 0
PixelHit 103, 1737, 3.03548, 0
PixelHit 103, 1738, 8.48878, 0
PixelHit 103, 1739, 9.91822, 0
PixelHit 103, 1740, 4.8314, 0
PixelHit 104, 1734, 5.3516, 0
PixelHit 104, 1736, 9.07749, 0
PixelHit 104, 1737, 8.06614, 0
PixelHit 104, 1738, 7.64242, 0
PixelHit 104, 1739, 4.01184, 0
PixelHit 104, 1740, 1.40548, 0
PixelHit 104, 1741, 1.06126, 0
PixelHit 105, 1733, 1.24754, 0
PixelHit 105, 1735, 8.70719, 0
PixelHit 105, 1736, 13.0792, 0
PixelHit 105, 1737, 5.79591, 0
PixelHit 105, 1738, 3.97008, 0
PixelHit 105, 1740, 1.34851, 0
PixelHit 106, 1734, 6.20002, 0
PixelHit 106, 1735, 11.3314, 0
PixelHit 106, 1736, 20.8024, 0
PixelHit 106, 1737, 14.7592, 0
PixelHit 106, 1738, 2.68854, 0
PixelHit 106, 1739, 0.383415, 0
PixelHit 107, 1733, 3.58237, 0
PixelHit 107, 1734, 11.0968, 0
PixelHit 107, 1735, 12.2693, 0
PixelHit 107, 1736, 21.7568, 0
PixelHit 107, 1737, 10.8892, 0
PixelHit 107, 1738, 3.07576, 0
PixelHit 107, 1739, 3.02061, 0
PixelHit 108, 1733, 5.20608, 0
PixelHit 108, 1734, 7.68605, 0
PixelHit 108, 1735, 17.5977, 0
PixelHit 108, 1736, 14.5098, 0
PixelHit 108, 1737, 6.085, 0
PixelHit 109, 1732, 1.69298, 0
PixelHit 109, 1733, 4.91643, 0
PixelHit 109, 1734, 12.0971, 0
PixelHit 109, 1735, 6.1725, 0
PixelHit 109, 1736, 3.84133, 0
PixelHit 109, 1737, 1.7836, 0
PixelHit 110, 1731, 1.8008, 0
PixelHit 110, 1732, 5.65586, 0
PixelHit 110, 1733, 7.00827, 0
PixelHit 110, 1734, 4.17423, 0
PixelHit 110, 1735, 7.46186, 0
PixelHit 111, 1730, 2.42882, 0
PixelHit 111, 1732, 5.28267, 0
PixelHit 111, 1733, 10.0702, 0
PixelHit 111, 1734, 8.06998, 0
PixelHit 111, 1735, 4.71097, 0
PixelHit 111, 1736, 0.899949, 0
PixelHit 112, 1730, 3.22259, 0
PixelHit 112, 1731, 6.79471, 0
PixelHit 112, 1732, 9.55393, 0
PixelHit 112, 1733, 9.86463, 0
PixelHit 113, 1728, 0.892987, 0
PixelHit 113, 1730, 4.4485, 0
PixelHit 113, 1731, 8.97241, 0
PixelHit 113, 1732, 10.3335, 0
PixelHit 113, 1733, 9.82349, 0
PixelHit 113, 1734, 1.6388, 0
PixelHit 114, 1729, 1.63847, 0
PixelHit 114, 1730, 2.76659, 0
PixelHit 114, 1731, 5.86262, 0
PixelHit 114, 1732, 3.22562, 0
PixelHit 115, 1728, 4.1671, 0
PixelHit 115, 1729, 4.86466, 0
PixelHit 115, 1730, 5.37671, 0
PixelHit 115, 1731, 5.80975, 0
PixelHit 115, 1733, 4.27172, 0
PixelHit 116, 1727, 2.79986, 0
PixelHit 116, 1728, 9.27605, 0
PixelHit 116, 1729, 9.14612, 0
PixelHit 116, 1730, 7.18202, 0
PixelHit 116, 1731, 5.45675, 0
PixelHit 116, 1732, 2.75013, 0
PixelHit 117, 1726, 2.04601, 0
PixelHit 117, 1727, 5.46848, 0
PixelHit 117, 1728, 12.5604, 0
PixelHit 117, 1729, 9.27181, 0
PixelHit 117, 1730, 7.75949, 0
PixelHit 117, 1731, 3.86759, 0
PixelHit 118, 1726, 4.8436, 0
PixelHit 118, 1727, 10.2266, 0
PixelHit 118, 1728, 8.18525, 0
PixelHit 118, 1729, 11.9154, 0
PixelHit 118, 1730, 4.07298, 0
PixelHit 119, 1726, 5.0294, 0
PixelHit 119, 1727, 6.92961, 0
PixelHit 119, 1728, 9.70223, 0
PixelHit 119, 1729, 3.37397, 0
PixelHit 119, 1730, 4.65519, 0
PixelHit 120, 1726, 6.12674, 0
PixelHit 120, 1727, 17.0626, 0
PixelHit 120, 1728, 15.6444, 0
PixelHit 120, 1730, 0.773313, 0
PixelHit 121, 1724, 4.30027, 0
PixelHit 121, 1725, 10.8618, 0
PixelHit 121, 1726, 20.2858, 0
PixelHit 121, 1727, 11.4806, 0
PixelHit 121, 1728, 5.06471, 0
PixelHit 122, 1724, 12.6984, 0
PixelHit 122, 1725, 16.3873, 0
PixelHit 122, 1726, 26.2102, 0
PixelHit 122, 1727, 10.9437, 0
PixelHit 122, 1728, 5.37656, 0
PixelHit 123, 1722, 1.96962, 0
PixelHit 123, 1723, 2.71501, 0
PixelHit 123, 1724, 9.2779, 0
PixelHit 123, 1725, 16.4575, 0
PixelHit 123, 1726, 15.8951, 0
PixelHit 123, 1727, 3.83217, 0
PixelHit 123, 1728, 2.71952, 0
PixelHit 124, 1723, 6.53462, 0
PixelHit 124, 1724, 8.21772, 0
PixelHit 124, 1725, 3.64151, 0
PixelHit 124, 1726, 5.86839, 0
PixelHit 125, 1721, 6.76771, 0
PixelHit 125, 1722, 3.64447, 0
PixelHit 125, 1723, 16.9957, 0
PixelHit 125, 1724, 8.25784, 0
PixelHit 125, 1725, 6.09897, 0
PixelHit 126, 1721, 3.02593, 0
PixelHit 126, 1722, 12.9681, 0
PixelHit 126, 1723, 10.8826, 0
PixelHit 126, 1724, 8.74703, 0
PixelHit 126, 1725, 0.232054, 0
PixelHit 127, 1719, 5.11287, 0
PixelHit 127, 1720, 4.26283, 0
PixelHit 127, 1721, 4.79059, 0
PixelHit 127, 1722, 17.0988, 0
PixelHit 127, 1723, 16.6774, 0
PixelHit 127, 1724, 4.16407, 0
PixelHit 127, 1726, 1.53567, 0
PixelHit 128, 1719, 4.15253, 0
PixelHit 128, 1720, 8.07595, 0
PixelHit 128, 1721, 13.8238, 0
PixelHit 128, 1722, 7.22013, 0
PixelHit 128, 1723, 5.86389, 0
PixelHit 128, 1724, 6.23161, 0
PixelHit 129, 1718, 7.74883, 0
PixelHit 129, 1719, 9.67365, 0
PixelHit 129, 1720, 16.4871, 0
PixelHit 129, 1721, 10.4909, 0
PixelHit 129, 1722, 7.65164, 0
PixelHit 129, 1723, 2.98839, 0
PixelHit 129, 1724, 0.685062, 0
PixelHit 130, 1717, 2.08201, 0
PixelHit 130, 1718, 5.3117, 0
PixelHit 130, 1719, 20.8582, 0
PixelHit 130, 1720, 19.1461, 0
PixelHit 130, 1721, 15.0508, 0
PixelHit 130, 1722, 4.4774, 0
PixelHit 130, 1723, 0.954571, 0
PixelHit 131, 1717, 4.479, 0
PixelHit 131, 1718, 19.8614, 0
PixelHit 131, 1719, 30.6094, 0
PixelHit 131, 1720, 44.8345, 0
PixelHit 131, 1721, 21.175, 0
PixelHit 131, 1722, 3.48094, 0
PixelHit 132, 1716, 3.90022, 0
PixelHit 132, 1717, 14.8939, 0
PixelHit 132, 1718, 33.265, 0
PixelHit 132, 1719, 32.7251, 0
PixelHit 132, 1720, 15.9494, 0
PixelHit 132, 1721, 2.76394, 0
PixelHit 132, 1722, 0.532972, 0
PixelHit 133, 1715, 1.76554, 0
PixelHit 133, 1716, 13.9395, 0
PixelHit 133, 1717, 18.2957, 0
PixelHit 133, 1718, 30.5537, 0
PixelHit 133, 1719, 23.2655, 0
PixelHit 133, 1720, 6.37192, 0
PixelHit 134, 1714, 2.27032, 0
PixelHit 134, 1716, 17.6993, 0
PixelHit 134, 1717, 37.6658, 0
PixelHit 134, 1718, 27.8706, 0
PixelHit 134, 1719, 12.3326, 0
PixelHit 134, 1720, 3.94073, 0
PixelHit 134, 1721, 1.18172, 0
PixelHit 135, 1714, 4.80965, 0
PixelHit 135, 1715, 15.5923, 0
PixelHit 135, 1716, 33.2818, 0
PixelHit 135, 1717, 39.2917, 0
PixelHit 135, 1718, 31.2274, 0
PixelHit 135, 1719, 8.81604, 0
PixelHit 136, 1713, 1.30965, 0
PixelHit 136, 1714, 1.65913, 0
PixelHit 136, 1715, 15.9843, 0
PixelHit 136, 1716, 41.4693, 0
PixelHit 136, 1717, 25.327, 0
PixelHit 136, 1718, 6.92859, 0
PixelHit 136, 1719, 4.14837, 0
PixelHit 137, 1713, 2.38795, 0
PixelHit 137, 1714, 15.399, 0
PixelHit 137, 1715, 15.0107, 0
PixelHit 137, 1716, 24.5046, 0
PixelHit 137, 1717, 10.3509, 0
PixelHit 137, 1718, 1.47074, 0
PixelHit 137, 1720, 2.68245, 0
PixelHit 138, 1712, 3.8393, 0
PixelHit 138, 1713, 19.5478, 0
PixelHit 138, 1714, 20.2182, 0
PixelHit 138, 1715, 13.4111, 0
PixelHit 138, 1716, 14.112, 0
PixelHit 138, 1717, 4.73738, 0
PixelHit 138, 1718, 1.71169, 0
PixelHit 139, 1711, 3.72862, 0
PixelHit 139, 1712, 4.47312, 0
PixelHit 139, 1713, 13.2812, 0
PixelHit 139, 1714, 14.8848, 0
PixelHit 139, 1715, 23.7051, 0
PixelHit 139, 1716, 9.34288, 0
PixelHit 140, 1711, 1.88227, 0
PixelHit 140, 1712, 14.3672, 0
PixelHit 140, 1713, 12.2558, 0
PixelHit 140, 1714, 19.3208, 0
PixelHit 140, 1715, 3.79771, 0
PixelHit 140, 1716, 2.06348, 0
PixelHit 141, 1712, 12.7283, 0
PixelHit 141, 1713, 26.369, 0
PixelHit 141, 1714, 8.31484, 0
PixelHit 141, 1715, 0.887602, 0
PixelHit 141, 1716, 3.6332, 0
PixelHit 142, 1711, 4.93781, 0
PixelHit 142, 1712, 8.98231, 0
PixelHit 142, 1713, 6.22487, 0
PixelHit 142, 1714, 2.35168, 0
PixelHit 142, 1715, 2.50478, 0
PixelHit 143, 1709, 2.07588, 0
PixelHit 143, 1713, 3.01075, 0
PixelHit 144, 1708, 2.60418, 0
PixelHit 144, 1709, 3.07839, 0
PixelHit 144, 1710, 8.44276, 0
PixelHit 144, 1712, 1.77566, 0
PixelHit 144, 1713, 1.67552, 0
PixelHit 145, 1708, 1.28577, 0
PixelHit 145, 1709, 16.7748, 0
PixelHit 145, 1710, 18.9663, 0
PixelHit 145, 1711, 4.91111, 0
PixelHit 146, 1706, 1.29652, 0
PixelHit 146, 1707, 4.88384, 0
PixelHit 146, 1708, 7.24042, 0
PixelHit 146, 1709, 9.42842, 0
PixelHit 146, 1710, 15.0442, 0
PixelHit 146, 1711, 2.59327, 0
PixelHit 147, 1707, 9.11943, 0
PixelHit 147, 1708, 10.8094, 0
PixelHit 147, 1709, 5.7569, 0
PixelHit 147, 1710, 2.67304, 0
PixelHit 148, 1705, 2.02858, 0
PixelHit 148, 1706, 6.52557, 0
PixelHit 148, 1707, 22.7223, 0
PixelHit 148, 1708, 20.7918, 0
PixelHit 148, 1709, 8.25477, 0
PixelHit 148, 1710, 2.00211, 0
PixelHit 149, 1706, 11.923, 0
PixelHit 149, 1707, 31.676, 0
PixelHit 149, 1708, 18.0731, 0
PixelHit 149, 1709, 4.67091, 0
PixelHit 150, 1702, 0.400037, 0
PixelHit 150, 1703, 1.73836, 0
PixelHit 150, 1705, 4.32559, 0
PixelHit 150, 1706, 6.67412, 0
PixelHit 150, 1707, 8.33355, 0
PixelHit 150, 1708, 6.53496, 0
PixelHit 151, 1703, 5.0992, 0
PixelHit 151, 1704, 15.3433, 0
PixelHit 151, 1705, 5.55619, 0
PixelHit 151, 1706, 11.5515, 0
PixelHit 151, 1707, 9.61078, 0
PixelHit 151, 1708, 3.30681, 0
PixelHit 151, 1709, 1.09771, 0
PixelHit 152, 1702, 6.24479, 0
PixelHit 152, 1703, 31.0011, 0
PixelHit 152, 1704, 85.6364, 0
PixelHit 152, 1705, 69.0744, 0
PixelHit 152, 1706, 10.1129, 0
PixelHit 152, 1707, 1.87334, 0
PixelHit 153, 1702, 20.7305, 0
PixelHit 153, 1703, 114.504, 0
PixelHit 153, 1704, 244.322, 0
PixelHit 153, 1705, 135.585, 0
PixelHit 153, 1706, 28.5303, 0
PixelHit 153, 1707, 7.18009, 0
PixelHit 154, 1702, 13.7098, 0
PixelHit 154, 1703, 115.55, 0
PixelHit 154, 1704, 153.123, 0
PixelHit 154, 1705, 110.287, 0
PixelHit 154, 1706, 19.8447, 0
PixelHit 155, 1700, 2.49676, 0
PixelHit 155, 1701, 5.91136, 0
PixelHit 155, 1702, 1.93109, 0
PixelHit 155, 1703, 29.4511, 0
PixelHit 155, 1704, 34.165, 0
PixelHit 155, 1705, 24.8983, 0
PixelHit 155, 1706, 7.95837, 0
PixelHit 156, 1699, 1.15435, 0
PixelHit 156, 1700, 4.36798, 0
PixelHit 156, 1701, 7.69376, 0
PixelHit 156, 1702, 12.9215, 0
PixelHit 156, 1703, 13.3796, 0
PixelHit 156, 1704, 13.6135, 0
PixelHit 156, 1705, 4.11993, 0
PixelHit 157, 1700, 2.46602, 0
PixelHit 157, 1701, 17.6518, 0
PixelHit 157, 1702, 9.29123, 0
PixelHit 157, 1703, 9.30162, 0
PixelHit 157, 1705, 0.548288, 0
PixelHit 158, 1698, 3.46214, 0
PixelHit 158, 1700, 8.00566, 0
PixelHit 158, 1701, 13.3506, 0
PixelHit 158, 1702, 8.89704, 0
PixelHit 158, 1703, 1.80202, 0
PixelHit 159, 1699, 16.8384, 0
PixelHit 159, 1700, 21.4968, 0
PixelHit 159, 1701, 11.9897, 0
PixelHit 159, 1702, 4.22722, 0
PixelHit 159, 1703, 2.22582, 0
PixelHit 160, 1697, 3.2727, 0
PixelHit 160, 1698, 8.00655, 0
PixelHit 160, 1699, 13.4346, 0
PixelHit 160, 1700, 16.9424, 0
PixelHit 160, 1701, 6.59319, 0
PixelHit 160, 1702, 0.964114, 0
PixelHit 161, 1697, 1.30116, 0
PixelHit 161, 1698, 16.0718, 0
PixelHit 161, 1699, 15.577, 0
PixelHit 161, 1700, 6.18761, 0
PixelHit 161, 1701, 2.9619, 0
PixelHit 161, 1702, 2.417, 0
PixelHit 162, 1696, 1.43291, 0
PixelHit 162, 1697, 14.5038, 0
PixelHit 162, 1698, 26.1179, 0
PixelHit 162, 1699, 16.2498, 0
PixelHit 162, 1700, 1.58562, 0
PixelHit 163, 1695, 1.59282, 0
PixelHit 163, 1696, 10.0921, 0
PixelHit 163, 1697, 22.4466, 0
PixelHit 163, 1698, 22.3996, 0
PixelHit 163, 1699, 10.4146, 0
PixelHit 163, 1700, 4.15894, 0
PixelHit 163, 1701, 2.75071, 0
PixelHit 164, 1694, 3.22805, 0
PixelHit 164, 1695, 4.00585, 0
PixelHit 164, 1696, 14.4263, 0
PixelHit 164, 1697, 37.1425, 0
PixelHit 164, 1698, 14.4516, 0
PixelHit 164, 1699, 2.04665, 0
PixelHit 165, 1694, 3.49949, 0
PixelHit 165, 1695, 14.6417, 0
PixelHit 165, 1696, 19.5641, 0
PixelHit 165, 1697, 13.1981, 0
PixelHit 165, 1698, 2.94829, 0
PixelHit 166, 1694, 5.18304, 0
PixelHit 166, 1695, 15.9764, 0
PixelHit 166, 1696, 18.0752, 0
PixelHit 166, 1697, 7.71734, 0
PixelHit 166, 1698, 2.90866, 0
PixelHit 167, 1693, 3.28353, 0
PixelHit 167, 1694, 9.12871, 0
PixelHit 167, 1695, 14.7149, 0
PixelHit 167, 1696, 11.7854, 0
PixelHit 168, 1693, 4.26247, 0
PixelHit 168, 1694, 14.4975, 0
PixelHit 168, 1695, 9.09891, 0
PixelHit 168, 1696, 4.88991, 0
PixelHit 169, 1692, 5.57691, 0
PixelHit 169, 1693, 13.7173, 0
PixelHit 169, 1694, 7.05992, 0
PixelHit 169, 1695, 1.98841, 0
PixelHit 170, 1691, 2.8852, 0
PixelHit 170, 1692, 21.6121, 0
PixelHit 170, 1693, 15.096, 0
PixelHit 171, 1689, 1.98497, 0
PixelHit 171, 1690, 5.46032, 0
PixelHit 171, 1691, 18.7892, 0
PixelHit 171, 1692, 18.084, 0
PixelHit 171, 1693, 17.4157, 0
PixelHit 172, 1690, 5.40079, 0
PixelHit 172, 1691, 12.2742, 0
PixelHit 172, 1692, 9.89315, 0
PixelHit 172, 1693, 1.29099, 0
PixelHit 173, 1689, 6.17579, 0
PixelHit 173, 1690, 19.8718, 0
PixelHit 173, 1691, 19.1155, 0
PixelHit 173, 1692, 4.99293, 0
PixelHit 174, 1687, 2.09795, 0
PixelHit 174, 1688, 4.91135, 0
PixelHit 174, 1689, 19.5047, 0
PixelHit 174, 1690, 20.7594, 0
PixelHit 174, 1691, 10.1239, 0
PixelHit 174, 1692, 4.98551, 0
PixelHit 175, 1688, 19.6819, 0
PixelHit 175, 1689, 33.5488, 0
PixelHit 175, 1690, 11.99, 0
PixelHit 175, 1691, 2.89647, 0
PixelHit 176, 1686, 1.6034, 0
PixelHit 176, 1687, 8.99339, 0
PixelHit 176, 1688, 19.0529, 0
PixelHit 176, 1689, 18.2308, 0
PixelHit 176, 1690, 8.86777, 0
PixelHit 177, 1685, 2.37985, 0
PixelHit 177, 1686, 8.36991, 0
PixelHit 177, 1687, 30.2022, 0
PixelHit 177, 1688, 29.3622, 0
PixelHit 177, 1689, 6.50891, 0
PixelHit 178, 1685, 4.03622, 0
PixelHit 178, 1686, 30.5697, 0
PixelHit 178, 1687, 68.8314, 0
PixelHit 178, 1688, 40.7602, 0
PixelHit 178, 1689, 9.59645, 0
PixelHit 179, 1684, 5.36973, 0
PixelHit 179, 1685, 16.9757, 0
PixelHit 179, 1686, 39.7136, 0
PixelHit 179, 1687, 37.3535, 0
PixelHit 179, 1688, 12.6826, 0
PixelHit 179, 1689, 1.76378, 0
PixelHit 180, 1684, 5.12028, 0
PixelHit 180, 1685, 22.6495, 0
PixelHit 180, 1686, 30.0176, 0
PixelHit 180, 1687, 18.0116, 0
PixelHit 181, 1682, 0.485161, 0
PixelHit 181, 1683, 9.25354, 0
PixelHit 181, 1684, 27.1885, 0
PixelHit 181, 1685, 37.1545, 0
PixelHit 181, 1686, 8.88692, 0
PixelHit 181, 1687, 1.74468, 0
PixelHit 182, 1683, 7.13131, 0
PixelHit 182, 1684, 40.3545, 0
PixelHit 182, 1685, 35.4406, 0
PixelHit 182, 1686, 6.83729, 0
PixelHit 183, 1682, 9.31011, 0
PixelHit 183, 1683, 23.5148, 0
PixelHit 183, 1684, 19.9915, 0
PixelHit 183, 1685, 8.92428, 0
PixelHit 183, 1686, 3.58159, 0
PixelHit 184, 1680, 1.3508, 0
PixelHit 184, 1681, 5.46248, 0
PixelHit 184, 1682, 24.9432, 0
PixelHit 184, 1683, 22.4887, 0
PixelHit 184, 1684, 3.51332, 0
PixelHit 184, 1685, 2.82266, 0
PixelHit 185, 1681, 11.4725, 0
PixelHit 185, 1682, 47.0532, 0
PixelHit 185, 1683, 32.2368, 0
PixelHit 185, 1684, 5.84149, 0
PixelHit 186, 1680, 3.22981, 0
PixelHit 186, 1681, 5.82449, 0
PixelHit 186, 1682, 13.973, 0
PixelHit 186, 1683, 5.71087, 0
PixelHit 186, 1684, 1.70534, 0
PixelHit 187, 1679, 3.35889, 0
PixelHit 187, 1680, 6.96957, 0
PixelHit 187, 1681, 6.26947, 0
PixelHit 187, 1682, 5.31129, 0
PixelHit 188, 1678, 2.7211, 0
PixelHit 188, 1679, 21.1062, 0
PixelHit 188, 1680, 26.4587, 0
PixelHit 188, 1681, 6.37842, 0
PixelHit 188, 1682, 1.07335, 0
PixelHit 189, 1678, 7.93287, 0
PixelHit 189, 1679, 30.2603, 0
PixelHit 189, 1680, 30.7712, 0
PixelHit 189, 1681, 5.4651, 0
PixelHit 190, 1677, 3.20293, 0
PixelHit 190, 1678, 6.61276, 0
PixelHit 190, 1679, 14.0819, 0
PixelHit 190, 1680, 3.89052, 0
PixelHit 190, 1681, 1.46489, 0
PixelHit 191, 1677, 14.9917, 0
PixelHit 191, 1678, 22.9901, 0
PixelHit 191, 1679, 7.79942, 0
PixelHit 192, 1676, 9.60856, 0
PixelHit 192, 1677, 39.5216, 0
PixelHit 192, 1678, 18.323, 0
PixelHit 192, 1679, 1.43473, 0
PixelHit 193, 1675, 5.21744, 0
PixelHit 193, 1676, 16.0184, 0
PixelHit 193, 1677, 15.9407, 0
PixelHit 193, 1678, 12.2165, 0
PixelHit 194, 1674, 3.0447, 0
PixelHit 194, 1675, 18.9764, 0
PixelHit 194, 1676, 31.7871, 0
PixelHit 194, 1677, 7.458, 0
PixelHit 195, 1673, 2.38007, 0
PixelHit 195, 1674, 12.2963, 0
PixelHit 195, 1675, 56.4593, 0
PixelHit 195, 1676, 30.706, 0
PixelHit 195, 1677, 3.78341, 0
PixelHit 196, 1673, 5.69575, 0
PixelHit 196, 1674, 29.0059, 0
PixelHit 196, 1675, 18.2643, 0
PixelHit 196, 1676, 6.13982, 0
PixelHit 197, 1672, 0.413235, 0
PixelHit 197, 1673, 20.5937, 0
PixelHit 197, 1674, 41.5437, 0
PixelHit 197, 1675, 16.4803, 0
PixelHit 198, 1672, 7.94792, 0
PixelHit 198, 1673, 20.5238, 0
PixelHit 198, 1674, 17.0453, 0
PixelHit 198, 1675, 1.16599, 0
PixelHit 199, 1671, 6.07475, 0
PixelHit 199, 1672, 30.4237, 0
PixelHit 199, 1673, 16.9052, 0
PixelHit 200, 1671, 9.74208, 0
PixelHit 200, 1672, 21.339, 0
PixelHit 200, 1673, 10.1185, 0
PixelHit 201, 1672, 1.67421, 0
PixelHit 201, 1673, 0.837363, 0
PixelHit 202, 1669, 1.90951, 0
PixelHit 202, 1670, 7.28712, 0
PixelHit 202, 1671, 1.94057, 0
PixelHit 203, 1668, 3.09196, 0
PixelHit 203, 1669, 26.4912, 0
PixelHit 203, 1670, 17.9553, 0
PixelHit 203, 1671, 2.31573, 0
PixelHit 204, 1668, 3.62315, 0
PixelHit 204, 1669, 18.8887, 0
PixelHit 204, 1670, 13.5783, 0
PixelHit 205, 1667, 13.8816, 0
PixelHit 205, 1668, 54.3381, 0
PixelHit 205, 1669, 6.67392, 0
PixelHit 206, 1667, 56.9111, 0
PixelHit 206, 1668, 55.0555, 0
PixelHit 206, 1669, 10.3323, 0
PixelHit 207, 1666, 6.5846, 0
PixelHit 207, 1667, 27.5421, 0
PixelHit 207, 1668, 16.4522, 0
PixelHit 208, 1665, 30.1621, 0
PixelHit 208, 1666, 58.2764, 0
PixelHit 208, 1667, 6.60673, 0
PixelHit 209, 1665, 65.2086, 0
PixelHit 209, 1666, 89.4633, 0
PixelHit 209, 1667, 2.3328, 0
PixelHit 210, 1664, 27.9636, 0
PixelHit 210, 1665, 38.6779, 0
PixelHit 210, 1666, 11.025, 0
PixelHit 211, 1663, 7.61833, 0
PixelHit 211, 1664, 93.0707, 0
PixelHit 211, 1665, 22.6959, 0
PixelHit 212, 1663, 2.20217, 0
PixelHit 212, 1664, 14.5886, 0
PixelHit 213, 1662, 0.936378, 0
PixelHit 213, 1663, 4.28665, 0
PixelHit 214, 1661, 10.1908, 0
PixelHit 214, 1662, 17.2311, 0
PixelHit 215, 1660, 3.15891, 0
PixelHit 215, 1661, 63.237, 0
PixelHit 215, 1662, 30.224, 0
PixelHit 216, 1659, 8.85756, 0
PixelHit 216, 1660, 90.7516, 0
PixelHit 216, 1661, 17.8913, 0
PixelHit 216, 1662, 0.71464, 0
PixelHit 217, 1658, 1.41386, 0
PixelHit 217, 1659, 94.7968, 0
PixelHit 217, 1660, 962.978, 0
PixelHit 217, 1661, 33.1272, 0
PixelHit 218, 1658, 7.78305, 0
PixelHit 218, 1659, 56.7929, 0
PixelHit 218, 1660, 49.7883, 0
PixelHit 218, 1661, 2.01584, 0
PixelHit 219, 1658, 19.1063, 0
PixelHit 219, 1659, 43.5258, 0
PixelHit 220, 1657, 1.08385, 0
PixelHit 220, 1658, 10.8883, 0
PixelHit 220, 1659, 2.45763, 0
PixelHit 221, 1656, 1.57524, 0
PixelHit 221, 1657, 37.9756, 0
PixelHit 221, 1658, 2.66137, 0
PixelHit 222, 1656, 17.5767, 0
PixelHit 222, 1657, 21.0238, 0
PixelHit 222, 1658, 0.836102, 0
PixelHit 223, 1656, 2.62208, 0
PixelHit 224, 1655, 17.9459, 0
PixelHit 224, 1656, 3.28377, 0
PixelHit 225, 1655, 13.4995, 0
PixelHit 225, 1656, 1.62767, 0
=== 47 ===
=== 48 ===
=== 49 ===
=== 50 ===
=== 51 ===
=== 52 ===
=== 53 ===
=== 54 ===
=== 55 ===
=== 56 ===
=== 57 ===
=== 58 ===
=== 59 ===
=== 60 ===
=== 61 ===
=== 62 ===
=== 63 ===
=== 64 ===
=== 65 ===
=== 66 ===
=== 67 ===
=== 68 ===
=== 69 ===
=== 70 ===
=== 71 ===
=== 72 ===
=== 73 ===
=== 74 ===
=== 75 ===
=== 76 ===
=== 77 ===
=== 78 ===
=== 79 ===
=== 80 ===
=== 81 ===
=== 82 ===
=== 83 ===
=== 84 ===
=== 85 ===
=== 86 ===
=== 87 ===
=== 88 ===
=== 89 ===
=== 90 ===
=== 91 ===
=== 92 ===
=== 93 ===
=== 94 ===
=== 95 ===
=== 96 ===
=== 97 ===
=== 98 ===
=== 99 ===
=== 100 ===
# 662 objects from 1 messages
