# Allpix Squared ASCII data - https://cern.ch/allpix-squared

=== 1 ===
=== 2 ===
=== 3 ===
=== 4 ===
=== 5 ===
--- mydetector ---
PixelHit 1304, 920, 2.1349, 0
PixelHit 1305, 919, 9.7586, 0
PixelHit 1305, 920, 22.6341, 0
PixelHit 1305, 921, 11.2658, 0
PixelHit 1306, 917, 2.1039, 0
PixelHit 1306, 918, 22.2043, 0
PixelHit 1306, 919, 84.8774, 0
PixelHit 1306, 920, 122.234, 0
PixelHit 1306, 921, 88.4557, 0
PixelHit 1306, 922, 36.1892, 0
PixelHit 1306, 923, 6.53187, 0
PixelHit 1307, 916, 4.36052, 0
PixelHit 1307, 917, 9.20066, 0
PixelHit 1307, 918, 89.2871, 0
PixelHit 1307, 919, 284.511, 0
PixelHit 1307, 920, 448.39, 0
PixelHit 1307, 921, 321.484, 0
PixelHit 1307, 922, 98.2382, 0
PixelHit 1307, 923, 19.372, 0
PixelHit 1307, 924, 2.62651, 0
PixelHit 1308, 916, 3.18274, 0
PixelHit 1308, 917, 16.6477, 0
PixelHit 1308, 918, 137.302, 0
PixelHit 1308, 919, 451.601, 0
PixelHit 1308, 920, 704.657, 0
PixelHit 1308, 921, 559.051, 0
PixelHit 1308, 922, 187.423, 0
PixelHit 1308, 923, 27.5374, 0
PixelHit 1308, 924, 6.02331, 0
PixelHit 1309, 916, 6.72942, 0
PixelHit 1309, 917, 16.6137, 0
PixelHit 1309, 918, 112.899, 0
PixelHit 1309, 919, 360.114, 0
PixelHit 1309, 920, 586.943, 0
PixelHit 1309, 921, 437.675, 0
PixelHit 1309, 922, 142.894, 0
PixelHit 1309, 923, 21.6115, 0
PixelHit 1309, 924, 3.14802, 0
PixelHit 1310, 916, 2.7337, 0
PixelHit 1310, 917, 8.33512, 0
PixelHit 1310, 918, 56.8237, 0
PixelHit 1310, 919, 186.358, 0
PixelHit 1310, 920, 276.503, 0
PixelHit 1310, 921, 184.739, 0
PixelHit 1310, 922, 54.1024, 0
PixelHit 1310, 923, 9.03284, 0
PixelHit 1311, 916, 6.60615, 0
PixelHit 1311, 917, 22.3514, 0
PixelHit 1311, 918, 69.8839, 0
PixelHit 1311, 919, 150.284, 0
PixelHit 1311, 920, 164.86, 0
PixelHit 1311, 921, 89.9111, 0
PixelHit 1311, 922, 26.7244, 0
PixelHit 1311, 923, 9.12755, 0
PixelHit 1311, 924, 1.13307, 0
PixelHit 1312, 916, 20.9459, 0
PixelHit 1312, 917, 60.7851, 0
PixelHit 1312, 918, 128.798, 0
PixelHit 1312, 919, 170.67, 0
PixelHit 1312, 920, 153.208, 0
PixelHit 1312, 921, 59.9887, 0
PixelHit 1312, 922, 8.7602, 0
PixelHit 1313, 915, 1.46066, 0
PixelHit 1313, 916, 31.8457, 0
PixelHit 1313, 917, 115.562, 0
PixelHit 1313, 918, 156.374, 0
PixelHit 1313, 919, 171.381, 0
PixelHit 1313, 920, 82.3436, 0
PixelHit 1313, 921, 26.6625, 0
PixelHit 1313, 922, 7.2695, 0
PixelHit 1313, 923, 2.9709, 0
PixelHit 1314, 915, 3.40467, 0
PixelHit 1314, 916, 45.7885, 0
PixelHit 1314, 917, 116.321, 0
PixelHit 1314, 918, 156.205, 0
PixelHit 1314, 919, 104.292, 0
PixelHit 1314, 920, 36.0506, 0
PixelHit 1314, 921, 5.70948, 0
PixelHit 1315, 915, 6.36626, 0
PixelHit 1315, 916, 19.3155, 0
PixelHit 1315, 917, 57.1673, 0
PixelHit 1315, 918, 71.1236, 0
PixelHit 1315, 919, 38.7346, 0
PixelHit 1315, 920, 18.3819, 0
PixelHit 1315, 921, 2.44676, 0
PixelHit 1316, 916, 2.56337, 0
PixelHit 1316, 917, 10.1978, 0
PixelHit 1316, 918, 10.0858, 0
PixelHit 1316, 919, 7.30199, 0
PixelHit 1316, 920, 2.90075, 0
PixelHit 1317, 916, 2.1795, 0
PixelHit 1327, 877, 0.171602, 0
PixelHit 1327, 879, 1.02192, 0
PixelHit 1328, 877, 1.28805, 0
PixelHit 1330, 878, 1.91619, 0
=== 6 ===
=== 7 ===
=== 8 ===
=== 9 ===
=== 10 ===
=== 11 ===
=== 12 ===
=== 13 ===
=== 14 ===
=== 15 ===
=== 16 ===
=== 17 ===
=== 18 ===
=== 19 ===
=== 20 ===
=== 21 ===
=== 22 ===
=== 23 ===
--- mydetector ---
PixelHit 1274, 1016, 3.32482, 0
PixelHit 1274, 1017, 14.4187, 0
PixelHit 1274, 1018, 9.60187, 0
PixelHit 1274, 1019, 14.7434, 0
PixelHit 1275, 1015, 1.80331, 0
PixelHit 1275, 1016, 36.057, 0
PixelHit 1275, 1017, 159.32, 0
PixelHit 1275, 1018, 216.566, 0
PixelHit 1275, 1019, 95.8454, 0
PixelHit 1275, 1020, 15.6557, 0
PixelHit 1275, 1021, 3.49485, 0
PixelHit 1276, 1015, 21.4857, 0
PixelHit 1276, 1016, 187.248, 0
PixelHit 1276, 1017, 748.928, 0
PixelHit 1276, 1018, 924.973, 0
PixelHit 1276, 1019, 357.254, 0
PixelHit 1276, 1020, 51.7417, 0
PixelHit 1276, 1021, 5.78969, 0
PixelHit 1277, 1015, 25.9541, 0
PixelHit 1277, 1016, 302.714, 0
PixelHit 1277, 1017, 1029.92, 0
PixelHit 1277, 1018, 1152.91, 0
PixelHit 1277, 1019, 476.6, 0
PixelHit 1277, 1020, 164.325, 0
PixelHit 1277, 1021, 45.4782, 0
PixelHit 1277, 1022, 6.71054, 0
PixelHit 1278, 1015, 10.8563, 0
PixelHit 1278, 1016, 119.153, 0
PixelHit 1278, 1017, 406.49, 0
PixelHit 1278, 1018, 434.118, 0
PixelHit 1278, 1019, 294.026, 0
PixelHit 1278, 1020, 220.296, 0
PixelHit 1278, 1021, 117.03, 0
PixelHit 1278, 1022, 24.4518, 0
PixelHit 1278, 1023, 6.6651, 0
PixelHit 1278, 1024, 1.03038, 0
PixelHit 1279, 1015, 3.38386, 0
PixelHit 1279, 1016, 22.6815, 0
PixelHit 1279, 1017, 43.9777, 0
PixelHit 1279, 1018, 47.628, 0
PixelHit 1279, 1019, 78.1458, 0
PixelHit 1279, 1020, 138.991, 0
PixelHit 1279, 1021, 221.336, 0
PixelHit 1279, 1022, 96.7664, 0
PixelHit 1279, 1023, 14.886, 0
PixelHit 1279, 1024, 0.940219, 0
PixelHit 1280, 1017, 3.6652, 0
PixelHit 1280, 1018, 4.91298, 0
PixelHit 1280, 1019, 13.5429, 0
PixelHit 1280, 1020, 46.5089, 0
PixelHit 1280, 1021, 125.622, 0
PixelHit 1280, 1022, 76.9868, 0
PixelHit 1280, 1023, 18.1761, 0
PixelHit 1281, 1019, 0.933135, 0
PixelHit 1281, 1020, 11.0576, 0
PixelHit 1281, 1021, 16.861, 0
PixelHit 1281, 1022, 16.9534, 0
PixelHit 1281, 1023, 3.71964, 0
PixelHit 1282, 1021, 1.22453, 0
PixelHit 1306, 949, 1.56438, 0
PixelHit 1307, 951, 4.38805, 0
=== 24 ===
=== 25 ===
=== 26 ===
=== 27 ===
=== 28 ===
=== 29 ===
=== 30 ===
=== 31 ===
=== 32 ===
=== 33 ===
=== 34 ===
=== 35 ===
=== 36 ===
=== 37 ===
=== 38 ===
=== 39 ===
=== 40 ===
=== 41 ===
=== 42 ===
=== 43 ===
=== 44 ===
=== 45 ===
=== 46 ===
=== 47 ===
=== 48 ===
--- mydetector ---
PixelHit 1280, 1009, 1.30652, 0
PixelHit 1280, 1010, 4.64392, 0
PixelHit 1281, 1008, 2.62931, 0
PixelHit 1281, 1009, 16.6302, 0
PixelHit 1281, 1010, 5.3282, 0
PixelHit 1281, 1011, 2.16009, 0
PixelHit 1282, 1008, 1.7078, 0
PixelHit 1282, 1009, 6.14502, 0
PixelHit 1282, 1010, 4.30951, 0
PixelHit 1283, 1010, 1.5018, 0
PixelHit 1283, 1011, 1.80193, 0
=== 49 ===
=== 50 ===
=== 51 ===
=== 52 ===
=== 53 ===
--- mydetector ---
PixelHit 1299, 927, 4.25384, 0
PixelHit 1299, 928, 1.79504, 0
PixelHit 1299, 929, 2.08645, 0
PixelHit 1300, 925, 4.73522, 0
PixelHit 1300, 926, 3.13391, 0
PixelHit 1300, 927, 15.8229, 0
PixelHit 1300, 928, 21.7509, 0
PixelHit 1300, 929, 26.1353, 0
PixelHit 1300, 930, 4.44169, 0
PixelHit 1300, 931, 2.05796, 0
PixelHit 1301, 926, 20.2706, 0
PixelHit 1301, 927, 103.149, 0
PixelHit 1301, 928, 154.075, 0
PixelHit 1301, 929, 135.483, 0
PixelHit 1301, 930, 54.7784, 0
PixelHit 1301, 931, 8.8067, 0
PixelHit 1301, 932, 2.45639, 0
PixelHit 1302, 925, 7.87494, 0
PixelHit 1302, 926, 63.0928, 0
PixelHit 1302, 927, 221.782, 0
PixelHit 1302, 928, 421.021, 0
PixelHit 1302, 929, 380.054, 0
PixelHit 1302, 930, 179.206, 0
PixelHit 1302, 931, 43.1599, 0
PixelHit 1302, 932, 4.63081, 0
PixelHit 1303, 925, 14.5851, 0
PixelHit 1303, 926, 74.8731, 0
PixelHit 1303, 927, 341.735, 0
PixelHit 1303, 928, 648.398, 0
PixelHit 1303, 929, 649.166, 0
PixelHit 1303, 930, 313.262, 0
PixelHit 1303, 931, 87.5902, 0
PixelHit 1303, 932, 22.1633, 0
PixelHit 1303, 933, 5.33703, 0
PixelHit 1303, 934, 1.71888, 0
PixelHit 1304, 925, 5.02458, 0
PixelHit 1304, 926, 57.4109, 0
PixelHit 1304, 927, 227.574, 0
PixelHit 1304, 928, 496.891, 0
PixelHit 1304, 929, 506.046, 0
PixelHit 1304, 930, 305.789, 0
PixelHit 1304, 931, 149.758, 0
PixelHit 1304, 932, 77.5756, 0
PixelHit 1304, 933, 32.5336, 0
PixelHit 1304, 934, 3.7023, 0
PixelHit 1305, 924, 2.53143, 0
PixelHit 1305, 926, 8.36808, 0
PixelHit 1305, 927, 84.7436, 0
PixelHit 1305, 928, 166.634, 0
PixelHit 1305, 929, 220.111, 0
PixelHit 1305, 930, 230.434, 0
PixelHit 1305, 931, 252.551, 0
PixelHit 1305, 932, 181.906, 0
PixelHit 1305, 933, 53.2841, 0
PixelHit 1305, 934, 16.0299, 0
PixelHit 1306, 926, 4.68624, 0
PixelHit 1306, 927, 12.8707, 0
PixelHit 1306, 928, 35.089, 0
PixelHit 1306, 929, 77.7936, 0
PixelHit 1306, 930, 135.297, 0
PixelHit 1306, 931, 248.635, 0
PixelHit 1306, 932, 227.998, 0
PixelHit 1306, 933, 98.5063, 0
PixelHit 1306, 934, 7.17809, 0
PixelHit 1306, 935, 2.32623, 0
PixelHit 1307, 928, 6.7971, 0
PixelHit 1307, 929, 7.26503, 0
PixelHit 1307, 930, 75.1142, 0
PixelHit 1307, 931, 162.439, 0
PixelHit 1307, 932, 170.889, 0
PixelHit 1307, 933, 74.7687, 0
PixelHit 1307, 934, 17.7264, 0
PixelHit 1308, 929, 5.92362, 0
PixelHit 1308, 930, 18.7343, 0
PixelHit 1308, 931, 55.2341, 0
PixelHit 1308, 932, 61.7668, 0
PixelHit 1308, 933, 25.9385, 0
PixelHit 1308, 934, 8.49216, 0
PixelHit 1309, 930, 1.03808, 0
PixelHit 1309, 931, 12.7813, 0
PixelHit 1309, 932, 8.19654, 0
PixelHit 1309, 933, 2.42408, 0
PixelHit 1310, 929, 1.24676, 0
PixelHit 1310, 931, 2.83937, 0
PixelHit 1317, 896, 0.531322, 0
PixelHit 1319, 895, 2.10158, 0
PixelHit 1320, 896, 2.41038, 0
PixelHit 1321, 893, 1.0644, 0
PixelHit 1321, 895, 2.03006, 0
PixelHit 1321, 896, 2.90489, 0
=== 54 ===
=== 55 ===
=== 56 ===
=== 57 ===
=== 58 ===
=== 59 ===
=== 60 ===
=== 61 ===
=== 62 ===
--- mydetector ---
PixelHit 1242, 1123, 51.5066, 0
PixelHit 1242, 1124, 260.003, 0
PixelHit 1242, 1125, 13.4232, 0
PixelHit 1243, 1122, 2.97904, 0
PixelHit 1243, 1123, 518.741, 0
PixelHit 1243, 1124, 3070.19, 0
PixelHit 1243, 1125, 143.382, 0
PixelHit 1244, 1122, 1.03108, 0
PixelHit 1244, 1123, 315.349, 0
PixelHit 1244, 1124, 1107.36, 0
PixelHit 1244, 1125, 61.6223, 0
PixelHit 1245, 1123, 16.7998, 0
PixelHit 1245, 1124, 36.2414, 0
PixelHit 1245, 1125, 2.36906, 0
=== 63 ===
=== 64 ===
=== 65 ===
=== 66 ===
=== 67 ===
=== 68 ===
=== 69 ===
=== 70 ===
=== 71 ===
=== 72 ===
=== 73 ===
=== 74 ===
=== 75 ===
=== 76 ===
=== 77 ===
=== 78 ===
=== 79 ===
=== 80 ===
=== 81 ===
=== 82 ===
=== 83 ===
--- mydetector ---
PixelHit 1282, 1002, 3.78299, 0
PixelHit 1283, 1001, 9.14869, 0
PixelHit 1283, 1002, 38.7167, 0
PixelHit 1283, 1003, 30.2989, 0
PixelHit 1283, 1004, 4.21996, 0
PixelHit 1284, 1001, 31.7645, 0
PixelHit 1284, 1002, 147.524, 0
PixelHit 1284, 1003, 81.3185, 0
PixelHit 1285, 1001, 8.95207, 0
PixelHit 1285, 1002, 41.3674, 0
PixelHit 1285, 1003, 24.3844, 0
PixelHit 1286, 1002, 3.53852, 0
PixelHit 1318, 907, 2.12007, 0
PixelHit 1318, 908, 1.97929, 0
PixelHit 1320, 908, 2.57308, 0
=== 84 ===
=== 85 ===
--- mydetector ---
PixelHit 1343, 833, 2.77563, 0
PixelHit 1343, 835, 2.06585, 0
PixelHit 1344, 831, 1.46821, 0
PixelHit 1344, 832, 6.1964, 0
PixelHit 1344, 833, 6.92217, 0
PixelHit 1344, 834, 3.6172, 0
PixelHit 1345, 829, 1.96137, 0
PixelHit 1345, 830, 9.14702, 0
PixelHit 1345, 831, 26.7583, 0
PixelHit 1345, 832, 44.6621, 0
PixelHit 1345, 833, 53.6389, 0
PixelHit 1345, 834, 53.64, 0
PixelHit 1345, 835, 22.4526, 0
PixelHit 1345, 836, 11.3342, 0
PixelHit 1345, 837, 2.69528, 0
PixelHit 1346, 828, 2.87528, 0
PixelHit 1346, 829, 4.67246, 0
PixelHit 1346, 830, 30.6924, 0
PixelHit 1346, 831, 109.683, 0
PixelHit 1346, 832, 207.941, 0
PixelHit 1346, 833, 216.144, 0
PixelHit 1346, 834, 217.822, 0
PixelHit 1346, 835, 130.949, 0
PixelHit 1346, 836, 59.5582, 0
PixelHit 1346, 837, 20.7752, 0
PixelHit 1347, 829, 14.197, 0
PixelHit 1347, 830, 59.1518, 0
PixelHit 1347, 831, 206.641, 0
PixelHit 1347, 832, 395.016, 0
PixelHit 1347, 833, 564.708, 0
PixelHit 1347, 834, 549.666, 0
PixelHit 1347, 835, 416.191, 0
PixelHit 1347, 836, 178.705, 0
PixelHit 1347, 837, 39.6505, 0
PixelHit 1347, 838, 3.59016, 0
PixelHit 1348, 828, 1.56819, 0
PixelHit 1348, 829, 12.2216, 0
PixelHit 1348, 830, 70.1429, 0
PixelHit 1348, 831, 185.442, 0
PixelHit 1348, 832, 352.756, 0
PixelHit 1348, 833, 572.015, 0
PixelHit 1348, 834, 696.846, 0
PixelHit 1348, 835, 619.723, 0
PixelHit 1348, 836, 284.285, 0
PixelHit 1348, 837, 49.1854, 0
PixelHit 1348, 838, 7.56529, 0
PixelHit 1349, 829, 5.50473, 0
PixelHit 1349, 830, 25.1647, 0
PixelHit 1349, 831, 85.3279, 0
PixelHit 1349, 832, 156.893, 0
PixelHit 1349, 833, 290.524, 0
PixelHit 1349, 834, 418.77, 0
PixelHit 1349, 835, 404.94, 0
PixelHit 1349, 836, 200.56, 0
PixelHit 1349, 837, 60.1039, 0
PixelHit 1349, 838, 5.25871, 0
PixelHit 1350, 829, 2.84949, 0
PixelHit 1350, 830, 4.43671, 0
PixelHit 1350, 831, 12.7241, 0
PixelHit 1350, 832, 26.4681, 0
PixelHit 1350, 833, 78.3848, 0
PixelHit 1350, 834, 109.838, 0
PixelHit 1350, 835, 128.739, 0
PixelHit 1350, 836, 75.6356, 0
PixelHit 1350, 837, 14.5353, 0
PixelHit 1350, 838, 1.69301, 0
PixelHit 1351, 832, 5.30847, 0
PixelHit 1351, 833, 8.2218, 0
PixelHit 1351, 834, 17.3092, 0
PixelHit 1351, 835, 17.06, 0
PixelHit 1351, 836, 13.4638, 0
PixelHit 1351, 837, 3.10039, 0
PixelHit 1352, 834, 2.32096, 0
PixelHit 1352, 835, 3.32422, 0
PixelHit 1353, 813, 3.12826, 0
PixelHit 1355, 813, 0.852711, 0
=== 86 ===
=== 87 ===
=== 88 ===
=== 89 ===
=== 90 ===
=== 91 ===
--- mydetector ---
PixelHit 1333, 855, 1.72557, 0
PixelHit 1333, 856, 3.05384, 0
PixelHit 1334, 854, 2.5436, 0
PixelHit 1334, 855, 3.48753, 0
PixelHit 1334, 856, 4.74755, 0
PixelHit 1334, 857, 8.96929, 0
PixelHit 1335, 853, 1.28035, 0
PixelHit 1335, 854, 7.54879, 0
PixelHit 1335, 855, 27.9366, 0
PixelHit 1335, 856, 33.6966, 0
PixelHit 1335, 857, 28.2411, 0
PixelHit 1335, 858, 10.3632, 0
PixelHit 1336, 853, 3.38055, 0
PixelHit 1336, 854, 20.4371, 0
PixelHit 1336, 855, 70.1425, 0
PixelHit 1336, 856, 95.9721, 0
PixelHit 1336, 857, 65.6582, 0
PixelHit 1336, 858, 32.5348, 0
PixelHit 1336, 859, 5.76004, 0
PixelHit 1337, 853, 3.89465, 0
PixelHit 1337, 854, 33.5724, 0
PixelHit 1337, 855, 82.4677, 0
PixelHit 1337, 856, 160.318, 0
PixelHit 1337, 857, 153.177, 0
PixelHit 1337, 858, 56.2777, 0
PixelHit 1337, 859, 10.537, 0
PixelHit 1337, 860, 9.12387, 0
PixelHit 1338, 854, 22.8133, 0
PixelHit 1338, 855, 62.4334, 0
PixelHit 1338, 856, 115.784, 0
PixelHit 1338, 857, 133.366, 0
PixelHit 1338, 858, 84.0252, 0
PixelHit 1338, 859, 24.3182, 0
PixelHit 1338, 860, 9.42584, 0
PixelHit 1338, 861, 0.956265, 0
PixelHit 1339, 853, 3.39448, 0
PixelHit 1339, 854, 1.15864, 0
PixelHit 1339, 855, 27.8301, 0
PixelHit 1339, 856, 56.7291, 0
PixelHit 1339, 857, 114.28, 0
PixelHit 1339, 858, 97.1185, 0
PixelHit 1339, 859, 75.6477, 0
PixelHit 1339, 860, 21.5729, 0
PixelHit 1339, 861, 0.498089, 0
PixelHit 1340, 853, 2.37028, 0
PixelHit 1340, 854, 6.69816, 0
PixelHit 1340, 855, 4.79087, 0
PixelHit 1340, 856, 32.8649, 0
PixelHit 1340, 857, 81.9616, 0
PixelHit 1340, 858, 122.922, 0
PixelHit 1340, 859, 106.377, 0
PixelHit 1340, 860, 28.8903, 0
PixelHit 1340, 861, 8.29893, 0
PixelHit 1341, 855, 4.02749, 0
PixelHit 1341, 856, 20.8258, 0
PixelHit 1341, 857, 88.537, 0
PixelHit 1341, 858, 166.49, 0
PixelHit 1341, 859, 151.555, 0
PixelHit 1341, 860, 76.1912, 0
PixelHit 1341, 861, 11.9775, 0
PixelHit 1342, 841, 3.55536, 0
PixelHit 1342, 844, 0.616845, 0
PixelHit 1342, 855, 1.0879, 0
PixelHit 1342, 856, 23.7001, 0
PixelHit 1342, 857, 128.182, 0
PixelHit 1342, 858, 209.76, 0
PixelHit 1342, 859, 221.145, 0
PixelHit 1342, 860, 91.1024, 0
PixelHit 1342, 861, 16.589, 0
PixelHit 1342, 862, 1.36523, 0
PixelHit 1343, 844, 2.43017, 0
PixelHit 1343, 855, 3.54936, 0
PixelHit 1343, 856, 33.8899, 0
PixelHit 1343, 857, 98.089, 0
PixelHit 1343, 858, 178.251, 0
PixelHit 1343, 859, 176.668, 0
PixelHit 1343, 860, 75.0075, 0
PixelHit 1343, 861, 16.9901, 0
PixelHit 1344, 856, 19.3734, 0
PixelHit 1344, 857, 52.9771, 0
PixelHit 1344, 858, 91.6403, 0
PixelHit 1344, 859, 91.8822, 0
PixelHit 1344, 860, 56.9825, 0
PixelHit 1344, 861, 4.82755, 0
PixelHit 1345, 856, 4.51942, 0
PixelHit 1345, 857, 20.1757, 0
PixelHit 1345, 858, 30.0501, 0
PixelHit 1345, 859, 23.9089, 0
PixelHit 1345, 860, 13.9355, 0
PixelHit 1345, 861, 2.57113, 0
PixelHit 1346, 856, 2.98267, 0
PixelHit 1346, 857, 2.98468, 0
PixelHit 1346, 858, 7.17302, 0
PixelHit 1346, 859, 4.85812, 0
PixelHit 1346, 860, 1.13636, 0
PixelHit 1346, 861, 1.19171, 0
PixelHit 1347, 858, 0.465711, 0
=== 92 ===
=== 93 ===
=== 94 ===
=== 95 ===
=== 96 ===
=== 97 ===
=== 98 ===
=== 99 ===
=== 100 ===
# 459 objects from 8 messages
