# Allpix Squared ASCII data - https://cern.ch/allpix-squared

=== 1 ===
--- mydetector ---
PixelHit 1269, 1109, 12.0215, 0
PixelHit 1269, 1110, 88.0331, 0
PixelHit 1269, 1111, 33.608, 0
PixelHit 1269, 1112, 1.85858, 0
PixelHit 1270, 1106, 5.64219, 0
PixelHit 1270, 1107, 34.3068, 0
PixelHit 1270, 1108, 83.7066, 0
PixelHit 1270, 1109, 279.111, 0
PixelHit 1270, 1110, 1612.44, 0
PixelHit 1270, 1111, 580.14, 0
PixelHit 1270, 1112, 10.6915, 0
PixelHit 1271, 1106, 196.408, 0
PixelHit 1271, 1107, 988.929, 0
PixelHit 1271, 1108, 798.317, 0
PixelHit 1271, 1109, 532.618, 0
PixelHit 1271, 1110, 1269.27, 0
PixelHit 1271, 1111, 310.234, 0
PixelHit 1272, 1106, 46.3077, 0
PixelHit 1272, 1107, 246.447, 0
PixelHit 1272, 1108, 130.237, 0
PixelHit 1272, 1109, 50.2076, 0
PixelHit 1272, 1110, 51.5482, 0
PixelHit 1272, 1111, 11.4702, 0
PixelHit 1273, 1108, 4.28723, 0
=== 2 ===
=== 3 ===
=== 4 ===
=== 5 ===
=== 6 ===
=== 7 ===
=== 8 ===
--- mydetector ---
PixelHit 1259, 885, 1.56611, 0
PixelHit 1259, 886, 1.46869, 0
PixelHit 1259, 888, 2.24662, 0
PixelHit 1260, 884, 3.66916, 0
PixelHit 1260, 885, 11.5986, 0
PixelHit 1260, 886, 26.8922, 0
PixelHit 1260, 887, 74.5776, 0
PixelHit 1260, 888, 63.3124, 0
PixelHit 1260, 889, 7.29083, 0
PixelHit 1261, 883, 2.99916, 0
PixelHit 1261, 884, 13.128, 0
PixelHit 1261, 885, 58.1706, 0
PixelHit 1261, 886, 272.723, 0
PixelHit 1261, 887, 408.067, 0
PixelHit 1261, 888, 348.994, 0
PixelHit 1261, 889, 77.5241, 0
PixelHit 1261, 890, 12.43, 0
PixelHit 1262, 883, 4.32025, 0
PixelHit 1262, 884, 45.2766, 0
PixelHit 1262, 885, 295.278, 0
PixelHit 1262, 886, 610.377, 0
PixelHit 1262, 887, 729.844, 0
PixelHit 1262, 888, 489.529, 0
PixelHit 1262, 889, 141.971, 0
PixelHit 1262, 890, 16.7496, 0
PixelHit 1263, 883, 11.3885, 0
PixelHit 1263, 884, 142.955, 0
PixelHit 1263, 885, 450.583, 0
PixelHit 1263, 886, 615.723, 0
PixelHit 1263, 887, 477.598, 0
PixelHit 1263, 888, 259.036, 0
PixelHit 1263, 889, 61.2207, 0
PixelHit 1263, 890, 4.85341, 0
PixelHit 1264, 883, 4.63619, 0
PixelHit 1264, 884, 117.309, 0
PixelHit 1264, 885, 449.907, 0
PixelHit 1264, 886, 442.563, 0
PixelHit 1264, 887, 190.224, 0
PixelHit 1264, 888, 50.6626, 0
PixelHit 1264, 889, 12.3244, 0
PixelHit 1264, 890, 1.13696, 0
PixelHit 1265, 883, 7.09854, 0
PixelHit 1265, 884, 54.0054, 0
PixelHit 1265, 885, 235.137, 0
PixelHit 1265, 886, 279.546, 0
PixelHit 1265, 887, 82.1959, 0
PixelHit 1265, 888, 11.2322, 0
PixelHit 1265, 889, 2.43084, 0
PixelHit 1266, 884, 9.31538, 0
PixelHit 1266, 885, 57.6182, 0
PixelHit 1266, 886, 77.8101, 0
PixelHit 1266, 887, 19.2665, 0
PixelHit 1266, 888, 4.0323, 0
PixelHit 1267, 884, 2.90642, 0
PixelHit 1267, 885, 5.43827, 0
PixelHit 1267, 886, 9.80889, 0
PixelHit 1267, 887, 3.92835, 0
PixelHit 1267, 888, 2.07238, 0
PixelHit 1280, 921, 2.88623, 0
PixelHit 1280, 924, 2.368, 0
PixelHit 1281, 923, 3.94138, 0
PixelHit 1293, 958, 1.65642, 0
PixelHit 1293, 959, 0.508374, 0
PixelHit 1293, 960, 2.42593, 0
PixelHit 1294, 959, 20.4554, 0
PixelHit 1294, 960, 13.6679, 0
PixelHit 1294, 961, 3.92576, 0
PixelHit 1295, 957, 6.96487, 0
PixelHit 1295, 958, 26.6116, 0
PixelHit 1295, 959, 79.3159, 0
PixelHit 1295, 960, 62.0516, 0
PixelHit 1295, 961, 36.1685, 0
PixelHit 1295, 962, 1.90579, 0
PixelHit 1296, 956, 1.5674, 0
PixelHit 1296, 957, 7.23898, 0
PixelHit 1296, 958, 42.7768, 0
PixelHit 1296, 959, 121.094, 0
PixelHit 1296, 960, 113.231, 0
PixelHit 1296, 961, 43.1659, 0
PixelHit 1296, 962, 4.77684, 0
PixelHit 1297, 956, 1.33051, 0
PixelHit 1297, 957, 6.53731, 0
PixelHit 1297, 958, 23.1638, 0
PixelHit 1297, 959, 74.8606, 0
PixelHit 1297, 960, 73.8123, 0
PixelHit 1297, 961, 16.9938, 0
PixelHit 1297, 962, 0.722672, 0
PixelHit 1298, 957, 1.97457, 0
PixelHit 1298, 958, 5.29569, 0
PixelHit 1298, 959, 10.8578, 0
PixelHit 1298, 960, 11.6871, 0
PixelHit 1298, 961, 5.24042, 0
PixelHit 1299, 959, 5.49429, 0
PixelHit 1299, 962, 0.451327, 0
=== 9 ===
--- mydetector ---
PixelHit 1274, 1085, 1.47284, 0
PixelHit 1274, 1086, 32.7279, 0
PixelHit 1274, 1087, 1.05335, 0
PixelHit 1275, 1085, 36.7304, 0
PixelHit 1275, 1086, 585.379, 0
PixelHit 1275, 1087, 42.4246, 0
PixelHit 1276, 1086, 118.28, 0
PixelHit 1276, 1087, 178.805, 0
PixelHit 1276, 1088, 1.71615, 0
PixelHit 1277, 1086, 2.34876, 0
PixelHit 1277, 1087, 9.56095, 0
PixelHit 1297, 954, 2.79941, 0
PixelHit 1298, 954, 3.12962, 0
PixelHit 1299, 954, 1.54727, 0
=== 10 ===
=== 11 ===
=== 12 ===
=== 13 ===
=== 14 ===
=== 15 ===
=== 16 ===
=== 17 ===
=== 18 ===
=== 19 ===
=== 20 ===
=== 21 ===
=== 22 ===
=== 23 ===
=== 24 ===
=== 25 ===
=== 26 ===
=== 27 ===
=== 28 ===
=== 29 ===
=== 30 ===
=== 31 ===
=== 32 ===
=== 33 ===
=== 34 ===
=== 35 ===
=== 36 ===
=== 37 ===
=== 38 ===
=== 39 ===
=== 40 ===
=== 41 ===
=== 42 ===
=== 43 ===
=== 44 ===
=== 45 ===
=== 46 ===
=== 47 ===
=== 48 ===
=== 49 ===
=== 50 ===
=== 51 ===
=== 52 ===
=== 53 ===
=== 54 ===
--- mydetector ---
PixelHit 1282, 1025, 1.81516, 0
PixelHit 1283, 1025, 14.9718, 0
PixelHit 1283, 1026, 24.6717, 0
PixelHit 1283, 1027, 11.0105, 0
PixelHit 1284, 1024, 21.4615, 0
PixelHit 1284, 1025, 186.202, 0
PixelHit 1284, 1026, 282.71, 0
PixelHit 1284, 1027, 116.109, 0
PixelHit 1284, 1028, 9.65142, 0
PixelHit 1285, 1023, 2.88036, 0
PixelHit 1285, 1024, 94.9081, 0
PixelHit 1285, 1025, 403.149, 0
PixelHit 1285, 1026, 442.669, 0
PixelHit 1285, 1027, 174.785, 0
PixelHit 1285, 1028, 14.7195, 0
PixelHit 1286, 1023, 6.62594, 0
PixelHit 1286, 1024, 94.3287, 0
PixelHit 1286, 1025, 296.186, 0
PixelHit 1286, 1026, 154.853, 0
PixelHit 1286, 1027, 20.9787, 0
PixelHit 1286, 1028, 2.40231, 0
PixelHit 1287, 1024, 37.6095, 0
PixelHit 1287, 1025, 254.105, 0
PixelHit 1287, 1026, 195.685, 0
PixelHit 1287, 1027, 21.3005, 0
PixelHit 1287, 1028, 1.82343, 0
PixelHit 1288, 1024, 55.1192, 0
PixelHit 1288, 1025, 425.771, 0
PixelHit 1288, 1026, 557.846, 0
PixelHit 1288, 1027, 182.516, 0
PixelHit 1288, 1028, 24.1213, 0
PixelHit 1289, 1023, 2.03596, 0
PixelHit 1289, 1024, 51.8883, 0
PixelHit 1289, 1025, 554.908, 0
PixelHit 1289, 1026, 1141.29, 0
PixelHit 1289, 1027, 736.301, 0
PixelHit 1289, 1028, 66.01, 0
PixelHit 1289, 1029, 1.06432, 0
PixelHit 1290, 1024, 24.0317, 0
PixelHit 1290, 1025, 335.768, 0
PixelHit 1290, 1026, 827.759, 0
PixelHit 1290, 1027, 516.91, 0
PixelHit 1290, 1028, 64.8744, 0
PixelHit 1290, 1029, 4.32692, 0
PixelHit 1291, 1024, 2.67196, 0
PixelHit 1291, 1025, 48.3046, 0
PixelHit 1291, 1026, 123.51, 0
PixelHit 1291, 1027, 71.1308, 0
PixelHit 1291, 1028, 7.08651, 0
PixelHit 1292, 1026, 4.80635, 0
PixelHit 1292, 1027, 2.59564, 0
PixelHit 1303, 916, 0.570455, 0
PixelHit 1304, 915, 4.38133, 0
PixelHit 1305, 915, 0.412687, 0
=== 55 ===
=== 56 ===
=== 57 ===
=== 58 ===
=== 59 ===
=== 60 ===
=== 61 ===
--- mydetector ---
PixelHit 1270, 989, 1.85947, 0
PixelHit 1271, 985, 1.39795, 0
PixelHit 1271, 986, 3.61136, 0
PixelHit 1271, 987, 7.16758, 0
PixelHit 1271, 988, 11.4055, 0
PixelHit 1271, 989, 4.61701, 0
PixelHit 1272, 986, 9.46195, 0
PixelHit 1272, 987, 25.9561, 0
PixelHit 1272, 988, 31.9867, 0
PixelHit 1272, 989, 25.9608, 0
PixelHit 1272, 990, 7.58866, 0
PixelHit 1272, 991, 1.9634, 0
PixelHit 1272, 992, 1.55225, 0
PixelHit 1273, 986, 12.3088, 0
PixelHit 1273, 987, 39.7384, 0
PixelHit 1273, 988, 47.2959, 0
PixelHit 1273, 989, 37.297, 0
PixelHit 1273, 990, 7.96289, 0
PixelHit 1273, 991, 3.01006, 0
PixelHit 1274, 985, 1.75209, 0
PixelHit 1274, 986, 10.6752, 0
PixelHit 1274, 987, 36.8486, 0
PixelHit 1274, 988, 43.4084, 0
PixelHit 1274, 989, 34.9193, 0
PixelHit 1274, 990, 11.4587, 0
PixelHit 1274, 991, 2.11647, 0
PixelHit 1275, 985, 0.685354, 0
PixelHit 1275, 986, 3.07933, 0
PixelHit 1275, 987, 15.5752, 0
PixelHit 1275, 988, 17.7324, 0
PixelHit 1275, 989, 8.3227, 0
PixelHit 1275, 990, 2.44807, 0
PixelHit 1276, 988, 2.71826, 0
PixelHit 1276, 989, 3.52687, 0
PixelHit 1276, 990, 1.14067, 0
PixelHit 1282, 991, 1.42488, 0
PixelHit 1289, 988, 2.18092, 0
PixelHit 1289, 989, 4.98482, 0
PixelHit 1289, 990, 9.89259, 0
PixelHit 1289, 991, 9.77228, 0
PixelHit 1289, 992, 2.19348, 0
PixelHit 1289, 993, 2.13801, 0
PixelHit 1289, 994, 0.26113, 0
PixelHit 1290, 988, 16.0259, 0
PixelHit 1290, 989, 100.17, 0
PixelHit 1290, 990, 138.764, 0
PixelHit 1290, 991, 134.1, 0
PixelHit 1290, 992, 57.3914, 0
PixelHit 1290, 993, 18.4345, 0
PixelHit 1290, 994, 6.85097, 0
PixelHit 1290, 995, 0.387846, 0
PixelHit 1291, 987, 12.3011, 0
PixelHit 1291, 988, 90.6815, 0
PixelHit 1291, 989, 512.751, 0
PixelHit 1291, 990, 826.561, 0
PixelHit 1291, 991, 453.45, 0
PixelHit 1291, 992, 184.498, 0
PixelHit 1291, 993, 118.726, 0
PixelHit 1291, 994, 36.2412, 0
PixelHit 1291, 995, 2.67527, 0
PixelHit 1292, 986, 1.56438, 0
PixelHit 1292, 987, 11.5733, 0
PixelHit 1292, 988, 178.194, 0
PixelHit 1292, 989, 922.011, 0
PixelHit 1292, 990, 1349.53, 0
PixelHit 1292, 991, 629.277, 0
PixelHit 1292, 992, 234.901, 0
PixelHit 1292, 993, 162.936, 0
PixelHit 1292, 994, 61.1635, 0
PixelHit 1292, 995, 8.63926, 0
PixelHit 1293, 987, 9.36126, 0
PixelHit 1293, 988, 106.8, 0
PixelHit 1293, 989, 468.104, 0
PixelHit 1293, 990, 620.788, 0
PixelHit 1293, 991, 286.369, 0
PixelHit 1293, 992, 74.2101, 0
PixelHit 1293, 993, 80.9967, 0
PixelHit 1293, 994, 33.7443, 0
PixelHit 1293, 995, 6.43065, 0
PixelHit 1293, 996, 0.765235, 0
PixelHit 1294, 987, 0.0936539, 0
PixelHit 1294, 988, 15.7677, 0
PixelHit 1294, 989, 67.2463, 0
PixelHit 1294, 990, 100.318, 0
PixelHit 1294, 991, 22.4878, 0
PixelHit 1294, 992, 10.2983, 0
PixelHit 1294, 993, 10.8468, 0
PixelHit 1295, 988, 0.134478, 0
PixelHit 1295, 989, 5.98757, 0
PixelHit 1295, 990, 4.41632, 0
PixelHit 1295, 991, 2.60568, 0
PixelHit 1295, 992, 1.66727, 0
PixelHit 1295, 994, 1.86023, 0
PixelHit 1307, 920, 1.74213, 0
=== 62 ===
=== 63 ===
=== 64 ===
=== 65 ===
=== 66 ===
=== 67 ===
=== 68 ===
=== 69 ===
=== 70 ===
=== 71 ===
=== 72 ===
=== 73 ===
=== 74 ===
=== 75 ===
=== 76 ===
=== 77 ===
=== 78 ===
=== 79 ===
=== 80 ===
=== 81 ===
=== 82 ===
--- mydetector ---
PixelHit 1263, 1102, 2.68674, 0
PixelHit 1263, 1103, 4.6007, 0
PixelHit 1264, 1100, 2.52051, 0
PixelHit 1264, 1101, 72.2981, 0
PixelHit 1264, 1102, 219.39, 0
PixelHit 1264, 1103, 163.012, 0
PixelHit 1264, 1104, 58.9531, 0
PixelHit 1264, 1105, 3.29696, 0
PixelHit 1265, 1100, 31.7438, 0
PixelHit 1265, 1101, 626.845, 0
PixelHit 1265, 1102, 1373.54, 0
PixelHit 1265, 1103, 1000.87, 0
PixelHit 1265, 1104, 709.983, 0
PixelHit 1265, 1105, 61.9065, 0
PixelHit 1266, 1100, 14.6942, 0
PixelHit 1266, 1101, 431.781, 0
PixelHit 1266, 1102, 850.061, 0
PixelHit 1266, 1103, 411.569, 0
PixelHit 1266, 1104, 838.782, 0
PixelHit 1266, 1105, 293.883, 0
PixelHit 1266, 1106, 6.20355, 0
PixelHit 1267, 1101, 22.3518, 0
PixelHit 1267, 1102, 59.5853, 0
PixelHit 1267, 1103, 40.8787, 0
PixelHit 1267, 1104, 398.534, 0
PixelHit 1267, 1105, 473.933, 0
PixelHit 1267, 1106, 10.6754, 0
PixelHit 1268, 1103, 6.30941, 0
PixelHit 1268, 1104, 241.138, 0
PixelHit 1268, 1105, 261.063, 0
PixelHit 1268, 1106, 6.55744, 0
PixelHit 1269, 1104, 6.33738, 0
PixelHit 1269, 1105, 2.11653, 0
PixelHit 1286, 988, 1.65146, 0
PixelHit 1286, 990, 1.32972, 0
PixelHit 1287, 989, 0.927899, 0
PixelHit 1287, 991, 2.30651, 0
PixelHit 1288, 988, 0.800121, 0
PixelHit 1288, 991, 1.40085, 0
=== 83 ===
=== 84 ===
=== 85 ===
=== 86 ===
=== 87 ===
=== 88 ===
=== 89 ===
--- mydetector ---
PixelHit 1304, 830, 3.80027, 0
PixelHit 1304, 832, 1.34532, 0
PixelHit 1305, 828, 6.88728, 0
PixelHit 1305, 829, 38.0396, 0
PixelHit 1305, 830, 47.055, 0
PixelHit 1305, 831, 25.3083, 0
PixelHit 1305, 832, 7.11509, 0
PixelHit 1305, 833, 2.96965, 0
PixelHit 1306, 827, 5.16926, 0
PixelHit 1306, 828, 41.2668, 0
PixelHit 1306, 829, 111.788, 0
PixelHit 1306, 830, 230.074, 0
PixelHit 1306, 831, 139.621, 0
PixelHit 1306, 832, 57.9843, 0
PixelHit 1306, 833, 8.70661, 0
PixelHit 1306, 834, 0.172211, 0
PixelHit 1307, 826, 1.62371, 0
PixelHit 1307, 827, 19.1166, 0
PixelHit 1307, 828, 97.4461, 0
PixelHit 1307, 829, 352.343, 0
PixelHit 1307, 830, 471.48, 0
PixelHit 1307, 831, 330.812, 0
PixelHit 1307, 832, 129.577, 0
PixelHit 1307, 833, 18.4495, 0
PixelHit 1307, 834, 5.29292, 0
PixelHit 1308, 826, 3.2717, 0
PixelHit 1308, 827, 29.7797, 0
PixelHit 1308, 828, 164.847, 0
PixelHit 1308, 829, 430.058, 0
PixelHit 1308, 830, 615.743, 0
PixelHit 1308, 831, 387.263, 0
PixelHit 1308, 832, 139.852, 0
PixelHit 1308, 833, 36.913, 0
PixelHit 1308, 834, 2.90785, 0
PixelHit 1308, 835, 0.659678, 0
PixelHit 1309, 826, 4.80874, 0
PixelHit 1309, 827, 20.1523, 0
PixelHit 1309, 828, 134.396, 0
PixelHit 1309, 829, 302.619, 0
PixelHit 1309, 830, 419.487, 0
PixelHit 1309, 831, 295.622, 0
PixelHit 1309, 832, 144.368, 0
PixelHit 1309, 833, 43.4418, 0
PixelHit 1309, 834, 12.6315, 0
PixelHit 1309, 835, 2.58898, 0
PixelHit 1310, 826, 2.69449, 0
PixelHit 1310, 827, 7.12181, 0
PixelHit 1310, 828, 45.2083, 0
PixelHit 1310, 829, 153.225, 0
PixelHit 1310, 830, 198.329, 0
PixelHit 1310, 831, 220.572, 0
PixelHit 1310, 832, 132.227, 0
PixelHit 1310, 833, 58.4994, 0
PixelHit 1310, 834, 20.508, 0
PixelHit 1311, 827, 0.811229, 0
PixelHit 1311, 828, 15.9391, 0
PixelHit 1311, 829, 37.1702, 0
PixelHit 1311, 830, 87.2054, 0
PixelHit 1311, 831, 113.822, 0
PixelHit 1311, 832, 152.993, 0
PixelHit 1311, 833, 74.4295, 0
PixelHit 1311, 834, 23.4023, 0
PixelHit 1311, 835, 3.96751, 0
PixelHit 1312, 827, 2.51812, 0
PixelHit 1312, 828, 2.05007, 0
PixelHit 1312, 829, 16.3506, 0
PixelHit 1312, 830, 74.063, 0
PixelHit 1312, 831, 153.897, 0
PixelHit 1312, 832, 150.709, 0
PixelHit 1312, 833, 98.1541, 0
PixelHit 1312, 834, 17.4262, 0
PixelHit 1312, 835, 2.09839, 0
PixelHit 1313, 822, 1.08736, 0
PixelHit 1313, 828, 6.45354, 0
PixelHit 1313, 829, 21.0035, 0
PixelHit 1313, 830, 88.5237, 0
PixelHit 1313, 831, 191.183, 0
PixelHit 1313, 832, 165.185, 0
PixelHit 1313, 833, 116.299, 0
PixelHit 1313, 834, 25.3112, 0
PixelHit 1313, 835, 4.15294, 0
PixelHit 1314, 828, 5.80683, 0
PixelHit 1314, 829, 33.8534, 0
PixelHit 1314, 830, 89.4722, 0
PixelHit 1314, 831, 138.638, 0
PixelHit 1314, 832, 123.722, 0
PixelHit 1314, 833, 67.9866, 0
PixelHit 1314, 834, 14.3066, 0
PixelHit 1314, 835, 1.94236, 0
PixelHit 1315, 823, 0.543918, 0
PixelHit 1315, 828, 2.67706, 0
PixelHit 1315, 829, 16.4333, 0
PixelHit 1315, 830, 45.9758, 0
PixelHit 1315, 831, 99.2058, 0
PixelHit 1315, 832, 86.3378, 0
PixelHit 1315, 833, 29.9492, 0
PixelHit 1315, 834, 7.2647, 0
PixelHit 1316, 821, 2.47788, 0
PixelHit 1316, 829, 4.16074, 0
PixelHit 1316, 830, 15.3938, 0
PixelHit 1316, 831, 31.9035, 0
PixelHit 1316, 832, 25.6741, 0
PixelHit 1316, 833, 6.36576, 0
PixelHit 1316, 834, 2.13628, 0
PixelHit 1316, 835, 0.492785, 0
PixelHit 1317, 829, 5.56335, 0
PixelHit 1317, 830, 7.12982, 0
PixelHit 1317, 831, 4.27762, 0
PixelHit 1317, 832, 4.81442, 0
PixelHit 1317, 833, 2.70236, 0
PixelHit 1318, 821, 0.951201, 0
PixelHit 1318, 830, 0.362545, 0
PixelHit 1319, 832, 1.60489, 0
=== 90 ===
=== 91 ===
=== 92 ===
=== 93 ===
=== 94 ===
=== 95 ===
=== 96 ===
=== 97 ===
=== 98 ===
=== 99 ===
=== 100 ===
# 432 objects from 7 messages
