# Allpix Squared ASCII data - https://cern.ch/allpix-squared

=== 1 ===
=== 2 ===
=== 3 ===
=== 4 ===
=== 5 ===
=== 6 ===
=== 7 ===
=== 8 ===
=== 9 ===
=== 10 ===
=== 11 ===
=== 12 ===
=== 13 ===
=== 14 ===
=== 15 ===
=== 16 ===
=== 17 ===
=== 18 ===
=== 19 ===
=== 20 ===
=== 21 ===
=== 22 ===
=== 23 ===
=== 24 ===
=== 25 ===
=== 26 ===
=== 27 ===
=== 28 ===
=== 29 ===
=== 30 ===
=== 31 ===
=== 32 ===
=== 33 ===
=== 34 ===
--- mydetector ---
PixelHit 640, 1173, 60.0916, 0
PixelHit 640, 1174, 104.329, 0
PixelHit 640, 1175, 1.50541, 0
PixelHit 641, 1172, 3.46487, 0
PixelHit 641, 1173, 150.371, 0
PixelHit 641, 1174, 236.914, 0
PixelHit 642, 1172, 5.98635, 0
PixelHit 642, 1173, 53.2367, 0
PixelHit 642, 1174, 5.97814, 0
PixelHit 643, 1171, 1.84331, 0
PixelHit 643, 1172, 17.5831, 0
PixelHit 643, 1173, 4.08295, 0
PixelHit 644, 1171, 9.97009, 0
PixelHit 644, 1172, 36.9663, 0
PixelHit 644, 1173, 2.93532, 0
PixelHit 645, 1169, 0.41297, 0
PixelHit 645, 1170, 4.83188, 0
PixelHit 645, 1171, 65.9518, 0
PixelHit 645, 1172, 11.8999, 0
PixelHit 646, 1169, 0.849848, 0
PixelHit 646, 1170, 59.7288, 0
PixelHit 646, 1171, 153.782, 0
PixelHit 646, 1172, 10.5741, 0
PixelHit 647, 1169, 24.7938, 0
PixelHit 647, 1170, 153.706, 0
PixelHit 647, 1171, 47.0304, 0
PixelHit 648, 1168, 2.37884, 0
PixelHit 648, 1169, 40.1011, 0
PixelHit 648, 1170, 87.4692, 0
PixelHit 648, 1171, 9.39374, 0
PixelHit 649, 1168, 6.8601, 0
PixelHit 649, 1169, 53.5086, 0
PixelHit 649, 1170, 25.4829, 0
PixelHit 650, 1167, 6.57934, 0
PixelHit 650, 1168, 24.2318, 0
PixelHit 650, 1169, 15.6181, 0
PixelHit 651, 1166, 2.27099, 0
PixelHit 651, 1167, 8.9741, 0
PixelHit 651, 1168, 78.9488, 0
PixelHit 651, 1169, 28.1349, 0
PixelHit 651, 1170, 1.70347, 0
PixelHit 652, 1167, 5.3613, 0
PixelHit 652, 1168, 17.2898, 0
PixelHit 652, 1169, 9.54374, 0
PixelHit 653, 1165, 3.45741, 0
PixelHit 653, 1166, 22.5124, 0
PixelHit 653, 1167, 38.4603, 0
PixelHit 653, 1168, 3.70833, 0
PixelHit 654, 1165, 6.46794, 0
PixelHit 654, 1166, 45.8179, 0
PixelHit 654, 1167, 42.1279, 0
PixelHit 654, 1168, 3.27916, 0
PixelHit 655, 1165, 20.3067, 0
PixelHit 655, 1166, 44.6269, 0
PixelHit 655, 1167, 22.4643, 0
PixelHit 656, 1163, 1.62718, 0
PixelHit 656, 1164, 11.3778, 0
PixelHit 656, 1165, 44.0146, 0
PixelHit 656, 1166, 30.6593, 0
PixelHit 656, 1167, 6.52891, 0
PixelHit 657, 1164, 26.5034, 0
PixelHit 657, 1165, 57.9956, 0
PixelHit 657, 1166, 21.1533, 0
PixelHit 657, 1167, 1.69298, 0
PixelHit 658, 1163, 3.70096, 0
PixelHit 658, 1164, 12.7881, 0
PixelHit 658, 1165, 11.8713, 0
PixelHit 659, 1162, 2.90384, 0
PixelHit 659, 1163, 14.9048, 0
PixelHit 659, 1164, 14.2543, 0
PixelHit 659, 1165, 4.46953, 0
PixelHit 660, 1162, 7.95013, 0
PixelHit 660, 1163, 22.843, 0
PixelHit 660, 1164, 20.4342, 0
PixelHit 661, 1161, 3.68654, 0
PixelHit 661, 1162, 9.05597, 0
PixelHit 661, 1163, 17.2721, 0
PixelHit 661, 1164, 2.95006, 0
PixelHit 661, 1165, -0.0713644, 0
PixelHit 662, 1161, 5.9358, 0
PixelHit 662, 1162, 22.5692, 0
PixelHit 662, 1163, 5.05036, 0
PixelHit 662, 1164, 3.01742, 0
PixelHit 663, 1160, 10.6038, 0
PixelHit 663, 1161, 24.5808, 0
PixelHit 663, 1162, 23.5297, 0
PixelHit 663, 1163, 6.23639, 0
PixelHit 664, 1160, 8.83093, 0
PixelHit 664, 1161, 30.5569, 0
PixelHit 664, 1162, 15.302, 0
PixelHit 664, 1163, 1.08244, 0
PixelHit 665, 1158, 0.88181, 0
PixelHit 665, 1159, 0.280818, 0
PixelHit 665, 1160, 7.78314, 0
PixelHit 665, 1161, 7.44511, 0
PixelHit 665, 1162, 2.79633, 0
PixelHit 666, 1158, 1.28358, 0
PixelHit 666, 1159, 10.3925, 0
PixelHit 666, 1160, 12.998, 0
PixelHit 666, 1161, 5.47353, 0
PixelHit 666, 1162, 3.31713, 0
PixelHit 667, 1157, 2.28136, 0
PixelHit 667, 1158, 10.8396, 0
PixelHit 667, 1159, 16.4149, 0
PixelHit 667, 1160, 11.6553, 0
PixelHit 668, 1157, 5.46509, 0
PixelHit 668, 1158, 17.6617, 0
PixelHit 668, 1159, 19.7278, 0
PixelHit 668, 1160, 10.5499, 0
PixelHit 668, 1161, 2.81226, 0
PixelHit 669, 1155, 1.92258, 0
PixelHit 669, 1156, 2.28915, 0
PixelHit 669, 1157, 17.4184, 0
PixelHit 669, 1158, 42.1224, 0
PixelHit 669, 1159, 30.9664, 0
PixelHit 669, 1160, 5.64454, 0
PixelHit 669, 1161, 2.98832, 0
PixelHit 670, 1156, 7.05109, 0
PixelHit 670, 1157, 25.3973, 0
PixelHit 670, 1158, 59.0292, 0
PixelHit 670, 1159, 30.8055, 0
PixelHit 670, 1160, 6.12114, 0
PixelHit 671, 1155, 8.98192, 0
PixelHit 671, 1156, 15.8279, 0
PixelHit 671, 1157, 28.4408, 0
PixelHit 671, 1158, 31.8777, 0
PixelHit 671, 1159, 14.8042, 0
PixelHit 671, 1160, 0.647372, 0
PixelHit 672, 1154, 4.90533, 0
PixelHit 672, 1155, 24.7324, 0
PixelHit 672, 1156, 45.7426, 0
PixelHit 672, 1157, 47.0998, 0
PixelHit 672, 1158, 20.0872, 0
PixelHit 672, 1159, 4.04823, 0
PixelHit 673, 1154, 15.9506, 0
PixelHit 673, 1155, 63.5209, 0
PixelHit 673, 1156, 147.47, 0
PixelHit 673, 1157, 89.3761, 0
PixelHit 673, 1158, 18.6143, 0
PixelHit 673, 1159, 0.98216, 0
PixelHit 674, 1153, 6.01671, 0
PixelHit 674, 1154, 29.1108, 0
PixelHit 674, 1155, 76.6069, 0
PixelHit 674, 1156, 120.427, 0
PixelHit 674, 1157, 51.3688, 0
PixelHit 674, 1158, 9.1898, 0
PixelHit 674, 1159, 2.50435, 0
PixelHit 674, 1160, 0.8836, 0
PixelHit 675, 1152, 2.085, 0
PixelHit 675, 1153, 24.0924, 0
PixelHit 675, 1154, 75.4964, 0
PixelHit 675, 1155, 96.2304, 0
PixelHit 675, 1156, 81.4218, 0
PixelHit 675, 1157, 31.0564, 0
PixelHit 675, 1158, 3.98311, 0
PixelHit 676, 1152, 1.89056, 0
PixelHit 676, 1153, 47.6828, 0
PixelHit 676, 1154, 139.115, 0
PixelHit 676, 1155, 187.066, 0
PixelHit 676, 1156, 71.1936, 0
PixelHit 676, 1157, 10.9843, 0
PixelHit 677, 1152, 11.6196, 0
PixelHit 677, 1153, 35.2382, 0
PixelHit 677, 1154, 112.508, 0
PixelHit 677, 1155, 126.244, 0
PixelHit 677, 1156, 32.277, 0
PixelHit 677, 1157, 0.815336, 0
PixelHit 678, 1151, 0.739278, 0
PixelHit 678, 1152, 8.41784, 0
PixelHit 678, 1153, 21.1215, 0
PixelHit 678, 1154, 51.3709, 0
PixelHit 678, 1155, 40.2828, 0
PixelHit 678, 1156, 10.0616, 0
PixelHit 678, 1157, 3.20853, 0
PixelHit 679, 1151, 5.37472, 0
PixelHit 679, 1152, 22.9972, 0
PixelHit 679, 1153, 25.651, 0
PixelHit 679, 1154, 11.5996, 0
PixelHit 679, 1155, 9.22983, 0
PixelHit 680, 1149, 2.25098, 0
PixelHit 680, 1150, 5.60836, 0
PixelHit 680, 1151, 11.6883, 0
PixelHit 680, 1152, 37.9754, 0
PixelHit 680, 1153, 33.981, 0
PixelHit 680, 1154, 4.36576, 0
PixelHit 680, 1155, 2.18875, 0
PixelHit 681, 1150, 2.52742, 0
PixelHit 681, 1151, 30.2361, 0
PixelHit 681, 1152, 39.9225, 0
PixelHit 681, 1153, 24.7183, 0
PixelHit 681, 1154, 5.78115, 0
PixelHit 681, 1155, 4.29272, 0
PixelHit 682, 1149, 1.98871, 0
PixelHit 682, 1150, 3.49386, 0
PixelHit 682, 1151, 15.2528, 0
PixelHit 682, 1152, 14.5106, 0
PixelHit 682, 1153, 11.7919, 0
PixelHit 683, 1150, 4.77479, 0
PixelHit 683, 1151, 6.38, 0
PixelHit 683, 1152, 5.76773, 0
PixelHit 683, 1153, 4.77118, 0
PixelHit 684, 1148, 3.57397, 0
PixelHit 684, 1149, 5.34889, 0
PixelHit 684, 1150, 6.07922, 0
PixelHit 684, 1151, 5.67447, 0
PixelHit 685, 1147, 5.30657, 0
PixelHit 685, 1148, 16.3185, 0
PixelHit 685, 1149, 19.5444, 0
PixelHit 685, 1150, 12.6852, 0
PixelHit 685, 1151, 11.7003, 0
PixelHit 686, 1146, 1.70805, 0
PixelHit 686, 1148, 21.2139, 0
PixelHit 686, 1149, 22.0534, 0
PixelHit 686, 1150, 18.7625, 0
PixelHit 686, 1152, 1.30385, 0
PixelHit 687, 1144, 2.12754, 0
PixelHit 687, 1146, 1.17942, 0
PixelHit 687, 1147, 5.45486, 0
PixelHit 687, 1148, 23.2239, 0
PixelHit 687, 1149, 20.8913, 0
PixelHit 687, 1150, 20.9312, 0
PixelHit 687, 1151, 3.8242, 0
PixelHit 687, 1152, 2.4595, 0
PixelHit 688, 1143, 0.41304, 0
PixelHit 688, 1146, 4.9458, 0
PixelHit 688, 1147, 19.3869, 0
PixelHit 688, 1148, 25.9809, 0
PixelHit 688, 1149, 18.7473, 0
PixelHit 688, 1150, 12.7776, 0
PixelHit 689, 1145, 5.52528, 0
PixelHit 689, 1146, 5.51455, 0
PixelHit 689, 1147, 11.6981, 0
PixelHit 689, 1148, 24.5126, 0
PixelHit 689, 1149, 13.3629, 0
PixelHit 689, 1150, 1.97867, 0
PixelHit 690, 1146, 6.48503, 0
PixelHit 690, 1147, 21.7158, 0
PixelHit 690, 1148, 14.6465, 0
PixelHit 690, 1149, 3.19012, 0
PixelHit 690, 1150, 2.46873, 0
PixelHit 691, 1144, 3.29873, 0
PixelHit 691, 1145, 5.02484, 0
PixelHit 691, 1146, 12.6056, 0
PixelHit 691, 1147, 9.41743, 0
PixelHit 691, 1148, 6.61548, 0
PixelHit 691, 1149, 5.55954, 0
PixelHit 692, 1144, 0.475973, 0
PixelHit 692, 1145, 2.74802, 0
PixelHit 692, 1146, 15.8201, 0
PixelHit 692, 1147, 13.8833, 0
PixelHit 692, 1148, 3.43708, 0
PixelHit 692, 1149, 1.65059, 0
PixelHit 693, 1142, 3.78586, 0
PixelHit 693, 1143, 1.15196, 0
PixelHit 693, 1145, 10.4534, 0
PixelHit 693, 1146, 6.09589, 0
PixelHit 693, 1147, 5.07519, 0
PixelHit 693, 1148, 2.21091, 0
PixelHit 694, 1141, 1.82479, 0
PixelHit 694, 1143, 4.68677, 0
PixelHit 694, 1144, 6.15327, 0
PixelHit 694, 1145, 10.676, 0
PixelHit 694, 1147, 2.35424, 0
PixelHit 694, 1148, 1.65153, 0
PixelHit 695, 1142, 5.52665, 0
PixelHit 695, 1143, 15.9904, 0
PixelHit 695, 1144, 20.3643, 0
PixelHit 695, 1145, 7.11646, 0
PixelHit 695, 1146, 8.20963, 0
PixelHit 696, 1140, 1.92587, 0
PixelHit 696, 1141, 3.59755, 0
PixelHit 696, 1142, 7.12899, 0
PixelHit 696, 1143, 20.8701, 0
PixelHit 696, 1144, 11.0567, 0
PixelHit 696, 1145, 11.9535, 0
PixelHit 696, 1146, 5.35447, 0
PixelHit 697, 1141, 3.60782, 0
PixelHit 697, 1142, 7.69821, 0
PixelHit 697, 1143, 11.0135, 0
PixelHit 697, 1144, 21.0878, 0
PixelHit 697, 1145, 3.89279, 0
PixelHit 697, 1146, 3.07824, 0
PixelHit 697, 1147, 1.35754, 0
PixelHit 698, 1139, 0.0017075, 0
PixelHit 698, 1140, 0.98901, 0
PixelHit 698, 1141, 5.02817, 0
PixelHit 698, 1142, 12.4566, 0
PixelHit 698, 1143, 6.63263, 0
PixelHit 698, 1144, 3.13738, 0
PixelHit 698, 1145, 5.46148, 0
PixelHit 698, 1146, 1.90797, 0
PixelHit 699, 1140, 3.29132, 0
PixelHit 699, 1141, 7.89575, 0
PixelHit 699, 1142, 6.3362, 0
PixelHit 699, 1143, 11.6905, 0
PixelHit 699, 1144, 4.0501, 0
PixelHit 700, 1139, 4.84252, 0
PixelHit 700, 1140, 7.59786, 0
PixelHit 700, 1141, 19.2621, 0
PixelHit 700, 1142, 20.3504, 0
PixelHit 700, 1143, 7.03304, 0
PixelHit 700, 1144, 4.61812, 0
PixelHit 701, 1140, 13.9596, 0
PixelHit 701, 1141, 18.8457, 0
PixelHit 701, 1142, 18.0325, 0
PixelHit 701, 1143, 6.53737, 0
PixelHit 701, 1144, 1.08064, 0
PixelHit 702, 1139, 4.46984, 0
PixelHit 702, 1140, 8.0889, 0
PixelHit 702, 1141, 11.2859, 0
PixelHit 702, 1142, 7.96794, 0
PixelHit 702, 1143, 3.72687, 0
PixelHit 703, 1139, 1.41369, 0
PixelHit 703, 1140, 1.35885, 0
PixelHit 703, 1141, 9.05237, 0
PixelHit 703, 1142, 5.29682, 0
PixelHit 703, 1143, 1.91992, 0
PixelHit 703, 1144, 3.252, 0
PixelHit 704, 1140, 1.81965, 0
PixelHit 704, 1143, 2.32747, 0
=== 35 ===
=== 36 ===
=== 37 ===
--- mydetector ---
PixelHit 1000, 1942, 2.49411, 0
PixelHit 1002, 1942, 2.19805, 0
PixelHit 1002, 1943, 2.68344, 0
PixelHit 1003, 1940, 2.52449, 0
PixelHit 1003, 1941, 1.42378, 0
PixelHit 1003, 1942, 7.76619, 0
PixelHit 1003, 1943, 8.46468, 0
PixelHit 1004, 1940, 1.63393, 0
PixelHit 1004, 1942, 2.01214, 0
PixelHit 1004, 1943, 6.73136, 0
PixelHit 1005, 1940, 6.08312, 0
PixelHit 1005, 1941, 6.30504, 0
PixelHit 1005, 1943, 2.69034, 0
PixelHit 1006, 1939, 3.90971, 0
PixelHit 1006, 1940, 11.066, 0
PixelHit 1006, 1941, 12.2815, 0
PixelHit 1006, 1942, 2.50475, 0
PixelHit 1006, 1943, 3.77084, 0
PixelHit 1007, 1938, 4.27305, 0
PixelHit 1007, 1939, 8.0248, 0
PixelHit 1007, 1940, 15.2448, 0
PixelHit 1007, 1941, 16.0719, 0
PixelHit 1007, 1942, 9.45411, 0
PixelHit 1008, 1936, 0.607725, 0
PixelHit 1008, 1938, 3.0435, 0
PixelHit 1008, 1939, 12.4003, 0
PixelHit 1008, 1940, 13.6425, 0
PixelHit 1008, 1941, 10.7261, 0
PixelHit 1008, 1942, 0.495733, 0
PixelHit 1008, 1943, 0.845356, 0
PixelHit 1009, 1934, 1.17377, 0
PixelHit 1009, 1936, 1.04248, 0
PixelHit 1009, 1937, 1.87727, 0
PixelHit 1009, 1938, 19.7585, 0
PixelHit 1009, 1939, 6.55476, 0
PixelHit 1009, 1940, 6.32099, 0
PixelHit 1009, 1941, 4.05676, 0
PixelHit 1010, 1936, 6.11616, 0
PixelHit 1010, 1937, 20.8075, 0
PixelHit 1010, 1938, 16.611, 0
PixelHit 1010, 1939, 13.9412, 0
PixelHit 1010, 1940, 1.18429, 0
PixelHit 1011, 1935, 6.73453, 0
PixelHit 1011, 1936, 12.4303, 0
PixelHit 1011, 1937, 21.1074, 0
PixelHit 1011, 1938, 29.9943, 0
PixelHit 1011, 1939, 14.0001, 0
PixelHit 1011, 1940, 1.47038, 0
PixelHit 1012, 1934, 3.0072, 0
PixelHit 1012, 1935, 14.9599, 0
PixelHit 1012, 1936, 27.7639, 0
PixelHit 1012, 1937, 28.4135, 0
PixelHit 1012, 1938, 22.3769, 0
PixelHit 1012, 1939, 2.39873, 0
PixelHit 1013, 1933, 1.56902, 0
PixelHit 1013, 1934, 10.4075, 0
PixelHit 1013, 1935, 31.1109, 0
PixelHit 1013, 1936, 30.4953, 0
PixelHit 1013, 1937, 12.7552, 0
PixelHit 1013, 1938, 5.11852, 0
PixelHit 1013, 1939, 1.98234, 0
PixelHit 1014, 1933, 5.40625, 0
PixelHit 1014, 1934, 21.3251, 0
PixelHit 1014, 1935, 30.1215, 0
PixelHit 1014, 1936, 30.5264, 0
PixelHit 1014, 1937, 8.99933, 0
PixelHit 1014, 1938, 1.04235, 0
PixelHit 1015, 1933, 12.3266, 0
PixelHit 1015, 1934, 19.0438, 0
PixelHit 1015, 1935, 17.6209, 0
PixelHit 1015, 1936, 8.13556, 0
PixelHit 1015, 1937, 1.61788, 0
PixelHit 1016, 1928, 0.985984, 0
PixelHit 1016, 1932, 5.26308, 0
PixelHit 1016, 1933, 12.2507, 0
PixelHit 1016, 1934, 21.558, 0
PixelHit 1016, 1935, 12.8325, 0
PixelHit 1016, 1936, 6.0759, 0
PixelHit 1016, 1937, 1.63372, 0
PixelHit 1017, 1930, 2.14075, 0
PixelHit 1017, 1931, 7.58924, 0
PixelHit 1017, 1932, 6.25467, 0
PixelHit 1017, 1933, 4.22403, 0
PixelHit 1017, 1934, 6.83241, 0
PixelHit 1017, 1935, 7.30186, 0
PixelHit 1018, 1930, 5.17822, 0
PixelHit 1018, 1931, 7.77511, 0
PixelHit 1018, 1932, 15.0394, 0
PixelHit 1018, 1933, 3.40604, 0
PixelHit 1018, 1934, 2.31573, 0
PixelHit 1019, 1929, 2.64449, 0
PixelHit 1019, 1930, 12.2563, 0
PixelHit 1019, 1931, 15.481, 0
PixelHit 1019, 1932, 14.2916, 0
PixelHit 1019, 1933, 8.34295, 0
PixelHit 1019, 1934, 1.65386, 0
PixelHit 1019, 1935, 1.20248, 0
PixelHit 1020, 1928, 5.05092, 0
PixelHit 1020, 1929, 9.89264, 0
PixelHit 1020, 1930, 13.5453, 0
PixelHit 1020, 1931, 25.4941, 0
PixelHit 1020, 1932, 12.5072, 0
PixelHit 1020, 1933, 3.65024, 0
PixelHit 1021, 1927, 1.4558, 0
PixelHit 1021, 1928, 6.09024, 0
PixelHit 1021, 1929, 16.4247, 0
PixelHit 1021, 1930, 15.758, 0
PixelHit 1021, 1931, 16.6599, 0
PixelHit 1021, 1932, 6.84405, 0
PixelHit 1021, 1933, 2.28282, 0
PixelHit 1022, 1926, 3.01656, 0
PixelHit 1022, 1927, 6.53215, 0
PixelHit 1022, 1928, 20.8983, 0
PixelHit 1022, 1929, 20.3868, 0
PixelHit 1022, 1930, 17.1874, 0
PixelHit 1022, 1931, 6.38689, 0
PixelHit 1022, 1932, 1.59691, 0
PixelHit 1023, 1925, 2.55989, 0
PixelHit 1023, 1926, 9.08189, 0
PixelHit 1023, 1927, 15.4865, 0
PixelHit 1023, 1928, 18.9092, 0
PixelHit 1023, 1929, 22.8003, 0
PixelHit 1023, 1930, 12.1632, 0
PixelHit 1023, 1931, 8.91592, 0
PixelHit 1023, 1932, 1.55942, 0
PixelHit 1024, 1925, 7.32359, 0
PixelHit 1024, 1926, 18.6413, 0
PixelHit 1024, 1927, 32.3371, 0
PixelHit 1024, 1928, 31.6177, 0
PixelHit 1024, 1929, 16.4799, 0
PixelHit 1024, 1930, 2.60801, 0
PixelHit 1025, 1925, 9.34567, 0
PixelHit 1025, 1926, 24.6057, 0
PixelHit 1025, 1927, 37.7127, 0
PixelHit 1025, 1928, 21.0169, 0
PixelHit 1025, 1929, 4.65465, 0
PixelHit 1025, 1931, 2.89131, 0
PixelHit 1026, 1923, 3.7879, 0
PixelHit 1026, 1924, 5.83905, 0
PixelHit 1026, 1925, 15.4619, 0
PixelHit 1026, 1926, 35.5028, 0
PixelHit 1026, 1927, 24.1845, 0
PixelHit 1026, 1928, 17.7602, 0
PixelHit 1026, 1929, 5.08418, 0
PixelHit 1027, 1922, 2.56331, 0
PixelHit 1027, 1923, 1.69667, 0
PixelHit 1027, 1924, 7.37524, 0
PixelHit 1027, 1925, 20.2229, 0
PixelHit 1027, 1926, 16.9392, 0
PixelHit 1027, 1927, 13.9131, 0
PixelHit 1027, 1928, 8.40083, 0
PixelHit 1027, 1929, 2.9142, 0
PixelHit 1027, 1930, 1.8137, 0
PixelHit 1028, 1922, 17.8997, 0
PixelHit 1028, 1923, 16.3091, 0
PixelHit 1028, 1924, 22.9275, 0
PixelHit 1028, 1925, 21.2899, 0
PixelHit 1028, 1926, 14.3003, 0
PixelHit 1028, 1927, 4.59212, 0
PixelHit 1028, 1928, 2.25609, 0
PixelHit 1029, 1920, 1.41916, 0
PixelHit 1029, 1921, 5.29599, 0
PixelHit 1029, 1922, 18.2339, 0
PixelHit 1029, 1923, 43.854, 0
PixelHit 1029, 1924, 30.172, 0
PixelHit 1029, 1925, 42.0031, 0
PixelHit 1029, 1926, 3.73128, 0
PixelHit 1029, 1927, 3.59521, 0
PixelHit 1029, 1928, 2.74293, 0
PixelHit 1030, 1920, 2.97069, 0
PixelHit 1030, 1921, 12.4312, 0
PixelHit 1030, 1922, 45.4482, 0
PixelHit 1030, 1923, 63.9775, 0
PixelHit 1030, 1924, 53.8526, 0
PixelHit 1030, 1925, 21.3632, 0
PixelHit 1030, 1926, 3.67299, 0
PixelHit 1031, 1920, 10.4235, 0
PixelHit 1031, 1921, 29.7943, 0
PixelHit 1031, 1922, 49.037, 0
PixelHit 1031, 1923, 49.7199, 0
PixelHit 1031, 1924, 51.4874, 0
PixelHit 1031, 1925, 10.4767, 0
PixelHit 1032, 1919, 7.0019, 0
PixelHit 1032, 1920, 9.25031, 0
PixelHit 1032, 1921, 20.6067, 0
PixelHit 1032, 1922, 37.9086, 0
PixelHit 1032, 1923, 44.3951, 0
PixelHit 1032, 1924, 17.7172, 0
PixelHit 1032, 1925, 9.30731, 0
PixelHit 1033, 1917, 1.92164, 0
PixelHit 1033, 1918, 3.54498, 0
PixelHit 1033, 1919, 15.8978, 0
PixelHit 1033, 1920, 26.6091, 0
PixelHit 1033, 1921, 33.71, 0
PixelHit 1033, 1922, 22.9609, 0
PixelHit 1033, 1923, 10.0865, 0
PixelHit 1033, 1924, 4.56006, 0
PixelHit 1034, 1917, 0.84295, 0
PixelHit 1034, 1918, 9.84212, 0
PixelHit 1034, 1919, 19.804, 0
PixelHit 1034, 1920, 41.0461, 0
PixelHit 1034, 1921, 52.3851, 0
PixelHit 1034, 1922, 13.364, 0
PixelHit 1034, 1923, 10.8568, 0
PixelHit 1034, 1924, 2.68635, 0
PixelHit 1035, 1917, 0.976818, 0
PixelHit 1035, 1918, 5.06125, 0
PixelHit 1035, 1919, 24.6885, 0
PixelHit 1035, 1920, 37.5316, 0
PixelHit 1035, 1921, 27.6346, 0
PixelHit 1035, 1922, 13.4835, 0
PixelHit 1035, 1923, 2.21387, 0
PixelHit 1036, 1918, 2.24266, 0
PixelHit 1036, 1919, 5.64182, 0
PixelHit 1036, 1920, 14.4141, 0
PixelHit 1036, 1921, 8.92094, 0
PixelHit 1036, 1922, 2.90331, 0
PixelHit 1036, 1923, 4.32209, 0
PixelHit 1037, 1920, 3.06189, 0
PixelHit 1037, 1921, 3.42587, 0
PixelHit 1038, 1918, 0.965987, 0
=== 38 ===
=== 39 ===
=== 40 ===
=== 41 ===
=== 42 ===
--- mydetector ---
PixelHit 915, 1126, 28.0791, 0
PixelHit 915, 1127, 2.20197, 0
PixelHit 916, 1125, 14.7292, 0
PixelHit 916, 1126, 141.173, 0
PixelHit 916, 1127, 6.21827, 0
PixelHit 917, 1125, 49.6047, 0
PixelHit 917, 1126, 76.7984, 0
PixelHit 918, 1124, 5.88047, 0
PixelHit 918, 1125, 59.2433, 0
PixelHit 918, 1126, 6.56342, 0
PixelHit 919, 1124, 2.97801, 0
PixelHit 919, 1125, 12.348, 0
PixelHit 920, 1124, 5.15653, 0
PixelHit 920, 1125, 2.39808, 0
PixelHit 921, 1123, 14.6229, 0
PixelHit 921, 1124, 14.2949, 0
PixelHit 922, 1122, 6.43401, 0
PixelHit 922, 1123, 65.1484, 0
PixelHit 922, 1124, 14.2482, 0
PixelHit 923, 1122, 10.1931, 0
PixelHit 923, 1123, 55.8245, 0
PixelHit 923, 1124, 6.42073, 0
PixelHit 924, 1121, 1.00981, 0
PixelHit 924, 1122, 11.9781, 0
PixelHit 924, 1123, 7.58309, 0
PixelHit 925, 1121, 19.6815, 0
PixelHit 925, 1122, 33.8833, 0
PixelHit 925, 1123, 7.97649, 0
PixelHit 926, 1120, 4.75186, 0
PixelHit 926, 1121, 22.214, 0
PixelHit 926, 1122, 30.5193, 0
PixelHit 927, 1119, 2.17889, 0
PixelHit 927, 1120, 9.56127, 0
PixelHit 927, 1121, 8.91434, 0
PixelHit 927, 1122, 4.49974, 0
PixelHit 928, 1119, 5.32384, 0
PixelHit 928, 1120, 36.6977, 0
PixelHit 928, 1121, 17.9364, 0
PixelHit 929, 1118, 4.4993, 0
PixelHit 929, 1119, 26.6958, 0
PixelHit 929, 1120, 67.8766, 0
PixelHit 929, 1121, 11.9438, 0
PixelHit 930, 1118, 9.73613, 0
PixelHit 930, 1119, 63.3022, 0
PixelHit 930, 1120, 63.1536, 0
PixelHit 930, 1121, 5.04332, 0
PixelHit 931, 1118, 15.108, 0
PixelHit 931, 1119, 28.9212, 0
PixelHit 931, 1120, 14.6134, 0
PixelHit 932, 1116, -0.356851, 0
PixelHit 932, 1117, 4.4796, 0
PixelHit 932, 1118, 19.0887, 0
PixelHit 932, 1119, 18.5498, 0
PixelHit 932, 1120, 1.86416, 0
PixelHit 933, 1117, 4.52069, 0
PixelHit 933, 1118, 14.627, 0
PixelHit 933, 1119, 10.3637, 0
PixelHit 934, 1115, 0.29487, 0
PixelHit 934, 1116, 27.1337, 0
PixelHit 934, 1117, 47.0127, 0
PixelHit 934, 1118, 31.174, 0
PixelHit 934, 1120, 3.67472, 0
PixelHit 935, 1115, 1.90913, 0
PixelHit 935, 1116, 48.3062, 0
PixelHit 935, 1117, 109.427, 0
PixelHit 935, 1118, 35.1405, 0
PixelHit 935, 1119, 3.45389, 0
PixelHit 936, 1116, 16.8643, 0
PixelHit 936, 1117, 54.9036, 0
PixelHit 936, 1118, 9.56598, 0
PixelHit 937, 1114, 1.93699, 0
PixelHit 937, 1115, 4.62454, 0
PixelHit 937, 1116, 5.07266, 0
PixelHit 937, 1118, 4.51212, 0
PixelHit 938, 1114, 4.69591, 0
PixelHit 938, 1115, 1.92476, 0
PixelHit 938, 1116, 3.02242, 0
PixelHit 939, 1113, 1.54624, 0
PixelHit 939, 1114, 11.8736, 0
PixelHit 939, 1115, 11.4993, 0
PixelHit 939, 1116, 1.19764, 0
PixelHit 940, 1112, 1.25235, 0
PixelHit 940, 1113, 2.94396, 0
PixelHit 940, 1114, 15.7499, 0
PixelHit 940, 1115, 8.20372, 0
PixelHit 940, 1116, 1.05831, 0
PixelHit 940, 1117, 2.84273, 0
PixelHit 940, 1118, 1.22146, 0
PixelHit 941, 1112, 8.87226, 0
PixelHit 941, 1113, 19.3458, 0
PixelHit 941, 1114, 19.6927, 0
PixelHit 941, 1115, 11.9688, 0
PixelHit 942, 1110, 3.32876, 0
PixelHit 942, 1112, 16.3332, 0
PixelHit 942, 1113, 20.3016, 0
PixelHit 942, 1114, 17.0549, 0
PixelHit 942, 1115, 4.67992, 0
PixelHit 943, 1109, 2.54873, 0
PixelHit 943, 1111, 9.15686, 0
PixelHit 943, 1112, 41.7778, 0
PixelHit 943, 1113, 41.8865, 0
PixelHit 943, 1114, 18.4213, 0
PixelHit 943, 1115, 1.10411, 0
PixelHit 944, 1110, 7.01237, 0
PixelHit 944, 1111, 26.676, 0
PixelHit 944, 1112, 45.3265, 0
PixelHit 944, 1113, 19.6928, 0
PixelHit 944, 1114, 9.91152, 0
PixelHit 945, 1109, 3.2376, 0
PixelHit 945, 1110, 13.6569, 0
PixelHit 945, 1111, 33.3879, 0
PixelHit 945, 1112, 58.3133, 0
PixelHit 945, 1113, 25.6376, 0
PixelHit 945, 1114, 1.89701, 0
PixelHit 946, 1109, 3.17548, 0
PixelHit 946, 1110, 22.6367, 0
PixelHit 946, 1111, 48.0479, 0
PixelHit 946, 1112, 47.1991, 0
PixelHit 946, 1113, 22.2103, 0
PixelHit 946, 1114, 2.90196, 0
PixelHit 947, 1108, 1.98527, 0
PixelHit 947, 1109, 10.055, 0
PixelHit 947, 1110, 22.6165, 0
PixelHit 947, 1111, 22.6955, 0
PixelHit 947, 1112, 15.4449, 0
PixelHit 947, 1113, 3.42028, 0
PixelHit 948, 1109, 5.10936, 0
PixelHit 948, 1110, 13.0273, 0
PixelHit 948, 1111, 18.7803, 0
PixelHit 949, 1108, 10.9517, 0
PixelHit 949, 1109, 19.8745, 0
PixelHit 949, 1110, 16.7471, 0
PixelHit 949, 1111, 4.23367, 0
PixelHit 949, 1112, 2.51649, 0
PixelHit 950, 1107, 1.85682, 0
PixelHit 950, 1108, 8.19788, 0
PixelHit 950, 1109, 11.3969, 0
PixelHit 950, 1110, 14.3608, 0
PixelHit 950, 1111, 1.90791, 0
PixelHit 951, 1106, 1.42153, 0
PixelHit 951, 1108, 11.6614, 0
PixelHit 951, 1109, 11.2556, 0
PixelHit 951, 1110, 11.6426, 0
PixelHit 951, 1111, 1.55382, 0
PixelHit 952, 1105, 1.31791, 0
PixelHit 952, 1106, 2.50445, 0
PixelHit 952, 1107, 11.8474, 0
PixelHit 952, 1108, 9.35181, 0
PixelHit 952, 1109, 17.9627, 0
PixelHit 953, 1105, 3.45043, 0
PixelHit 953, 1106, 3.75862, 0
PixelHit 953, 1107, 14.1925, 0
PixelHit 953, 1108, 21.1294, 0
PixelHit 953, 1109, 8.0936, 0
PixelHit 954, 1105, 3.97647, 0
PixelHit 954, 1106, 10.745, 0
PixelHit 954, 1107, 20.9637, 0
PixelHit 954, 1108, 13.5712, 0
PixelHit 954, 1109, 5.28136, 0
PixelHit 955, 1105, 7.58439, 0
PixelHit 955, 1106, 14.9052, 0
PixelHit 955, 1107, 17.8065, 0
PixelHit 955, 1108, 8.98939, 0
PixelHit 956, 1104, 2.32723, 0
PixelHit 956, 1105, 9.93766, 0
PixelHit 956, 1106, 20.1065, 0
PixelHit 956, 1107, 9.0877, 0
PixelHit 956, 1108, 2.74732, 0
PixelHit 956, 1109, 0.441754, 0
PixelHit 957, 1103, 6.00785, 0
PixelHit 957, 1104, 9.54035, 0
PixelHit 957, 1105, 18.8909, 0
PixelHit 957, 1106, 16.5569, 0
PixelHit 957, 1107, 4.96114, 0
PixelHit 958, 1103, 6.12187, 0
PixelHit 958, 1104, 13.7615, 0
PixelHit 958, 1105, 22.9632, 0
PixelHit 958, 1106, 16.745, 0
PixelHit 958, 1107, 5.19343, 0
PixelHit 959, 1100, 0.923064, 0
PixelHit 959, 1103, 11.3177, 0
PixelHit 959, 1104, 28.8841, 0
PixelHit 959, 1105, 20.7083, 0
PixelHit 959, 1106, 8.0042, 0
PixelHit 959, 1107, 1.8929, 0
PixelHit 960, 1101, 3.1382, 0
PixelHit 960, 1102, 3.87844, 0
PixelHit 960, 1103, 21.5542, 0
PixelHit 960, 1104, 34.6265, 0
PixelHit 960, 1105, 17.9776, 0
PixelHit 960, 1106, 10.0181, 0
PixelHit 960, 1107, 3.05191, 0
PixelHit 961, 1102, 5.11957, 0
PixelHit 961, 1103, 15.1172, 0
PixelHit 961, 1104, 19.3618, 0
PixelHit 961, 1105, 10.3646, 0
PixelHit 961, 1106, 5.8197, 0
PixelHit 962, 1100, -0.0304747, 0
PixelHit 962, 1101, 2.8212, 0
PixelHit 962, 1102, 6.79117, 0
PixelHit 962, 1103, 12.2315, 0
PixelHit 962, 1104, 15.0055, 0
PixelHit 962, 1105, 6.23281, 0
PixelHit 963, 1099, 1.5388, 0
PixelHit 963, 1100, 2.59001, 0
PixelHit 963, 1101, 5.75662, 0
PixelHit 963, 1102, 12.1709, 0
PixelHit 963, 1103, 4.63156, 0
PixelHit 963, 1104, 7.39746, 0
PixelHit 963, 1105, 4.77661, 0
PixelHit 964, 1100, 3.20055, 0
PixelHit 964, 1101, 7.54895, 0
PixelHit 964, 1102, 6.34804, 0
PixelHit 964, 1103, 4.19527, 0
PixelHit 964, 1104, 6.30598, 0
PixelHit 965, 1100, 5.67157, 0
PixelHit 965, 1101, 8.03033, 0
PixelHit 965, 1102, 12.1514, 0
PixelHit 965, 1103, 2.94328, 0
PixelHit 965, 1104, 1.25615, 0
PixelHit 966, 1099, 6.31333, 0
PixelHit 966, 1100, 17.1581, 0
PixelHit 966, 1101, 15.3172, 0
PixelHit 966, 1102, 6.52913, 0
PixelHit 966, 1103, 4.32209, 0
PixelHit 967, 1097, 3.08911, 0
PixelHit 967, 1099, 17.9202, 0
PixelHit 967, 1100, 18.3932, 0
PixelHit 967, 1101, 28.4304, 0
PixelHit 967, 1102, 7.65444, 0
PixelHit 968, 1098, 8.77975, 0
PixelHit 968, 1099, 24.3749, 0
PixelHit 968, 1100, 39.7329, 0
PixelHit 968, 1101, 23.2677, 0
PixelHit 968, 1102, 5.21931, 0
PixelHit 968, 1103, 3.7328, 0
PixelHit 969, 1096, 2.39634, 0
PixelHit 969, 1097, 2.73604, 0
PixelHit 969, 1098, 6.58374, 0
PixelHit 969, 1099, 29.1674, 0
PixelHit 969, 1100, 27.8168, 0
PixelHit 969, 1101, 9.68961, 0
PixelHit 969, 1102, 2.78931, 0
PixelHit 969, 1103, 1.63757, 0
PixelHit 970, 1097, 10.2446, 0
PixelHit 970, 1098, 14.3344, 0
PixelHit 970, 1099, 17.7302, 0
PixelHit 970, 1100, 14.7903, 0
PixelHit 970, 1101, 3.22207, 0
PixelHit 971, 1094, 1.65391, 0
PixelHit 971, 1095, 3.13411, 0
PixelHit 971, 1096, 5.32531, 0
PixelHit 971, 1097, 11.7946, 0
PixelHit 971, 1098, 11.4286, 0
PixelHit 971, 1099, 5.03983, 0
PixelHit 971, 1100, 11.0797, 0
PixelHit 971, 1101, 3.48164, 0
PixelHit 972, 1096, 7.33123, 0
PixelHit 972, 1097, 16.3271, 0
PixelHit 972, 1098, 19.4602, 0
PixelHit 972, 1099, 5.55413, 0
PixelHit 972, 1100, 1.11483, 0
PixelHit 973, 1095, 3.31352, 0
PixelHit 973, 1096, 13.9388, 0
PixelHit 973, 1097, 18.1374, 0
PixelHit 973, 1098, 14.0458, 0
PixelHit 973, 1100, 3.35206, 0
PixelHit 973, 1101, 1.13305, 0
PixelHit 974, 1094, 1.93477, 0
PixelHit 974, 1095, 9.8169, 0
PixelHit 974, 1096, 9.34148, 0
PixelHit 974, 1097, 15.4625, 0
PixelHit 974, 1098, 6.98153, 0
PixelHit 974, 1099, 4.56276, 0
PixelHit 975, 1094, 5.68881, 0
PixelHit 975, 1095, 7.17853, 0
PixelHit 975, 1096, 11.7972, 0
PixelHit 975, 1097, 8.75917, 0
PixelHit 975, 1098, 5.55394, 0
PixelHit 975, 1099, 2.85612, 0
PixelHit 976, 1092, 0.940793, 0
PixelHit 976, 1093, 2.335, 0
PixelHit 976, 1094, 6.79699, 0
PixelHit 976, 1095, 13.9413, 0
PixelHit 976, 1096, 15.0384, 0
PixelHit 976, 1097, 9.6776, 0
PixelHit 976, 1098, 3.69298, 0
PixelHit 976, 1099, 0.994332, 0
PixelHit 977, 1093, 2.66844, 0
PixelHit 977, 1094, 6.32986, 0
PixelHit 977, 1095, 5.23016, 0
PixelHit 977, 1096, 16.0986, 0
PixelHit 977, 1097, 4.83193, 0
PixelHit 977, 1098, 1.44098, 0
PixelHit 978, 1094, 6.42455, 0
PixelHit 978, 1095, 9.21204, 0
PixelHit 978, 1096, 9.13034, 0
PixelHit 978, 1097, 3.71759, 0
PixelHit 979, 1096, 3.51443, 0
PixelHit 979, 1097, 2.22128, 0
=== 43 ===
=== 44 ===
=== 45 ===
=== 46 ===
=== 47 ===
=== 48 ===
=== 49 ===
=== 50 ===
=== 51 ===
--- mydetector ---
PixelHit 1000, 1285, 2.78738, 0
PixelHit 1000, 1286, 27.5166, 0
PixelHit 1001, 1285, 28.9672, 0
PixelHit 1001, 1286, 24.2747, 0
PixelHit 1002, 1284, 1.59283, 0
PixelHit 1002, 1285, 25.9593, 0
PixelHit 1002, 1286, 3.64337, 0
PixelHit 1003, 1283, 2.95236, 0
PixelHit 1003, 1284, 73.463, 0
PixelHit 1003, 1285, 8.93135, 0
PixelHit 1004, 1283, 22.1838, 0
PixelHit 1004, 1284, 52.4464, 0
PixelHit 1004, 1285, 1.97452, 0
PixelHit 1005, 1282, 5.16827, 0
PixelHit 1005, 1283, 39.7466, 0
PixelHit 1005, 1284, 4.04126, 0
PixelHit 1006, 1281, 1.3407, 0
PixelHit 1006, 1282, 6.33147, 0
PixelHit 1006, 1283, 6.69841, 0
PixelHit 1007, 1281, 5.92694, 0
PixelHit 1007, 1282, 8.7925, 0
PixelHit 1007, 1283, 2.74144, 0
PixelHit 1008, 1280, 1.73943, 0
PixelHit 1008, 1281, 19.5634, 0
PixelHit 1008, 1282, 4.70869, 0
PixelHit 1009, 1280, 12.4768, 0
PixelHit 1009, 1281, 30.1754, 0
PixelHit 1009, 1282, 4.8978, 0
PixelHit 1010, 1279, 3.43717, 0
PixelHit 1010, 1280, 8.21007, 0
PixelHit 1010, 1281, 3.59251, 0
PixelHit 1011, 1278, 2.17649, 0
PixelHit 1011, 1279, 2.77755, 0
PixelHit 1011, 1280, 7.43031, 0
PixelHit 1011, 1281, 4.68394, 0
PixelHit 1012, 1277, 2.43745, 0
PixelHit 1012, 1278, 14.6661, 0
PixelHit 1012, 1279, 22.0211, 0
PixelHit 1012, 1280, 1.86129, 0
PixelHit 1013, 1277, 10.9579, 0
PixelHit 1013, 1278, 34.1259, 0
PixelHit 1013, 1279, 42.6681, 0
PixelHit 1013, 1280, 2.84293, 0
PixelHit 1014, 1275, 0.489713, 0
PixelHit 1014, 1276, 4.62553, 0
PixelHit 1014, 1277, 10.4185, 0
PixelHit 1014, 1278, 19.4383, 0
PixelHit 1014, 1279, 7.64632, 0
PixelHit 1015, 1275, 15.6985, 0
PixelHit 1015, 1276, 36.0978, 0
PixelHit 1015, 1277, 40.7847, 0
PixelHit 1015, 1278, 9.72973, 0
PixelHit 1015, 1279, 2.14684, 0
PixelHit 1016, 1274, 3.84983, 0
PixelHit 1016, 1275, 35.5358, 0
PixelHit 1016, 1276, 129.87, 0
PixelHit 1016, 1277, 75.0097, 0
PixelHit 1016, 1278, 5.44296, 0
PixelHit 1017, 1274, 8.7346, 0
PixelHit 1017, 1275, 34.1873, 0
PixelHit 1017, 1276, 73.2866, 0
PixelHit 1017, 1277, 35.6796, 0
PixelHit 1017, 1278, 3.25663, 0
PixelHit 1018, 1273, 1.95446, 0
PixelHit 1018, 1274, 14.1904, 0
PixelHit 1018, 1275, 68.6716, 0
PixelHit 1018, 1276, 26.4694, 0
PixelHit 1018, 1277, 6.97312, 0
PixelHit 1019, 1272, 3.1387, 0
PixelHit 1019, 1273, 6.80485, 0
PixelHit 1019, 1274, 38.144, 0
PixelHit 1019, 1275, 51.0316, 0
PixelHit 1019, 1276, 12.7878, 0
PixelHit 1019, 1277, 1.45417, 0
PixelHit 1020, 1271, 2.55695, 0
PixelHit 1020, 1272, 2.17331, 0
PixelHit 1020, 1273, 16.5602, 0
PixelHit 1020, 1274, 30.8322, 0
PixelHit 1020, 1275, 18.7285, 0
PixelHit 1020, 1276, 3.54102, 0
PixelHit 1021, 1272, 13.3059, 0
PixelHit 1021, 1273, 35.56, 0
PixelHit 1021, 1274, 37.8453, 0
PixelHit 1021, 1275, 8.20573, 0
PixelHit 1022, 1272, 11.9978, 0
PixelHit 1022, 1273, 22.7031, 0
PixelHit 1022, 1274, 8.15459, 0
PixelHit 1022, 1275, 3.52647, 0
PixelHit 1023, 1270, 3.86014, 0
PixelHit 1023, 1271, 3.83021, 0
PixelHit 1023, 1272, 9.20604, 0
PixelHit 1023, 1273, 9.67272, 0
PixelHit 1023, 1274, 2.80727, 0
PixelHit 1024, 1269, 5.52267, 0
PixelHit 1024, 1270, 10.4451, 0
PixelHit 1024, 1271, 19.0127, 0
PixelHit 1024, 1272, 16.4829, 0
PixelHit 1024, 1273, 3.94451, 0
PixelHit 1024, 1275, 2.49169, 0
PixelHit 1025, 1268, 2.39337, 0
PixelHit 1025, 1269, 11.0833, 0
PixelHit 1025, 1270, 43.9329, 0
PixelHit 1025, 1271, 39.3812, 0
PixelHit 1025, 1272, 9.64861, 0
PixelHit 1025, 1273, 4.05379, 0
PixelHit 1026, 1269, 19.761, 0
PixelHit 1026, 1270, 47.1266, 0
PixelHit 1026, 1271, 34.3803, 0
PixelHit 1026, 1272, 11.5422, 0
PixelHit 1026, 1273, 2.33403, 0
PixelHit 1027, 1268, 6.70693, 0
PixelHit 1027, 1269, 13.8768, 0
PixelHit 1027, 1270, 37.8239, 0
PixelHit 1027, 1271, 16.0471, 0
PixelHit 1027, 1272, 2.67455, 0
PixelHit 1028, 1267, 5.91928, 0
PixelHit 1028, 1268, 21.251, 0
PixelHit 1028, 1269, 19.0593, 0
PixelHit 1028, 1270, 17.7072, 0
PixelHit 1028, 1271, 8.79458, 0
PixelHit 1028, 1272, 2.55399, 0
PixelHit 1029, 1267, 7.59147, 0
PixelHit 1029, 1268, 15.414, 0
PixelHit 1029, 1269, 15.3812, 0
PixelHit 1029, 1270, 2.28216, 0
PixelHit 1030, 1267, 8.822, 0
PixelHit 1030, 1268, 13.1327, 0
PixelHit 1030, 1269, 7.91317, 0
PixelHit 1030, 1270, 3.1342, 0
PixelHit 1031, 1265, 4.45093, 0
PixelHit 1031, 1266, 2.03087, 0
PixelHit 1031, 1267, 4.11407, 0
PixelHit 1031, 1268, 6.59625, 0
PixelHit 1031, 1269, 3.19355, 0
PixelHit 1032, 1265, 4.77058, 0
PixelHit 1032, 1266, 16.4944, 0
PixelHit 1032, 1267, 8.96968, 0
PixelHit 1033, 1263, 1.70451, 0
PixelHit 1033, 1264, 1.87526, 0
PixelHit 1033, 1265, 13.5465, 0
PixelHit 1033, 1266, 20.1855, 0
PixelHit 1033, 1267, 8.26768, 0
PixelHit 1033, 1268, 1.96155, 0
PixelHit 1033, 1269, 3.00484, 0
PixelHit 1034, 1264, 7.31777, 0
PixelHit 1034, 1265, 13.3342, 0
PixelHit 1034, 1266, 13.4751, 0
PixelHit 1034, 1267, 6.94882, 0
PixelHit 1035, 1263, 5.76509, 0
PixelHit 1035, 1264, 17.0876, 0
PixelHit 1035, 1265, 24.9108, 0
PixelHit 1035, 1266, 15.596, 0
PixelHit 1036, 1261, 1.30863, 0
PixelHit 1036, 1263, 6.29465, 0
PixelHit 1036, 1264, 17.8931, 0
PixelHit 1036, 1265, 10.9536, 0
PixelHit 1036, 1266, 3.63449, 0
PixelHit 1036, 1267, 4.16211, 0
PixelHit 1037, 1261, 2.65851, 0
PixelHit 1037, 1263, 7.32011, 0
PixelHit 1037, 1264, 10.7837, 0
PixelHit 1037, 1265, 6.60986, 0
PixelHit 1038, 1259, 2.3356, 0
PixelHit 1038, 1260, 2.49427, 0
PixelHit 1038, 1261, 7.08356, 0
PixelHit 1038, 1262, 9.45218, 0
PixelHit 1038, 1263, 7.48567, 0
PixelHit 1039, 1259, 3.14145, 0
PixelHit 1039, 1260, 4.03654, 0
PixelHit 1039, 1261, 19.0808, 0
PixelHit 1039, 1262, 11.7782, 0
PixelHit 1039, 1263, 13.0081, 0
PixelHit 1039, 1264, 5.18094, 0
PixelHit 1039, 1265, 1.55087, 0
PixelHit 1040, 1258, 1.68994, 0
PixelHit 1040, 1259, 5.23872, 0
PixelHit 1040, 1260, 25.051, 0
PixelHit 1040, 1261, 39.9828, 0
PixelHit 1040, 1262, 23.9372, 0
PixelHit 1040, 1263, 14.8049, 0
PixelHit 1040, 1264, 5.31679, 0
PixelHit 1040, 1265, 2.04393, 0
PixelHit 1041, 1258, 2.36033, 0
PixelHit 1041, 1259, 8.10759, 0
PixelHit 1041, 1260, 27.8169, 0
PixelHit 1041, 1261, 43.1584, 0
PixelHit 1041, 1262, 36.3131, 0
PixelHit 1041, 1263, 14.3455, 0
PixelHit 1042, 1258, 1.38082, 0
PixelHit 1042, 1259, 8.21531, 0
PixelHit 1042, 1260, 28.8937, 0
PixelHit 1042, 1261, 32.1171, 0
PixelHit 1042, 1262, 21.8049, 0
PixelHit 1042, 1263, 7.1603, 0
PixelHit 1042, 1264, 1.42524, 0
PixelHit 1043, 1258, 2.43914, 0
PixelHit 1043, 1259, 14.9857, 0
PixelHit 1043, 1260, 9.78858, 0
PixelHit 1043, 1261, 15.9506, 0
PixelHit 1043, 1262, 5.75233, 0
PixelHit 1043, 1263, 3.0216, 0
PixelHit 1044, 1258, 11.7338, 0
PixelHit 1044, 1259, 15.184, 0
PixelHit 1044, 1260, 13.671, 0
PixelHit 1044, 1261, 3.47274, 0
PixelHit 1044, 1262, 4.3266, 0
PixelHit 1045, 1257, 6.88625, 0
PixelHit 1045, 1258, 5.91217, 0
PixelHit 1045, 1259, 16.4716, 0
PixelHit 1045, 1260, 12.5076, 0
PixelHit 1045, 1261, 3.19064, 0
PixelHit 1045, 1262, 2.74017, 0
PixelHit 1046, 1257, 2.10594, 0
PixelHit 1046, 1258, 8.73515, 0
PixelHit 1046, 1259, 2.43371, 0
PixelHit 1046, 1260, 4.13459, 0
PixelHit 1047, 1255, 3.06514, 0
PixelHit 1047, 1256, 8.3736, 0
PixelHit 1047, 1257, 5.56075, 0
PixelHit 1047, 1258, 5.67361, 0
PixelHit 1047, 1260, 1.60419, 0
PixelHit 1048, 1255, 4.94872, 0
PixelHit 1048, 1256, 4.08274, 0
PixelHit 1048, 1257, 4.78073, 0
PixelHit 1049, 1254, 3.33484, 0
PixelHit 1049, 1255, 6.11481, 0
PixelHit 1049, 1256, 11.4501, 0
PixelHit 1049, 1257, 8.60824, 0
PixelHit 1049, 1258, 2.11856, 0
PixelHit 1050, 1253, 2.24093, 0
PixelHit 1050, 1254, 4.75952, 0
PixelHit 1050, 1255, 9.04218, 0
PixelHit 1050, 1256, 9.73456, 0
PixelHit 1050, 1258, 1.94832, 0
PixelHit 1050, 1259, 2.02292, 0
PixelHit 1051, 1253, 3.65564, 0
PixelHit 1051, 1254, 8.15193, 0
PixelHit 1051, 1255, 6.85492, 0
PixelHit 1051, 1256, 7.54935, 0
PixelHit 1051, 1257, 1.56898, 0
PixelHit 1052, 1252, 9.42157, 0
PixelHit 1052, 1253, 5.21026, 0
PixelHit 1052, 1254, 20.3589, 0
PixelHit 1052, 1255, 4.67287, 0
PixelHit 1052, 1256, 3.69061, 0
PixelHit 1052, 1258, 2.86216, 0
PixelHit 1053, 1251, 4.12614, 0
PixelHit 1053, 1252, 9.98267, 0
PixelHit 1053, 1253, 18.2563, 0
PixelHit 1053, 1254, 23.1364, 0
PixelHit 1053, 1255, 11.3028, 0
PixelHit 1053, 1256, 4.01798, 0
PixelHit 1054, 1251, 3.16277, 0
PixelHit 1054, 1252, 19.8308, 0
PixelHit 1054, 1253, 13.2961, 0
PixelHit 1054, 1254, 17.013, 0
PixelHit 1054, 1255, 3.73201, 0
PixelHit 1055, 1251, 5.43417, 0
PixelHit 1055, 1252, 5.13775, 0
PixelHit 1055, 1253, 11.9558, 0
PixelHit 1055, 1254, 17.0422, 0
PixelHit 1055, 1255, 3.3573, 0
PixelHit 1056, 1250, 3.87354, 0
PixelHit 1056, 1251, 5.10584, 0
PixelHit 1056, 1252, 8.38111, 0
PixelHit 1056, 1253, 12.4082, 0
PixelHit 1056, 1254, 3.97464, 0
PixelHit 1057, 1251, 5.6352, 0
PixelHit 1057, 1252, 7.45296, 0
PixelHit 1057, 1253, 4.48397, 0
PixelHit 1057, 1254, 1.76649, 0
PixelHit 1058, 1252, 0.375544, 0
PixelHit 1059, 1251, 1.2652, 0
=== 52 ===
=== 53 ===
=== 54 ===
=== 55 ===
=== 56 ===
=== 57 ===
=== 58 ===
=== 59 ===
=== 60 ===
=== 61 ===
=== 62 ===
=== 63 ===
=== 64 ===
=== 65 ===
=== 66 ===
=== 67 ===
=== 68 ===
=== 69 ===
=== 70 ===
=== 71 ===
=== 72 ===
=== 73 ===
=== 74 ===
=== 75 ===
=== 76 ===
=== 77 ===
=== 78 ===
=== 79 ===
=== 80 ===
=== 81 ===
=== 82 ===
=== 83 ===
=== 84 ===
=== 85 ===
=== 86 ===
=== 87 ===
=== 88 ===
=== 89 ===
=== 90 ===
=== 91 ===
=== 92 ===
=== 93 ===
=== 94 ===
=== 95 ===
=== 96 ===
=== 97 ===
=== 98 ===
=== 99 ===
=== 100 ===
# 1114 objects from 4 messages
