# Allpix Squared ASCII data - https://cern.ch/allpix-squared

=== 1 ===
=== 2 ===
=== 3 ===
=== 4 ===
=== 5 ===
=== 6 ===
--- mydetector ---
PixelHit 1273, 770, 2.37179, 0
PixelHit 1273, 771, 4.5546, 0
PixelHit 1273, 772, 4.83797, 0
PixelHit 1273, 773, 5.2476, 0
PixelHit 1273, 774, 2.27864, 0
PixelHit 1274, 769, 5.39882, 0
PixelHit 1274, 770, 24.9366, 0
PixelHit 1274, 771, 44.0886, 0
PixelHit 1274, 772, 44.9048, 0
PixelHit 1274, 773, 21.3832, 0
PixelHit 1274, 774, 9.09931, 0
PixelHit 1274, 775, 1.60783, 0
PixelHit 1275, 765, 0.930689, 0
PixelHit 1275, 766, 2.51492, 0
PixelHit 1275, 767, -0.140504, 0
PixelHit 1275, 768, 6.81102, 0
PixelHit 1275, 769, 29.103, 0
PixelHit 1275, 770, 147.502, 0
PixelHit 1275, 771, 329.498, 0
PixelHit 1275, 772, 294.444, 0
PixelHit 1275, 773, 117.371, 0
PixelHit 1275, 774, 27.3423, 0
PixelHit 1275, 775, 3.6544, 0
PixelHit 1276, 764, 4.0461, 0
PixelHit 1276, 765, 6.65797, 0
PixelHit 1276, 766, 10.4702, 0
PixelHit 1276, 767, 13.2797, 0
PixelHit 1276, 768, 17.2538, 0
PixelHit 1276, 769, 89.2164, 0
PixelHit 1276, 770, 359.941, 0
PixelHit 1276, 771, 760.363, 0
PixelHit 1276, 772, 734.604, 0
PixelHit 1276, 773, 282.153, 0
PixelHit 1276, 774, 48.6101, 0
PixelHit 1276, 775, 4.16925, 0
PixelHit 1276, 776, 1.20962, 0
PixelHit 1276, 779, 5.39495, 0
PixelHit 1276, 781, 2.16083, 0
PixelHit 1277, 763, 5.99732, 0
PixelHit 1277, 764, 8.27944, 0
PixelHit 1277, 765, 23.0431, 0
PixelHit 1277, 766, 23.2935, 0
PixelHit 1277, 767, 22.3961, 0
PixelHit 1277, 768, 39.895, 0
PixelHit 1277, 769, 107.671, 0
PixelHit 1277, 770, 435.496, 0
PixelHit 1277, 771, 865.355, 0
PixelHit 1277, 772, 798.568, 0
PixelHit 1277, 773, 257.315, 0
PixelHit 1277, 774, 47.9846, 0
PixelHit 1277, 775, 20.0677, 0
PixelHit 1277, 776, 10.0944, 0
PixelHit 1277, 777, 14.174, 0
PixelHit 1277, 778, 24.3512, 0
PixelHit 1277, 779, 55.9665, 0
PixelHit 1277, 780, 61.8401, 0
PixelHit 1277, 781, 64.0412, 0
PixelHit 1277, 782, 51.8373, 0
PixelHit 1277, 783, 12.6145, 0
PixelHit 1278, 763, 9.60289, 0
PixelHit 1278, 764, 33.4346, 0
PixelHit 1278, 765, 28.8985, 0
PixelHit 1278, 766, 26.6737, 0
PixelHit 1278, 767, 30.6947, 0
PixelHit 1278, 768, 51.9939, 0
PixelHit 1278, 769, 105.255, 0
PixelHit 1278, 770, 218.98, 0
PixelHit 1278, 771, 432.624, 0
PixelHit 1278, 772, 359.808, 0
PixelHit 1278, 773, 156.83, 0
PixelHit 1278, 774, 42.6296, 0
PixelHit 1278, 775, 24.5791, 0
PixelHit 1278, 776, 19.3315, 0
PixelHit 1278, 777, 18.53, 0
PixelHit 1278, 778, 41.3686, 0
PixelHit 1278, 779, 85.072, 0
PixelHit 1278, 780, 80.5859, 0
PixelHit 1278, 781, 81.4726, 0
PixelHit 1278, 782, 68.5748, 0
PixelHit 1278, 783, 6.11414, 0
PixelHit 1279, 763, 4.57408, 0
PixelHit 1279, 764, 14.3227, 0
PixelHit 1279, 765, 28.9584, 0
PixelHit 1279, 766, 14.2183, 0
PixelHit 1279, 767, 27.2672, 0
PixelHit 1279, 768, 19.7253, 0
PixelHit 1279, 769, 34.2693, 0
PixelHit 1279, 770, 52.2144, 0
PixelHit 1279, 771, 96.6197, 0
PixelHit 1279, 772, 80.7382, 0
PixelHit 1279, 773, 33.8445, 0
PixelHit 1279, 774, 12.0837, 0
PixelHit 1279, 775, 10.1734, 0
PixelHit 1279, 776, 6.15449, 0
PixelHit 1279, 777, 5.87364, 0
PixelHit 1279, 778, 2.46629, 0
PixelHit 1279, 779, 4.75682, 0
PixelHit 1279, 780, 10.7357, 0
PixelHit 1279, 781, 3.05332, 0
PixelHit 1280, 763, 2.93454, 0
PixelHit 1280, 764, 5.94123, 0
PixelHit 1280, 765, 12.958, 0
PixelHit 1280, 766, 5.64999, 0
PixelHit 1280, 767, 3.847, 0
PixelHit 1280, 768, 5.62519, 0
PixelHit 1280, 769, 7.12248, 0
PixelHit 1280, 770, 8.79196, 0
PixelHit 1280, 771, 12.8325, 0
PixelHit 1280, 772, 11.4471, 0
PixelHit 1280, 773, 4.1114, 0
PixelHit 1280, 774, 2.31692, 0
PixelHit 1281, 764, 1.09314, 0
PixelHit 1281, 765, 4.14453, 0
PixelHit 1281, 767, 3.90792, 0
=== 7 ===
=== 8 ===
=== 9 ===
=== 10 ===
=== 11 ===
=== 12 ===
=== 13 ===
=== 14 ===
=== 15 ===
=== 16 ===
=== 17 ===
=== 18 ===
=== 19 ===
=== 20 ===
=== 21 ===
=== 22 ===
=== 23 ===
=== 24 ===
=== 25 ===
--- mydetector ---
PixelHit 1018, 838, 2.85101, 0
PixelHit 1018, 841, 5.12059, 0
PixelHit 1018, 843, 0.467001, 0
PixelHit 1018, 845, 3.932, 0
PixelHit 1018, 846, 5.65364, 0
PixelHit 1018, 847, 5.30562, 0
PixelHit 1018, 848, 3.39892, 0
PixelHit 1019, 832, 4.74656, 0
PixelHit 1019, 833, 6.70891, 0
PixelHit 1019, 834, 2.71184, 0
PixelHit 1019, 835, 2.27917, 0
PixelHit 1019, 836, 3.95182, 0
PixelHit 1019, 837, 9.6346, 0
PixelHit 1019, 838, 4.44668, 0
PixelHit 1019, 839, 4.69673, 0
PixelHit 1019, 840, 35.7371, 0
PixelHit 1019, 841, 76.3747, 0
PixelHit 1019, 842, 57.5192, 0
PixelHit 1019, 843, 14.7758, 0
PixelHit 1019, 844, 10.7499, 0
PixelHit 1019, 845, 58.366, 0
PixelHit 1019, 846, 87.9966, 0
PixelHit 1019, 847, 107.56, 0
PixelHit 1019, 848, 79.3591, 0
PixelHit 1019, 849, 37.5838, 0
PixelHit 1019, 850, 26.2402, 0
PixelHit 1020, 830, 2.83532, 0
PixelHit 1020, 831, 5.70989, 0
PixelHit 1020, 832, 16.7302, 0
PixelHit 1020, 833, 20.7488, 0
PixelHit 1020, 834, 14.9509, 0
PixelHit 1020, 835, 7.08411, 0
PixelHit 1020, 836, 22.0917, 0
PixelHit 1020, 837, 27.3196, 0
PixelHit 1020, 838, 31.6388, 0
PixelHit 1020, 839, 46.4527, 0
PixelHit 1020, 840, 119.931, 0
PixelHit 1020, 841, 288.94, 0
PixelHit 1020, 842, 201.728, 0
PixelHit 1020, 843, 76.9944, 0
PixelHit 1020, 844, 68.0055, 0
PixelHit 1020, 845, 181.013, 0
PixelHit 1020, 846, 174.645, 0
PixelHit 1020, 847, 136.081, 0
PixelHit 1020, 848, 61.4249, 0
PixelHit 1020, 849, 20.4512, 0
PixelHit 1020, 850, 1.93394, 0
PixelHit 1021, 829, 4.98604, 0
PixelHit 1021, 830, 5.89299, 0
PixelHit 1021, 831, 20.3513, 0
PixelHit 1021, 832, 38.1096, 0
PixelHit 1021, 833, 46.4342, 0
PixelHit 1021, 834, 40.7103, 0
PixelHit 1021, 835, 29.3658, 0
PixelHit 1021, 836, 19.9557, 0
PixelHit 1021, 837, 33.2888, 0
PixelHit 1021, 838, 48.3686, 0
PixelHit 1021, 839, 52.3586, 0
PixelHit 1021, 840, 164.092, 0
PixelHit 1021, 841, 358.489, 0
PixelHit 1021, 842, 296.232, 0
PixelHit 1021, 843, 81.5011, 0
PixelHit 1021, 844, 26.9457, 0
PixelHit 1021, 845, 36.8409, 0
PixelHit 1021, 846, 34.2386, 0
PixelHit 1021, 847, 14.6901, 0
PixelHit 1021, 848, 2.3056, 0
PixelHit 1022, 830, 5.49538, 0
PixelHit 1022, 831, 15.4825, 0
PixelHit 1022, 832, 49.8165, 0
PixelHit 1022, 833, 46.704, 0
PixelHit 1022, 834, 27.1404, 0
PixelHit 1022, 835, 24.5697, 0
PixelHit 1022, 836, 20.6125, 0
PixelHit 1022, 837, 21.6169, 0
PixelHit 1022, 838, 18.8469, 0
PixelHit 1022, 839, 19.7295, 0
PixelHit 1022, 840, 67.0142, 0
PixelHit 1022, 841, 121.385, 0
PixelHit 1022, 842, 110.457, 0
PixelHit 1022, 843, 25.1398, 0
PixelHit 1022, 844, 4.28204, 0
PixelHit 1022, 845, 3.23671, 0
PixelHit 1022, 846, 1.32452, 0
PixelHit 1023, 830, 4.56837, 0
PixelHit 1023, 831, 10.882, 0
PixelHit 1023, 832, 21.3512, 0
PixelHit 1023, 833, 19.3026, 0
PixelHit 1023, 834, 20.9733, 0
PixelHit 1023, 835, 13.8469, 0
PixelHit 1023, 836, 4.62277, 0
PixelHit 1023, 837, 6.07312, 0
PixelHit 1023, 839, 4.3728, 0
PixelHit 1023, 840, 8.20475, 0
PixelHit 1023, 841, 14.0204, 0
PixelHit 1023, 842, 6.01379, 0
PixelHit 1023, 843, 2.57485, 0
PixelHit 1024, 830, 1.648, 0
PixelHit 1024, 831, 2.49202, 0
PixelHit 1024, 832, 5.01228, 0
PixelHit 1024, 833, 5.21113, 0
PixelHit 1024, 834, 6.9739, 0
PixelHit 1024, 835, 2.31696, 0
PixelHit 1024, 840, 2.95945, 0
PixelHit 1025, 832, 3.74664, 0
PixelHit 1025, 836, 1.25324, 0
PixelHit 1861, 172, 1.23629, 0
PixelHit 1862, 167, -0.0322978, 0
PixelHit 1862, 169, 3.47337, 0
PixelHit 1862, 171, 1.84387, 0
PixelHit 1863, 167, 3.35472, 0
PixelHit 1863, 168, 10.2275, 0
PixelHit 1863, 169, 7.15571, 0
PixelHit 1863, 170, 2.39632, 0
PixelHit 1863, 171, 1.77777, 0
PixelHit 1864, 164, 1.26263, 0
PixelHit 1864, 166, 4.19356, 0
PixelHit 1864, 167, 10.0991, 0
PixelHit 1864, 168, 11.0099, 0
PixelHit 1864, 169, 19.8226, 0
PixelHit 1864, 170, 17.2423, 0
PixelHit 1864, 171, 16.0052, 0
PixelHit 1864, 172, 10.5761, 0
PixelHit 1864, 173, 7.25748, 0
PixelHit 1864, 174, 2.53067, 0
PixelHit 1865, 165, 1.76999, 0
PixelHit 1865, 166, 13.4448, 0
PixelHit 1865, 167, 10.6495, 0
PixelHit 1865, 168, 31.5726, 0
PixelHit 1865, 169, 40.4054, 0
PixelHit 1865, 170, 29.1649, 0
PixelHit 1865, 171, 46.6525, 0
PixelHit 1865, 172, 56.5981, 0
PixelHit 1865, 173, 41.0683, 0
PixelHit 1865, 174, 26.9666, 0
PixelHit 1865, 175, 3.75545, 0
PixelHit 1866, 165, 2.65097, 0
PixelHit 1866, 166, 6.40466, 0
PixelHit 1866, 167, 13.2789, 0
PixelHit 1866, 168, 22.7093, 0
PixelHit 1866, 169, 27.4114, 0
PixelHit 1866, 170, 47.0464, 0
PixelHit 1866, 171, 52.4535, 0
PixelHit 1866, 172, 99.699, 0
PixelHit 1866, 173, 111.733, 0
PixelHit 1866, 174, 56.9681, 0
PixelHit 1866, 175, 21.9544, 0
PixelHit 1866, 176, 12.5295, 0
PixelHit 1866, 177, 8.86937, 0
PixelHit 1866, 178, 6.03209, 0
PixelHit 1866, 179, 1.14764, 0
PixelHit 1867, 166, 1.8012, 0
PixelHit 1867, 167, 4.84994, 0
PixelHit 1867, 168, 4.85038, 0
PixelHit 1867, 169, 9.95191, 0
PixelHit 1867, 170, 15.439, 0
PixelHit 1867, 171, 38.1557, 0
PixelHit 1867, 172, 76.5447, 0
PixelHit 1867, 173, 70.6369, 0
PixelHit 1867, 174, 43.2592, 0
PixelHit 1867, 175, 35.8589, 0
PixelHit 1867, 176, 31.2231, 0
PixelHit 1867, 177, 38.2967, 0
PixelHit 1867, 178, 42.0085, 0
PixelHit 1867, 179, 28.7963, 0
PixelHit 1867, 180, 7.47436, 0
PixelHit 1868, 168, 2.42518, 0
PixelHit 1868, 169, 3.06542, 0
PixelHit 1868, 170, 2.62629, 0
PixelHit 1868, 171, 6.53987, 0
PixelHit 1868, 172, 11.3558, 0
PixelHit 1868, 173, 20.8672, 0
PixelHit 1868, 174, 13.6326, 0
PixelHit 1868, 175, 12.5402, 0
PixelHit 1868, 176, 11.4956, 0
PixelHit 1868, 177, 30.0609, 0
PixelHit 1868, 178, 46.037, 0
PixelHit 1868, 179, 62.6896, 0
PixelHit 1868, 180, 45.948, 0
PixelHit 1868, 181, 80.295, 0
PixelHit 1868, 182, 17.0686, 0
PixelHit 1869, 170, 0.948414, 0
PixelHit 1869, 171, 1.75985, 0
PixelHit 1869, 172, 1.45014, 0
PixelHit 1869, 177, 2.98875, 0
PixelHit 1869, 178, 11.7236, 0
PixelHit 1869, 179, 9.09249, 0
PixelHit 1869, 180, 10.9382, 0
PixelHit 1869, 181, 37.9711, 0
PixelHit 1869, 182, 18.9036, 0
=== 26 ===
=== 27 ===
=== 28 ===
=== 29 ===
=== 30 ===
=== 31 ===
--- mydetector ---
PixelHit 960, 529, 0.292717, 0
PixelHit 960, 533, 1.08555, 0
PixelHit 960, 534, 1.8009, 0
PixelHit 960, 535, 3.75964, 0
PixelHit 960, 536, 3.03525, 0
PixelHit 960, 539, 2.79284, 0
PixelHit 960, 541, 1.27099, 0
PixelHit 961, 528, 4.31804, 0
PixelHit 961, 529, 5.62282, 0
PixelHit 961, 530, 1.34448, 0
PixelHit 961, 531, 5.31115, 0
PixelHit 961, 532, 5.06869, 0
PixelHit 961, 533, 12.0235, 0
PixelHit 961, 534, 20.174, 0
PixelHit 961, 535, 13.808, 0
PixelHit 961, 536, 11.9191, 0
PixelHit 961, 537, 9.34204, 0
PixelHit 961, 538, 12.0695, 0
PixelHit 961, 539, 8.10991, 0
PixelHit 961, 540, 26.1602, 0
PixelHit 961, 541, 37.3411, 0
PixelHit 961, 542, 59.5081, 0
PixelHit 961, 543, 65.4337, 0
PixelHit 961, 544, 62.9759, 0
PixelHit 961, 545, 9.74712, 0
PixelHit 962, 526, 8.06252, 0
PixelHit 962, 527, 14.2633, 0
PixelHit 962, 528, 11.8497, 0
PixelHit 962, 529, 9.33527, 0
PixelHit 962, 530, 10.1912, 0
PixelHit 962, 531, 16.1536, 0
PixelHit 962, 532, 21.4032, 0
PixelHit 962, 533, 48.9869, 0
PixelHit 962, 534, 67.1576, 0
PixelHit 962, 535, 56.3595, 0
PixelHit 962, 536, 26.7536, 0
PixelHit 962, 537, 36.9828, 0
PixelHit 962, 538, 19.5281, 0
PixelHit 962, 539, 41.3172, 0
PixelHit 962, 540, 104.463, 0
PixelHit 962, 541, 97.2705, 0
PixelHit 962, 542, 135.303, 0
PixelHit 962, 543, 134.619, 0
PixelHit 962, 544, 33.6349, 0
PixelHit 962, 545, 7.33888, 0
PixelHit 963, 524, 1.04487, 0
PixelHit 963, 525, 3.22797, 0
PixelHit 963, 526, 10.3023, 0
PixelHit 963, 527, 19.1298, 0
PixelHit 963, 528, 20.0494, 0
PixelHit 963, 529, 25.6908, 0
PixelHit 963, 530, 21.3039, 0
PixelHit 963, 531, 17.0613, 0
PixelHit 963, 532, 30.4615, 0
PixelHit 963, 533, 63.5914, 0
PixelHit 963, 534, 88.4827, 0
PixelHit 963, 535, 58.0789, 0
PixelHit 963, 536, 26.2146, 0
PixelHit 963, 537, 13.9928, 0
PixelHit 963, 538, 18.8322, 0
PixelHit 963, 539, 18.3517, 0
PixelHit 963, 540, 29.6191, 0
PixelHit 963, 541, 21.0306, 0
PixelHit 963, 542, 8.58273, 0
PixelHit 963, 543, 0.841695, 0
PixelHit 964, 521, 2.13569, 0
PixelHit 964, 524, 5.85467, 0
PixelHit 964, 525, 5.27891, 0
PixelHit 964, 526, 13.5736, 0
PixelHit 964, 527, 18.41, 0
PixelHit 964, 528, 17.7365, 0
PixelHit 964, 529, 28.986, 0
PixelHit 964, 530, 24.5987, 0
PixelHit 964, 531, 21.5028, 0
PixelHit 964, 532, 20.0746, 0
PixelHit 964, 533, 31.4854, 0
PixelHit 964, 534, 31.3105, 0
PixelHit 964, 535, 24.675, 0
PixelHit 964, 536, 9.86561, 0
PixelHit 964, 537, 3.14912, 0
PixelHit 964, 539, 1.23957, 0
PixelHit 965, 524, 2.76076, 0
PixelHit 965, 526, 7.59106, 0
PixelHit 965, 527, 6.62803, 0
PixelHit 965, 528, 11.0049, 0
PixelHit 965, 529, 10.2489, 0
PixelHit 965, 530, 6.98977, 0
PixelHit 965, 531, 7.12586, 0
PixelHit 965, 533, 4.62055, 0
PixelHit 965, 534, 10.015, 0
PixelHit 965, 535, 2.38529, 0
PixelHit 966, 523, 1.5144, 0
PixelHit 966, 525, 2.0067, 0
PixelHit 966, 526, 2.76412, 0
PixelHit 966, 527, 4.18408, 0
PixelHit 966, 528, 1.48578, 0
PixelHit 966, 530, 3.67378, 0
PixelHit 966, 532, 1.20163, 0
PixelHit 967, 525, 0.0487156, 0
PixelHit 1046, 240, 1.73891, 0
PixelHit 1047, 245, 1.0086, 0
PixelHit 1047, 251, 2.54938, 0
PixelHit 1047, 254, 0.317865, 0
PixelHit 1048, 238, 2.47831, 0
PixelHit 1048, 240, 4.92579, 0
PixelHit 1048, 241, 9.88594, 0
PixelHit 1048, 242, 12.6441, 0
PixelHit 1048, 243, 12.7954, 0
PixelHit 1048, 244, 11.7296, 0
PixelHit 1048, 245, 2.61092, 0
PixelHit 1048, 246, 3.14927, 0
PixelHit 1048, 247, 7.39368, 0
PixelHit 1048, 248, 5.13182, 0
PixelHit 1048, 249, 3.76599, 0
PixelHit 1048, 250, 6.64929, 0
PixelHit 1048, 251, 7.52604, 0
PixelHit 1048, 252, 10.3561, 0
PixelHit 1048, 253, 13.514, 0
PixelHit 1048, 254, 25.922, 0
PixelHit 1048, 255, 29.2248, 0
PixelHit 1048, 256, 32.6209, 0
PixelHit 1048, 257, 3.3089, 0
PixelHit 1049, 238, 4.94514, 0
PixelHit 1049, 239, 2.6254, 0
PixelHit 1049, 240, 12.4762, 0
PixelHit 1049, 241, 32.6942, 0
PixelHit 1049, 242, 53.028, 0
PixelHit 1049, 243, 76.1316, 0
PixelHit 1049, 244, 48.68, 0
PixelHit 1049, 245, 16.2031, 0
PixelHit 1049, 246, 16.1154, 0
PixelHit 1049, 247, 18.1958, 0
PixelHit 1049, 248, 17.5499, 0
PixelHit 1049, 249, 19.0361, 0
PixelHit 1049, 250, 27.0543, 0
PixelHit 1049, 251, 35.7872, 0
PixelHit 1049, 252, 21.7833, 0
PixelHit 1049, 253, 49.0205, 0
PixelHit 1049, 254, 68.5788, 0
PixelHit 1049, 255, 67.2218, 0
PixelHit 1049, 256, 107.533, 0
PixelHit 1049, 257, 11.9038, 0
PixelHit 1049, 258, 2.97805, 0
PixelHit 1050, 239, 5.1595, 0
PixelHit 1050, 240, 25.1723, 0
PixelHit 1050, 241, 62.9241, 0
PixelHit 1050, 242, 116.033, 0
PixelHit 1050, 243, 116.909, 0
PixelHit 1050, 244, 75.3737, 0
PixelHit 1050, 245, 52.2992, 0
PixelHit 1050, 246, 29.2836, 0
PixelHit 1050, 247, 26.6473, 0
PixelHit 1050, 248, 22.6285, 0
PixelHit 1050, 249, 24.7065, 0
PixelHit 1050, 250, 22.1457, 0
PixelHit 1050, 251, 21.6432, 0
PixelHit 1050, 252, 12.0467, 0
PixelHit 1050, 253, 12.3681, 0
PixelHit 1050, 254, 12.7956, 0
PixelHit 1050, 255, 5.97844, 0
PixelHit 1051, 238, 1.62225, 0
PixelHit 1051, 239, 5.53061, 0
PixelHit 1051, 240, 29.745, 0
PixelHit 1051, 241, 41.2605, 0
PixelHit 1051, 242, 100.193, 0
PixelHit 1051, 243, 101.814, 0
PixelHit 1051, 244, 66.8575, 0
PixelHit 1051, 245, 14.3021, 0
PixelHit 1051, 246, 13.4067, 0
PixelHit 1051, 247, 6.53099, 0
PixelHit 1051, 248, 9.52874, 0
PixelHit 1051, 249, 5.16042, 0
PixelHit 1051, 250, 4.35123, 0
PixelHit 1051, 251, 4.09305, 0
PixelHit 1052, 239, 3.05151, 0
PixelHit 1052, 240, 5.31025, 0
PixelHit 1052, 241, 11.949, 0
PixelHit 1052, 242, 39.0958, 0
PixelHit 1052, 243, 44.5388, 0
PixelHit 1052, 244, 26.5824, 0
PixelHit 1052, 246, 3.75893, 0
PixelHit 1052, 247, 1.84037, 0
PixelHit 1052, 248, 0.837317, 0
PixelHit 1052, 249, 1.91535, 0
PixelHit 1053, 241, 5.41134, 0
PixelHit 1053, 242, 6.98003, 0
PixelHit 1053, 243, 6.50215, 0
PixelHit 1053, 244, 4.18067, 0
PixelHit 1053, 245, 2.01691, 0
PixelHit 1054, 245, 0.107009, 0
=== 32 ===
=== 33 ===
=== 34 ===
=== 35 ===
=== 36 ===
=== 37 ===
=== 38 ===
=== 39 ===
=== 40 ===
=== 41 ===
=== 42 ===
=== 43 ===
=== 44 ===
=== 45 ===
=== 46 ===
=== 47 ===
=== 48 ===
=== 49 ===
=== 50 ===
--- mydetector ---
PixelHit 1377, 752, 2.4721, 0
PixelHit 1377, 754, 1.66476, 0
PixelHit 1377, 756, 3.00061, 0
PixelHit 1377, 757, 4.03185, 0
PixelHit 1377, 758, 9.52323, 0
PixelHit 1377, 759, 3.86835, 0
PixelHit 1377, 760, 9.15256, 0
PixelHit 1377, 761, 2.235, 0
PixelHit 1377, 764, 2.49872, 0
PixelHit 1377, 765, 3.05375, 0
PixelHit 1378, 754, 9.73004, 0
PixelHit 1378, 755, 9.87537, 0
PixelHit 1378, 756, 24.3091, 0
PixelHit 1378, 757, 34.7511, 0
PixelHit 1378, 758, 35.8419, 0
PixelHit 1378, 759, 42.1102, 0
PixelHit 1378, 760, 21.8839, 0
PixelHit 1378, 761, 13.133, 0
PixelHit 1378, 762, 5.24529, 0
PixelHit 1378, 763, 7.47674, 0
PixelHit 1378, 764, 10.0854, 0
PixelHit 1378, 765, 16.0686, 0
PixelHit 1378, 766, 5.05413, 0
PixelHit 1378, 767, 3.17996, 0
PixelHit 1378, 768, 0.659051, 0
PixelHit 1379, 752, 2.0606, 0
PixelHit 1379, 753, 4.61301, 0
PixelHit 1379, 754, 17.398, 0
PixelHit 1379, 755, 18.1055, 0
PixelHit 1379, 756, 30.6153, 0
PixelHit 1379, 757, 63.9005, 0
PixelHit 1379, 758, 87.0534, 0
PixelHit 1379, 759, 68.592, 0
PixelHit 1379, 760, 51.9096, 0
PixelHit 1379, 761, 40.061, 0
PixelHit 1379, 762, 26.7156, 0
PixelHit 1379, 763, 44.1955, 0
PixelHit 1379, 764, 49.9561, 0
PixelHit 1379, 765, 41.2714, 0
PixelHit 1379, 766, 18.8139, 0
PixelHit 1379, 767, 25.227, 0
PixelHit 1379, 768, 24.5377, 0
PixelHit 1379, 769, 15.4494, 0
PixelHit 1379, 770, 21.719, 0
PixelHit 1379, 771, 13.926, 0
PixelHit 1379, 772, 10.2151, 0
PixelHit 1379, 773, 4.77077, 0
PixelHit 1379, 774, 1.95684, 0
PixelHit 1380, 752, 2.32683, 0
PixelHit 1380, 753, 5.80936, 0
PixelHit 1380, 754, 13.998, 0
PixelHit 1380, 755, 16.3118, 0
PixelHit 1380, 756, 27.1161, 0
PixelHit 1380, 757, 53.7536, 0
PixelHit 1380, 758, 68.755, 0
PixelHit 1380, 759, 75.6081, 0
PixelHit 1380, 760, 50.7258, 0
PixelHit 1380, 761, 32.3863, 0
PixelHit 1380, 762, 28.17, 0
PixelHit 1380, 763, 55.1015, 0
PixelHit 1380, 764, 61.6157, 0
PixelHit 1380, 765, 46.6321, 0
PixelHit 1380, 766, 31.2586, 0
PixelHit 1380, 767, 48.4482, 0
PixelHit 1380, 768, 34.5348, 0
PixelHit 1380, 769, 49.914, 0
PixelHit 1380, 770, 64.2061, 0
PixelHit 1380, 771, 77.6277, 0
PixelHit 1380, 772, 89.0739, 0
PixelHit 1380, 773, 59.5822, 0
PixelHit 1380, 774, 5.227, 0
PixelHit 1381, 752, 2.29939, 0
PixelHit 1381, 754, 9.23045, 0
PixelHit 1381, 755, 2.32023, 0
PixelHit 1381, 756, 15.7004, 0
PixelHit 1381, 757, 21.6488, 0
PixelHit 1381, 758, 30.4981, 0
PixelHit 1381, 759, 27.3613, 0
PixelHit 1381, 760, 16.0427, 0
PixelHit 1381, 761, 21.0388, 0
PixelHit 1381, 762, 15.8096, 0
PixelHit 1381, 763, 19.054, 0
PixelHit 1381, 764, 27.6607, 0
PixelHit 1381, 765, 27.8261, 0
PixelHit 1381, 766, 10.8341, 0
PixelHit 1381, 767, 12.3185, 0
PixelHit 1381, 768, 7.17652, 0
PixelHit 1381, 769, 12.428, 0
PixelHit 1381, 770, 5.64188, 0
PixelHit 1381, 771, 16.8261, 0
PixelHit 1381, 772, 8.97554, 0
PixelHit 1381, 773, 3.19166, 0
PixelHit 1382, 754, 2.83647, 0
PixelHit 1382, 755, 1.79667, 0
PixelHit 1382, 756, 3.10257, 0
PixelHit 1382, 757, 5.15591, 0
PixelHit 1382, 758, 1.23496, 0
PixelHit 1382, 759, 3.53124, 0
PixelHit 1382, 760, 6.33644, 0
PixelHit 1382, 763, 3.11621, 0
PixelHit 1382, 765, 2.32282, 0
PixelHit 1382, 768, -0.191041, 0
PixelHit 1382, 770, 2.18143, 0
=== 51 ===
=== 52 ===
=== 53 ===
=== 54 ===
--- mydetector ---
PixelHit 1458, 1554, 2.33174, 0
PixelHit 1459, 1552, 3.01068, 0
PixelHit 1459, 1553, 5.23915, 0
PixelHit 1459, 1554, 2.91439, 0
PixelHit 1460, 1550, 2.074, 0
PixelHit 1460, 1551, 3.23789, 0
PixelHit 1460, 1552, 10.8763, 0
PixelHit 1460, 1553, 11.9408, 0
PixelHit 1460, 1554, 10.728, 0
PixelHit 1460, 1555, 6.02835, 0
PixelHit 1460, 1556, 0.288546, 0
PixelHit 1460, 1557, 0.921117, 0
PixelHit 1460, 1559, 5.1859, 0
PixelHit 1460, 1562, 2.71234, 0
PixelHit 1461, 1550, 3.06284, 0
PixelHit 1461, 1551, 12.9669, 0
PixelHit 1461, 1552, 35.5628, 0
PixelHit 1461, 1553, 42.2296, 0
PixelHit 1461, 1554, 35.7353, 0
PixelHit 1461, 1555, 26.7816, 0
PixelHit 1461, 1556, 15.232, 0
PixelHit 1461, 1557, 20.1693, 0
PixelHit 1461, 1558, 12.7289, 0
PixelHit 1461, 1559, 11.6382, 0
PixelHit 1461, 1560, 11.8625, 0
PixelHit 1461, 1561, 15.3245, 0
PixelHit 1461, 1562, 9.75842, 0
PixelHit 1461, 1563, 5.95072, 0
PixelHit 1461, 1564, 2.3513, 0
PixelHit 1461, 1565, 0.50436, 0
PixelHit 1462, 1550, 6.18466, 0
PixelHit 1462, 1551, 15.6109, 0
PixelHit 1462, 1552, 66.0771, 0
PixelHit 1462, 1553, 57.5955, 0
PixelHit 1462, 1554, 66.4633, 0
PixelHit 1462, 1555, 32.7544, 0
PixelHit 1462, 1556, 26.0337, 0
PixelHit 1462, 1557, 34.6728, 0
PixelHit 1462, 1558, 46.653, 0
PixelHit 1462, 1559, 21.091, 0
PixelHit 1462, 1560, 41.7587, 0
PixelHit 1462, 1561, 51.8125, 0
PixelHit 1462, 1562, 48.1251, 0
PixelHit 1462, 1563, 29.3441, 0
PixelHit 1462, 1564, 12.5921, 0
PixelHit 1462, 1565, 20.2572, 0
PixelHit 1462, 1566, 19.8364, 0
PixelHit 1462, 1567, 5.31441, 0
PixelHit 1462, 1568, 3.12231, 0
PixelHit 1462, 1569, 6.98358, 0
PixelHit 1462, 1570, 4.16954, 0
PixelHit 1462, 1571, 2.24057, 0
PixelHit 1462, 1572, 4.35198, 0
PixelHit 1462, 1574, 1.46807, 0
PixelHit 1463, 1549, 2.07097, 0
PixelHit 1463, 1550, 3.91464, 0
PixelHit 1463, 1551, 6.59464, 0
PixelHit 1463, 1552, 49.5411, 0
PixelHit 1463, 1553, 53.5048, 0
PixelHit 1463, 1554, 58.3082, 0
PixelHit 1463, 1555, 34.3396, 0
PixelHit 1463, 1556, 26.5272, 0
PixelHit 1463, 1557, 39.4658, 0
PixelHit 1463, 1558, 49.3568, 0
PixelHit 1463, 1559, 38.7391, 0
PixelHit 1463, 1560, 39.7462, 0
PixelHit 1463, 1561, 65.6874, 0
PixelHit 1463, 1562, 56.4364, 0
PixelHit 1463, 1563, 33.0754, 0
PixelHit 1463, 1564, 19.7746, 0
PixelHit 1463, 1565, 29.1919, 0
PixelHit 1463, 1566, 38.3852, 0
PixelHit 1463, 1567, 16.912, 0
PixelHit 1463, 1568, 20.1988, 0
PixelHit 1463, 1569, 54.3672, 0
PixelHit 1463, 1570, 58.9175, 0
PixelHit 1463, 1571, 76.7528, 0
PixelHit 1463, 1572, 114.938, 0
PixelHit 1463, 1573, 39.9812, 0
PixelHit 1463, 1574, 14.893, 0
PixelHit 1463, 1575, 8.7094, 0
PixelHit 1464, 1550, 1.69848, 0
PixelHit 1464, 1551, 6.408, 0
PixelHit 1464, 1552, 9.08563, 0
PixelHit 1464, 1553, 24.7646, 0
PixelHit 1464, 1554, 23.0498, 0
PixelHit 1464, 1555, 17.1971, 0
PixelHit 1464, 1556, 8.84563, 0
PixelHit 1464, 1557, 13.6993, 0
PixelHit 1464, 1558, 10.5657, 0
PixelHit 1464, 1559, 18.6657, 0
PixelHit 1464, 1560, 13.0925, 0
PixelHit 1464, 1561, 24.9944, 0
PixelHit 1464, 1562, 21.861, 0
PixelHit 1464, 1563, 12.6611, 0
PixelHit 1464, 1564, 9.07075, 0
PixelHit 1464, 1565, 14.7459, 0
PixelHit 1464, 1566, 13.9344, 0
PixelHit 1464, 1567, 9.93091, 0
PixelHit 1464, 1568, 22.9388, 0
PixelHit 1464, 1569, 20.9109, 0
PixelHit 1464, 1570, 29.6596, 0
PixelHit 1464, 1571, 27.4864, 0
PixelHit 1464, 1572, 65.9858, 0
PixelHit 1464, 1573, 25.628, 0
PixelHit 1464, 1574, 25.8232, 0
PixelHit 1464, 1575, 21.9294, 0
PixelHit 1465, 1552, 3.37985, 0
PixelHit 1465, 1554, 2.94353, 0
PixelHit 1465, 1555, 4.05862, 0
PixelHit 1465, 1556, 2.48541, 0
PixelHit 1465, 1557, 3.4562, 0
PixelHit 1465, 1558, 4.78615, 0
PixelHit 1465, 1559, 4.4681, 0
PixelHit 1465, 1560, 1.12031, 0
PixelHit 1465, 1561, 3.37136, 0
PixelHit 1465, 1563, 4.7022, 0
PixelHit 1465, 1566, 2.40407, 0
PixelHit 1465, 1571, 5.58642, 0
PixelHit 1465, 1572, 4.42536, 0
PixelHit 1466, 1551, 2.47206, 0
PixelHit 1466, 1558, 1.72787, 0
=== 55 ===
=== 56 ===
=== 57 ===
=== 58 ===
=== 59 ===
=== 60 ===
=== 61 ===
=== 62 ===
=== 63 ===
=== 64 ===
=== 65 ===
=== 66 ===
=== 67 ===
=== 68 ===
=== 69 ===
=== 70 ===
=== 71 ===
=== 72 ===
=== 73 ===
=== 74 ===
=== 75 ===
=== 76 ===
=== 77 ===
=== 78 ===
=== 79 ===
=== 80 ===
=== 81 ===
=== 82 ===
=== 83 ===
=== 84 ===
=== 85 ===
=== 86 ===
=== 87 ===
=== 88 ===
=== 89 ===
=== 90 ===
=== 91 ===
=== 92 ===
=== 93 ===
=== 94 ===
=== 95 ===
=== 96 ===
=== 97 ===
=== 98 ===
=== 99 ===
=== 100 ===
# 719 objects from 5 messages
