# Allpix Squared ASCII data - https://cern.ch/allpix-squared

=== 1 ===
=== 2 ===
=== 3 ===
=== 4 ===
=== 5 ===
=== 6 ===
=== 7 ===
=== 8 ===
=== 9 ===
=== 10 ===
=== 11 ===
=== 12 ===
=== 13 ===
=== 14 ===
=== 15 ===
=== 16 ===
=== 17 ===
=== 18 ===
=== 19 ===
=== 20 ===
=== 21 ===
=== 22 ===
=== 23 ===
=== 24 ===
--- mydetector ---
PixelHit 1430, 933, 20.6712, 0
PixelHit 1430, 934, 2.45662, 0
PixelHit 1431, 932, 1.85437, 0
PixelHit 1431, 933, 26.4123, 0
PixelHit 1431, 934, 2.38019, 0
PixelHit 1432, 931, 22.0528, 0
PixelHit 1432, 932, 326.841, 0
PixelHit 1432, 933, 178.93, 0
PixelHit 1432, 934, 5.28878, 0
PixelHit 1433, 931, 129.006, 0
PixelHit 1433, 932, 2054.37, 0
PixelHit 1433, 933, 789.175, 0
PixelHit 1433, 934, 12.1746, 0
PixelHit 1434, 930, 4.9139, 0
PixelHit 1434, 931, 89.4879, 0
PixelHit 1434, 932, 738.142, 0
PixelHit 1434, 933, 289.883, 0
PixelHit 1434, 934, 2.76269, 0
PixelHit 1435, 930, 17.0767, 0
PixelHit 1435, 931, 128.917, 0
PixelHit 1435, 932, 158.902, 0
PixelHit 1435, 933, 19.4928, 0
PixelHit 1435, 934, 2.01607, 0
PixelHit 1436, 929, 2.52806, 0
PixelHit 1436, 930, 18.3693, 0
PixelHit 1436, 931, 108.735, 0
PixelHit 1436, 932, 90.6743, 0
PixelHit 1436, 933, 5.6173, 0
PixelHit 1437, 929, 2.62876, 0
PixelHit 1437, 930, 28.7311, 0
PixelHit 1437, 931, 60.8664, 0
PixelHit 1437, 932, 13.0808, 0
PixelHit 1437, 933, 3.84059, 0
PixelHit 1438, 929, 3.62163, 0
PixelHit 1438, 930, 28.2226, 0
PixelHit 1438, 931, 35.5744, 0
PixelHit 1438, 932, 15.6015, 0
PixelHit 1438, 933, 1.14611, 0
PixelHit 1439, 928, 3.80684, 0
PixelHit 1439, 929, 13.3079, 0
PixelHit 1439, 930, 28.585, 0
PixelHit 1439, 931, 26.3791, 0
PixelHit 1439, 932, 5.20707, 0
PixelHit 1439, 934, 1.77145, 0
PixelHit 1440, 927, 2.37103, 0
PixelHit 1440, 928, 6.84917, 0
PixelHit 1440, 929, 24.0651, 0
PixelHit 1440, 930, 35.0846, 0
PixelHit 1440, 931, 19.9463, 0
PixelHit 1441, 927, 2.87493, 0
PixelHit 1441, 928, 26.8782, 0
PixelHit 1441, 929, 39.5414, 0
PixelHit 1441, 930, 38.5488, 0
PixelHit 1441, 931, 10.4131, 0
PixelHit 1441, 932, 2.7139, 0
PixelHit 1442, 926, 3.32982, 0
PixelHit 1442, 927, 9.16871, 0
PixelHit 1442, 928, 23.028, 0
PixelHit 1442, 929, 43.9994, 0
PixelHit 1442, 930, 41.1419, 0
PixelHit 1442, 931, 14.9691, 0
PixelHit 1442, 932, 1.96633, 0
PixelHit 1443, 927, 5.47919, 0
PixelHit 1443, 928, 34.4096, 0
PixelHit 1443, 929, 49.6873, 0
PixelHit 1443, 930, 26.7707, 0
PixelHit 1443, 931, 14.2815, 0
PixelHit 1444, 926, 7.78251, 0
PixelHit 1444, 927, 18.209, 0
PixelHit 1444, 928, 39.8645, 0
PixelHit 1444, 929, 48.4323, 0
PixelHit 1444, 930, 14.604, 0
PixelHit 1444, 931, 1.32903, 0
PixelHit 1445, 925, 1.20473, 0
PixelHit 1445, 926, 9.1278, 0
PixelHit 1445, 927, 28.3038, 0
PixelHit 1445, 928, 56.8361, 0
PixelHit 1445, 929, 21.9146, 0
PixelHit 1445, 930, 10.6218, 0
PixelHit 1445, 931, 3.17292, 0
PixelHit 1445, 932, 1.15176, 0
PixelHit 1446, 926, 24.1312, 0
PixelHit 1446, 927, 46.7456, 0
PixelHit 1446, 928, 53.4355, 0
PixelHit 1446, 929, 25.1318, 0
PixelHit 1446, 930, 3.73734, 0
PixelHit 1447, 925, 10.7686, 0
PixelHit 1447, 926, 33.0492, 0
PixelHit 1447, 927, 54.3206, 0
PixelHit 1447, 928, 51.8031, 0
PixelHit 1447, 929, 32.0071, 0
PixelHit 1447, 930, 10.9521, 0
PixelHit 1447, 931, 3.33128, 0
PixelHit 1448, 924, 2.07582, 0
PixelHit 1448, 926, 17.5487, 0
PixelHit 1448, 927, 29.7456, 0
PixelHit 1448, 928, 35.6939, 0
PixelHit 1448, 929, 16.8133, 0
PixelHit 1448, 930, 4.37407, 0
PixelHit 1449, 925, 1.45913, 0
PixelHit 1449, 926, 2.72998, 0
PixelHit 1449, 927, 9.97163, 0
PixelHit 1449, 928, 14.7903, 0
PixelHit 1449, 929, 6.8723, 0
PixelHit 1450, 927, 5.16714, 0
PixelHit 1450, 928, 0.367198, 0
PixelHit 1450, 929, 2.96229, 0
PixelHit 1451, 927, 2.57697, 0
=== 25 ===
=== 26 ===
=== 27 ===
=== 28 ===
=== 29 ===
=== 30 ===
=== 31 ===
=== 32 ===
=== 33 ===
=== 34 ===
=== 35 ===
=== 36 ===
=== 37 ===
=== 38 ===
=== 39 ===
=== 40 ===
=== 41 ===
=== 42 ===
=== 43 ===
=== 44 ===
=== 45 ===
=== 46 ===
=== 47 ===
=== 48 ===
=== 49 ===
=== 50 ===
=== 51 ===
=== 52 ===
=== 53 ===
=== 54 ===
=== 55 ===
=== 56 ===
=== 57 ===
=== 58 ===
=== 59 ===
=== 60 ===
=== 61 ===
=== 62 ===
=== 63 ===
--- mydetector ---
PixelHit 1274, 745, 1.08521, 0
PixelHit 1275, 745, 15.4144, 0
PixelHit 1275, 746, 19.8631, 0
PixelHit 1276, 745, 401.837, 0
PixelHit 1276, 746, 251.393, 0
PixelHit 1277, 745, 32.0114, 0
PixelHit 1277, 746, 6.43613, 0
PixelHit 1278, 744, 13.7881, 0
PixelHit 1278, 745, 29.5635, 0
PixelHit 1278, 746, 5.76265, 0
PixelHit 1279, 744, 33.1128, 0
PixelHit 1279, 745, 106.177, 0
PixelHit 1279, 746, 12.8108, 0
PixelHit 1280, 744, 65.0222, 0
PixelHit 1280, 745, 84.069, 0
PixelHit 1280, 746, 14.5731, 0
PixelHit 1281, 743, 6.16108, 0
PixelHit 1281, 744, 57.124, 0
PixelHit 1281, 745, 61.1901, 0
PixelHit 1281, 746, 4.28464, 0
PixelHit 1282, 743, 14.7233, 0
PixelHit 1282, 744, 38.524, 0
PixelHit 1282, 745, 24.2802, 0
PixelHit 1282, 746, 3.40413, 0
PixelHit 1283, 742, 1.72719, 0
PixelHit 1283, 743, 13.1221, 0
PixelHit 1283, 744, 43.4513, 0
PixelHit 1283, 745, 23.6341, 0
PixelHit 1283, 746, 4.2152, 0
PixelHit 1284, 742, 9.35355, 0
PixelHit 1284, 743, 33.8538, 0
PixelHit 1284, 744, 51.7687, 0
PixelHit 1284, 745, 20.2536, 0
PixelHit 1284, 746, 1.64867, 0
PixelHit 1285, 741, 2.88975, 0
PixelHit 1285, 742, 39.2227, 0
PixelHit 1285, 743, 128.986, 0
PixelHit 1285, 744, 139.541, 0
PixelHit 1285, 745, 32.5666, 0
PixelHit 1285, 746, 5.04081, 0
PixelHit 1286, 741, 5.60291, 0
PixelHit 1286, 742, 59.2758, 0
PixelHit 1286, 743, 220.284, 0
PixelHit 1286, 744, 229.074, 0
PixelHit 1286, 745, 81.296, 0
PixelHit 1286, 746, 6.62153, 0
PixelHit 1287, 741, 8.37568, 0
PixelHit 1287, 742, 42.7302, 0
PixelHit 1287, 743, 126.829, 0
PixelHit 1287, 744, 137.919, 0
PixelHit 1287, 745, 41.1607, 0
PixelHit 1287, 746, 5.63558, 0
PixelHit 1287, 747, 1.18308, 0
PixelHit 1288, 741, 8.82097, 0
PixelHit 1288, 742, 31.2446, 0
PixelHit 1288, 743, 52.2012, 0
PixelHit 1288, 744, 43.8058, 0
PixelHit 1288, 745, 13.4557, 0
PixelHit 1289, 740, 2.38154, 0
PixelHit 1289, 741, 5.41653, 0
PixelHit 1289, 742, 22.2089, 0
PixelHit 1289, 743, 32.9373, 0
PixelHit 1289, 744, 21.58, 0
PixelHit 1289, 745, 6.48314, 0
PixelHit 1289, 746, 1.39173, 0
PixelHit 1290, 740, 5.82232, 0
PixelHit 1290, 741, 13.9465, 0
PixelHit 1290, 742, 34.3195, 0
PixelHit 1290, 743, 27.3857, 0
PixelHit 1290, 744, 16.7998, 0
PixelHit 1290, 745, 4.49189, 0
PixelHit 1291, 741, 9.69629, 0
PixelHit 1291, 742, 29.2168, 0
PixelHit 1291, 743, 23.296, 0
PixelHit 1291, 744, 16.215, 0
PixelHit 1291, 745, 2.71893, 0
PixelHit 1291, 746, 2.01725, 0
PixelHit 1292, 740, 1.82272, 0
PixelHit 1292, 741, 19.7218, 0
PixelHit 1292, 742, 21.0931, 0
PixelHit 1292, 743, 20.996, 0
PixelHit 1292, 744, 7.28533, 0
PixelHit 1292, 745, 2.25121, 0
PixelHit 1293, 740, 4.08323, 0
PixelHit 1293, 741, 4.69581, 0
PixelHit 1293, 742, 16.6256, 0
PixelHit 1293, 743, 4.04956, 0
PixelHit 1293, 744, 3.96435, 0
PixelHit 1293, 745, 2.91939, 0
PixelHit 1294, 740, 4.62141, 0
PixelHit 1294, 741, 10.7438, 0
PixelHit 1294, 742, 8.22696, 0
PixelHit 1294, 743, 10.3494, 0
PixelHit 1294, 744, 3.38244, 0
PixelHit 1295, 741, 5.8044, 0
PixelHit 1295, 742, 8.34389, 0
PixelHit 1295, 744, 1.47396, 0
PixelHit 1296, 740, 2.99956, 0
PixelHit 1296, 741, 2.01842, 0
PixelHit 1296, 742, 2.56914, 0
PixelHit 1296, 743, 2.1834, 0
PixelHit 1296, 744, 2.19233, 0
PixelHit 1297, 740, 0.572341, 0
PixelHit 1297, 743, 0.880269, 0
PixelHit 1404, 870, 25.6066, 0
PixelHit 1405, 869, 38.6397, 0
PixelHit 1405, 870, 87.1283, 0
PixelHit 1405, 871, 2.03117, 0
PixelHit 1406, 868, 6.58351, 0
PixelHit 1406, 869, 51.8034, 0
PixelHit 1406, 870, 58.4332, 0
PixelHit 1406, 871, 1.67956, 0
PixelHit 1407, 868, 13.5669, 0
PixelHit 1407, 869, 58.7096, 0
PixelHit 1407, 870, 17.0364, 0
PixelHit 1408, 867, 7.22369, 0
PixelHit 1408, 868, 29.204, 0
PixelHit 1408, 869, 59.3247, 0
PixelHit 1408, 870, 13.2156, 0
PixelHit 1409, 867, 14.974, 0
PixelHit 1409, 868, 57.7662, 0
PixelHit 1409, 869, 68.3259, 0
PixelHit 1409, 870, 9.82063, 0
PixelHit 1410, 865, 1.44014, 0
PixelHit 1410, 867, 30.0179, 0
PixelHit 1410, 868, 42.9432, 0
PixelHit 1410, 869, 19.283, 0
PixelHit 1410, 870, 3.23921, 0
PixelHit 1411, 866, 11.9387, 0
PixelHit 1411, 867, 56.0579, 0
PixelHit 1411, 868, 65.3068, 0
PixelHit 1411, 869, 29.7464, 0
PixelHit 1411, 870, 1.9259, 0
PixelHit 1412, 866, 15.748, 0
PixelHit 1412, 867, 41.8477, 0
PixelHit 1412, 868, 66.688, 0
PixelHit 1412, 869, 18.3099, 0
PixelHit 1413, 866, 8.60776, 0
PixelHit 1413, 867, 16.4498, 0
PixelHit 1413, 868, 18.2561, 0
PixelHit 1413, 869, 2.51269, 0
PixelHit 1414, 865, 3.80267, 0
PixelHit 1414, 866, 11.2634, 0
PixelHit 1414, 867, 10.3214, 0
PixelHit 1414, 868, 3.82049, 0
PixelHit 1415, 865, 11.2039, 0
PixelHit 1415, 866, 16.819, 0
PixelHit 1415, 867, 21.2394, 0
PixelHit 1416, 864, 7.49576, 0
PixelHit 1416, 865, 17.079, 0
PixelHit 1416, 866, 12.6152, 0
PixelHit 1416, 867, 16.5782, 0
PixelHit 1416, 868, 1.88173, 0
PixelHit 1417, 863, 3.23857, 0
PixelHit 1417, 864, 8.06952, 0
PixelHit 1417, 865, 24.3962, 0
PixelHit 1417, 866, 24.8458, 0
PixelHit 1417, 867, 13.0414, 0
PixelHit 1417, 868, 3.3983, 0
PixelHit 1417, 869, -0.00967905, 0
PixelHit 1418, 863, 7.81513, 0
PixelHit 1418, 864, 2.77846, 0
PixelHit 1418, 865, 21.5896, 0
PixelHit 1418, 866, 22.597, 0
PixelHit 1418, 867, 13.1468, 0
PixelHit 1418, 868, 1.84004, 0
PixelHit 1419, 862, 1.86462, 0
PixelHit 1419, 863, 4.45482, 0
PixelHit 1419, 864, 13.0259, 0
PixelHit 1419, 865, 22.4389, 0
PixelHit 1419, 866, 14.5257, 0
PixelHit 1419, 867, 2.80145, 0
PixelHit 1419, 868, 3.40914, 0
PixelHit 1420, 862, 6.59842, 0
PixelHit 1420, 863, 15.9334, 0
PixelHit 1420, 864, 21.9409, 0
PixelHit 1420, 865, 25.7784, 0
PixelHit 1420, 866, 17.0346, 0
PixelHit 1420, 867, 7.15811, 0
PixelHit 1421, 861, 0.810561, 0
PixelHit 1421, 862, 4.74166, 0
PixelHit 1421, 863, 24.3713, 0
PixelHit 1421, 864, 32.8722, 0
PixelHit 1421, 865, 31.1302, 0
PixelHit 1421, 866, 23.1042, 0
PixelHit 1421, 867, 5.9938, 0
PixelHit 1421, 868, 2.11906, 0
PixelHit 1422, 863, 13.587, 0
PixelHit 1422, 864, 23.926, 0
PixelHit 1422, 865, 22.6894, 0
PixelHit 1422, 866, 16.3844, 0
PixelHit 1422, 867, 4.63155, 0
PixelHit 1423, 862, 1.35648, 0
PixelHit 1423, 863, 3.11606, 0
PixelHit 1423, 864, 12.1041, 0
PixelHit 1423, 865, 7.75628, 0
PixelHit 1423, 866, 4.32416, 0
PixelHit 1423, 867, 1.86208, 0
PixelHit 1423, 868, 1.9011, 0
PixelHit 1424, 862, 2.73099, 0
PixelHit 1424, 863, 1.99029, 0
PixelHit 1424, 865, 2.02328, 0
PixelHit 1424, 866, 1.65639, 0
PixelHit 1426, 864, 2.97049, 0
=== 64 ===
=== 65 ===
=== 66 ===
=== 67 ===
=== 68 ===
=== 69 ===
=== 70 ===
=== 71 ===
=== 72 ===
=== 73 ===
=== 74 ===
=== 75 ===
=== 76 ===
=== 77 ===
=== 78 ===
=== 79 ===
=== 80 ===
=== 81 ===
=== 82 ===
=== 83 ===
=== 84 ===
=== 85 ===
=== 86 ===
=== 87 ===
=== 88 ===
=== 89 ===
=== 90 ===
=== 91 ===
=== 92 ===
=== 93 ===
=== 94 ===
=== 95 ===
=== 96 ===
=== 97 ===
=== 98 ===
=== 99 ===
=== 100 ===
# 312 objects from 2 messages
