# Allpix Squared ASCII data - https://cern.ch/allpix-squared

=== 1 ===
=== 2 ===
=== 3 ===
=== 4 ===
=== 5 ===
=== 6 ===
=== 7 ===
=== 8 ===
=== 9 ===
=== 10 ===
=== 11 ===
=== 12 ===
--- mydetector ---
PixelHit 1173, 742, 38.8118, 0
PixelHit 1173, 743, 47.2779, 0
PixelHit 1174, 740, 9.1503, 0
PixelHit 1174, 741, 28.1596, 0
PixelHit 1174, 742, 22.618, 0
PixelHit 1175, 738, 0.251017, 0
PixelHit 1175, 739, 4.10274, 0
PixelHit 1175, 740, 72.7691, 0
PixelHit 1175, 741, 38.2905, 0
PixelHit 1175, 742, 0.452456, 0
PixelHit 1176, 738, 5.06096, 0
PixelHit 1176, 739, 38.2437, 0
PixelHit 1176, 740, 16.9216, 0
PixelHit 1176, 741, 2.07671, 0
PixelHit 1177, 737, 8.22934, 0
PixelHit 1177, 738, 8.00459, 0
PixelHit 1177, 739, 5.41084, 0
PixelHit 1177, 740, 3.26792, 0
PixelHit 1178, 735, 0.149024, 0
PixelHit 1178, 736, 5.14658, 0
PixelHit 1178, 737, 2.33604, 0
PixelHit 1178, 738, 3.91164, 0
PixelHit 1179, 735, 4.31502, 0
PixelHit 1179, 736, 6.98882, 0
PixelHit 1180, 732, 1.6306, 0
PixelHit 1180, 733, 2.86968, 0
PixelHit 1180, 734, 14.7622, 0
PixelHit 1180, 735, 11.335, 0
PixelHit 1181, 732, 7.49474, 0
PixelHit 1181, 733, 21.7837, 0
PixelHit 1181, 734, 17.33, 0
PixelHit 1181, 735, 1.93162, 0
PixelHit 1182, 731, 4.84732, 0
PixelHit 1182, 732, 24.249, 0
PixelHit 1182, 733, 19.4853, 0
PixelHit 1182, 734, 4.84779, 0
PixelHit 1183, 729, 0.46663, 0
PixelHit 1183, 730, 5.73321, 0
PixelHit 1183, 731, 7.63226, 0
PixelHit 1183, 732, 13.6817, 0
PixelHit 1183, 733, 4.46999, 0
PixelHit 1183, 734, 2.13589, 0
PixelHit 1184, 728, 6.08329, 0
PixelHit 1184, 729, 21.7684, 0
PixelHit 1184, 730, 35.6666, 0
PixelHit 1184, 731, 18.7952, 0
PixelHit 1184, 732, 0.362577, 0
PixelHit 1185, 726, 2.27744, 0
PixelHit 1185, 728, 14.4699, 0
PixelHit 1185, 729, 41.6269, 0
PixelHit 1185, 730, 37.1588, 0
PixelHit 1185, 731, 3.17936, 0
PixelHit 1186, 726, 7.49109, 0
PixelHit 1186, 727, 10.6024, 0
PixelHit 1186, 728, 26.7764, 0
PixelHit 1186, 729, 14.9589, 0
PixelHit 1186, 730, 8.00465, 0
PixelHit 1186, 731, 2.93097, 0
PixelHit 1187, 724, 2.08537, 0
PixelHit 1187, 725, 2.14999, 0
PixelHit 1187, 726, 20.8021, 0
PixelHit 1187, 727, 19.2211, 0
PixelHit 1187, 728, 17.2668, 0
PixelHit 1187, 729, 4.64591, 0
PixelHit 1188, 723, 13.9243, 0
PixelHit 1188, 724, 15.196, 0
PixelHit 1188, 725, 16.0993, 0
PixelHit 1188, 726, 10.7999, 0
PixelHit 1188, 727, 13.7782, 0
PixelHit 1188, 728, 6.41011, 0
PixelHit 1189, 723, 9.82408, 0
PixelHit 1189, 724, 41.1513, 0
PixelHit 1189, 725, 49.7557, 0
PixelHit 1189, 726, 7.86561, 0
PixelHit 1189, 727, 1.01253, 0
PixelHit 1190, 721, 3.41111, 0
PixelHit 1190, 722, 3.59097, 0
PixelHit 1190, 723, 23.5283, 0
PixelHit 1190, 724, 41.2498, 0
PixelHit 1190, 725, 31.4983, 0
PixelHit 1190, 726, 7.75269, 0
PixelHit 1191, 720, 6.59629, 0
PixelHit 1191, 721, 5.45016, 0
PixelHit 1191, 722, 11.2101, 0
PixelHit 1191, 723, 11.0208, 0
PixelHit 1191, 724, 13.0192, 0
PixelHit 1191, 725, 8.04456, 0
PixelHit 1192, 719, 5.13785, 0
PixelHit 1192, 720, 22.7128, 0
PixelHit 1192, 721, 18.2151, 0
PixelHit 1192, 722, 10.6954, 0
PixelHit 1192, 723, 6.20711, 0
PixelHit 1192, 724, 4.51885, 0
PixelHit 1192, 726, 1.61257, 0
PixelHit 1193, 717, 3.26538, 0
PixelHit 1193, 718, 9.88943, 0
PixelHit 1193, 719, 31.6012, 0
PixelHit 1193, 720, 37.4832, 0
PixelHit 1193, 721, 37.4125, 0
PixelHit 1193, 722, 6.7986, 0
PixelHit 1193, 724, 1.12323, 0
PixelHit 1194, 717, 6.62725, 0
PixelHit 1194, 718, 24.1037, 0
PixelHit 1194, 719, 41.7642, 0
PixelHit 1194, 720, 37.5144, 0
PixelHit 1194, 721, 31.7665, 0
PixelHit 1194, 722, 3.66775, 0
PixelHit 1195, 716, 4.21783, 0
PixelHit 1195, 717, 13.8478, 0
PixelHit 1195, 718, 33.1463, 0
PixelHit 1195, 719, 31.5452, 0
PixelHit 1195, 720, 18.2757, 0
PixelHit 1195, 721, 2.14171, 0
PixelHit 1195, 722, 2.07954, 0
PixelHit 1196, 712, 1.17737, 0
PixelHit 1196, 715, 8.51937, 0
PixelHit 1196, 716, 8.34416, 0
PixelHit 1196, 717, 17.6445, 0
PixelHit 1196, 718, 20.5334, 0
PixelHit 1196, 719, 19.1955, 0
PixelHit 1196, 720, 7.5926, 0
PixelHit 1196, 721, 3.32876, 0
PixelHit 1197, 712, 1.18585, 0
PixelHit 1197, 713, 5.74852, 0
PixelHit 1197, 714, 4.62372, 0
PixelHit 1197, 715, 12.0466, 0
PixelHit 1197, 716, 15.3586, 0
PixelHit 1197, 717, 10.3832, 0
PixelHit 1197, 718, 3.82925, 0
PixelHit 1197, 721, 2.74278, 0
PixelHit 1198, 711, 3.15746, 0
PixelHit 1198, 712, 17.335, 0
PixelHit 1198, 713, 58.6338, 0
PixelHit 1198, 714, 53.8518, 0
PixelHit 1198, 715, 23.0793, 0
PixelHit 1198, 716, 11.1267, 0
PixelHit 1198, 717, 7.58846, 0
PixelHit 1198, 718, 3.50218, 0
PixelHit 1199, 710, 1.57378, 0
PixelHit 1199, 711, 8.64188, 0
PixelHit 1199, 712, 38.5969, 0
PixelHit 1199, 713, 93.6735, 0
PixelHit 1199, 714, 100.983, 0
PixelHit 1199, 715, 38.6734, 0
PixelHit 1199, 716, 6.68724, 0
PixelHit 1200, 710, 2.36684, 0
PixelHit 1200, 711, 15.6065, 0
PixelHit 1200, 712, 36.1776, 0
PixelHit 1200, 713, 89.1578, 0
PixelHit 1200, 714, 90.8856, 0
PixelHit 1200, 715, 29.7995, 0
PixelHit 1200, 716, 4.8051, 0
PixelHit 1201, 707, 1.57809, 0
PixelHit 1201, 708, 2.23187, 0
PixelHit 1201, 710, 5.09439, 0
PixelHit 1201, 711, 13.3559, 0
PixelHit 1201, 712, 19.1916, 0
PixelHit 1201, 713, 35.4929, 0
PixelHit 1201, 714, 23.8706, 0
PixelHit 1201, 715, 9.96123, 0
PixelHit 1201, 716, 0.450428, 0
PixelHit 1201, 717, 1.7406, 0
PixelHit 1202, 707, 7.51596, 0
PixelHit 1202, 708, 9.59358, 0
PixelHit 1202, 709, 7.49379, 0
PixelHit 1202, 710, 8.05564, 0
PixelHit 1202, 711, 11.2978, 0
PixelHit 1202, 712, 3.13462, 0
PixelHit 1202, 713, 5.14261, 0
PixelHit 1202, 714, 2.75331, 0
PixelHit 1203, 707, 6.05356, 0
PixelHit 1203, 708, 8.47301, 0
PixelHit 1203, 709, 16.7202, 0
PixelHit 1203, 710, 14.3198, 0
PixelHit 1203, 711, 8.37801, 0
PixelHit 1203, 712, 4.72497, 0
PixelHit 1203, 713, 2.84896, 0
PixelHit 1203, 715, 1.0119, 0
PixelHit 1204, 706, 3.57801, 0
PixelHit 1204, 707, 16.1592, 0
PixelHit 1204, 708, 9.39624, 0
PixelHit 1204, 709, 13.7808, 0
PixelHit 1204, 710, 7.84654, 0
PixelHit 1205, 702, 2.09669, 0
PixelHit 1205, 703, 3.93304, 0
PixelHit 1205, 705, 3.13281, 0
PixelHit 1205, 706, 4.8206, 0
PixelHit 1205, 707, 9.56959, 0
PixelHit 1205, 708, 4.34631, 0
PixelHit 1205, 709, 9.78512, 0
PixelHit 1205, 710, 1.91149, 0
PixelHit 1206, 703, 5.05218, 0
PixelHit 1206, 704, 10.6622, 0
PixelHit 1206, 705, 10.7023, 0
PixelHit 1206, 706, 10.2314, 0
PixelHit 1206, 707, 7.98857, 0
PixelHit 1206, 708, 7.348, 0
PixelHit 1206, 710, 2.06885, 0
PixelHit 1207, 703, 4.17135, 0
PixelHit 1207, 704, 19.4844, 0
PixelHit 1207, 705, 15.5797, 0
PixelHit 1207, 706, 17.2263, 0
PixelHit 1207, 707, 8.76758, 0
PixelHit 1207, 708, 3.73764, 0
PixelHit 1208, 699, 2.94461, 0
PixelHit 1208, 700, 1.22674, 0
PixelHit 1208, 701, 0.92832, 0
PixelHit 1208, 702, 2.42437, 0
PixelHit 1208, 703, 5.22316, 0
PixelHit 1208, 704, 11.1404, 0
PixelHit 1208, 705, 12.7555, 0
PixelHit 1208, 706, 8.86203, 0
PixelHit 1209, 698, 4.11368, 0
PixelHit 1209, 699, 4.7805, 0
PixelHit 1209, 700, 1.27157, 0
PixelHit 1209, 701, 8.36444, 0
PixelHit 1209, 702, 11.3927, 0
PixelHit 1209, 703, 7.48253, 0
PixelHit 1209, 704, 3.9355, 0
PixelHit 1209, 705, 4.33732, 0
PixelHit 1209, 706, 4.76019, 0
PixelHit 1209, 707, 3.41699, 0
PixelHit 1209, 709, 2.12998, 0
PixelHit 1210, 698, 3.62593, 0
PixelHit 1210, 699, 10.0512, 0
PixelHit 1210, 700, 11.2618, 0
PixelHit 1210, 701, 20.9358, 0
PixelHit 1210, 702, 9.20705, 0
PixelHit 1210, 703, 6.58131, 0
PixelHit 1210, 706, 1.5777, 0
PixelHit 1211, 697, 1.67993, 0
PixelHit 1211, 698, 8.82963, 0
PixelHit 1211, 699, 19.1391, 0
PixelHit 1211, 700, 21.6946, 0
PixelHit 1211, 701, 32.1349, 0
PixelHit 1211, 702, 14.0811, 0
PixelHit 1211, 703, 7.84924, 0
PixelHit 1212, 697, 1.73322, 0
PixelHit 1212, 698, 11.5201, 0
PixelHit 1212, 699, 24.893, 0
PixelHit 1212, 700, 31.4128, 0
PixelHit 1212, 701, 20.1462, 0
PixelHit 1212, 702, 9.07585, 0
PixelHit 1212, 703, 2.51481, 0
PixelHit 1213, 696, 2.20156, 0
PixelHit 1213, 697, 10.3226, 0
PixelHit 1213, 698, 14.1972, 0
PixelHit 1213, 699, 16.4595, 0
PixelHit 1213, 700, 16.1435, 0
PixelHit 1213, 701, 8.83524, 0
PixelHit 1213, 702, 0.853858, 0
PixelHit 1214, 697, 5.40854, 0
PixelHit 1214, 698, 9.42705, 0
PixelHit 1214, 699, 8.44389, 0
PixelHit 1214, 700, 8.04598, 0
PixelHit 1214, 702, 2.03678, 0
PixelHit 1215, 696, 1.83246, 0
PixelHit 1215, 697, 3.89558, 0
PixelHit 1215, 698, 3.88181, 0
PixelHit 1215, 699, 5.00549, 0
PixelHit 1215, 700, 0.764821, 0
PixelHit 1215, 701, 3.82236, 0
=== 13 ===
=== 14 ===
=== 15 ===
=== 16 ===
=== 17 ===
=== 18 ===
=== 19 ===
=== 20 ===
=== 21 ===
=== 22 ===
=== 23 ===
=== 24 ===
=== 25 ===
=== 26 ===
=== 27 ===
=== 28 ===
=== 29 ===
=== 30 ===
=== 31 ===
=== 32 ===
=== 33 ===
=== 34 ===
=== 35 ===
=== 36 ===
=== 37 ===
=== 38 ===
=== 39 ===
=== 40 ===
=== 41 ===
=== 42 ===
=== 43 ===
=== 44 ===
--- mydetector ---
PixelHit 986, 1454, 86.7424, 0
PixelHit 987, 1451, 1.74687, 0
PixelHit 987, 1452, 2.88423, 0
PixelHit 987, 1453, 7.57433, 0
PixelHit 987, 1454, 75.4528, 0
PixelHit 987, 1455, 4.5086, 0
PixelHit 988, 1450, 2.67321, 0
PixelHit 988, 1451, 51.6715, 0
PixelHit 988, 1452, 55.8257, 0
PixelHit 988, 1453, 4.64927, 0
PixelHit 989, 1449, 7.7403, 0
PixelHit 989, 1450, 36.4895, 0
PixelHit 989, 1451, 82.6447, 0
PixelHit 989, 1452, 25.6603, 0
PixelHit 990, 1448, 11.5531, 0
PixelHit 990, 1449, 54.0908, 0
PixelHit 990, 1450, 47.6717, 0
PixelHit 990, 1451, 9.11605, 0
PixelHit 991, 1446, 6.36926, 0
PixelHit 991, 1447, 36.3109, 0
PixelHit 991, 1448, 19.1148, 0
PixelHit 991, 1449, 26.1264, 0
PixelHit 991, 1450, 4.12991, 0
PixelHit 992, 1445, 13.1343, 0
PixelHit 992, 1446, 19.1863, 0
PixelHit 992, 1447, 43.896, 0
PixelHit 992, 1448, 10.2438, 0
PixelHit 992, 1449, 1.85245, 0
PixelHit 993, 1444, 9.31341, 0
PixelHit 993, 1445, 17.4854, 0
PixelHit 993, 1446, 13.9222, 0
PixelHit 993, 1447, 5.41842, 0
PixelHit 994, 1441, 2.54349, 0
PixelHit 994, 1442, 8.50346, 0
PixelHit 994, 1443, 19.3151, 0
PixelHit 994, 1444, 11.695, 0
PixelHit 994, 1445, 4.83694, 0
PixelHit 995, 1440, 4.20551, 0
PixelHit 995, 1441, 15.1585, 0
PixelHit 995, 1442, 38.035, 0
PixelHit 995, 1443, 31.0052, 0
PixelHit 995, 1444, 5.63224, 0
PixelHit 995, 1445, 3.25462, 0
PixelHit 995, 1446, 2.34138, 0
PixelHit 996, 1439, 0.883448, 0
PixelHit 996, 1440, 5.93957, 0
PixelHit 996, 1441, 22.1501, 0
PixelHit 996, 1442, 20.8769, 0
PixelHit 996, 1443, 2.47417, 0
PixelHit 997, 1437, 2.54205, 0
PixelHit 997, 1438, 6.2203, 0
PixelHit 997, 1439, 4.0513, 0
PixelHit 997, 1440, 9.43294, 0
PixelHit 997, 1441, 7.57103, 0
PixelHit 997, 1442, 7.24413, 0
PixelHit 997, 1443, 2.51859, 0
PixelHit 998, 1436, 7.49535, 0
PixelHit 998, 1437, 15.2016, 0
PixelHit 998, 1438, 11.556, 0
PixelHit 998, 1439, 5.74964, 0
PixelHit 998, 1440, 1.51062, 0
PixelHit 999, 1434, 2.20019, 0
PixelHit 999, 1435, 7.39716, 0
PixelHit 999, 1436, 11.0372, 0
PixelHit 999, 1437, 14.9156, 0
PixelHit 999, 1438, 16.986, 0
PixelHit 999, 1439, 5.7327, 0
PixelHit 1000, 1432, 2.66874, 0
PixelHit 1000, 1433, 21.5506, 0
PixelHit 1000, 1434, 28.3928, 0
PixelHit 1000, 1435, 12.358, 0
PixelHit 1000, 1436, 10.8861, 0
PixelHit 1000, 1437, 10.169, 0
PixelHit 1000, 1438, 4.56097, 0
PixelHit 1001, 1430, 2.27855, 0
PixelHit 1001, 1431, 3.49125, 0
PixelHit 1001, 1432, 16.6581, 0
PixelHit 1001, 1433, 60.7452, 0
PixelHit 1001, 1434, 49.5591, 0
PixelHit 1001, 1435, 25.6246, 0
PixelHit 1001, 1436, 4.04865, 0
PixelHit 1002, 1428, 1.89348, 0
PixelHit 1002, 1431, 9.85023, 0
PixelHit 1002, 1432, 29.484, 0
PixelHit 1002, 1433, 59.168, 0
PixelHit 1002, 1434, 57.9432, 0
PixelHit 1002, 1435, 17.8056, 0
PixelHit 1002, 1436, 0.878872, 0
PixelHit 1002, 1437, 0.633978, 0
PixelHit 1003, 1429, 5.88631, 0
PixelHit 1003, 1430, 17.6637, 0
PixelHit 1003, 1431, 19.7294, 0
PixelHit 1003, 1432, 33.2959, 0
PixelHit 1003, 1433, 22.9458, 0
PixelHit 1003, 1434, 13.153, 0
PixelHit 1003, 1435, 1.76603, 0
PixelHit 1004, 1427, 1.94909, 0
PixelHit 1004, 1428, 3.69967, 0
PixelHit 1004, 1429, 17.4023, 0
PixelHit 1004, 1430, 16.6234, 0
PixelHit 1004, 1431, 12.3835, 0
PixelHit 1004, 1432, 8.18472, 0
PixelHit 1004, 1433, 4.15664, 0
PixelHit 1004, 1434, 3.65184, 0
PixelHit 1005, 1425, 1.66699, 0
PixelHit 1005, 1426, 4.93468, 0
PixelHit 1005, 1427, 7.1737, 0
PixelHit 1005, 1428, 18.2655, 0
PixelHit 1005, 1429, 15.6171, 0
PixelHit 1005, 1430, 17.7204, 0
PixelHit 1005, 1431, 0.772166, 0
PixelHit 1005, 1432, 2.01098, 0
PixelHit 1005, 1433, 1.92312, 0
PixelHit 1006, 1423, 1.80899, 0
PixelHit 1006, 1424, 1.85658, 0
PixelHit 1006, 1425, 4.78995, 0
PixelHit 1006, 1426, 7.48991, 0
PixelHit 1006, 1427, 15.5022, 0
PixelHit 1006, 1428, 18.8551, 0
PixelHit 1006, 1429, 8.47816, 0
PixelHit 1006, 1430, 9.62735, 0
PixelHit 1006, 1431, 1.26805, 0
PixelHit 1007, 1422, 3.36944, 0
PixelHit 1007, 1423, 3.64774, 0
PixelHit 1007, 1424, 4.48203, 0
PixelHit 1007, 1425, 6.2313, 0
PixelHit 1007, 1426, 4.98562, 0
PixelHit 1007, 1427, 15.2891, 0
PixelHit 1007, 1428, 17.6765, 0
PixelHit 1007, 1429, 4.64864, 0
PixelHit 1008, 1422, 6.39671, 0
PixelHit 1008, 1423, 13.011, 0
PixelHit 1008, 1424, 6.51222, 0
PixelHit 1008, 1425, 11.474, 0
PixelHit 1008, 1426, 10.9541, 0
PixelHit 1008, 1427, 7.91055, 0
PixelHit 1008, 1428, 6.0624, 0
PixelHit 1009, 1420, 3.65617, 0
PixelHit 1009, 1421, 7.14322, 0
PixelHit 1009, 1422, 10.8281, 0
PixelHit 1009, 1423, 21.2867, 0
PixelHit 1009, 1424, 17.1225, 0
PixelHit 1009, 1425, 11.6137, 0
PixelHit 1009, 1426, 2.27451, 0
PixelHit 1010, 1419, 7.13438, 0
PixelHit 1010, 1420, 9.83222, 0
PixelHit 1010, 1421, 8.27592, 0
PixelHit 1010, 1422, 18.8623, 0
PixelHit 1010, 1423, 22.9693, 0
PixelHit 1010, 1424, 15.4085, 0
PixelHit 1010, 1425, 5.16829, 0
PixelHit 1010, 1426, 2.71767, 0
PixelHit 1011, 1418, 4.57545, 0
PixelHit 1011, 1419, 5.21495, 0
PixelHit 1011, 1420, 15.2546, 0
PixelHit 1011, 1421, 24.6731, 0
PixelHit 1011, 1422, 22.4418, 0
PixelHit 1011, 1423, 12.8099, 0
PixelHit 1011, 1424, 8.22005, 0
PixelHit 1012, 1415, 2.60867, 0
PixelHit 1012, 1417, 3.62103, 0
PixelHit 1012, 1418, 8.35859, 0
PixelHit 1012, 1419, 16.9801, 0
PixelHit 1012, 1420, 22.1055, 0
PixelHit 1012, 1421, 15.1614, 0
PixelHit 1012, 1422, 11.9539, 0
PixelHit 1012, 1423, 6.96365, 0
PixelHit 1012, 1424, 1.858, 0
PixelHit 1013, 1415, 1.95312, 0
PixelHit 1013, 1416, 6.00431, 0
PixelHit 1013, 1417, 17.9292, 0
PixelHit 1013, 1418, 26.1174, 0
PixelHit 1013, 1419, 24.7389, 0
PixelHit 1013, 1420, 7.01872, 0
PixelHit 1013, 1421, 10.7641, 0
PixelHit 1013, 1422, 4.22284, 0
PixelHit 1014, 1412, 2.03688, 0
PixelHit 1014, 1414, 2.02368, 0
PixelHit 1014, 1415, 5.55975, 0
PixelHit 1014, 1416, 8.72969, 0
PixelHit 1014, 1417, 18.7365, 0
PixelHit 1014, 1418, 25.3628, 0
PixelHit 1014, 1419, 27.0247, 0
PixelHit 1014, 1420, 7.92025, 0
PixelHit 1015, 1412, 3.69105, 0
PixelHit 1015, 1413, 1.34155, 0
PixelHit 1015, 1414, 4.62502, 0
PixelHit 1015, 1415, 11.3406, 0
PixelHit 1015, 1416, 12.8229, 0
PixelHit 1015, 1417, 10.2058, 0
PixelHit 1015, 1418, 14.7089, 0
PixelHit 1015, 1419, 7.99172, 0
PixelHit 1015, 1420, 4.80825, 0
PixelHit 1016, 1412, 2.13259, 0
PixelHit 1016, 1413, 8.12053, 0
PixelHit 1016, 1414, 17.2309, 0
PixelHit 1016, 1415, 22.7182, 0
PixelHit 1016, 1416, 9.66899, 0
PixelHit 1016, 1417, 9.04522, 0
PixelHit 1016, 1418, 8.02276, 0
PixelHit 1016, 1419, 3.7833, 0
PixelHit 1016, 1420, 2.57213, 0
PixelHit 1017, 1411, 2.52542, 0
PixelHit 1017, 1412, 6.19845, 0
PixelHit 1017, 1413, 13.3622, 0
PixelHit 1017, 1414, 19.496, 0
PixelHit 1017, 1415, 24.0859, 0
PixelHit 1017, 1416, 11.9118, 0
PixelHit 1017, 1417, 2.56087, 0
PixelHit 1017, 1418, 3.40053, 0
PixelHit 1017, 1419, 1.18675, 0
PixelHit 1018, 1409, 1.65561, 0
PixelHit 1018, 1411, 4.88536, 0
PixelHit 1018, 1412, 6.92083, 0
PixelHit 1018, 1413, 7.33387, 0
PixelHit 1018, 1414, 8.07224, 0
PixelHit 1018, 1415, 9.48583, 0
PixelHit 1018, 1416, 4.1638, 0
PixelHit 1018, 1418, 1.4098, 0
PixelHit 1019, 1410, 10.7287, 0
PixelHit 1019, 1411, 1.23784, 0
PixelHit 1019, 1412, 6.23757, 0
PixelHit 1019, 1413, 2.13715, 0
PixelHit 1019, 1414, 2.36126, 0
PixelHit 1020, 1407, 2.76741, 0
PixelHit 1020, 1408, 1.18492, 0
PixelHit 1020, 1409, 7.37741, 0
PixelHit 1020, 1410, 14.7559, 0
PixelHit 1020, 1411, 8.00805, 0
PixelHit 1020, 1412, 5.43487, 0
PixelHit 1020, 1414, 2.54065, 0
PixelHit 1021, 1406, 0.660332, 0
PixelHit 1021, 1407, 4.36712, 0
PixelHit 1021, 1408, 7.92192, 0
PixelHit 1021, 1410, 11.7595, 0
PixelHit 1021, 1411, 6.87604, 0
PixelHit 1021, 1412, 2.48068, 0
PixelHit 1022, 1405, 1.01741, 0
PixelHit 1022, 1406, 6.339, 0
PixelHit 1022, 1407, 12.6899, 0
PixelHit 1022, 1408, 7.47852, 0
PixelHit 1022, 1409, 6.30977, 0
PixelHit 1022, 1410, 1.05308, 0
PixelHit 1022, 1411, 1.46793, 0
PixelHit 1022, 1412, 3.76637, 0
PixelHit 1023, 1405, 3.51209, 0
PixelHit 1023, 1406, 7.93915, 0
PixelHit 1023, 1407, 7.86694, 0
PixelHit 1023, 1408, 10.4792, 0
PixelHit 1023, 1409, 6.18437, 0
PixelHit 1023, 1410, 4.93499, 0
PixelHit 1024, 1406, 4.16599, 0
PixelHit 1024, 1407, 6.16195, 0
PixelHit 1024, 1408, 1.27225, 0
PixelHit 1024, 1409, 2.91441, 0
PixelHit 1025, 1407, 3.81623, 0
PixelHit 1199, 1143, 2.6371, 0
PixelHit 1200, 1143, 70.3252, 0
PixelHit 1200, 1144, 6.07393, 0
PixelHit 1201, 1143, 2.28393, 0
PixelHit 1201, 1144, 12.3308, 0
PixelHit 1201, 1145, 18.7679, 0
PixelHit 1201, 1146, 7.14882, 0
PixelHit 1202, 1145, 54.3963, 0
PixelHit 1202, 1146, 60.5218, 0
PixelHit 1202, 1147, 5.44457, 0
PixelHit 1202, 1149, 1.41675, 0
PixelHit 1203, 1146, 8.24149, 0
PixelHit 1203, 1147, 9.26396, 0
PixelHit 1204, 1147, 20.4906, 0
PixelHit 1204, 1148, 22.6166, 0
PixelHit 1205, 1148, 19.6454, 0
PixelHit 1205, 1149, 21.4508, 0
PixelHit 1205, 1150, 11.5894, 0
PixelHit 1206, 1148, 10.6911, 0
PixelHit 1206, 1149, 52.4873, 0
PixelHit 1206, 1150, 47.3593, 0
PixelHit 1206, 1151, 6.44876, 0
PixelHit 1207, 1148, 0.182554, 0
PixelHit 1207, 1149, 28.9494, 0
PixelHit 1207, 1150, 35.9247, 0
PixelHit 1207, 1151, 23.2479, 0
PixelHit 1207, 1152, 4.81519, 0
PixelHit 1207, 1153, 1.44422, 0
PixelHit 1208, 1150, 16.9231, 0
PixelHit 1208, 1151, 25.8693, 0
PixelHit 1208, 1152, 62.5732, 0
PixelHit 1208, 1153, 25.2629, 0
PixelHit 1208, 1154, 1.94047, 0
PixelHit 1209, 1151, 27.4626, 0
PixelHit 1209, 1152, 124.187, 0
PixelHit 1209, 1153, 135.012, 0
PixelHit 1209, 1154, 23.167, 0
PixelHit 1210, 1151, 13.0026, 0
PixelHit 1210, 1152, 74.4407, 0
PixelHit 1210, 1153, 129.036, 0
PixelHit 1210, 1154, 26.2856, 0
PixelHit 1210, 1155, 5.7981, 0
PixelHit 1210, 1156, 1.66547, 0
PixelHit 1211, 1152, 8.07631, 0
PixelHit 1211, 1153, 27.7912, 0
PixelHit 1211, 1154, 27.9756, 0
PixelHit 1211, 1155, 13.6921, 0
PixelHit 1212, 1153, 12.6158, 0
PixelHit 1212, 1154, 14.5973, 0
PixelHit 1212, 1155, 16.232, 0
PixelHit 1212, 1156, 10.2464, 0
PixelHit 1213, 1154, 10.0287, 0
PixelHit 1213, 1155, 43.6085, 0
PixelHit 1213, 1156, 45.1, 0
PixelHit 1213, 1157, 2.74163, 0
PixelHit 1214, 1154, 5.01216, 0
PixelHit 1214, 1155, 20.7845, 0
PixelHit 1214, 1156, 52.0123, 0
PixelHit 1214, 1157, 21.4471, 0
PixelHit 1214, 1158, 6.23808, 0
PixelHit 1215, 1155, 16.1328, 0
PixelHit 1215, 1156, 43.4341, 0
PixelHit 1215, 1157, 32.036, 0
PixelHit 1215, 1158, 2.55848, 0
PixelHit 1215, 1159, 1.45893, 0
PixelHit 1216, 1154, 1.36308, 0
PixelHit 1216, 1156, 24.9355, 0
PixelHit 1216, 1157, 40.0454, 0
PixelHit 1216, 1158, 34.9503, 0
PixelHit 1216, 1159, 7.15208, 0
PixelHit 1217, 1155, 2.54768, 0
PixelHit 1217, 1156, 13.273, 0
PixelHit 1217, 1157, 60.078, 0
PixelHit 1217, 1158, 98.6594, 0
PixelHit 1217, 1159, 31.9465, 0
PixelHit 1217, 1160, 4.00628, 0
PixelHit 1218, 1156, 5.23064, 0
PixelHit 1218, 1157, 47.5803, 0
PixelHit 1218, 1158, 72.9331, 0
PixelHit 1218, 1159, 22.2662, 0
PixelHit 1218, 1160, 3.30884, 0
PixelHit 1218, 1161, 1.34827, 0
PixelHit 1219, 1156, 4.10836, 0
PixelHit 1219, 1157, 10.4897, 0
PixelHit 1219, 1158, 24.4118, 0
PixelHit 1219, 1159, 15.0669, 0
PixelHit 1219, 1160, 9.9933, 0
PixelHit 1219, 1161, 3.47521, 0
PixelHit 1220, 1158, 8.07323, 0
PixelHit 1220, 1159, 37.0639, 0
PixelHit 1220, 1160, 55.0997, 0
PixelHit 1220, 1161, 10.1813, 0
PixelHit 1221, 1158, 9.80399, 0
PixelHit 1221, 1159, 39.0326, 0
PixelHit 1221, 1160, 71.3997, 0
PixelHit 1221, 1161, 40.0915, 0
PixelHit 1222, 1158, 2.35511, 0
PixelHit 1222, 1159, 13.681, 0
PixelHit 1222, 1160, 38.8254, 0
PixelHit 1222, 1161, 25.9729, 0
PixelHit 1222, 1162, 0.450482, 0
PixelHit 1223, 1159, 3.67641, 0
PixelHit 1223, 1160, 5.96399, 0
PixelHit 1223, 1161, 18.6239, 0
PixelHit 1223, 1162, 21.7948, 0
PixelHit 1223, 1163, 5.21282, 0
PixelHit 1224, 1159, 2.28304, 0
PixelHit 1224, 1160, 5.16501, 0
PixelHit 1224, 1161, 20.8746, 0
PixelHit 1224, 1162, 28.8387, 0
PixelHit 1224, 1163, 8.33598, 0
PixelHit 1224, 1164, 4.90566, 0
PixelHit 1225, 1161, 4.2771, 0
PixelHit 1225, 1162, 20.4987, 0
PixelHit 1225, 1163, 23.5461, 0
PixelHit 1225, 1164, 4.15861, 0
PixelHit 1225, 1165, 3.06931, 0
PixelHit 1226, 1161, 2.70284, 0
PixelHit 1226, 1162, 10.2986, 0
PixelHit 1226, 1163, 22.7284, 0
PixelHit 1226, 1164, 22.6926, 0
PixelHit 1226, 1165, 8.1885, 0
PixelHit 1227, 1161, 1.42485, 0
PixelHit 1227, 1162, 5.87855, 0
PixelHit 1227, 1163, 36.6031, 0
PixelHit 1227, 1164, 61.4896, 0
PixelHit 1227, 1165, 49.5888, 0
PixelHit 1227, 1166, 13.5076, 0
PixelHit 1227, 1167, 0.570112, 0
PixelHit 1228, 1162, 2.91106, 0
PixelHit 1228, 1163, 19.3933, 0
PixelHit 1228, 1164, 73.3009, 0
PixelHit 1228, 1165, 93.8338, 0
PixelHit 1228, 1166, 51.7178, 0
PixelHit 1228, 1167, 13.4734, 0
PixelHit 1228, 1168, 0.0078425, 0
PixelHit 1229, 1163, 10.2818, 0
PixelHit 1229, 1164, 54.5613, 0
PixelHit 1229, 1165, 97.1443, 0
PixelHit 1229, 1166, 93.7616, 0
PixelHit 1229, 1167, 28.8595, 0
PixelHit 1229, 1168, 5.19184, 0
PixelHit 1230, 1163, 2.00609, 0
PixelHit 1230, 1164, 22.2341, 0
PixelHit 1230, 1165, 51.8716, 0
PixelHit 1230, 1166, 76.4167, 0
PixelHit 1230, 1167, 48.6467, 0
PixelHit 1230, 1168, 14.5505, 0
PixelHit 1230, 1169, 4.53527, 0
PixelHit 1231, 1164, 1.38488, 0
PixelHit 1231, 1165, 23.0328, 0
PixelHit 1231, 1166, 34.6973, 0
PixelHit 1231, 1167, 22.7816, 0
PixelHit 1231, 1168, 23.6452, 0
PixelHit 1231, 1169, 12.3122, 0
PixelHit 1231, 1170, 5.52939, 0
PixelHit 1231, 1171, 2.59122, 0
PixelHit 1232, 1166, 6.60024, 0
PixelHit 1232, 1167, 12.022, 0
PixelHit 1232, 1168, 20.5015, 0
PixelHit 1232, 1169, 22.5869, 0
PixelHit 1232, 1170, 20.1521, 0
PixelHit 1232, 1171, 4.92037, 0
PixelHit 1233, 1167, 6.24954, 0
PixelHit 1233, 1168, 11.6419, 0
PixelHit 1233, 1169, 30.4856, 0
PixelHit 1233, 1170, 38.1573, 0
PixelHit 1233, 1171, 15.2091, 0
PixelHit 1233, 1172, 8.59473, 0
PixelHit 1234, 1168, 2.44113, 0
PixelHit 1234, 1169, 10.6521, 0
PixelHit 1234, 1170, 23.3979, 0
PixelHit 1234, 1171, 36.3428, 0
PixelHit 1234, 1172, 35.0555, 0
PixelHit 1234, 1173, 15.0422, 0
PixelHit 1234, 1174, 3.21186, 0
PixelHit 1235, 1169, 4.78181, 0
PixelHit 1235, 1170, 14.1056, 0
PixelHit 1235, 1171, 34.4365, 0
PixelHit 1235, 1172, 50.8486, 0
PixelHit 1235, 1173, 27.1989, 0
PixelHit 1235, 1174, 12.2733, 0
PixelHit 1235, 1175, 2.84537, 0
PixelHit 1236, 1170, 4.00277, 0
PixelHit 1236, 1171, 18.7788, 0
PixelHit 1236, 1172, 21.7841, 0
PixelHit 1236, 1173, 32.1363, 0
PixelHit 1236, 1174, 31.5585, 0
PixelHit 1236, 1175, 3.20098, 0
PixelHit 1236, 1176, 2.01068, 0
PixelHit 1236, 1177, 1.04314, 0
PixelHit 1237, 1171, 4.59079, 0
PixelHit 1237, 1172, 10.3332, 0
PixelHit 1237, 1173, 16.4041, 0
PixelHit 1237, 1174, 26.0471, 0
PixelHit 1237, 1175, 21.3387, 0
PixelHit 1237, 1176, 23.4291, 0
PixelHit 1237, 1177, 3.95738, 0
PixelHit 1237, 1178, 0.303415, 0
PixelHit 1238, 1172, 3.4369, 0
PixelHit 1238, 1173, 3.94462, 0
PixelHit 1238, 1174, 38.9285, 0
PixelHit 1238, 1175, 83.3795, 0
PixelHit 1238, 1176, 104.653, 0
PixelHit 1238, 1177, 32.8766, 0
PixelHit 1238, 1178, 7.04508, 0
PixelHit 1239, 1173, 6.62562, 0
PixelHit 1239, 1174, 32.7614, 0
PixelHit 1239, 1175, 137.908, 0
PixelHit 1239, 1176, 214.76, 0
PixelHit 1239, 1177, 104.308, 0
PixelHit 1239, 1178, 25.9856, 0
PixelHit 1239, 1179, 4.90057, 0
PixelHit 1240, 1174, 28.0056, 0
PixelHit 1240, 1175, 91.1237, 0
PixelHit 1240, 1176, 139.487, 0
PixelHit 1240, 1177, 98.2437, 0
PixelHit 1240, 1178, 29.4095, 0
PixelHit 1240, 1179, 4.42996, 0
PixelHit 1240, 1180, 2.53657, 0
PixelHit 1241, 1174, 6.8856, 0
PixelHit 1241, 1175, 21.969, 0
PixelHit 1241, 1176, 37.7155, 0
PixelHit 1241, 1177, 39.502, 0
PixelHit 1241, 1178, 26.9799, 0
PixelHit 1241, 1179, 11.9213, 0
PixelHit 1241, 1180, 2.4591, 0
PixelHit 1242, 1175, 2.47477, 0
PixelHit 1242, 1176, 4.98811, 0
PixelHit 1242, 1177, 5.73742, 0
PixelHit 1242, 1178, 9.06158, 0
PixelHit 1242, 1179, 16.8195, 0
PixelHit 1242, 1180, 4.92007, 0
PixelHit 1243, 1178, 2.00274, 0
PixelHit 1243, 1179, 7.1691, 0
PixelHit 1243, 1180, 2.70597, 0
PixelHit 1243, 1181, 5.41431, 0
PixelHit 1243, 1182, 0.303864, 0
PixelHit 1244, 1180, 4.18433, 0
PixelHit 1244, 1181, 4.1837, 0
PixelHit 1244, 1182, 5.18168, 0
PixelHit 1244, 1183, 4.61956, 0
PixelHit 1244, 1184, 9.96681, 0
PixelHit 1244, 1185, 4.87668, 0
PixelHit 1245, 1182, 9.99361, 0
PixelHit 1245, 1183, 15.9838, 0
PixelHit 1245, 1184, 17.4558, 0
PixelHit 1245, 1185, 10.6341, 0
PixelHit 1245, 1186, 1.55047, 0
PixelHit 1246, 1181, 1.2713, 0
PixelHit 1246, 1182, 10.7487, 0
PixelHit 1246, 1183, 31.6274, 0
PixelHit 1246, 1184, 54.0394, 0
PixelHit 1246, 1185, 39.3931, 0
PixelHit 1246, 1186, 11.6845, 0
PixelHit 1246, 1187, 5.6495, 0
PixelHit 1246, 1188, 1.61755, 0
PixelHit 1247, 1182, 2.51522, 0
PixelHit 1247, 1183, 15.3952, 0
PixelHit 1247, 1184, 38.2355, 0
PixelHit 1247, 1185, 34.2485, 0
PixelHit 1247, 1186, 30.6626, 0
PixelHit 1247, 1187, 23.6601, 0
PixelHit 1247, 1188, 9.10598, 0
PixelHit 1247, 1189, 4.01673, 0
PixelHit 1248, 1183, 3.01061, 0
PixelHit 1248, 1184, 9.79063, 0
PixelHit 1248, 1185, 17.0125, 0
PixelHit 1248, 1186, 41.4102, 0
PixelHit 1248, 1187, 50.6503, 0
PixelHit 1248, 1188, 37.3812, 0
PixelHit 1248, 1189, 28.4955, 0
PixelHit 1248, 1190, 9.68551, 0
PixelHit 1248, 1191, 2.84202, 0
PixelHit 1249, 1185, 10.4183, 0
PixelHit 1249, 1186, 14.9726, 0
PixelHit 1249, 1187, 45.4823, 0
PixelHit 1249, 1188, 73.509, 0
PixelHit 1249, 1189, 112.176, 0
PixelHit 1249, 1190, 47.9732, 0
PixelHit 1249, 1191, 7.54785, 0
PixelHit 1250, 1186, 6.80228, 0
PixelHit 1250, 1187, 34.4825, 0
PixelHit 1250, 1188, 72.6262, 0
PixelHit 1250, 1189, 120.665, 0
PixelHit 1250, 1190, 66.7925, 0
PixelHit 1250, 1191, 16.8345, 0
PixelHit 1250, 1192, 4.03987, 0
PixelHit 1251, 1187, 7.40941, 0
PixelHit 1251, 1188, 15.64, 0
PixelHit 1251, 1189, 41.2016, 0
PixelHit 1251, 1190, 46.4892, 0
PixelHit 1251, 1191, 29.9367, 0
PixelHit 1251, 1192, 11.3711, 0
PixelHit 1251, 1193, 2.94017, 0
PixelHit 1252, 1189, 8.58438, 0
PixelHit 1252, 1190, 20.8081, 0
PixelHit 1252, 1191, 39.9683, 0
PixelHit 1252, 1192, 31.0616, 0
PixelHit 1252, 1193, 15.3445, 0
PixelHit 1253, 1189, 1.46249, 0
PixelHit 1253, 1190, 19.8702, 0
PixelHit 1253, 1191, 37.9833, 0
PixelHit 1253, 1192, 45.9698, 0
PixelHit 1253, 1193, 32.511, 0
PixelHit 1253, 1194, 6.41642, 0
PixelHit 1253, 1195, 3.92555, 0
PixelHit 1254, 1189, 3.44201, 0
PixelHit 1254, 1190, 2.21575, 0
PixelHit 1254, 1191, 29.6903, 0
PixelHit 1254, 1192, 83.224, 0
PixelHit 1254, 1193, 111.767, 0
PixelHit 1254, 1194, 30.7505, 0
PixelHit 1254, 1195, 5.9243, 0
PixelHit 1255, 1190, 3.40176, 0
PixelHit 1255, 1191, 53.3156, 0
PixelHit 1255, 1192, 232.166, 0
PixelHit 1255, 1193, 273.665, 0
PixelHit 1255, 1194, 111.24, 0
PixelHit 1255, 1195, 16.0157, 0
PixelHit 1256, 1189, 2.245, 0
PixelHit 1256, 1190, 7.72455, 0
PixelHit 1256, 1191, 41.6123, 0
PixelHit 1256, 1192, 242.531, 0
PixelHit 1256, 1193, 336.153, 0
PixelHit 1256, 1194, 129.434, 0
PixelHit 1256, 1195, 12.2565, 0
PixelHit 1257, 1190, 1.74944, 0
PixelHit 1257, 1191, 17.5616, 0
PixelHit 1257, 1192, 83.6658, 0
PixelHit 1257, 1193, 109.467, 0
PixelHit 1257, 1194, 69.3032, 0
PixelHit 1257, 1195, 13.8228, 0
PixelHit 1257, 1196, 0.917152, 0
PixelHit 1258, 1192, 8.97092, 0
PixelHit 1258, 1193, 29.2159, 0
PixelHit 1258, 1194, 29.4445, 0
PixelHit 1258, 1195, 17.6177, 0
PixelHit 1258, 1196, 1.90897, 0
PixelHit 1258, 1197, 2.65237, 0
PixelHit 1259, 1193, 12.2112, 0
PixelHit 1259, 1194, 26.9174, 0
PixelHit 1259, 1195, 19.8731, 0
PixelHit 1259, 1196, 5.84812, 0
PixelHit 1260, 1194, 13.6601, 0
PixelHit 1260, 1195, 26.117, 0
PixelHit 1260, 1196, 20.2894, 0
PixelHit 1261, 1194, 15.9786, 0
PixelHit 1261, 1195, 29.8613, 0
PixelHit 1261, 1196, 46.5464, 0
PixelHit 1261, 1197, 10.4313, 0
PixelHit 1261, 1198, 1.93536, 0
PixelHit 1262, 1194, 1.58763, 0
PixelHit 1262, 1195, 22.8195, 0
PixelHit 1262, 1196, 31.1031, 0
PixelHit 1262, 1197, 19.7759, 0
PixelHit 1262, 1199, 0.740477, 0
PixelHit 1263, 1194, 0.514264, 0
PixelHit 1263, 1195, 1.04117, 0
PixelHit 1263, 1196, 12.5116, 0
PixelHit 1263, 1197, 24.9517, 0
PixelHit 1263, 1198, 11.5876, 0
PixelHit 1263, 1199, 0.600973, 0
PixelHit 1264, 1196, 4.94531, 0
PixelHit 1264, 1197, 16.8894, 0
PixelHit 1264, 1198, 23.318, 0
PixelHit 1264, 1199, 3.76666, 0
PixelHit 1265, 1197, 20.6012, 0
PixelHit 1265, 1198, 47.3214, 0
PixelHit 1265, 1199, 37.4785, 0
PixelHit 1265, 1200, 3.28705, 0
PixelHit 1265, 1201, 1.40328, 0
PixelHit 1266, 1196, 2.87556, 0
PixelHit 1266, 1197, 19.0144, 0
PixelHit 1266, 1198, 59.1896, 0
PixelHit 1266, 1199, 57.8201, 0
PixelHit 1266, 1200, 19.0541, 0
PixelHit 1266, 1201, 3.93286, 0
PixelHit 1267, 1197, 1.52517, 0
PixelHit 1267, 1198, 28.242, 0
PixelHit 1267, 1199, 66.26, 0
PixelHit 1267, 1200, 36.7399, 0
PixelHit 1267, 1201, 6.45488, 0
PixelHit 1267, 1202, 2.24782, 0
PixelHit 1268, 1198, 14.0568, 0
PixelHit 1268, 1199, 48.0393, 0
PixelHit 1268, 1200, 66.2837, 0
PixelHit 1268, 1201, 9.86874, 0
PixelHit 1268, 1202, 1.9976, 0
PixelHit 1269, 1198, 6.06403, 0
PixelHit 1269, 1199, 22.2439, 0
PixelHit 1269, 1200, 27.3419, 0
PixelHit 1269, 1201, 10.982, 0
PixelHit 1270, 1199, 4.58861, 0
PixelHit 1270, 1200, 6.25424, 0
PixelHit 1270, 1201, 21.064, 0
PixelHit 1270, 1202, 6.48271, 0
PixelHit 1270, 1203, 1.13944, 0
PixelHit 1270, 1204, 1.96456, 0
PixelHit 1271, 1200, 16.2675, 0
PixelHit 1271, 1201, 24.29, 0
PixelHit 1271, 1202, 28.3023, 0
PixelHit 1271, 1203, 2.72021, 0
PixelHit 1271, 1204, 4.14843, 0
PixelHit 1272, 1199, 1.64871, 0
PixelHit 1272, 1200, 3.49877, 0
PixelHit 1272, 1201, 18.1779, 0
PixelHit 1272, 1202, 23.247, 0
PixelHit 1272, 1203, 13.5704, 0
PixelHit 1272, 1204, 1.54577, 0
PixelHit 1273, 1201, 15.3638, 0
PixelHit 1273, 1202, 24.1523, 0
PixelHit 1273, 1203, 15.2645, 0
PixelHit 1273, 1204, 3.37578, 0
PixelHit 1274, 1201, 2.74097, 0
PixelHit 1274, 1202, 8.5033, 0
PixelHit 1274, 1203, 16.8292, 0
PixelHit 1274, 1204, 10.1227, 0
PixelHit 1274, 1205, 4.1454, 0
PixelHit 1275, 1202, 2.45807, 0
PixelHit 1275, 1203, 8.25673, 0
PixelHit 1275, 1204, 24.9445, 0
PixelHit 1275, 1205, 9.08285, 0
PixelHit 1276, 1203, 6.60891, 0
PixelHit 1276, 1204, 17.4916, 0
PixelHit 1276, 1205, 9.73256, 0
PixelHit 1276, 1206, 4.14485, 0
PixelHit 1277, 1204, 7.95013, 0
PixelHit 1277, 1205, 21.2059, 0
PixelHit 1277, 1206, 10.9232, 0
PixelHit 1278, 1204, 8.46584, 0
PixelHit 1278, 1205, 16.6257, 0
PixelHit 1278, 1206, 20.9629, 0
PixelHit 1278, 1207, 1.22177, 0
PixelHit 1279, 1204, 2.20896, 0
PixelHit 1279, 1205, 9.07444, 0
PixelHit 1279, 1206, 22.6958, 0
PixelHit 1279, 1207, 7.89532, 0
PixelHit 1279, 1208, 4.02821, 0
PixelHit 1280, 1205, 2.95964, 0
PixelHit 1280, 1206, 25.1981, 0
PixelHit 1280, 1207, 22.453, 0
PixelHit 1280, 1208, 3.89623, 0
PixelHit 1281, 1205, 4.87404, 0
PixelHit 1281, 1206, 18.2375, 0
PixelHit 1281, 1207, 25.9712, 0
PixelHit 1281, 1208, 10.2, 0
PixelHit 1282, 1205, 0.73789, 0
PixelHit 1282, 1206, 13.4035, 0
PixelHit 1282, 1207, 17.7887, 0
PixelHit 1282, 1208, 18.6595, 0
PixelHit 1282, 1209, 4.15034, 0
PixelHit 1283, 1206, 12.3604, 0
PixelHit 1283, 1207, 45.3628, 0
PixelHit 1283, 1208, 58.4885, 0
PixelHit 1283, 1209, 15.8531, 0
PixelHit 1284, 1204, 0.248185, 0
PixelHit 1284, 1205, 12.2304, 0
PixelHit 1284, 1206, 113.524, 0
PixelHit 1284, 1207, 336.203, 0
PixelHit 1284, 1208, 322.799, 0
PixelHit 1284, 1209, 103.857, 0
PixelHit 1284, 1210, 6.08886, 0
PixelHit 1285, 1205, 42.7638, 0
PixelHit 1285, 1206, 460.38, 0
PixelHit 1285, 1207, 973.894, 0
PixelHit 1285, 1208, 580.195, 0
PixelHit 1285, 1209, 148.098, 0
PixelHit 1285, 1210, 29.2678, 0
PixelHit 1285, 1211, 6.59451, 0
PixelHit 1286, 1204, 1.31303, 0
PixelHit 1286, 1205, 29.9707, 0
PixelHit 1286, 1206, 274.777, 0
PixelHit 1286, 1207, 549.365, 0
PixelHit 1286, 1208, 231.274, 0
PixelHit 1286, 1209, 59.1358, 0
PixelHit 1286, 1210, 28.1372, 0
PixelHit 1286, 1211, 12.9165, 0
PixelHit 1286, 1212, 3.46254, 0
PixelHit 1286, 1213, 2.07041, 0
PixelHit 1287, 1205, 5.57358, 0
PixelHit 1287, 1206, 34.7215, 0
PixelHit 1287, 1207, 63.4059, 0
PixelHit 1287, 1208, 22.8265, 0
PixelHit 1287, 1209, 3.21027, 0
PixelHit 1287, 1210, 12.5946, 0
PixelHit 1287, 1211, 14.8502, 0
PixelHit 1287, 1212, 17.0095, 0
PixelHit 1287, 1213, 4.67753, 0
PixelHit 1288, 1209, 3.13449, 0
PixelHit 1288, 1210, 2.04357, 0
PixelHit 1288, 1211, 6.06833, 0
PixelHit 1288, 1212, 11.7219, 0
PixelHit 1288, 1213, 21.1484, 0
PixelHit 1288, 1214, 17.5445, 0
PixelHit 1288, 1215, 1.1933, 0
PixelHit 1289, 1211, 2.90829, 0
PixelHit 1289, 1212, 10.1432, 0
PixelHit 1289, 1213, 28.1696, 0
PixelHit 1289, 1214, 45.9571, 0
PixelHit 1289, 1215, 1.88913, 0
PixelHit 1290, 1212, 1.77018, 0
PixelHit 1290, 1213, 6.25337, 0
PixelHit 1290, 1214, 14.5045, 0
PixelHit 1290, 1215, 3.70532, 0
PixelHit 1290, 1216, 6.84923, 0
PixelHit 1290, 1217, 4.4088, 0
PixelHit 1291, 1214, 1.40874, 0
PixelHit 1291, 1215, 5.71171, 0
PixelHit 1291, 1216, 20.3248, 0
PixelHit 1291, 1217, 13.6933, 0
PixelHit 1291, 1218, 18.6859, 0
PixelHit 1291, 1219, 0.636714, 0
PixelHit 1292, 1215, 1.17834, 0
PixelHit 1292, 1216, 11.034, 0
PixelHit 1292, 1217, 52.9455, 0
PixelHit 1292, 1218, 80.1906, 0
PixelHit 1292, 1219, 19.5085, 0
PixelHit 1293, 1216, 6.65479, 0
PixelHit 1293, 1217, 55.8927, 0
PixelHit 1293, 1218, 80.6217, 0
PixelHit 1293, 1219, 25.6722, 0
PixelHit 1293, 1220, 2.49266, 0
PixelHit 1294, 1216, 2.11938, 0
PixelHit 1294, 1217, 1.54082, 0
PixelHit 1294, 1218, 16.6629, 0
PixelHit 1294, 1219, 14.5513, 0
PixelHit 1294, 1220, 11.196, 0
PixelHit 1294, 1221, 4.0572, 0
PixelHit 1295, 1219, 8.35202, 0
PixelHit 1295, 1220, 16.3857, 0
PixelHit 1295, 1221, 20.1855, 0
PixelHit 1295, 1222, 7.91727, 0
PixelHit 1296, 1218, 0.902335, 0
PixelHit 1296, 1219, 2.9842, 0
PixelHit 1296, 1220, 7.14078, 0
PixelHit 1296, 1221, 32.517, 0
PixelHit 1296, 1222, 29.3537, 0
PixelHit 1296, 1223, 10.6322, 0
PixelHit 1297, 1220, 2.9377, 0
PixelHit 1297, 1221, 20.2569, 0
PixelHit 1297, 1222, 40.9337, 0
PixelHit 1297, 1223, 31.0714, 0
PixelHit 1297, 1224, 11.8413, 0
PixelHit 1298, 1222, 12.7387, 0
PixelHit 1298, 1223, 25.9373, 0
PixelHit 1298, 1224, 22.1853, 0
PixelHit 1298, 1225, 9.83171, 0
PixelHit 1299, 1222, 2.19858, 0
PixelHit 1299, 1224, 17.3009, 0
PixelHit 1299, 1225, 29.9267, 0
PixelHit 1299, 1226, 22.0128, 0
PixelHit 1299, 1227, 2.37228, 0
PixelHit 1300, 1223, 1.33872, 0
PixelHit 1300, 1224, 8.32668, 0
PixelHit 1300, 1225, 30.3023, 0
PixelHit 1300, 1226, 40.4422, 0
PixelHit 1300, 1227, 25.8589, 0
PixelHit 1301, 1225, 11.3518, 0
PixelHit 1301, 1226, 23.8433, 0
PixelHit 1301, 1227, 32.7531, 0
PixelHit 1301, 1228, 14.7101, 0
PixelHit 1302, 1226, 2.19916, 0
PixelHit 1302, 1227, 34.6173, 0
PixelHit 1302, 1228, 60.8388, 0
PixelHit 1302, 1229, 24.469, 0
PixelHit 1302, 1230, 2.64889, 0
PixelHit 1303, 1226, 2.39416, 0
PixelHit 1303, 1227, 17.5715, 0
PixelHit 1303, 1228, 46.2929, 0
PixelHit 1303, 1229, 35.3328, 0
PixelHit 1303, 1230, 8.27879, 0
PixelHit 1304, 1227, 1.70587, 0
PixelHit 1304, 1228, 9.18734, 0
PixelHit 1304, 1229, 21.4778, 0
PixelHit 1304, 1230, 24.1825, 0
PixelHit 1304, 1231, 8.57859, 0
PixelHit 1305, 1229, 14.6161, 0
PixelHit 1305, 1230, 28.6393, 0
PixelHit 1305, 1231, 13.6434, 0
PixelHit 1305, 1232, 5.50568, 0
PixelHit 1306, 1229, 5.4484, 0
PixelHit 1306, 1230, 1.90541, 0
PixelHit 1306, 1231, 14.4549, 0
PixelHit 1306, 1232, 31.8123, 0
PixelHit 1306, 1233, 7.48219, 0
PixelHit 1307, 1231, 18.5111, 0
PixelHit 1307, 1232, 52.323, 0
PixelHit 1307, 1233, 47.1232, 0
PixelHit 1307, 1234, 7.05493, 0
PixelHit 1308, 1232, 18.5067, 0
PixelHit 1308, 1233, 25.1684, 0
PixelHit 1308, 1234, 24.8853, 0
PixelHit 1308, 1235, 2.2253, 0
PixelHit 1309, 1233, 12.644, 0
PixelHit 1309, 1234, 22.9762, 0
PixelHit 1309, 1235, 15.2572, 0
PixelHit 1309, 1236, 10.1419, 0
PixelHit 1310, 1234, 4.39544, 0
PixelHit 1310, 1235, 27.8692, 0
PixelHit 1310, 1236, 57.1636, 0
PixelHit 1310, 1237, 24.7322, 0
PixelHit 1310, 1238, 2.08395, 0
PixelHit 1311, 1234, 2.91769, 0
PixelHit 1311, 1235, 32.2741, 0
PixelHit 1311, 1236, 97.213, 0
PixelHit 1311, 1237, 50.1927, 0
PixelHit 1311, 1238, 8.84691, 0
PixelHit 1312, 1235, 7.61383, 0
PixelHit 1312, 1236, 39.3929, 0
PixelHit 1312, 1237, 39.3158, 0
PixelHit 1312, 1238, 11.7024, 0
PixelHit 1313, 1236, 3.60077, 0
PixelHit 1313, 1237, 28.4487, 0
PixelHit 1313, 1238, 36.0796, 0
PixelHit 1313, 1239, 4.87591, 0
PixelHit 1314, 1236, 4.86166, 0
PixelHit 1314, 1237, 10.547, 0
PixelHit 1314, 1238, 17.895, 0
PixelHit 1314, 1239, 12.0586, 0
PixelHit 1314, 1240, 2.1558, 0
PixelHit 1315, 1237, 1.15086, 0
PixelHit 1315, 1238, 11.0953, 0
PixelHit 1315, 1239, 24.0817, 0
PixelHit 1315, 1240, 7.16872, 0
PixelHit 1316, 1238, 16.8084, 0
PixelHit 1316, 1239, 39.9335, 0
PixelHit 1316, 1240, 18.5791, 0
PixelHit 1317, 1237, 0.991968, 0
PixelHit 1317, 1238, 7.73165, 0
PixelHit 1317, 1239, 24.7925, 0
PixelHit 1317, 1240, 13.6092, 0
PixelHit 1317, 1241, 2.79598, 0
PixelHit 1318, 1238, 1.72765, 0
PixelHit 1318, 1239, 13.8859, 0
PixelHit 1318, 1240, 28.1725, 0
PixelHit 1318, 1241, 16.8036, 0
PixelHit 1318, 1242, 3.82487, 0
PixelHit 1319, 1239, 3.41093, 0
PixelHit 1319, 1240, 25.8792, 0
PixelHit 1319, 1241, 31.0859, 0
PixelHit 1319, 1242, 9.31185, 0
PixelHit 1320, 1239, 2.64861, 0
PixelHit 1320, 1240, 21.8502, 0
PixelHit 1320, 1241, 36.6834, 0
PixelHit 1320, 1242, 14.7506, 0
PixelHit 1320, 1243, 1.51932, 0
PixelHit 1321, 1240, 2.32109, 0
PixelHit 1321, 1241, 16.6929, 0
PixelHit 1321, 1242, 14.517, 0
PixelHit 1321, 1243, 0.820986, 0
PixelHit 1322, 1240, 2.12022, 0
PixelHit 1322, 1241, 12.6323, 0
PixelHit 1322, 1242, 39.2663, 0
PixelHit 1322, 1243, 12.8088, 0
PixelHit 1323, 1241, 13.5619, 0
PixelHit 1323, 1242, 61.6606, 0
PixelHit 1323, 1243, 42.6959, 0
PixelHit 1323, 1244, 4.81673, 0
PixelHit 1324, 1241, 4.14843, 0
PixelHit 1324, 1242, 48.6062, 0
PixelHit 1324, 1243, 44.9892, 0
PixelHit 1324, 1244, 3.29776, 0
PixelHit 1325, 1242, 28.2807, 0
PixelHit 1325, 1243, 41.2597, 0
PixelHit 1325, 1244, 7.08893, 0
PixelHit 1326, 1241, 1.67426, 0
PixelHit 1326, 1242, 5.04386, 0
PixelHit 1326, 1243, 24.095, 0
PixelHit 1326, 1244, 19.1125, 0
PixelHit 1327, 1242, 4.82308, 0
PixelHit 1327, 1243, 47.9985, 0
PixelHit 1327, 1244, 53.1381, 0
PixelHit 1327, 1245, 2.11793, 0
PixelHit 1328, 1243, 37.0285, 0
PixelHit 1328, 1244, 66.3832, 0
PixelHit 1328, 1245, 7.72177, 0
PixelHit 1329, 1243, 19.2554, 0
PixelHit 1329, 1244, 37.9912, 0
PixelHit 1329, 1245, 6.21807, 0
PixelHit 1330, 1244, 7.7095, 0
PixelHit 1330, 1245, 17.8446, 0
PixelHit 1331, 1243, 1.96691, 0
PixelHit 1331, 1244, 20.2735, 0
PixelHit 1331, 1245, 33.3437, 0
PixelHit 1331, 1246, 1.60129, 0
PixelHit 1332, 1244, 13.0558, 0
PixelHit 1332, 1245, 24.039, 0
PixelHit 1332, 1246, 3.9115, 0
PixelHit 1333, 1244, 9.63966, 0
PixelHit 1333, 1245, 43.3145, 0
PixelHit 1333, 1246, 23.1012, 0
PixelHit 1333, 1247, 2.2882, 0
PixelHit 1334, 1245, 20.3513, 0
PixelHit 1334, 1246, 28.639, 0
PixelHit 1334, 1247, 0.623523, 0
PixelHit 1335, 1245, 5.96071, 0
PixelHit 1335, 1246, 55.2603, 0
PixelHit 1335, 1247, 12.1288, 0
PixelHit 1336, 1245, 9.84706, 0
PixelHit 1336, 1246, 47.7026, 0
PixelHit 1336, 1247, 29.0266, 0
PixelHit 1336, 1248, 4.04148, 0
PixelHit 1337, 1246, 20.3775, 0
PixelHit 1337, 1247, 11.6434, 0
PixelHit 1338, 1247, 1.78444, 0
PixelHit 1338, 1248, 2.42764, 0
PixelHit 1339, 1247, 12.8054, 0
PixelHit 1339, 1248, 4.61816, 0
PixelHit 1340, 1246, 0.717209, 0
PixelHit 1340, 1247, 39.9119, 0
PixelHit 1340, 1248, 62.6184, 0
PixelHit 1340, 1249, 2.03726, 0
PixelHit 1341, 721, 1.17107, 0
PixelHit 1341, 722, 4.63163, 0
PixelHit 1341, 723, 24.6973, 0
PixelHit 1341, 1246, 3.50502, 0
PixelHit 1341, 1247, 81.0926, 0
PixelHit 1341, 1248, 165.477, 0
PixelHit 1341, 1249, 7.87829, 0
PixelHit 1342, 722, 5.49679, 0
PixelHit 1342, 723, 39.0405, 0
PixelHit 1342, 1247, 18.2712, 0
PixelHit 1342, 1248, 70.3941, 0
PixelHit 1342, 1249, 8.4978, 0
PixelHit 1343, 723, 5.16133, 0
PixelHit 1343, 1248, 38.4044, 0
PixelHit 1343, 1249, 21.9995, 0
PixelHit 1344, 723, 4.23783, 0
PixelHit 1344, 1247, 1.47506, 0
PixelHit 1344, 1248, 14.9949, 0
PixelHit 1344, 1249, 9.71436, 0
PixelHit 1345, 722, 7.69462, 0
PixelHit 1345, 723, 18.2013, 0
PixelHit 1345, 724, 0.151083, 0
PixelHit 1345, 1248, 3.41499, 0
PixelHit 1345, 1249, 12.3349, 0
PixelHit 1345, 1250, 3.11681, 0
PixelHit 1346, 722, 3.48577, 0
PixelHit 1346, 723, 16.0464, 0
PixelHit 1346, 724, 2.42685, 0
PixelHit 1346, 1249, 41.1382, 0
PixelHit 1346, 1250, 32.4435, 0
PixelHit 1347, 722, 20.781, 0
PixelHit 1347, 723, 30.2416, 0
PixelHit 1347, 1249, 38.542, 0
PixelHit 1347, 1250, 55.9379, 0
PixelHit 1348, 722, 8.67527, 0
PixelHit 1348, 723, 19.41, 0
PixelHit 1348, 724, 1.92643, 0
PixelHit 1348, 1249, 0.929167, 0
PixelHit 1348, 1250, 22.3867, 0
PixelHit 1348, 1251, 2.11895, 0
PixelHit 1349, 722, 5.74001, 0
PixelHit 1349, 723, 3.79297, 0
PixelHit 1349, 740, 1.57554, 0
PixelHit 1349, 741, 16.9198, 0
PixelHit 1349, 742, 17.9145, 0
PixelHit 1349, 1250, 46.068, 0
PixelHit 1349, 1251, 46.0515, 0
PixelHit 1350, 721, 1.70172, 0
PixelHit 1350, 722, 3.79474, 0
PixelHit 1350, 723, 6.8939, 0
PixelHit 1350, 739, 7.10859, 0
PixelHit 1350, 740, 43.8449, 0
PixelHit 1350, 741, 61.7697, 0
PixelHit 1350, 1250, 16.881, 0
PixelHit 1350, 1251, 32.2172, 0
PixelHit 1351, 722, 5.1382, 0
PixelHit 1351, 723, 4.7011, 0
PixelHit 1351, 738, 4.27852, 0
PixelHit 1351, 739, 80.8969, 0
PixelHit 1351, 740, 46.441, 0
PixelHit 1351, 741, 1.09647, 0
PixelHit 1351, 1251, 90.5497, 0
PixelHit 1351, 1252, 9.9561, 0
PixelHit 1352, 721, 2.54949, 0
PixelHit 1352, 722, 16.6943, 0
PixelHit 1352, 723, 12.1717, 0
PixelHit 1352, 736, 0.200394, 0
PixelHit 1352, 737, 15.3852, 0
PixelHit 1352, 738, 9.27197, 0
PixelHit 1352, 739, 22.0557, 0
PixelHit 1352, 1251, 13.7818, 0
PixelHit 1352, 1252, 19.1106, 0
PixelHit 1353, 721, 6.24496, 0
PixelHit 1353, 722, 48.6113, 0
PixelHit 1353, 723, 29.7159, 0
PixelHit 1353, 735, 79.2096, 0
PixelHit 1353, 736, 186.904, 0
PixelHit 1353, 737, 37.9776, 0
PixelHit 1353, 738, 16.395, 0
PixelHit 1353, 1251, 11.8922, 0
PixelHit 1353, 1252, 91.0567, 0
PixelHit 1354, 721, 3.48602, 0
PixelHit 1354, 722, 44.0058, 0
PixelHit 1354, 723, 24.5542, 0
PixelHit 1354, 724, 2.48511, 0
PixelHit 1354, 734, 7.77073, 0
PixelHit 1354, 735, 308.963, 0
PixelHit 1354, 736, 681.674, 0
PixelHit 1354, 737, 48.6036, 0
PixelHit 1354, 1252, 74.5306, 0
PixelHit 1354, 1253, 13.0718, 0
PixelHit 1355, 721, 27.2268, 0
PixelHit 1355, 722, 99.5928, 0
PixelHit 1355, 723, 49.8423, 0
PixelHit 1355, 724, 1.652, 0
PixelHit 1355, 732, 1.78959, 0
PixelHit 1355, 733, 6.7893, 0
PixelHit 1355, 734, 14.52, 0
PixelHit 1355, 735, 72.3161, 0
PixelHit 1355, 736, 74.671, 0
PixelHit 1355, 737, 4.70288, 0
PixelHit 1355, 738, 1.68117, 0
PixelHit 1355, 1252, 89.3535, 0
PixelHit 1355, 1253, 85.5995, 0
PixelHit 1356, 720, 2.45663, 0
PixelHit 1356, 721, 36.7147, 0
PixelHit 1356, 722, 100.567, 0
PixelHit 1356, 723, 49.6111, 0
PixelHit 1356, 724, 3.56429, 0
PixelHit 1356, 731, 3.50395, 0
PixelHit 1356, 732, 28.2349, 0
PixelHit 1356, 733, 22.0691, 0
PixelHit 1356, 734, 3.95119, 0
PixelHit 1356, 735, 1.44485, 0
PixelHit 1356, 1252, 4.71876, 0
PixelHit 1356, 1253, 12.0512, 0
PixelHit 1356, 1254, 1.57105, 0
PixelHit 1357, 720, 2.59632, 0
PixelHit 1357, 721, 21.6808, 0
PixelHit 1357, 722, 65.6134, 0
PixelHit 1357, 723, 31.3145, 0
PixelHit 1357, 729, 1.29922, 0
PixelHit 1357, 730, 5.8901, 0
PixelHit 1357, 731, 31.5837, 0
PixelHit 1357, 732, 64.4496, 0
PixelHit 1357, 733, 23.9014, 0
PixelHit 1357, 734, 1.70111, 0
PixelHit 1358, 721, 16.0333, 0
PixelHit 1358, 722, 59.5224, 0
PixelHit 1358, 723, 15.6853, 0
PixelHit 1358, 725, 0.784969, 0
PixelHit 1358, 728, 2.32961, 0
PixelHit 1358, 729, 14.8238, 0
PixelHit 1358, 730, 32.161, 0
PixelHit 1358, 731, 41.9294, 0
PixelHit 1358, 732, 17.8677, 0
PixelHit 1358, 733, 2.62068, 0
PixelHit 1359, 720, 1.70348, 0
PixelHit 1359, 721, 20.1458, 0
PixelHit 1359, 722, 26.7616, 0
PixelHit 1359, 723, 16.0385, 0
PixelHit 1359, 727, 2.78247, 0
PixelHit 1359, 728, 20.4668, 0
PixelHit 1359, 729, 81.7925, 0
PixelHit 1359, 730, 59.9501, 0
PixelHit 1359, 731, 11.4331, 0
PixelHit 1359, 732, 3.24798, 0
PixelHit 1360, 720, 2.4586, 0
PixelHit 1360, 721, 42.4893, 0
PixelHit 1360, 722, 88.3322, 0
PixelHit 1360, 723, 24.2996, 0
PixelHit 1360, 725, 0.300154, 0
PixelHit 1360, 726, 5.73961, 0
PixelHit 1360, 727, 17.6413, 0
PixelHit 1360, 728, 40.9169, 0
PixelHit 1360, 729, 42.4386, 0
PixelHit 1360, 730, 20.757, 0
PixelHit 1360, 731, 2.55658, 0
PixelHit 1361, 720, 11.4495, 0
PixelHit 1361, 721, 112.716, 0
PixelHit 1361, 722, 152.03, 0
PixelHit 1361, 723, 51.2222, 0
PixelHit 1361, 724, 7.37864, 0
PixelHit 1361, 725, 15.4002, 0
PixelHit 1361, 726, 25.4795, 0
PixelHit 1361, 727, 30.1475, 0
PixelHit 1361, 728, 29.9299, 0
PixelHit 1361, 729, 9.10604, 0
PixelHit 1362, 720, 14.7951, 0
PixelHit 1362, 721, 92.3745, 0
PixelHit 1362, 722, 156.855, 0
PixelHit 1362, 723, 43.1577, 0
PixelHit 1362, 724, 15.4111, 0
PixelHit 1362, 725, 38.4425, 0
PixelHit 1362, 726, 53.2774, 0
PixelHit 1362, 727, 27.6976, 0
PixelHit 1362, 728, 4.78905, 0
PixelHit 1363, 720, 5.82893, 0
PixelHit 1363, 721, 53.587, 0
PixelHit 1363, 722, 67.0382, 0
PixelHit 1363, 723, 22.564, 0
PixelHit 1363, 724, 19.8231, 0
PixelHit 1363, 725, 28.971, 0
PixelHit 1363, 726, 29.0082, 0
PixelHit 1363, 727, 9.8656, 0
PixelHit 1364, 720, 1.32675, 0
PixelHit 1364, 721, 14.8067, 0
PixelHit 1364, 722, 24.4707, 0
PixelHit 1364, 723, 20.0865, 0
PixelHit 1364, 724, 17.5804, 0
PixelHit 1364, 725, 8.32508, 0
PixelHit 1364, 726, 3.00945, 0
PixelHit 1365, 720, 8.1691, 0
PixelHit 1365, 721, 10.7259, 0
PixelHit 1365, 722, 15.3086, 0
PixelHit 1365, 723, 12.4478, 0
PixelHit 1365, 725, 1.13604, 0
PixelHit 1366, 718, 6.2947, 0
PixelHit 1366, 719, 15.5122, 0
PixelHit 1366, 720, 18.5022, 0
PixelHit 1366, 721, 29.5266, 0
PixelHit 1366, 722, 11.1563, 0
PixelHit 1366, 724, 0.627746, 0
PixelHit 1367, 716, 1.54881, 0
PixelHit 1367, 717, 5.79861, 0
PixelHit 1367, 718, 8.79732, 0
PixelHit 1367, 719, 18.6915, 0
PixelHit 1367, 720, 16.5976, 0
PixelHit 1367, 721, 16.9876, 0
PixelHit 1367, 722, 8.64527, 0
PixelHit 1368, 716, 7.57688, 0
PixelHit 1368, 717, 19.3492, 0
PixelHit 1368, 718, 26.1807, 0
PixelHit 1368, 719, 26.319, 0
PixelHit 1368, 720, 16.8224, 0
PixelHit 1368, 721, 6.68461, 0
PixelHit 1368, 722, 1.85108, 0
PixelHit 1369, 715, 5.26083, 0
PixelHit 1369, 716, 17.9103, 0
PixelHit 1369, 717, 34.116, 0
PixelHit 1369, 718, 31.7336, 0
PixelHit 1369, 719, 19.1231, 0
PixelHit 1370, 714, 6.4639, 0
PixelHit 1370, 715, 12.1709, 0
PixelHit 1370, 716, 22.6368, 0
PixelHit 1370, 717, 36.5045, 0
PixelHit 1370, 718, 20.4357, 0
PixelHit 1370, 719, 3.85625, 0
PixelHit 1371, 713, 3.51881, 0
PixelHit 1371, 714, 9.5537, 0
PixelHit 1371, 715, 13.8172, 0
PixelHit 1371, 716, 14.6263, 0
PixelHit 1371, 717, 12.7712, 0
PixelHit 1371, 718, 6.91229, 0
PixelHit 1371, 719, 1.39271, 0
PixelHit 1372, 710, 1.29659, 0
PixelHit 1372, 711, 1.02335, 0
PixelHit 1372, 712, 9.85717, 0
PixelHit 1372, 713, 8.96408, 0
PixelHit 1372, 714, 15.3557, 0
PixelHit 1372, 715, 12.3276, 0
PixelHit 1372, 716, 9.88459, 0
PixelHit 1372, 717, 0.367133, 0
PixelHit 1373, 709, 4.35852, 0
PixelHit 1373, 710, 11.8042, 0
PixelHit 1373, 711, 15.9985, 0
PixelHit 1373, 712, 18.3531, 0
PixelHit 1373, 713, 11.4345, 0
PixelHit 1373, 714, 11.8136, 0
PixelHit 1373, 715, 5.29748, 0
PixelHit 1373, 716, 3.85001, 0
PixelHit 1374, 709, 10.4112, 0
PixelHit 1374, 710, 33.3199, 0
PixelHit 1374, 711, 46.3097, 0
PixelHit 1374, 712, 39.8662, 0
PixelHit 1374, 713, 17.551, 0
PixelHit 1374, 714, 3.77547, 0
PixelHit 1375, 708, 1.6816, 0
PixelHit 1375, 709, 19.1255, 0
PixelHit 1375, 710, 33.8259, 0
PixelHit 1375, 711, 51.1319, 0
PixelHit 1375, 712, 38.6975, 0
PixelHit 1375, 713, 11.4812, 0
PixelHit 1375, 714, 2.09638, 0
PixelHit 1376, 707, 5.59782, 0
PixelHit 1376, 708, 11.2233, 0
PixelHit 1376, 709, 17.313, 0
PixelHit 1376, 710, 30.4838, 0
PixelHit 1376, 711, 40.5438, 0
PixelHit 1376, 712, 20.9838, 0
PixelHit 1376, 713, 3.71739, 0
PixelHit 1377, 705, 3.55025, 0
PixelHit 1377, 706, 2.82793, 0
PixelHit 1377, 707, 9.18227, 0
PixelHit 1377, 708, 8.92588, 0
PixelHit 1377, 709, 11.3461, 0
PixelHit 1377, 710, 11.0614, 0
PixelHit 1377, 711, 6.06954, 0
PixelHit 1377, 712, 3.62814, 0
PixelHit 1377, 713, 2.35363, 0
PixelHit 1378, 703, 2.63033, 0
PixelHit 1378, 704, 1.64738, 0
PixelHit 1378, 705, 3.98565, 0
PixelHit 1378, 706, 5.22378, 0
PixelHit 1378, 707, 15.4642, 0
PixelHit 1378, 708, 15.8419, 0
PixelHit 1378, 709, 10.0662, 0
PixelHit 1378, 713, 1.77021, 0
PixelHit 1379, 700, 1.5576, 0
PixelHit 1379, 701, 0.667587, 0
PixelHit 1379, 703, 2.39456, 0
PixelHit 1379, 704, 8.56393, 0
PixelHit 1379, 705, 22.0917, 0
PixelHit 1379, 706, 22.562, 0
PixelHit 1379, 707, 13.0524, 0
PixelHit 1379, 708, 6.0065, 0
PixelHit 1379, 709, 3.0283, 0
PixelHit 1379, 710, 0.664491, 0
PixelHit 1380, 701, 4.06444, 0
PixelHit 1380, 702, 5.81566, 0
PixelHit 1380, 703, 8.69764, 0
PixelHit 1380, 704, 21.9793, 0
PixelHit 1380, 705, 16.4695, 0
PixelHit 1380, 706, 11.6563, 0
PixelHit 1380, 707, 12.2854, 0
PixelHit 1380, 708, 5.43284, 0
PixelHit 1380, 709, 1.60011, 0
PixelHit 1381, 700, 8.21627, 0
PixelHit 1381, 701, 9.92529, 0
PixelHit 1381, 702, 25.5352, 0
PixelHit 1381, 703, 29.4014, 0
PixelHit 1381, 704, 17.3082, 0
PixelHit 1381, 705, 4.4291, 0
PixelHit 1381, 706, 13.7175, 0
PixelHit 1381, 707, 4.68635, 0
PixelHit 1382, 698, 2.42277, 0
PixelHit 1382, 699, 3.35758, 0
PixelHit 1382, 700, 17.7394, 0
PixelHit 1382, 701, 56.7959, 0
PixelHit 1382, 702, 57.9423, 0
PixelHit 1382, 703, 40.053, 0
PixelHit 1382, 704, 16.961, 0
PixelHit 1382, 705, 8.39807, 0
PixelHit 1382, 706, 2.28732, 0
PixelHit 1382, 707, 1.45093, 0
PixelHit 1383, 696, 2.19988, 0
PixelHit 1383, 698, 4.25309, 0
PixelHit 1383, 699, 7.03496, 0
PixelHit 1383, 700, 28.7682, 0
PixelHit 1383, 701, 64.4374, 0
PixelHit 1383, 702, 63.9225, 0
PixelHit 1383, 703, 39.4518, 0
PixelHit 1383, 704, 13.6417, 0
PixelHit 1383, 705, 3.64763, 0
PixelHit 1384, 697, 2.82458, 0
PixelHit 1384, 698, 2.09704, 0
PixelHit 1384, 699, 14.7086, 0
PixelHit 1384, 700, 28.7844, 0
PixelHit 1384, 701, 45.7591, 0
PixelHit 1384, 702, 49.6504, 0
PixelHit 1384, 703, 35.5044, 0
PixelHit 1384, 704, 5.48269, 0
PixelHit 1384, 705, 2.48615, 0
PixelHit 1385, 697, 0.722083, 0
PixelHit 1385, 698, 6.42057, 0
PixelHit 1385, 699, 8.19579, 0
PixelHit 1385, 700, 14.4114, 0
PixelHit 1385, 701, 18.8989, 0
PixelHit 1385, 702, 15.7825, 0
PixelHit 1385, 703, 11.2788, 0
PixelHit 1385, 704, 4.75113, 0
PixelHit 1386, 696, 4.36677, 0
PixelHit 1386, 697, 9.47839, 0
PixelHit 1386, 698, 12.802, 0
PixelHit 1386, 699, 4.38947, 0
PixelHit 1386, 700, 5.65736, 0
PixelHit 1386, 701, 9.99814, 0
PixelHit 1386, 702, 3.07453, 0
PixelHit 1386, 703, 2.75479, 0
PixelHit 1386, 705, 0.428681, 0
PixelHit 1387, 693, 2.69678, 0
PixelHit 1387, 695, 1.63837, 0
PixelHit 1387, 696, 6.67789, 0
PixelHit 1387, 697, 3.04952, 0
PixelHit 1387, 698, 2.18599, 0
PixelHit 1387, 699, 4.41684, 0
PixelHit 1387, 700, 5.3611, 0
PixelHit 1387, 701, 1.05441, 0
PixelHit 1388, 696, 3.04517, 0
PixelHit 1388, 697, 5.30175, 0
PixelHit 1388, 698, 4.7615, 0
PixelHit 1389, 695, 2.13372, 0
PixelHit 1389, 696, 1.665, 0
PixelHit 1389, 698, 2.41535, 0
PixelHit 1389, 699, 3.36371, 0
PixelHit 1533, 1487, 4.15611, 0
PixelHit 1534, 1486, 3.52966, 0
PixelHit 1534, 1487, 79.038, 0
PixelHit 1534, 1488, 2.26475, 0
PixelHit 1534, 1489, 2.56366, 0
PixelHit 1535, 1486, 34.7588, 0
PixelHit 1535, 1487, 130.127, 0
PixelHit 1535, 1488, 15.605, 0
PixelHit 1535, 1489, 2.08193, 0
PixelHit 1536, 1486, 20.3004, 0
PixelHit 1536, 1487, 178.637, 0
PixelHit 1536, 1488, 138.474, 0
PixelHit 1536, 1489, 33.1052, 0
PixelHit 1536, 1490, 3.24604, 0
PixelHit 1537, 1463, 2.3318, 0
PixelHit 1537, 1486, 36.9649, 0
PixelHit 1537, 1487, 219.962, 0
PixelHit 1537, 1488, 409.514, 0
PixelHit 1537, 1489, 163.957, 0
PixelHit 1537, 1490, 16.7204, 0
PixelHit 1537, 1491, 5.51132, 0
PixelHit 1538, 1460, 2.57354, 0
PixelHit 1538, 1461, 0.187605, 0
PixelHit 1538, 1469, 0.435311, 0
PixelHit 1538, 1486, 17.8313, 0
PixelHit 1538, 1487, 164.555, 0
PixelHit 1538, 1488, 363.686, 0
PixelHit 1538, 1489, 202.406, 0
PixelHit 1538, 1490, 35.4771, 0
PixelHit 1538, 1491, 6.98483, 0
PixelHit 1539, 1452, 1.65585, 0
PixelHit 1539, 1456, 5.52258, 0
PixelHit 1539, 1457, 6.92825, 0
PixelHit 1539, 1458, 10.2048, 0
PixelHit 1539, 1459, 10.9053, 0
PixelHit 1539, 1460, 8.89123, 0
PixelHit 1539, 1461, 8.02278, 0
PixelHit 1539, 1463, 1.68334, 0
PixelHit 1539, 1464, 8.38053, 0
PixelHit 1539, 1465, 5.39047, 0
PixelHit 1539, 1467, 9.07777, 0
PixelHit 1539, 1468, 7.97117, 0
PixelHit 1539, 1469, 7.31777, 0
PixelHit 1539, 1470, 4.84629, 0
PixelHit 1539, 1471, 2.9731, 0
PixelHit 1539, 1472, 3.5513, 0
PixelHit 1539, 1473, 3.03271, 0
PixelHit 1539, 1474, 2.94155, 0
PixelHit 1539, 1475, 3.4909, 0
PixelHit 1539, 1476, 1.42661, 0
PixelHit 1539, 1477, 0.311309, 0
PixelHit 1539, 1486, 4.6802, 0
PixelHit 1539, 1487, 47.4949, 0
PixelHit 1539, 1488, 151.106, 0
PixelHit 1539, 1489, 105.611, 0
PixelHit 1539, 1490, 51.2594, 0
PixelHit 1539, 1491, 15.4265, 0
PixelHit 1539, 1493, 2.13958, 0
PixelHit 1540, 1449, 1.89382, 0
PixelHit 1540, 1451, 3.0507, 0
PixelHit 1540, 1452, 2.8024, 0
PixelHit 1540, 1453, 9.19959, 0
PixelHit 1540, 1454, 3.9117, 0
PixelHit 1540, 1455, 7.61467, 0
PixelHit 1540, 1456, 36.6668, 0
PixelHit 1540, 1457, 46.0641, 0
PixelHit 1540, 1458, 37.0111, 0
PixelHit 1540, 1459, 50.5668, 0
PixelHit 1540, 1460, 48.6086, 0
PixelHit 1540, 1461, 34.2081, 0
PixelHit 1540, 1462, 19.0878, 0
PixelHit 1540, 1463, 15.3102, 0
PixelHit 1540, 1464, 21.1627, 0
PixelHit 1540, 1465, 22.4476, 0
PixelHit 1540, 1466, 12.9577, 0
PixelHit 1540, 1467, 14.5311, 0
PixelHit 1540, 1468, 15.9519, 0
PixelHit 1540, 1469, 24.1671, 0
PixelHit 1540, 1470, 16.6676, 0
PixelHit 1540, 1471, 12.987, 0
PixelHit 1540, 1472, 20.4796, 0
PixelHit 1540, 1473, 25.427, 0
PixelHit 1540, 1474, 14.7787, 0
PixelHit 1540, 1475, 23.1238, 0
PixelHit 1540, 1476, 9.57391, 0
PixelHit 1540, 1477, 9.61646, 0
PixelHit 1540, 1478, 8.04247, 0
PixelHit 1540, 1479, 1.80973, 0
PixelHit 1540, 1486, 1.70473, 0
PixelHit 1540, 1487, 6.94304, 0
PixelHit 1540, 1488, 28.2955, 0
PixelHit 1540, 1489, 74.9783, 0
PixelHit 1540, 1490, 63.6118, 0
PixelHit 1540, 1491, 15.1793, 0
PixelHit 1540, 1492, 0.72228, 0
PixelHit 1541, 1448, 2.8723, 0
PixelHit 1541, 1449, 6.37625, 0
PixelHit 1541, 1450, 10.0533, 0
PixelHit 1541, 1451, 11.2575, 0
PixelHit 1541, 1452, 21.5633, 0
PixelHit 1541, 1453, 21.7628, 0
PixelHit 1541, 1454, 11.2877, 0
PixelHit 1541, 1455, 14.9888, 0
PixelHit 1541, 1456, 39.5963, 0
PixelHit 1541, 1457, 76.9343, 0
PixelHit 1541, 1458, 59.0144, 0
PixelHit 1541, 1459, 60.8607, 0
PixelHit 1541, 1460, 69.6818, 0
PixelHit 1541, 1461, 60.3704, 0
PixelHit 1541, 1462, 13.2828, 0
PixelHit 1541, 1463, 28.7455, 0
PixelHit 1541, 1464, 25.2977, 0
PixelHit 1541, 1465, 21.561, 0
PixelHit 1541, 1466, 14.9961, 0
PixelHit 1541, 1467, 21.6677, 0
PixelHit 1541, 1468, 29.244, 0
PixelHit 1541, 1469, 35.5485, 0
PixelHit 1541, 1470, 37.3759, 0
PixelHit 1541, 1471, 27.7955, 0
PixelHit 1541, 1472, 31.2073, 0
PixelHit 1541, 1473, 39.8572, 0
PixelHit 1541, 1474, 31.5489, 0
PixelHit 1541, 1475, 32.5762, 0
PixelHit 1541, 1476, 26.7811, 0
PixelHit 1541, 1477, 28.0452, 0
PixelHit 1541, 1478, 23.8017, 0
PixelHit 1541, 1479, 6.36938, 0
PixelHit 1541, 1480, 5.03952, 0
PixelHit 1541, 1486, 0.894971, 0
PixelHit 1541, 1488, 26.3144, 0
PixelHit 1541, 1489, 62.9278, 0
PixelHit 1541, 1490, 55.7319, 0
PixelHit 1541, 1491, 23.0869, 0
PixelHit 1541, 1492, 4.75828, 0
PixelHit 1542, 1447, 3.86844, 0
PixelHit 1542, 1448, 10.6083, 0
PixelHit 1542, 1449, 24.4293, 0
PixelHit 1542, 1450, 36.3262, 0
PixelHit 1542, 1451, 44.2158, 0
PixelHit 1542, 1452, 26.1067, 0
PixelHit 1542, 1453, 27.9542, 0
PixelHit 1542, 1454, 20.0467, 0
PixelHit 1542, 1455, 17.4126, 0
PixelHit 1542, 1456, 29.4637, 0
PixelHit 1542, 1457, 45.229, 0
PixelHit 1542, 1458, 48.0994, 0
PixelHit 1542, 1459, 28.3402, 0
PixelHit 1542, 1460, 25.6368, 0
PixelHit 1542, 1461, 33.8896, 0
PixelHit 1542, 1462, 18.1145, 0
PixelHit 1542, 1463, 9.60728, 0
PixelHit 1542, 1464, 17.07, 0
PixelHit 1542, 1465, 16.9572, 0
PixelHit 1542, 1466, 16.266, 0
PixelHit 1542, 1467, 16.4644, 0
PixelHit 1542, 1468, 22.746, 0
PixelHit 1542, 1469, 38.7803, 0
PixelHit 1542, 1470, 31.01, 0
PixelHit 1542, 1471, 32.6549, 0
PixelHit 1542, 1472, 35.9842, 0
PixelHit 1542, 1473, 30.2701, 0
PixelHit 1542, 1474, 33.1539, 0
PixelHit 1542, 1475, 30.1821, 0
PixelHit 1542, 1476, 47.0501, 0
PixelHit 1542, 1477, 63.4632, 0
PixelHit 1542, 1478, 44.1878, 0
PixelHit 1542, 1479, 21.8208, 0
PixelHit 1542, 1480, 6.68607, 0
PixelHit 1542, 1481, 4.31121, 0
PixelHit 1542, 1487, 3.11407, 0
PixelHit 1542, 1488, 10.9696, 0
PixelHit 1542, 1489, 35.1738, 0
PixelHit 1542, 1490, 40.0084, 0
PixelHit 1542, 1491, 6.2458, 0
PixelHit 1542, 1492, 5.30122, 0
PixelHit 1543, 1446, 7.77716, 0
PixelHit 1543, 1447, 9.44107, 0
PixelHit 1543, 1448, 28.6643, 0
PixelHit 1543, 1449, 39.798, 0
PixelHit 1543, 1450, 46.4681, 0
PixelHit 1543, 1451, 23.312, 0
PixelHit 1543, 1452, 14.4759, 0
PixelHit 1543, 1453, 14.6324, 0
PixelHit 1543, 1454, 4.79674, 0
PixelHit 1543, 1455, 5.497, 0
PixelHit 1543, 1456, 8.55594, 0
PixelHit 1543, 1457, 10.9869, 0
PixelHit 1543, 1458, 6.69567, 0
PixelHit 1543, 1459, 6.34078, 0
PixelHit 1543, 1460, 7.68803, 0
PixelHit 1543, 1461, 5.47475, 0
PixelHit 1543, 1462, 4.21078, 0
PixelHit 1543, 1463, 7.08283, 0
PixelHit 1543, 1464, 3.12332, 0
PixelHit 1543, 1465, 4.65866, 0
PixelHit 1543, 1466, 5.96891, 0
PixelHit 1543, 1467, 6.32267, 0
PixelHit 1543, 1468, 13.6157, 0
PixelHit 1543, 1469, 19.0377, 0
PixelHit 1543, 1470, 16.3399, 0
PixelHit 1543, 1471, 9.75001, 0
PixelHit 1543, 1472, 9.21235, 0
PixelHit 1543, 1473, 6.53701, 0
PixelHit 1543, 1474, 15.7816, 0
PixelHit 1543, 1475, 19.0323, 0
PixelHit 1543, 1476, 45.6049, 0
PixelHit 1543, 1477, 63.3942, 0
PixelHit 1543, 1478, 60.3203, 0
PixelHit 1543, 1479, 28.647, 0
PixelHit 1543, 1480, 20.0259, 0
PixelHit 1543, 1481, 11.5155, 0
PixelHit 1543, 1482, 2.23589, 0
PixelHit 1543, 1484, 1.75137, 0
PixelHit 1543, 1488, 18.8285, 0
PixelHit 1543, 1489, 19.3636, 0
PixelHit 1543, 1490, 23.1417, 0
PixelHit 1543, 1491, 5.09768, 0
PixelHit 1544, 1442, 4.26403, 0
PixelHit 1544, 1443, 2.96206, 0
PixelHit 1544, 1444, 7.54412, 0
PixelHit 1544, 1445, 16.5791, 0
PixelHit 1544, 1446, 28.4718, 0
PixelHit 1544, 1447, 26.2777, 0
PixelHit 1544, 1448, 14.258, 0
PixelHit 1544, 1449, 26.1081, 0
PixelHit 1544, 1450, 18.5408, 0
PixelHit 1544, 1451, 4.63367, 0
PixelHit 1544, 1452, 1.7084, 0
PixelHit 1544, 1454, 2.84339, 0
PixelHit 1544, 1458, 1.89593, 0
PixelHit 1544, 1468, 4.61538, 0
PixelHit 1544, 1469, 2.36816, 0
PixelHit 1544, 1470, 5.29108, 0
PixelHit 1544, 1471, 1.90934, 0
PixelHit 1544, 1472, 2.80748, 0
PixelHit 1544, 1473, 3.24865, 0
PixelHit 1544, 1475, 6.93177, 0
PixelHit 1544, 1476, 26.0483, 0
PixelHit 1544, 1477, 36.495, 0
PixelHit 1544, 1478, 46.3165, 0
PixelHit 1544, 1479, 41.1686, 0
PixelHit 1544, 1480, 27.1238, 0
PixelHit 1544, 1481, 10.9689, 0
PixelHit 1544, 1482, 13.7738, 0
PixelHit 1544, 1483, 7.0053, 0
PixelHit 1544, 1484, 6.4959, 0
PixelHit 1544, 1486, 3.6409, 0
PixelHit 1544, 1487, 3.12959, 0
PixelHit 1544, 1488, 18.8739, 0
PixelHit 1544, 1489, 14.9694, 0
PixelHit 1544, 1490, 16.0892, 0
PixelHit 1544, 1491, 2.35866, 0
PixelHit 1544, 1492, 2.10633, 0
PixelHit 1545, 1441, 7.31833, 0
PixelHit 1545, 1442, 11.9097, 0
PixelHit 1545, 1443, 31.2115, 0
PixelHit 1545, 1444, 47.0013, 0
PixelHit 1545, 1445, 43.9572, 0
PixelHit 1545, 1446, 24.8255, 0
PixelHit 1545, 1447, 26.543, 0
PixelHit 1545, 1448, 10.6041, 0
PixelHit 1545, 1449, 6.49063, 0
PixelHit 1545, 1450, 2.75017, 0
PixelHit 1545, 1451, 3.35119, 0
PixelHit 1545, 1453, 1.56033, 0
PixelHit 1545, 1469, 1.86585, 0
PixelHit 1545, 1475, 3.99884, 0
PixelHit 1545, 1476, 1.16305, 0
PixelHit 1545, 1477, 6.465, 0
PixelHit 1545, 1478, 26.4134, 0
PixelHit 1545, 1479, 19.3069, 0
PixelHit 1545, 1480, 29.8319, 0
PixelHit 1545, 1481, 18.1621, 0
PixelHit 1545, 1482, 29.8456, 0
PixelHit 1545, 1483, 20.9149, 0
PixelHit 1545, 1484, 8.56126, 0
PixelHit 1545, 1485, 7.80546, 0
PixelHit 1545, 1486, 10.8348, 0
PixelHit 1545, 1487, 26.8517, 0
PixelHit 1545, 1488, 35.6033, 0
PixelHit 1545, 1489, 34.5776, 0
PixelHit 1545, 1490, 16.5994, 0
PixelHit 1545, 1491, 3.59915, 0
PixelHit 1546, 1440, 4.17276, 0
PixelHit 1546, 1441, 13.3616, 0
PixelHit 1546, 1442, 54.9127, 0
PixelHit 1546, 1443, 79.5584, 0
PixelHit 1546, 1444, 85.4966, 0
PixelHit 1546, 1445, 58.0491, 0
PixelHit 1546, 1446, 26.4976, 0
PixelHit 1546, 1447, 6.20162, 0
PixelHit 1546, 1476, 2.71748, 0
PixelHit 1546, 1477, 3.8735, 0
PixelHit 1546, 1478, 4.17548, 0
PixelHit 1546, 1479, 10.9343, 0
PixelHit 1546, 1480, 19.7597, 0
PixelHit 1546, 1481, 28.5859, 0
PixelHit 1546, 1482, 21.1215, 0
PixelHit 1546, 1483, 16.0175, 0
PixelHit 1546, 1484, 24.3224, 0
PixelHit 1546, 1485, 13.8416, 0
PixelHit 1546, 1486, 20.9498, 0
PixelHit 1546, 1487, 35.4269, 0
PixelHit 1546, 1488, 68.9944, 0
PixelHit 1546, 1489, 55.9675, 0
PixelHit 1546, 1490, 28.1158, 0
PixelHit 1546, 1491, 9.04192, 0
PixelHit 1547, 1438, 1.22891, 0
PixelHit 1547, 1439, 4.15427, 0
PixelHit 1547, 1440, 27.6634, 0
PixelHit 1547, 1441, 53.9492, 0
PixelHit 1547, 1442, 101.323, 0
PixelHit 1547, 1443, 111.877, 0
PixelHit 1547, 1444, 82.0232, 0
PixelHit 1547, 1445, 29.5942, 0
PixelHit 1547, 1446, 9.21605, 0
PixelHit 1547, 1447, 5.29851, 0
PixelHit 1547, 1479, 3.30011, 0
PixelHit 1547, 1480, 6.15605, 0
PixelHit 1547, 1481, 16.2243, 0
PixelHit 1547, 1482, 10.2177, 0
PixelHit 1547, 1483, 20.024, 0
PixelHit 1547, 1484, 16.0917, 0
PixelHit 1547, 1485, 6.44079, 0
PixelHit 1547, 1486, 22.9331, 0
PixelHit 1547, 1487, 30.1044, 0
PixelHit 1547, 1488, 67.1566, 0
PixelHit 1547, 1489, 37.9947, 0
PixelHit 1547, 1490, 15.8485, 0
PixelHit 1547, 1491, 3.94694, 0
PixelHit 1548, 1431, 2.1328, 0
PixelHit 1548, 1432, 0.891944, 0
PixelHit 1548, 1433, 4.28995, 0
PixelHit 1548, 1435, 2.34964, 0
PixelHit 1548, 1436, 7.86985, 0
PixelHit 1548, 1437, 10.3504, 0
PixelHit 1548, 1438, 8.88678, 0
PixelHit 1548, 1439, 18.8818, 0
PixelHit 1548, 1440, 35.3823, 0
PixelHit 1548, 1441, 52.3417, 0
PixelHit 1548, 1442, 71.9261, 0
PixelHit 1548, 1443, 64.0919, 0
PixelHit 1548, 1444, 26.5634, 0
PixelHit 1548, 1445, 21.664, 0
PixelHit 1548, 1447, 3.10736, 0
PixelHit 1548, 1480, 1.8881, 0
PixelHit 1548, 1482, 6.92741, 0
PixelHit 1548, 1483, 11.5114, 0
PixelHit 1548, 1484, 7.98107, 0
PixelHit 1548, 1485, 4.90324, 0
PixelHit 1548, 1486, 9.92854, 0
PixelHit 1548, 1487, 11.3329, 0
PixelHit 1548, 1488, 19.3154, 0
PixelHit 1548, 1489, 18.826, 0
PixelHit 1548, 1490, 6.35126, 0
PixelHit 1549, 1431, 4.34468, 0
PixelHit 1549, 1432, 3.14396, 0
PixelHit 1549, 1433, 9.53372, 0
PixelHit 1549, 1434, 11.8312, 0
PixelHit 1549, 1435, 23.7682, 0
PixelHit 1549, 1436, 17.0391, 0
PixelHit 1549, 1437, 24.5727, 0
PixelHit 1549, 1438, 25.2051, 0
PixelHit 1549, 1439, 36.8051, 0
PixelHit 1549, 1440, 27.0368, 0
PixelHit 1549, 1441, 36.1699, 0
PixelHit 1549, 1442, 25.6996, 0
PixelHit 1549, 1443, 16.7088, 0
PixelHit 1549, 1444, 12.8332, 0
PixelHit 1549, 1446, 1.93041, 0
PixelHit 1549, 1482, 1.92959, 0
PixelHit 1549, 1483, 3.06883, 0
PixelHit 1549, 1484, 2.80689, 0
PixelHit 1549, 1485, 1.96994, 0
PixelHit 1549, 1486, 3.70698, 0
PixelHit 1549, 1487, 5.26851, 0
PixelHit 1549, 1488, 3.88808, 0
PixelHit 1549, 1489, 6.10934, 0
PixelHit 1549, 1490, 4.7352, 0
PixelHit 1549, 1492, 1.01727, 0
PixelHit 1550, 1428, 1.32996, 0
PixelHit 1550, 1429, 7.77197, 0
PixelHit 1550, 1430, 14.6779, 0
PixelHit 1550, 1431, 30.0552, 0
PixelHit 1550, 1432, 50.0961, 0
PixelHit 1550, 1433, 64.1946, 0
PixelHit 1550, 1434, 83.2142, 0
PixelHit 1550, 1435, 64.128, 0
PixelHit 1550, 1436, 58.5414, 0
PixelHit 1550, 1437, 50.4297, 0
PixelHit 1550, 1438, 43.8438, 0
PixelHit 1550, 1439, 29.0782, 0
PixelHit 1550, 1440, 22.3328, 0
PixelHit 1550, 1441, 25.2563, 0
PixelHit 1550, 1442, 8.52285, 0
PixelHit 1550, 1443, 2.64916, 0
PixelHit 1550, 1444, 1.47141, 0
PixelHit 1550, 1486, 2.46871, 0
PixelHit 1550, 1487, 1.38386, 0
PixelHit 1550, 1488, 3.85684, 0
PixelHit 1550, 1489, 1.10816, 0
PixelHit 1551, 1426, 1.41115, 0
PixelHit 1551, 1428, 10.1531, 0
PixelHit 1551, 1429, 17.5713, 0
PixelHit 1551, 1430, 64.8983, 0
PixelHit 1551, 1431, 119.656, 0
PixelHit 1551, 1432, 123.535, 0
PixelHit 1551, 1433, 137.123, 0
PixelHit 1551, 1434, 154.968, 0
PixelHit 1551, 1435, 134.312, 0
PixelHit 1551, 1436, 61.3519, 0
PixelHit 1551, 1437, 39.1985, 0
PixelHit 1551, 1438, 33.0891, 0
PixelHit 1551, 1439, 18.8131, 0
PixelHit 1551, 1440, 8.22376, 0
PixelHit 1551, 1441, 6.23665, 0
PixelHit 1552, 1423, 0.660096, 0
PixelHit 1552, 1425, 2.28614, 0
PixelHit 1552, 1426, 7.40156, 0
PixelHit 1552, 1427, 16.3954, 0
PixelHit 1552, 1428, 26.3567, 0
PixelHit 1552, 1429, 93.1734, 0
PixelHit 1552, 1430, 151.362, 0
PixelHit 1552, 1431, 258.827, 0
PixelHit 1552, 1432, 254.861, 0
PixelHit 1552, 1433, 185.604, 0
PixelHit 1552, 1434, 146.69, 0
PixelHit 1552, 1435, 102.773, 0
PixelHit 1552, 1436, 55.5669, 0
PixelHit 1552, 1437, 13.5982, 0
PixelHit 1552, 1438, 12.6784, 0
PixelHit 1552, 1439, 2.89024, 0
PixelHit 1552, 1440, 1.56097, 0
PixelHit 1553, 1423, 4.39727, 0
PixelHit 1553, 1424, 2.79682, 0
PixelHit 1553, 1425, 12.1721, 0
PixelHit 1553, 1426, 22.9645, 0
PixelHit 1553, 1427, 29.9957, 0
PixelHit 1553, 1428, 79.5147, 0
PixelHit 1553, 1429, 143.702, 0
PixelHit 1553, 1430, 204.008, 0
PixelHit 1553, 1431, 232.287, 0
PixelHit 1553, 1432, 222.679, 0
PixelHit 1553, 1433, 148.035, 0
PixelHit 1553, 1434, 68.3095, 0
PixelHit 1553, 1435, 45.6563, 0
PixelHit 1553, 1436, 15.415, 0
PixelHit 1553, 1437, 10.8554, 0
PixelHit 1554, 1421, 1.88009, 0
PixelHit 1554, 1422, 6.07585, 0
PixelHit 1554, 1423, 11.7627, 0
PixelHit 1554, 1424, 18.4374, 0
PixelHit 1554, 1425, 47.266, 0
PixelHit 1554, 1426, 50.5209, 0
PixelHit 1554, 1427, 58.6368, 0
PixelHit 1554, 1428, 83.3214, 0
PixelHit 1554, 1429, 117.532, 0
PixelHit 1554, 1430, 141.294, 0
PixelHit 1554, 1431, 141.245, 0
PixelHit 1554, 1432, 90.032, 0
PixelHit 1554, 1433, 57.4532, 0
PixelHit 1554, 1434, 20.965, 0
PixelHit 1554, 1435, 3.86068, 0
PixelHit 1554, 1436, 2.98895, 0
PixelHit 1554, 1438, 1.91548, 0
PixelHit 1555, 1419, 4.59445, 0
PixelHit 1555, 1420, 8.66136, 0
PixelHit 1555, 1421, 13.2485, 0
PixelHit 1555, 1422, 26.6672, 0
PixelHit 1555, 1423, 34.3481, 0
PixelHit 1555, 1424, 48.3887, 0
PixelHit 1555, 1425, 66.3145, 0
PixelHit 1555, 1426, 65.6884, 0
PixelHit 1555, 1427, 52.7735, 0
PixelHit 1555, 1428, 50.7427, 0
PixelHit 1555, 1429, 43.6736, 0
PixelHit 1555, 1430, 50.0958, 0
PixelHit 1555, 1431, 37.2736, 0
PixelHit 1555, 1432, 16.3299, 0
PixelHit 1555, 1433, 16.3377, 0
PixelHit 1556, 1415, 1.45047, 0
PixelHit 1556, 1416, -0.447252, 0
PixelHit 1556, 1417, 8.9908, 0
PixelHit 1556, 1418, 8.43636, 0
PixelHit 1556, 1419, 16.2907, 0
PixelHit 1556, 1420, 20.496, 0
PixelHit 1556, 1421, 39.1186, 0
PixelHit 1556, 1422, 48.6826, 0
PixelHit 1556, 1423, 52.709, 0
PixelHit 1556, 1424, 40.1301, 0
PixelHit 1556, 1425, 28.2637, 0
PixelHit 1556, 1426, 38.5081, 0
PixelHit 1556, 1427, 39.607, 0
PixelHit 1556, 1428, 9.47265, 0
PixelHit 1556, 1429, 7.01633, 0
PixelHit 1556, 1430, 9.82947, 0
PixelHit 1556, 1431, 1.53552, 0
PixelHit 1556, 1432, 2.04128, 0
PixelHit 1556, 1433, 2.72383, 0
PixelHit 1557, 1415, 4.04137, 0
PixelHit 1557, 1416, 9.05761, 0
PixelHit 1557, 1417, 25.9592, 0
PixelHit 1557, 1418, 33.5555, 0
PixelHit 1557, 1419, 53.1711, 0
PixelHit 1557, 1420, 52.6782, 0
PixelHit 1557, 1421, 45.6393, 0
PixelHit 1557, 1422, 39.6984, 0
PixelHit 1557, 1423, 37.8176, 0
PixelHit 1557, 1424, 23.2138, 0
PixelHit 1557, 1425, 11.8908, 0
PixelHit 1557, 1426, 9.936, 0
PixelHit 1557, 1427, 6.20709, 0
PixelHit 1557, 1428, 3.07636, 0
PixelHit 1557, 1431, 0.803873, 0
PixelHit 1558, 1414, 1.55585, 0
PixelHit 1558, 1415, 23.632, 0
PixelHit 1558, 1416, 66.3567, 0
PixelHit 1558, 1417, 100.583, 0
PixelHit 1558, 1418, 111.453, 0
PixelHit 1558, 1419, 81.6418, 0
PixelHit 1558, 1420, 58.999, 0
PixelHit 1558, 1421, 24.7688, 0
PixelHit 1558, 1422, 19.8927, 0
PixelHit 1558, 1423, 9.33057, 0
PixelHit 1558, 1424, 7.47906, 0
PixelHit 1558, 1426, 1.75901, 0
PixelHit 1558, 1427, 0.89632, 0
PixelHit 1558, 1430, 1.21566, 0
PixelHit 1559, 1414, 2.33569, 0
PixelHit 1559, 1415, 31.2675, 0
PixelHit 1559, 1416, 100.278, 0
PixelHit 1559, 1417, 182.587, 0
PixelHit 1559, 1418, 159.127, 0
PixelHit 1559, 1419, 74.4798, 0
PixelHit 1559, 1420, 32.4488, 0
PixelHit 1559, 1421, 12.9322, 0
PixelHit 1559, 1422, 8.54633, 0
PixelHit 1559, 1423, 2.9105, 0
PixelHit 1560, 1413, 2.80254, 0
PixelHit 1560, 1414, 5.11473, 0
PixelHit 1560, 1415, 31.1355, 0
PixelHit 1560, 1416, 99.4168, 0
PixelHit 1560, 1417, 153.704, 0
PixelHit 1560, 1418, 103.264, 0
PixelHit 1560, 1419, 51.8056, 0
PixelHit 1560, 1420, 11.3118, 0
PixelHit 1560, 1421, 3.75503, 0
PixelHit 1561, 1413, 2.41624, 0
PixelHit 1561, 1414, 14.5896, 0
PixelHit 1561, 1415, 33.451, 0
PixelHit 1561, 1416, 69.4357, 0
PixelHit 1561, 1417, 93.7731, 0
PixelHit 1561, 1418, 54.9193, 0
PixelHit 1561, 1419, 8.33542, 0
PixelHit 1561, 1420, 4.60705, 0
PixelHit 1562, 1405, 1.13164, 0
PixelHit 1562, 1408, 3.26368, 0
PixelHit 1562, 1409, 2.64491, 0
PixelHit 1562, 1410, 4.32434, 0
PixelHit 1562, 1411, 7.35275, 0
PixelHit 1562, 1412, 13.0804, 0
PixelHit 1562, 1413, 23.9914, 0
PixelHit 1562, 1414, 37.8323, 0
PixelHit 1562, 1415, 41.4084, 0
PixelHit 1562, 1416, 33.9699, 0
PixelHit 1562, 1417, 18.4527, 0
PixelHit 1562, 1418, 8.06825, 0
PixelHit 1562, 1419, 1.8452, 0
PixelHit 1562, 1420, 2.01701, 0
PixelHit 1563, 1405, 1.05271, 0
PixelHit 1563, 1407, 8.16066, 0
PixelHit 1563, 1408, 4.52935, 0
PixelHit 1563, 1409, 12.4302, 0
PixelHit 1563, 1410, 17.1105, 0
PixelHit 1563, 1411, 55.0961, 0
PixelHit 1563, 1412, 82.1209, 0
PixelHit 1563, 1413, 59.9026, 0
PixelHit 1563, 1414, 56.2899, 0
PixelHit 1563, 1415, 36.2045, 0
PixelHit 1563, 1416, 12.8007, 0
PixelHit 1564, 1405, 6.03539, 0
PixelHit 1564, 1406, 24.5932, 0
PixelHit 1564, 1407, 45.4175, 0
PixelHit 1564, 1408, 23.1404, 0
PixelHit 1564, 1409, 41.2951, 0
PixelHit 1564, 1410, 68.2849, 0
PixelHit 1564, 1411, 153.486, 0
PixelHit 1564, 1412, 148.303, 0
PixelHit 1564, 1413, 90.1022, 0
PixelHit 1564, 1414, 38.888, 0
PixelHit 1564, 1415, 18.293, 0
PixelHit 1564, 1416, 4.73814, 0
PixelHit 1564, 1417, 3.20596, 0
PixelHit 1565, 1404, 7.85511, 0
PixelHit 1565, 1405, 110.733, 0
PixelHit 1565, 1406, 105.066, 0
PixelHit 1565, 1407, 114.771, 0
PixelHit 1565, 1408, 63.1305, 0
PixelHit 1565, 1409, 44.4563, 0
PixelHit 1565, 1410, 69.56, 0
PixelHit 1565, 1411, 121.253, 0
PixelHit 1565, 1412, 124.036, 0
PixelHit 1565, 1413, 52.9, 0
PixelHit 1565, 1414, 22.0866, 0
PixelHit 1565, 1415, 9.17646, 0
PixelHit 1565, 1416, 2.66392, 0
PixelHit 1566, 1403, 8.38152, 0
PixelHit 1566, 1404, 190.38, 0
PixelHit 1566, 1405, 398.727, 0
PixelHit 1566, 1406, 136.205, 0
PixelHit 1566, 1407, 64.1732, 0
PixelHit 1566, 1408, 36.5861, 0
PixelHit 1566, 1409, 16.2572, 0
PixelHit 1566, 1410, 20.4301, 0
PixelHit 1566, 1411, 43.221, 0
PixelHit 1566, 1412, 38.7589, 0
PixelHit 1566, 1413, 16.4695, 0
PixelHit 1566, 1414, 2.28734, 0
PixelHit 1566, 1416, 1.51968, 0
PixelHit 1567, 1403, 92.4857, 0
PixelHit 1567, 1404, 266.652, 0
PixelHit 1567, 1405, 223.208, 0
PixelHit 1567, 1406, 29.2539, 0
PixelHit 1567, 1407, 5.89638, 0
PixelHit 1567, 1408, 4.23372, 0
PixelHit 1567, 1410, 3.09516, 0
PixelHit 1567, 1411, 4.39829, 0
PixelHit 1567, 1412, 4.85293, 0
PixelHit 1568, 1402, 52.9109, 0
PixelHit 1568, 1403, 666.988, 0
PixelHit 1568, 1404, 98.4624, 0
PixelHit 1568, 1405, 5.85437, 0
PixelHit 1569, 1402, 42.515, 0
PixelHit 1569, 1403, 309.527, 0
PixelHit 1569, 1404, 10.1094, 0
=== 45 ===
=== 46 ===
=== 47 ===
=== 48 ===
=== 49 ===
=== 50 ===
=== 51 ===
=== 52 ===
=== 53 ===
=== 54 ===
=== 55 ===
=== 56 ===
=== 57 ===
=== 58 ===
=== 59 ===
=== 60 ===
=== 61 ===
=== 62 ===
=== 63 ===
=== 64 ===
=== 65 ===
=== 66 ===
=== 67 ===
=== 68 ===
=== 69 ===
=== 70 ===
=== 71 ===
=== 72 ===
=== 73 ===
=== 74 ===
=== 75 ===
=== 76 ===
=== 77 ===
=== 78 ===
=== 79 ===
=== 80 ===
=== 81 ===
=== 82 ===
=== 83 ===
=== 84 ===
=== 85 ===
=== 86 ===
=== 87 ===
=== 88 ===
=== 89 ===
=== 90 ===
=== 91 ===
=== 92 ===
=== 93 ===
=== 94 ===
=== 95 ===
=== 96 ===
=== 97 ===
=== 98 ===
=== 99 ===
=== 100 ===
# 2241 objects from 2 messages
