# Allpix Squared ASCII data - https://cern.ch/allpix-squared

=== 1 ===
=== 2 ===
=== 3 ===
=== 4 ===
=== 5 ===
=== 6 ===
=== 7 ===
=== 8 ===
=== 9 ===
=== 10 ===
=== 11 ===
=== 12 ===
=== 13 ===
=== 14 ===
=== 15 ===
=== 16 ===
=== 17 ===
=== 18 ===
=== 19 ===
=== 20 ===
=== 21 ===
=== 22 ===
=== 23 ===
=== 24 ===
=== 25 ===
=== 26 ===
=== 27 ===
--- mydetector ---
PixelHit 2049, 1345, 4.64979, 0
PixelHit 2050, 1344, 8.58065, 0
PixelHit 2050, 1345, 137.521, 0
PixelHit 2050, 1346, 31.7447, 0
PixelHit 2051, 1344, 100.94, 0
PixelHit 2051, 1345, 790.17, 0
PixelHit 2051, 1346, 20.5915, 0
PixelHit 2052, 1343, 13.1137, 0
PixelHit 2052, 1344, 27.4541, 0
PixelHit 2052, 1345, 22.2679, 0
PixelHit 2052, 1346, -0.916831, 0
PixelHit 2053, 1342, 7.64632, 0
PixelHit 2053, 1343, 40.7226, 0
PixelHit 2053, 1344, 14.9042, 0
PixelHit 2054, 1341, 21.8621, 0
PixelHit 2054, 1342, 22.9535, 0
PixelHit 2054, 1343, 8.69192, 0
PixelHit 2055, 1339, 2.95186, 0
PixelHit 2055, 1340, 19.0065, 0
PixelHit 2055, 1341, 45.7353, 0
PixelHit 2055, 1342, 21.3578, 0
PixelHit 2056, 1338, 6.56465, 0
PixelHit 2056, 1339, 38.3449, 0
PixelHit 2056, 1340, 53.1213, 0
PixelHit 2056, 1341, 38.6038, 0
PixelHit 2056, 1342, 3.33609, 0
PixelHit 2057, 1337, 5.28485, 0
PixelHit 2057, 1338, 22.298, 0
PixelHit 2057, 1339, 106.436, 0
PixelHit 2057, 1340, 94.5098, 0
PixelHit 2057, 1341, 14.4321, 0
PixelHit 2058, 1335, 1.65597, 0
PixelHit 2058, 1337, 4.12758, 0
PixelHit 2058, 1338, 13.152, 0
PixelHit 2058, 1339, 49.8689, 0
PixelHit 2058, 1340, 34.5266, 0
PixelHit 2058, 1341, 6.21847, 0
PixelHit 2059, 1335, 5.89776, 0
PixelHit 2059, 1336, 18.0619, 0
PixelHit 2059, 1337, 29.9832, 0
PixelHit 2059, 1338, 15.1863, 0
PixelHit 2059, 1339, 5.96193, 0
PixelHit 2059, 1340, 2.71355, 0
PixelHit 2060, 1335, 43.7914, 0
PixelHit 2060, 1336, 88.2505, 0
PixelHit 2060, 1337, 72.5081, 0
PixelHit 2060, 1338, 27.8289, 0
PixelHit 2060, 1339, 0.62121, 0
PixelHit 2061, 1334, 12.4782, 0
PixelHit 2061, 1335, 62.1435, 0
PixelHit 2061, 1336, 135.166, 0
PixelHit 2061, 1337, 74.9433, 0
PixelHit 2061, 1338, 13.4531, 0
PixelHit 2062, 1332, 1.37231, 0
PixelHit 2062, 1333, 11.4058, 0
PixelHit 2062, 1334, 49.1064, 0
PixelHit 2062, 1335, 81.1896, 0
PixelHit 2062, 1336, 75.439, 0
PixelHit 2062, 1337, 23.4137, 0
PixelHit 2062, 1338, 6.06321, 0
PixelHit 2063, 1331, 4.32782, 0
PixelHit 2063, 1332, 26.6889, 0
PixelHit 2063, 1333, 66.1362, 0
PixelHit 2063, 1334, 78.5725, 0
PixelHit 2063, 1335, 67.9002, 0
PixelHit 2063, 1336, 9.2415, 0
PixelHit 2063, 1337, 4.37935, 0
PixelHit 2064, 1331, 11.8337, 0
PixelHit 2064, 1332, 44.1991, 0
PixelHit 2064, 1333, 112.097, 0
PixelHit 2064, 1334, 86.8465, 0
PixelHit 2064, 1335, 36.6733, 0
PixelHit 2064, 1336, 2.94582, 0
PixelHit 2065, 1330, 3.77568, 0
PixelHit 2065, 1331, 13.8296, 0
PixelHit 2065, 1332, 51.6573, 0
PixelHit 2065, 1333, 69.2186, 0
PixelHit 2065, 1334, 52.318, 0
PixelHit 2065, 1335, 6.05817, 0
PixelHit 2065, 1336, 1.86973, 0
PixelHit 2066, 1328, 2.57627, 0
PixelHit 2066, 1329, 3.47785, 0
PixelHit 2066, 1330, 19.9661, 0
PixelHit 2066, 1331, 31.2351, 0
PixelHit 2066, 1332, 53.0134, 0
PixelHit 2066, 1333, 34.4977, 0
PixelHit 2066, 1334, 11.3073, 0
PixelHit 2066, 1335, 4.32314, 0
PixelHit 2067, 1328, 5.8845, 0
PixelHit 2067, 1329, 14.5354, 0
PixelHit 2067, 1330, 19.2473, 0
PixelHit 2067, 1331, 28.6158, 0
PixelHit 2067, 1332, 24.4655, 0
PixelHit 2067, 1333, 8.43241, 0
PixelHit 2067, 1334, 2.57568, 0
PixelHit 2068, 1327, 2.31561, 0
PixelHit 2068, 1328, 11.0746, 0
PixelHit 2068, 1329, 20.1381, 0
PixelHit 2068, 1330, 41.6277, 0
PixelHit 2068, 1331, 23.6917, 0
PixelHit 2068, 1332, 12.5834, 0
PixelHit 2068, 1333, 6.06112, 0
PixelHit 2069, 1326, 2.00446, 0
PixelHit 2069, 1327, 5.23768, 0
PixelHit 2069, 1328, 11.9664, 0
PixelHit 2069, 1329, 27.8589, 0
PixelHit 2069, 1330, 19.1558, 0
PixelHit 2069, 1331, 7.02344, 0
PixelHit 2069, 1332, 2.14671, 0
PixelHit 2070, 1325, 2.59395, 0
PixelHit 2070, 1326, 12.8112, 0
PixelHit 2070, 1327, 27.6271, 0
PixelHit 2070, 1328, 31.9975, 0
PixelHit 2070, 1329, 15.715, 0
PixelHit 2070, 1330, 12.6142, 0
PixelHit 2070, 1331, 7.85172, 0
PixelHit 2071, 1324, 4.66207, 0
PixelHit 2071, 1325, 9.80311, 0
PixelHit 2071, 1326, 15.7698, 0
PixelHit 2071, 1327, 34.5866, 0
PixelHit 2071, 1328, 26.2702, 0
PixelHit 2071, 1329, 11.4948, 0
PixelHit 2071, 1330, 5.65352, 0
PixelHit 2071, 1331, 1.84094, 0
PixelHit 2072, 1323, 3.70676, 0
PixelHit 2072, 1324, 10.7046, 0
PixelHit 2072, 1325, 21.3072, 0
PixelHit 2072, 1326, 24.1967, 0
PixelHit 2072, 1327, 25.7073, 0
PixelHit 2072, 1328, 14.8724, 0
PixelHit 2072, 1329, 2.79352, 0
PixelHit 2073, 1322, 2.26032, 0
PixelHit 2073, 1323, 12.2447, 0
PixelHit 2073, 1324, 18.0018, 0
PixelHit 2073, 1325, 46.6852, 0
PixelHit 2073, 1326, 30.563, 0
PixelHit 2073, 1327, 17.0471, 0
PixelHit 2073, 1328, 8.89943, 0
PixelHit 2074, 1322, 10.1794, 0
PixelHit 2074, 1323, 14.7726, 0
PixelHit 2074, 1324, 36.8393, 0
PixelHit 2074, 1325, 51.2768, 0
PixelHit 2074, 1326, 25.6749, 0
PixelHit 2074, 1327, 9.69823, 0
PixelHit 2074, 1328, 4.25698, 0
PixelHit 2075, 1321, 3.04721, 0
PixelHit 2075, 1322, 7.88722, 0
PixelHit 2075, 1323, 19.2238, 0
PixelHit 2075, 1324, 17.5927, 0
PixelHit 2075, 1325, 36.7256, 0
PixelHit 2075, 1326, 17.6005, 0
PixelHit 2075, 1327, 9.23337, 0
PixelHit 2076, 1320, 1.40651, 0
PixelHit 2076, 1321, 2.77686, 0
PixelHit 2076, 1322, 8.55912, 0
PixelHit 2076, 1323, 16.3807, 0
PixelHit 2076, 1324, 14.7325, 0
PixelHit 2076, 1325, 6.55407, 0
PixelHit 2076, 1326, 1.40907, 0
PixelHit 2077, 1320, 4.31276, 0
PixelHit 2077, 1321, 3.7764, 0
PixelHit 2077, 1322, 9.85907, 0
PixelHit 2077, 1323, 12.6239, 0
PixelHit 2077, 1324, 6.03853, 0
PixelHit 2077, 1325, 5.86607, 0
PixelHit 2078, 1320, 2.50373, 0
PixelHit 2078, 1322, 4.71918, 0
PixelHit 2078, 1323, 2.12027, 0
PixelHit 2078, 1324, 6.51352, 0
PixelHit 2078, 1325, 1.88279, 0
PixelHit 2079, 1323, 1.91572, 0
=== 28 ===
=== 29 ===
=== 30 ===
=== 31 ===
=== 32 ===
=== 33 ===
=== 34 ===
=== 35 ===
=== 36 ===
=== 37 ===
=== 38 ===
=== 39 ===
=== 40 ===
--- mydetector ---
PixelHit 2250, 497, 5.49528, 0
PixelHit 2250, 498, 1.71367, 0
PixelHit 2251, 497, 166.567, 0
PixelHit 2251, 498, 100.897, 0
PixelHit 2252, 496, 8.45652, 0
PixelHit 2252, 497, 24.9382, 0
PixelHit 2252, 498, 13.3666, 0
PixelHit 2253, 495, 3.74071, 0
PixelHit 2253, 496, 14.0021, 0
PixelHit 2253, 497, 10.2419, 0
PixelHit 2254, 494, 8.30252, 0
PixelHit 2254, 495, 34.6283, 0
PixelHit 2254, 496, 31.1145, 0
PixelHit 2254, 497, 5.20212, 0
PixelHit 2255, 493, 5.14264, 0
PixelHit 2255, 494, 16.1025, 0
PixelHit 2255, 495, 43.489, 0
PixelHit 2255, 496, 18.6363, 0
PixelHit 2256, 493, 4.61989, 0
PixelHit 2256, 494, 50.8118, 0
PixelHit 2256, 495, 44.1473, 0
PixelHit 2256, 496, 9.71645, 0
PixelHit 2257, 492, 6.69937, 0
PixelHit 2257, 493, 17.7626, 0
PixelHit 2257, 494, 18.9642, 0
PixelHit 2257, 495, 11.8041, 0
PixelHit 2257, 496, 1.7698, 0
PixelHit 2258, 492, 19.3492, 0
PixelHit 2258, 493, 25.6243, 0
PixelHit 2258, 494, 12.1515, 0
PixelHit 2258, 495, 5.578, 0
PixelHit 2259, 490, 3.03741, 0
PixelHit 2259, 491, 5.41563, 0
PixelHit 2259, 492, 21.0848, 0
PixelHit 2259, 493, 19.377, 0
PixelHit 2259, 494, 2.78267, 0
PixelHit 2259, 495, 1.16114, 0
PixelHit 2260, 490, 7.05517, 0
PixelHit 2260, 491, 33.8252, 0
PixelHit 2260, 492, 39.0519, 0
PixelHit 2260, 493, 15.6966, 0
PixelHit 2261, 489, 2.11547, 0
PixelHit 2261, 490, 20.7157, 0
PixelHit 2261, 491, 54.1371, 0
PixelHit 2261, 492, 35.6266, 0
PixelHit 2261, 493, 5.31094, 0
PixelHit 2262, 488, 1.42305, 0
PixelHit 2262, 489, 13.5602, 0
PixelHit 2262, 490, 53.9474, 0
PixelHit 2262, 491, 46.8576, 0
PixelHit 2262, 492, 20.9157, 0
PixelHit 2262, 493, 3.15245, 0
PixelHit 2263, 488, 13.2299, 0
PixelHit 2263, 489, 33.2161, 0
PixelHit 2263, 490, 35.9406, 0
PixelHit 2263, 491, 27.5726, 0
PixelHit 2263, 492, 3.90611, 0
PixelHit 2264, 488, 14.9747, 0
PixelHit 2264, 489, 47.6044, 0
PixelHit 2264, 490, 39.4434, 0
PixelHit 2264, 491, 11.8018, 0
PixelHit 2264, 492, 0.213959, 0
PixelHit 2265, 487, 8.07223, 0
PixelHit 2265, 488, 19.8597, 0
PixelHit 2265, 489, 36.9111, 0
PixelHit 2265, 490, 25.8066, 0
PixelHit 2265, 491, 2.00869, 0
PixelHit 2266, 485, 2.80919, 0
PixelHit 2266, 486, 10.3708, 0
PixelHit 2266, 487, 26.4359, 0
PixelHit 2266, 488, 21.2052, 0
PixelHit 2266, 489, 15.9387, 0
PixelHit 2266, 490, 7.73869, 0
PixelHit 2266, 491, 1.49224, 0
PixelHit 2267, 484, 2.36866, 0
PixelHit 2267, 485, 1.79479, 0
PixelHit 2267, 486, 30.6677, 0
PixelHit 2267, 487, 39.7392, 0
PixelHit 2267, 488, 32.8483, 0
PixelHit 2267, 489, 11.3872, 0
PixelHit 2267, 490, 1.75075, 0
PixelHit 2268, 485, 6.88148, 0
PixelHit 2268, 486, 29.6678, 0
PixelHit 2268, 487, 36.3264, 0
PixelHit 2268, 488, 26.1085, 0
PixelHit 2268, 489, 12.7369, 0
PixelHit 2269, 484, 3.94072, 0
PixelHit 2269, 485, 12.4889, 0
PixelHit 2269, 486, 12.8667, 0
PixelHit 2269, 487, 18.3821, 0
PixelHit 2269, 488, 11.1815, 0
PixelHit 2269, 489, 2.07969, 0
PixelHit 2269, 491, 1.59004, 0
PixelHit 2270, 482, 3.36603, 0
PixelHit 2270, 483, 3.0932, 0
PixelHit 2270, 484, 7.46199, 0
PixelHit 2270, 485, 9.86272, 0
PixelHit 2270, 486, 13.5234, 0
PixelHit 2270, 487, 10.5135, 0
PixelHit 2270, 488, 5.12299, 0
PixelHit 2271, 482, 2.18736, 0
PixelHit 2271, 483, 4.68571, 0
PixelHit 2271, 484, 23.1221, 0
PixelHit 2271, 485, 28.0655, 0
PixelHit 2271, 486, 14.9441, 0
PixelHit 2271, 487, 10.0563, 0
PixelHit 2271, 488, 1.48746, 0
PixelHit 2272, 482, 2.91113, 0
PixelHit 2272, 483, 12.3017, 0
PixelHit 2272, 484, 17.0684, 0
PixelHit 2272, 485, 33.6504, 0
PixelHit 2272, 486, 13.5009, 0
PixelHit 2272, 487, 3.6951, 0
PixelHit 2273, 480, 0.369897, 0
PixelHit 2273, 482, 11.1231, 0
PixelHit 2273, 483, 11.9616, 0
PixelHit 2273, 484, 23.4749, 0
PixelHit 2273, 485, 9.74811, 0
PixelHit 2273, 486, 9.73435, 0
PixelHit 2273, 487, 2.55717, 0
PixelHit 2274, 479, 1.76268, 0
PixelHit 2274, 481, 5.03829, 0
PixelHit 2274, 482, 12.2684, 0
PixelHit 2274, 483, 17.9091, 0
PixelHit 2274, 484, 20.9212, 0
PixelHit 2274, 485, 4.40622, 0
PixelHit 2275, 480, 1.83727, 0
PixelHit 2275, 481, 9.58152, 0
PixelHit 2275, 482, 16.2039, 0
PixelHit 2275, 483, 25.6618, 0
PixelHit 2275, 484, 16.7872, 0
PixelHit 2275, 485, 3.35938, 0
PixelHit 2275, 486, 2.5846, 0
PixelHit 2276, 479, -0.0307662, 0
PixelHit 2276, 480, 5.64512, 0
PixelHit 2276, 481, 15.3637, 0
PixelHit 2276, 482, 19.7879, 0
PixelHit 2276, 483, 24.269, 0
PixelHit 2276, 484, 12.8921, 0
PixelHit 2276, 485, 2.42669, 0
PixelHit 2277, 480, 12.3789, 0
PixelHit 2277, 481, 15.2129, 0
PixelHit 2277, 482, 19.6495, 0
PixelHit 2277, 483, 7.73579, 0
PixelHit 2277, 484, 10.3795, 0
PixelHit 2278, 479, 2.82758, 0
PixelHit 2278, 480, 9.42766, 0
PixelHit 2278, 481, 22.6986, 0
PixelHit 2278, 482, 23.3626, 0
PixelHit 2278, 483, 7.04504, 0
PixelHit 2278, 484, 3.76154, 0
PixelHit 2279, 479, 3.80866, 0
PixelHit 2279, 480, 5.92487, 0
PixelHit 2279, 481, 10.8458, 0
PixelHit 2279, 482, 7.21131, 0
PixelHit 2279, 483, 4.82661, 0
PixelHit 2280, 480, 1.91126, 0
PixelHit 2280, 481, 6.03589, 0
PixelHit 2281, 480, 4.52468, 0
PixelHit 2281, 481, 0.802998, 0
PixelHit 2281, 482, 4.0544, 0
=== 41 ===
=== 42 ===
=== 43 ===
=== 44 ===
=== 45 ===
=== 46 ===
=== 47 ===
=== 48 ===
=== 49 ===
=== 50 ===
=== 51 ===
=== 52 ===
=== 53 ===
=== 54 ===
=== 55 ===
=== 56 ===
=== 57 ===
=== 58 ===
=== 59 ===
=== 60 ===
=== 61 ===
=== 62 ===
=== 63 ===
=== 64 ===
=== 65 ===
=== 66 ===
=== 67 ===
=== 68 ===
=== 69 ===
=== 70 ===
=== 71 ===
=== 72 ===
=== 73 ===
=== 74 ===
=== 75 ===
=== 76 ===
=== 77 ===
=== 78 ===
=== 79 ===
=== 80 ===
=== 81 ===
=== 82 ===
=== 83 ===
=== 84 ===
=== 85 ===
=== 86 ===
=== 87 ===
=== 88 ===
=== 89 ===
--- mydetector ---
PixelHit 2202, 906, 0.797354, 0
PixelHit 2203, 904, 0.509484, 0
PixelHit 2203, 905, 38.3468, 0
PixelHit 2203, 906, 57.5773, 0
PixelHit 2204, 904, 21.9477, 0
PixelHit 2204, 905, 54.4312, 0
PixelHit 2204, 906, 6.93676, 0
PixelHit 2205, 903, 6.86423, 0
PixelHit 2205, 904, 34.9145, 0
PixelHit 2205, 905, 36.3866, 0
PixelHit 2206, 902, 2.58043, 0
PixelHit 2206, 903, 59.2981, 0
PixelHit 2206, 904, 73.2804, 0
PixelHit 2206, 905, 2.62901, 0
PixelHit 2207, 902, 19.9225, 0
PixelHit 2207, 903, 92.2512, 0
PixelHit 2207, 904, 35.8776, 0
PixelHit 2207, 905, 1.91474, 0
PixelHit 2208, 901, 11.7478, 0
PixelHit 2208, 902, 23.4212, 0
PixelHit 2208, 903, 19.8382, 0
PixelHit 2209, 900, 3.8341, 0
PixelHit 2209, 901, 26.5731, 0
PixelHit 2209, 902, 28.6579, 0
PixelHit 2209, 903, 5.91952, 0
PixelHit 2210, 899, 16.5423, 0
PixelHit 2210, 900, 63.0055, 0
PixelHit 2210, 901, 45.3089, 0
PixelHit 2210, 902, 10.6145, 0
PixelHit 2211, 898, 8.08015, 0
PixelHit 2211, 899, 90.7008, 0
PixelHit 2211, 900, 207.31, 0
PixelHit 2211, 901, 88.7348, 0
PixelHit 2211, 902, 3.70386, 0
PixelHit 2212, 897, 2.81384, 0
PixelHit 2212, 898, 12.6054, 0
PixelHit 2212, 899, 76.4262, 0
PixelHit 2212, 900, 174.223, 0
PixelHit 2212, 901, 68.1277, 0
PixelHit 2212, 902, 5.40932, 0
PixelHit 2213, 898, 15.2354, 0
PixelHit 2213, 899, 37.2933, 0
PixelHit 2213, 900, 38.6449, 0
PixelHit 2213, 901, 9.56272, 0
PixelHit 2214, 896, 1.64987, 0
PixelHit 2214, 897, 2.42124, 0
PixelHit 2214, 898, 22.7134, 0
PixelHit 2214, 899, 23.9587, 0
PixelHit 2214, 900, 2.47275, 0
PixelHit 2214, 901, 0.723809, 0
PixelHit 2215, 894, 1.26355, 0
PixelHit 2215, 896, 13.5785, 0
PixelHit 2215, 897, 13.5842, 0
PixelHit 2215, 898, 15.3362, 0
PixelHit 2215, 899, 8.28507, 0
PixelHit 2215, 900, 4.51586, 0
PixelHit 2216, 893, 1.48269, 0
PixelHit 2216, 894, 1.05437, 0
PixelHit 2216, 895, 2.45837, 0
PixelHit 2216, 896, 19.1956, 0
PixelHit 2216, 897, 20.7589, 0
PixelHit 2216, 898, 4.03755, 0
PixelHit 2216, 899, 1.23056, 0
PixelHit 2217, 894, 7.12026, 0
PixelHit 2217, 895, 11.8956, 0
PixelHit 2217, 896, 28.2116, 0
PixelHit 2217, 897, 6.93663, 0
PixelHit 2218, 893, 5.57458, 0
PixelHit 2218, 894, 17.6644, 0
PixelHit 2218, 895, 24.6783, 0
PixelHit 2218, 896, 16.8374, 0
PixelHit 2218, 897, 7.31301, 0
PixelHit 2219, 892, 3.73019, 0
PixelHit 2219, 893, 14.5384, 0
PixelHit 2219, 894, 34.6779, 0
PixelHit 2219, 895, 19.3795, 0
PixelHit 2219, 896, 16.3323, 0
PixelHit 2219, 897, 3.93941, 0
PixelHit 2220, 890, 2.08529, 0
PixelHit 2220, 891, 3.01437, 0
PixelHit 2220, 892, 16.2964, 0
PixelHit 2220, 893, 34.7214, 0
PixelHit 2220, 894, 38.3722, 0
PixelHit 2220, 895, 21.4673, 0
PixelHit 2220, 896, 8.10436, 0
PixelHit 2221, 890, 2.85286, 0
PixelHit 2221, 891, 12.9051, 0
PixelHit 2221, 892, 37.3925, 0
PixelHit 2221, 893, 47.3702, 0
PixelHit 2221, 894, 27.3708, 0
PixelHit 2221, 895, 12.9895, 0
PixelHit 2221, 896, 2.75212, 0
PixelHit 2222, 890, 2.85072, 0
PixelHit 2222, 891, 16.3469, 0
PixelHit 2222, 892, 45.7292, 0
PixelHit 2222, 893, 44.2063, 0
PixelHit 2222, 894, 23.0766, 0
PixelHit 2222, 895, 5.60799, 0
PixelHit 2223, 889, 4.05117, 0
PixelHit 2223, 890, 3.27981, 0
PixelHit 2223, 891, 16.1667, 0
PixelHit 2223, 892, 21.7888, 0
PixelHit 2223, 893, 28.8312, 0
PixelHit 2223, 894, 12.2165, 0
PixelHit 2223, 895, 3.64898, 0
PixelHit 2224, 888, 4.28421, 0
PixelHit 2224, 889, 3.37678, 0
PixelHit 2224, 890, 10.0383, 0
PixelHit 2224, 891, 19.9037, 0
PixelHit 2224, 892, 15.1086, 0
PixelHit 2224, 893, 7.79972, 0
PixelHit 2224, 894, 5.51887, 0
PixelHit 2225, 887, 0.3676, 0
PixelHit 2225, 888, 5.62334, 0
PixelHit 2225, 889, 4.74939, 0
PixelHit 2225, 890, 5.64498, 0
PixelHit 2225, 891, 16.1176, 0
PixelHit 2225, 892, 10.6029, 0
PixelHit 2225, 893, 5.00543, 0
PixelHit 2226, 887, 0.379192, 0
PixelHit 2226, 888, 6.48752, 0
PixelHit 2226, 889, 7.73885, 0
PixelHit 2226, 890, 12.1493, 0
PixelHit 2226, 891, 10.9879, 0
PixelHit 2226, 892, 5.61209, 0
PixelHit 2226, 893, 2.81995, 0
PixelHit 2227, 886, 0.160236, 0
PixelHit 2227, 888, 4.99386, 0
PixelHit 2227, 889, 12.6939, 0
PixelHit 2227, 890, 4.49873, 0
PixelHit 2227, 891, 3.3917, 0
PixelHit 2227, 893, 0.682314, 0
PixelHit 2228, 887, 1.37162, 0
PixelHit 2228, 889, 4.12714, 0
PixelHit 2228, 891, 2.58981, 0
PixelHit 2229, 888, 2.94021, 0
PixelHit 2229, 889, 2.86634, 0
PixelHit 2229, 890, 0.688989, 0
=== 90 ===
=== 91 ===
=== 92 ===
=== 93 ===
=== 94 ===
=== 95 ===
=== 96 ===
=== 97 ===
=== 98 ===
=== 99 ===
=== 100 ===
# 470 objects from 3 messages
