# Allpix Squared ASCII data - https://cern.ch/allpix-squared

=== 1 ===
=== 2 ===
=== 3 ===
=== 4 ===
=== 5 ===
=== 6 ===
=== 7 ===
=== 8 ===
=== 9 ===
=== 10 ===
=== 11 ===
=== 12 ===
=== 13 ===
=== 14 ===
=== 15 ===
=== 16 ===
=== 17 ===
=== 18 ===
=== 19 ===
=== 20 ===
=== 21 ===
=== 22 ===
=== 23 ===
=== 24 ===
--- mydetector ---
PixelHit 1292, 1064, 6.61434, 0
PixelHit 1293, 1061, 3.56112, 0
PixelHit 1293, 1062, 14.2084, 0
PixelHit 1293, 1063, 62.0939, 0
PixelHit 1293, 1064, 209.857, 0
PixelHit 1293, 1065, 143.258, 0
PixelHit 1293, 1066, 63.491, 0
PixelHit 1293, 1067, 10.6303, 0
PixelHit 1294, 938, 3.54748, 0
PixelHit 1294, 940, 3.21882, 0
PixelHit 1294, 1061, 59.7028, 0
PixelHit 1294, 1062, 395.741, 0
PixelHit 1294, 1063, 258.819, 0
PixelHit 1294, 1064, 419.265, 0
PixelHit 1294, 1065, 1067.64, 0
PixelHit 1294, 1066, 878.285, 0
PixelHit 1294, 1067, 101.333, 0
PixelHit 1294, 1068, 1.44724, 0
PixelHit 1295, 939, 1.58795, 0
PixelHit 1295, 1061, 89.3453, 0
PixelHit 1295, 1062, 398.114, 0
PixelHit 1295, 1063, 75.4261, 0
PixelHit 1295, 1064, 92.9991, 0
PixelHit 1295, 1065, 1486.14, 0
PixelHit 1295, 1066, 2117.86, 0
PixelHit 1295, 1067, 349.071, 0
PixelHit 1295, 1068, 1.71439, 0
PixelHit 1296, 939, 2.88825, 0
PixelHit 1296, 1061, 4.06842, 0
PixelHit 1296, 1062, 18.2295, 0
PixelHit 1296, 1064, 6.51153, 0
PixelHit 1296, 1065, 109.211, 0
PixelHit 1296, 1066, 206.196, 0
PixelHit 1296, 1067, 51.1636, 0
=== 25 ===
=== 26 ===
--- mydetector ---
PixelHit 1294, 981, 3.39287, 0
PixelHit 1294, 982, 1.60154, 0
PixelHit 1294, 983, 10.1773, 0
PixelHit 1294, 984, 8.52377, 0
PixelHit 1294, 986, 2.39786, 0
PixelHit 1295, 916, 2.22422, 0
PixelHit 1295, 917, 3.51649, 0
PixelHit 1295, 981, 8.22668, 0
PixelHit 1295, 982, 24.4205, 0
PixelHit 1295, 983, 55.9211, 0
PixelHit 1295, 984, 47.8256, 0
PixelHit 1295, 985, 11.4753, 0
PixelHit 1295, 986, 10.4269, 0
PixelHit 1295, 987, 3.15463, 0
PixelHit 1296, 917, 1.12572, 0
PixelHit 1296, 918, 0.653189, 0
PixelHit 1296, 981, 10.5594, 0
PixelHit 1296, 982, 72.2257, 0
PixelHit 1296, 983, 169.113, 0
PixelHit 1296, 984, 152.779, 0
PixelHit 1296, 985, 72.2669, 0
PixelHit 1296, 986, 58.3373, 0
PixelHit 1296, 987, 24.9478, 0
PixelHit 1296, 988, 5.66761, 0
PixelHit 1296, 989, 2.24648, 0
PixelHit 1297, 981, 2.28645, 0
PixelHit 1297, 982, 53.5356, 0
PixelHit 1297, 983, 112.312, 0
PixelHit 1297, 984, 148.967, 0
PixelHit 1297, 985, 171.562, 0
PixelHit 1297, 986, 142.615, 0
PixelHit 1297, 987, 91.1349, 0
PixelHit 1297, 988, 32.6586, 0
PixelHit 1297, 989, 7.0118, 0
PixelHit 1297, 990, 2.3526, 0
PixelHit 1297, 991, 1.70861, 0
PixelHit 1298, 914, 1.76613, 0
PixelHit 1298, 981, 2.54048, 0
PixelHit 1298, 982, 14.3695, 0
PixelHit 1298, 983, 26.8967, 0
PixelHit 1298, 984, 59.2918, 0
PixelHit 1298, 985, 122.128, 0
PixelHit 1298, 986, 223.863, 0
PixelHit 1298, 987, 244.085, 0
PixelHit 1298, 988, 166.386, 0
PixelHit 1298, 989, 72.5017, 0
PixelHit 1298, 990, 13.9415, 0
PixelHit 1298, 991, 1.73235, 0
PixelHit 1299, 982, 3.66446, 0
PixelHit 1299, 983, 5.92216, 0
PixelHit 1299, 984, 15.3117, 0
PixelHit 1299, 985, 70.2197, 0
PixelHit 1299, 986, 333.641, 0
PixelHit 1299, 987, 582.953, 0
PixelHit 1299, 988, 536.077, 0
PixelHit 1299, 989, 268.928, 0
PixelHit 1299, 990, 50.4338, 0
PixelHit 1299, 991, 3.55803, 0
PixelHit 1300, 984, 5.53112, 0
PixelHit 1300, 985, 59.4792, 0
PixelHit 1300, 986, 402.733, 0
PixelHit 1300, 987, 887.103, 0
PixelHit 1300, 988, 883.497, 0
PixelHit 1300, 989, 387.85, 0
PixelHit 1300, 990, 74.1868, 0
PixelHit 1300, 991, 11.301, 0
PixelHit 1301, 985, 38.1124, 0
PixelHit 1301, 986, 192.959, 0
PixelHit 1301, 987, 453.28, 0
PixelHit 1301, 988, 468.369, 0
PixelHit 1301, 989, 178.682, 0
PixelHit 1301, 990, 36.0273, 0
PixelHit 1301, 991, 8.80932, 0
PixelHit 1302, 985, 4.21597, 0
PixelHit 1302, 986, 26.7055, 0
PixelHit 1302, 987, 90.0042, 0
PixelHit 1302, 988, 78.8314, 0
PixelHit 1302, 989, 47.5229, 0
PixelHit 1302, 990, 10.0717, 0
PixelHit 1302, 991, 0.59576, 0
PixelHit 1303, 986, 1.97739, 0
PixelHit 1303, 987, 2.8893, 0
PixelHit 1303, 988, 7.36795, 0
PixelHit 1303, 990, 0.523311, 0
=== 27 ===
=== 28 ===
=== 29 ===
=== 30 ===
=== 31 ===
=== 32 ===
=== 33 ===
=== 34 ===
=== 35 ===
=== 36 ===
--- mydetector ---
PixelHit 1293, 889, 1.63966, 0
PixelHit 1293, 942, 2.83154, 0
PixelHit 1293, 943, 1.37726, 0
PixelHit 1293, 944, 0.59438, 0
PixelHit 1293, 945, 1.8332, 0
PixelHit 1293, 946, 1.83881, 0
PixelHit 1294, 943, 21.0918, 0
PixelHit 1294, 944, 45.5798, 0
PixelHit 1294, 945, 46.7464, 0
PixelHit 1294, 946, 11.1616, 0
PixelHit 1294, 947, 4.17757, 0
PixelHit 1295, 887, 0.620123, 0
PixelHit 1295, 888, 1.18546, 0
PixelHit 1295, 889, 2.41206, 0
PixelHit 1295, 941, 2.96542, 0
PixelHit 1295, 942, 25.5101, 0
PixelHit 1295, 943, 162.11, 0
PixelHit 1295, 944, 339.958, 0
PixelHit 1295, 945, 294.725, 0
PixelHit 1295, 946, 114.352, 0
PixelHit 1295, 947, 10.8367, 0
PixelHit 1296, 886, 2.00532, 0
PixelHit 1296, 887, 3.94523, 0
PixelHit 1296, 940, 1.94307, 0
PixelHit 1296, 941, 9.92561, 0
PixelHit 1296, 942, 88.4313, 0
PixelHit 1296, 943, 462.45, 0
PixelHit 1296, 944, 956.937, 0
PixelHit 1296, 945, 841.469, 0
PixelHit 1296, 946, 302.569, 0
PixelHit 1296, 947, 40.8433, 0
PixelHit 1296, 948, 2.23719, 0
PixelHit 1297, 941, 15.7796, 0
PixelHit 1297, 942, 130.742, 0
PixelHit 1297, 943, 568.799, 0
PixelHit 1297, 944, 1157.4, 0
PixelHit 1297, 945, 984.887, 0
PixelHit 1297, 946, 347.818, 0
PixelHit 1297, 947, 48.5514, 0
PixelHit 1297, 948, 1.06404, 0
PixelHit 1298, 941, 8.93828, 0
PixelHit 1298, 942, 54.9423, 0
PixelHit 1298, 943, 234.3, 0
PixelHit 1298, 944, 463.941, 0
PixelHit 1298, 945, 436.573, 0
PixelHit 1298, 946, 177.139, 0
PixelHit 1298, 947, 23.0966, 0
PixelHit 1299, 941, 2.96376, 0
PixelHit 1299, 942, 5.26235, 0
PixelHit 1299, 943, 37.0448, 0
PixelHit 1299, 944, 87.1722, 0
PixelHit 1299, 945, 65.8186, 0
PixelHit 1299, 946, 26.6474, 0
PixelHit 1299, 947, 8.21919, 0
PixelHit 1299, 948, 0.86302, 0
PixelHit 1300, 943, 5.81367, 0
PixelHit 1300, 944, 5.58241, 0
PixelHit 1300, 945, 3.96455, 0
PixelHit 1300, 946, 1.06428, 0
=== 37 ===
=== 38 ===
=== 39 ===
=== 40 ===
--- mydetector ---
PixelHit 1295, 1132, 2.42829, 0
PixelHit 1295, 1133, 7.33599, 0
PixelHit 1295, 1134, 4.42406, 0
PixelHit 1296, 1131, 1.54351, 0
PixelHit 1296, 1132, 50.1512, 0
PixelHit 1296, 1133, 304.583, 0
PixelHit 1296, 1134, 339.527, 0
PixelHit 1297, 1131, 22.1309, 0
PixelHit 1297, 1132, 564.918, 0
PixelHit 1297, 1133, 1635, 0
PixelHit 1297, 1134, 647.056, 0
PixelHit 1297, 1135, 9.54537, 0
PixelHit 1298, 1131, 13.3223, 0
PixelHit 1298, 1132, 294.333, 0
PixelHit 1298, 1133, 1415.33, 0
PixelHit 1298, 1134, 889.227, 0
PixelHit 1298, 1135, 21.451, 0
PixelHit 1299, 1132, 8.70035, 0
PixelHit 1299, 1133, 88.5148, 0
PixelHit 1299, 1134, 44.2695, 0
PixelHit 1299, 1135, 3.67044, 0
PixelHit 1300, 1133, 2.99361, 0
=== 41 ===
=== 42 ===
=== 43 ===
=== 44 ===
=== 45 ===
=== 46 ===
=== 47 ===
=== 48 ===
--- mydetector ---
PixelHit 1294, 804, 3.65106, 0
PixelHit 1294, 805, 1.76318, 0
PixelHit 1295, 802, 7.94766, 0
PixelHit 1295, 803, 15.6623, 0
PixelHit 1295, 804, 26.9337, 0
PixelHit 1295, 805, 12.8282, 0
PixelHit 1295, 806, 3.2325, 0
PixelHit 1296, 800, 1.62164, 0
PixelHit 1296, 801, 3.25239, 0
PixelHit 1296, 802, 14.5411, 0
PixelHit 1296, 803, 39.0392, 0
PixelHit 1296, 804, 66.0696, 0
PixelHit 1296, 805, 23.5304, 0
PixelHit 1296, 806, 9.60082, 0
PixelHit 1296, 807, 0.835567, 0
PixelHit 1297, 799, 2.8695, 0
PixelHit 1297, 800, 3.29768, 0
PixelHit 1297, 801, 8.21308, 0
PixelHit 1297, 802, 31.6372, 0
PixelHit 1297, 803, 66.1063, 0
PixelHit 1297, 804, 88.6112, 0
PixelHit 1297, 805, 47.1184, 0
PixelHit 1297, 806, 18.1809, 0
PixelHit 1297, 807, 2.76677, 0
PixelHit 1298, 801, 6.40469, 0
PixelHit 1298, 802, 23.4138, 0
PixelHit 1298, 803, 52.0478, 0
PixelHit 1298, 804, 57.5792, 0
PixelHit 1298, 805, 46.0595, 0
PixelHit 1298, 806, 8.23792, 0
PixelHit 1298, 807, 2.23132, 0
PixelHit 1298, 808, 0.431471, 0
PixelHit 1299, 800, 5.23676, 0
PixelHit 1299, 802, 14.5875, 0
PixelHit 1299, 803, 20.2658, 0
PixelHit 1299, 804, 22.128, 0
PixelHit 1299, 805, 18.6864, 0
PixelHit 1299, 806, 6.47917, 0
PixelHit 1299, 807, 2.39396, 0
PixelHit 1300, 802, 4.41731, 0
PixelHit 1300, 803, 0.94995, 0
PixelHit 1300, 804, 6.80472, 0
PixelHit 1300, 805, 1.77416, 0
PixelHit 1301, 805, 2.60112, 0
=== 49 ===
=== 50 ===
=== 51 ===
=== 52 ===
=== 53 ===
=== 54 ===
--- mydetector ---
PixelHit 1294, 1014, 1.53704, 0
PixelHit 1295, 1012, 3.42369, 0
PixelHit 1296, 1009, 2.39782, 0
PixelHit 1296, 1010, 8.43335, 0
PixelHit 1296, 1011, 50.5643, 0
PixelHit 1296, 1012, 52.2244, 0
PixelHit 1296, 1013, 69.0758, 0
PixelHit 1296, 1014, 12.0231, 0
PixelHit 1296, 1015, 4.52579, 0
PixelHit 1297, 1008, 2.29303, 0
PixelHit 1297, 1009, 15.3587, 0
PixelHit 1297, 1010, 81.5572, 0
PixelHit 1297, 1011, 278.673, 0
PixelHit 1297, 1012, 473.274, 0
PixelHit 1297, 1013, 372.186, 0
PixelHit 1297, 1014, 81.898, 0
PixelHit 1297, 1015, 11.2739, 0
PixelHit 1298, 909, 1.79181, 0
PixelHit 1298, 910, 3.82649, 0
PixelHit 1298, 1009, 46.4443, 0
PixelHit 1298, 1010, 389.266, 0
PixelHit 1298, 1011, 959.235, 0
PixelHit 1298, 1012, 1173.7, 0
PixelHit 1298, 1013, 761.928, 0
PixelHit 1298, 1014, 173.157, 0
PixelHit 1298, 1015, 13.0486, 0
PixelHit 1299, 909, 1.61335, 0
PixelHit 1299, 912, 2.24564, 0
PixelHit 1299, 1009, 60.0951, 0
PixelHit 1299, 1010, 391.675, 0
PixelHit 1299, 1011, 861.754, 0
PixelHit 1299, 1012, 946.862, 0
PixelHit 1299, 1013, 560.494, 0
PixelHit 1299, 1014, 141.554, 0
PixelHit 1299, 1015, 10.9602, 0
PixelHit 1300, 909, 0.81407, 0
PixelHit 1300, 1008, 3.24425, 0
PixelHit 1300, 1009, 9.44361, 0
PixelHit 1300, 1010, 80.3122, 0
PixelHit 1300, 1011, 173.297, 0
PixelHit 1300, 1012, 188.168, 0
PixelHit 1300, 1013, 148.521, 0
PixelHit 1300, 1014, 29.3697, 0
PixelHit 1300, 1015, 3.64671, 0
PixelHit 1301, 1010, 3.80459, 0
PixelHit 1301, 1011, 16.5808, 0
PixelHit 1301, 1012, 9.98441, 0
PixelHit 1301, 1013, 10.8958, 0
PixelHit 1301, 1014, 6.32253, 0
PixelHit 1301, 1015, 1.0043, 0
PixelHit 1302, 1012, 1.30728, 0
PixelHit 1302, 1013, 3.1054, 0
=== 55 ===
=== 56 ===
=== 57 ===
=== 58 ===
=== 59 ===
=== 60 ===
=== 61 ===
=== 62 ===
=== 63 ===
=== 64 ===
=== 65 ===
=== 66 ===
=== 67 ===
=== 68 ===
=== 69 ===
=== 70 ===
=== 71 ===
=== 72 ===
=== 73 ===
=== 74 ===
=== 75 ===
=== 76 ===
=== 77 ===
=== 78 ===
=== 79 ===
=== 80 ===
=== 81 ===
=== 82 ===
=== 83 ===
=== 84 ===
=== 85 ===
=== 86 ===
=== 87 ===
=== 88 ===
=== 89 ===
=== 90 ===
=== 91 ===
=== 92 ===
=== 93 ===
--- mydetector ---
PixelHit 1284, 776, 3.92025, 0
PixelHit 1284, 777, 0.913726, 0
PixelHit 1284, 779, 2.52946, 0
PixelHit 1285, 774, 7.58329, 0
PixelHit 1285, 775, 18.2474, 0
PixelHit 1285, 776, 26.1876, 0
PixelHit 1285, 777, 26.4954, 0
PixelHit 1285, 778, 8.43937, 0
PixelHit 1285, 779, 8.39388, 0
PixelHit 1285, 780, 2.37721, 0
PixelHit 1285, 781, 0.56319, 0
PixelHit 1286, 773, 3.65861, 0
PixelHit 1286, 774, 20.1221, 0
PixelHit 1286, 775, 38.1867, 0
PixelHit 1286, 776, 83.2636, 0
PixelHit 1286, 777, 89.6445, 0
PixelHit 1286, 778, 58.8511, 0
PixelHit 1286, 779, 33.7278, 0
PixelHit 1286, 780, 5.93991, 0
PixelHit 1286, 781, 0.943911, 0
PixelHit 1287, 773, 4.64423, 0
PixelHit 1287, 774, 20.3991, 0
PixelHit 1287, 775, 62.8879, 0
PixelHit 1287, 776, 146.199, 0
PixelHit 1287, 777, 151.851, 0
PixelHit 1287, 778, 134.562, 0
PixelHit 1287, 779, 75.1307, 0
PixelHit 1287, 780, 24.7505, 0
PixelHit 1287, 781, 7.0338, 0
PixelHit 1288, 772, 1.18822, 0
PixelHit 1288, 773, 4.55204, 0
PixelHit 1288, 774, 24.7757, 0
PixelHit 1288, 775, 57.5821, 0
PixelHit 1288, 776, 128.451, 0
PixelHit 1288, 777, 177.485, 0
PixelHit 1288, 778, 158.77, 0
PixelHit 1288, 779, 95.9715, 0
PixelHit 1288, 780, 30.8606, 0
PixelHit 1288, 781, 4.1674, 0
PixelHit 1288, 782, 2.29872, 0
PixelHit 1289, 774, 5.63769, 0
PixelHit 1289, 775, 29.116, 0
PixelHit 1289, 776, 54.0354, 0
PixelHit 1289, 777, 99.0471, 0
PixelHit 1289, 778, 151.399, 0
PixelHit 1289, 779, 116.737, 0
PixelHit 1289, 780, 40.8868, 0
PixelHit 1289, 781, 8.76152, 0
PixelHit 1290, 774, 4.96622, 0
PixelHit 1290, 775, 7.73256, 0
PixelHit 1290, 776, 15.1411, 0
PixelHit 1290, 777, 51.1345, 0
PixelHit 1290, 778, 70.8688, 0
PixelHit 1290, 779, 71.254, 0
PixelHit 1290, 780, 34.0432, 0
PixelHit 1290, 781, 1.98878, 0
PixelHit 1291, 775, 2.27668, 0
PixelHit 1291, 776, 8.70365, 0
PixelHit 1291, 777, 15.9592, 0
PixelHit 1291, 778, 18.5214, 0
PixelHit 1291, 779, 18.5269, 0
PixelHit 1291, 780, 8.66838, 0
PixelHit 1292, 777, 2.42918, 0
PixelHit 1292, 778, 3.94708, 0
PixelHit 1292, 779, 8.24172, 0
PixelHit 1292, 780, 2.50905, 0
PixelHit 1293, 778, 2.3068, 0
=== 94 ===
=== 95 ===
=== 96 ===
=== 97 ===
=== 98 ===
=== 99 ===
=== 100 ===
# 362 objects from 7 messages
