# Allpix Squared ASCII data - https://cern.ch/allpix-squared

=== 1 ===
=== 2 ===
=== 3 ===
--- mydetector ---
PixelHit 1212, 987, 1.70693, 0
PixelHit 1212, 988, 1.75952, 0
PixelHit 1212, 990, 3.02209, 0
PixelHit 1213, 987, 5.7516, 0
PixelHit 1213, 988, 2.53446, 0
PixelHit 1213, 989, 13.0263, 0
PixelHit 1213, 990, 11.9627, 0
PixelHit 1213, 991, 2.5308, 0
PixelHit 1213, 994, 2.02694, 0
PixelHit 1214, 986, 1.78591, 0
PixelHit 1214, 987, 5.38916, 0
PixelHit 1214, 988, 28.1118, 0
PixelHit 1214, 989, 46.474, 0
PixelHit 1214, 990, 48.6858, 0
PixelHit 1214, 991, 27.1494, 0
PixelHit 1214, 992, 15.1648, 0
PixelHit 1214, 993, 3.3891, 0
PixelHit 1215, 985, 2.30255, 0
PixelHit 1215, 987, 19.4595, 0
PixelHit 1215, 988, 70.6157, 0
PixelHit 1215, 989, 149.743, 0
PixelHit 1215, 990, 136.745, 0
PixelHit 1215, 991, 81.0965, 0
PixelHit 1215, 992, 28.3497, 0
PixelHit 1215, 993, 16.0979, 0
PixelHit 1215, 994, 2.28744, 0
PixelHit 1216, 986, 6.45047, 0
PixelHit 1216, 987, 23.058, 0
PixelHit 1216, 988, 91.5979, 0
PixelHit 1216, 989, 221.676, 0
PixelHit 1216, 990, 225.221, 0
PixelHit 1216, 991, 132.858, 0
PixelHit 1216, 992, 92.4052, 0
PixelHit 1216, 993, 33.3113, 0
PixelHit 1216, 994, 9.27191, 0
PixelHit 1216, 995, 3.19988, 0
PixelHit 1217, 986, 7.08314, 0
PixelHit 1217, 987, 20.4691, 0
PixelHit 1217, 988, 76.6655, 0
PixelHit 1217, 989, 163.561, 0
PixelHit 1217, 990, 179.968, 0
PixelHit 1217, 991, 154.694, 0
PixelHit 1217, 992, 115.478, 0
PixelHit 1217, 993, 51.7959, 0
PixelHit 1217, 994, 19.8935, 0
PixelHit 1217, 995, 8.3473, 0
PixelHit 1218, 987, 7.30611, 0
PixelHit 1218, 988, 30.999, 0
PixelHit 1218, 989, 65.886, 0
PixelHit 1218, 990, 116.595, 0
PixelHit 1218, 991, 104.47, 0
PixelHit 1218, 992, 122.37, 0
PixelHit 1218, 993, 75.8385, 0
PixelHit 1218, 994, 36.1106, 0
PixelHit 1218, 995, 17.5579, 0
PixelHit 1218, 996, 4.95535, 0
PixelHit 1219, 985, 2.15931, 0
PixelHit 1219, 988, 9.19326, 0
PixelHit 1219, 989, 11.1212, 0
PixelHit 1219, 990, 29.9451, 0
PixelHit 1219, 991, 41.2632, 0
PixelHit 1219, 992, 59.1332, 0
PixelHit 1219, 993, 79.1028, 0
PixelHit 1219, 994, 35.9111, 0
PixelHit 1219, 995, 29.2289, 0
PixelHit 1219, 996, 10.6895, 0
PixelHit 1219, 997, 3.55378, 0
PixelHit 1220, 990, 4.62619, 0
PixelHit 1220, 991, 8.62316, 0
PixelHit 1220, 992, 28.0424, 0
PixelHit 1220, 993, 56.455, 0
PixelHit 1220, 994, 56.5086, 0
PixelHit 1220, 995, 29.1651, 0
PixelHit 1220, 996, 22.6771, 0
PixelHit 1220, 997, 7.61643, 0
PixelHit 1220, 998, 1.99274, 0
PixelHit 1220, 999, 0.785741, 0
PixelHit 1221, 990, 1.99966, 0
PixelHit 1221, 992, 13.7402, 0
PixelHit 1221, 993, 19.6637, 0
PixelHit 1221, 994, 37.6801, 0
PixelHit 1221, 995, 30.8438, 0
PixelHit 1221, 996, 33.1197, 0
PixelHit 1221, 997, 13.447, 0
PixelHit 1221, 998, 4.1311, 0
PixelHit 1222, 992, 5.76372, 0
PixelHit 1222, 993, 17.9724, 0
PixelHit 1222, 994, 18.5438, 0
PixelHit 1222, 995, 22.8011, 0
PixelHit 1222, 996, 37.4987, 0
PixelHit 1222, 997, 25.9301, 0
PixelHit 1222, 998, 10.9308, 0
PixelHit 1222, 999, 3.30674, 0
PixelHit 1223, 993, 1.09221, 0
PixelHit 1223, 994, 10.8788, 0
PixelHit 1223, 995, 20.5752, 0
PixelHit 1223, 996, 33.4395, 0
PixelHit 1223, 997, 35.1061, 0
PixelHit 1223, 998, 21.9003, 0
PixelHit 1223, 999, 3.63085, 0
PixelHit 1224, 994, 3.74759, 0
PixelHit 1224, 995, 13.0121, 0
PixelHit 1224, 996, 43.6228, 0
PixelHit 1224, 997, 51.7498, 0
PixelHit 1224, 998, 35.8592, 0
PixelHit 1224, 999, 9.81013, 0
PixelHit 1224, 1000, 2.94116, 0
PixelHit 1225, 994, 1.84487, 0
PixelHit 1225, 995, 7.36296, 0
PixelHit 1225, 996, 29.1386, 0
PixelHit 1225, 997, 51.1825, 0
PixelHit 1225, 998, 32.0717, 0
PixelHit 1225, 999, 7.60413, 0
PixelHit 1226, 994, 1.95736, 0
PixelHit 1226, 995, 9.26344, 0
PixelHit 1226, 996, 19.6895, 0
PixelHit 1226, 997, 36.1478, 0
PixelHit 1226, 998, 31.874, 0
PixelHit 1226, 999, 17.7309, 0
PixelHit 1226, 1001, 0.186237, 0
PixelHit 1227, 995, 7.20684, 0
PixelHit 1227, 996, 25.8082, 0
PixelHit 1227, 997, 54.6101, 0
PixelHit 1227, 998, 38.2497, 0
PixelHit 1227, 999, 20.6641, 0
PixelHit 1227, 1000, 5.52477, 0
PixelHit 1228, 994, 3.85564, 0
PixelHit 1228, 995, 3.27595, 0
PixelHit 1228, 996, 24.1513, 0
PixelHit 1228, 997, 47.3958, 0
PixelHit 1228, 998, 39.962, 0
PixelHit 1228, 999, 22.0305, 0
PixelHit 1229, 995, 5.25815, 0
PixelHit 1229, 996, 17.0369, 0
PixelHit 1229, 997, 26.2509, 0
PixelHit 1229, 998, 25.9949, 0
PixelHit 1229, 999, 13.5617, 0
PixelHit 1229, 1000, 6.88991, 0
PixelHit 1229, 1001, 2.55917, 0
PixelHit 1230, 995, 4.07558, 0
PixelHit 1230, 996, 23.1756, 0
PixelHit 1230, 997, 39.912, 0
PixelHit 1230, 998, 30.0803, 0
PixelHit 1230, 999, 14.8667, 0
PixelHit 1230, 1000, 3.93492, 0
PixelHit 1231, 995, 4.6563, 0
PixelHit 1231, 996, 16.1069, 0
PixelHit 1231, 997, 43.7364, 0
PixelHit 1231, 998, 35.2966, 0
PixelHit 1231, 999, 15.7775, 0
PixelHit 1231, 1000, 2.31393, 0
PixelHit 1231, 1001, 2.3619, 0
PixelHit 1232, 994, 1.3474, 0
PixelHit 1232, 995, 5.3199, 0
PixelHit 1232, 996, 21.2639, 0
PixelHit 1232, 997, 47.7924, 0
PixelHit 1232, 998, 27.116, 0
PixelHit 1232, 999, 12.2425, 0
PixelHit 1233, 995, 4.89346, 0
PixelHit 1233, 996, 24.3821, 0
PixelHit 1233, 997, 58.5333, 0
PixelHit 1233, 998, 28.1747, 0
PixelHit 1233, 999, 14.2921, 0
PixelHit 1234, 995, 4.76055, 0
PixelHit 1234, 996, 26.0763, 0
PixelHit 1234, 997, 42.9307, 0
PixelHit 1234, 998, 28.2777, 0
PixelHit 1234, 999, 8.63038, 0
PixelHit 1234, 1000, 2.78687, 0
PixelHit 1234, 1001, 1.59286, 0
PixelHit 1235, 995, 8.78225, 0
PixelHit 1235, 996, 28.4145, 0
PixelHit 1235, 997, 32.5083, 0
PixelHit 1235, 998, 21.7238, 0
PixelHit 1235, 999, 9.28164, 0
PixelHit 1236, 995, 6.90049, 0
PixelHit 1236, 996, 21.9252, 0
PixelHit 1236, 997, 25.0669, 0
PixelHit 1236, 998, 18.1406, 0
PixelHit 1236, 999, 5.95349, 0
PixelHit 1237, 994, 2.32219, 0
PixelHit 1237, 995, 10.5062, 0
PixelHit 1237, 996, 9.40039, 0
PixelHit 1237, 997, 27.0891, 0
PixelHit 1237, 998, 20.9029, 0
PixelHit 1237, 1000, 0.417578, 0
PixelHit 1238, 994, 2.28832, 0
PixelHit 1238, 995, 3.4133, 0
PixelHit 1238, 996, 20.4391, 0
PixelHit 1238, 997, 22.5678, 0
PixelHit 1238, 998, 12.1653, 0
PixelHit 1238, 999, 3.29481, 0
PixelHit 1239, 993, 1.31651, 0
PixelHit 1239, 994, 9.29161, 0
PixelHit 1239, 995, 11.6258, 0
PixelHit 1239, 996, 24.3964, 0
PixelHit 1239, 997, 24.0359, 0
PixelHit 1239, 998, 5.23342, 0
PixelHit 1240, 993, 4.17983, 0
PixelHit 1240, 994, 4.3185, 0
PixelHit 1240, 995, 19.88, 0
PixelHit 1240, 996, 14.6788, 0
PixelHit 1240, 997, 13.271, 0
PixelHit 1240, 998, 4.60301, 0
PixelHit 1240, 999, 1.8814, 0
PixelHit 1241, 993, 5.1712, 0
PixelHit 1241, 994, 16.5377, 0
PixelHit 1241, 995, 19.4139, 0
PixelHit 1241, 996, 17.8655, 0
PixelHit 1241, 997, 8.07543, 0
PixelHit 1241, 998, 1.41, 0
PixelHit 1242, 994, 24.3326, 0
PixelHit 1242, 995, 27.9616, 0
PixelHit 1242, 996, 22.8059, 0
PixelHit 1242, 997, -0.600598, 0
PixelHit 1243, 991, 2.31291, 0
PixelHit 1243, 992, 3.93169, 0
PixelHit 1243, 993, 7.9907, 0
PixelHit 1243, 994, 13.3154, 0
PixelHit 1243, 995, 38.6264, 0
PixelHit 1243, 996, 17.9249, 0
PixelHit 1243, 997, 6.18344, 0
PixelHit 1243, 998, 0.739165, 0
PixelHit 1244, 992, 2.24074, 0
PixelHit 1244, 993, 5.76727, 0
PixelHit 1244, 994, 19.6078, 0
PixelHit 1244, 995, 24.0934, 0
PixelHit 1244, 996, 12.6233, 0
PixelHit 1244, 997, 1.17682, 0
PixelHit 1244, 998, 0.953138, 0
PixelHit 1245, 992, 3.06432, 0
PixelHit 1245, 993, 9.59276, 0
PixelHit 1245, 994, 17.8447, 0
PixelHit 1245, 995, 23.1219, 0
PixelHit 1245, 996, 13.3897, 0
PixelHit 1245, 997, 6.87198, 0
PixelHit 1246, 992, 6.77494, 0
PixelHit 1246, 993, 8.27049, 0
PixelHit 1246, 994, 28.4075, 0
PixelHit 1246, 995, 31.424, 0
PixelHit 1246, 996, 21.0943, 0
PixelHit 1246, 997, 3.75306, 0
PixelHit 1247, 992, 2.42299, 0
PixelHit 1247, 993, 26.8791, 0
PixelHit 1247, 994, 46.7281, 0
PixelHit 1247, 995, 52.8257, 0
PixelHit 1247, 996, 23.0954, 0
PixelHit 1247, 997, 8.77483, 0
PixelHit 1248, 992, 5.05339, 0
PixelHit 1248, 993, 23.1586, 0
PixelHit 1248, 994, 68.484, 0
PixelHit 1248, 995, 45.235, 0
PixelHit 1248, 996, 21.1217, 0
PixelHit 1248, 997, 8.61317, 0
PixelHit 1249, 990, 2.19061, 0
PixelHit 1249, 993, 16.6113, 0
PixelHit 1249, 994, 46.8356, 0
PixelHit 1249, 995, 35.8072, 0
PixelHit 1249, 996, 15.4903, 0
PixelHit 1250, 991, 1.66962, 0
PixelHit 1250, 992, 4.90102, 0
PixelHit 1250, 993, 21.7202, 0
PixelHit 1250, 994, 36.4644, 0
PixelHit 1250, 995, 22.974, 0
PixelHit 1250, 996, 5.35609, 0
PixelHit 1251, 992, 6.4776, 0
PixelHit 1251, 993, 12.0372, 0
PixelHit 1251, 994, 25.0002, 0
PixelHit 1251, 995, 25.6953, 0
PixelHit 1251, 996, 12.4986, 0
PixelHit 1252, 992, 8.30679, 0
PixelHit 1252, 993, 26.5274, 0
PixelHit 1252, 994, 72.1349, 0
PixelHit 1252, 995, 31.2064, 0
PixelHit 1252, 996, 15.9189, 0
PixelHit 1253, 991, 3.03183, 0
PixelHit 1253, 992, 16.7917, 0
PixelHit 1253, 993, 42.7506, 0
PixelHit 1253, 994, 58.6349, 0
PixelHit 1253, 995, 37.315, 0
PixelHit 1253, 996, 11.0959, 0
PixelHit 1254, 991, 2.1877, 0
PixelHit 1254, 992, 13.8013, 0
PixelHit 1254, 993, 54.6776, 0
PixelHit 1254, 994, 60.8418, 0
PixelHit 1254, 995, 41.6671, 0
PixelHit 1254, 996, 16.3918, 0
PixelHit 1254, 997, 3.82202, 0
PixelHit 1255, 992, 7.47859, 0
PixelHit 1255, 993, 30.8708, 0
PixelHit 1255, 994, 52.4709, 0
PixelHit 1255, 995, 29.8382, 0
PixelHit 1255, 996, 5.72556, 0
PixelHit 1256, 991, 6.34724, 0
PixelHit 1256, 992, 7.72147, 0
PixelHit 1256, 993, 26.4018, 0
PixelHit 1256, 994, 32.9051, 0
PixelHit 1256, 995, 23.3602, 0
PixelHit 1256, 996, 2.48719, 0
PixelHit 1257, 990, 0.164593, 0
PixelHit 1257, 992, 20.3315, 0
PixelHit 1257, 993, 24.9996, 0
PixelHit 1257, 994, 32.4704, 0
PixelHit 1257, 995, 11.9435, 0
PixelHit 1257, 996, 2.25834, 0
PixelHit 1258, 991, 1.24876, 0
PixelHit 1258, 992, 18.7712, 0
PixelHit 1258, 993, 32.6907, 0
PixelHit 1258, 994, 28.485, 0
PixelHit 1258, 995, 15.8584, 0
PixelHit 1258, 996, 1.27222, 0
PixelHit 1259, 991, 4.33111, 0
PixelHit 1259, 992, 15.2195, 0
PixelHit 1259, 993, 34.0636, 0
PixelHit 1259, 994, 15.1752, 0
PixelHit 1259, 995, 6.05853, 0
PixelHit 1260, 991, 10.9283, 0
PixelHit 1260, 992, 13.7323, 0
PixelHit 1260, 993, 23.0747, 0
PixelHit 1260, 994, 18.0607, 0
PixelHit 1260, 995, 8.21739, 0
PixelHit 1260, 996, 1.52537, 0
PixelHit 1261, 990, 3.42471, 0
PixelHit 1261, 991, 7.8047, 0
PixelHit 1261, 992, 22.2729, 0
PixelHit 1261, 993, 28.1271, 0
PixelHit 1261, 994, 11.6681, 0
PixelHit 1261, 995, 1.76413, 0
PixelHit 1261, 996, 3.2243, 0
PixelHit 1262, 990, 2.07077, 0
PixelHit 1262, 991, 22.225, 0
PixelHit 1262, 992, 40.4494, 0
PixelHit 1262, 993, 41.7649, 0
PixelHit 1262, 994, 11.3712, 0
PixelHit 1262, 995, 7.32583, 0
PixelHit 1263, 990, 6.26651, 0
PixelHit 1263, 991, 17.8971, 0
PixelHit 1263, 992, 37.7682, 0
PixelHit 1263, 993, 28.8501, 0
PixelHit 1263, 994, 22.1069, 0
PixelHit 1263, 995, 2.21125, 0
PixelHit 1263, 996, 0.599331, 0
PixelHit 1264, 989, 3.80063, 0
PixelHit 1264, 990, 15.4777, 0
PixelHit 1264, 991, 59.3929, 0
PixelHit 1264, 992, 66.9875, 0
PixelHit 1264, 993, 27.2469, 0
PixelHit 1264, 994, 13.2191, 0
PixelHit 1264, 995, 1.45153, 0
PixelHit 1265, 989, 1.96791, 0
PixelHit 1265, 990, 37.9916, 0
PixelHit 1265, 991, 97.1909, 0
PixelHit 1265, 992, 94.9619, 0
PixelHit 1265, 993, 30.7748, 0
PixelHit 1265, 994, 9.95186, 0
PixelHit 1266, 989, 9.91718, 0
PixelHit 1266, 990, 63.1944, 0
PixelHit 1266, 991, 124.601, 0
PixelHit 1266, 992, 95.2665, 0
PixelHit 1266, 993, 21.7142, 0
PixelHit 1266, 994, 4.72168, 0
PixelHit 1267, 988, 7.95472, 0
PixelHit 1267, 989, 20.5853, 0
PixelHit 1267, 990, 97.1228, 0
PixelHit 1267, 991, 124.281, 0
PixelHit 1267, 992, 76.6606, 0
PixelHit 1267, 993, 17.215, 0
PixelHit 1268, 988, 8.97657, 0
PixelHit 1268, 989, 49.5149, 0
PixelHit 1268, 990, 83.3825, 0
PixelHit 1268, 991, 98.0482, 0
PixelHit 1268, 992, 38.1318, 0
PixelHit 1268, 993, 5.92194, 0
PixelHit 1269, 987, 10.8219, 0
PixelHit 1269, 988, 22.5274, 0
PixelHit 1269, 989, 77.291, 0
PixelHit 1269, 990, 65.4144, 0
PixelHit 1269, 991, 30.0764, 0
PixelHit 1269, 992, 9.85044, 0
PixelHit 1270, 986, 6.8765, 0
PixelHit 1270, 987, 40.0607, 0
PixelHit 1270, 988, 74.5466, 0
PixelHit 1270, 989, 81.3256, 0
PixelHit 1270, 990, 58.6123, 0
PixelHit 1270, 991, 11.6483, 0
PixelHit 1270, 992, 1.95865, 0
PixelHit 1271, 984, 2.70538, 0
PixelHit 1271, 985, 10.6761, 0
PixelHit 1271, 986, 33.474, 0
PixelHit 1271, 987, 110.183, 0
PixelHit 1271, 988, 138.641, 0
PixelHit 1271, 989, 74.3468, 0
PixelHit 1271, 990, 23.1048, 0
PixelHit 1271, 991, 6.10947, 0
PixelHit 1272, 984, 2.65423, 0
PixelHit 1272, 985, 18.4192, 0
PixelHit 1272, 986, 62.0781, 0
PixelHit 1272, 987, 132.658, 0
PixelHit 1272, 988, 112.499, 0
PixelHit 1272, 989, 56.6426, 0
PixelHit 1272, 990, 16.163, 0
PixelHit 1273, 983, 3.84109, 0
PixelHit 1273, 984, 10.4135, 0
PixelHit 1273, 985, 37.4549, 0
PixelHit 1273, 986, 75.2842, 0
PixelHit 1273, 987, 78.4426, 0
PixelHit 1273, 988, 49.9491, 0
PixelHit 1273, 989, 18.0604, 0
PixelHit 1273, 990, 3.7947, 0
PixelHit 1274, 983, 2.36811, 0
PixelHit 1274, 984, 13.5451, 0
PixelHit 1274, 985, 49.7338, 0
PixelHit 1274, 986, 48.4457, 0
PixelHit 1274, 987, 38.1839, 0
PixelHit 1274, 988, 9.46313, 0
PixelHit 1275, 982, 1.162, 0
PixelHit 1275, 983, 18.4172, 0
PixelHit 1275, 984, 33.5136, 0
PixelHit 1275, 985, 29.7858, 0
PixelHit 1275, 986, 19.3671, 0
PixelHit 1275, 987, 5.45506, 0
PixelHit 1275, 988, 1.88146, 0
PixelHit 1276, 982, 11.4188, 0
PixelHit 1276, 983, 16.7604, 0
PixelHit 1276, 984, 47.6419, 0
PixelHit 1276, 985, 21.1955, 0
PixelHit 1276, 986, 1.4294, 0
PixelHit 1276, 987, 3.80445, 0
PixelHit 1277, 981, 4.98664, 0
PixelHit 1277, 982, 12.4733, 0
PixelHit 1277, 983, 32.1466, 0
PixelHit 1277, 984, 26.5852, 0
PixelHit 1277, 985, 15.1097, 0
PixelHit 1277, 986, 2.55645, 0
PixelHit 1278, 980, 0.577535, 0
PixelHit 1278, 981, 16.2292, 0
PixelHit 1278, 982, 58.3389, 0
PixelHit 1278, 983, 63.3299, 0
PixelHit 1278, 984, 20.0344, 0
PixelHit 1278, 985, 2.98027, 0
PixelHit 1279, 980, 11.0854, 0
PixelHit 1279, 981, 27.2913, 0
PixelHit 1279, 982, 53.4652, 0
PixelHit 1279, 983, 39.6134, 0
PixelHit 1279, 984, 10.7328, 0
PixelHit 1279, 985, 3.07014, 0
PixelHit 1280, 979, 8.0572, 0
PixelHit 1280, 980, 23.762, 0
PixelHit 1280, 981, 38.5447, 0
PixelHit 1280, 982, 34.3881, 0
PixelHit 1280, 983, 16.6463, 0
PixelHit 1280, 984, 1.89116, 0
PixelHit 1281, 978, 5.7358, 0
PixelHit 1281, 979, 20.7139, 0
PixelHit 1281, 980, 31.4506, 0
PixelHit 1281, 981, 36.5522, 0
PixelHit 1281, 982, 24.7916, 0
PixelHit 1281, 983, 3.72195, 0
PixelHit 1282, 977, 3.38737, 0
PixelHit 1282, 978, 14.3809, 0
PixelHit 1282, 979, 48.2259, 0
PixelHit 1282, 980, 49.809, 0
PixelHit 1282, 981, 28.6812, 0
PixelHit 1282, 982, 11.0425, 0
PixelHit 1282, 983, 0.847334, 0
PixelHit 1283, 975, 1.53613, 0
PixelHit 1283, 977, 13.5055, 0
PixelHit 1283, 978, 44.8508, 0
PixelHit 1283, 979, 72.0585, 0
PixelHit 1283, 980, 41.8551, 0
PixelHit 1283, 981, 17.0362, 0
PixelHit 1283, 982, 3.24703, 0
PixelHit 1284, 975, 1.19765, 0
PixelHit 1284, 976, 9.58078, 0
PixelHit 1284, 977, 28.4877, 0
PixelHit 1284, 978, 80.1467, 0
PixelHit 1284, 979, 66.9112, 0
PixelHit 1284, 980, 35.1102, 0
PixelHit 1284, 981, 8.25939, 0
PixelHit 1285, 974, 1.58741, 0
PixelHit 1285, 975, 8.50405, 0
PixelHit 1285, 976, 37.3947, 0
PixelHit 1285, 977, 59.6917, 0
PixelHit 1285, 978, 54.5306, 0
PixelHit 1285, 979, 29.0914, 0
PixelHit 1285, 980, 9.69203, 0
PixelHit 1286, 973, 1.50307, 0
PixelHit 1286, 974, 3.74671, 0
PixelHit 1286, 975, 27.1499, 0
PixelHit 1286, 976, 87.9547, 0
PixelHit 1286, 977, 89.2491, 0
PixelHit 1286, 978, 45.3764, 0
PixelHit 1286, 979, 11.1894, 0
PixelHit 1286, 981, 2.12239, 0
PixelHit 1287, 971, 1.38325, 0
PixelHit 1287, 972, 2.38828, 0
PixelHit 1287, 973, 5.29343, 0
PixelHit 1287, 974, 11.9732, 0
PixelHit 1287, 975, 38.4312, 0
PixelHit 1287, 976, 96.7797, 0
PixelHit 1287, 977, 84.98, 0
PixelHit 1287, 978, 31.9222, 0
PixelHit 1287, 979, 3.44089, 0
PixelHit 1288, 972, 6.26333, 0
PixelHit 1288, 973, 8.61353, 0
PixelHit 1288, 974, 25.7159, 0
PixelHit 1288, 975, 33.3588, 0
PixelHit 1288, 976, 43.004, 0
PixelHit 1288, 977, 32.3037, 0
PixelHit 1288, 978, 11.0594, 0
PixelHit 1288, 979, 1.49078, 0
PixelHit 1289, 971, 5.99523, 0
PixelHit 1289, 972, 14.6718, 0
PixelHit 1289, 973, 54.7049, 0
PixelHit 1289, 974, 35.7853, 0
PixelHit 1289, 975, 38.3699, 0
PixelHit 1289, 976, 12.2767, 0
PixelHit 1289, 977, 6.67778, 0
PixelHit 1290, 970, 2.05563, 0
PixelHit 1290, 971, 16.0601, 0
PixelHit 1290, 972, 30.4342, 0
PixelHit 1290, 973, 47.6188, 0
PixelHit 1290, 974, 30.9031, 0
PixelHit 1290, 975, 13.4785, 0
PixelHit 1290, 976, 5.79733, 0
PixelHit 1291, 970, 5.09396, 0
PixelHit 1291, 971, 16.3691, 0
PixelHit 1291, 972, 35.6693, 0
PixelHit 1291, 973, 29.3353, 0
PixelHit 1291, 974, 17.8382, 0
PixelHit 1292, 969, 1.83799, 0
PixelHit 1292, 970, 16.2393, 0
PixelHit 1292, 971, 10.3991, 0
PixelHit 1292, 972, 17.9742, 0
PixelHit 1292, 973, 12.5714, 0
PixelHit 1293, 968, 2.86216, 0
PixelHit 1293, 969, 14.5291, 0
PixelHit 1293, 970, 19.614, 0
PixelHit 1293, 971, 14.585, 0
PixelHit 1293, 972, 3.24523, 0
PixelHit 1294, 965, 2.42976, 0
PixelHit 1294, 968, 20.2273, 0
PixelHit 1294, 969, 36.1274, 0
PixelHit 1294, 970, 30.221, 0
PixelHit 1294, 971, 10.959, 0
PixelHit 1294, 972, 0.757978, 0
PixelHit 1295, 967, 11.7141, 0
PixelHit 1295, 968, 64.2348, 0
PixelHit 1295, 969, 58.1429, 0
PixelHit 1295, 970, 39.3722, 0
PixelHit 1295, 971, 21.6619, 0
PixelHit 1296, 966, 2.06972, 0
PixelHit 1296, 967, 18.26, 0
PixelHit 1296, 968, 68.083, 0
PixelHit 1296, 969, 98.4642, 0
PixelHit 1296, 970, 64.018, 0
PixelHit 1296, 971, 11.5425, 0
PixelHit 1297, 967, 8.07228, 0
PixelHit 1297, 968, 26.4806, 0
PixelHit 1297, 969, 52.2746, 0
PixelHit 1297, 970, 25.8178, 0
PixelHit 1297, 971, 2.48217, 0
PixelHit 1298, 967, 1.99708, 0
PixelHit 1298, 968, 9.40843, 0
PixelHit 1298, 969, 16.5314, 0
PixelHit 1298, 970, 6.97463, 0
PixelHit 1299, 964, 1.11711, 0
PixelHit 1299, 969, 2.14296, 0
PixelHit 1300, 964, 2.16807, 0
PixelHit 1301, 961, 1.54029, 0
PixelHit 1301, 963, 2.33223, 0
PixelHit 1303, 965, 1.37737, 0
PixelHit 1304, 963, 1.56616, 0
=== 4 ===
=== 5 ===
=== 6 ===
=== 7 ===
=== 8 ===
=== 9 ===
=== 10 ===
=== 11 ===
=== 12 ===
=== 13 ===
=== 14 ===
=== 15 ===
=== 16 ===
=== 17 ===
=== 18 ===
=== 19 ===
=== 20 ===
=== 21 ===
=== 22 ===
=== 23 ===
=== 24 ===
=== 25 ===
=== 26 ===
=== 27 ===
=== 28 ===
=== 29 ===
=== 30 ===
=== 31 ===
=== 32 ===
=== 33 ===
=== 34 ===
=== 35 ===
=== 36 ===
=== 37 ===
=== 38 ===
=== 39 ===
=== 40 ===
=== 41 ===
=== 42 ===
=== 43 ===
=== 44 ===
=== 45 ===
=== 46 ===
=== 47 ===
=== 48 ===
=== 49 ===
=== 50 ===
=== 51 ===
=== 52 ===
=== 53 ===
=== 54 ===
=== 55 ===
=== 56 ===
=== 57 ===
=== 58 ===
=== 59 ===
=== 60 ===
=== 61 ===
=== 62 ===
=== 63 ===
=== 64 ===
=== 65 ===
=== 66 ===
=== 67 ===
=== 68 ===
=== 69 ===
=== 70 ===
=== 71 ===
=== 72 ===
=== 73 ===
=== 74 ===
=== 75 ===
=== 76 ===
=== 77 ===
=== 78 ===
=== 79 ===
=== 80 ===
=== 81 ===
=== 82 ===
=== 83 ===
=== 84 ===
=== 85 ===
=== 86 ===
=== 87 ===
=== 88 ===
=== 89 ===
=== 90 ===
=== 91 ===
=== 92 ===
=== 93 ===
=== 94 ===
=== 95 ===
=== 96 ===
=== 97 ===
=== 98 ===
=== 99 ===
=== 100 ===
# 573 objects from 1 messages
