# Allpix Squared ASCII data - https://cern.ch/allpix-squared

=== 1 ===
=== 2 ===
=== 3 ===
=== 4 ===
=== 5 ===
=== 6 ===
=== 7 ===
=== 8 ===
=== 9 ===
=== 10 ===
=== 11 ===
=== 12 ===
=== 13 ===
=== 14 ===
=== 15 ===
=== 16 ===
=== 17 ===
=== 18 ===
=== 19 ===
=== 20 ===
=== 21 ===
=== 22 ===
=== 23 ===
=== 24 ===
=== 25 ===
=== 26 ===
=== 27 ===
=== 28 ===
=== 29 ===
=== 30 ===
=== 31 ===
=== 32 ===
=== 33 ===
=== 34 ===
=== 35 ===
=== 36 ===
=== 37 ===
=== 38 ===
=== 39 ===
=== 40 ===
=== 41 ===
=== 42 ===
=== 43 ===
=== 44 ===
=== 45 ===
=== 46 ===
=== 47 ===
=== 48 ===
=== 49 ===
=== 50 ===
=== 51 ===
=== 52 ===
=== 53 ===
=== 54 ===
=== 55 ===
=== 56 ===
=== 57 ===
=== 58 ===
=== 59 ===
=== 60 ===
=== 61 ===
=== 62 ===
=== 63 ===
=== 64 ===
=== 65 ===
=== 66 ===
=== 67 ===
--- mydetector ---
PixelHit 1273, 917, 1.77929, 0
PixelHit 1274, 914, 5.7513, 0
PixelHit 1274, 915, 4.07801, 0
PixelHit 1274, 916, 3.35164, 0
PixelHit 1274, 917, 2.75402, 0
PixelHit 1274, 918, 5.30322, 0
PixelHit 1275, 913, 7.45545, 0
PixelHit 1275, 914, 5.31678, 0
PixelHit 1275, 915, 12.3957, 0
PixelHit 1275, 916, 16.1463, 0
PixelHit 1275, 917, 19.9092, 0
PixelHit 1275, 918, 9.55595, 0
PixelHit 1276, 912, 10.409, 0
PixelHit 1276, 913, 10.3355, 0
PixelHit 1276, 914, 15.5872, 0
PixelHit 1276, 915, 48.4187, 0
PixelHit 1276, 916, 73.8541, 0
PixelHit 1276, 917, 61.7885, 0
PixelHit 1276, 918, 26.6462, 0
PixelHit 1276, 919, 7.3166, 0
PixelHit 1277, 910, 1.34157, 0
PixelHit 1277, 911, 3.54733, 0
PixelHit 1277, 912, 19.797, 0
PixelHit 1277, 913, 28.4795, 0
PixelHit 1277, 914, 36.1335, 0
PixelHit 1277, 915, 80.9602, 0
PixelHit 1277, 916, 106.272, 0
PixelHit 1277, 917, 98.2415, 0
PixelHit 1277, 918, 51.544, 0
PixelHit 1277, 919, 17.6237, 0
PixelHit 1277, 920, 1.9807, 0
PixelHit 1278, 910, 5.58893, 0
PixelHit 1278, 911, 6.16012, 0
PixelHit 1278, 912, 14.8472, 0
PixelHit 1278, 913, 32.9671, 0
PixelHit 1278, 914, 37.1707, 0
PixelHit 1278, 915, 72.8963, 0
PixelHit 1278, 916, 113.642, 0
PixelHit 1278, 917, 103.898, 0
PixelHit 1278, 918, 44.3245, 0
PixelHit 1278, 919, 10.2779, 0
PixelHit 1278, 920, 1.5226, 0
PixelHit 1279, 910, 2.68156, 0
PixelHit 1279, 911, 5.42707, 0
PixelHit 1279, 912, 15.1527, 0
PixelHit 1279, 913, 26.3526, 0
PixelHit 1279, 914, 16.6547, 0
PixelHit 1279, 915, 36.8259, 0
PixelHit 1279, 916, 56.039, 0
PixelHit 1279, 917, 82.3696, 0
PixelHit 1279, 918, 71.3608, 0
PixelHit 1279, 919, 22.3911, 0
PixelHit 1279, 920, 5.86643, 0
PixelHit 1280, 911, 2.25511, 0
PixelHit 1280, 912, 3.78669, 0
PixelHit 1280, 913, 4.73402, 0
PixelHit 1280, 914, 12.192, 0
PixelHit 1280, 915, 10.3851, 0
PixelHit 1280, 916, 21.2319, 0
PixelHit 1280, 917, 36.5105, 0
PixelHit 1280, 918, 57.7907, 0
PixelHit 1280, 919, 33.1173, 0
PixelHit 1280, 920, 23.7545, 0
PixelHit 1280, 921, 3.83267, 0
PixelHit 1281, 913, 3.00466, 0
PixelHit 1281, 915, 0.632763, 0
PixelHit 1281, 916, 9.28917, 0
PixelHit 1281, 917, 33.1053, 0
PixelHit 1281, 918, 87.9204, 0
PixelHit 1281, 919, 109.103, 0
PixelHit 1281, 920, 49.707, 0
PixelHit 1281, 921, 18.3541, 0
PixelHit 1281, 922, 3.30726, 0
PixelHit 1281, 923, 1.93451, 0
PixelHit 1282, 916, 3.75149, 0
PixelHit 1282, 917, 19.6655, 0
PixelHit 1282, 918, 83.0071, 0
PixelHit 1282, 919, 114.536, 0
PixelHit 1282, 920, 67.0583, 0
PixelHit 1282, 921, 44.7701, 0
PixelHit 1282, 922, 11.5068, 0
PixelHit 1283, 916, 0.556677, 0
PixelHit 1283, 917, 8.13294, 0
PixelHit 1283, 918, 34.4269, 0
PixelHit 1283, 919, 55.6415, 0
PixelHit 1283, 920, 58.5855, 0
PixelHit 1283, 921, 51.4105, 0
PixelHit 1283, 922, 30.9552, 0
PixelHit 1283, 923, 5.79851, 0
PixelHit 1284, 918, 8.37105, 0
PixelHit 1284, 919, 15.3765, 0
PixelHit 1284, 920, 45.5606, 0
PixelHit 1284, 921, 74.751, 0
PixelHit 1284, 922, 51.5197, 0
PixelHit 1284, 923, 11.8117, 0
PixelHit 1285, 920, 12.4194, 0
PixelHit 1285, 921, 37.6164, 0
PixelHit 1285, 922, 47.9925, 0
PixelHit 1285, 923, 16.3534, 0
PixelHit 1285, 924, 2.32791, 0
PixelHit 1286, 920, 1.32796, 0
PixelHit 1286, 921, 18.559, 0
PixelHit 1286, 922, 40.6313, 0
PixelHit 1286, 923, 26.1625, 0
PixelHit 1286, 924, 3.99444, 0
PixelHit 1286, 925, 1.33233, 0
PixelHit 1287, 921, 1.96968, 0
PixelHit 1287, 922, 14.8459, 0
PixelHit 1287, 923, 28.5067, 0
PixelHit 1287, 924, 11.5197, 0
PixelHit 1287, 925, 2.34134, 0
PixelHit 1288, 921, 2.01337, 0
PixelHit 1288, 922, 4.96786, 0
PixelHit 1288, 923, 18.3483, 0
PixelHit 1288, 924, 21.0535, 0
PixelHit 1288, 925, 32.0147, 0
PixelHit 1288, 926, 24.4003, 0
PixelHit 1288, 927, 5.27984, 0
PixelHit 1289, 923, 5.35483, 0
PixelHit 1289, 924, 15.0078, 0
PixelHit 1289, 925, 55.1896, 0
PixelHit 1289, 926, 80.1107, 0
PixelHit 1289, 927, 15.0739, 0
PixelHit 1290, 924, 4.43107, 0
PixelHit 1290, 925, 42.1301, 0
PixelHit 1290, 926, 45.5044, 0
PixelHit 1290, 927, 30.9776, 0
PixelHit 1290, 928, 4.31214, 0
PixelHit 1291, 925, 3.89833, 0
PixelHit 1291, 926, 10.6154, 0
PixelHit 1291, 927, 12.9757, 0
PixelHit 1291, 928, 19.8175, 0
PixelHit 1291, 929, 12.5852, 0
PixelHit 1291, 930, 3.48191, 0
PixelHit 1292, 925, 1.91877, 0
PixelHit 1292, 926, 1.81718, 0
PixelHit 1292, 927, 0.769609, 0
PixelHit 1292, 928, 14.5661, 0
PixelHit 1292, 929, 35.3239, 0
PixelHit 1292, 930, 11.1923, 0
PixelHit 1293, 928, 11.3635, 0
PixelHit 1293, 929, 10.2341, 0
PixelHit 1293, 930, 26.6556, 0
PixelHit 1293, 931, 6.58925, 0
PixelHit 1294, 929, 4.52187, 0
PixelHit 1294, 930, 21.6851, 0
PixelHit 1294, 931, 14.3984, 0
PixelHit 1294, 932, 5.53351, 0
PixelHit 1295, 930, 15.4091, 0
PixelHit 1295, 931, 36.5578, 0
PixelHit 1295, 932, 13.9388, 0
PixelHit 1296, 930, 6.16866, 0
PixelHit 1296, 931, 62.1367, 0
PixelHit 1296, 932, 93.7876, 0
PixelHit 1296, 933, 5.87728, 0
PixelHit 1297, 931, 74.1276, 0
PixelHit 1297, 932, 180.439, 0
PixelHit 1297, 933, 31.4586, 0
PixelHit 1298, 931, 33.5982, 0
PixelHit 1298, 932, 156.761, 0
PixelHit 1298, 933, 27.4907, 0
PixelHit 1299, 931, 3.49333, 0
PixelHit 1299, 932, 42.1085, 0
PixelHit 1299, 933, 24.1885, 0
PixelHit 1300, 932, 75.3292, 0
PixelHit 1300, 933, 87.2085, 0
PixelHit 1301, 932, 30.1743, 0
PixelHit 1301, 933, 45.035, 0
PixelHit 1302, 932, 31.0089, 0
PixelHit 1302, 933, 56.2266, 0
PixelHit 1302, 934, 4.47534, 0
PixelHit 1303, 932, 9.64767, 0
PixelHit 1303, 933, 9.92951, 0
PixelHit 1304, 932, 472.09, 0
PixelHit 1304, 933, 612.824, 0
PixelHit 1304, 934, 1.85337, 0
PixelHit 1305, 932, 508.582, 0
PixelHit 1305, 933, 569.153, 0
PixelHit 1305, 934, 7.86149, 0
PixelHit 1306, 932, 71.2031, 0
PixelHit 1306, 933, 25.7191, 0
PixelHit 1307, 931, 4.04852, 0
PixelHit 1307, 932, 44.5394, 0
PixelHit 1307, 933, 2.67622, 0
PixelHit 1308, 931, 27.4842, 0
PixelHit 1308, 932, 112.539, 0
PixelHit 1308, 933, 1.32537, 0
PixelHit 1309, 930, 1.6563, 0
PixelHit 1309, 931, 61.0613, 0
PixelHit 1309, 932, 189.19, 0
PixelHit 1309, 933, 4.90529, 0
PixelHit 1310, 930, 2.67763, 0
PixelHit 1310, 931, 60.8136, 0
PixelHit 1310, 932, 51.2934, 0
PixelHit 1311, 930, 4.95502, 0
PixelHit 1311, 931, 170.281, 0
PixelHit 1311, 932, 141.491, 0
PixelHit 1312, 930, 5.64323, 0
PixelHit 1312, 931, 217.779, 0
PixelHit 1312, 932, 129.496, 0
PixelHit 1313, 930, 2.69822, 0
PixelHit 1313, 931, 55.0908, 0
PixelHit 1313, 932, 23.3231, 0
PixelHit 1314, 930, 11.7639, 0
PixelHit 1314, 931, 109.246, 0
PixelHit 1314, 932, 27.578, 0
PixelHit 1315, 930, 38.6311, 0
PixelHit 1315, 931, 151.31, 0
PixelHit 1315, 932, 31.9994, 0
PixelHit 1316, 930, 16.2489, 0
PixelHit 1316, 931, 45.2079, 0
PixelHit 1316, 932, 16.462, 0
PixelHit 1317, 929, 1.97514, 0
PixelHit 1317, 930, 34.8004, 0
PixelHit 1317, 931, 51.2228, 0
PixelHit 1317, 932, 13.6331, 0
PixelHit 1318, 929, 2.23812, 0
PixelHit 1318, 930, 48.3074, 0
PixelHit 1318, 931, 99.7228, 0
PixelHit 1318, 932, 17.9003, 0
PixelHit 1319, 929, 8.54645, 0
PixelHit 1319, 930, 56.5808, 0
PixelHit 1319, 931, 57.6053, 0
PixelHit 1319, 932, 7.66228, 0
PixelHit 1319, 933, 4.94548, 0
PixelHit 1320, 929, 17.9067, 0
PixelHit 1320, 930, 53.6832, 0
PixelHit 1320, 931, 41.7873, 0
PixelHit 1320, 932, 5.40874, 0
PixelHit 1321, 928, 5.10857, 0
PixelHit 1321, 929, 35.3789, 0
PixelHit 1321, 930, 61.6178, 0
PixelHit 1321, 931, 21.6504, 0
PixelHit 1321, 932, 2.12899, 0
PixelHit 1322, 927, 2.69193, 0
PixelHit 1322, 928, 11.5149, 0
PixelHit 1322, 929, 15.1872, 0
PixelHit 1322, 930, 25.1134, 0
PixelHit 1322, 931, 17.5474, 0
PixelHit 1322, 932, 1.32049, 0
PixelHit 1323, 927, 6.1676, 0
PixelHit 1323, 928, 14.1993, 0
PixelHit 1323, 929, 24.4909, 0
PixelHit 1323, 930, 13.8595, 0
PixelHit 1323, 931, 1.00521, 0
PixelHit 1324, 924, 1.7038, 0
PixelHit 1324, 925, 2.8605, 0
PixelHit 1324, 927, 14.6491, 0
PixelHit 1324, 928, 19.9274, 0
PixelHit 1324, 929, 14.3187, 0
PixelHit 1324, 930, 0.790334, 0
PixelHit 1325, 924, 13.3019, 0
PixelHit 1325, 925, 18.1558, 0
PixelHit 1325, 926, 12.7332, 0
PixelHit 1325, 927, 16.2613, 0
PixelHit 1325, 928, 6.46111, 0
PixelHit 1325, 929, 3.19988, 0
PixelHit 1325, 930, 1.23041, 0
PixelHit 1326, 921, 3.54309, 0
PixelHit 1326, 922, 6.27333, 0
PixelHit 1326, 923, 13.2007, 0
PixelHit 1326, 924, 31.685, 0
PixelHit 1326, 925, 52.8359, 0
PixelHit 1326, 926, 18.6233, 0
PixelHit 1326, 927, 3.65098, 0
PixelHit 1326, 928, 2.54343, 0
PixelHit 1327, 919, 3.70389, 0
PixelHit 1327, 921, 7.22425, 0
PixelHit 1327, 922, 21.569, 0
PixelHit 1327, 923, 30.1141, 0
PixelHit 1327, 924, 29.3439, 0
PixelHit 1327, 925, 29.3136, 0
PixelHit 1327, 926, 11.2793, 0
PixelHit 1327, 927, 1.69245, 0
PixelHit 1328, 919, 13.07, 0
PixelHit 1328, 920, 41.5309, 0
PixelHit 1328, 921, 38.7701, 0
PixelHit 1328, 922, 23.952, 0
PixelHit 1328, 923, 21.411, 0
PixelHit 1328, 924, 11.1889, 0
PixelHit 1328, 925, 7.04985, 0
PixelHit 1329, 917, 3.35903, 0
PixelHit 1329, 918, 9.29015, 0
PixelHit 1329, 919, 83.2075, 0
PixelHit 1329, 920, 212.753, 0
PixelHit 1329, 921, 165.939, 0
PixelHit 1329, 922, 57.2131, 0
PixelHit 1329, 923, 6.67744, 0
PixelHit 1329, 924, 3.77523, 0
PixelHit 1329, 925, 1.31077, 0
PixelHit 1330, 915, 0.0799101, 0
PixelHit 1330, 916, 0.365638, 0
PixelHit 1330, 917, 5.55512, 0
PixelHit 1330, 918, 32.3745, 0
PixelHit 1330, 919, 139.231, 0
PixelHit 1330, 920, 352.373, 0
PixelHit 1330, 921, 231.428, 0
PixelHit 1330, 922, 53.1512, 0
PixelHit 1330, 923, 6.94949, 0
PixelHit 1331, 912, 1.04427, 0
PixelHit 1331, 913, 3.67315, 0
PixelHit 1331, 914, 3.60504, 0
PixelHit 1331, 915, 13.2811, 0
PixelHit 1331, 916, 16.4531, 0
PixelHit 1331, 917, 19.0098, 0
PixelHit 1331, 918, 41.7036, 0
PixelHit 1331, 919, 95.9764, 0
PixelHit 1331, 920, 126.059, 0
PixelHit 1331, 921, 108.998, 0
PixelHit 1331, 922, 19.5938, 0
PixelHit 1331, 923, 3.41187, 0
PixelHit 1332, 910, 1.18562, 0
PixelHit 1332, 911, 7.01098, 0
PixelHit 1332, 912, 10.5126, 0
PixelHit 1332, 913, 16.9847, 0
PixelHit 1332, 914, 25.1573, 0
PixelHit 1332, 915, 35.514, 0
PixelHit 1332, 916, 36.4713, 0
PixelHit 1332, 917, 51.6102, 0
PixelHit 1332, 918, 40.9694, 0
PixelHit 1332, 919, 25.3457, 0
PixelHit 1332, 920, 27.4451, 0
PixelHit 1332, 921, 13.5965, 0
PixelHit 1332, 922, 1.47633, 0
PixelHit 1332, 923, 0.11655, 0
PixelHit 1333, 901, 0.214747, 0
PixelHit 1333, 909, 10.4168, 0
PixelHit 1333, 910, 7.63623, 0
PixelHit 1333, 911, 19.6267, 0
PixelHit 1333, 912, 24.6827, 0
PixelHit 1333, 913, 37.9686, 0
PixelHit 1333, 914, 46.8403, 0
PixelHit 1333, 915, 38.7899, 0
PixelHit 1333, 916, 36.1534, 0
PixelHit 1333, 917, 33.9915, 0
PixelHit 1333, 918, 16.9407, 0
PixelHit 1333, 919, 7.70865, 0
PixelHit 1333, 920, 3.88887, 0
PixelHit 1334, 901, 3.46137, 0
PixelHit 1334, 903, 3.78307, 0
PixelHit 1334, 904, 3.47338, 0
PixelHit 1334, 905, 6.21166, 0
PixelHit 1334, 906, 8.54227, 0
PixelHit 1334, 907, 14.6492, 0
PixelHit 1334, 908, 21.9965, 0
PixelHit 1334, 909, 18.6802, 0
PixelHit 1334, 910, 19.2169, 0
PixelHit 1334, 911, 13.9511, 0
PixelHit 1334, 912, 24.3141, 0
PixelHit 1334, 913, 45.1341, 0
PixelHit 1334, 914, 33.1436, 0
PixelHit 1334, 915, 18.8964, 0
PixelHit 1334, 916, 14.8879, 0
PixelHit 1334, 917, 4.92329, 0
PixelHit 1334, 918, 4.77374, 0
PixelHit 1334, 919, 3.61104, 0
PixelHit 1335, 897, 1.92707, 0
PixelHit 1335, 898, 4.15119, 0
PixelHit 1335, 899, 6.8606, 0
PixelHit 1335, 900, 8.44091, 0
PixelHit 1335, 901, 9.71753, 0
PixelHit 1335, 902, 11.785, 0
PixelHit 1335, 903, 16.1572, 0
PixelHit 1335, 904, 19.0784, 0
PixelHit 1335, 905, 11.1931, 0
PixelHit 1335, 906, 26.0064, 0
PixelHit 1335, 907, 34.6802, 0
PixelHit 1335, 908, 30.2094, 0
PixelHit 1335, 909, 26.2005, 0
PixelHit 1335, 910, 25.2179, 0
PixelHit 1335, 911, 14.4316, 0
PixelHit 1335, 912, 15.6845, 0
PixelHit 1335, 913, 12.6061, 0
PixelHit 1335, 914, 5.89924, 0
PixelHit 1335, 915, 3.208, 0
PixelHit 1335, 916, 4.95845, 0
PixelHit 1335, 917, 2.39584, 0
PixelHit 1336, 896, 5.46749, 0
PixelHit 1336, 897, 21.5451, 0
PixelHit 1336, 898, 24.4282, 0
PixelHit 1336, 899, 15.4792, 0
PixelHit 1336, 900, 17.3871, 0
PixelHit 1336, 901, 25.5986, 0
PixelHit 1336, 902, 37.3302, 0
PixelHit 1336, 903, 37.7067, 0
PixelHit 1336, 904, 30.5277, 0
PixelHit 1336, 905, 20.9285, 0
PixelHit 1336, 906, 15.2196, 0
PixelHit 1336, 907, 20.6578, 0
PixelHit 1336, 908, 20.74, 0
PixelHit 1336, 909, 15.4691, 0
PixelHit 1336, 910, 4.28285, 0
PixelHit 1336, 911, 2.91189, 0
PixelHit 1336, 912, 5.0716, 0
PixelHit 1336, 913, 2.29285, 0
PixelHit 1337, 895, 2.69278, 0
PixelHit 1337, 896, 14.8118, 0
PixelHit 1337, 897, 46.8752, 0
PixelHit 1337, 898, 28.7591, 0
PixelHit 1337, 899, 18.89, 0
PixelHit 1337, 900, 17.9687, 0
PixelHit 1337, 901, 30.7458, 0
PixelHit 1337, 902, 26.8084, 0
PixelHit 1337, 903, 19.0082, 0
PixelHit 1337, 904, 11.915, 0
PixelHit 1337, 905, 8.3191, 0
PixelHit 1337, 906, 5.27929, 0
PixelHit 1337, 907, 6.06921, 0
PixelHit 1337, 908, 2.885, 0
PixelHit 1338, 895, 2.38412, 0
PixelHit 1338, 896, 15.6813, 0
PixelHit 1338, 897, 36.7522, 0
PixelHit 1338, 898, 17.4308, 0
PixelHit 1338, 899, 14.2551, 0
PixelHit 1338, 900, 13.069, 0
PixelHit 1338, 901, 10.3299, 0
PixelHit 1338, 902, 6.66012, 0
PixelHit 1338, 903, 4.08618, 0
PixelHit 1338, 904, 3.89072, 0
PixelHit 1339, 895, 1.71311, 0
PixelHit 1339, 897, 13.394, 0
PixelHit 1339, 898, 10.3638, 0
PixelHit 1339, 899, 1.97318, 0
PixelHit 1339, 901, 1.78671, 0
PixelHit 1339, 902, 3.10636, 0
PixelHit 1339, 903, 2.05114, 0
PixelHit 1339, 904, 1.83304, 0
PixelHit 1341, 897, 2.10897, 0
PixelHit 1358, 860, 1.13258, 0
PixelHit 1359, 859, 1.16121, 0
PixelHit 1361, 859, 1.3635, 0
=== 68 ===
=== 69 ===
=== 70 ===
=== 71 ===
--- mydetector ---
PixelHit 1221, 1133, 1.58844, 0
PixelHit 1222, 1129, 1.63971, 0
PixelHit 1222, 1131, 6.11046, 0
PixelHit 1222, 1132, 18.5087, 0
PixelHit 1222, 1133, 43.6601, 0
PixelHit 1222, 1134, 32.8324, 0
PixelHit 1222, 1137, 1.85871, 0
PixelHit 1223, 1125, 2.85592, 0
PixelHit 1223, 1126, 3.33213, 0
PixelHit 1223, 1127, 13.7904, 0
PixelHit 1223, 1128, 66.2624, 0
PixelHit 1223, 1129, 34.7973, 0
PixelHit 1223, 1130, 21.2243, 0
PixelHit 1223, 1131, 76.6826, 0
PixelHit 1223, 1132, 145.758, 0
PixelHit 1223, 1133, 471.968, 0
PixelHit 1223, 1134, 301.443, 0
PixelHit 1223, 1135, 41.2613, 0
PixelHit 1223, 1136, 10.5128, 0
PixelHit 1223, 1137, 4.16627, 0
PixelHit 1223, 1138, 4.27465, 0
PixelHit 1223, 1139, 1.86652, 0
PixelHit 1224, 1124, 5.02449, 0
PixelHit 1224, 1125, 40.6653, 0
PixelHit 1224, 1126, 74.5763, 0
PixelHit 1224, 1127, 128.255, 0
PixelHit 1224, 1128, 413.763, 0
PixelHit 1224, 1129, 209.394, 0
PixelHit 1224, 1130, 33.8882, 0
PixelHit 1224, 1131, 69.2136, 0
PixelHit 1224, 1132, 129.685, 0
PixelHit 1224, 1133, 407.415, 0
PixelHit 1224, 1134, 253.329, 0
PixelHit 1224, 1135, 68.3115, 0
PixelHit 1224, 1136, 43.8599, 0
PixelHit 1224, 1137, 42.4054, 0
PixelHit 1224, 1138, 22.1087, 0
PixelHit 1224, 1139, 5.8439, 0
PixelHit 1224, 1140, 1.9019, 0
PixelHit 1225, 1121, 3.30987, 0
PixelHit 1225, 1122, 13.1297, 0
PixelHit 1225, 1123, 22.3799, 0
PixelHit 1225, 1124, 104.328, 0
PixelHit 1225, 1125, 128.049, 0
PixelHit 1225, 1126, 170.336, 0
PixelHit 1225, 1127, 91.7436, 0
PixelHit 1225, 1128, 195.369, 0
PixelHit 1225, 1129, 89.19, 0
PixelHit 1225, 1130, 8.65581, 0
PixelHit 1225, 1131, 4.23313, 0
PixelHit 1225, 1132, 14.9398, 0
PixelHit 1225, 1133, 37.542, 0
PixelHit 1225, 1134, 23.489, 0
PixelHit 1225, 1135, 15.3354, 0
PixelHit 1225, 1136, 32.4072, 0
PixelHit 1225, 1137, 67.3148, 0
PixelHit 1225, 1138, 79.5776, 0
PixelHit 1225, 1139, 48.6217, 0
PixelHit 1225, 1140, 15.7137, 0
PixelHit 1225, 1141, 9.0464, 0
PixelHit 1225, 1142, 4.15882, 0
PixelHit 1225, 1144, 1.98878, 0
PixelHit 1226, 1098, 3.03848, 0
PixelHit 1226, 1099, 1.97399, 0
PixelHit 1226, 1100, 4.14958, 0
PixelHit 1226, 1101, 10.1328, 0
PixelHit 1226, 1103, 1.21976, 0
PixelHit 1226, 1120, 9.74283, 0
PixelHit 1226, 1121, 88.1118, 0
PixelHit 1226, 1122, 213.769, 0
PixelHit 1226, 1123, 48.4292, 0
PixelHit 1226, 1124, 68.071, 0
PixelHit 1226, 1125, 27.1895, 0
PixelHit 1226, 1126, 22.3539, 0
PixelHit 1226, 1127, 3.0209, 0
PixelHit 1226, 1128, 9.30062, 0
PixelHit 1226, 1129, 1.11632, 0
PixelHit 1226, 1136, 5.47673, 0
PixelHit 1226, 1137, 20.2105, 0
PixelHit 1226, 1138, 58.5183, 0
PixelHit 1226, 1139, 50.9343, 0
PixelHit 1226, 1140, 43.7569, 0
PixelHit 1226, 1141, 26.0141, 0
PixelHit 1226, 1142, 23.4156, 0
PixelHit 1226, 1143, 12.1983, 0
PixelHit 1226, 1144, 5.36002, 0
PixelHit 1226, 1145, 9.0829, 0
PixelHit 1226, 1146, 1.57546, 0
PixelHit 1226, 1147, 1.17156, 0
PixelHit 1227, 1094, 5.38667, 0
PixelHit 1227, 1095, 20.4434, 0
PixelHit 1227, 1096, 26.0476, 0
PixelHit 1227, 1097, 66.7493, 0
PixelHit 1227, 1098, 136.382, 0
PixelHit 1227, 1099, 48.4785, 0
PixelHit 1227, 1100, 91.5511, 0
PixelHit 1227, 1101, 109.124, 0
PixelHit 1227, 1102, 54.6114, 0
PixelHit 1227, 1103, 117.881, 0
PixelHit 1227, 1104, 24.097, 0
PixelHit 1227, 1105, 2.11589, 0
PixelHit 1227, 1118, 2.68892, 0
PixelHit 1227, 1119, 27.7752, 0
PixelHit 1227, 1120, 87.4712, 0
PixelHit 1227, 1121, 130.927, 0
PixelHit 1227, 1122, 112.079, 0
PixelHit 1227, 1123, 19.4176, 0
PixelHit 1227, 1124, 4.75913, 0
PixelHit 1227, 1136, 1.51579, 0
PixelHit 1227, 1138, 11.173, 0
PixelHit 1227, 1139, 30.0506, 0
PixelHit 1227, 1140, 47.4805, 0
PixelHit 1227, 1141, 52.045, 0
PixelHit 1227, 1142, 92.4963, 0
PixelHit 1227, 1143, 79.4183, 0
PixelHit 1227, 1144, 56.3075, 0
PixelHit 1227, 1145, 30.0791, 0
PixelHit 1227, 1146, 15.6501, 0
PixelHit 1228, 1092, 19.0206, 0
PixelHit 1228, 1093, 57.2909, 0
PixelHit 1228, 1094, 79.3601, 0
PixelHit 1228, 1095, 130.157, 0
PixelHit 1228, 1096, 44.1614, 0
PixelHit 1228, 1097, 23.4677, 0
PixelHit 1228, 1098, 9.09536, 0
PixelHit 1228, 1099, 1.67627, 0
PixelHit 1228, 1100, 5.32852, 0
PixelHit 1228, 1102, 4.58727, 0
PixelHit 1228, 1103, 16.7973, 0
PixelHit 1228, 1104, 21.5765, 0
PixelHit 1228, 1105, 62.0484, 0
PixelHit 1228, 1106, 46.969, 0
PixelHit 1228, 1107, 7.32869, 0
PixelHit 1228, 1108, 2.67865, 0
PixelHit 1228, 1115, 1.68227, 0
PixelHit 1228, 1116, 3.31695, 0
PixelHit 1228, 1117, 22.4291, 0
PixelHit 1228, 1118, 49.0294, 0
PixelHit 1228, 1119, 63.2117, 0
PixelHit 1228, 1120, 47.7389, 0
PixelHit 1228, 1121, 15.1562, 0
PixelHit 1228, 1139, 7.93138, 0
PixelHit 1228, 1140, 22.2503, 0
PixelHit 1228, 1141, 60.3343, 0
PixelHit 1228, 1142, 133.334, 0
PixelHit 1228, 1143, 183.293, 0
PixelHit 1228, 1144, 220.158, 0
PixelHit 1228, 1145, 184.034, 0
PixelHit 1228, 1146, 70.1506, 0
PixelHit 1228, 1147, 13.4716, 0
PixelHit 1228, 1149, 1.03101, 0
PixelHit 1229, 1091, 34.6754, 0
PixelHit 1229, 1092, 37.4251, 0
PixelHit 1229, 1093, 25.2713, 0
PixelHit 1229, 1094, 3.26135, 0
PixelHit 1229, 1095, 4.24458, 0
PixelHit 1229, 1106, 25.5196, 0
PixelHit 1229, 1107, 94.4064, 0
PixelHit 1229, 1108, 43.2117, 0
PixelHit 1229, 1109, 33.5163, 0
PixelHit 1229, 1110, 1.44162, 0
PixelHit 1229, 1111, 1.94363, 0
PixelHit 1229, 1112, 6.77481, 0
PixelHit 1229, 1113, 4.11921, 0
PixelHit 1229, 1114, 19.1245, 0
PixelHit 1229, 1115, 63.0067, 0
PixelHit 1229, 1116, 73.4659, 0
PixelHit 1229, 1117, 48.5856, 0
PixelHit 1229, 1118, 15.1438, 0
PixelHit 1229, 1119, 3.0751, 0
PixelHit 1229, 1140, 8.3182, 0
PixelHit 1229, 1141, 31.7359, 0
PixelHit 1229, 1142, 94.5802, 0
PixelHit 1229, 1143, 212.661, 0
PixelHit 1229, 1144, 334.493, 0
PixelHit 1229, 1145, 270.548, 0
PixelHit 1229, 1146, 116.776, 0
PixelHit 1229, 1147, 22.7961, 0
PixelHit 1229, 1148, 4.54924, 0
PixelHit 1230, 1091, 2.0034, 0
PixelHit 1230, 1107, 12.1205, 0
PixelHit 1230, 1108, 22.2208, 0
PixelHit 1230, 1109, 35.4664, 0
PixelHit 1230, 1110, 14.2253, 0
PixelHit 1230, 1111, 30.0622, 0
PixelHit 1230, 1112, 141.137, 0
PixelHit 1230, 1113, 142.034, 0
PixelHit 1230, 1114, 83.9339, 0
PixelHit 1230, 1115, 41.3348, 0
PixelHit 1230, 1116, 12.3655, 0
PixelHit 1230, 1140, 0.248524, 0
PixelHit 1230, 1141, 9.29837, 0
PixelHit 1230, 1142, 41.6464, 0
PixelHit 1230, 1143, 111.827, 0
PixelHit 1230, 1144, 206.403, 0
PixelHit 1230, 1145, 192, 0
PixelHit 1230, 1146, 99.1151, 0
PixelHit 1230, 1147, 22.2247, 0
PixelHit 1230, 1148, 2.19076, 0
PixelHit 1231, 1111, 1.39297, 0
PixelHit 1231, 1112, 2.75833, 0
PixelHit 1231, 1113, 9.56693, 0
PixelHit 1231, 1114, 1.60672, 0
PixelHit 1231, 1140, 1.04639, 0
PixelHit 1231, 1141, 2.76278, 0
PixelHit 1231, 1142, 9.46607, 0
PixelHit 1231, 1143, 46.3159, 0
PixelHit 1231, 1144, 78.5993, 0
PixelHit 1231, 1145, 73.5424, 0
PixelHit 1231, 1146, 29.2726, 0
PixelHit 1231, 1147, 10.232, 0
PixelHit 1231, 1148, 2.89989, 0
PixelHit 1232, 1142, 3.45881, 0
PixelHit 1232, 1143, 5.97774, 0
PixelHit 1232, 1144, 25.206, 0
PixelHit 1232, 1145, 14.5568, 0
PixelHit 1232, 1146, 5.91805, 0
PixelHit 1232, 1147, 3.02971, 0
PixelHit 1233, 1144, 1.30496, 0
PixelHit 1233, 1145, 2.79779, 0
PixelHit 1233, 1146, 1.16296, 0
PixelHit 1296, 975, 1.84386, 0
=== 72 ===
=== 73 ===
=== 74 ===
=== 75 ===
=== 76 ===
=== 77 ===
=== 78 ===
=== 79 ===
=== 80 ===
=== 81 ===
=== 82 ===
=== 83 ===
=== 84 ===
=== 85 ===
=== 86 ===
=== 87 ===
=== 88 ===
=== 89 ===
=== 90 ===
=== 91 ===
=== 92 ===
=== 93 ===
=== 94 ===
=== 95 ===
=== 96 ===
=== 97 ===
=== 98 ===
=== 99 ===
=== 100 ===
# 653 objects from 2 messages
