# Allpix Squared ASCII data - https://cern.ch/allpix-squared

=== 1 ===
=== 2 ===
--- mydetector ---
PixelHit 1285, 959, 0.742187, 0
PixelHit 1286, 959, 3.46644, 0
PixelHit 1286, 960, 11.7793, 0
PixelHit 1286, 961, 12.7095, 0
PixelHit 1286, 962, 3.8793, 0
PixelHit 1286, 963, 1.84714, 0
PixelHit 1287, 958, 6.16091, 0
PixelHit 1287, 959, 34.8167, 0
PixelHit 1287, 960, 56.2415, 0
PixelHit 1287, 961, 52.9004, 0
PixelHit 1287, 962, 19.2924, 0
PixelHit 1287, 963, 5.48302, 0
PixelHit 1288, 957, 5.43536, 0
PixelHit 1288, 958, 27.2861, 0
PixelHit 1288, 959, 106.709, 0
PixelHit 1288, 960, 160.918, 0
PixelHit 1288, 961, 156.437, 0
PixelHit 1288, 962, 74.9525, 0
PixelHit 1288, 963, 10.1227, 0
PixelHit 1289, 956, 1.55483, 0
PixelHit 1289, 957, 11.0407, 0
PixelHit 1289, 958, 51.2074, 0
PixelHit 1289, 959, 174.907, 0
PixelHit 1289, 960, 321.069, 0
PixelHit 1289, 961, 255.149, 0
PixelHit 1289, 962, 138.739, 0
PixelHit 1289, 963, 18.7481, 0
PixelHit 1289, 964, 1.44048, 0
PixelHit 1289, 965, 0.989213, 0
PixelHit 1290, 957, 11.2228, 0
PixelHit 1290, 958, 81.7886, 0
PixelHit 1290, 959, 198.258, 0
PixelHit 1290, 960, 284.353, 0
PixelHit 1290, 961, 231.93, 0
PixelHit 1290, 962, 92.9698, 0
PixelHit 1290, 963, 18.4177, 0
PixelHit 1291, 957, 13.028, 0
PixelHit 1291, 958, 64.6677, 0
PixelHit 1291, 959, 139.6, 0
PixelHit 1291, 960, 192.456, 0
PixelHit 1291, 961, 105.927, 0
PixelHit 1291, 962, 39.4988, 0
PixelHit 1291, 963, 7.44573, 0
PixelHit 1292, 956, 2.68942, 0
PixelHit 1292, 957, 8.91633, 0
PixelHit 1292, 958, 41.9957, 0
PixelHit 1292, 959, 85.3915, 0
PixelHit 1292, 960, 67.3459, 0
PixelHit 1292, 961, 35.2402, 0
PixelHit 1292, 962, 8.27821, 0
PixelHit 1292, 963, 1.40672, 0
PixelHit 1293, 957, 14.2947, 0
PixelHit 1293, 958, 30.8706, 0
PixelHit 1293, 959, 48.5223, 0
PixelHit 1293, 960, 36.1091, 0
PixelHit 1293, 961, 7.11772, 0
PixelHit 1294, 957, 12.8545, 0
PixelHit 1294, 958, 39.5898, 0
PixelHit 1294, 959, 60.319, 0
PixelHit 1294, 960, 53.5556, 0
PixelHit 1294, 961, 10.3861, 0
PixelHit 1294, 962, 1.72351, 0
PixelHit 1295, 957, 6.82259, 0
PixelHit 1295, 958, 26.4711, 0
PixelHit 1295, 959, 57.7437, 0
PixelHit 1295, 960, 41.3408, 0
PixelHit 1295, 961, 23.3105, 0
PixelHit 1295, 962, 2.35036, 0
PixelHit 1296, 956, 1.85766, 0
PixelHit 1296, 957, 4.33077, 0
PixelHit 1296, 958, 25.3477, 0
PixelHit 1296, 959, 72.2769, 0
PixelHit 1296, 960, 50.6594, 0
PixelHit 1296, 961, 31.8626, 0
PixelHit 1296, 962, 9.22662, 0
PixelHit 1296, 963, 4.87883, 0
PixelHit 1297, 957, 4.95405, 0
PixelHit 1297, 958, 24.1093, 0
PixelHit 1297, 959, 61.6702, 0
PixelHit 1297, 960, 65.8636, 0
PixelHit 1297, 961, 52.702, 0
PixelHit 1297, 962, 32.5342, 0
PixelHit 1297, 963, 9.08097, 0
PixelHit 1297, 964, 6.83099, 0
PixelHit 1297, 965, 0.993169, 0
PixelHit 1297, 966, 0.86097, 0
PixelHit 1298, 957, 2.32698, 0
PixelHit 1298, 958, 11.927, 0
PixelHit 1298, 959, 49.1999, 0
PixelHit 1298, 960, 75.2402, 0
PixelHit 1298, 961, 58.2125, 0
PixelHit 1298, 962, 39.0363, 0
PixelHit 1298, 963, 29.1374, 0
PixelHit 1298, 964, 12.453, 0
PixelHit 1298, 965, 15.4117, 0
PixelHit 1298, 966, 4.96582, 0
PixelHit 1298, 967, 3.54371, 0
PixelHit 1299, 958, 3.09108, 0
PixelHit 1299, 959, 13.792, 0
PixelHit 1299, 960, 48.3331, 0
PixelHit 1299, 961, 60.3508, 0
PixelHit 1299, 962, 35.7465, 0
PixelHit 1299, 963, 45.6574, 0
PixelHit 1299, 964, 27.8733, 0
PixelHit 1299, 965, 41.8334, 0
PixelHit 1299, 966, 23.1627, 0
PixelHit 1299, 967, 18.4864, 0
PixelHit 1300, 959, 2.81126, 0
PixelHit 1300, 960, 13.1503, 0
PixelHit 1300, 961, 16.2128, 0
PixelHit 1300, 962, 20.5235, 0
PixelHit 1300, 963, 21.8809, 0
PixelHit 1300, 964, 28.3323, 0
PixelHit 1300, 965, 56.739, 0
PixelHit 1300, 966, 55.4688, 0
PixelHit 1300, 967, 29.2425, 0
PixelHit 1300, 968, 15.5582, 0
PixelHit 1301, 960, 5.30341, 0
PixelHit 1301, 962, 8.79834, 0
PixelHit 1301, 963, 18.5116, 0
PixelHit 1301, 964, 27.7742, 0
PixelHit 1301, 965, 52.7919, 0
PixelHit 1301, 966, 82.7785, 0
PixelHit 1301, 967, 39.4188, 0
PixelHit 1301, 968, 9.14937, 0
PixelHit 1301, 969, 5.98868, 0
PixelHit 1301, 970, 1.15402, 0
PixelHit 1302, 963, 4.25634, 0
PixelHit 1302, 964, 20.9192, 0
PixelHit 1302, 965, 51.9152, 0
PixelHit 1302, 966, 84.1781, 0
PixelHit 1302, 967, 64.4981, 0
PixelHit 1302, 968, 13.4249, 0
PixelHit 1302, 969, 2.83278, 0
PixelHit 1303, 962, 0.260694, 0
PixelHit 1303, 964, 18.9646, 0
PixelHit 1303, 965, 74.3034, 0
PixelHit 1303, 966, 139.742, 0
PixelHit 1303, 967, 78.9272, 0
PixelHit 1303, 968, 31.7962, 0
PixelHit 1303, 969, 2.10168, 0
PixelHit 1304, 963, 5.1561, 0
PixelHit 1304, 964, 29.3705, 0
PixelHit 1304, 965, 86.6923, 0
PixelHit 1304, 966, 156.871, 0
PixelHit 1304, 967, 86.4896, 0
PixelHit 1304, 968, 44.1108, 0
PixelHit 1304, 969, 5.92301, 0
PixelHit 1305, 962, 1.84945, 0
PixelHit 1305, 963, 4.96943, 0
PixelHit 1305, 964, 38.1645, 0
PixelHit 1305, 965, 106.246, 0
PixelHit 1305, 966, 164.618, 0
PixelHit 1305, 967, 117.78, 0
PixelHit 1305, 968, 47.1578, 0
PixelHit 1305, 969, 7.40398, 0
PixelHit 1305, 970, 0.899317, 0
PixelHit 1306, 963, 1.58906, 0
PixelHit 1306, 964, 19.572, 0
PixelHit 1306, 965, 97.152, 0
PixelHit 1306, 966, 144.901, 0
PixelHit 1306, 967, 136.14, 0
PixelHit 1306, 968, 23.8566, 0
PixelHit 1306, 969, 12.0701, 0
PixelHit 1307, 964, 13.1428, 0
PixelHit 1307, 965, 52.1287, 0
PixelHit 1307, 966, 114.906, 0
PixelHit 1307, 967, 100.507, 0
PixelHit 1307, 968, 45.3386, 0
PixelHit 1307, 969, 11.5956, 0
PixelHit 1308, 964, 14.2644, 0
PixelHit 1308, 965, 43.3952, 0
PixelHit 1308, 966, 90.0968, 0
PixelHit 1308, 967, 86.6182, 0
PixelHit 1308, 968, 41.787, 0
PixelHit 1308, 969, 8.65398, 0
PixelHit 1309, 964, 6.27685, 0
PixelHit 1309, 965, 30.2164, 0
PixelHit 1309, 966, 64.9416, 0
PixelHit 1309, 967, 46.2994, 0
PixelHit 1309, 968, 23.1187, 0
PixelHit 1310, 964, 9.49019, 0
PixelHit 1310, 965, 39.3462, 0
PixelHit 1310, 966, 61.0505, 0
PixelHit 1310, 967, 40.8665, 0
PixelHit 1310, 968, 17.4135, 0
PixelHit 1310, 969, 2.49383, 0
PixelHit 1311, 963, 5.03658, 0
PixelHit 1311, 964, 21.7156, 0
PixelHit 1311, 965, 51.7873, 0
PixelHit 1311, 966, 116.956, 0
PixelHit 1311, 967, 95.3445, 0
PixelHit 1311, 968, 24.7966, 0
PixelHit 1312, 963, 3.54822, 0
PixelHit 1312, 964, 33.2496, 0
PixelHit 1312, 965, 71.5372, 0
PixelHit 1312, 966, 121.752, 0
PixelHit 1312, 967, 91.7582, 0
PixelHit 1312, 968, 33.5564, 0
PixelHit 1312, 969, 4.37898, 0
PixelHit 1313, 963, 4.97453, 0
PixelHit 1313, 964, 23.4298, 0
PixelHit 1313, 965, 65.7748, 0
PixelHit 1313, 966, 109.01, 0
PixelHit 1313, 967, 71.727, 0
PixelHit 1313, 968, 23.0887, 0
PixelHit 1313, 969, 3.71374, 0
PixelHit 1314, 962, 1.31232, 0
PixelHit 1314, 963, 2.48507, 0
PixelHit 1314, 964, 19.0356, 0
PixelHit 1314, 965, 56.7848, 0
PixelHit 1314, 966, 77.3989, 0
PixelHit 1314, 967, 58.001, 0
PixelHit 1314, 968, 19.2911, 0
PixelHit 1314, 969, 2.8158, 0
PixelHit 1315, 962, 2.52542, 0
PixelHit 1315, 963, 1.70317, 0
PixelHit 1315, 964, 9.9771, 0
PixelHit 1315, 965, 47.7074, 0
PixelHit 1315, 966, 91.9029, 0
PixelHit 1315, 967, 52.7054, 0
PixelHit 1315, 968, 13.0372, 0
PixelHit 1315, 969, 3.50023, 0
PixelHit 1316, 964, 13.1109, 0
PixelHit 1316, 965, 49.9193, 0
PixelHit 1316, 966, 67.7684, 0
PixelHit 1316, 967, 45.1113, 0
PixelHit 1316, 968, 10.627, 0
PixelHit 1317, 963, 2.29408, 0
PixelHit 1317, 964, 16.1552, 0
PixelHit 1317, 965, 46.4432, 0
PixelHit 1317, 966, 63.6383, 0
PixelHit 1317, 967, 36.684, 0
PixelHit 1317, 968, 7.70326, 0
PixelHit 1317, 969, 1.05767, 0
PixelHit 1318, 964, 8.02645, 0
PixelHit 1318, 965, 41.9095, 0
PixelHit 1318, 966, 44.7473, 0
PixelHit 1318, 967, 25.5794, 0
PixelHit 1318, 968, 8.20731, 0
PixelHit 1319, 963, 3.16812, 0
PixelHit 1319, 964, 9.95332, 0
PixelHit 1319, 965, 32.2955, 0
PixelHit 1319, 966, 41.7353, 0
PixelHit 1319, 967, 20.5237, 0
PixelHit 1319, 968, 7.21336, 0
PixelHit 1319, 969, 1.81792, 0
PixelHit 1320, 963, 2.34228, 0
PixelHit 1320, 964, 8.22265, 0
PixelHit 1320, 965, 41.5756, 0
PixelHit 1320, 966, 53.8665, 0
PixelHit 1320, 967, 40.1734, 0
PixelHit 1320, 968, 30.1911, 0
PixelHit 1320, 969, 29.4098, 0
PixelHit 1320, 970, 8.10354, 0
PixelHit 1320, 971, 2.8549, 0
PixelHit 1321, 963, 1.91281, 0
PixelHit 1321, 964, 12.0852, 0
PixelHit 1321, 965, 45.1501, 0
PixelHit 1321, 966, 67.8794, 0
PixelHit 1321, 967, 115.043, 0
PixelHit 1321, 968, 180.175, 0
PixelHit 1321, 969, 129.234, 0
PixelHit 1321, 970, 51.3115, 0
PixelHit 1321, 971, 11.0382, 0
PixelHit 1321, 973, 1.82505, 0
PixelHit 1322, 963, 2.62674, 0
PixelHit 1322, 964, 8.62473, 0
PixelHit 1322, 965, 48.1467, 0
PixelHit 1322, 966, 159.241, 0
PixelHit 1322, 967, 261.276, 0
PixelHit 1322, 968, 424.624, 0
PixelHit 1322, 969, 373.569, 0
PixelHit 1322, 970, 150.026, 0
PixelHit 1322, 971, 25.3835, 0
PixelHit 1322, 972, 5.40349, 0
PixelHit 1322, 973, 1.53855, 0
PixelHit 1323, 963, 1.04576, 0
PixelHit 1323, 964, 7.32141, 0
PixelHit 1323, 965, 45.6358, 0
PixelHit 1323, 966, 184.75, 0
PixelHit 1323, 967, 406.258, 0
PixelHit 1323, 968, 582.601, 0
PixelHit 1323, 969, 484.452, 0
PixelHit 1323, 970, 215.162, 0
PixelHit 1323, 971, 39.5555, 0
PixelHit 1323, 972, 6.86881, 0
PixelHit 1324, 964, 11.78, 0
PixelHit 1324, 965, 36.0364, 0
PixelHit 1324, 966, 176.212, 0
PixelHit 1324, 967, 309.715, 0
PixelHit 1324, 968, 429.84, 0
PixelHit 1324, 969, 333.954, 0
PixelHit 1324, 970, 139.705, 0
PixelHit 1324, 971, 21.5319, 0
PixelHit 1324, 972, 1.72667, 0
PixelHit 1325, 962, 2.5791, 0
PixelHit 1325, 963, 2.31451, 0
PixelHit 1325, 964, 9.98948, 0
PixelHit 1325, 965, 50.411, 0
PixelHit 1325, 966, 89.8858, 0
PixelHit 1325, 967, 138.064, 0
PixelHit 1325, 968, 176.278, 0
PixelHit 1325, 969, 99.6174, 0
PixelHit 1325, 970, 43.8819, 0
PixelHit 1325, 971, 10.4614, 0
PixelHit 1325, 972, 2.86943, 0
PixelHit 1326, 963, 4.89159, 0
PixelHit 1326, 964, 19.2757, 0
PixelHit 1326, 965, 39.08, 0
PixelHit 1326, 966, 73.5701, 0
PixelHit 1326, 967, 43.8775, 0
PixelHit 1326, 968, 19.0792, 0
PixelHit 1326, 969, 22.4182, 0
PixelHit 1326, 970, 6.97649, 0
PixelHit 1326, 971, 2.43736, 0
PixelHit 1327, 961, 1.54217, 0
PixelHit 1327, 963, 3.79542, 0
PixelHit 1327, 964, 25.2269, 0
PixelHit 1327, 965, 47.8139, 0
PixelHit 1327, 966, 38.7811, 0
PixelHit 1327, 967, 23.4371, 0
PixelHit 1327, 968, 3.34257, 0
PixelHit 1328, 961, 0.867459, 0
PixelHit 1328, 962, 2.53008, 0
PixelHit 1328, 963, 2.69027, 0
PixelHit 1328, 964, 23.786, 0
PixelHit 1328, 965, 37.2519, 0
PixelHit 1328, 966, 31.2284, 0
PixelHit 1328, 967, 18.4083, 0
PixelHit 1329, 962, 3.41486, 0
PixelHit 1329, 963, 7.09486, 0
PixelHit 1329, 964, 25.6654, 0
PixelHit 1329, 965, 30.6399, 0
PixelHit 1329, 966, 21.6631, 0
PixelHit 1329, 967, 7.49328, 0
PixelHit 1330, 961, 2.25945, 0
PixelHit 1330, 962, 2.59503, 0
PixelHit 1330, 963, 10.093, 0
PixelHit 1330, 964, 18.2099, 0
PixelHit 1330, 965, 19.7891, 0
PixelHit 1330, 966, 11.9463, 0
PixelHit 1330, 967, 3.29998, 0
PixelHit 1331, 961, 0.349184, 0
PixelHit 1331, 962, 8.47711, 0
PixelHit 1331, 963, 17.7614, 0
PixelHit 1331, 964, 17.4545, 0
PixelHit 1331, 965, 9.76613, 0
PixelHit 1331, 966, 2.06247, 0
PixelHit 1332, 961, 2.6257, 0
PixelHit 1332, 962, 9.32078, 0
PixelHit 1332, 963, 19.8953, 0
PixelHit 1332, 964, 22.5497, 0
PixelHit 1332, 965, 13.7043, 0
PixelHit 1332, 966, 7.4791, 0
PixelHit 1333, 960, 2.04909, 0
PixelHit 1333, 961, 12.592, 0
PixelHit 1333, 962, 20.2767, 0
PixelHit 1333, 963, 46.3963, 0
PixelHit 1333, 964, 31.3036, 0
PixelHit 1333, 965, 14.1728, 0
PixelHit 1333, 966, 3.94876, 0
PixelHit 1333, 967, -0.136995, 0
PixelHit 1334, 960, 2.96505, 0
PixelHit 1334, 961, 17.6523, 0
PixelHit 1334, 962, 40.8343, 0
PixelHit 1334, 963, 47.4674, 0
PixelHit 1334, 964, 35.4717, 0
PixelHit 1334, 965, 11.3849, 0
PixelHit 1334, 966, 1.70295, 0
PixelHit 1335, 959, 0.900021, 0
PixelHit 1335, 960, 3.12941, 0
PixelHit 1335, 961, 27.0462, 0
PixelHit 1335, 962, 34.1098, 0
PixelHit 1335, 963, 36.082, 0
PixelHit 1335, 964, 14.9212, 0
PixelHit 1335, 965, 3.81942, 0
PixelHit 1336, 960, 6.33257, 0
PixelHit 1336, 961, 28.0883, 0
PixelHit 1336, 962, 34.167, 0
PixelHit 1336, 963, 28.4628, 0
PixelHit 1336, 964, 8.76508, 0
PixelHit 1336, 965, 1.78794, 0
PixelHit 1336, 966, 2.04212, 0
PixelHit 1337, 959, 2.28758, 0
PixelHit 1337, 960, 8.11057, 0
PixelHit 1337, 961, 39.6425, 0
PixelHit 1337, 962, 37.5153, 0
PixelHit 1337, 963, 27.1963, 0
PixelHit 1337, 964, 2.75379, 0
PixelHit 1338, 958, 3.01358, 0
PixelHit 1338, 959, 5.97854, 0
PixelHit 1338, 960, 15.4813, 0
PixelHit 1338, 961, 31.3969, 0
PixelHit 1338, 962, 16.3133, 0
PixelHit 1338, 963, 9.35573, 0
PixelHit 1338, 964, 2.26575, 0
PixelHit 1339, 959, 8.03617, 0
PixelHit 1339, 960, 20.4966, 0
PixelHit 1339, 961, 41.117, 0
PixelHit 1339, 962, 22.4458, 0
PixelHit 1339, 963, 21.4644, 0
PixelHit 1340, 958, 2.40099, 0
PixelHit 1340, 959, 27.3247, 0
PixelHit 1340, 960, 45.6573, 0
PixelHit 1340, 961, 66.6338, 0
PixelHit 1340, 962, 29.2302, 0
PixelHit 1340, 963, 8.91503, 0
PixelHit 1341, 957, 0.715149, 0
PixelHit 1341, 958, 3.29359, 0
PixelHit 1341, 959, 32.7417, 0
PixelHit 1341, 960, 100.719, 0
PixelHit 1341, 961, 102.836, 0
PixelHit 1341, 962, 38.0278, 0
PixelHit 1341, 963, 6.51624, 0
PixelHit 1342, 958, 21.4306, 0
PixelHit 1342, 959, 56.9765, 0
PixelHit 1342, 960, 78.1256, 0
PixelHit 1342, 961, 85.1772, 0
PixelHit 1342, 962, 26.8751, 0
PixelHit 1342, 963, 6.68369, 0
PixelHit 1343, 957, 20.0438, 0
PixelHit 1343, 958, 44.7614, 0
PixelHit 1343, 959, 89.9763, 0
PixelHit 1343, 960, 78.3283, 0
PixelHit 1343, 961, 47.0459, 0
PixelHit 1343, 962, 26.1159, 0
PixelHit 1343, 963, 4.80012, 0
PixelHit 1344, 956, 2.9129, 0
PixelHit 1344, 957, 25.2516, 0
PixelHit 1344, 958, 70.7829, 0
PixelHit 1344, 959, 126.241, 0
PixelHit 1344, 960, 79.5787, 0
PixelHit 1344, 961, 44.2693, 0
PixelHit 1344, 962, 6.13777, 0
PixelHit 1345, 956, 8.60124, 0
PixelHit 1345, 957, 35.4382, 0
PixelHit 1345, 958, 91.1843, 0
PixelHit 1345, 959, 126.454, 0
PixelHit 1345, 960, 96.2352, 0
PixelHit 1345, 961, 19.7708, 0
PixelHit 1345, 962, 2.98393, 0
PixelHit 1346, 956, 3.43003, 0
PixelHit 1346, 957, 26.5552, 0
PixelHit 1346, 958, 67.5477, 0
PixelHit 1346, 959, 61.8362, 0
PixelHit 1346, 960, 37.7242, 0
PixelHit 1346, 961, 12.2264, 0
PixelHit 1347, 956, 2.25861, 0
PixelHit 1347, 957, 13.6142, 0
PixelHit 1347, 958, 33.3325, 0
PixelHit 1347, 959, 18.2786, 0
PixelHit 1347, 960, 16.1775, 0
PixelHit 1347, 961, 4.78273, 0
PixelHit 1348, 958, 4.84789, 0
PixelHit 1348, 959, 8.89259, 0
PixelHit 1349, 958, 1.24343, 0
PixelHit 1355, 955, 0.947796, 0
PixelHit 1357, 953, 1.92629, 0
=== 3 ===
=== 4 ===
=== 5 ===
=== 6 ===
=== 7 ===
=== 8 ===
=== 9 ===
=== 10 ===
=== 11 ===
=== 12 ===
=== 13 ===
=== 14 ===
=== 15 ===
=== 16 ===
=== 17 ===
=== 18 ===
=== 19 ===
=== 20 ===
=== 21 ===
=== 22 ===
=== 23 ===
=== 24 ===
=== 25 ===
=== 26 ===
=== 27 ===
=== 28 ===
=== 29 ===
=== 30 ===
=== 31 ===
=== 32 ===
=== 33 ===
=== 34 ===
=== 35 ===
=== 36 ===
=== 37 ===
=== 38 ===
=== 39 ===
=== 40 ===
=== 41 ===
=== 42 ===
=== 43 ===
=== 44 ===
=== 45 ===
=== 46 ===
=== 47 ===
=== 48 ===
=== 49 ===
=== 50 ===
=== 51 ===
=== 52 ===
=== 53 ===
=== 54 ===
=== 55 ===
=== 56 ===
=== 57 ===
=== 58 ===
=== 59 ===
=== 60 ===
=== 61 ===
=== 62 ===
=== 63 ===
=== 64 ===
=== 65 ===
=== 66 ===
=== 67 ===
=== 68 ===
=== 69 ===
=== 70 ===
=== 71 ===
=== 72 ===
=== 73 ===
=== 74 ===
=== 75 ===
=== 76 ===
=== 77 ===
=== 78 ===
=== 79 ===
=== 80 ===
=== 81 ===
=== 82 ===
=== 83 ===
=== 84 ===
=== 85 ===
=== 86 ===
=== 87 ===
=== 88 ===
=== 89 ===
=== 90 ===
=== 91 ===
=== 92 ===
=== 93 ===
=== 94 ===
=== 95 ===
=== 96 ===
=== 97 ===
=== 98 ===
=== 99 ===
=== 100 ===
# 459 objects from 1 messages
