# Allpix Squared ASCII data - https://cern.ch/allpix-squared

=== 1 ===
=== 2 ===
=== 3 ===
--- mydetector ---
PixelHit 1234, 1050, 0.399364, 0
PixelHit 1235, 1044, 1.91446, 0
PixelHit 1235, 1045, 7.29105, 0
PixelHit 1235, 1046, 27.76, 0
PixelHit 1235, 1047, 32.7104, 0
PixelHit 1235, 1048, 16.4003, 0
PixelHit 1235, 1049, 11.0835, 0
PixelHit 1235, 1050, 20.9758, 0
PixelHit 1235, 1051, 13.1259, 0
PixelHit 1235, 1052, 2.82079, 0
PixelHit 1236, 1044, 7.33945, 0
PixelHit 1236, 1045, 74.1664, 0
PixelHit 1236, 1046, 206.597, 0
PixelHit 1236, 1047, 185.891, 0
PixelHit 1236, 1048, 90.8653, 0
PixelHit 1236, 1049, 38.2748, 0
PixelHit 1236, 1050, 58.3489, 0
PixelHit 1236, 1051, 106.006, 0
PixelHit 1236, 1052, 70.22, 0
PixelHit 1236, 1053, 26.4457, 0
PixelHit 1236, 1054, 2.00896, 0
PixelHit 1236, 1055, 1.96543, 0
PixelHit 1237, 1043, 12.0345, 0
PixelHit 1237, 1044, 34.6325, 0
PixelHit 1237, 1045, 132.539, 0
PixelHit 1237, 1046, 229.182, 0
PixelHit 1237, 1047, 97.0871, 0
PixelHit 1237, 1048, 20.605, 0
PixelHit 1237, 1049, 6.18783, 0
PixelHit 1237, 1050, 2.70609, 0
PixelHit 1237, 1051, 17.7261, 0
PixelHit 1237, 1052, 65.4502, 0
PixelHit 1237, 1053, 123.743, 0
PixelHit 1237, 1054, 32.3703, 0
PixelHit 1237, 1055, 19.3437, 0
PixelHit 1238, 1041, 1.28769, 0
PixelHit 1238, 1042, 10.6943, 0
PixelHit 1238, 1043, 26.5432, 0
PixelHit 1238, 1044, 58.8808, 0
PixelHit 1238, 1045, 49.6164, 0
PixelHit 1238, 1046, 27.5968, 0
PixelHit 1238, 1047, 7.70306, 0
PixelHit 1238, 1048, 3.47985, 0
PixelHit 1238, 1052, 6.15626, 0
PixelHit 1238, 1053, 13.7222, 0
PixelHit 1238, 1054, 36.9396, 0
PixelHit 1238, 1055, 135.134, 0
PixelHit 1238, 1056, 46.7187, 0
PixelHit 1238, 1057, 7.69421, 0
PixelHit 1239, 1040, 6.07968, 0
PixelHit 1239, 1041, 23.4814, 0
PixelHit 1239, 1042, 40.0674, 0
PixelHit 1239, 1043, 39.7933, 0
PixelHit 1239, 1044, 23.1232, 0
PixelHit 1239, 1045, 3.3767, 0
PixelHit 1239, 1054, 1.9302, 0
PixelHit 1239, 1055, 41.5645, 0
PixelHit 1239, 1056, 90.7944, 0
PixelHit 1239, 1057, 140.415, 0
PixelHit 1239, 1058, 41.9438, 0
PixelHit 1240, 1039, 7.17015, 0
PixelHit 1240, 1040, 51.8744, 0
PixelHit 1240, 1041, 89.8921, 0
PixelHit 1240, 1042, 54.7933, 0
PixelHit 1240, 1043, 13.4598, 0
PixelHit 1240, 1044, 5.07995, 0
PixelHit 1240, 1055, 2.81273, 0
PixelHit 1240, 1056, 40.6344, 0
PixelHit 1240, 1057, 194.14, 0
PixelHit 1240, 1058, 168.699, 0
PixelHit 1240, 1059, 66.0954, 0
PixelHit 1240, 1060, 2.97036, 0
PixelHit 1241, 1036, 1.66968, 0
PixelHit 1241, 1037, 8.64935, 0
PixelHit 1241, 1038, 11.6866, 0
PixelHit 1241, 1039, 18.274, 0
PixelHit 1241, 1040, 85.5173, 0
PixelHit 1241, 1041, 67.6931, 0
PixelHit 1241, 1042, 27.7634, 0
PixelHit 1241, 1056, 0.774348, 0
PixelHit 1241, 1057, 13.9082, 0
PixelHit 1241, 1058, 116.43, 0
PixelHit 1241, 1059, 121.862, 0
PixelHit 1241, 1060, 45.9069, 0
PixelHit 1241, 1061, 8.46474, 0
PixelHit 1241, 1062, 1.52141, 0
PixelHit 1242, 1036, 21.4543, 0
PixelHit 1242, 1037, 22.3578, 0
PixelHit 1242, 1038, 14.2982, 0
PixelHit 1242, 1039, 14.924, 0
PixelHit 1242, 1040, 17.1082, 0
PixelHit 1242, 1041, 14.7147, 0
PixelHit 1242, 1042, 3.02651, 0
PixelHit 1242, 1057, 3.26377, 0
PixelHit 1242, 1058, 6.32117, 0
PixelHit 1242, 1059, 39.9837, 0
PixelHit 1242, 1060, 73.1996, 0
PixelHit 1242, 1061, 45.5053, 0
PixelHit 1242, 1062, 7.24273, 0
PixelHit 1242, 1063, 2.06281, 0
PixelHit 1243, 1036, 3.77027, 0
PixelHit 1243, 1037, 5.16525, 0
PixelHit 1243, 1038, 3.21399, 0
PixelHit 1243, 1039, 1.43136, 0
PixelHit 1243, 1041, 1.5543, 0
PixelHit 1243, 1060, 21.1409, 0
PixelHit 1243, 1061, 39.8639, 0
PixelHit 1243, 1062, 46.3054, 0
PixelHit 1243, 1063, 17.1672, 0
PixelHit 1244, 1037, 3.07151, 0
PixelHit 1244, 1060, 4.06022, 0
PixelHit 1244, 1061, 22.0896, 0
PixelHit 1244, 1062, 60.3622, 0
PixelHit 1244, 1063, 57.1683, 0
PixelHit 1244, 1064, 34.7465, 0
PixelHit 1244, 1065, 16.2617, 0
PixelHit 1245, 1061, 4.89172, 0
PixelHit 1245, 1062, 14.8291, 0
PixelHit 1245, 1063, 40.665, 0
PixelHit 1245, 1064, 119.705, 0
PixelHit 1245, 1065, 49.8004, 0
PixelHit 1245, 1066, 9.71431, 0
PixelHit 1245, 1067, 8.1283, 0
PixelHit 1245, 1068, 2.75225, 0
PixelHit 1245, 1069, 3.673, 0
PixelHit 1245, 1070, 1.32117, 0
PixelHit 1246, 1061, 2.40101, 0
PixelHit 1246, 1062, 5.08497, 0
PixelHit 1246, 1063, 14.4718, 0
PixelHit 1246, 1064, 52.1752, 0
PixelHit 1246, 1065, 39.7779, 0
PixelHit 1246, 1066, 28.8363, 0
PixelHit 1246, 1067, 40.864, 0
PixelHit 1246, 1068, 45.5182, 0
PixelHit 1246, 1069, 37.2471, 0
PixelHit 1246, 1070, 38.7594, 0
PixelHit 1246, 1071, 16.6228, 0
PixelHit 1246, 1072, 0.836508, 0
PixelHit 1246, 1073, 2.48541, 0
PixelHit 1247, 1063, 2.62473, 0
PixelHit 1247, 1064, 6.8944, 0
PixelHit 1247, 1065, 3.39389, 0
PixelHit 1247, 1066, 19.5352, 0
PixelHit 1247, 1067, 62.8235, 0
PixelHit 1247, 1068, 93.1006, 0
PixelHit 1247, 1069, 237.07, 0
PixelHit 1247, 1070, 363.581, 0
PixelHit 1247, 1071, 167.433, 0
PixelHit 1247, 1072, 21.6914, 0
PixelHit 1247, 1073, 7.63269, 0
PixelHit 1247, 1075, 1.69241, 0
PixelHit 1248, 1066, 5.30645, 0
PixelHit 1248, 1067, 12.6947, 0
PixelHit 1248, 1068, 87.7994, 0
PixelHit 1248, 1069, 468.215, 0
PixelHit 1248, 1070, 794.945, 0
PixelHit 1248, 1071, 378.348, 0
PixelHit 1248, 1072, 156.92, 0
PixelHit 1248, 1073, 80.4935, 0
PixelHit 1248, 1074, 34.6225, 0
PixelHit 1248, 1075, 10.5462, 0
PixelHit 1248, 1076, 5.19519, 0
PixelHit 1249, 1065, 2.45508, 0
PixelHit 1249, 1068, 34.6873, 0
PixelHit 1249, 1069, 216.413, 0
PixelHit 1249, 1070, 413.121, 0
PixelHit 1249, 1071, 277.357, 0
PixelHit 1249, 1072, 175.915, 0
PixelHit 1249, 1073, 150.545, 0
PixelHit 1249, 1074, 87.5311, 0
PixelHit 1249, 1075, 47.0985, 0
PixelHit 1249, 1076, 13.1703, 0
PixelHit 1249, 1077, 7.46098, 0
PixelHit 1249, 1078, 3.89253, 0
PixelHit 1250, 1067, 1.71882, 0
PixelHit 1250, 1068, 5.28326, 0
PixelHit 1250, 1069, 27.6195, 0
PixelHit 1250, 1070, 64.262, 0
PixelHit 1250, 1071, 51.5992, 0
PixelHit 1250, 1072, 52.1217, 0
PixelHit 1250, 1073, 65.4036, 0
PixelHit 1250, 1074, 74.7519, 0
PixelHit 1250, 1075, 57.6697, 0
PixelHit 1250, 1076, 45.2887, 0
PixelHit 1250, 1077, 34.3791, 0
PixelHit 1250, 1078, 21.0477, 0
PixelHit 1250, 1079, 3.9208, 0
PixelHit 1251, 1071, 4.6498, 0
PixelHit 1251, 1072, 1.00651, 0
PixelHit 1251, 1073, 10.7846, 0
PixelHit 1251, 1074, 12.2977, 0
PixelHit 1251, 1075, 5.77699, 0
PixelHit 1251, 1076, 19.0434, 0
PixelHit 1251, 1077, 41.6933, 0
PixelHit 1251, 1078, 57.1485, 0
PixelHit 1251, 1079, 48.2386, 0
PixelHit 1251, 1080, 13.1522, 0
PixelHit 1251, 1081, 7.66985, 0
PixelHit 1251, 1082, 1.47402, 0
PixelHit 1252, 1076, 3.90343, 0
PixelHit 1252, 1077, 20.0107, 0
PixelHit 1252, 1078, 30.6673, 0
PixelHit 1252, 1079, 45.1062, 0
PixelHit 1252, 1080, 63.4603, 0
PixelHit 1252, 1081, 30.0087, 0
PixelHit 1252, 1082, 9.37698, 0
PixelHit 1253, 1078, 10.1588, 0
PixelHit 1253, 1079, 18.1791, 0
PixelHit 1253, 1080, 132.183, 0
PixelHit 1253, 1081, 141.009, 0
PixelHit 1253, 1082, 53.0268, 0
PixelHit 1253, 1083, 17.5814, 0
PixelHit 1254, 1079, 5.75042, 0
PixelHit 1254, 1080, 28.449, 0
PixelHit 1254, 1081, 112.077, 0
PixelHit 1254, 1082, 372.707, 0
PixelHit 1254, 1083, 269.462, 0
PixelHit 1255, 1080, 5.10037, 0
PixelHit 1255, 1081, 10.6575, 0
PixelHit 1255, 1082, 31.7149, 0
PixelHit 1255, 1083, 16.3442, 0
=== 4 ===
=== 5 ===
=== 6 ===
=== 7 ===
=== 8 ===
=== 9 ===
=== 10 ===
=== 11 ===
=== 12 ===
=== 13 ===
=== 14 ===
=== 15 ===
=== 16 ===
=== 17 ===
=== 18 ===
=== 19 ===
=== 20 ===
=== 21 ===
=== 22 ===
=== 23 ===
=== 24 ===
=== 25 ===
=== 26 ===
=== 27 ===
=== 28 ===
=== 29 ===
=== 30 ===
=== 31 ===
=== 32 ===
=== 33 ===
=== 34 ===
=== 35 ===
=== 36 ===
=== 37 ===
=== 38 ===
=== 39 ===
=== 40 ===
=== 41 ===
=== 42 ===
=== 43 ===
=== 44 ===
=== 45 ===
=== 46 ===
=== 47 ===
=== 48 ===
=== 49 ===
=== 50 ===
=== 51 ===
=== 52 ===
=== 53 ===
=== 54 ===
=== 55 ===
=== 56 ===
=== 57 ===
=== 58 ===
=== 59 ===
=== 60 ===
--- mydetector ---
PixelHit 1230, 927, 1.53955, 0
PixelHit 1230, 930, 3.14926, 0
PixelHit 1231, 922, 3.02005, 0
PixelHit 1231, 923, 41.5144, 0
PixelHit 1231, 924, 39.7176, 0
PixelHit 1231, 925, 23.6385, 0
PixelHit 1231, 926, 58.0357, 0
PixelHit 1231, 927, 35.1459, 0
PixelHit 1231, 928, 37.0566, 0
PixelHit 1231, 929, 127.155, 0
PixelHit 1231, 930, 115.266, 0
PixelHit 1231, 931, 40.2536, 0
PixelHit 1231, 932, 53.4848, 0
PixelHit 1231, 933, 6.03231, 0
PixelHit 1231, 934, 3.59022, 0
PixelHit 1232, 923, 142.399, 0
PixelHit 1232, 924, 136.624, 0
PixelHit 1232, 925, 184.784, 0
PixelHit 1232, 926, 481.648, 0
PixelHit 1232, 927, 45.7207, 0
PixelHit 1232, 928, 45.6917, 0
PixelHit 1232, 929, 261.737, 0
PixelHit 1232, 930, 282.316, 0
PixelHit 1232, 931, 161.007, 0
PixelHit 1232, 932, 209.855, 0
PixelHit 1232, 933, 52.2575, 0
PixelHit 1232, 934, 36.2145, 0
PixelHit 1232, 935, 5.56624, 0
PixelHit 1233, 923, 3.91767, 0
PixelHit 1233, 925, 9.21142, 0
PixelHit 1233, 926, 10.8472, 0
PixelHit 1233, 928, 1.96612, 0
PixelHit 1233, 929, 24.4755, 0
PixelHit 1233, 930, 35.0389, 0
PixelHit 1233, 931, 56.4444, 0
PixelHit 1233, 932, 67.5315, 0
PixelHit 1233, 933, 55.933, 0
PixelHit 1233, 934, 92.5579, 0
PixelHit 1233, 935, 45.243, 0
PixelHit 1233, 936, 9.54163, 0
PixelHit 1234, 929, 1.31124, 0
PixelHit 1234, 931, 0.192461, 0
PixelHit 1234, 932, 5.48704, 0
PixelHit 1234, 933, 16.1042, 0
PixelHit 1234, 934, 50.6304, 0
PixelHit 1234, 935, 56.6526, 0
PixelHit 1234, 936, 47.6531, 0
PixelHit 1234, 937, 15.5564, 0
PixelHit 1235, 934, 10.2381, 0
PixelHit 1235, 935, 51.9497, 0
PixelHit 1235, 936, 109.496, 0
PixelHit 1235, 937, 59.1118, 0
PixelHit 1235, 938, 11.2312, 0
PixelHit 1235, 942, 0.951013, 0
PixelHit 1236, 934, 5.87358, 0
PixelHit 1236, 935, 25.0926, 0
PixelHit 1236, 936, 83.3543, 0
PixelHit 1236, 937, 67.8552, 0
PixelHit 1236, 938, 28.8271, 0
PixelHit 1236, 939, 26.6111, 0
PixelHit 1236, 940, 30.4969, 0
PixelHit 1236, 941, 23.48, 0
PixelHit 1236, 942, 4.09765, 0
PixelHit 1236, 943, 12.6924, 0
PixelHit 1236, 944, 10.0114, 0
PixelHit 1236, 945, 1.86854, 0
PixelHit 1236, 948, 2.30026, 0
PixelHit 1236, 949, 1.91184, 0
PixelHit 1237, 934, 2.896, 0
PixelHit 1237, 935, 2.30422, 0
PixelHit 1237, 936, 18.8901, 0
PixelHit 1237, 937, 26.172, 0
PixelHit 1237, 938, 44.3909, 0
PixelHit 1237, 939, 120.733, 0
PixelHit 1237, 940, 155.036, 0
PixelHit 1237, 941, 83.4008, 0
PixelHit 1237, 942, 34.2316, 0
PixelHit 1237, 943, 48.0893, 0
PixelHit 1237, 944, 51.608, 0
PixelHit 1237, 945, 40.7975, 0
PixelHit 1237, 946, 13.8913, 0
PixelHit 1237, 947, 11.4685, 0
PixelHit 1237, 948, 12.5063, 0
PixelHit 1237, 949, 7.86399, 0
PixelHit 1237, 950, 1.98909, 0
PixelHit 1238, 936, 5.91858, 0
PixelHit 1238, 937, 7.11315, 0
PixelHit 1238, 938, 19.6023, 0
PixelHit 1238, 939, 83.9296, 0
PixelHit 1238, 940, 129.645, 0
PixelHit 1238, 941, 70.4261, 0
PixelHit 1238, 942, 39.5156, 0
PixelHit 1238, 943, 40.8309, 0
PixelHit 1238, 944, 59.9001, 0
PixelHit 1238, 945, 39.6243, 0
PixelHit 1238, 946, 24.8943, 0
PixelHit 1238, 947, 54.7943, 0
PixelHit 1238, 948, 71.1381, 0
PixelHit 1238, 949, 58.5121, 0
PixelHit 1238, 950, 16.2871, 0
PixelHit 1238, 951, 2.33783, 0
PixelHit 1239, 937, 3.95636, 0
PixelHit 1239, 938, 4.82236, 0
PixelHit 1239, 939, 21.884, 0
PixelHit 1239, 940, 35.1338, 0
PixelHit 1239, 941, 16.1766, 0
PixelHit 1239, 942, 7.44594, 0
PixelHit 1239, 943, 8.30474, 0
PixelHit 1239, 944, 6.19624, 0
PixelHit 1239, 945, 5.77036, 0
PixelHit 1239, 946, 13.7614, 0
PixelHit 1239, 947, 42.5887, 0
PixelHit 1239, 948, 81.8531, 0
PixelHit 1239, 949, 92.1708, 0
PixelHit 1239, 950, 37.0706, 0
PixelHit 1239, 951, 8.33235, 0
PixelHit 1239, 952, 6.07299, 0
PixelHit 1240, 940, 3.12142, 0
PixelHit 1240, 943, 4.28433, 0
PixelHit 1240, 944, 3.45574, 0
PixelHit 1240, 945, 2.3797, 0
PixelHit 1240, 947, 6.27907, 0
PixelHit 1240, 948, 26.1892, 0
PixelHit 1240, 949, 31.0779, 0
PixelHit 1240, 950, 46.9964, 0
PixelHit 1240, 951, 44.6305, 0
PixelHit 1240, 952, 54.8211, 0
PixelHit 1240, 953, 15.4161, 0
PixelHit 1241, 948, 1.62018, 0
PixelHit 1241, 949, 7.95482, 0
PixelHit 1241, 950, 39.9748, 0
PixelHit 1241, 951, 122.602, 0
PixelHit 1241, 952, 176.279, 0
PixelHit 1241, 953, 83.8001, 0
PixelHit 1241, 954, 9.74527, 0
PixelHit 1241, 955, 0.656332, 0
PixelHit 1242, 948, -0.168699, 0
PixelHit 1242, 950, 8.95419, 0
PixelHit 1242, 951, 87.5263, 0
PixelHit 1242, 952, 171.271, 0
PixelHit 1242, 953, 109.93, 0
PixelHit 1242, 954, 13.1558, 0
PixelHit 1242, 955, 10.4337, 0
PixelHit 1243, 951, 13.7837, 0
PixelHit 1243, 952, 35.5417, 0
PixelHit 1243, 953, 37.1574, 0
PixelHit 1243, 954, 33.0306, 0
PixelHit 1243, 955, 28.7081, 0
PixelHit 1243, 956, 7.45972, 0
PixelHit 1244, 952, 3.4041, 0
PixelHit 1244, 953, 8.5707, 0
PixelHit 1244, 954, 46.4571, 0
PixelHit 1244, 955, 59.6786, 0
PixelHit 1244, 956, 20.6724, 0
PixelHit 1244, 957, 14.2253, 0
PixelHit 1244, 958, 2.93821, 0
PixelHit 1244, 959, 0.741566, 0
PixelHit 1245, 953, 3.4297, 0
PixelHit 1245, 954, 13.5622, 0
PixelHit 1245, 955, 30.0636, 0
PixelHit 1245, 956, 70.1602, 0
PixelHit 1245, 957, 41.4411, 0
PixelHit 1245, 958, 11.545, 0
PixelHit 1245, 959, 5.58882, 0
PixelHit 1246, 954, 2.72968, 0
PixelHit 1246, 955, 16.3798, 0
PixelHit 1246, 956, 34.9139, 0
PixelHit 1246, 957, 35.0242, 0
PixelHit 1246, 958, 43.2348, 0
PixelHit 1246, 959, 18.5122, 0
PixelHit 1246, 960, 4.83797, 0
PixelHit 1247, 955, 2.02803, 0
PixelHit 1247, 956, 6.91113, 0
PixelHit 1247, 957, 16.3594, 0
PixelHit 1247, 958, 44.5126, 0
PixelHit 1247, 959, 38.1125, 0
PixelHit 1247, 960, 19.0077, 0
PixelHit 1247, 961, 2.61993, 0
PixelHit 1248, 956, 2.61029, 0
PixelHit 1248, 957, 5.98762, 0
PixelHit 1248, 958, 12.757, 0
PixelHit 1248, 959, 27.2359, 0
PixelHit 1248, 960, 35.2758, 0
PixelHit 1248, 961, 8.64195, 0
PixelHit 1249, 959, 20.8313, 0
PixelHit 1249, 960, 23.0796, 0
PixelHit 1249, 961, 10.4852, 0
PixelHit 1250, 959, 9.51352, 0
PixelHit 1250, 960, 16.2911, 0
PixelHit 1250, 961, 20.6328, 0
PixelHit 1250, 962, 5.44416, 0
PixelHit 1251, 960, 17.5777, 0
PixelHit 1251, 961, 22.1619, 0
PixelHit 1251, 962, 10.444, 0
PixelHit 1252, 960, 7.01074, 0
PixelHit 1252, 961, 29.0168, 0
PixelHit 1252, 962, 29.2361, 0
PixelHit 1252, 963, 11.5141, 0
PixelHit 1253, 959, 2.25715, 0
PixelHit 1253, 960, 11.2076, 0
PixelHit 1253, 961, 58.6202, 0
PixelHit 1253, 962, 94.5096, 0
PixelHit 1253, 963, 35.3433, 0
PixelHit 1254, 960, 8.43832, 0
PixelHit 1254, 961, 71.9983, 0
PixelHit 1254, 962, 164.144, 0
PixelHit 1254, 963, 62.1366, 0
PixelHit 1254, 964, 4.32593, 0
PixelHit 1255, 960, 1.34727, 0
PixelHit 1255, 961, 35.7655, 0
PixelHit 1255, 962, 69.6163, 0
PixelHit 1255, 963, 58.6099, 0
PixelHit 1255, 964, 3.91779, 0
PixelHit 1255, 965, 1.49494, 0
PixelHit 1256, 961, 2.62225, 0
PixelHit 1256, 962, 21.3298, 0
PixelHit 1256, 963, 41.604, 0
PixelHit 1256, 964, 11.3395, 0
PixelHit 1256, 965, 3.056, 0
PixelHit 1257, 962, 7.88118, 0
PixelHit 1257, 963, 35.8048, 0
PixelHit 1257, 964, 20.1949, 0
PixelHit 1257, 965, 9.87225, 0
PixelHit 1258, 962, 2.33728, 0
PixelHit 1258, 963, 13.5413, 0
PixelHit 1258, 964, 42.906, 0
PixelHit 1258, 965, 46.6489, 0
PixelHit 1258, 966, 17.7263, 0
PixelHit 1259, 963, 12.0284, 0
PixelHit 1259, 964, 79.5473, 0
PixelHit 1259, 965, 163.02, 0
PixelHit 1259, 966, 93.6656, 0
PixelHit 1259, 967, 8.21369, 0
PixelHit 1260, 963, 6.40808, 0
PixelHit 1260, 964, 69.1227, 0
PixelHit 1260, 965, 217.473, 0
PixelHit 1260, 966, 143.374, 0
PixelHit 1260, 967, 19.7441, 0
PixelHit 1261, 964, 26.7186, 0
PixelHit 1261, 965, 108.215, 0
PixelHit 1261, 966, 74.0253, 0
PixelHit 1261, 967, 23.5735, 0
PixelHit 1261, 968, 10.707, 0
PixelHit 1261, 969, 1.79948, 0
PixelHit 1262, 965, 11.0222, 0
PixelHit 1262, 966, 29.0977, 0
PixelHit 1262, 967, 45.9918, 0
PixelHit 1262, 968, 20.9234, 0
PixelHit 1262, 969, 2.25266, 0
PixelHit 1262, 970, 4.42383, 0
PixelHit 1263, 964, 1.61461, 0
PixelHit 1263, 965, 2.44956, 0
PixelHit 1263, 966, 11.1583, 0
PixelHit 1263, 967, 37.3735, 0
PixelHit 1263, 968, 42.4192, 0
PixelHit 1263, 969, 45.5243, 0
PixelHit 1263, 970, 12.5228, 0
PixelHit 1263, 971, 4.50976, 0
PixelHit 1264, 966, 3.03257, 0
PixelHit 1264, 967, 29.0291, 0
PixelHit 1264, 968, 104.216, 0
PixelHit 1264, 969, 140.753, 0
PixelHit 1264, 970, 68.3903, 0
PixelHit 1264, 971, 19.0295, 0
PixelHit 1264, 972, 2.5124, 0
PixelHit 1265, 967, 6.21768, 0
PixelHit 1265, 968, 59.4628, 0
PixelHit 1265, 969, 126.11, 0
PixelHit 1265, 970, 82.9138, 0
PixelHit 1265, 971, 27.4806, 0
PixelHit 1265, 972, 6.89491, 0
PixelHit 1266, 967, 6.8285, 0
PixelHit 1266, 968, 20.5154, 0
PixelHit 1266, 969, 66.0166, 0
PixelHit 1266, 970, 57.9591, 0
PixelHit 1266, 971, 27.0752, 0
PixelHit 1266, 972, 8.6616, 0
PixelHit 1266, 973, 3.78155, 0
PixelHit 1267, 968, 2.95301, 0
PixelHit 1267, 969, 6.31954, 0
PixelHit 1267, 970, 16.66, 0
PixelHit 1267, 971, 14.9479, 0
PixelHit 1267, 972, 8.98777, 0
PixelHit 1267, 973, 13.9225, 0
PixelHit 1267, 974, 5.13376, 0
PixelHit 1268, 970, 1.23482, 0
PixelHit 1268, 971, 1.25236, 0
PixelHit 1268, 972, 8.35061, 0
PixelHit 1268, 973, 14.156, 0
PixelHit 1268, 974, 7.50792, 0
PixelHit 1268, 975, 3.88259, 0
PixelHit 1268, 976, 2.43705, 0
PixelHit 1269, 971, 5.32123, 0
PixelHit 1269, 972, 6.1345, 0
PixelHit 1269, 973, 13.9854, 0
PixelHit 1269, 974, 29.2175, 0
PixelHit 1269, 975, 14.1054, 0
PixelHit 1269, 976, 1.49318, 0
PixelHit 1270, 972, 5.96772, 0
PixelHit 1270, 973, 13.8296, 0
PixelHit 1270, 974, 26.1917, 0
PixelHit 1270, 975, 10.3154, 0
PixelHit 1270, 976, 3.32501, 0
PixelHit 1270, 977, 1.54985, 0
PixelHit 1271, 972, 6.54364, 0
PixelHit 1271, 973, 8.47455, 0
PixelHit 1271, 974, 8.84368, 0
PixelHit 1271, 975, 4.27071, 0
PixelHit 1272, 974, 10.4386, 0
PixelHit 1272, 975, 13.8071, 0
PixelHit 1272, 976, 3.68326, 0
PixelHit 1273, 973, 3.58032, 0
PixelHit 1273, 974, 20.7912, 0
PixelHit 1273, 975, 15.247, 0
PixelHit 1273, 976, 9.78257, 0
PixelHit 1274, 973, 6.27658, 0
PixelHit 1274, 974, 26.6207, 0
PixelHit 1274, 975, 32.3728, 0
PixelHit 1274, 976, 16.1582, 0
PixelHit 1274, 977, 4.07387, 0
PixelHit 1275, 972, 1.87946, 0
PixelHit 1275, 973, 8.8585, 0
PixelHit 1275, 974, 44.4582, 0
PixelHit 1275, 975, 30.2534, 0
PixelHit 1275, 976, 13.5203, 0
PixelHit 1275, 977, 2.18689, 0
PixelHit 1276, 972, 1.2281, 0
PixelHit 1276, 973, 7.28454, 0
PixelHit 1276, 974, 31.2949, 0
PixelHit 1276, 975, 31.7171, 0
PixelHit 1276, 976, 13.045, 0
PixelHit 1277, 972, 7.43319, 0
PixelHit 1277, 973, 31.8053, 0
PixelHit 1277, 974, 23.0269, 0
PixelHit 1277, 975, 17.1631, 0
PixelHit 1278, 971, 2.4567, 0
PixelHit 1278, 972, 13.3456, 0
PixelHit 1278, 973, 25.6056, 0
PixelHit 1278, 974, 27.2602, 0
PixelHit 1278, 975, 11.6799, 0
PixelHit 1278, 976, 0.831752, 0
PixelHit 1279, 971, 11.0043, 0
PixelHit 1279, 972, 31.2643, 0
PixelHit 1279, 973, 56.2518, 0
PixelHit 1279, 974, 32.6784, 0
PixelHit 1279, 975, 6.42497, 0
PixelHit 1279, 976, 1.96024, 0
PixelHit 1280, 970, 4.14457, 0
PixelHit 1280, 971, 14.607, 0
PixelHit 1280, 972, 59.5139, 0
PixelHit 1280, 973, 64.3527, 0
PixelHit 1280, 974, 21.821, 0
PixelHit 1280, 975, 2.10434, 0
PixelHit 1281, 970, 13.1969, 0
PixelHit 1281, 971, 64.2553, 0
PixelHit 1281, 972, 118.602, 0
PixelHit 1281, 973, 74.6289, 0
PixelHit 1281, 974, 19.984, 0
PixelHit 1282, 969, 0.941999, 0
PixelHit 1282, 970, 13.3071, 0
PixelHit 1282, 971, 149.344, 0
PixelHit 1282, 972, 174.411, 0
PixelHit 1282, 973, 97.6125, 0
PixelHit 1282, 974, 9.1413, 0
PixelHit 1283, 970, 15.3612, 0
PixelHit 1283, 971, 53.5836, 0
PixelHit 1283, 972, 103.884, 0
PixelHit 1283, 973, 73.0422, 0
PixelHit 1283, 974, 14.5796, 0
PixelHit 1284, 970, 3.82517, 0
PixelHit 1284, 971, 20.2433, 0
PixelHit 1284, 972, 37.2607, 0
PixelHit 1284, 973, 14.6677, 0
PixelHit 1285, 970, 3.04088, 0
PixelHit 1285, 971, 11.8769, 0
PixelHit 1285, 972, 16.4107, 0
PixelHit 1285, 973, 7.32049, 0
PixelHit 1286, 969, 2.12469, 0
PixelHit 1286, 970, 2.46201, 0
PixelHit 1286, 971, 20.0524, 0
PixelHit 1286, 972, 14.4383, 0
PixelHit 1286, 973, 4.2181, 0
PixelHit 1287, 969, 2.14073, 0
PixelHit 1287, 970, 4.88466, 0
PixelHit 1287, 971, 12.5016, 0
PixelHit 1287, 972, 16.1857, 0
PixelHit 1287, 973, 6.62103, 0
PixelHit 1287, 974, 2.12227, 0
PixelHit 1287, 975, 1.33685, 0
PixelHit 1288, 970, 5.30689, 0
PixelHit 1288, 971, 17.3148, 0
PixelHit 1288, 972, 15.7683, 0
PixelHit 1288, 973, 6.97949, 0
PixelHit 1289, 970, 5.877, 0
PixelHit 1289, 971, 20.029, 0
PixelHit 1289, 972, 12.874, 0
PixelHit 1289, 973, 7.86715, 0
PixelHit 1290, 970, 11.8821, 0
PixelHit 1290, 971, 28.7844, 0
PixelHit 1290, 972, 25.5649, 0
PixelHit 1290, 973, 2.8201, 0
PixelHit 1291, 969, 0.119715, 0
PixelHit 1291, 970, 19.3305, 0
PixelHit 1291, 971, 38.1093, 0
PixelHit 1291, 972, 27.6822, 0
PixelHit 1291, 973, 7.68002, 0
PixelHit 1292, 969, 1.81773, 0
PixelHit 1292, 970, 22.1324, 0
PixelHit 1292, 971, 35.935, 0
PixelHit 1292, 972, 25.1184, 0
PixelHit 1292, 973, 3.55319, 0
PixelHit 1293, 969, 11.9909, 0
PixelHit 1293, 970, 28.3283, 0
PixelHit 1293, 971, 17.021, 0
PixelHit 1293, 972, 12.3521, 0
PixelHit 1293, 973, 1.18754, 0
PixelHit 1294, 967, 1.94188, 0
PixelHit 1294, 968, 2.95993, 0
PixelHit 1294, 969, 17.4633, 0
PixelHit 1294, 970, 34.5163, 0
PixelHit 1294, 971, 30.6736, 0
PixelHit 1294, 972, 8.09446, 0
PixelHit 1295, 968, 5.03883, 0
PixelHit 1295, 969, 27.7813, 0
PixelHit 1295, 970, 36.1539, 0
PixelHit 1295, 971, 16.9534, 0
PixelHit 1295, 972, 5.20998, 0
PixelHit 1296, 966, 1.864, 0
PixelHit 1296, 967, 10.7717, 0
PixelHit 1296, 968, 14.0586, 0
PixelHit 1296, 969, 24.7634, 0
PixelHit 1296, 970, 35.0162, 0
PixelHit 1296, 971, 10.1736, 0
PixelHit 1296, 972, 3.35793, 0
PixelHit 1297, 967, 10.0677, 0
PixelHit 1297, 968, 22.234, 0
PixelHit 1297, 969, 53.2769, 0
PixelHit 1297, 970, 14.7635, 0
PixelHit 1297, 971, 8.34681, 0
PixelHit 1298, 965, 1.56762, 0
PixelHit 1298, 966, 5.70041, 0
PixelHit 1298, 967, 16.4993, 0
PixelHit 1298, 968, 29.393, 0
PixelHit 1298, 969, 27.1746, 0
PixelHit 1298, 970, 12.7577, 0
PixelHit 1298, 971, 1.36948, 0
PixelHit 1299, 966, 6.10105, 0
PixelHit 1299, 967, 24.5559, 0
PixelHit 1299, 968, 27.2162, 0
PixelHit 1299, 969, 11.5036, 0
PixelHit 1299, 970, 3.3616, 0
PixelHit 1299, 971, 2.67354, 0
PixelHit 1300, 965, 5.73002, 0
PixelHit 1300, 966, 17.0512, 0
PixelHit 1300, 967, 34.3498, 0
PixelHit 1300, 968, 38.3062, 0
PixelHit 1300, 969, 7.37775, 0
PixelHit 1301, 965, 4.76312, 0
PixelHit 1301, 966, 30.2402, 0
PixelHit 1301, 967, 36.7502, 0
PixelHit 1301, 968, 13.3528, 0
PixelHit 1301, 969, 4.01319, 0
PixelHit 1302, 965, 14.513, 0
PixelHit 1302, 966, 43.0352, 0
PixelHit 1302, 967, 27.476, 0
PixelHit 1302, 968, 19.7743, 0
PixelHit 1302, 969, 2.92361, 0
PixelHit 1303, 964, 6.11021, 0
PixelHit 1303, 965, 27.6299, 0
PixelHit 1303, 966, 48.3084, 0
PixelHit 1303, 967, 40.1113, 0
PixelHit 1303, 968, 6.69847, 0
PixelHit 1304, 963, 1.99921, 0
PixelHit 1304, 964, 16.5418, 0
PixelHit 1304, 965, 48.6114, 0
PixelHit 1304, 966, 57.0578, 0
PixelHit 1304, 967, 31.3887, 0
PixelHit 1304, 968, 5.77852, 0
PixelHit 1305, 963, 2.31104, 0
PixelHit 1305, 964, 14.709, 0
PixelHit 1305, 965, 39.8124, 0
PixelHit 1305, 966, 36.5696, 0
PixelHit 1305, 967, 7.69652, 0
PixelHit 1305, 968, 4.61265, 0
PixelHit 1306, 964, 14.4075, 0
PixelHit 1306, 965, 18.6585, 0
PixelHit 1306, 966, 9.3953, 0
PixelHit 1306, 967, 4.50916, 0
PixelHit 1307, 964, 10.8328, 0
PixelHit 1307, 965, 5.7779, 0
PixelHit 1307, 966, 5.01717, 0
PixelHit 1308, 963, 2.1011, 0
PixelHit 1308, 964, 2.81157, 0
PixelHit 1309, 964, -0.190083, 0
PixelHit 1342, 921, 2.66834, 0
PixelHit 1343, 919, 0.47521, 0
PixelHit 1344, 920, 1.86582, 0
=== 61 ===
=== 62 ===
=== 63 ===
=== 64 ===
=== 65 ===
=== 66 ===
=== 67 ===
=== 68 ===
=== 69 ===
=== 70 ===
=== 71 ===
=== 72 ===
=== 73 ===
=== 74 ===
--- mydetector ---
PixelHit 1212, 1029, 0.955225, 0
PixelHit 1212, 1030, 18.4659, 0
PixelHit 1212, 1031, 3.96205, 0
PixelHit 1213, 1030, 145.574, 0
PixelHit 1213, 1031, 74.5758, 0
PixelHit 1214, 1030, 340.041, 0
PixelHit 1214, 1031, 494.267, 0
PixelHit 1215, 1030, 9.84404, 0
PixelHit 1215, 1031, 24.9676, 0
PixelHit 1215, 1032, 7.26571, 0
PixelHit 1216, 1031, 49.4808, 0
PixelHit 1216, 1032, 58.1008, 0
PixelHit 1217, 1031, 16.4952, 0
PixelHit 1217, 1032, 135.892, 0
PixelHit 1217, 1033, 4.53463, 0
PixelHit 1218, 1031, 1.43541, 0
PixelHit 1218, 1032, 92.2055, 0
PixelHit 1218, 1033, 44.1083, 0
PixelHit 1218, 1034, 3.36095, 0
PixelHit 1219, 1032, 4.78447, 0
PixelHit 1219, 1033, 87.2856, 0
PixelHit 1219, 1034, 37.2945, 0
PixelHit 1220, 1033, 20.999, 0
PixelHit 1220, 1034, 49.2644, 0
PixelHit 1220, 1035, 2.27334, 0
PixelHit 1221, 1034, 11.2645, 0
PixelHit 1221, 1035, 33.1947, 0
PixelHit 1222, 1034, 2.44009, 0
PixelHit 1222, 1035, 42.114, 0
PixelHit 1222, 1036, 5.40421, 0
PixelHit 1223, 1035, 67.0182, 0
PixelHit 1223, 1036, 52.5814, 0
PixelHit 1224, 1035, 37.9713, 0
PixelHit 1224, 1036, 85.3486, 0
PixelHit 1224, 1037, 3.27451, 0
PixelHit 1225, 1035, 7.73091, 0
PixelHit 1225, 1036, 66.0989, 0
PixelHit 1225, 1037, 1.44441, 0
PixelHit 1226, 1035, 1.93844, 0
PixelHit 1226, 1036, 34.3734, 0
PixelHit 1226, 1037, 6.43254, 0
PixelHit 1227, 1036, 74.1195, 0
PixelHit 1227, 1037, 32.0025, 0
PixelHit 1228, 1036, 41.9154, 0
PixelHit 1228, 1037, 27.0186, 0
PixelHit 1229, 1036, 30.4319, 0
PixelHit 1229, 1037, 35.6816, 0
PixelHit 1230, 1036, 34.2868, 0
PixelHit 1230, 1037, 54.5628, 0
PixelHit 1230, 1038, 2.11264, 0
PixelHit 1231, 1036, 59.8807, 0
PixelHit 1231, 1037, 117.163, 0
PixelHit 1231, 1038, 2.14886, 0
PixelHit 1232, 1036, 6.74785, 0
PixelHit 1232, 1037, 20.9024, 0
PixelHit 1233, 1036, 32.1515, 0
PixelHit 1233, 1037, 77.3115, 0
PixelHit 1234, 1036, 12.8173, 0
PixelHit 1234, 1037, 38.0009, 0
PixelHit 1235, 1036, 57.4838, 0
PixelHit 1235, 1037, 81.6485, 0
PixelHit 1235, 1038, 1.66858, 0
PixelHit 1236, 1035, 1.28708, 0
PixelHit 1236, 1036, 88.132, 0
PixelHit 1236, 1037, 65.4541, 0
PixelHit 1237, 1035, 1.90783, 0
PixelHit 1237, 1036, 83.2679, 0
PixelHit 1237, 1037, 28.7223, 0
PixelHit 1238, 1035, 19.6405, 0
PixelHit 1238, 1036, 107.344, 0
PixelHit 1238, 1037, 6.75861, 0
PixelHit 1239, 1034, 0.686281, 0
PixelHit 1239, 1035, 126.714, 0
PixelHit 1239, 1036, 433.675, 0
PixelHit 1239, 1037, 2.76531, 0
PixelHit 1240, 1034, 1.71697, 0
PixelHit 1240, 1035, 118.898, 0
PixelHit 1240, 1036, 116.874, 0
PixelHit 1240, 1037, 2.57057, 0
PixelHit 1241, 1034, 32.4233, 0
PixelHit 1241, 1035, 288.005, 0
PixelHit 1241, 1036, 14.1335, 0
PixelHit 1242, 1034, 50.2189, 0
PixelHit 1242, 1035, 222.355, 0
PixelHit 1242, 1036, 5.19131, 0
PixelHit 1243, 1034, 60.7365, 0
PixelHit 1243, 1035, 29.1811, 0
PixelHit 1244, 1034, 1.08947, 0
PixelHit 1329, 933, -0.0638048, 0
PixelHit 1330, 931, 1.32612, 0
PixelHit 1330, 932, 2.60895, 0
=== 75 ===
=== 76 ===
=== 77 ===
=== 78 ===
=== 79 ===
=== 80 ===
=== 81 ===
=== 82 ===
=== 83 ===
=== 84 ===
=== 85 ===
=== 86 ===
=== 87 ===
=== 88 ===
=== 89 ===
=== 90 ===
=== 91 ===
=== 92 ===
=== 93 ===
=== 94 ===
=== 95 ===
=== 96 ===
=== 97 ===
=== 98 ===
=== 99 ===
=== 100 ===
# 809 objects from 3 messages
