# Allpix Squared ASCII data - https://cern.ch/allpix-squared

=== 1 ===
=== 2 ===
=== 3 ===
=== 4 ===
=== 5 ===
=== 6 ===
=== 7 ===
=== 8 ===
=== 9 ===
=== 10 ===
=== 11 ===
=== 12 ===
=== 13 ===
=== 14 ===
=== 15 ===
=== 16 ===
=== 17 ===
=== 18 ===
=== 19 ===
=== 20 ===
=== 21 ===
=== 22 ===
=== 23 ===
=== 24 ===
=== 25 ===
=== 26 ===
=== 27 ===
=== 28 ===
=== 29 ===
=== 30 ===
=== 31 ===
=== 32 ===
=== 33 ===
=== 34 ===
=== 35 ===
=== 36 ===
=== 37 ===
=== 38 ===
--- mydetector ---
PixelHit 1565, 721, 20.6494, 0
PixelHit 1565, 722, 16.1261, 0
PixelHit 1566, 721, 120.357, 0
PixelHit 1566, 722, 40.1715, 0
PixelHit 1567, 720, 27.0153, 0
PixelHit 1567, 721, 34.4556, 0
PixelHit 1567, 722, 2.24925, 0
PixelHit 1568, 718, 2.67338, 0
PixelHit 1568, 719, 5.94911, 0
PixelHit 1568, 720, 39.0946, 0
PixelHit 1568, 721, 20.4631, 0
PixelHit 1569, 718, 8.29244, 0
PixelHit 1569, 719, 52.135, 0
PixelHit 1569, 720, 71.9608, 0
PixelHit 1569, 721, 7.28402, 0
PixelHit 1570, 718, 15.9231, 0
PixelHit 1570, 719, 77.0209, 0
PixelHit 1570, 720, 37.7761, 0
PixelHit 1570, 721, 2.52835, 0
PixelHit 1571, 717, 7.20101, 0
PixelHit 1571, 718, 15.3705, 0
PixelHit 1571, 719, 46.0964, 0
PixelHit 1571, 720, 12.484, 0
PixelHit 1572, 716, 3.73836, 0
PixelHit 1572, 717, 6.92296, 0
PixelHit 1572, 718, 19.718, 0
PixelHit 1572, 719, 7.68548, 0
PixelHit 1572, 720, 0.690328, 0
PixelHit 1573, 715, 4.44341, 0
PixelHit 1573, 716, 15.3883, 0
PixelHit 1573, 717, 43.1842, 0
PixelHit 1573, 718, 28.6363, 0
PixelHit 1573, 719, 3.43103, 0
PixelHit 1574, 714, 4.50021, 0
PixelHit 1574, 715, 16.7666, 0
PixelHit 1574, 716, 32.471, 0
PixelHit 1574, 717, 42.9684, 0
PixelHit 1574, 718, 21.1438, 0
PixelHit 1574, 719, 1.65463, 0
PixelHit 1575, 714, 17.7739, 0
PixelHit 1575, 715, 61.5101, 0
PixelHit 1575, 716, 116.884, 0
PixelHit 1575, 717, 62.6946, 0
PixelHit 1575, 718, 17.3063, 0
PixelHit 1576, 713, 4.898, 0
PixelHit 1576, 714, 26.214, 0
PixelHit 1576, 715, 104.124, 0
PixelHit 1576, 716, 168.678, 0
PixelHit 1576, 717, 82.9044, 0
PixelHit 1576, 718, 8.74156, 0
PixelHit 1577, 712, 2.44017, 0
PixelHit 1577, 713, 7.93292, 0
PixelHit 1577, 714, 45.8995, 0
PixelHit 1577, 715, 96.6105, 0
PixelHit 1577, 716, 106.998, 0
PixelHit 1577, 717, 39.4389, 0
PixelHit 1577, 718, 3.94769, 0
PixelHit 1578, 712, 5.71546, 0
PixelHit 1578, 713, 19.8355, 0
PixelHit 1578, 714, 48.7529, 0
PixelHit 1578, 715, 76.1842, 0
PixelHit 1578, 716, 35.9388, 0
PixelHit 1578, 717, 15.4483, 0
PixelHit 1578, 718, 3.66943, 0
PixelHit 1579, 711, 1.91546, 0
PixelHit 1579, 712, 5.6387, 0
PixelHit 1579, 713, 29.5178, 0
PixelHit 1579, 714, 51.4883, 0
PixelHit 1579, 715, 50.6021, 0
PixelHit 1579, 716, 20.6341, 0
PixelHit 1579, 717, 3.77983, 0
PixelHit 1580, 710, 4.18485, 0
PixelHit 1580, 711, 2.19633, 0
PixelHit 1580, 712, 17.451, 0
PixelHit 1580, 713, 38.9358, 0
PixelHit 1580, 714, 46.3112, 0
PixelHit 1580, 715, 33.4806, 0
PixelHit 1580, 716, 5.3109, 0
PixelHit 1580, 717, 2.27119, 0
PixelHit 1581, 710, 2.82148, 0
PixelHit 1581, 711, 10.2176, 0
PixelHit 1581, 712, 22.73, 0
PixelHit 1581, 713, 38.833, 0
PixelHit 1581, 714, 23.778, 0
PixelHit 1581, 715, 9.08131, 0
PixelHit 1581, 716, 1.9646, 0
PixelHit 1582, 709, 3.14304, 0
PixelHit 1582, 710, 6.35041, 0
PixelHit 1582, 711, 22.2302, 0
PixelHit 1582, 712, 37.8456, 0
PixelHit 1582, 713, 54.9406, 0
PixelHit 1582, 714, 25.6542, 0
PixelHit 1582, 715, 3.5895, 0
PixelHit 1582, 717, 0.614379, 0
PixelHit 1583, 710, 5.75991, 0
PixelHit 1583, 711, 28.2066, 0
PixelHit 1583, 712, 30.8745, 0
PixelHit 1583, 713, 22.5648, 0
PixelHit 1583, 714, 11.6746, 0
PixelHit 1583, 715, 2.19862, 0
PixelHit 1584, 709, 3.4401, 0
PixelHit 1584, 710, 13.1233, 0
PixelHit 1584, 711, 22.8232, 0
PixelHit 1584, 712, 21.8717, 0
PixelHit 1584, 713, 14.4163, 0
PixelHit 1584, 714, 4.09071, 0
PixelHit 1584, 715, 3.05431, 0
PixelHit 1585, 709, 4.28785, 0
PixelHit 1585, 710, 10.1178, 0
PixelHit 1585, 711, 15.1678, 0
PixelHit 1585, 712, 7.13355, 0
PixelHit 1585, 713, 4.91268, 0
PixelHit 1586, 708, 1.09158, 0
PixelHit 1586, 710, 3.2935, 0
PixelHit 1586, 711, 5.96949, 0
PixelHit 1586, 712, 5.61889, 0
PixelHit 1586, 713, 4.41451, 0
PixelHit 1587, 709, 3.26068, 0
PixelHit 1587, 711, 4.49279, 0
PixelHit 1588, 709, 2.64692, 0
PixelHit 1588, 710, 0.967431, 0
PixelHit 1588, 712, 0.40943, 0
=== 39 ===
=== 40 ===
=== 41 ===
=== 42 ===
=== 43 ===
=== 44 ===
=== 45 ===
=== 46 ===
--- mydetector ---
PixelHit 1364, 899, 2.86591, 0
PixelHit 1364, 900, 4.87482, 0
PixelHit 1365, 898, 4.15778, 0
PixelHit 1365, 899, 111.689, 0
PixelHit 1365, 900, 45.2679, 0
PixelHit 1366, 898, 62.7503, 0
PixelHit 1366, 899, 167.19, 0
PixelHit 1366, 901, 2.27987, 0
PixelHit 1367, 897, 2.45952, 0
PixelHit 1367, 898, 50.5486, 0
PixelHit 1367, 899, 36.4831, 0
PixelHit 1368, 896, 2.03652, 0
PixelHit 1368, 897, 7.41175, 0
PixelHit 1368, 898, 9.81369, 0
PixelHit 1368, 899, 1.94127, 0
PixelHit 1369, 895, 1.54643, 0
PixelHit 1369, 896, 14.3457, 0
PixelHit 1369, 897, 17.4465, 0
PixelHit 1369, 898, 3.5713, 0
PixelHit 1370, 895, 2.61628, 0
PixelHit 1370, 896, 25.5948, 0
PixelHit 1370, 897, 15.0488, 0
PixelHit 1371, 894, 6.31348, 0
PixelHit 1371, 895, 21.7631, 0
PixelHit 1371, 896, 28.4013, 0
PixelHit 1371, 897, 4.11771, 0
PixelHit 1372, 892, 0.981734, 0
PixelHit 1372, 893, 3.61786, 0
PixelHit 1372, 894, 17.7661, 0
PixelHit 1372, 895, 30.3887, 0
PixelHit 1372, 896, 27.0141, 0
PixelHit 1372, 897, 2.52605, 0
PixelHit 1373, 893, 12.6539, 0
PixelHit 1373, 894, 24.76, 0
PixelHit 1373, 895, 35.8252, 0
PixelHit 1373, 896, 7.48528, 0
PixelHit 1374, 892, 8.07479, 0
PixelHit 1374, 893, 18.1749, 0
PixelHit 1374, 894, 31.6739, 0
PixelHit 1374, 895, 13.3917, 0
PixelHit 1374, 896, 4.01957, 0
PixelHit 1375, 891, 4.67793, 0
PixelHit 1375, 892, 17.9929, 0
PixelHit 1375, 893, 37.4133, 0
PixelHit 1375, 894, 35.1726, 0
PixelHit 1375, 895, 6.16661, 0
PixelHit 1376, 891, 10.9883, 0
PixelHit 1376, 892, 34.826, 0
PixelHit 1376, 893, 37.7708, 0
PixelHit 1376, 894, 28.6995, 0
PixelHit 1376, 895, 4.59285, 0
PixelHit 1377, 890, 4.47677, 0
PixelHit 1377, 891, 15.4372, 0
PixelHit 1377, 892, 29.5132, 0
PixelHit 1377, 893, 23.6031, 0
PixelHit 1377, 894, 11.0066, 0
PixelHit 1377, 895, 3.26265, 0
PixelHit 1377, 896, 1.61679, 0
PixelHit 1378, 889, 0.691435, 0
PixelHit 1378, 890, 5.28716, 0
PixelHit 1378, 891, 17.4447, 0
PixelHit 1378, 892, 25.7651, 0
PixelHit 1378, 893, 18.3847, 0
PixelHit 1378, 894, 1.86428, 0
PixelHit 1379, 889, 2.72421, 0
PixelHit 1379, 890, 11.6541, 0
PixelHit 1379, 891, 14.5518, 0
PixelHit 1379, 892, 11.6173, 0
PixelHit 1379, 893, 8.23594, 0
PixelHit 1380, 887, 2.52896, 0
PixelHit 1380, 888, 4.53745, 0
PixelHit 1380, 889, 9.57481, 0
PixelHit 1380, 890, 14.925, 0
PixelHit 1380, 891, 21.846, 0
PixelHit 1380, 892, 4.15043, 0
PixelHit 1380, 893, 0.814609, 0
PixelHit 1381, 887, 1.1087, 0
PixelHit 1381, 888, 8.40426, 0
PixelHit 1381, 889, 19.8837, 0
PixelHit 1381, 890, 21.0258, 0
PixelHit 1381, 891, 8.86477, 0
PixelHit 1381, 892, 5.48829, 0
PixelHit 1382, 887, 5.47864, 0
PixelHit 1382, 888, 19.1642, 0
PixelHit 1382, 889, 31.834, 0
PixelHit 1382, 890, 22.2794, 0
PixelHit 1382, 891, 4.39815, 0
PixelHit 1382, 893, 2.65416, 0
PixelHit 1383, 887, 12.0249, 0
PixelHit 1383, 888, 24.1687, 0
PixelHit 1383, 889, 28.1317, 0
PixelHit 1383, 890, 15.0089, 0
PixelHit 1383, 891, 3.64481, 0
PixelHit 1383, 892, 3.42641, 0
PixelHit 1384, 884, 1.70936, 0
PixelHit 1384, 885, 1.47933, 0
PixelHit 1384, 886, 7.00078, 0
PixelHit 1384, 887, 18.0825, 0
PixelHit 1384, 888, 19.1798, 0
PixelHit 1384, 889, 22.9584, 0
PixelHit 1384, 890, 8.93709, 0
PixelHit 1385, 884, 1.54062, 0
PixelHit 1385, 885, 5.05013, 0
PixelHit 1385, 886, 7.16502, 0
PixelHit 1385, 887, 15.4816, 0
PixelHit 1385, 888, 14.9163, 0
PixelHit 1385, 889, 9.50556, 0
PixelHit 1385, 890, 8.75128, 0
PixelHit 1386, 883, -0.451138, 0
PixelHit 1386, 884, 4.094, 0
PixelHit 1386, 885, 7.63518, 0
PixelHit 1386, 886, 25.3602, 0
PixelHit 1386, 887, 23.974, 0
PixelHit 1386, 888, 10.7124, 0
PixelHit 1386, 889, 3.36023, 0
PixelHit 1386, 890, 2.51543, 0
PixelHit 1387, 883, 1.36948, 0
PixelHit 1387, 884, 4.32107, 0
PixelHit 1387, 885, 7.10291, 0
PixelHit 1387, 886, 23.2123, 0
PixelHit 1387, 887, 27.2973, 0
PixelHit 1387, 888, 11.4483, 0
PixelHit 1387, 889, 3.15817, 0
PixelHit 1387, 890, 2.95021, 0
PixelHit 1388, 884, 6.51836, 0
PixelHit 1388, 885, 9.84956, 0
PixelHit 1388, 886, 15.6654, 0
PixelHit 1388, 887, 21.1039, 0
PixelHit 1388, 888, 8.77206, 0
PixelHit 1388, 889, 1.04803, 0
PixelHit 1389, 884, 2.35193, 0
PixelHit 1389, 885, 7.51501, 0
PixelHit 1389, 886, 13.1995, 0
PixelHit 1389, 887, 10.5491, 0
PixelHit 1390, 884, 2.51842, 0
PixelHit 1390, 886, 0.680234, 0
PixelHit 1390, 887, 3.18158, 0
PixelHit 1558, 1045, 0.828806, 0
PixelHit 1559, 1044, 2.90021, 0
PixelHit 1559, 1045, 57.601, 0
PixelHit 1559, 1046, 35.3921, 0
PixelHit 1560, 1044, 33.3892, 0
PixelHit 1560, 1045, 88.5322, 0
PixelHit 1561, 1044, 4.74482, 0
PixelHit 1561, 1045, 8.41441, 0
PixelHit 1562, 1041, 2.93016, 0
PixelHit 1562, 1042, 8.37546, 0
PixelHit 1562, 1043, 11.4475, 0
PixelHit 1563, 1041, 5.7331, 0
PixelHit 1563, 1042, 55.3436, 0
PixelHit 1563, 1043, 37.9945, 0
PixelHit 1563, 1044, 6.16058, 0
PixelHit 1564, 1040, 2.3449, 0
PixelHit 1564, 1041, 20.1724, 0
PixelHit 1564, 1042, 85.3044, 0
PixelHit 1564, 1043, 42.3948, 0
PixelHit 1564, 1044, 3.65483, 0
PixelHit 1565, 1040, 12.5044, 0
PixelHit 1565, 1041, 16.5112, 0
PixelHit 1565, 1042, 16.6817, 0
PixelHit 1565, 1043, 2.35761, 0
PixelHit 1565, 1044, 2.53992, 0
PixelHit 1566, 1039, 13.2167, 0
PixelHit 1566, 1040, 27.7293, 0
PixelHit 1566, 1041, 31.8835, 0
PixelHit 1566, 1042, 6.24354, 0
PixelHit 1566, 1043, 1.72508, 0
PixelHit 1567, 1038, 3.17723, 0
PixelHit 1567, 1039, 36.3327, 0
PixelHit 1567, 1040, 50.2876, 0
PixelHit 1567, 1041, 26.2719, 0
PixelHit 1567, 1042, 6.12228, 0
PixelHit 1568, 1036, 0.869935, 0
PixelHit 1568, 1037, 4.60848, 0
PixelHit 1568, 1038, 19.4413, 0
PixelHit 1568, 1039, 41.982, 0
PixelHit 1568, 1040, 51.1661, 0
PixelHit 1568, 1041, 15.4068, 0
PixelHit 1569, 1036, 1.64841, 0
PixelHit 1569, 1037, 7.9809, 0
PixelHit 1569, 1038, 38.6178, 0
PixelHit 1569, 1039, 31.728, 0
PixelHit 1569, 1040, 30.0549, 0
PixelHit 1569, 1041, 3.27049, 0
PixelHit 1570, 1036, 11.7781, 0
PixelHit 1570, 1037, 26.5961, 0
PixelHit 1570, 1038, 31.3861, 0
PixelHit 1570, 1039, 32.8815, 0
PixelHit 1570, 1040, 14.5898, 0
PixelHit 1570, 1041, 2.87401, 0
PixelHit 1571, 1036, 14.1793, 0
PixelHit 1571, 1037, 34.6604, 0
PixelHit 1571, 1038, 33.3004, 0
PixelHit 1571, 1039, 11.7395, 0
PixelHit 1571, 1040, 3.15586, 0
PixelHit 1572, 1033, 1.58683, 0
PixelHit 1572, 1035, 4.93725, 0
PixelHit 1572, 1036, 16.6859, 0
PixelHit 1572, 1037, 17.8055, 0
PixelHit 1572, 1038, 21.2764, 0
PixelHit 1572, 1039, 7.2884, 0
PixelHit 1572, 1040, 5.58935, 0
PixelHit 1573, 1033, 2.47175, 0
PixelHit 1573, 1034, 10.0592, 0
PixelHit 1573, 1035, 23.1162, 0
PixelHit 1573, 1036, 27.0618, 0
PixelHit 1573, 1037, 12.4336, 0
PixelHit 1573, 1038, 5.40768, 0
PixelHit 1574, 1033, 10.5134, 0
PixelHit 1574, 1034, 32.1543, 0
PixelHit 1574, 1035, 37.9383, 0
PixelHit 1574, 1036, 34.619, 0
PixelHit 1574, 1037, 18.8916, 0
PixelHit 1574, 1039, 0.907398, 0
PixelHit 1575, 1032, 2.02868, 0
PixelHit 1575, 1033, 15.9676, 0
PixelHit 1575, 1034, 31.1544, 0
PixelHit 1575, 1035, 56.5205, 0
PixelHit 1575, 1036, 19.3581, 0
PixelHit 1575, 1037, 3.61705, 0
PixelHit 1575, 1038, 1.56865, 0
PixelHit 1576, 1032, 8.97838, 0
PixelHit 1576, 1033, 17.0348, 0
PixelHit 1576, 1034, 46.0717, 0
PixelHit 1576, 1035, 38.1098, 0
PixelHit 1576, 1036, 15.2999, 0
PixelHit 1576, 1037, 4.63772, 0
PixelHit 1577, 1030, 3.50385, 0
PixelHit 1577, 1031, 5.02788, 0
PixelHit 1577, 1032, 6.04965, 0
PixelHit 1577, 1033, 18.1216, 0
PixelHit 1577, 1034, 23.9571, 0
PixelHit 1577, 1035, 25.5555, 0
PixelHit 1577, 1036, 11.328, 0
PixelHit 1577, 1037, 1.62121, 0
PixelHit 1578, 1029, 2.90795, 0
PixelHit 1578, 1030, 11.6267, 0
PixelHit 1578, 1031, 18.6167, 0
PixelHit 1578, 1032, 21.9537, 0
PixelHit 1578, 1033, 16.7373, 0
PixelHit 1578, 1034, 14.2129, 0
PixelHit 1578, 1035, 1.61329, 0
PixelHit 1579, 1029, 8.67825, 0
PixelHit 1579, 1030, 24.31, 0
PixelHit 1579, 1031, 46.263, 0
PixelHit 1579, 1032, 33.4187, 0
PixelHit 1579, 1033, 19.2597, 0
PixelHit 1579, 1034, 7.94645, 0
PixelHit 1579, 1035, 2.53368, 0
PixelHit 1580, 1027, 2.61069, 0
PixelHit 1580, 1028, 2.36463, 0
PixelHit 1580, 1029, 19.4483, 0
PixelHit 1580, 1030, 42.3244, 0
PixelHit 1580, 1031, 74.4485, 0
PixelHit 1580, 1032, 61.5171, 0
PixelHit 1580, 1033, 26.9531, 0
PixelHit 1580, 1034, 5.28158, 0
PixelHit 1581, 1028, 3.85683, 0
PixelHit 1581, 1029, 8.34882, 0
PixelHit 1581, 1030, 26.5225, 0
PixelHit 1581, 1031, 61.735, 0
PixelHit 1581, 1032, 50.5948, 0
PixelHit 1581, 1033, 25.9023, 0
PixelHit 1581, 1034, 4.99586, 0
PixelHit 1581, 1035, 2.51977, 0
PixelHit 1582, 1028, 0.556554, 0
PixelHit 1582, 1029, 10.1046, 0
PixelHit 1582, 1030, 20.8084, 0
PixelHit 1582, 1031, 23.825, 0
PixelHit 1582, 1032, 16.1793, 0
PixelHit 1582, 1033, 8.34645, 0
PixelHit 1582, 1034, 3.68483, 0
PixelHit 1582, 1035, 2.23435, 0
PixelHit 1583, 1029, 2.38193, 0
PixelHit 1583, 1030, 5.46913, 0
PixelHit 1583, 1031, 7.04913, 0
PixelHit 1583, 1032, 3.21846, 0
PixelHit 1583, 1033, 2.86875, 0
PixelHit 1583, 1034, 3.84231, 0
PixelHit 1584, 1032, 2.46077, 0
=== 47 ===
=== 48 ===
=== 49 ===
=== 50 ===
=== 51 ===
=== 52 ===
=== 53 ===
=== 54 ===
=== 55 ===
=== 56 ===
=== 57 ===
=== 58 ===
=== 59 ===
=== 60 ===
=== 61 ===
=== 62 ===
=== 63 ===
=== 64 ===
=== 65 ===
=== 66 ===
=== 67 ===
=== 68 ===
--- mydetector ---
PixelHit 1132, 1052, 7.32854, 0
PixelHit 1132, 1053, 98.7622, 0
PixelHit 1133, 1052, 13.2071, 0
PixelHit 1133, 1053, 9.0566, 0
PixelHit 1134, 1051, 40.6257, 0
PixelHit 1134, 1052, 34.4633, 0
PixelHit 1135, 1050, 14.4493, 0
PixelHit 1135, 1051, 73.6052, 0
PixelHit 1135, 1052, 16.8167, 0
PixelHit 1135, 1053, 1.89707, 0
PixelHit 1136, 1049, 2.04458, 0
PixelHit 1136, 1050, 21.0536, 0
PixelHit 1136, 1051, 57.0174, 0
PixelHit 1136, 1052, 2.53466, 0
PixelHit 1137, 1048, 0.286141, 0
PixelHit 1137, 1049, 10.7343, 0
PixelHit 1137, 1050, 12.0952, 0
PixelHit 1137, 1051, 9.25674, 0
PixelHit 1138, 1047, 3.65169, 0
PixelHit 1138, 1048, 4.96205, 0
PixelHit 1138, 1049, 12.2249, 0
PixelHit 1138, 1050, 19.3237, 0
PixelHit 1138, 1051, 3.61056, 0
PixelHit 1139, 1047, 13.5369, 0
PixelHit 1139, 1048, 27.8763, 0
PixelHit 1139, 1049, 33.4008, 0
PixelHit 1139, 1050, 5.79252, 0
PixelHit 1139, 1051, 2.00366, 0
PixelHit 1140, 1046, 3.47805, 0
PixelHit 1140, 1047, 22.7303, 0
PixelHit 1140, 1048, 70.2133, 0
PixelHit 1140, 1049, 41.4511, 0
PixelHit 1140, 1050, 7.30288, 0
PixelHit 1141, 1046, 9.87865, 0
PixelHit 1141, 1047, 42.5041, 0
PixelHit 1141, 1048, 57.6815, 0
PixelHit 1141, 1049, 17.6659, 0
PixelHit 1141, 1051, 1.38127, 0
PixelHit 1142, 1045, 5.24584, 0
PixelHit 1142, 1046, 11.8969, 0
PixelHit 1142, 1047, 37.2705, 0
PixelHit 1142, 1048, 16.0083, 0
PixelHit 1142, 1049, 6.70355, 0
PixelHit 1143, 1046, 17.6968, 0
PixelHit 1143, 1047, 17.8969, 0
PixelHit 1143, 1048, 7.18705, 0
PixelHit 1144, 1044, 6.75939, 0
PixelHit 1144, 1045, 13.7533, 0
PixelHit 1144, 1046, 17.462, 0
PixelHit 1144, 1047, 5.95192, 0
PixelHit 1144, 1048, 2.20568, 0
PixelHit 1145, 1043, 4.40283, 0
PixelHit 1145, 1044, 24.5815, 0
PixelHit 1145, 1045, 28.7152, 0
PixelHit 1145, 1046, 15.9408, 0
PixelHit 1145, 1047, 3.49917, 0
PixelHit 1146, 1043, 12.4842, 0
PixelHit 1146, 1044, 26.5932, 0
PixelHit 1146, 1045, 25.7865, 0
PixelHit 1146, 1046, 16.9093, 0
PixelHit 1146, 1047, 3.24605, 0
PixelHit 1147, 1042, 4.88249, 0
PixelHit 1147, 1043, 20.7081, 0
PixelHit 1147, 1044, 22.2632, 0
PixelHit 1147, 1045, 25.1026, 0
PixelHit 1147, 1046, 8.15459, 0
PixelHit 1148, 1041, 2.80775, 0
PixelHit 1148, 1042, 5.98916, 0
PixelHit 1148, 1043, 30.4028, 0
PixelHit 1148, 1044, 32.8293, 0
PixelHit 1148, 1045, 14.8148, 0
PixelHit 1149, 1041, 5.45703, 0
PixelHit 1149, 1042, 14.9564, 0
PixelHit 1149, 1043, 24.1821, 0
PixelHit 1149, 1044, 19.5816, 0
PixelHit 1149, 1045, 3.00244, 0
PixelHit 1149, 1046, 0.85708, 0
PixelHit 1150, 1039, 1.59424, 0
PixelHit 1150, 1040, 1.24371, 0
PixelHit 1150, 1041, 2.72348, 0
PixelHit 1150, 1042, 16.8206, 0
PixelHit 1150, 1043, 20.5645, 0
PixelHit 1150, 1044, 9.19624, 0
PixelHit 1150, 1045, 1.49914, 0
PixelHit 1151, 1039, 1.71013, 0
PixelHit 1151, 1040, 3.66876, 0
PixelHit 1151, 1041, 10.1959, 0
PixelHit 1151, 1042, 23.093, 0
PixelHit 1151, 1043, 13.6585, 0
PixelHit 1151, 1044, 3.70233, 0
PixelHit 1152, 1038, 2.05305, 0
PixelHit 1152, 1039, 3.43995, 0
PixelHit 1152, 1040, 2.35527, 0
PixelHit 1152, 1041, 14.2316, 0
PixelHit 1152, 1042, 13.2027, 0
PixelHit 1152, 1043, 5.68961, 0
PixelHit 1152, 1044, 2.31915, 0
PixelHit 1153, 1038, 1.33926, 0
PixelHit 1153, 1039, 8.86733, 0
PixelHit 1153, 1040, 16.4472, 0
PixelHit 1153, 1041, 16.9055, 0
PixelHit 1153, 1042, 15.1902, 0
PixelHit 1153, 1043, 3.3165, 0
PixelHit 1154, 1037, 2.13538, 0
PixelHit 1154, 1038, 8.61371, 0
PixelHit 1154, 1039, 13.4581, 0
PixelHit 1154, 1040, 13.3065, 0
PixelHit 1154, 1041, 13.0128, 0
PixelHit 1154, 1042, 4.40418, 0
PixelHit 1154, 1043, 1.65764, 0
PixelHit 1155, 1038, 6.62179, 0
PixelHit 1155, 1039, 16.9442, 0
PixelHit 1155, 1040, 17.0706, 0
PixelHit 1155, 1041, 10.3723, 0
PixelHit 1155, 1042, 3.42772, 0
PixelHit 1156, 1037, 5.10589, 0
PixelHit 1156, 1038, 12.8427, 0
PixelHit 1156, 1039, 30.7981, 0
PixelHit 1156, 1040, 9.83063, 0
PixelHit 1156, 1041, 4.72672, 0
PixelHit 1157, 1037, 5.75796, 0
PixelHit 1157, 1038, 10.5603, 0
PixelHit 1157, 1039, 22.4351, 0
PixelHit 1157, 1040, 11.2671, 0
PixelHit 1157, 1041, 5.80901, 0
PixelHit 1158, 1035, 1.19781, 0
PixelHit 1158, 1036, 0.840715, 0
PixelHit 1158, 1037, 8.54601, 0
PixelHit 1158, 1038, 10.341, 0
PixelHit 1158, 1039, 7.88938, 0
PixelHit 1158, 1040, 8.13486, 0
PixelHit 1159, 1036, 0.129187, 0
PixelHit 1159, 1037, 1.07728, 0
PixelHit 1159, 1038, 1.87619, 0
PixelHit 1159, 1039, 4.13122, 0
PixelHit 1159, 1040, 0.755604, 0
PixelHit 1160, 1039, 2.0852, 0
PixelHit 1168, 1057, 2.83391, 0
PixelHit 1168, 1058, 2.32711, 0
PixelHit 1169, 1057, 21.2527, 0
PixelHit 1170, 1055, 1.9257, 0
PixelHit 1170, 1056, 49.8344, 0
PixelHit 1170, 1057, 27.1347, 0
PixelHit 1171, 1054, 1.04942, 0
PixelHit 1171, 1055, 12.4871, 0
PixelHit 1171, 1056, 91.0202, 0
PixelHit 1171, 1057, 11.2967, 0
PixelHit 1172, 1054, 7.94281, 0
PixelHit 1172, 1055, 47.9564, 0
PixelHit 1172, 1056, 21.3558, 0
PixelHit 1173, 1054, 25.5873, 0
PixelHit 1173, 1055, 45.6076, 0
PixelHit 1173, 1056, 12.8949, 0
PixelHit 1174, 1053, 29.1719, 0
PixelHit 1174, 1054, 60.006, 0
PixelHit 1174, 1055, 23.4568, 0
PixelHit 1175, 1051, 1.72222, 0
PixelHit 1175, 1052, 2.26649, 0
PixelHit 1175, 1053, 12.4975, 0
PixelHit 1175, 1054, 39.4957, 0
PixelHit 1175, 1055, 12.0546, 0
PixelHit 1176, 1051, 2.48666, 0
PixelHit 1176, 1052, 14.4447, 0
PixelHit 1176, 1053, 36.4265, 0
PixelHit 1176, 1054, 13.5773, 0
PixelHit 1177, 1050, 0.0667319, 0
PixelHit 1177, 1051, 7.75546, 0
PixelHit 1177, 1052, 21.7643, 0
PixelHit 1177, 1053, 32.1439, 0
PixelHit 1177, 1054, 4.8749, 0
PixelHit 1178, 1050, 4.2704, 0
PixelHit 1178, 1051, 23.6087, 0
PixelHit 1178, 1052, 34.0239, 0
PixelHit 1178, 1053, 10.2294, 0
PixelHit 1178, 1054, 1.87237, 0
PixelHit 1179, 1049, 2.79321, 0
PixelHit 1179, 1050, 14.3428, 0
PixelHit 1179, 1051, 41.6993, 0
PixelHit 1179, 1052, 25.227, 0
PixelHit 1179, 1053, 5.46144, 0
PixelHit 1180, 1048, 0.404384, 0
PixelHit 1180, 1049, 7.55662, 0
PixelHit 1180, 1050, 33.9905, 0
PixelHit 1180, 1051, 33.6189, 0
PixelHit 1180, 1052, 24.6796, 0
PixelHit 1181, 1047, 2.54913, 0
PixelHit 1181, 1048, 9.69031, 0
PixelHit 1181, 1049, 35.799, 0
PixelHit 1181, 1050, 47.5855, 0
PixelHit 1181, 1051, 35.1058, 0
PixelHit 1181, 1052, 7.86167, 0
PixelHit 1182, 1047, 2.84369, 0
PixelHit 1182, 1048, 27.6378, 0
PixelHit 1182, 1049, 60.2501, 0
PixelHit 1182, 1050, 51.4645, 0
PixelHit 1182, 1051, 18.8847, 0
PixelHit 1182, 1053, 0.887041, 0
PixelHit 1183, 1045, 1.45355, 0
PixelHit 1183, 1046, 2.07, 0
PixelHit 1183, 1047, 8.02403, 0
PixelHit 1183, 1048, 37.3777, 0
PixelHit 1183, 1049, 51.9269, 0
PixelHit 1183, 1050, 41.97, 0
PixelHit 1183, 1051, 15.7129, 0
PixelHit 1183, 1052, 2.41664, 0
PixelHit 1184, 1045, 3.03074, 0
PixelHit 1184, 1046, 4.16167, 0
PixelHit 1184, 1047, 14.719, 0
PixelHit 1184, 1048, 18.4091, 0
PixelHit 1184, 1049, 21.0601, 0
PixelHit 1184, 1050, 13.5835, 0
PixelHit 1184, 1051, 3.18685, 0
PixelHit 1184, 1052, 2.6313, 0
PixelHit 1185, 1045, 1.41412, 0
PixelHit 1185, 1046, 6.95378, 0
PixelHit 1185, 1047, 21.2429, 0
PixelHit 1185, 1048, 22.9115, 0
PixelHit 1185, 1049, 17.1879, 0
PixelHit 1185, 1050, 3.46927, 0
PixelHit 1186, 1044, 6.30118, 0
PixelHit 1186, 1045, 6.57785, 0
PixelHit 1186, 1046, 10.244, 0
PixelHit 1186, 1047, 25.685, 0
PixelHit 1186, 1048, 16.5825, 0
PixelHit 1186, 1049, 7.19257, 0
PixelHit 1186, 1050, 2.25388, 0
PixelHit 1187, 1044, 2.41517, 0
PixelHit 1187, 1045, 15.5984, 0
PixelHit 1187, 1046, 15.3729, 0
PixelHit 1187, 1047, 23.3607, 0
PixelHit 1187, 1048, 13.5624, 0
PixelHit 1187, 1049, 3.1989, 0
PixelHit 1188, 1042, 2.33558, 0
PixelHit 1188, 1044, 4.8641, 0
PixelHit 1188, 1045, 17.2928, 0
PixelHit 1188, 1046, 26.4762, 0
PixelHit 1188, 1047, 12.3939, 0
PixelHit 1188, 1048, 14.9259, 0
PixelHit 1188, 1049, 2.77942, 0
PixelHit 1189, 1043, 3.00121, 0
PixelHit 1189, 1044, 19.4206, 0
PixelHit 1189, 1045, 32.3424, 0
PixelHit 1189, 1046, 31.3184, 0
PixelHit 1189, 1047, 12.7642, 0
PixelHit 1189, 1048, 2.4562, 0
PixelHit 1190, 1042, 4.42212, 0
PixelHit 1190, 1043, 9.21061, 0
PixelHit 1190, 1044, 25.468, 0
PixelHit 1190, 1045, 28.5306, 0
PixelHit 1190, 1046, 15.4387, 0
PixelHit 1190, 1047, 2.79242, 0
PixelHit 1191, 1042, 4.16694, 0
PixelHit 1191, 1043, 16.0676, 0
PixelHit 1191, 1044, 20.8373, 0
PixelHit 1191, 1045, 24.0727, 0
PixelHit 1191, 1046, 16.5795, 0
PixelHit 1192, 1041, 5.32647, 0
PixelHit 1192, 1042, 10.214, 0
PixelHit 1192, 1043, 24.422, 0
PixelHit 1192, 1044, 19.7346, 0
PixelHit 1192, 1045, 13.6234, 0
PixelHit 1192, 1046, 4.92373, 0
PixelHit 1192, 1047, 0.778532, 0
PixelHit 1193, 1041, 1.89455, 0
PixelHit 1193, 1042, 10.6457, 0
PixelHit 1193, 1043, 15.1845, 0
PixelHit 1193, 1044, 16.8737, 0
PixelHit 1193, 1045, 13.4771, 0
PixelHit 1194, 1040, 1.81005, 0
PixelHit 1194, 1041, 2.64328, 0
PixelHit 1194, 1042, 5.20214, 0
PixelHit 1194, 1043, 9.7383, 0
PixelHit 1194, 1044, 6.15106, 0
PixelHit 1194, 1045, 3.90562, 0
PixelHit 1195, 1042, 2.75223, 0
PixelHit 1195, 1043, 4.16371, 0
=== 69 ===
=== 70 ===
=== 71 ===
=== 72 ===
=== 73 ===
=== 74 ===
=== 75 ===
=== 76 ===
=== 77 ===
=== 78 ===
=== 79 ===
=== 80 ===
=== 81 ===
=== 82 ===
=== 83 ===
=== 84 ===
=== 85 ===
=== 86 ===
=== 87 ===
=== 88 ===
=== 89 ===
=== 90 ===
=== 91 ===
--- mydetector ---
PixelHit 1274, 1013, 14.9763, 0
PixelHit 1274, 1014, 7.53401, 0
PixelHit 1275, 1011, 23.3465, 0
PixelHit 1275, 1012, 21.5437, 0
PixelHit 1275, 1013, 6.76687, 0
PixelHit 1275, 1014, 0.761141, 0
PixelHit 1276, 1010, 21.6062, 0
PixelHit 1276, 1011, 759.953, 0
PixelHit 1276, 1012, 688.247, 0
PixelHit 1276, 1013, 27.9956, 0
PixelHit 1277, 1010, 42.3477, 0
PixelHit 1277, 1011, 1244.38, 0
PixelHit 1277, 1012, 1218.9, 0
PixelHit 1277, 1013, 25.729, 0
PixelHit 1278, 1009, 0.74465, 0
PixelHit 1278, 1010, 24.776, 0
PixelHit 1278, 1011, 130.817, 0
PixelHit 1278, 1012, 107.491, 0
PixelHit 1278, 1013, 6.00082, 0
PixelHit 1279, 1009, 8.657, 0
PixelHit 1279, 1010, 38.0212, 0
PixelHit 1279, 1011, 47.4596, 0
PixelHit 1279, 1012, 10.4518, 0
PixelHit 1280, 1009, 16.2568, 0
PixelHit 1280, 1010, 25.6281, 0
PixelHit 1280, 1011, 17.3472, 0
PixelHit 1281, 1007, 2.89469, 0
PixelHit 1281, 1008, 24.2087, 0
PixelHit 1281, 1009, 55.9248, 0
PixelHit 1281, 1010, 29.2539, 0
PixelHit 1281, 1011, 6.96785, 0
PixelHit 1282, 1007, 14.0137, 0
PixelHit 1282, 1008, 60.9395, 0
PixelHit 1282, 1009, 84.2418, 0
PixelHit 1282, 1010, 24.7452, 0
PixelHit 1283, 1006, 7.82614, 0
PixelHit 1283, 1007, 26.4567, 0
PixelHit 1283, 1008, 73.2959, 0
PixelHit 1283, 1009, 65.0388, 0
PixelHit 1283, 1010, 6.60077, 0
PixelHit 1284, 1005, 10.2742, 0
PixelHit 1284, 1006, 34.0289, 0
PixelHit 1284, 1007, 78.2294, 0
PixelHit 1284, 1008, 68.2569, 0
PixelHit 1284, 1009, 22.8902, 0
PixelHit 1284, 1010, 1.82651, 0
PixelHit 1285, 1004, 6.0748, 0
PixelHit 1285, 1005, 17.4926, 0
PixelHit 1285, 1006, 77.9866, 0
PixelHit 1285, 1007, 161.987, 0
PixelHit 1285, 1008, 73.6923, 0
PixelHit 1285, 1009, 10.3311, 0
PixelHit 1285, 1010, 3.90599, 0
PixelHit 1286, 1004, 4.87737, 0
PixelHit 1286, 1005, 23.0903, 0
PixelHit 1286, 1006, 84.4306, 0
PixelHit 1286, 1007, 110.646, 0
PixelHit 1286, 1008, 44.4906, 0
PixelHit 1286, 1009, 4.8195, 0
PixelHit 1287, 1003, 2.6529, 0
PixelHit 1287, 1004, 7.73798, 0
PixelHit 1287, 1005, 37.0518, 0
PixelHit 1287, 1006, 48.3524, 0
PixelHit 1287, 1007, 27.8222, 0
PixelHit 1287, 1008, 10.5108, 0
PixelHit 1287, 1009, 2.11552, 0
PixelHit 1288, 1003, 2.18573, 0
PixelHit 1288, 1004, 14.2023, 0
PixelHit 1288, 1005, 19.0918, 0
PixelHit 1288, 1006, 21.4046, 0
PixelHit 1288, 1007, 12.2854, 0
PixelHit 1289, 1001, 2.47356, 0
PixelHit 1289, 1003, 6.50196, 0
PixelHit 1289, 1004, 11.6357, 0
PixelHit 1289, 1005, 18.4146, 0
PixelHit 1289, 1006, 9.19267, 0
PixelHit 1289, 1007, 2.56761, 0
PixelHit 1290, 1000, 0.69473, 0
PixelHit 1290, 1001, 4.455, 0
PixelHit 1290, 1002, 13.7617, 0
PixelHit 1290, 1003, 22.0913, 0
PixelHit 1290, 1004, 11.816, 0
PixelHit 1290, 1005, 5.79127, 0
PixelHit 1290, 1006, 3.62875, 0
PixelHit 1291, 1000, 5.1283, 0
PixelHit 1291, 1001, 27.7186, 0
PixelHit 1291, 1002, 63.9074, 0
PixelHit 1291, 1003, 71.7954, 0
PixelHit 1291, 1004, 43.1351, 0
PixelHit 1291, 1005, 7.80462, 0
PixelHit 1291, 1006, 5.75605, 0
PixelHit 1292, 999, 1.28347, 0
PixelHit 1292, 1000, 17.9597, 0
PixelHit 1292, 1001, 80.2228, 0
PixelHit 1292, 1002, 146.277, 0
PixelHit 1292, 1003, 131.567, 0
PixelHit 1292, 1004, 65.3779, 0
PixelHit 1292, 1005, 16.2475, 0
PixelHit 1292, 1006, 0.436724, 0
PixelHit 1293, 997, 1.33453, 0
PixelHit 1293, 1000, 22.4305, 0
PixelHit 1293, 1001, 73.4811, 0
PixelHit 1293, 1002, 141.557, 0
PixelHit 1293, 1003, 151.68, 0
PixelHit 1293, 1004, 61.1415, 0
PixelHit 1293, 1005, 16.9116, 0
PixelHit 1293, 1006, 1.60129, 0
PixelHit 1294, 999, 4.74717, 0
PixelHit 1294, 1000, 13.4044, 0
PixelHit 1294, 1001, 45.8882, 0
PixelHit 1294, 1002, 71.6496, 0
PixelHit 1294, 1003, 69.2992, 0
PixelHit 1294, 1004, 39.7893, 0
PixelHit 1294, 1005, 4.98364, 0
PixelHit 1294, 1006, 2.04525, 0
PixelHit 1295, 998, 5.17757, 0
PixelHit 1295, 999, 5.42926, 0
PixelHit 1295, 1000, 18.737, 0
PixelHit 1295, 1001, 40.7398, 0
PixelHit 1295, 1002, 30.2137, 0
PixelHit 1295, 1003, 28.6208, 0
PixelHit 1295, 1004, 10.0061, 0
PixelHit 1295, 1005, 2.49863, 0
PixelHit 1296, 997, 5.44249, 0
PixelHit 1296, 998, 3.88294, 0
PixelHit 1296, 999, 13.8965, 0
PixelHit 1296, 1000, 28.8339, 0
PixelHit 1296, 1001, 31.2029, 0
PixelHit 1296, 1002, 15.8967, 0
PixelHit 1296, 1003, 5.38419, 0
PixelHit 1297, 997, 2.17661, 0
PixelHit 1297, 999, 7.60549, 0
PixelHit 1297, 1000, 18.0557, 0
PixelHit 1297, 1001, 12.1049, 0
PixelHit 1297, 1002, 5.84449, 0
PixelHit 1298, 997, 2.69418, 0
PixelHit 1298, 998, 4.46264, 0
PixelHit 1298, 999, 3.73595, 0
PixelHit 1298, 1000, 8.09854, 0
PixelHit 1298, 1001, 7.59279, 0
PixelHit 1298, 1002, 2.77418, 0
PixelHit 1299, 997, 3.15072, 0
PixelHit 1299, 999, 5.78268, 0
PixelHit 1300, 999, 2.45727, 0
PixelHit 1300, 1001, 2.67353, 0
PixelHit 1300, 1003, 0.798137, 0
PixelHit 1302, 998, 1.29455, 0
PixelHit 1356, 980, 3.80784, 0
PixelHit 1357, 980, 22.7304, 0
PixelHit 1358, 979, 14.0578, 0
PixelHit 1358, 980, 1.29025, 0
PixelHit 1359, 978, 27.1155, 0
PixelHit 1359, 979, 22.7679, 0
PixelHit 1360, 977, 20.0166, 0
PixelHit 1360, 978, 83.5205, 0
PixelHit 1360, 979, 30.9947, 0
PixelHit 1361, 976, 5.99691, 0
PixelHit 1361, 977, 45.8798, 0
PixelHit 1361, 978, 70.3037, 0
PixelHit 1361, 979, 14.2831, 0
PixelHit 1362, 975, 3.58551, 0
PixelHit 1362, 976, 20.3916, 0
PixelHit 1362, 977, 69.6531, 0
PixelHit 1362, 978, 26.0354, 0
PixelHit 1362, 979, 1.66611, 0
PixelHit 1363, 975, 11.8232, 0
PixelHit 1363, 976, 34.8845, 0
PixelHit 1363, 977, 29.0388, 0
PixelHit 1363, 978, 7.9377, 0
PixelHit 1364, 974, 1.35239, 0
PixelHit 1364, 975, 16.7718, 0
PixelHit 1364, 976, 29.0036, 0
PixelHit 1364, 977, 10.58, 0
PixelHit 1364, 978, 2.13702, 0
PixelHit 1365, 971, 0.347706, 0
PixelHit 1365, 974, 1.16903, 0
PixelHit 1365, 975, 11.4761, 0
PixelHit 1365, 976, 12.1715, 0
PixelHit 1365, 977, 8.88599, 0
PixelHit 1366, 972, 1.88634, 0
PixelHit 1366, 973, 4.01571, 0
PixelHit 1366, 974, 9.45493, 0
PixelHit 1366, 975, 4.60852, 0
PixelHit 1366, 976, 5.77782, 0
PixelHit 1367, 971, 2.15814, 0
PixelHit 1367, 972, 2.99242, 0
PixelHit 1367, 973, 22.6671, 0
PixelHit 1367, 974, 33.0927, 0
PixelHit 1367, 975, 8.0332, 0
PixelHit 1367, 976, 2.07196, 0
PixelHit 1368, 971, -0.50142, 0
PixelHit 1368, 972, 11.2153, 0
PixelHit 1368, 973, 32.2709, 0
PixelHit 1368, 974, 41.8043, 0
PixelHit 1368, 975, 21.7046, 0
PixelHit 1368, 976, 2.35892, 0
PixelHit 1369, 971, 6.06223, 0
PixelHit 1369, 972, 27.557, 0
PixelHit 1369, 973, 31.9248, 0
PixelHit 1369, 974, 33.0711, 0
PixelHit 1369, 975, 7.88054, 0
PixelHit 1370, 970, 3.39759, 0
PixelHit 1370, 971, 9.31523, 0
PixelHit 1370, 972, 16.1825, 0
PixelHit 1370, 973, 35.3869, 0
PixelHit 1370, 974, 8.8813, 0
PixelHit 1370, 975, 3.99252, 0
PixelHit 1371, 969, 1.28901, 0
PixelHit 1371, 970, 2.53379, 0
PixelHit 1371, 971, 10.6786, 0
PixelHit 1371, 972, 10.7239, 0
PixelHit 1371, 973, 14.0663, 0
PixelHit 1371, 974, 3.37488, 0
PixelHit 1371, 975, 2.71949, 0
PixelHit 1372, 969, 3.68764, 0
PixelHit 1372, 970, 13.6654, 0
PixelHit 1372, 971, 24.702, 0
PixelHit 1372, 972, 11.1987, 0
PixelHit 1372, 973, 10.4061, 0
PixelHit 1372, 974, 2.10699, 0
PixelHit 1373, 969, 12.2886, 0
PixelHit 1373, 970, 16.9051, 0
PixelHit 1373, 971, 17.4602, 0
PixelHit 1373, 972, 13.7484, 0
PixelHit 1373, 973, 3.45962, 0
PixelHit 1373, 974, 1.54823, 0
PixelHit 1374, 967, 1.19746, 0
PixelHit 1374, 968, 11.1281, 0
PixelHit 1374, 969, 18.4456, 0
PixelHit 1374, 970, 25.1956, 0
PixelHit 1374, 971, 18.5413, 0
PixelHit 1374, 972, 6.60785, 0
PixelHit 1374, 973, 3.33099, 0
PixelHit 1375, 967, 1.95602, 0
PixelHit 1375, 968, 17.7632, 0
PixelHit 1375, 969, 27.7421, 0
PixelHit 1375, 970, 37.5476, 0
PixelHit 1375, 971, 18.0787, 0
PixelHit 1375, 972, 4.13285, 0
PixelHit 1376, 966, 5.29237, 0
PixelHit 1376, 967, 3.60969, 0
PixelHit 1376, 968, 20.87, 0
PixelHit 1376, 969, 29.8389, 0
PixelHit 1376, 970, 32.8038, 0
PixelHit 1376, 971, 7.08251, 0
PixelHit 1376, 973, 2.7932, 0
PixelHit 1377, 966, 1.89126, 0
PixelHit 1377, 967, 9.16471, 0
PixelHit 1377, 968, 17.3628, 0
PixelHit 1377, 969, 18.3173, 0
PixelHit 1377, 970, 6.21156, 0
PixelHit 1377, 971, 6.10735, 0
PixelHit 1378, 965, 0.438368, 0
PixelHit 1378, 966, 10.0083, 0
PixelHit 1378, 967, 16.3841, 0
PixelHit 1378, 968, 21.0639, 0
PixelHit 1378, 969, 7.74225, 0
PixelHit 1378, 970, 6.13081, 0
PixelHit 1378, 971, 4.09963, 0
PixelHit 1379, 964, 1.10131, 0
PixelHit 1379, 965, 3.84238, 0
PixelHit 1379, 966, 9.7658, 0
PixelHit 1379, 967, 16.7677, 0
PixelHit 1379, 968, 10.7878, 0
PixelHit 1379, 969, 9.09044, 0
PixelHit 1380, 964, 3.0976, 0
PixelHit 1380, 965, 9.53854, 0
PixelHit 1380, 966, 11.8469, 0
PixelHit 1380, 967, 21.5145, 0
PixelHit 1380, 968, 25.5755, 0
PixelHit 1380, 969, 5.20714, 0
PixelHit 1380, 970, 1.69137, 0
PixelHit 1381, 964, 0.847244, 0
PixelHit 1381, 965, 8.68022, 0
PixelHit 1381, 966, 10.7307, 0
PixelHit 1381, 967, 8.7227, 0
PixelHit 1381, 968, 8.78153, 0
PixelHit 1381, 969, 1.69996, 0
PixelHit 1382, 964, 2.99651, 0
PixelHit 1382, 965, 3.28141, 0
PixelHit 1382, 966, 6.66985, 0
PixelHit 1382, 967, 4.31784, 0
PixelHit 1382, 968, 4.80986, 0
PixelHit 1383, 966, 1.21352, 0
PixelHit 1383, 967, 3.25124, 0
=== 92 ===
=== 93 ===
=== 94 ===
=== 95 ===
--- mydetector ---
PixelHit 1326, 860, 0.97204, 0
PixelHit 1326, 861, 6.14567, 0
PixelHit 1327, 860, 7.3117, 0
PixelHit 1327, 861, 91.341, 0
PixelHit 1328, 859, 8.09139, 0
PixelHit 1328, 860, 39.4478, 0
PixelHit 1328, 861, 22.6515, 0
PixelHit 1329, 859, 32.77, 0
PixelHit 1329, 860, 93.5227, 0
PixelHit 1329, 861, 12.2058, 0
PixelHit 1330, 858, 7.52867, 0
PixelHit 1330, 859, 44.9206, 0
PixelHit 1330, 860, 16.574, 0
PixelHit 1330, 861, 3.79308, 0
PixelHit 1331, 857, 7.3133, 0
PixelHit 1331, 858, 31.2658, 0
PixelHit 1331, 859, 30.5889, 0
PixelHit 1331, 860, 4.65975, 0
PixelHit 1332, 855, 1.2534, 0
PixelHit 1332, 856, 2.74826, 0
PixelHit 1332, 857, 30.9673, 0
PixelHit 1332, 858, 69.1973, 0
PixelHit 1332, 859, 18.5613, 0
PixelHit 1332, 860, 2.6565, 0
PixelHit 1333, 856, 12.817, 0
PixelHit 1333, 857, 43.3898, 0
PixelHit 1333, 858, 53.5987, 0
PixelHit 1333, 859, 7.00589, 0
PixelHit 1334, 854, 0.702671, 0
PixelHit 1334, 855, 2.77335, 0
PixelHit 1334, 856, 23.6852, 0
PixelHit 1334, 857, 54.3288, 0
PixelHit 1334, 858, 18.8683, 0
PixelHit 1334, 859, 2.57663, 0
PixelHit 1335, 854, 2.63622, 0
PixelHit 1335, 855, 14.3518, 0
PixelHit 1335, 856, 41.5963, 0
PixelHit 1335, 857, 27.683, 0
PixelHit 1335, 858, 11.8754, 0
PixelHit 1336, 853, 2.80251, 0
PixelHit 1336, 854, 11.0111, 0
PixelHit 1336, 855, 53.1746, 0
PixelHit 1336, 856, 48.7292, 0
PixelHit 1336, 857, 16.7659, 0
PixelHit 1336, 858, 4.99413, 0
PixelHit 1337, 853, 3.55307, 0
PixelHit 1337, 854, 32.0366, 0
PixelHit 1337, 855, 99.1618, 0
PixelHit 1337, 856, 51.4271, 0
PixelHit 1337, 857, 12.3933, 0
PixelHit 1337, 858, 1.33583, 0
PixelHit 1338, 853, 7.54903, 0
PixelHit 1338, 854, 19.2977, 0
PixelHit 1338, 855, 37.019, 0
PixelHit 1338, 856, 34.9413, 0
PixelHit 1338, 857, 2.44936, 0
PixelHit 1339, 852, 2.82053, 0
PixelHit 1339, 853, 4.02828, 0
PixelHit 1339, 854, 13.7271, 0
PixelHit 1339, 855, 17.3281, 0
PixelHit 1339, 856, 4.30886, 0
PixelHit 1340, 851, 0.804532, 0
PixelHit 1340, 852, 3.07068, 0
PixelHit 1340, 853, 11.3653, 0
PixelHit 1340, 854, 4.79233, 0
PixelHit 1340, 855, 5.48468, 0
PixelHit 1341, 849, 3.33842, 0
PixelHit 1341, 850, 1.42331, 0
PixelHit 1341, 851, 1.33003, 0
PixelHit 1341, 852, 4.37508, 0
PixelHit 1341, 853, 9.92864, 0
PixelHit 1341, 854, 7.87801, 0
PixelHit 1341, 855, 4.07929, 0
PixelHit 1342, 850, 2.34947, 0
PixelHit 1342, 851, 8.25546, 0
PixelHit 1342, 852, 12.4793, 0
PixelHit 1342, 853, 6.80972, 0
PixelHit 1342, 854, 4.83868, 0
PixelHit 1343, 849, 4.23921, 0
PixelHit 1343, 850, 15.7429, 0
PixelHit 1343, 851, 24.7662, 0
PixelHit 1343, 852, 15.967, 0
PixelHit 1343, 853, 9.12743, 0
PixelHit 1343, 854, 5.79616, 0
PixelHit 1344, 849, 9.19222, 0
PixelHit 1344, 850, 9.75201, 0
PixelHit 1344, 851, 28.0267, 0
PixelHit 1344, 852, 23.337, 0
PixelHit 1344, 853, 13.2521, 0
PixelHit 1344, 855, 1.84878, 0
PixelHit 1345, 848, -0.321796, 0
PixelHit 1345, 849, 7.63429, 0
PixelHit 1345, 850, 10.4941, 0
PixelHit 1345, 851, 20.5963, 0
PixelHit 1345, 852, 15.9991, 0
PixelHit 1345, 853, 7.94457, 0
PixelHit 1346, 847, 3.32257, 0
PixelHit 1346, 848, 5.2273, 0
PixelHit 1346, 849, 10.7672, 0
PixelHit 1346, 850, 16.4665, 0
PixelHit 1346, 851, 11.8971, 0
PixelHit 1346, 852, 2.75616, 0
PixelHit 1346, 853, 3.57154, 0
PixelHit 1346, 855, 1.50817, 0
PixelHit 1347, 845, 0.322387, 0
PixelHit 1347, 847, 5.32367, 0
PixelHit 1347, 848, 20.7816, 0
PixelHit 1347, 849, 20.147, 0
PixelHit 1347, 850, 26.8112, 0
PixelHit 1347, 851, 12.9267, 0
PixelHit 1347, 852, 4.23781, 0
PixelHit 1348, 847, 6.69715, 0
PixelHit 1348, 848, 18.9414, 0
PixelHit 1348, 849, 25.2278, 0
PixelHit 1348, 850, 25.595, 0
PixelHit 1348, 851, 9.79018, 0
PixelHit 1348, 852, 6.07672, 0
PixelHit 1348, 853, 1.78283, 0
PixelHit 1349, 846, 1.73709, 0
PixelHit 1349, 848, 17.8859, 0
PixelHit 1349, 849, 19.4038, 0
PixelHit 1349, 850, 12.6418, 0
PixelHit 1349, 851, 8.85788, 0
PixelHit 1349, 852, 3.74815, 0
PixelHit 1350, 847, 5.36912, 0
PixelHit 1350, 849, 9.33863, 0
PixelHit 1350, 850, 1.72316, 0
PixelHit 1350, 851, 2.80341, 0
PixelHit 1350, 852, 2.53154, 0
PixelHit 1351, 848, 5.15037, 0
PixelHit 1351, 849, 5.11286, 0
PixelHit 1351, 850, 2.89089, 0
PixelHit 1372, 792, 2.12339, 0
PixelHit 1372, 793, 1.8572, 0
PixelHit 1373, 792, 6.7293, 0
PixelHit 1373, 793, 8.48281, 0
PixelHit 1374, 791, 19.0804, 0
PixelHit 1374, 792, 52.1384, 0
PixelHit 1374, 793, 3.14544, 0
PixelHit 1375, 790, 1.51088, 0
PixelHit 1375, 791, 48.4423, 0
PixelHit 1375, 792, 55.6607, 0
PixelHit 1375, 793, 3.4152, 0
PixelHit 1376, 789, 0.71132, 0
PixelHit 1376, 790, 14.9718, 0
PixelHit 1376, 791, 60.7664, 0
PixelHit 1376, 792, 23.1793, 0
PixelHit 1377, 789, 2.15225, 0
PixelHit 1377, 790, 49.7899, 0
PixelHit 1377, 791, 21.4584, 0
PixelHit 1377, 792, 1.14648, 0
PixelHit 1378, 789, 16.5131, 0
PixelHit 1378, 790, 39.9958, 0
PixelHit 1378, 791, 17.2087, 0
PixelHit 1379, 787, 1.11504, 0
PixelHit 1379, 788, 12.0779, 0
PixelHit 1379, 789, 36.0785, 0
PixelHit 1379, 790, 27.6045, 0
PixelHit 1380, 787, 5.68635, 0
PixelHit 1380, 788, 38.4124, 0
PixelHit 1380, 789, 52.5072, 0
PixelHit 1380, 790, 10.3216, 0
PixelHit 1381, 787, 19.4475, 0
PixelHit 1381, 788, 54.1037, 0
PixelHit 1381, 789, 34.4639, 0
PixelHit 1381, 790, 9.73193, 0
PixelHit 1382, 785, 1.81472, 0
PixelHit 1382, 786, 6.0054, 0
PixelHit 1382, 787, 24.5387, 0
PixelHit 1382, 788, 48.4225, 0
PixelHit 1382, 789, 20.4658, 0
PixelHit 1382, 790, 2.35622, 0
PixelHit 1383, 785, 2.81869, 0
PixelHit 1383, 786, 14.9879, 0
PixelHit 1383, 787, 19.5147, 0
PixelHit 1383, 788, 14.3041, 0
PixelHit 1383, 789, 7.55352, 0
PixelHit 1383, 790, 1.97444, 0
PixelHit 1384, 785, 5.26321, 0
PixelHit 1384, 786, 16.7753, 0
PixelHit 1384, 787, 15.3127, 0
PixelHit 1384, 788, 3.79212, 0
PixelHit 1384, 789, 4.59242, 0
PixelHit 1385, 782, 1.82752, 0
PixelHit 1385, 784, 3.52486, 0
PixelHit 1385, 785, 6.49384, 0
PixelHit 1385, 786, 11.1302, 0
PixelHit 1385, 787, 12.1285, 0
PixelHit 1385, 788, 2.82295, 0
PixelHit 1386, 782, 1.83699, 0
PixelHit 1386, 783, 1.78106, 0
PixelHit 1386, 784, 6.49327, 0
PixelHit 1386, 785, 13.7361, 0
PixelHit 1386, 786, 14.9856, 0
PixelHit 1386, 787, 3.33682, 0
PixelHit 1387, 783, 3.5511, 0
PixelHit 1387, 784, 11.0409, 0
PixelHit 1387, 785, 17.1785, 0
PixelHit 1387, 786, 10.382, 0
PixelHit 1388, 781, 2.14452, 0
PixelHit 1388, 782, 3.61088, 0
PixelHit 1388, 783, 14.5222, 0
PixelHit 1388, 784, 20.075, 0
PixelHit 1388, 785, 18.7067, 0
PixelHit 1388, 786, 7.76936, 0
PixelHit 1388, 787, 1.83561, 0
PixelHit 1389, 781, 4.64092, 0
PixelHit 1389, 782, 17.9255, 0
PixelHit 1389, 783, 19.8767, 0
PixelHit 1389, 784, 41.1807, 0
PixelHit 1389, 785, 22.1669, 0
PixelHit 1389, 786, 3.88306, 0
PixelHit 1390, 781, 5.18157, 0
PixelHit 1390, 782, 29.123, 0
PixelHit 1390, 783, 62.4325, 0
PixelHit 1390, 784, 33.2784, 0
PixelHit 1390, 785, 22.0385, 0
PixelHit 1390, 786, 4.48813, 0
PixelHit 1391, 781, 20.7093, 0
PixelHit 1391, 782, 47.9886, 0
PixelHit 1391, 783, 58.1528, 0
PixelHit 1391, 784, 36.7481, 0
PixelHit 1391, 785, 22.4283, 0
PixelHit 1391, 786, 5.92475, 0
PixelHit 1392, 780, 9.51125, 0
PixelHit 1392, 781, 27.2038, 0
PixelHit 1392, 782, 37.7986, 0
PixelHit 1392, 783, 41.2435, 0
PixelHit 1392, 784, 21.7207, 0
PixelHit 1392, 785, 5.79397, 0
PixelHit 1393, 779, 5.52871, 0
PixelHit 1393, 780, 11.8351, 0
PixelHit 1393, 781, 29.267, 0
PixelHit 1393, 782, 46.58, 0
PixelHit 1393, 783, 19.0813, 0
PixelHit 1393, 784, 8.30326, 0
PixelHit 1394, 778, 1.94657, 0
PixelHit 1394, 779, 2.40405, 0
PixelHit 1394, 780, 31.4756, 0
PixelHit 1394, 781, 31.4562, 0
PixelHit 1394, 782, 31.0236, 0
PixelHit 1394, 783, 12.2934, 0
PixelHit 1394, 785, 2.47725, 0
PixelHit 1395, 779, 7.31619, 0
PixelHit 1395, 780, 15.8738, 0
PixelHit 1395, 781, 29.4286, 0
PixelHit 1395, 782, 20.1766, 0
PixelHit 1395, 783, 8.13002, 0
PixelHit 1395, 784, 1.19707, 0
PixelHit 1396, 779, 5.08359, 0
PixelHit 1396, 780, 13.8669, 0
PixelHit 1396, 781, 8.33226, 0
PixelHit 1396, 782, 16.6682, 0
PixelHit 1396, 783, 5.19711, 0
PixelHit 1396, 784, 0.821708, 0
PixelHit 1397, 779, 4.1415, 0
PixelHit 1397, 781, 7.67601, 0
PixelHit 1398, 780, 0.161027, 0
PixelHit 1398, 781, 3.25707, 0
=== 96 ===
=== 97 ===
=== 98 ===
=== 99 ===
=== 100 ===
# 1222 objects from 5 messages
