# Allpix Squared ASCII data - https://cern.ch/allpix-squared

=== 1 ===
=== 2 ===
=== 3 ===
=== 4 ===
=== 5 ===
=== 6 ===
=== 7 ===
=== 8 ===
=== 9 ===
=== 10 ===
=== 11 ===
=== 12 ===
=== 13 ===
=== 14 ===
=== 15 ===
=== 16 ===
=== 17 ===
=== 18 ===
=== 19 ===
=== 20 ===
=== 21 ===
=== 22 ===
=== 23 ===
=== 24 ===
=== 25 ===
=== 26 ===
=== 27 ===
=== 28 ===
--- mydetector ---
PixelHit 1109, 1199, 24.0673, 0
PixelHit 1109, 1200, 19.0947, 0
PixelHit 1110, 1198, 3.42887, 0
PixelHit 1110, 1199, 48.9917, 0
PixelHit 1110, 1200, 6.91236, 0
PixelHit 1111, 1198, 3.80951, 0
PixelHit 1111, 1199, 11.2205, 0
PixelHit 1112, 1197, 21.1898, 0
PixelHit 1112, 1198, 37.512, 0
PixelHit 1113, 1196, 1.65627, 0
PixelHit 1113, 1197, 24.986, 0
PixelHit 1113, 1198, 19.6149, 0
PixelHit 1113, 1199, 1.52897, 0
PixelHit 1114, 1195, 3.58177, 0
PixelHit 1114, 1196, 193.96, 0
PixelHit 1114, 1197, 133.622, 0
PixelHit 1115, 1195, 19.3027, 0
PixelHit 1115, 1196, 311.655, 0
PixelHit 1115, 1197, 140.066, 0
PixelHit 1116, 1194, 4.69528, 0
PixelHit 1116, 1195, 154.664, 0
PixelHit 1116, 1196, 148.749, 0
PixelHit 1116, 1197, 2.99388, 0
PixelHit 1117, 1194, 21.7357, 0
PixelHit 1117, 1195, 104.257, 0
PixelHit 1117, 1196, 44.212, 0
PixelHit 1118, 1193, 10.5976, 0
PixelHit 1118, 1194, 81.6516, 0
PixelHit 1118, 1195, 51.253, 0
PixelHit 1118, 1196, 1.99007, 0
PixelHit 1119, 1193, 28.5686, 0
PixelHit 1119, 1194, 94.7534, 0
PixelHit 1119, 1195, 8.12807, 0
PixelHit 1120, 1192, 6.23783, 0
PixelHit 1120, 1193, 22.5972, 0
PixelHit 1120, 1194, 8.36693, 0
PixelHit 1121, 1192, 14.8314, 0
PixelHit 1121, 1193, 18.6566, 0
PixelHit 1121, 1194, 4.60148, 0
PixelHit 1122, 1191, 6.69209, 0
PixelHit 1122, 1192, 13.1083, 0
PixelHit 1122, 1193, 2.88797, 0
PixelHit 1123, 1190, 2.69612, 0
PixelHit 1123, 1191, 22.0334, 0
PixelHit 1123, 1192, 21.0202, 0
PixelHit 1123, 1193, 4.22513, 0
PixelHit 1124, 1189, 1.83892, 0
PixelHit 1124, 1190, 15.9211, 0
PixelHit 1124, 1191, 18.8609, 0
PixelHit 1124, 1192, 7.16867, 0
PixelHit 1125, 1189, 5.73797, 0
PixelHit 1125, 1190, 19.9151, 0
PixelHit 1125, 1191, 11.5954, 0
PixelHit 1125, 1192, 1.61189, 0
PixelHit 1126, 1188, 3.45097, 0
PixelHit 1126, 1189, 16.7988, 0
PixelHit 1126, 1190, 15.9786, 0
PixelHit 1126, 1191, 2.09468, 0
PixelHit 1127, 1188, 14.8291, 0
PixelHit 1127, 1189, 31.8847, 0
PixelHit 1127, 1190, 6.2765, 0
PixelHit 1127, 1191, 3.195, 0
PixelHit 1128, 1186, 1.79094, 0
PixelHit 1128, 1187, 17.913, 0
PixelHit 1128, 1188, 33.3745, 0
PixelHit 1128, 1189, 11.6331, 0
PixelHit 1129, 1186, 8.01806, 0
PixelHit 1129, 1187, 35.267, 0
PixelHit 1129, 1188, 63.72, 0
PixelHit 1129, 1189, 13.2775, 0
PixelHit 1130, 1186, 15.2459, 0
PixelHit 1130, 1187, 39.6806, 0
PixelHit 1130, 1188, 35.6526, 0
PixelHit 1130, 1189, 8.95605, 0
PixelHit 1131, 1185, 10.732, 0
PixelHit 1131, 1186, 21.3833, 0
PixelHit 1131, 1187, 19.9989, 0
PixelHit 1131, 1188, 8.57644, 0
PixelHit 1132, 1184, 10.0578, 0
PixelHit 1132, 1185, 35.1724, 0
PixelHit 1132, 1186, 75.6357, 0
PixelHit 1132, 1187, 20.1075, 0
PixelHit 1132, 1188, 3.86431, 0
PixelHit 1133, 1183, 1.67632, 0
PixelHit 1133, 1184, 8.90354, 0
PixelHit 1133, 1185, 43.9917, 0
PixelHit 1133, 1186, 43.7245, 0
PixelHit 1133, 1187, 12.0324, 0
PixelHit 1133, 1188, 0.805667, 0
PixelHit 1134, 1183, -0.237499, 0
PixelHit 1134, 1184, 5.43112, 0
PixelHit 1134, 1185, 15.5033, 0
PixelHit 1134, 1186, 6.37664, 0
PixelHit 1134, 1187, 1.07619, 0
PixelHit 1135, 1183, 1.04068, 0
PixelHit 1135, 1184, 8.81791, 0
PixelHit 1135, 1185, 2.98819, 0
PixelHit 1136, 1183, 4.84392, 0
PixelHit 1136, 1184, 4.878, 0
PixelHit 1136, 1185, 1.9702, 0
PixelHit 1137, 1182, 2.42761, 0
PixelHit 1137, 1183, 11.0276, 0
PixelHit 1137, 1184, 3.34465, 0
PixelHit 1137, 1185, 1.22606, 0
PixelHit 1138, 1181, 5.47137, 0
PixelHit 1138, 1182, 9.55079, 0
PixelHit 1138, 1183, 1.56166, 0
PixelHit 1138, 1184, 4.49868, 0
PixelHit 1139, 1180, 2.86556, 0
PixelHit 1139, 1181, 19.2789, 0
PixelHit 1139, 1182, 12.4703, 0
PixelHit 1140, 1180, 19.7374, 0
PixelHit 1140, 1181, 26.1741, 0
PixelHit 1140, 1182, 22.6618, 0
PixelHit 1140, 1183, 3.01841, 0
PixelHit 1141, 1178, 0.264576, 0
PixelHit 1141, 1179, 6.52901, 0
PixelHit 1141, 1180, 13.1839, 0
PixelHit 1141, 1181, 25.0764, 0
PixelHit 1141, 1182, 14.8965, 0
PixelHit 1141, 1183, 4.76295, 0
PixelHit 1142, 1178, 1.91208, 0
PixelHit 1142, 1179, 2.9026, 0
PixelHit 1142, 1180, 5.89484, 0
PixelHit 1142, 1181, 13.5198, 0
PixelHit 1143, 1178, 2.74896, 0
PixelHit 1143, 1179, 10.1386, 0
PixelHit 1143, 1180, 4.94689, 0
PixelHit 1143, 1181, 4.09213, 0
PixelHit 1144, 1178, 1.52413, 0
PixelHit 1144, 1179, 9.27778, 0
PixelHit 1144, 1180, 5.62062, 0
PixelHit 1144, 1181, 0.729358, 0
PixelHit 1145, 1177, 6.72325, 0
PixelHit 1145, 1178, 4.50293, 0
PixelHit 1145, 1179, 5.01772, 0
PixelHit 1145, 1180, 0.918522, 0
PixelHit 1146, 1176, 2.92947, 0
PixelHit 1146, 1177, 6.52752, 0
PixelHit 1146, 1178, 9.85587, 0
PixelHit 1146, 1179, 9.23696, 0
PixelHit 1146, 1180, 1.35868, 0
PixelHit 1147, 1173, 5.152, 0
PixelHit 1147, 1174, 8.98272, 0
PixelHit 1147, 1175, 17.0724, 0
PixelHit 1147, 1176, 8.84229, 0
PixelHit 1147, 1177, 20.1216, 0
PixelHit 1147, 1178, 6.01034, 0
PixelHit 1147, 1179, 3.2276, 0
PixelHit 1148, 1172, 1.4241, 0
PixelHit 1148, 1173, 23.8675, 0
PixelHit 1148, 1174, 107.792, 0
PixelHit 1148, 1175, 140.873, 0
PixelHit 1148, 1176, 80.026, 0
PixelHit 1148, 1177, 22.3798, 0
PixelHit 1148, 1178, 2.4704, 0
PixelHit 1149, 1172, 2.61881, 0
PixelHit 1149, 1173, 63.2362, 0
PixelHit 1149, 1174, 302.485, 0
PixelHit 1149, 1175, 443.259, 0
PixelHit 1149, 1176, 230.115, 0
PixelHit 1149, 1177, 41.4318, 0
PixelHit 1149, 1178, 5.54084, 0
PixelHit 1149, 1179, 1.35899, 0
PixelHit 1150, 1172, 7.85368, 0
PixelHit 1150, 1173, 66.4855, 0
PixelHit 1150, 1174, 315.196, 0
PixelHit 1150, 1175, 474.139, 0
PixelHit 1150, 1176, 199.845, 0
PixelHit 1150, 1177, 41.0762, 0
PixelHit 1150, 1178, 3.94805, 0
PixelHit 1151, 1173, 25.7673, 0
PixelHit 1151, 1174, 96.8244, 0
PixelHit 1151, 1175, 159.061, 0
PixelHit 1151, 1176, 78.0462, 0
PixelHit 1151, 1177, 13.7926, 0
PixelHit 1152, 1171, 2.41911, 0
PixelHit 1152, 1172, 11.0998, 0
PixelHit 1152, 1173, 33.0869, 0
PixelHit 1152, 1174, 38.6267, 0
PixelHit 1152, 1175, 27.7372, 0
PixelHit 1152, 1176, 7.77654, 0
PixelHit 1152, 1177, 1.08269, 0
PixelHit 1153, 1171, 2.86271, 0
PixelHit 1153, 1172, 15.2706, 0
PixelHit 1153, 1173, 36.3352, 0
PixelHit 1153, 1174, 40.4712, 0
PixelHit 1153, 1175, 11.3914, 0
PixelHit 1153, 1176, 2.5643, 0
PixelHit 1154, 1170, 1.94653, 0
PixelHit 1154, 1171, 2.42524, 0
PixelHit 1154, 1172, 14.241, 0
PixelHit 1154, 1173, 26.5782, 0
PixelHit 1154, 1174, 23.0507, 0
PixelHit 1154, 1175, 6.97351, 0
PixelHit 1154, 1176, 4.12455, 0
PixelHit 1155, 1169, 2.0655, 0
PixelHit 1155, 1170, 2.08715, 0
PixelHit 1155, 1171, 18.3552, 0
PixelHit 1155, 1172, 24.3013, 0
PixelHit 1155, 1173, 15.3149, 0
PixelHit 1155, 1174, 8.59557, 0
PixelHit 1155, 1175, 2.0787, 0
PixelHit 1156, 1169, 2.43082, 0
PixelHit 1156, 1170, 5.55388, 0
PixelHit 1156, 1171, 37.9309, 0
PixelHit 1156, 1172, 40.2525, 0
PixelHit 1156, 1173, 18.1588, 0
PixelHit 1156, 1174, 3.42857, 0
PixelHit 1156, 1175, 1.56002, 0
PixelHit 1157, 1169, 3.68771, 0
PixelHit 1157, 1170, 10.4551, 0
PixelHit 1157, 1171, 30.4728, 0
PixelHit 1157, 1172, 28.1649, 0
PixelHit 1157, 1173, 12.6269, 0
PixelHit 1158, 1168, 1.93758, 0
PixelHit 1158, 1169, 15.9874, 0
PixelHit 1158, 1170, 9.74276, 0
PixelHit 1158, 1171, 17.7975, 0
PixelHit 1158, 1172, 12.5666, 0
PixelHit 1158, 1173, 1.6859, 0
PixelHit 1159, 1167, 1.6854, 0
PixelHit 1159, 1168, 12.1953, 0
PixelHit 1159, 1169, 28.3228, 0
PixelHit 1159, 1170, 11.2326, 0
PixelHit 1159, 1171, 10.2976, 0
PixelHit 1160, 1166, 1.57445, 0
PixelHit 1160, 1167, 4.069, 0
PixelHit 1160, 1168, 21.6968, 0
PixelHit 1160, 1169, 47.4133, 0
PixelHit 1160, 1170, 34.0614, 0
PixelHit 1160, 1171, 9.90592, 0
PixelHit 1160, 1172, 1.79536, 0
PixelHit 1161, 1167, 6.69274, 0
PixelHit 1161, 1168, 26.0353, 0
PixelHit 1161, 1169, 30.9272, 0
PixelHit 1161, 1170, 31.7718, 0
PixelHit 1161, 1171, 6.6712, 0
PixelHit 1162, 1166, 2.60281, 0
PixelHit 1162, 1167, 9.89399, 0
PixelHit 1162, 1168, 10.4649, 0
PixelHit 1162, 1169, 17.3306, 0
PixelHit 1162, 1170, 7.69426, 0
PixelHit 1162, 1171, 3.61269, 0
PixelHit 1163, 1166, 6.8047, 0
PixelHit 1163, 1167, 12.4862, 0
PixelHit 1163, 1168, 4.54624, 0
PixelHit 1163, 1169, 2.85162, 0
PixelHit 1164, 1165, 5.67305, 0
PixelHit 1164, 1166, 3.94693, 0
PixelHit 1164, 1167, 7.26427, 0
PixelHit 1164, 1168, 7.5557, 0
PixelHit 1164, 1169, 3.00372, 0
PixelHit 1164, 1170, 1.93455, 0
PixelHit 1164, 1171, 0.743788, 0
PixelHit 1165, 1164, 7.49227, 0
PixelHit 1165, 1165, 16.5532, 0
PixelHit 1165, 1166, 13.1571, 0
PixelHit 1165, 1167, 10.796, 0
PixelHit 1165, 1168, 4.82304, 0
PixelHit 1166, 1163, 2.77258, 0
PixelHit 1166, 1164, 9.49494, 0
PixelHit 1166, 1165, 24.776, 0
PixelHit 1166, 1166, 18.5617, 0
PixelHit 1166, 1167, 11.1303, 0
PixelHit 1166, 1168, 1.20804, 0
PixelHit 1167, 1163, 2.44019, 0
PixelHit 1167, 1164, 18.0157, 0
PixelHit 1167, 1165, 17.0307, 0
PixelHit 1167, 1166, 17.0255, 0
PixelHit 1167, 1167, 4.87739, 0
PixelHit 1167, 1169, 2.14249, 0
PixelHit 1168, 1160, 2.06304, 0
PixelHit 1168, 1162, 2.25273, 0
PixelHit 1168, 1163, 4.78958, 0
PixelHit 1168, 1164, 8.41207, 0
PixelHit 1168, 1165, 14.6995, 0
PixelHit 1168, 1166, 9.95278, 0
PixelHit 1168, 1167, 4.10233, 0
PixelHit 1168, 1168, 2.19853, 0
PixelHit 1169, 1161, 2.29013, 0
PixelHit 1169, 1162, 10.6984, 0
PixelHit 1169, 1163, 16.3295, 0
PixelHit 1169, 1164, 14.0648, 0
PixelHit 1169, 1165, 5.93258, 0
PixelHit 1169, 1166, 1.98699, 0
PixelHit 1170, 1161, 7.61626, 0
PixelHit 1170, 1162, 30.6737, 0
PixelHit 1170, 1163, 47.2466, 0
PixelHit 1170, 1164, 35.6572, 0
PixelHit 1170, 1165, 13.5302, 0
PixelHit 1170, 1166, 2.37919, 0
PixelHit 1170, 1167, 0.885509, 0
PixelHit 1171, 1160, 1.50698, 0
PixelHit 1171, 1161, 12.9092, 0
PixelHit 1171, 1162, 32.0889, 0
PixelHit 1171, 1163, 46.8699, 0
PixelHit 1171, 1164, 19.003, 0
PixelHit 1171, 1165, 10.1219, 0
PixelHit 1172, 1160, 6.3214, 0
PixelHit 1172, 1161, 15.0996, 0
PixelHit 1172, 1162, 28.678, 0
PixelHit 1172, 1163, 18.9157, 0
PixelHit 1172, 1164, 12.512, 0
PixelHit 1172, 1165, 8.24143, 0
PixelHit 1172, 1166, 3.44722, 0
PixelHit 1173, 1159, 2.53522, 0
PixelHit 1173, 1160, 7.68769, 0
PixelHit 1173, 1161, 16.3849, 0
PixelHit 1173, 1162, 19.2225, 0
PixelHit 1173, 1163, 18.8939, 0
PixelHit 1173, 1164, 11.825, 0
PixelHit 1173, 1165, 0.887783, 0
PixelHit 1174, 1158, 3.08854, 0
PixelHit 1174, 1159, 4.83442, 0
PixelHit 1174, 1160, 13.0679, 0
PixelHit 1174, 1161, 19.3222, 0
PixelHit 1174, 1162, 8.58162, 0
PixelHit 1174, 1163, 4.27668, 0
PixelHit 1175, 1159, 4.69276, 0
PixelHit 1175, 1160, 10.1792, 0
PixelHit 1175, 1161, 10.9111, 0
PixelHit 1175, 1162, 9.75861, 0
PixelHit 1175, 1163, 2.08972, 0
PixelHit 1176, 1158, 4.73298, 0
PixelHit 1176, 1159, 2.99369, 0
PixelHit 1176, 1160, 8.97813, 0
PixelHit 1176, 1161, 6.388, 0
PixelHit 1176, 1162, 4.91535, 0
PixelHit 1176, 1163, 0.116043, 0
PixelHit 1177, 1155, 2.26669, 0
PixelHit 1177, 1157, 1.67516, 0
PixelHit 1177, 1158, 4.468, 0
PixelHit 1177, 1159, 5.37548, 0
PixelHit 1177, 1160, 1.59336, 0
PixelHit 1177, 1161, 4.95806, 0
PixelHit 1178, 1155, 2.57631, 0
PixelHit 1178, 1157, 11.9649, 0
PixelHit 1178, 1158, 11.5149, 0
PixelHit 1178, 1159, 8.95592, 0
PixelHit 1178, 1160, 2.62479, 0
PixelHit 1178, 1161, 2.85582, 0
PixelHit 1179, 1155, 2.48086, 0
PixelHit 1179, 1156, 4.33791, 0
PixelHit 1179, 1157, 12.6003, 0
PixelHit 1179, 1158, 19.6588, 0
PixelHit 1179, 1159, 8.11275, 0
PixelHit 1179, 1160, 1.94622, 0
PixelHit 1179, 1161, 2.61739, 0
PixelHit 1180, 1154, 4.59412, 0
PixelHit 1180, 1155, 8.20533, 0
PixelHit 1180, 1156, 14.791, 0
PixelHit 1180, 1157, 21.6679, 0
PixelHit 1180, 1158, 12.7315, 0
PixelHit 1180, 1159, 6.56221, 0
PixelHit 1180, 1160, 8.53395, 0
PixelHit 1181, 1153, 2.75194, 0
PixelHit 1181, 1154, 5.93318, 0
PixelHit 1181, 1155, 10.3991, 0
PixelHit 1181, 1156, 30.4125, 0
PixelHit 1181, 1157, 27.8142, 0
PixelHit 1181, 1158, 17.1239, 0
PixelHit 1181, 1159, 6.68685, 0
PixelHit 1181, 1161, 0.872157, 0
PixelHit 1182, 1153, 2.82855, 0
PixelHit 1182, 1154, 10.5483, 0
PixelHit 1182, 1155, 19.8537, 0
PixelHit 1182, 1156, 41.5401, 0
PixelHit 1182, 1157, 29.0611, 0
PixelHit 1182, 1158, 20.0638, 0
PixelHit 1182, 1159, 3.6611, 0
PixelHit 1183, 1154, 9.26197, 0
PixelHit 1183, 1155, 30.1743, 0
PixelHit 1183, 1156, 30.4096, 0
PixelHit 1183, 1157, 26.54, 0
PixelHit 1183, 1158, 10.2886, 0
PixelHit 1184, 1153, 3.82498, 0
PixelHit 1184, 1154, 11.2741, 0
PixelHit 1184, 1155, 23.2426, 0
PixelHit 1184, 1156, 15.8795, 0
PixelHit 1184, 1157, 15.3679, 0
PixelHit 1184, 1158, 6.779, 0
PixelHit 1184, 1159, 3.03184, 0
PixelHit 1185, 1152, 2.0664, 0
PixelHit 1185, 1153, 1.33857, 0
PixelHit 1185, 1154, 10.6126, 0
PixelHit 1185, 1155, 13.4617, 0
PixelHit 1185, 1156, 6.78049, 0
PixelHit 1185, 1157, 5.15247, 0
PixelHit 1185, 1158, 4.62751, 0
PixelHit 1186, 1152, 2.5138, 0
PixelHit 1186, 1153, 4.28478, 0
PixelHit 1186, 1154, 6.17296, 0
PixelHit 1186, 1155, 6.43471, 0
PixelHit 1186, 1156, 6.76795, 0
PixelHit 1186, 1157, 1.65987, 0
PixelHit 1187, 1152, 1.4565, 0
PixelHit 1187, 1153, 3.66933, 0
PixelHit 1187, 1154, 5.79824, 0
PixelHit 1187, 1155, 2.15556, 0
PixelHit 1187, 1157, 1.78736, 0
PixelHit 2354, 329, 5.7127, 0
PixelHit 2354, 330, 6.60169, 0
PixelHit 2355, 328, 4.30651, 0
PixelHit 2355, 329, 48.0785, 0
PixelHit 2355, 330, 108.827, 0
PixelHit 2356, 328, 11.3602, 0
PixelHit 2356, 329, 107.54, 0
PixelHit 2356, 330, 13.8098, 0
PixelHit 2357, 328, 40.81, 0
PixelHit 2357, 329, 20.0791, 0
PixelHit 2358, 327, 36.5811, 0
PixelHit 2358, 328, 28.7115, 0
PixelHit 2359, 326, 7.3193, 0
PixelHit 2359, 327, 113.528, 0
PixelHit 2359, 328, 25.526, 0
PixelHit 2360, 326, 37.5901, 0
PixelHit 2360, 327, 28.2794, 0
PixelHit 2361, 325, 13.0611, 0
PixelHit 2361, 326, 59.6395, 0
PixelHit 2361, 327, 7.32668, 0
PixelHit 2362, 324, 6.45435, 0
PixelHit 2362, 325, 35.4712, 0
PixelHit 2362, 326, 31.7177, 0
PixelHit 2362, 327, 4.46268, 0
PixelHit 2363, 324, 29.7225, 0
PixelHit 2363, 325, 37.2624, 0
PixelHit 2363, 326, 4.16502, 0
PixelHit 2364, 322, 1.25933, 0
PixelHit 2364, 323, 8.71134, 0
PixelHit 2364, 324, 40.5769, 0
PixelHit 2364, 325, 26.1076, 0
PixelHit 2365, 323, 14.7688, 0
PixelHit 2365, 324, 10.912, 0
PixelHit 2365, 325, 2.95765, 0
PixelHit 2366, 322, 23.4313, 0
PixelHit 2366, 323, 52.3466, 0
PixelHit 2366, 324, 7.36217, 0
PixelHit 2367, 321, 4.10207, 0
PixelHit 2367, 322, 28.4295, 0
PixelHit 2367, 323, 51.6531, 0
PixelHit 2367, 324, 2.73869, 0
PixelHit 2368, 320, 4.09047, 0
PixelHit 2368, 321, 6.34491, 0
PixelHit 2368, 322, 18.1797, 0
PixelHit 2368, 323, 6.15775, 0
PixelHit 2369, 320, 4.25332, 0
PixelHit 2369, 321, 17.9364, 0
PixelHit 2369, 322, 12.3376, 0
PixelHit 2370, 320, 2.29344, 0
PixelHit 2370, 321, 11.4082, 0
PixelHit 2370, 322, 5.23549, 0
PixelHit 2371, 318, 2.33127, 0
PixelHit 2371, 319, 5.95017, 0
PixelHit 2371, 320, 18.647, 0
PixelHit 2371, 321, 7.93153, 0
PixelHit 2372, 318, 3.22368, 0
PixelHit 2372, 319, 14.3452, 0
PixelHit 2372, 320, 33.7427, 0
PixelHit 2372, 321, 3.38735, 0
PixelHit 2373, 318, 10.8388, 0
PixelHit 2373, 319, 17.753, 0
PixelHit 2373, 320, 8.6028, 0
PixelHit 2373, 321, 2.02969, 0
PixelHit 2374, 317, 10.598, 0
PixelHit 2374, 318, 18.2126, 0
PixelHit 2374, 319, 20.7959, 0
PixelHit 2375, 316, 3.44083, 0
PixelHit 2375, 317, 29.8923, 0
PixelHit 2375, 318, 26.0868, 0
PixelHit 2375, 319, 8.82389, 0
PixelHit 2376, 315, 3.13356, 0
PixelHit 2376, 316, 7.85306, 0
PixelHit 2376, 317, 26.9145, 0
PixelHit 2376, 318, 21.7951, 0
PixelHit 2376, 319, 5.89878, 0
PixelHit 2377, 315, 3.77338, 0
PixelHit 2377, 316, 18.7996, 0
PixelHit 2377, 317, 27.4176, 0
PixelHit 2377, 318, 5.24539, 0
PixelHit 2378, 315, 4.26085, 0
PixelHit 2378, 316, 16.5721, 0
PixelHit 2378, 317, 10.0677, 0
PixelHit 2378, 318, 3.47587, 0
PixelHit 2379, 314, 7.95338, 0
PixelHit 2379, 315, 11.2139, 0
PixelHit 2379, 316, 5.00316, 0
PixelHit 2379, 317, 6.49695, 0
PixelHit 2380, 312, 0.536434, 0
PixelHit 2380, 313, 5.4118, 0
PixelHit 2380, 314, 14.071, 0
PixelHit 2380, 315, 6.7965, 0
PixelHit 2380, 316, 1.86893, 0
PixelHit 2381, 312, 6.04426, 0
PixelHit 2381, 313, 23.5058, 0
PixelHit 2381, 314, 49.2829, 0
PixelHit 2381, 315, 18.5626, 0
PixelHit 2381, 316, 5.85212, 0
PixelHit 2382, 311, 0.345257, 0
PixelHit 2382, 312, 21.0448, 0
PixelHit 2382, 313, 61.9512, 0
PixelHit 2382, 314, 67.1267, 0
PixelHit 2382, 315, 24.8832, 0
PixelHit 2383, 311, 7.92807, 0
PixelHit 2383, 312, 29.1265, 0
PixelHit 2383, 313, 38.6375, 0
PixelHit 2383, 314, 38.1682, 0
PixelHit 2383, 315, 4.65191, 0
PixelHit 2384, 309, 2.50946, 0
PixelHit 2384, 310, 5.31236, 0
PixelHit 2384, 311, 15.8514, 0
PixelHit 2384, 312, 64.4823, 0
PixelHit 2384, 313, 48.6376, 0
PixelHit 2384, 314, 17.9799, 0
PixelHit 2384, 315, 1.4514, 0
PixelHit 2385, 309, 1.07446, 0
PixelHit 2385, 310, 13.5195, 0
PixelHit 2385, 311, 42.1759, 0
PixelHit 2385, 312, 65.1715, 0
PixelHit 2385, 313, 41.682, 0
PixelHit 2385, 314, 7.73287, 0
PixelHit 2385, 315, 0.937451, 0
PixelHit 2386, 309, 5.90614, 0
PixelHit 2386, 310, 28.8525, 0
PixelHit 2386, 311, 77.2341, 0
PixelHit 2386, 312, 60.5119, 0
PixelHit 2386, 313, 21.5904, 0
PixelHit 2386, 314, 3.87816, 0
PixelHit 2387, 309, 2.67612, 0
PixelHit 2387, 310, 17.7683, 0
PixelHit 2387, 311, 61.1147, 0
PixelHit 2387, 312, 41.7375, 0
PixelHit 2387, 313, 3.78151, 0
PixelHit 2388, 308, 2.55692, 0
PixelHit 2388, 309, 7.83571, 0
PixelHit 2388, 310, 9.26074, 0
PixelHit 2388, 311, 14.5772, 0
PixelHit 2388, 312, 8.84033, 0
PixelHit 2388, 313, 0.508949, 0
PixelHit 2389, 306, 2.43861, 0
PixelHit 2389, 307, 5.16615, 0
PixelHit 2389, 308, 14.6696, 0
PixelHit 2389, 309, 25.9521, 0
PixelHit 2389, 310, 10.8864, 0
PixelHit 2389, 311, 4.00821, 0
PixelHit 2390, 306, 0.865618, 0
PixelHit 2390, 307, 7.13013, 0
PixelHit 2390, 308, 36.9504, 0
PixelHit 2390, 309, 32.8765, 0
PixelHit 2390, 310, 12.4076, 0
PixelHit 2390, 311, 4.62535, 0
PixelHit 2391, 306, 2.69617, 0
PixelHit 2391, 307, 27.6827, 0
PixelHit 2391, 308, 78.0972, 0
PixelHit 2391, 309, 63.646, 0
PixelHit 2391, 310, 24.8293, 0
PixelHit 2391, 311, 3.25937, 0
PixelHit 2392, 305, 2.38404, 0
PixelHit 2392, 306, 17.8812, 0
PixelHit 2392, 307, 49.078, 0
PixelHit 2392, 308, 98.3034, 0
PixelHit 2392, 309, 40.8757, 0
PixelHit 2392, 310, 6.05351, 0
PixelHit 2393, 305, 18.0088, 0
PixelHit 2393, 306, 46.2595, 0
PixelHit 2393, 307, 109.425, 0
PixelHit 2393, 308, 61.0132, 0
PixelHit 2393, 309, 17.7602, 0
PixelHit 2393, 310, 5.04147, 0
PixelHit 2394, 303, 0.0902986, 0
PixelHit 2394, 304, 2.52539, 0
PixelHit 2394, 305, 19.5409, 0
PixelHit 2394, 306, 61.8858, 0
PixelHit 2394, 307, 80.5099, 0
PixelHit 2394, 308, 42.6679, 0
PixelHit 2394, 309, 11.1256, 0
PixelHit 2395, 303, 4.39881, 0
PixelHit 2395, 304, 9.54076, 0
PixelHit 2395, 305, 31.0081, 0
PixelHit 2395, 306, 26.4844, 0
PixelHit 2395, 307, 19.6697, 0
PixelHit 2395, 308, 12.4609, 0
PixelHit 2395, 309, 3.69448, 0
PixelHit 2396, 303, 13.1197, 0
PixelHit 2396, 304, 34.9495, 0
PixelHit 2396, 305, 58.5088, 0
PixelHit 2396, 306, 35.127, 0
PixelHit 2396, 307, 7.61982, 0
PixelHit 2396, 308, 0.884127, 0
PixelHit 2397, 303, 17.0433, 0
PixelHit 2397, 304, 70.1409, 0
PixelHit 2397, 305, 67.8017, 0
PixelHit 2397, 306, 40.5517, 0
PixelHit 2397, 307, 13.1429, 0
PixelHit 2398, 303, 13.7014, 0
PixelHit 2398, 304, 45.7017, 0
PixelHit 2398, 305, 47.0884, 0
PixelHit 2398, 306, 20.7399, 0
PixelHit 2398, 307, 10.0674, 0
PixelHit 2399, 299, 2.37848, 0
PixelHit 2399, 302, 6.76978, 0
PixelHit 2399, 303, 15.0319, 0
PixelHit 2399, 304, 23.2902, 0
PixelHit 2399, 305, 13.2101, 0
PixelHit 2399, 306, 9.05583, 0
PixelHit 2399, 307, 2.21292, 0
PixelHit 2400, 301, 5.38843, 0
PixelHit 2400, 302, 10.3347, 0
PixelHit 2400, 303, 18.4903, 0
PixelHit 2400, 304, 18.6908, 0
PixelHit 2400, 305, 10.2208, 0
PixelHit 2401, 301, 7.32899, 0
PixelHit 2401, 302, 21.7718, 0
PixelHit 2401, 303, 18.5762, 0
PixelHit 2401, 304, 5.709, 0
PixelHit 2401, 305, 6.90159, 0
PixelHit 2402, 299, 2.87786, 0
PixelHit 2402, 300, 11.9649, 0
PixelHit 2402, 301, 19.2085, 0
PixelHit 2402, 302, 19.0358, 0
PixelHit 2402, 303, 17.6142, 0
PixelHit 2402, 304, 6.22965, 0
PixelHit 2403, 301, 14.18, 0
PixelHit 2403, 302, 13.0496, 0
PixelHit 2403, 303, 8.76664, 0
PixelHit 2403, 304, 1.5388, 0
PixelHit 2404, 298, 1.78921, 0
PixelHit 2404, 299, 3.82881, 0
PixelHit 2404, 300, 8.7088, 0
PixelHit 2404, 301, 9.6638, 0
PixelHit 2404, 302, 10.5806, 0
PixelHit 2404, 303, 1.93211, 0
PixelHit 2405, 297, 6.05494, 0
PixelHit 2405, 298, 7.20863, 0
PixelHit 2405, 299, 16.2525, 0
PixelHit 2405, 300, 9.355, 0
PixelHit 2405, 301, 8.62811, 0
PixelHit 2405, 302, 2.43405, 0
PixelHit 2405, 303, 0.189379, 0
PixelHit 2406, 297, 4.14776, 0
PixelHit 2406, 298, 25.0581, 0
PixelHit 2406, 299, 36.5716, 0
PixelHit 2406, 300, 17.5576, 0
PixelHit 2406, 301, 9.01457, 0
PixelHit 2406, 302, 4.16596, 0
PixelHit 2406, 303, 2.18019, 0
PixelHit 2407, 297, 3.5756, 0
PixelHit 2407, 298, 26.3618, 0
PixelHit 2407, 299, 38.6865, 0
PixelHit 2407, 300, 25.2277, 0
PixelHit 2407, 301, 8.66269, 0
PixelHit 2408, 296, 2.86297, 0
PixelHit 2408, 297, 10.369, 0
PixelHit 2408, 298, 27.2607, 0
PixelHit 2408, 299, 18.9005, 0
PixelHit 2408, 300, 22.8827, 0
PixelHit 2408, 301, 10.8117, 0
PixelHit 2408, 302, 0.63408, 0
PixelHit 2408, 304, 0.551288, 0
PixelHit 2409, 296, 6.10834, 0
PixelHit 2409, 297, 6.02116, 0
PixelHit 2409, 298, 17.8854, 0
PixelHit 2409, 299, 12.5456, 0
PixelHit 2409, 301, 2.43908, 0
PixelHit 2409, 302, 3.98195, 0
PixelHit 2410, 294, 2.47407, 0
PixelHit 2410, 296, 8.54774, 0
PixelHit 2410, 297, 11.4155, 0
PixelHit 2410, 298, 10.4784, 0
PixelHit 2410, 299, 8.397, 0
PixelHit 2411, 293, 1.07504, 0
PixelHit 2411, 294, 2.41701, 0
PixelHit 2411, 295, 13.5384, 0
PixelHit 2411, 296, 19.3395, 0
PixelHit 2411, 297, 17.6867, 0
PixelHit 2411, 298, 9.70668, 0
PixelHit 2411, 299, 5.51462, 0
PixelHit 2411, 300, 2.00616, 0
PixelHit 2412, 294, 7.04219, 0
PixelHit 2412, 295, 26.2263, 0
PixelHit 2412, 296, 27.4629, 0
PixelHit 2412, 297, 13.3256, 0
PixelHit 2412, 298, 6.31068, 0
PixelHit 2412, 299, 6.82382, 0
PixelHit 2413, 293, 2.57017, 0
PixelHit 2413, 294, 2.72346, 0
PixelHit 2413, 295, 12.5844, 0
PixelHit 2413, 296, 16.7161, 0
PixelHit 2413, 297, 9.63331, 0
PixelHit 2413, 298, 5.22372, 0
PixelHit 2414, 292, 6.17512, 0
PixelHit 2414, 293, 6.03634, 0
PixelHit 2414, 294, 6.42582, 0
PixelHit 2414, 295, 7.46939, 0
PixelHit 2414, 296, 8.41032, 0
PixelHit 2414, 297, 4.57251, 0
PixelHit 2414, 298, 2.04187, 0
PixelHit 2415, 293, 11.4817, 0
PixelHit 2415, 294, 19.7947, 0
PixelHit 2415, 295, 8.69974, 0
PixelHit 2415, 296, 8.33547, 0
PixelHit 2416, 291, 3.55147, 0
PixelHit 2416, 292, 12.863, 0
PixelHit 2416, 293, 18.5297, 0
PixelHit 2416, 294, 24.5006, 0
PixelHit 2416, 295, 15.8208, 0
PixelHit 2416, 296, 6.42864, 0
PixelHit 2417, 290, 2.6836, 0
PixelHit 2417, 291, 1.04388, 0
PixelHit 2417, 292, 13.8119, 0
PixelHit 2417, 293, 26.3234, 0
PixelHit 2417, 294, 25.9207, 0
PixelHit 2417, 295, 9.91367, 0
PixelHit 2417, 296, 4.81433, 0
PixelHit 2418, 291, 5.63668, 0
PixelHit 2418, 292, 13.9005, 0
PixelHit 2418, 293, 12.1299, 0
PixelHit 2418, 294, 14.59, 0
PixelHit 2418, 295, 6.31471, 0
PixelHit 2419, 290, 4.74729, 0
PixelHit 2419, 291, 10.5573, 0
PixelHit 2419, 292, 14.6923, 0
PixelHit 2419, 293, 12.8786, 0
PixelHit 2419, 295, 0.921378, 0
PixelHit 2420, 291, 3.75041, 0
PixelHit 2420, 292, 9.8453, 0
PixelHit 2420, 293, 6.65331, 0
PixelHit 2420, 294, 3.96202, 0
PixelHit 2421, 291, 6.9654, 0
PixelHit 2421, 292, 2.78438, 0
PixelHit 2421, 293, 1.95769, 0
PixelHit 2421, 294, 1.4522, 0
PixelHit 2422, 292, 2.41597, 0
=== 29 ===
=== 30 ===
--- mydetector ---
PixelHit 985, 1466, 2.81276, 0
PixelHit 985, 1467, 48.0035, 0
PixelHit 986, 1466, 30.1756, 0
PixelHit 986, 1467, 3.23835, 0
PixelHit 987, 1465, 30.1936, 0
PixelHit 987, 1466, 66.6282, 0
PixelHit 987, 1467, 1.90379, 0
PixelHit 988, 1464, 1.67381, 0
PixelHit 988, 1465, 41.2514, 0
PixelHit 988, 1466, 4.81742, 0
PixelHit 989, 1464, 30.5431, 0
PixelHit 989, 1465, 6.59598, 0
PixelHit 990, 1462, 0.843399, 0
PixelHit 990, 1463, 48.3779, 0
PixelHit 990, 1464, 131.474, 0
PixelHit 990, 1465, 4.28262, 0
PixelHit 991, 1462, 9.33609, 0
PixelHit 991, 1463, 245.313, 0
PixelHit 991, 1464, 77.0382, 0
PixelHit 992, 1461, 0.416816, 0
PixelHit 992, 1462, 45.3015, 0
PixelHit 992, 1463, 85.5601, 0
PixelHit 992, 1464, 7.17384, 0
PixelHit 993, 1461, 8.53381, 0
PixelHit 993, 1462, 45.1786, 0
PixelHit 993, 1463, 26.5752, 0
PixelHit 994, 1461, 15.078, 0
PixelHit 994, 1462, 9.2337, 0
PixelHit 995, 1459, 8.15763, 0
PixelHit 995, 1460, 181.298, 0
PixelHit 995, 1461, 125.237, 0
PixelHit 995, 1462, 8.8939, 0
PixelHit 996, 1459, 24.3273, 0
PixelHit 996, 1460, 624.559, 0
PixelHit 996, 1461, 495.545, 0
PixelHit 996, 1462, 13.1277, 0
PixelHit 997, 1459, 17.6292, 0
PixelHit 997, 1460, 107.198, 0
PixelHit 997, 1461, 77.2113, 0
PixelHit 997, 1462, 4.01801, 0
PixelHit 998, 1459, 9.28719, 0
PixelHit 998, 1460, 11.8961, 0
PixelHit 999, 1457, 3.88254, 0
PixelHit 999, 1458, 8.10219, 0
PixelHit 999, 1459, 5.15933, 0
PixelHit 1000, 1457, 10.1037, 0
PixelHit 1000, 1458, 17.6485, 0
PixelHit 1000, 1459, 6.05478, 0
PixelHit 1001, 1455, 2.66691, 0
PixelHit 1001, 1456, 8.37184, 0
PixelHit 1001, 1457, 40.1432, 0
PixelHit 1001, 1458, 31.3142, 0
PixelHit 1001, 1459, 2.77345, 0
PixelHit 1002, 1455, 5.51774, 0
PixelHit 1002, 1456, 35.9879, 0
PixelHit 1002, 1457, 55.0188, 0
PixelHit 1002, 1458, 16.9359, 0
PixelHit 1003, 1455, 10.9272, 0
PixelHit 1003, 1456, 53.1679, 0
PixelHit 1003, 1457, 43.1045, 0
PixelHit 1003, 1458, 3.82683, 0
PixelHit 1003, 1459, 0.798024, 0
PixelHit 1004, 1453, 0.882586, 0
PixelHit 1004, 1454, 3.88728, 0
PixelHit 1004, 1455, 11.3581, 0
PixelHit 1004, 1456, 30.1934, 0
PixelHit 1004, 1457, 3.04566, 0
PixelHit 1004, 1458, 2.55324, 0
PixelHit 1005, 1453, 3.05817, 0
PixelHit 1005, 1454, 29.5484, 0
PixelHit 1005, 1455, 75.3925, 0
PixelHit 1005, 1456, 26.3752, 0
PixelHit 1005, 1457, 3.31182, 0
PixelHit 1006, 1453, 1.29248, 0
PixelHit 1006, 1454, 26.1605, 0
PixelHit 1006, 1455, 47.4545, 0
PixelHit 1006, 1456, 12.4463, 0
PixelHit 1007, 1453, 3.80826, 0
PixelHit 1007, 1454, 15.1157, 0
PixelHit 1007, 1455, 8.90685, 0
PixelHit 1007, 1456, 3.04428, 0
PixelHit 1008, 1452, 10.2824, 0
PixelHit 1008, 1453, 16.387, 0
PixelHit 1008, 1454, 17.0178, 0
PixelHit 1009, 1451, 3.97114, 0
PixelHit 1009, 1452, 37.9892, 0
PixelHit 1009, 1453, 39.9789, 0
PixelHit 1009, 1454, 15.5083, 0
PixelHit 1009, 1455, 3.89716, 0
PixelHit 1010, 1450, 3.91682, 0
PixelHit 1010, 1451, 3.26775, 0
PixelHit 1010, 1452, 22.5948, 0
PixelHit 1010, 1453, 23.7584, 0
PixelHit 1010, 1454, 5.2579, 0
PixelHit 1011, 1450, 1.28765, 0
PixelHit 1011, 1451, 8.31511, 0
PixelHit 1011, 1452, 19.2978, 0
PixelHit 1011, 1453, 6.08517, 0
PixelHit 1012, 1450, 11.0869, 0
PixelHit 1012, 1451, 12.7252, 0
PixelHit 1012, 1452, 15.8852, 0
PixelHit 1013, 1449, 3.50733, 0
PixelHit 1013, 1450, 11.7133, 0
PixelHit 1013, 1451, 5.34186, 0
PixelHit 1013, 1452, 2.72269, 0
PixelHit 1014, 1448, 1.54042, 0
PixelHit 1014, 1449, 7.82863, 0
PixelHit 1014, 1450, 8.97167, 0
PixelHit 1014, 1451, 4.12618, 0
PixelHit 1014, 1452, 2.33904, 0
PixelHit 1015, 1447, 2.12763, 0
PixelHit 1015, 1448, 7.79613, 0
PixelHit 1015, 1449, 14.6028, 0
PixelHit 1015, 1450, 7.54301, 0
PixelHit 1015, 1451, 0.048052, 0
PixelHit 1016, 1446, 3.82591, 0
PixelHit 1016, 1447, 13.4694, 0
PixelHit 1016, 1448, 27.4114, 0
PixelHit 1016, 1449, 28.2978, 0
PixelHit 1016, 1450, 9.24329, 0
PixelHit 1016, 1451, 2.34012, 0
PixelHit 1017, 1446, 4.20665, 0
PixelHit 1017, 1447, 18.4656, 0
PixelHit 1017, 1448, 41.3934, 0
PixelHit 1017, 1449, 27.4063, 0
PixelHit 1017, 1450, 9.20723, 0
PixelHit 1018, 1445, 0.591527, 0
PixelHit 1018, 1446, 7.24941, 0
PixelHit 1018, 1447, 37.9025, 0
PixelHit 1018, 1448, 31.0117, 0
PixelHit 1018, 1449, 9.46862, 0
PixelHit 1019, 1444, 1.58148, 0
PixelHit 1019, 1445, 2.94775, 0
PixelHit 1019, 1446, 13.3063, 0
PixelHit 1019, 1447, 23.7413, 0
PixelHit 1019, 1448, 18.0579, 0
PixelHit 1019, 1449, 6.21489, 0
PixelHit 1019, 1450, 2.51567, 0
PixelHit 1020, 1444, 1.35041, 0
PixelHit 1020, 1445, 12.0531, 0
PixelHit 1020, 1446, 26.23, 0
PixelHit 1020, 1447, 21.574, 0
PixelHit 1020, 1448, 8.98348, 0
PixelHit 1020, 1449, 2.5972, 0
PixelHit 1021, 1443, 2.22341, 0
PixelHit 1021, 1444, 3.91854, 0
PixelHit 1021, 1445, 16.2191, 0
PixelHit 1021, 1446, 30.4097, 0
PixelHit 1021, 1447, 12.5797, 0
PixelHit 1021, 1448, 4.47877, 0
PixelHit 1022, 1443, 2.55857, 0
PixelHit 1022, 1444, 15.3104, 0
PixelHit 1022, 1445, 16.9951, 0
PixelHit 1022, 1446, 12.9758, 0
PixelHit 1022, 1447, 5.03477, 0
PixelHit 1023, 1443, 1.64559, 0
PixelHit 1023, 1444, 19.2826, 0
PixelHit 1023, 1445, 18.6967, 0
PixelHit 1023, 1446, 10.6261, 0
PixelHit 1023, 1447, 3.02226, 0
PixelHit 1024, 1443, 5.51112, 0
PixelHit 1024, 1444, 15.8118, 0
PixelHit 1024, 1445, 12.9276, 0
PixelHit 1024, 1446, 3.34052, 0
PixelHit 1025, 1442, 5.14429, 0
PixelHit 1025, 1443, 6.16193, 0
PixelHit 1025, 1444, 11.4366, 0
PixelHit 1025, 1445, 4.85469, 0
PixelHit 1025, 1446, 4.69285, 0
PixelHit 1026, 1441, 2.48735, 0
PixelHit 1026, 1442, 6.29542, 0
PixelHit 1026, 1443, 8.82655, 0
PixelHit 1026, 1444, 4.69892, 0
PixelHit 1026, 1445, 2.73782, 0
PixelHit 1027, 1439, 4.34436, 0
PixelHit 1027, 1440, 2.75258, 0
PixelHit 1027, 1441, 6.71265, 0
PixelHit 1027, 1442, 9.32014, 0
PixelHit 1027, 1443, 15.7137, 0
PixelHit 1027, 1444, 9.19331, 0
PixelHit 1028, 1440, 4.56756, 0
PixelHit 1028, 1441, 21.0546, 0
PixelHit 1028, 1442, 18.137, 0
PixelHit 1028, 1443, 5.38851, 0
PixelHit 1028, 1444, 1.91823, 0
PixelHit 1029, 1438, 2.51899, 0
PixelHit 1029, 1439, 6.70653, 0
PixelHit 1029, 1440, 26.3429, 0
PixelHit 1029, 1441, 34.1596, 0
PixelHit 1029, 1442, 18.0663, 0
PixelHit 1029, 1443, 7.62089, 0
PixelHit 1030, 1438, 4.81167, 0
PixelHit 1030, 1439, 20.5866, 0
PixelHit 1030, 1440, 39.0462, 0
PixelHit 1030, 1441, 57.2974, 0
PixelHit 1030, 1442, 32.9994, 0
PixelHit 1030, 1443, 3.44937, 0
PixelHit 1030, 1444, 2.37429, 0
PixelHit 1031, 1438, 3.50007, 0
PixelHit 1031, 1439, 15.9454, 0
PixelHit 1031, 1440, 38.2149, 0
PixelHit 1031, 1441, 44.7906, 0
PixelHit 1031, 1442, 20.4939, 0
PixelHit 1032, 1438, 4.63674, 0
PixelHit 1032, 1439, 25.2441, 0
PixelHit 1032, 1440, 31.8079, 0
PixelHit 1032, 1441, 21.0667, 0
PixelHit 1032, 1442, 7.87777, 0
PixelHit 1033, 1438, 16.266, 0
PixelHit 1033, 1439, 38.3835, 0
PixelHit 1033, 1440, 23.5457, 0
PixelHit 1033, 1441, 4.06901, 0
PixelHit 1033, 1442, -0.196234, 0
PixelHit 1034, 1435, 0.526917, 0
PixelHit 1034, 1436, 5.78758, 0
PixelHit 1034, 1437, 10.232, 0
PixelHit 1034, 1438, 15.0413, 0
PixelHit 1034, 1439, 21.2216, 0
PixelHit 1034, 1440, 12.7296, 0
PixelHit 1034, 1441, 2.87601, 0
PixelHit 1035, 1435, 2.75508, 0
PixelHit 1035, 1436, 15.5589, 0
PixelHit 1035, 1437, 19.3027, 0
PixelHit 1035, 1438, 12.1774, 0
PixelHit 1035, 1439, 15.8362, 0
PixelHit 1035, 1440, 5.29373, 0
PixelHit 1036, 1435, 12.8406, 0
PixelHit 1036, 1436, 38.7099, 0
PixelHit 1036, 1437, 51.9539, 0
PixelHit 1036, 1438, 18.1662, 0
PixelHit 1036, 1439, 8.86634, 0
PixelHit 1037, 1433, 2.62994, 0
PixelHit 1037, 1434, 3.15298, 0
PixelHit 1037, 1435, 46.4479, 0
PixelHit 1037, 1436, 80.3157, 0
PixelHit 1037, 1437, 84.2883, 0
PixelHit 1037, 1438, 34.4372, 0
PixelHit 1037, 1439, 8.47137, 0
PixelHit 1038, 1434, 7.53747, 0
PixelHit 1038, 1435, 43.0722, 0
PixelHit 1038, 1436, 90.1576, 0
PixelHit 1038, 1437, 76.6987, 0
PixelHit 1038, 1438, 39.4854, 0
PixelHit 1038, 1439, 1.83366, 0
PixelHit 1039, 1434, 12.066, 0
PixelHit 1039, 1435, 35.3061, 0
PixelHit 1039, 1436, 42.7058, 0
PixelHit 1039, 1437, 40.5152, 0
PixelHit 1039, 1438, 20.1802, 0
PixelHit 1040, 1433, 5.33241, 0
PixelHit 1040, 1434, 11.2201, 0
PixelHit 1040, 1435, 21.1148, 0
PixelHit 1040, 1436, 19.9914, 0
PixelHit 1040, 1437, 16.7481, 0
PixelHit 1040, 1438, 3.43401, 0
PixelHit 1041, 1432, 5.22288, 0
PixelHit 1041, 1433, 9.38782, 0
PixelHit 1041, 1434, 14.5824, 0
PixelHit 1041, 1435, 16.9342, 0
PixelHit 1041, 1436, 11.8907, 0
PixelHit 1041, 1437, 1.066, 0
PixelHit 1042, 1430, 1.84755, 0
PixelHit 1042, 1432, 12.6167, 0
PixelHit 1042, 1433, 19.8912, 0
PixelHit 1042, 1434, 16.5434, 0
PixelHit 1042, 1435, 12.3935, 0
PixelHit 1042, 1436, 3.14042, 0
PixelHit 1043, 1431, 4.6727, 0
PixelHit 1043, 1432, 9.30281, 0
PixelHit 1043, 1433, 13.4312, 0
PixelHit 1043, 1434, 20.3019, 0
PixelHit 1043, 1435, 10.4265, 0
PixelHit 1043, 1436, 1.89843, 0
PixelHit 1044, 1431, 4.05322, 0
PixelHit 1044, 1432, 4.90153, 0
PixelHit 1044, 1433, 8.08837, 0
PixelHit 1044, 1434, 4.54968, 0
PixelHit 1044, 1435, 2.76395, 0
PixelHit 1045, 1431, 4.61055, 0
PixelHit 1045, 1432, 2.3346, 0
PixelHit 1045, 1433, 3.34623, 0
PixelHit 1045, 1435, 2.83557, 0
PixelHit 1046, 1429, 5.57878, 0
PixelHit 1046, 1430, 16.4102, 0
PixelHit 1046, 1431, 12.5993, 0
PixelHit 1046, 1432, 8.22476, 0
PixelHit 1047, 1427, 1.32684, 0
PixelHit 1047, 1428, 5.47441, 0
PixelHit 1047, 1429, 16.583, 0
PixelHit 1047, 1430, 38.8935, 0
PixelHit 1047, 1431, 33.9101, 0
PixelHit 1047, 1432, 15.941, 0
PixelHit 1047, 1433, 4.80077, 0
PixelHit 1048, 1428, 4.54009, 0
PixelHit 1048, 1429, 34.0759, 0
PixelHit 1048, 1430, 60.8075, 0
PixelHit 1048, 1431, 50.2357, 0
PixelHit 1048, 1432, 21.601, 0
PixelHit 1048, 1433, 2.66856, 0
PixelHit 1049, 1428, 5.94772, 0
PixelHit 1049, 1429, 31.4387, 0
PixelHit 1049, 1430, 54.3599, 0
PixelHit 1049, 1431, 44.7128, 0
PixelHit 1049, 1432, 27.2336, 0
PixelHit 1049, 1433, 4.8026, 0
PixelHit 1049, 1434, 3.93028, 0
PixelHit 1050, 1427, 3.58759, 0
PixelHit 1050, 1428, 2.82641, 0
PixelHit 1050, 1429, 14.8987, 0
PixelHit 1050, 1430, 23.5058, 0
PixelHit 1050, 1431, 19.026, 0
PixelHit 1050, 1432, 10.0262, 0
PixelHit 1050, 1433, 1.4983, 0
PixelHit 1051, 1426, 1.21381, 0
PixelHit 1051, 1427, 7.93743, 0
PixelHit 1051, 1428, 13.113, 0
PixelHit 1051, 1429, 11.9918, 0
PixelHit 1051, 1430, 10.5484, 0
PixelHit 1051, 1431, 6.169, 0
PixelHit 1051, 1432, 1.64987, 0
PixelHit 1051, 1433, 2.85798, 0
PixelHit 1052, 1425, 2.0113, 0
PixelHit 1052, 1426, 6.73854, 0
PixelHit 1052, 1427, 2.99416, 0
PixelHit 1052, 1428, 23.8749, 0
PixelHit 1052, 1429, 14.0859, 0
PixelHit 1052, 1430, 1.28751, 0
PixelHit 1053, 1424, 1.54982, 0
PixelHit 1053, 1425, 4.72271, 0
PixelHit 1053, 1426, 8.84335, 0
PixelHit 1053, 1427, 12.6511, 0
PixelHit 1053, 1428, 11.0727, 0
PixelHit 1053, 1429, 11.2791, 0
PixelHit 1053, 1430, 2.6876, 0
PixelHit 1053, 1431, 1.45071, 0
PixelHit 1054, 1425, 4.05617, 0
PixelHit 1054, 1426, 6.78917, 0
PixelHit 1054, 1427, 19.1536, 0
PixelHit 1054, 1428, 6.31035, 0
PixelHit 1054, 1429, 12.4535, 0
PixelHit 1054, 1430, 2.70072, 0
PixelHit 1054, 1431, 4.31765, 0
PixelHit 1055, 1424, -0.077119, 0
PixelHit 1055, 1425, 4.22517, 0
PixelHit 1055, 1426, 11.8693, 0
PixelHit 1055, 1427, 7.69344, 0
PixelHit 1055, 1428, 6.53558, 0
PixelHit 1055, 1430, 0.243452, 0
PixelHit 1056, 1425, 5.46543, 0
PixelHit 1056, 1426, 3.93863, 0
PixelHit 1056, 1427, 5.09552, 0
PixelHit 1056, 1428, 2.77905, 0
PixelHit 1057, 1421, 1.54149, 0
PixelHit 1057, 1423, 5.6748, 0
PixelHit 1057, 1424, 3.8329, 0
PixelHit 1057, 1425, 5.68057, 0
PixelHit 1057, 1426, 4.97116, 0
PixelHit 1057, 1427, 0.344748, 0
PixelHit 1058, 1422, 4.65602, 0
PixelHit 1058, 1423, 4.17186, 0
PixelHit 1058, 1424, 8.11312, 0
PixelHit 1058, 1425, 6.40211, 0
PixelHit 1058, 1426, 7.33829, 0
PixelHit 1058, 1427, 1.88734, 0
PixelHit 1058, 1428, 0.821416, 0
PixelHit 1059, 1422, 3.78709, 0
PixelHit 1059, 1423, 6.15134, 0
PixelHit 1059, 1424, 5.44152, 0
PixelHit 1059, 1425, 10.0486, 0
PixelHit 1059, 1426, 2.15411, 0
PixelHit 1060, 1421, 2.74804, 0
PixelHit 1060, 1423, 4.70981, 0
PixelHit 1060, 1424, 10.9461, 0
PixelHit 1060, 1425, 8.43099, 0
PixelHit 1060, 1426, 2.47641, 0
PixelHit 1061, 1422, 2.42517, 0
PixelHit 1061, 1423, 13.1842, 0
PixelHit 1061, 1424, 7.98038, 0
PixelHit 1062, 1423, 4.31419, 0
PixelHit 1062, 1424, 1.6107, 0
PixelHit 1278, 944, 1.43988, 0
PixelHit 1278, 945, 6.57538, 0
PixelHit 1280, 943, 5.29277, 0
PixelHit 1281, 942, 15.8264, 0
PixelHit 1281, 943, 54.3334, 0
PixelHit 1281, 944, 4.92474, 0
PixelHit 1282, 942, 34.121, 0
PixelHit 1282, 943, 67.1893, 0
PixelHit 1282, 944, 1.58943, 0
PixelHit 1283, 941, 4.77278, 0
PixelHit 1283, 942, 23.0857, 0
PixelHit 1284, 941, 6.61883, 0
PixelHit 1284, 942, 5.8817, 0
PixelHit 1285, 939, 3.02821, 0
PixelHit 1285, 940, 22.8458, 0
PixelHit 1285, 941, 38.4255, 0
PixelHit 1286, 939, 5.13095, 0
PixelHit 1286, 940, 74.4938, 0
PixelHit 1286, 941, 25.2689, 0
PixelHit 1287, 939, 4.41738, 0
PixelHit 1287, 940, 25.7108, 0
PixelHit 1287, 941, 3.25683, 0
PixelHit 1288, 938, 22.8697, 0
PixelHit 1288, 939, 18.4766, 0
PixelHit 1289, 937, 12.7748, 0
PixelHit 1289, 938, 112.638, 0
PixelHit 1289, 939, 89.7172, 0
PixelHit 1290, 937, 40.933, 0
PixelHit 1290, 938, 84.6316, 0
PixelHit 1290, 939, 23.3232, 0
PixelHit 1291, 936, 7.68114, 0
PixelHit 1291, 937, 39.7219, 0
PixelHit 1291, 938, 36.4799, 0
PixelHit 1292, 936, 18.5845, 0
PixelHit 1292, 937, 17.8716, 0
PixelHit 1292, 938, 5.47164, 0
PixelHit 1293, 934, 0.245634, 0
PixelHit 1293, 935, 5.2263, 0
PixelHit 1293, 936, 20.5713, 0
PixelHit 1293, 937, 12.7899, 0
PixelHit 1294, 934, 12.4025, 0
PixelHit 1294, 935, 56.2353, 0
PixelHit 1294, 936, 35.8373, 0
PixelHit 1295, 933, 2.4965, 0
PixelHit 1295, 934, 34.4755, 0
PixelHit 1295, 935, 81.9125, 0
PixelHit 1295, 936, 25.8561, 0
PixelHit 1296, 933, 15.2382, 0
PixelHit 1296, 934, 62.0936, 0
PixelHit 1296, 935, 48.9493, 0
PixelHit 1296, 936, 10.0857, 0
PixelHit 1297, 933, 11.2982, 0
PixelHit 1297, 934, 42.4837, 0
PixelHit 1297, 935, 20.4045, 0
PixelHit 1298, 932, 5.10633, 0
PixelHit 1298, 933, 9.81516, 0
PixelHit 1298, 934, 6.55797, 0
PixelHit 1299, 933, 5.2454, 0
PixelHit 1299, 934, 1.99734, 0
PixelHit 1300, 931, 5.47609, 0
PixelHit 1300, 932, 12.7128, 0
PixelHit 1300, 933, 5.13778, 0
PixelHit 1301, 930, 2.06329, 0
PixelHit 1301, 931, 7.59394, 0
PixelHit 1301, 932, 5.11179, 0
PixelHit 1302, 929, 1.4833, 0
PixelHit 1302, 931, 3.11548, 0
PixelHit 1302, 932, 6.99026, 0
PixelHit 1303, 928, 0.839728, 0
PixelHit 1303, 929, 3.129, 0
PixelHit 1303, 930, 12.9872, 0
PixelHit 1303, 931, 5.07807, 0
PixelHit 1304, 928, 1.42928, 0
PixelHit 1304, 929, 9.1575, 0
PixelHit 1304, 930, 21.4338, 0
PixelHit 1304, 931, 3.98171, 0
PixelHit 1305, 926, 3.05382, 0
PixelHit 1305, 927, 2.76538, 0
PixelHit 1305, 928, 19.2366, 0
PixelHit 1305, 929, 41.2681, 0
PixelHit 1305, 930, 26.981, 0
PixelHit 1305, 931, 2.33093, 0
PixelHit 1306, 926, 0.676999, 0
PixelHit 1306, 927, 22.4024, 0
PixelHit 1306, 928, 213.368, 0
PixelHit 1306, 929, 426.562, 0
PixelHit 1306, 930, 162.789, 0
PixelHit 1306, 931, 13.0117, 0
PixelHit 1307, 926, 4.79772, 0
PixelHit 1307, 927, 77.4222, 0
PixelHit 1307, 928, 651.918, 0
PixelHit 1307, 929, 1405.14, 0
PixelHit 1307, 930, 599.444, 0
PixelHit 1307, 931, 44.1806, 0
PixelHit 1308, 926, 9.9169, 0
PixelHit 1308, 927, 45.7034, 0
PixelHit 1308, 928, 408.052, 0
PixelHit 1308, 929, 854.376, 0
PixelHit 1308, 930, 361.927, 0
PixelHit 1308, 931, 28.8083, 0
PixelHit 1309, 926, 15.0992, 0
PixelHit 1309, 927, 16.5868, 0
PixelHit 1309, 928, 62.0383, 0
PixelHit 1309, 929, 104.894, 0
PixelHit 1309, 930, 41.5075, 0
PixelHit 1309, 931, 4.74575, 0
PixelHit 1309, 932, 1.76013, 0
PixelHit 1310, 925, 3.94726, 0
PixelHit 1310, 926, 15.6923, 0
PixelHit 1310, 927, 11.3596, 0
PixelHit 1310, 928, 4.41622, 0
PixelHit 1310, 930, 3.44019, 0
PixelHit 1311, 924, 4.00228, 0
PixelHit 1311, 925, 3.45621, 0
PixelHit 1311, 926, 8.9466, 0
PixelHit 1311, 927, 5.91352, 0
PixelHit 1311, 928, 4.05238, 0
PixelHit 1312, 923, 1.81177, 0
PixelHit 1312, 924, 4.73572, 0
PixelHit 1312, 925, 12.5308, 0
PixelHit 1312, 926, 5.40432, 0
PixelHit 1312, 927, 0.593347, 0
PixelHit 1313, 923, 5.33709, 0
PixelHit 1313, 924, 13.9859, 0
PixelHit 1313, 925, 12.413, 0
PixelHit 1313, 926, 6.35676, 0
PixelHit 1314, 923, 1.54519, 0
PixelHit 1314, 924, 6.88682, 0
PixelHit 1314, 925, 6.65, 0
PixelHit 1314, 926, 7.80081, 0
PixelHit 1315, 921, 4.46303, 0
PixelHit 1315, 922, 4.32985, 0
PixelHit 1315, 923, 11.9744, 0
PixelHit 1315, 924, 6.63033, 0
PixelHit 1315, 925, 4.11954, 0
PixelHit 1315, 926, 1.33961, 0
PixelHit 1316, 920, 1.76982, 0
PixelHit 1316, 921, 12.6371, 0
PixelHit 1316, 922, 40.5683, 0
PixelHit 1316, 923, 34.6041, 0
PixelHit 1316, 924, 12.2254, 0
PixelHit 1316, 925, 2.1254, 0
PixelHit 1317, 920, 2.2502, 0
PixelHit 1317, 921, 8.90155, 0
PixelHit 1317, 922, 41.2265, 0
PixelHit 1317, 923, 44.0524, 0
PixelHit 1317, 924, 15.7282, 0
PixelHit 1317, 925, 3.68787, 0
PixelHit 1318, 921, 15.8228, 0
PixelHit 1318, 922, 19.4858, 0
PixelHit 1318, 923, 16.9624, 0
PixelHit 1318, 924, 2.62813, 0
PixelHit 1319, 919, 1.66691, 0
PixelHit 1319, 920, 2.75576, 0
PixelHit 1319, 921, 8.80026, 0
PixelHit 1319, 922, 8.03027, 0
PixelHit 1320, 918, 7.18877, 0
PixelHit 1320, 919, 8.46185, 0
PixelHit 1320, 920, 11.0966, 0
PixelHit 1320, 921, 9.40486, 0
PixelHit 1320, 922, 3.60364, 0
PixelHit 1320, 923, 4.40886, 0
PixelHit 1321, 917, 2.77796, 0
PixelHit 1321, 918, 9.39958, 0
PixelHit 1321, 919, 23.7417, 0
PixelHit 1321, 920, 35.5957, 0
PixelHit 1321, 921, 15.5283, 0
PixelHit 1321, 922, 1.08428, 0
PixelHit 1322, 917, 0.84134, 0
PixelHit 1322, 918, 20.8522, 0
PixelHit 1322, 919, 62.5479, 0
PixelHit 1322, 920, 50.8413, 0
PixelHit 1322, 921, 27.4389, 0
PixelHit 1322, 922, 4.54905, 0
PixelHit 1323, 917, 7.9637, 0
PixelHit 1323, 918, 30.2218, 0
PixelHit 1323, 919, 60.3509, 0
PixelHit 1323, 920, 46.443, 0
PixelHit 1323, 921, 13.537, 0
PixelHit 1323, 922, 2.23469, 0
PixelHit 1324, 917, 5.43039, 0
PixelHit 1324, 918, 27.4185, 0
PixelHit 1324, 919, 19.0785, 0
PixelHit 1324, 920, 13.8677, 0
PixelHit 1324, 921, 6.85229, 0
PixelHit 1325, 916, 6.38568, 0
PixelHit 1325, 917, 8.3966, 0
PixelHit 1325, 918, 28.534, 0
PixelHit 1325, 919, 12.108, 0
PixelHit 1325, 920, 3.68255, 0
PixelHit 1326, 915, 6.2296, 0
PixelHit 1326, 916, 9.51919, 0
PixelHit 1326, 917, 22.3734, 0
PixelHit 1326, 918, 4.2556, 0
PixelHit 1326, 919, 3.32795, 0
PixelHit 1327, 913, 1.54954, 0
PixelHit 1327, 914, 2.27234, 0
PixelHit 1327, 915, 13.8381, 0
PixelHit 1327, 916, 18.8922, 0
PixelHit 1327, 917, 26.8024, 0
PixelHit 1327, 918, 13.831, 0
PixelHit 1327, 919, 1.68131, 0
PixelHit 1328, 913, 0.171302, 0
PixelHit 1328, 914, 1.64244, 0
PixelHit 1328, 915, 11.9071, 0
PixelHit 1328, 916, 24.6045, 0
PixelHit 1328, 917, 24.583, 0
PixelHit 1328, 918, 4.65401, 0
PixelHit 1328, 919, 0.53961, 0
PixelHit 1329, 914, 10.0866, 0
PixelHit 1329, 915, 11.7958, 0
PixelHit 1329, 916, 25.7439, 0
PixelHit 1329, 917, 11.8779, 0
PixelHit 1329, 918, 2.22703, 0
PixelHit 1330, 911, 1.18209, 0
PixelHit 1330, 913, 4.64395, 0
PixelHit 1330, 914, 12.0796, 0
PixelHit 1330, 915, 8.43849, 0
PixelHit 1330, 916, 8.58109, 0
PixelHit 1330, 917, 3.70438, 0
PixelHit 1330, 918, 0.758439, 0
PixelHit 1331, 912, 3.16417, 0
PixelHit 1331, 913, 15.2008, 0
PixelHit 1331, 914, 15.816, 0
PixelHit 1331, 915, 12.5855, 0
PixelHit 1331, 917, 0.644736, 0
PixelHit 1332, 912, 11.9531, 0
PixelHit 1332, 913, 17.8988, 0
PixelHit 1332, 914, 18.5075, 0
PixelHit 1332, 915, 14.8612, 0
PixelHit 1332, 916, 7.45779, 0
PixelHit 1332, 917, 3.05276, 0
PixelHit 1333, 909, -0.78419, 0
PixelHit 1333, 910, 2.40641, 0
PixelHit 1333, 911, 11.9013, 0
PixelHit 1333, 912, 28.5284, 0
PixelHit 1333, 913, 30.6655, 0
PixelHit 1333, 914, 18.5821, 0
PixelHit 1333, 915, 6.16171, 0
PixelHit 1334, 909, 1.32692, 0
PixelHit 1334, 910, 2.52871, 0
PixelHit 1334, 911, 16.9572, 0
PixelHit 1334, 912, 28.8019, 0
PixelHit 1334, 913, 32.3771, 0
PixelHit 1334, 914, 25.2583, 0
PixelHit 1335, 909, 0.117288, 0
PixelHit 1335, 910, 6.64218, 0
PixelHit 1335, 911, 33.9235, 0
PixelHit 1335, 912, 39.1547, 0
PixelHit 1335, 913, 32.4146, 0
PixelHit 1335, 914, 13.1072, 0
PixelHit 1335, 915, 5.18972, 0
PixelHit 1336, 908, 2.91299, 0
PixelHit 1336, 909, 2.8355, 0
PixelHit 1336, 910, 10.0128, 0
PixelHit 1336, 911, 35.7103, 0
PixelHit 1336, 912, 21.5477, 0
PixelHit 1336, 913, 13.7622, 0
PixelHit 1336, 914, 6.31012, 0
PixelHit 1337, 909, 7.47385, 0
PixelHit 1337, 910, 15.1473, 0
PixelHit 1337, 911, 20.961, 0
PixelHit 1337, 912, 13.3776, 0
PixelHit 1337, 913, 10.1167, 0
PixelHit 1337, 914, 0.125159, 0
PixelHit 1338, 908, 0.94641, 0
PixelHit 1338, 909, 8.6575, 0
PixelHit 1338, 910, 16.7086, 0
PixelHit 1338, 911, 12.6714, 0
PixelHit 1338, 912, 10.8447, 0
PixelHit 1338, 913, 1.73263, 0
PixelHit 1339, 908, 2.37713, 0
PixelHit 1339, 909, 9.91765, 0
PixelHit 1339, 910, 10.9799, 0
PixelHit 1339, 911, 5.59084, 0
PixelHit 1339, 912, 2.47853, 0
PixelHit 1340, 906, 3.39523, 0
PixelHit 1340, 907, 2.34911, 0
PixelHit 1340, 908, 3.00707, 0
PixelHit 1340, 909, 7.31745, 0
PixelHit 1340, 910, 7.51905, 0
PixelHit 1340, 911, 4.38185, 0
PixelHit 1341, 905, 3.66898, 0
PixelHit 1341, 906, 1.65892, 0
PixelHit 1341, 907, 2.80715, 0
PixelHit 1341, 908, 10.5156, 0
PixelHit 1341, 909, 5.45584, 0
PixelHit 1341, 910, 2.59369, 0
PixelHit 1342, 906, 7.113, 0
PixelHit 1342, 907, 13.0718, 0
PixelHit 1342, 908, 10.7949, 0
PixelHit 1342, 909, 10.6391, 0
PixelHit 1343, 905, 3.23695, 0
PixelHit 1343, 906, 5.27808, 0
PixelHit 1343, 907, 11.0152, 0
PixelHit 1343, 908, 24.0834, 0
PixelHit 1343, 909, 6.83188, 0
PixelHit 1343, 910, 2.87232, 0
PixelHit 1344, 901, -0.0902774, 0
PixelHit 1344, 905, 1.74596, 0
PixelHit 1344, 906, 6.11121, 0
PixelHit 1344, 907, 14.8433, 0
PixelHit 1344, 908, 9.57369, 0
PixelHit 1344, 909, 3.60852, 0
PixelHit 1345, 904, 1.29585, 0
PixelHit 1345, 905, 9.62867, 0
PixelHit 1345, 906, 11.2741, 0
PixelHit 1345, 907, 5.58453, 0
PixelHit 1345, 908, 1.5815, 0
PixelHit 1345, 909, 2.99873, 0
PixelHit 1346, 903, 2.66241, 0
PixelHit 1346, 904, 10.8342, 0
PixelHit 1346, 905, 4.89234, 0
PixelHit 1346, 906, 13.5204, 0
PixelHit 1346, 907, 7.063, 0
PixelHit 1346, 908, 0.445078, 0
PixelHit 1347, 901, 0.988699, 0
PixelHit 1347, 903, 7.59721, 0
PixelHit 1347, 904, 15.3588, 0
PixelHit 1347, 905, 22.0805, 0
PixelHit 1347, 906, 12.6731, 0
PixelHit 1347, 907, 4.17924, 0
PixelHit 1347, 908, 1.03862, 0
PixelHit 1348, 903, 5.96639, 0
PixelHit 1348, 904, 7.35072, 0
PixelHit 1348, 905, 38.5026, 0
PixelHit 1348, 906, 11.369, 0
PixelHit 1348, 907, 3.49327, 0
PixelHit 1349, 902, 5.17903, 0
PixelHit 1349, 903, 6.04573, 0
PixelHit 1349, 904, 4.65454, 0
PixelHit 1349, 905, 15.2253, 0
PixelHit 1350, 900, 3.99871, 0
PixelHit 1350, 901, 7.42612, 0
PixelHit 1350, 902, 6.00383, 0
PixelHit 1350, 903, 6.67089, 0
PixelHit 1350, 904, 2.1625, 0
PixelHit 1350, 905, 6.41186, 0
PixelHit 1350, 906, 3.44631, 0
PixelHit 1350, 907, 0.15031, 0
PixelHit 1351, 900, 8.01315, 0
PixelHit 1351, 901, 13.4223, 0
PixelHit 1351, 902, 24.4357, 0
PixelHit 1351, 903, 23.315, 0
PixelHit 1351, 904, 12.5172, 0
PixelHit 1351, 905, 1.60021, 0
PixelHit 1351, 906, 1.95479, 0
PixelHit 1352, 900, 7.81911, 0
PixelHit 1352, 901, 23.4195, 0
PixelHit 1352, 902, 32.7972, 0
PixelHit 1352, 903, 33.1555, 0
PixelHit 1352, 904, 10.8347, 0
PixelHit 1352, 905, 2.95824, 0
PixelHit 1353, 899, 6.14373, 0
PixelHit 1353, 900, 8.14275, 0
PixelHit 1353, 901, 23.4395, 0
PixelHit 1353, 902, 25.9834, 0
PixelHit 1353, 903, 14.6805, 0
PixelHit 1353, 904, 5.72936, 0
PixelHit 1353, 905, 2.84613, 0
PixelHit 1354, 899, 2.72727, 0
PixelHit 1354, 900, 3.88788, 0
PixelHit 1354, 901, 11.3995, 0
PixelHit 1354, 902, 19.4766, 0
PixelHit 1354, 903, 11.2977, 0
PixelHit 1354, 904, 6.63764, 0
PixelHit 1354, 905, 3.20687, 0
PixelHit 1355, 899, 1.30964, 0
PixelHit 1355, 901, 4.31018, 0
PixelHit 1355, 902, 6.55532, 0
PixelHit 1355, 903, 3.41991, 0
PixelHit 1356, 905, 2.36542, 0
=== 31 ===
=== 32 ===
=== 33 ===
=== 34 ===
=== 35 ===
=== 36 ===
=== 37 ===
=== 38 ===
=== 39 ===
=== 40 ===
=== 41 ===
--- mydetector ---
PixelHit 1528, 628, 14.0152, 0
PixelHit 1528, 629, 49.9216, 0
PixelHit 1529, 628, 69.9114, 0
PixelHit 1529, 629, 26.3562, 0
PixelHit 1530, 627, 8.21312, 0
PixelHit 1530, 628, 31.828, 0
PixelHit 1530, 629, 2.6376, 0
PixelHit 1531, 626, 6.55602, 0
PixelHit 1531, 627, 62.2598, 0
PixelHit 1531, 628, 11.9019, 0
PixelHit 1532, 626, 22.1396, 0
PixelHit 1532, 627, 49.7781, 0
PixelHit 1533, 625, 2.16935, 0
PixelHit 1533, 626, 54.8532, 0
PixelHit 1533, 627, 8.18791, 0
PixelHit 1534, 625, 32.4343, 0
PixelHit 1534, 626, 27.5909, 0
PixelHit 1534, 627, 2.80817, 0
PixelHit 1535, 624, 6.95438, 0
PixelHit 1535, 625, 42.8937, 0
PixelHit 1535, 626, 5.64737, 0
PixelHit 1536, 624, 9.00942, 0
PixelHit 1536, 625, 7.08321, 0
PixelHit 1537, 623, 23.8634, 0
PixelHit 1537, 624, 31.8279, 0
PixelHit 1537, 625, 2.20015, 0
PixelHit 1538, 622, 7.58414, 0
PixelHit 1538, 623, 42.6406, 0
PixelHit 1538, 624, 27.6173, 0
PixelHit 1538, 625, 2.61583, 0
PixelHit 1539, 621, 1.46545, 0
PixelHit 1539, 622, 51.4904, 0
PixelHit 1539, 623, 68.6556, 0
PixelHit 1539, 624, 6.33281, 0
PixelHit 1540, 621, 9.39026, 0
PixelHit 1540, 622, 79.7053, 0
PixelHit 1540, 623, 45.2276, 0
PixelHit 1541, 621, 17.3154, 0
PixelHit 1541, 622, 41.3301, 0
PixelHit 1541, 623, 5.5776, 0
PixelHit 1542, 620, 4.26722, 0
PixelHit 1542, 621, 23.6946, 0
PixelHit 1542, 622, 17.2419, 0
PixelHit 1543, 619, 5.83812, 0
PixelHit 1543, 620, 7.55686, 0
PixelHit 1543, 621, 7.37839, 0
PixelHit 1544, 619, 17.8889, 0
PixelHit 1544, 620, 44.9179, 0
PixelHit 1544, 621, 9.22667, 0
PixelHit 1545, 617, 2.88074, 0
PixelHit 1545, 618, 3.98393, 0
PixelHit 1545, 619, 15.6263, 0
PixelHit 1545, 620, 25.8395, 0
PixelHit 1545, 621, 2.27522, 0
PixelHit 1546, 617, 1.55464, 0
PixelHit 1546, 618, 6.46066, 0
PixelHit 1546, 619, 32.0672, 0
PixelHit 1546, 620, 10.5916, 0
PixelHit 1546, 621, 2.87158, 0
PixelHit 1547, 617, 2.52998, 0
PixelHit 1547, 618, 4.42726, 0
PixelHit 1547, 619, 6.96678, 0
PixelHit 1548, 616, 4.98583, 0
PixelHit 1548, 617, 10.6509, 0
PixelHit 1548, 618, 8.80975, 0
PixelHit 1548, 619, 2.31, 0
PixelHit 1548, 621, 0.161268, 0
PixelHit 1549, 614, 2.59379, 0
PixelHit 1549, 615, 11.1543, 0
PixelHit 1549, 616, 83.1548, 0
PixelHit 1549, 617, 147.817, 0
PixelHit 1549, 618, 58.2483, 0
PixelHit 1549, 619, 4.69005, 0
PixelHit 1550, 615, 31.205, 0
PixelHit 1550, 616, 411.348, 0
PixelHit 1550, 617, 690.157, 0
PixelHit 1550, 618, 206.267, 0
PixelHit 1550, 619, 15.4814, 0
PixelHit 1551, 615, 26.896, 0
PixelHit 1551, 616, 281.025, 0
PixelHit 1551, 617, 546.861, 0
PixelHit 1551, 618, 152.728, 0
PixelHit 1551, 619, 11.5479, 0
PixelHit 1552, 614, 6.83066, 0
PixelHit 1552, 615, 20.6194, 0
PixelHit 1552, 616, 64.7176, 0
PixelHit 1552, 617, 77.3947, 0
PixelHit 1552, 618, 20.7757, 0
PixelHit 1552, 619, 3.2787, 0
PixelHit 1553, 614, 5.82634, 0
PixelHit 1553, 615, 20.9756, 0
PixelHit 1553, 616, 12.041, 0
PixelHit 1553, 617, 4.87814, 0
PixelHit 1554, 614, 4.33308, 0
PixelHit 1554, 615, 8.63662, 0
PixelHit 1554, 616, 4.73782, 0
PixelHit 1555, 612, 2.19069, 0
PixelHit 1555, 613, 6.26972, 0
PixelHit 1555, 614, 8.23207, 0
PixelHit 1555, 615, 2.74791, 0
PixelHit 1556, 612, 13.0539, 0
PixelHit 1556, 613, 20.8236, 0
PixelHit 1556, 614, 16.8482, 0
PixelHit 1556, 615, 2.08766, 0
PixelHit 1557, 612, 20.8385, 0
PixelHit 1557, 613, 27.6601, 0
PixelHit 1557, 614, 17.6686, 0
PixelHit 1558, 611, 18.1789, 0
PixelHit 1558, 612, 38.1415, 0
PixelHit 1558, 613, 32.0869, 0
PixelHit 1558, 614, 6.90952, 0
PixelHit 1559, 609, 2.91502, 0
PixelHit 1559, 610, 8.34624, 0
PixelHit 1559, 611, 38.4139, 0
PixelHit 1559, 612, 49.732, 0
PixelHit 1559, 613, 17.3976, 0
PixelHit 1560, 609, 3.65399, 0
PixelHit 1560, 610, 15.396, 0
PixelHit 1560, 611, 58.6612, 0
PixelHit 1560, 612, 46.2364, 0
PixelHit 1560, 613, 4.19493, 0
PixelHit 1560, 614, 3.81342, 0
PixelHit 1561, 609, 9.83309, 0
PixelHit 1561, 610, 24.9231, 0
PixelHit 1561, 611, 28.5446, 0
PixelHit 1561, 612, 17.1755, 0
PixelHit 1561, 613, 2.33221, 0
PixelHit 1562, 608, 6.81208, 0
PixelHit 1562, 609, 22.7199, 0
PixelHit 1562, 610, 48.352, 0
PixelHit 1562, 611, 20.2488, 0
PixelHit 1562, 612, 4.54749, 0
PixelHit 1563, 607, 1.28118, 0
PixelHit 1563, 608, 8.09211, 0
PixelHit 1563, 609, 30.8503, 0
PixelHit 1563, 610, 38.4887, 0
PixelHit 1563, 611, 15.398, 0
PixelHit 1564, 607, 1.5229, 0
PixelHit 1564, 608, 14.0388, 0
PixelHit 1564, 609, 20.3791, 0
PixelHit 1564, 610, 9.47736, 0
PixelHit 1564, 611, 4.08648, 0
PixelHit 1565, 606, 0.646308, 0
PixelHit 1565, 607, 9.96251, 0
PixelHit 1565, 608, 14.6199, 0
PixelHit 1565, 609, 12.0454, 0
PixelHit 1565, 610, 7.28351, 0
PixelHit 1565, 611, 5.08973, 0
PixelHit 1566, 606, 6.07855, 0
PixelHit 1566, 607, 14.8208, 0
PixelHit 1566, 608, 16.3923, 0
PixelHit 1566, 609, 13.5688, 0
PixelHit 1566, 610, 6.16946, 0
PixelHit 1567, 606, 23.2169, 0
PixelHit 1567, 607, 29.4057, 0
PixelHit 1567, 608, 14.2871, 0
PixelHit 1567, 609, 6.87075, 0
PixelHit 1568, 605, 8.47245, 0
PixelHit 1568, 606, 31.6895, 0
PixelHit 1568, 607, 57.6435, 0
PixelHit 1568, 608, 20.505, 0
PixelHit 1568, 609, 4.91317, 0
PixelHit 1569, 605, 17.5532, 0
PixelHit 1569, 606, 52.6546, 0
PixelHit 1569, 607, 39.6409, 0
PixelHit 1569, 608, 19.0678, 0
PixelHit 1570, 603, 1.31017, 0
PixelHit 1570, 604, 4.44678, 0
PixelHit 1570, 605, 22.1971, 0
PixelHit 1570, 606, 34.3652, 0
PixelHit 1570, 607, 16.1863, 0
PixelHit 1570, 608, 6.70352, 0
PixelHit 1571, 603, 1.27889, 0
PixelHit 1571, 604, 6.4822, 0
PixelHit 1571, 605, 12.7578, 0
PixelHit 1571, 606, 13.2926, 0
PixelHit 1571, 607, 7.42392, 0
PixelHit 1572, 603, 2.83315, 0
PixelHit 1572, 604, 10.8792, 0
PixelHit 1572, 605, 12.0099, 0
PixelHit 1572, 607, 1.99827, 0
PixelHit 1573, 602, 5.02797, 0
PixelHit 1573, 603, 11.1905, 0
PixelHit 1573, 604, 17.5143, 0
PixelHit 1573, 605, 7.55061, 0
PixelHit 1573, 606, 3.92968, 0
PixelHit 1574, 602, 7.19901, 0
PixelHit 1574, 603, 16.6576, 0
PixelHit 1574, 604, 19.2011, 0
PixelHit 1574, 605, 11.4616, 0
PixelHit 1574, 606, 2.51312, 0
PixelHit 1574, 607, 0.830863, 0
PixelHit 1575, 601, 10.9889, 0
PixelHit 1575, 602, 15.7376, 0
PixelHit 1575, 603, 20.5408, 0
PixelHit 1575, 604, 6.76514, 0
PixelHit 1575, 605, 1.65898, 0
PixelHit 1576, 599, 1.39995, 0
PixelHit 1576, 600, 3.70691, 0
PixelHit 1576, 601, 10.2002, 0
PixelHit 1576, 602, 29.7713, 0
PixelHit 1576, 603, 19.9637, 0
PixelHit 1576, 604, 11.7424, 0
PixelHit 1577, 599, 2.05856, 0
PixelHit 1577, 600, 5.09045, 0
PixelHit 1577, 601, 17.9169, 0
PixelHit 1577, 602, 25.7946, 0
PixelHit 1577, 603, 13.307, 0
PixelHit 1577, 604, 6.03127, 0
PixelHit 1577, 605, 1.96308, 0
PixelHit 1578, 599, 9.05012, 0
PixelHit 1578, 600, 21.2253, 0
PixelHit 1578, 601, 26.3006, 0
PixelHit 1578, 602, 17.2216, 0
PixelHit 1578, 603, 4.56492, 0
PixelHit 1578, 604, 4.36261, 0
PixelHit 1579, 597, 3.82549, 0
PixelHit 1579, 598, 8.61111, 0
PixelHit 1579, 599, 30.1489, 0
PixelHit 1579, 600, 46.7547, 0
PixelHit 1579, 601, 47.4034, 0
PixelHit 1579, 602, 19.1249, 0
PixelHit 1579, 603, 4.45777, 0
PixelHit 1580, 598, 17.4296, 0
PixelHit 1580, 599, 48.2154, 0
PixelHit 1580, 600, 77.6534, 0
PixelHit 1580, 601, 59.6481, 0
PixelHit 1580, 602, 17.5672, 0
PixelHit 1580, 603, 2.96447, 0
PixelHit 1581, 596, 2.08349, 0
PixelHit 1581, 597, 0.355809, 0
PixelHit 1581, 598, 15.5084, 0
PixelHit 1581, 599, 58.5463, 0
PixelHit 1581, 600, 78.5722, 0
PixelHit 1581, 601, 49.321, 0
PixelHit 1581, 602, 15.5069, 0
PixelHit 1582, 596, 2.45019, 0
PixelHit 1582, 597, 8.0774, 0
PixelHit 1582, 598, 21.6671, 0
PixelHit 1582, 599, 47.78, 0
PixelHit 1582, 600, 47.5188, 0
PixelHit 1582, 601, 19.9301, 0
PixelHit 1582, 602, 6.82564, 0
PixelHit 1583, 596, 3.35874, 0
PixelHit 1583, 597, 12.2737, 0
PixelHit 1583, 598, 18.3637, 0
PixelHit 1583, 599, 33.2599, 0
PixelHit 1583, 600, 25.1979, 0
PixelHit 1583, 601, 13.6917, 0
PixelHit 1583, 602, 2.77539, 0
PixelHit 1584, 596, 4.43762, 0
PixelHit 1584, 597, 10.3998, 0
PixelHit 1584, 598, 18.4137, 0
PixelHit 1584, 599, 11.9054, 0
PixelHit 1584, 600, 9.74078, 0
PixelHit 1584, 601, 3.68921, 0
PixelHit 1585, 595, 3.25037, 0
PixelHit 1585, 596, 3.30341, 0
PixelHit 1585, 597, 2.21473, 0
PixelHit 1585, 598, 9.7956, 0
PixelHit 1585, 599, 3.9334, 0
PixelHit 1585, 600, 5.43946, 0
PixelHit 1586, 594, 2.38436, 0
PixelHit 1586, 595, 1.72697, 0
PixelHit 1586, 596, 4.74159, 0
PixelHit 1586, 597, 9.72423, 0
PixelHit 1586, 598, 8.88279, 0
PixelHit 1587, 594, 4.23648, 0
PixelHit 1587, 595, 7.7888, 0
PixelHit 1587, 596, 10.2043, 0
PixelHit 1587, 597, 4.96185, 0
PixelHit 1587, 599, 3.5479, 0
PixelHit 1588, 593, 5.16357, 0
PixelHit 1588, 594, 5.2268, 0
PixelHit 1588, 595, 9.50016, 0
PixelHit 1588, 596, 12.989, 0
PixelHit 1588, 597, 12.1264, 0
PixelHit 1588, 598, 4.71664, 0
PixelHit 1588, 599, 3.01845, 0
PixelHit 1589, 593, 4.88843, 0
PixelHit 1589, 594, 5.06924, 0
PixelHit 1589, 595, 14.5199, 0
PixelHit 1589, 596, 9.18934, 0
PixelHit 1589, 597, 4.11681, 0
PixelHit 1590, 591, 1.57087, 0
PixelHit 1590, 592, 1.6294, 0
PixelHit 1590, 593, 2.77647, 0
PixelHit 1590, 594, 13.3446, 0
PixelHit 1590, 595, 8.86991, 0
PixelHit 1590, 596, 5.95513, 0
PixelHit 1590, 597, 3.01407, 0
PixelHit 1591, 592, 4.87986, 0
PixelHit 1591, 593, 19.6824, 0
PixelHit 1591, 594, 16.8304, 0
PixelHit 1591, 595, 7.89478, 0
PixelHit 1591, 596, 8.16901, 0
PixelHit 1592, 590, 2.78488, 0
PixelHit 1592, 591, 2.68692, 0
PixelHit 1592, 592, 4.47692, 0
PixelHit 1592, 593, 15.8635, 0
PixelHit 1592, 594, 20.9522, 0
PixelHit 1592, 595, 13.5095, 0
PixelHit 1592, 598, 1.89879, 0
PixelHit 1593, 591, 1.07237, 0
PixelHit 1593, 592, 9.52955, 0
PixelHit 1593, 593, 15.1421, 0
PixelHit 1593, 594, 12.9, 0
PixelHit 1593, 595, 3.51072, 0
PixelHit 1594, 589, 1.88048, 0
PixelHit 1594, 590, 2.38229, 0
PixelHit 1594, 591, 7.17619, 0
PixelHit 1594, 592, 12.2912, 0
PixelHit 1594, 593, 15.5168, 0
PixelHit 1594, 594, 9.11544, 0
PixelHit 1595, 589, 1.6499, 0
PixelHit 1595, 590, 6.07027, 0
PixelHit 1595, 591, 8.1328, 0
PixelHit 1595, 592, 8.40789, 0
PixelHit 1595, 593, 8.79649, 0
PixelHit 1595, 594, 3.24244, 0
PixelHit 1596, 589, 2.29228, 0
PixelHit 1596, 590, 9.07414, 0
PixelHit 1596, 591, 11.6339, 0
PixelHit 1596, 592, 13.9763, 0
PixelHit 1596, 593, 7.19523, 0
PixelHit 1596, 594, 0.751137, 0
PixelHit 1596, 595, 3.30502, 0
PixelHit 1597, 590, 12.0781, 0
PixelHit 1597, 591, 9.66216, 0
PixelHit 1597, 592, 10.5181, 0
PixelHit 1597, 593, 2.62713, 0
PixelHit 1598, 589, 7.2973, 0
PixelHit 1598, 590, 8.06675, 0
PixelHit 1598, 591, 7.58917, 0
PixelHit 1598, 592, 5.9539, 0
PixelHit 1598, 593, 3.09906, 0
PixelHit 1599, 587, 3.42111, 0
PixelHit 1599, 588, 3.50843, 0
PixelHit 1599, 589, 9.79408, 0
PixelHit 1599, 590, 7.56335, 0
PixelHit 1599, 591, 8.00396, 0
PixelHit 1599, 592, 0.626615, 0
PixelHit 1600, 587, 2.82445, 0
PixelHit 1600, 588, 2.8618, 0
PixelHit 1600, 589, 10.3491, 0
PixelHit 1600, 592, 2.77393, 0
PixelHit 1601, 587, 0.478836, 0
PixelHit 1601, 588, 8.46398, 0
PixelHit 1601, 589, 11.5469, 0
PixelHit 1601, 591, -0.40375, 0
PixelHit 1602, 586, 3.67202, 0
PixelHit 1602, 587, 1.78075, 0
PixelHit 1602, 588, 6.56651, 0
PixelHit 1602, 589, 8.96789, 0
PixelHit 1602, 590, 3.8062, 0
PixelHit 1603, 586, 1.96651, 0
PixelHit 1603, 587, 3.21318, 0
PixelHit 1603, 588, 7.62791, 0
PixelHit 1603, 589, 1.58337, 0
PixelHit 1603, 590, 3.07573, 0
PixelHit 1604, 588, 4.15215, 0
PixelHit 1604, 590, 2.26732, 0
PixelHit 1605, 589, 1.3474, 0
=== 42 ===
=== 43 ===
=== 44 ===
=== 45 ===
=== 46 ===
=== 47 ===
=== 48 ===
=== 49 ===
=== 50 ===
=== 51 ===
=== 52 ===
=== 53 ===
=== 54 ===
=== 55 ===
=== 56 ===
--- mydetector ---
PixelHit 799, 1164, 1.32697, 0
PixelHit 800, 1163, 12.8368, 0
PixelHit 800, 1164, 158.687, 0
PixelHit 801, 1163, 70.2687, 0
PixelHit 801, 1164, 12.4901, 0
PixelHit 802, 1162, 2.3787, 0
PixelHit 802, 1163, 4.79844, 0
PixelHit 802, 1164, 1.15013, 0
PixelHit 803, 1162, 2.68998, 0
PixelHit 803, 1163, 1.50114, 0
PixelHit 804, 1161, 32.9374, 0
PixelHit 804, 1162, 11.8066, 0
PixelHit 805, 1160, 7.30418, 0
PixelHit 805, 1161, 68.6959, 0
PixelHit 805, 1162, 2.72929, 0
PixelHit 806, 1160, 47.2498, 0
PixelHit 806, 1161, 16.7765, 0
PixelHit 807, 1159, 28.1668, 0
PixelHit 807, 1160, 54.6183, 0
PixelHit 807, 1161, 7.99632, 0
PixelHit 808, 1158, 2.29501, 0
PixelHit 808, 1159, 20.0539, 0
PixelHit 808, 1160, 22.7364, 0
PixelHit 809, 1157, 0.474655, 0
PixelHit 809, 1158, 2.05782, 0
PixelHit 809, 1159, 5.88764, 0
PixelHit 810, 1157, 3.6746, 0
PixelHit 810, 1158, 9.79441, 0
PixelHit 810, 1159, 3.55214, 0
PixelHit 811, 1156, 8.7292, 0
PixelHit 811, 1157, 135.773, 0
PixelHit 811, 1158, 92.2387, 0
PixelHit 812, 1155, 0.585258, 0
PixelHit 812, 1156, 15.4624, 0
PixelHit 812, 1157, 94.8121, 0
PixelHit 812, 1158, 46.9635, 0
PixelHit 813, 1154, 0.305345, 0
PixelHit 813, 1155, 9.66436, 0
PixelHit 813, 1156, 17.6722, 0
PixelHit 813, 1157, 23.9625, 0
PixelHit 814, 1155, 39.3387, 0
PixelHit 814, 1156, 80.3691, 0
PixelHit 814, 1157, 12.5478, 0
PixelHit 815, 1154, 9.19457, 0
PixelHit 815, 1155, 44.3865, 0
PixelHit 815, 1156, 46.4113, 0
PixelHit 815, 1157, 8.12587, 0
PixelHit 816, 1153, 1.25135, 0
PixelHit 816, 1154, 10.4234, 0
PixelHit 816, 1155, 21.6065, 0
PixelHit 816, 1156, 11.8652, 0
PixelHit 817, 1153, 10.816, 0
PixelHit 817, 1154, 10.665, 0
PixelHit 817, 1155, 4.21818, 0
PixelHit 818, 1152, 4.93862, 0
PixelHit 818, 1153, 20.898, 0
PixelHit 818, 1154, 13.379, 0
PixelHit 818, 1155, 6.01078, 0
PixelHit 819, 1152, 22.413, 0
PixelHit 819, 1153, 41.0863, 0
PixelHit 819, 1154, 14.1883, 0
PixelHit 819, 1155, 3.75158, 0
PixelHit 820, 1151, 2.84352, 0
PixelHit 820, 1152, 16.3544, 0
PixelHit 820, 1153, 55.02, 0
PixelHit 820, 1154, 10.0955, 0
PixelHit 820, 1155, 1.06459, 0
PixelHit 821, 1151, 1.36527, 0
PixelHit 821, 1152, 6.70603, 0
PixelHit 821, 1153, 4.71345, 0
PixelHit 821, 1154, 1.12692, 0
PixelHit 822, 1149, 1.65983, 0
PixelHit 822, 1150, 5.62187, 0
PixelHit 822, 1151, 3.33172, 0
PixelHit 822, 1153, 2.98167, 0
PixelHit 823, 1149, 2.3273, 0
PixelHit 823, 1150, 16.7537, 0
PixelHit 823, 1151, 12.7152, 0
PixelHit 824, 1148, -1.17209, 0
PixelHit 824, 1149, 17.5272, 0
PixelHit 824, 1150, 26.8742, 0
PixelHit 824, 1151, 15.7724, 0
PixelHit 825, 1148, 8.56109, 0
PixelHit 825, 1149, 44.0193, 0
PixelHit 825, 1150, 50.2075, 0
PixelHit 825, 1151, 10.9399, 0
PixelHit 825, 1152, 0.750431, 0
PixelHit 826, 1148, 4.32018, 0
PixelHit 826, 1149, 26.5092, 0
PixelHit 826, 1150, 23.5754, 0
PixelHit 826, 1151, 5.28103, 0
PixelHit 827, 1147, 0.778027, 0
PixelHit 827, 1148, 5.22634, 0
PixelHit 827, 1149, 7.21715, 0
PixelHit 827, 1150, 2.55857, 0
PixelHit 828, 1146, 6.27547, 0
PixelHit 828, 1147, 21.1887, 0
PixelHit 828, 1148, 15.2149, 0
PixelHit 828, 1149, 3.91796, 0
PixelHit 829, 1146, 19.4054, 0
PixelHit 829, 1147, 65.6918, 0
PixelHit 829, 1148, 30.5061, 0
PixelHit 829, 1149, 3.27096, 0
PixelHit 830, 1145, 5.07313, 0
PixelHit 830, 1146, 26.3539, 0
PixelHit 830, 1147, 50.5304, 0
PixelHit 830, 1148, 22.673, 0
PixelHit 830, 1149, 3.0608, 0
PixelHit 831, 1144, 2.64175, 0
PixelHit 831, 1145, 13.5534, 0
PixelHit 831, 1146, 27.1596, 0
PixelHit 831, 1147, 22.9885, 0
PixelHit 831, 1148, 5.70398, 0
PixelHit 832, 1144, 2.83393, 0
PixelHit 832, 1145, 10.5252, 0
PixelHit 832, 1146, 20.1156, 0
PixelHit 832, 1147, 8.92511, 0
PixelHit 833, 1144, 12.2778, 0
PixelHit 833, 1145, 17.0669, 0
PixelHit 833, 1146, 8.93872, 0
PixelHit 833, 1147, 4.00814, 0
PixelHit 834, 1143, 1.89605, 0
PixelHit 834, 1144, 18.7779, 0
PixelHit 834, 1145, 12.3637, 0
PixelHit 834, 1146, 9.95187, 0
PixelHit 835, 1143, 3.03447, 0
PixelHit 835, 1144, 15.5636, 0
PixelHit 835, 1145, 10.1379, 0
PixelHit 835, 1146, 1.36599, 0
PixelHit 836, 1142, 0.76749, 0
PixelHit 836, 1143, 9.07572, 0
PixelHit 836, 1144, 4.77744, 0
PixelHit 836, 1145, 3.31896, 0
PixelHit 837, 1142, 8.21517, 0
PixelHit 837, 1143, 5.51894, 0
PixelHit 838, 1141, 5.00203, 0
PixelHit 838, 1142, 14.9661, 0
PixelHit 838, 1143, 6.92361, 0
PixelHit 838, 1144, 1.00425, 0
PixelHit 839, 1140, 3.47663, 0
PixelHit 839, 1141, 12.8008, 0
PixelHit 839, 1142, 6.40142, 0
PixelHit 839, 1143, 5.34051, 0
PixelHit 839, 1144, 1.48113, 0
PixelHit 840, 1141, 5.05767, 0
PixelHit 840, 1142, 7.95632, 0
PixelHit 841, 1140, 7.62655, 0
PixelHit 841, 1141, 8.82002, 0
PixelHit 841, 1142, 5.09768, 0
PixelHit 842, 1138, 4.25491, 0
PixelHit 842, 1139, 4.58633, 0
PixelHit 842, 1140, 8.25656, 0
PixelHit 842, 1141, 9.04928, 0
PixelHit 842, 1142, 1.29035, 0
PixelHit 843, 1137, 2.67105, 0
PixelHit 843, 1138, 10.2744, 0
PixelHit 843, 1139, 17.2857, 0
PixelHit 843, 1140, 20.1527, 0
PixelHit 843, 1141, 4.26303, 0
PixelHit 844, 1137, 8.11318, 0
PixelHit 844, 1138, 19.2011, 0
PixelHit 844, 1139, 35.9419, 0
PixelHit 844, 1140, 18.4024, 0
PixelHit 844, 1141, 4.79506, 0
PixelHit 845, 1136, 2.73866, 0
PixelHit 845, 1137, 9.24851, 0
PixelHit 845, 1138, 19.8922, 0
PixelHit 845, 1139, 27.2241, 0
PixelHit 845, 1140, 9.79228, 0
PixelHit 845, 1141, 1.68236, 0
PixelHit 846, 1134, 2.31395, 0
PixelHit 846, 1136, 3.13459, 0
PixelHit 846, 1137, 22.1425, 0
PixelHit 846, 1138, 24.2395, 0
PixelHit 846, 1139, 9.70615, 0
PixelHit 846, 1140, 4.05449, 0
PixelHit 847, 1135, 0.998555, 0
PixelHit 847, 1136, 6.80833, 0
PixelHit 847, 1137, 23.7305, 0
PixelHit 847, 1138, 14.2084, 0
PixelHit 847, 1139, 10.3579, 0
PixelHit 848, 1136, 6.51729, 0
PixelHit 848, 1137, 13.3408, 0
PixelHit 848, 1138, 4.47471, 0
PixelHit 848, 1139, 2.17681, 0
PixelHit 849, 1134, 5.28986, 0
PixelHit 849, 1135, 6.62992, 0
PixelHit 849, 1136, 18.2175, 0
PixelHit 849, 1137, 5.43582, 0
PixelHit 849, 1138, 3.66118, 0
PixelHit 849, 1139, 1.9586, 0
PixelHit 850, 1133, 2.04755, 0
PixelHit 850, 1134, 19.6067, 0
PixelHit 850, 1135, 37.6001, 0
PixelHit 850, 1136, 32.5896, 0
PixelHit 850, 1137, 6.18542, 0
PixelHit 851, 1132, 2.27106, 0
PixelHit 851, 1133, 6.80433, 0
PixelHit 851, 1134, 41.8536, 0
PixelHit 851, 1135, 44.5306, 0
PixelHit 851, 1136, 34.4576, 0
PixelHit 851, 1137, 10.2554, 0
PixelHit 852, 1132, 3.53745, 0
PixelHit 852, 1133, 18.0213, 0
PixelHit 852, 1134, 25.244, 0
PixelHit 852, 1135, 38.4032, 0
PixelHit 852, 1136, 18.0127, 0
PixelHit 852, 1138, 2.37836, 0
PixelHit 853, 1132, 1.65949, 0
PixelHit 853, 1133, 11.5365, 0
PixelHit 853, 1134, 23.811, 0
PixelHit 853, 1135, 13.4219, 0
PixelHit 853, 1136, 6.14128, 0
PixelHit 853, 1137, 1.92467, 0
PixelHit 854, 1131, 0.882131, 0
PixelHit 854, 1132, 12.6253, 0
PixelHit 854, 1133, 15.3874, 0
PixelHit 854, 1134, 13.5799, 0
PixelHit 854, 1135, 5.67191, 0
PixelHit 854, 1136, 0.967841, 0
PixelHit 855, 1130, 2.68872, 0
PixelHit 855, 1131, 11.2504, 0
PixelHit 855, 1132, 22.1672, 0
PixelHit 855, 1133, 20.553, 0
PixelHit 855, 1134, 10.7811, 0
PixelHit 856, 1130, 13.6694, 0
PixelHit 856, 1131, 21.4446, 0
PixelHit 856, 1132, 33.5989, 0
PixelHit 856, 1133, 19.1781, 0
PixelHit 856, 1134, 4.07551, 0
PixelHit 856, 1136, 2.01383, 0
PixelHit 857, 1129, 7.68461, 0
PixelHit 857, 1130, 17.2821, 0
PixelHit 857, 1131, 37.493, 0
PixelHit 857, 1132, 45.8795, 0
PixelHit 857, 1133, 22.7674, 0
PixelHit 857, 1134, 3.77887, 0
PixelHit 858, 1128, 2.29816, 0
PixelHit 858, 1129, 7.22715, 0
PixelHit 858, 1130, 27.7156, 0
PixelHit 858, 1131, 42.1354, 0
PixelHit 858, 1132, 24.2459, 0
PixelHit 858, 1133, 5.54057, 0
PixelHit 858, 1134, 6.10885, 0
PixelHit 859, 1128, 2.45963, 0
PixelHit 859, 1129, 9.14944, 0
PixelHit 859, 1130, 23.7655, 0
PixelHit 859, 1131, 23.5358, 0
PixelHit 859, 1132, 16.7675, 0
PixelHit 859, 1133, 5.1444, 0
PixelHit 859, 1134, 4.21058, 0
PixelHit 860, 1128, 0.930023, 0
PixelHit 860, 1129, 3.53457, 0
PixelHit 860, 1130, 13.2767, 0
PixelHit 860, 1131, 6.73529, 0
PixelHit 860, 1132, 7.78385, 0
PixelHit 861, 1129, 4.5474, 0
PixelHit 861, 1130, 5.45218, 0
PixelHit 861, 1131, 3.80249, 0
PixelHit 862, 1128, 5.22061, 0
PixelHit 862, 1130, 0.576066, 0
PixelHit 862, 1131, 2.57317, 0
PixelHit 863, 1127, 2.48683, 0
PixelHit 863, 1128, 2.27227, 0
PixelHit 864, 1126, 1.90473, 0
PixelHit 864, 1127, 8.87779, 0
PixelHit 864, 1128, 6.40689, 0
PixelHit 864, 1129, 2.77416, 0
PixelHit 864, 1130, 2.49356, 0
PixelHit 865, 1125, 6.71768, 0
PixelHit 865, 1126, 5.92816, 0
PixelHit 865, 1127, 16.8155, 0
PixelHit 865, 1128, 5.36993, 0
PixelHit 865, 1129, 3.73292, 0
PixelHit 865, 1130, 1.06979, 0
PixelHit 866, 1124, 2.90891, 0
PixelHit 866, 1125, 10.2362, 0
PixelHit 866, 1126, 14.556, 0
PixelHit 866, 1127, 13.8915, 0
PixelHit 866, 1128, 5.44838, 0
PixelHit 866, 1129, 2.64094, 0
PixelHit 866, 1130, 1.76094, 0
PixelHit 867, 1123, 3.72434, 0
PixelHit 867, 1124, 7.26804, 0
PixelHit 867, 1125, 17.3076, 0
PixelHit 867, 1126, 22.5547, 0
PixelHit 867, 1127, 6.90687, 0
PixelHit 867, 1128, 4.74196, 0
PixelHit 867, 1129, 2.3779, 0
PixelHit 868, 1122, 2.70818, 0
PixelHit 868, 1123, 0.547779, 0
PixelHit 868, 1124, 14.3383, 0
PixelHit 868, 1125, 17.6558, 0
PixelHit 868, 1126, 26.2912, 0
PixelHit 868, 1127, 11.744, 0
PixelHit 868, 1128, 5.43026, 0
PixelHit 869, 1123, 4.13509, 0
PixelHit 869, 1124, 18.7611, 0
PixelHit 869, 1125, 20.0638, 0
PixelHit 869, 1126, 16.8707, 0
PixelHit 869, 1127, 4.05682, 0
PixelHit 870, 1121, 2.28821, 0
PixelHit 870, 1122, 4.56842, 0
PixelHit 870, 1123, 3.30176, 0
PixelHit 870, 1124, 10.3263, 0
PixelHit 870, 1125, 12.4821, 0
PixelHit 870, 1126, 8.54955, 0
PixelHit 870, 1127, 2.46585, 0
PixelHit 870, 1128, 3.28644, 0
PixelHit 871, 1121, 1.14091, 0
PixelHit 871, 1122, 4.39183, 0
PixelHit 871, 1123, 8.64917, 0
PixelHit 871, 1124, 7.05122, 0
PixelHit 871, 1125, 3.3334, 0
PixelHit 871, 1126, 5.66318, 0
PixelHit 872, 1121, 10.9103, 0
PixelHit 872, 1122, 7.06188, 0
PixelHit 872, 1123, 10.9294, 0
PixelHit 872, 1124, 4.00615, 0
PixelHit 873, 1120, 4.77679, 0
PixelHit 873, 1121, 5.88293, 0
PixelHit 873, 1122, 13.5196, 0
PixelHit 873, 1123, 15.4006, 0
PixelHit 873, 1124, 10.1286, 0
PixelHit 873, 1125, 5.00785, 0
PixelHit 874, 1119, 1.87304, 0
PixelHit 874, 1120, 5.19885, 0
PixelHit 874, 1121, 10.1745, 0
PixelHit 874, 1122, 23.6246, 0
PixelHit 874, 1123, 11.9141, 0
PixelHit 874, 1124, 4.84577, 0
PixelHit 875, 1119, 3.71332, 0
PixelHit 875, 1120, 13.4541, 0
PixelHit 875, 1121, 18.2574, 0
PixelHit 875, 1122, 12.6651, 0
PixelHit 875, 1123, 4.65481, 0
PixelHit 875, 1124, 3.85406, 0
PixelHit 875, 1125, 2.19977, 0
PixelHit 876, 1118, 0.928014, 0
PixelHit 876, 1119, 4.0099, 0
PixelHit 876, 1120, 11.2982, 0
PixelHit 876, 1121, 19.1071, 0
PixelHit 876, 1122, 14.267, 0
PixelHit 876, 1123, 6.7069, 0
PixelHit 876, 1124, 2.29627, 0
PixelHit 877, 1118, 4.65551, 0
PixelHit 877, 1119, 2.79324, 0
PixelHit 877, 1120, 9.7233, 0
PixelHit 877, 1121, 6.8955, 0
PixelHit 877, 1122, 5.62918, 0
PixelHit 878, 1118, 6.28941, 0
PixelHit 878, 1119, 9.21122, 0
PixelHit 878, 1120, 7.0843, 0
PixelHit 878, 1121, 6.44659, 0
PixelHit 878, 1122, 6.11516, 0
PixelHit 878, 1123, 0.0506132, 0
PixelHit 879, 1117, 4.1946, 0
PixelHit 879, 1118, 6.31829, 0
PixelHit 879, 1119, 16.7191, 0
PixelHit 879, 1120, 10.2814, 0
PixelHit 879, 1121, 5.64812, 0
PixelHit 880, 1119, 9.72773, 0
PixelHit 880, 1120, 6.18013, 0
PixelHit 880, 1121, 3.62287, 0
PixelHit 881, 1117, 3.28932, 0
PixelHit 881, 1119, 4.1014, 0
PixelHit 881, 1121, 3.25341, 0
PixelHit 1389, 786, 77.3439, 0
PixelHit 1389, 787, 14.0137, 0
PixelHit 1390, 785, 3.7842, 0
PixelHit 1390, 786, 51.0518, 0
PixelHit 1390, 787, 4.98735, 0
PixelHit 1391, 785, 17.3482, 0
PixelHit 1391, 786, 20.0797, 0
PixelHit 1392, 784, 1.6919, 0
PixelHit 1392, 785, 7.52058, 0
PixelHit 1393, 784, 5.31776, 0
PixelHit 1393, 785, 2.85415, 0
PixelHit 1394, 783, 31.7454, 0
PixelHit 1394, 784, 22.9271, 0
PixelHit 1395, 782, 10.5764, 0
PixelHit 1395, 783, 48.3945, 0
PixelHit 1395, 784, 19.2148, 0
PixelHit 1396, 781, 6.93447, 0
PixelHit 1396, 782, 33.3447, 0
PixelHit 1396, 783, 49.2737, 0
PixelHit 1397, 780, 0.962344, 0
PixelHit 1397, 781, 4.28493, 0
PixelHit 1397, 782, 29.2579, 0
PixelHit 1397, 783, 4.70996, 0
PixelHit 1398, 780, 9.59364, 0
PixelHit 1398, 781, 95.3549, 0
PixelHit 1398, 782, 40.2481, 0
PixelHit 1399, 780, 61.5741, 0
PixelHit 1399, 781, 170.772, 0
PixelHit 1399, 782, 20.745, 0
PixelHit 1400, 779, 15.0577, 0
PixelHit 1400, 780, 76.6506, 0
PixelHit 1400, 781, 32.6068, 0
PixelHit 1400, 782, 1.45044, 0
PixelHit 1401, 779, 20.355, 0
PixelHit 1401, 780, 57.9295, 0
PixelHit 1401, 781, 16.2856, 0
PixelHit 1402, 778, 4.24457, 0
PixelHit 1402, 779, 10.0927, 0
PixelHit 1402, 780, 8.95919, 0
PixelHit 1403, 777, 4.35711, 0
PixelHit 1403, 778, 33.1211, 0
PixelHit 1403, 779, 23.8421, 0
PixelHit 1403, 780, 5.25148, 0
PixelHit 1404, 776, 2.86366, 0
PixelHit 1404, 777, 21.3943, 0
PixelHit 1404, 778, 69.2251, 0
PixelHit 1404, 779, 30.4858, 0
PixelHit 1404, 780, 0.35813, 0
PixelHit 1405, 776, 8.02306, 0
PixelHit 1405, 777, 37.3721, 0
PixelHit 1405, 778, 22.1799, 0
PixelHit 1405, 779, 3.43917, 0
PixelHit 1406, 776, 28.3764, 0
PixelHit 1406, 777, 30.9148, 0
PixelHit 1406, 778, 8.94728, 0
PixelHit 1407, 774, 4.1583, 0
PixelHit 1407, 775, 66.2495, 0
PixelHit 1407, 776, 122.855, 0
PixelHit 1407, 777, 43.4586, 0
PixelHit 1407, 778, 12.7774, 0
PixelHit 1408, 774, 19.3284, 0
PixelHit 1408, 775, 273.305, 0
PixelHit 1408, 776, 349.217, 0
PixelHit 1408, 777, 59.2039, 0
PixelHit 1408, 778, 1.46516, 0
PixelHit 1409, 774, 9.76732, 0
PixelHit 1409, 775, 126.645, 0
PixelHit 1409, 776, 160.303, 0
PixelHit 1409, 777, 16.991, 0
PixelHit 1410, 773, 5.63722, 0
PixelHit 1410, 774, 9.88526, 0
PixelHit 1410, 775, 11.2658, 0
PixelHit 1410, 776, 10.7037, 0
PixelHit 1410, 777, 2.75816, 0
PixelHit 1411, 772, 4.42835, 0
PixelHit 1411, 773, 1.88779, 0
PixelHit 1411, 774, 8.46694, 0
PixelHit 1411, 775, 3.644, 0
PixelHit 1411, 776, 2.73688, 0
PixelHit 1412, 772, 4.37557, 0
PixelHit 1412, 773, 6.53583, 0
PixelHit 1412, 774, 9.8825, 0
PixelHit 1412, 775, 1.58449, 0
PixelHit 1413, 771, 2.86189, 0
PixelHit 1413, 772, 24.7624, 0
PixelHit 1413, 773, 25.2622, 0
PixelHit 1413, 774, 4.34449, 0
PixelHit 1414, 771, 12.1108, 0
PixelHit 1414, 772, 33.017, 0
PixelHit 1414, 773, 35.314, 0
PixelHit 1414, 774, 4.24902, 0
PixelHit 1415, 770, 4.34928, 0
PixelHit 1415, 771, 13.2178, 0
PixelHit 1415, 772, 19.1191, 0
PixelHit 1415, 773, 13.4052, 0
PixelHit 1416, 768, 1.03361, 0
PixelHit 1416, 769, 6.19625, 0
PixelHit 1416, 770, 14.3872, 0
PixelHit 1416, 771, 31.7854, 0
PixelHit 1416, 772, 12.9899, 0
PixelHit 1416, 773, 2.99355, 0
PixelHit 1417, 769, 5.92964, 0
PixelHit 1417, 770, 46.263, 0
PixelHit 1417, 771, 50.7546, 0
PixelHit 1417, 772, 17.9284, 0
PixelHit 1418, 769, 8.71274, 0
PixelHit 1418, 770, 40.5784, 0
PixelHit 1418, 771, 18.7154, 0
PixelHit 1418, 772, 4.63338, 0
PixelHit 1419, 768, 2.092, 0
PixelHit 1419, 769, 8.65451, 0
PixelHit 1419, 770, 11.6078, 0
PixelHit 1419, 771, 4.3176, 0
PixelHit 1419, 772, 3.95747, 0
PixelHit 1420, 766, 0.19512, 0
PixelHit 1420, 769, 3.97978, 0
PixelHit 1420, 770, 2.19474, 0
PixelHit 1421, 765, 1.78273, 0
PixelHit 1421, 766, 1.87885, 0
PixelHit 1421, 767, 17.2997, 0
PixelHit 1421, 768, 15.4905, 0
PixelHit 1421, 769, 13.4643, 0
PixelHit 1421, 770, 1.72079, 0
PixelHit 1422, 765, 3.03866, 0
PixelHit 1422, 766, 23.5351, 0
PixelHit 1422, 767, 50.9243, 0
PixelHit 1422, 768, 38.1096, 0
PixelHit 1422, 769, 14.2159, 0
PixelHit 1422, 770, 2.91322, 0
PixelHit 1423, 764, 1.17503, 0
PixelHit 1423, 765, 13.4923, 0
PixelHit 1423, 766, 66.693, 0
PixelHit 1423, 767, 118.382, 0
PixelHit 1423, 768, 75.6476, 0
PixelHit 1423, 769, 15.8637, 0
PixelHit 1423, 771, 0.608225, 0
PixelHit 1424, 765, 15.3409, 0
PixelHit 1424, 766, 78.8757, 0
PixelHit 1424, 767, 118.911, 0
PixelHit 1424, 768, 60.0066, 0
PixelHit 1424, 769, 12.6444, 0
PixelHit 1424, 770, 0.55723, 0
PixelHit 1425, 764, 5.12203, 0
PixelHit 1425, 765, 12.4607, 0
PixelHit 1425, 766, 42.594, 0
PixelHit 1425, 767, 35.5162, 0
PixelHit 1425, 768, 36.2961, 0
PixelHit 1425, 769, 3.79841, 0
PixelHit 1426, 763, 2.91019, 0
PixelHit 1426, 764, 11.2138, 0
PixelHit 1426, 765, 35.3267, 0
PixelHit 1426, 766, 26.1135, 0
PixelHit 1426, 767, 8.29239, 0
PixelHit 1426, 768, 7.69619, 0
PixelHit 1427, 763, 7.95206, 0
PixelHit 1427, 764, 28.4329, 0
PixelHit 1427, 765, 44.1907, 0
PixelHit 1427, 766, 30.812, 0
PixelHit 1427, 767, 7.31307, 0
PixelHit 1428, 762, 3.03254, 0
PixelHit 1428, 763, 15.2525, 0
PixelHit 1428, 764, 28.3484, 0
PixelHit 1428, 765, 40.0513, 0
PixelHit 1428, 766, 16.5105, 0
PixelHit 1428, 767, 5.19953, 0
PixelHit 1428, 768, 2.21847, 0
PixelHit 1429, 763, 21.2303, 0
PixelHit 1429, 764, 28.8895, 0
PixelHit 1429, 765, 21.8829, 0
PixelHit 1429, 766, 10.0891, 0
PixelHit 1429, 767, 2.1224, 0
PixelHit 1430, 762, 4.28052, 0
PixelHit 1430, 763, 11.1624, 0
PixelHit 1430, 764, 23.387, 0
PixelHit 1430, 765, 7.82893, 0
PixelHit 1431, 761, 3.67501, 0
PixelHit 1431, 762, 10.8701, 0
PixelHit 1431, 763, 6.53978, 0
PixelHit 1431, 764, 2.74452, 0
PixelHit 1432, 760, 2.94147, 0
PixelHit 1432, 761, 14.2658, 0
PixelHit 1432, 762, 14.2175, 0
PixelHit 1432, 763, 10.8542, 0
PixelHit 1432, 764, 2.60615, 0
PixelHit 1433, 759, 6.51789, 0
PixelHit 1433, 760, 17.414, 0
PixelHit 1433, 761, 23.5127, 0
PixelHit 1433, 762, 12.9102, 0
PixelHit 1433, 763, 7.27662, 0
PixelHit 1433, 764, 2.34706, 0
PixelHit 1434, 759, 11.0742, 0
PixelHit 1434, 760, 32.3459, 0
PixelHit 1434, 761, 35.5252, 0
PixelHit 1434, 762, 18.28, 0
PixelHit 1434, 763, 5.05677, 0
PixelHit 1435, 759, 9.10898, 0
PixelHit 1435, 760, 32.7077, 0
PixelHit 1435, 761, 42.3762, 0
PixelHit 1435, 762, 16.7968, 0
PixelHit 1436, 758, 4.89864, 0
PixelHit 1436, 759, 13.149, 0
PixelHit 1436, 760, 29.0748, 0
PixelHit 1436, 761, 20.6422, 0
PixelHit 1436, 762, 3.96618, 0
PixelHit 1437, 757, 4.55049, 0
PixelHit 1437, 758, 7.19966, 0
PixelHit 1437, 759, 19.1717, 0
PixelHit 1437, 760, 9.38905, 0
PixelHit 1437, 761, 9.75544, 0
PixelHit 1438, 756, 5.21133, 0
PixelHit 1438, 757, 6.90011, 0
PixelHit 1438, 758, 8.07669, 0
PixelHit 1438, 759, 10.2982, 0
PixelHit 1438, 760, 5.61176, 0
PixelHit 1438, 761, 5.02727, 0
PixelHit 1439, 755, 8.15839, 0
PixelHit 1439, 756, 9.77295, 0
PixelHit 1439, 757, 34.3354, 0
PixelHit 1439, 758, 23.1221, 0
PixelHit 1439, 759, 11.7353, 0
PixelHit 1439, 760, 6.09255, 0
PixelHit 1440, 754, 2.57514, 0
PixelHit 1440, 755, 15.4395, 0
PixelHit 1440, 756, 45.4291, 0
PixelHit 1440, 757, 70.7534, 0
PixelHit 1440, 758, 69.1011, 0
PixelHit 1440, 759, 22.5783, 0
PixelHit 1440, 760, 2.61032, 0
PixelHit 1441, 755, 19.6288, 0
PixelHit 1441, 756, 53.8062, 0
PixelHit 1441, 757, 91.153, 0
PixelHit 1441, 758, 80.385, 0
PixelHit 1441, 759, 15.4365, 0
PixelHit 1441, 760, 3.53001, 0
PixelHit 1442, 754, 1.68555, 0
PixelHit 1442, 755, 7.27135, 0
PixelHit 1442, 756, 45.5764, 0
PixelHit 1442, 757, 53.3909, 0
PixelHit 1442, 758, 32.3199, 0
PixelHit 1442, 759, 14.5952, 0
PixelHit 1443, 755, 10.7578, 0
PixelHit 1443, 756, 15.414, 0
PixelHit 1443, 757, 18.3306, 0
PixelHit 1443, 758, 11.918, 0
PixelHit 1443, 759, 3.01574, 0
PixelHit 1444, 754, 4.34921, 0
PixelHit 1444, 755, 7.82571, 0
PixelHit 1444, 756, 4.92164, 0
PixelHit 1445, 754, 2.52823, 0
PixelHit 1445, 755, 3.27171, 0
PixelHit 1445, 756, 1.77117, 0
PixelHit 1446, 752, 0.427051, 0
PixelHit 1446, 753, 5.63716, 0
PixelHit 1446, 754, 3.43018, 0
PixelHit 1446, 756, 1.7533, 0
PixelHit 1447, 752, 1.39401, 0
PixelHit 1447, 753, 9.346, 0
PixelHit 1447, 754, 7.52564, 0
PixelHit 1447, 755, 3.55153, 0
PixelHit 1448, 750, 2.97452, 0
PixelHit 1448, 751, 8.35758, 0
PixelHit 1448, 752, 3.58552, 0
PixelHit 1448, 753, 13.9644, 0
PixelHit 1448, 754, 4.87322, 0
PixelHit 1448, 755, 5.2954, 0
PixelHit 1449, 749, 2.39913, 0
PixelHit 1449, 750, 7.83333, 0
PixelHit 1449, 751, 13.5052, 0
PixelHit 1449, 752, 20.4048, 0
PixelHit 1449, 753, 24.2449, 0
PixelHit 1449, 754, 7.01325, 0
PixelHit 1449, 755, 2.82929, 0
PixelHit 1449, 756, 0.417189, 0
PixelHit 1450, 748, 2.25366, 0
PixelHit 1450, 749, 5.24661, 0
PixelHit 1450, 750, 11.9181, 0
PixelHit 1450, 751, 39.6349, 0
PixelHit 1450, 752, 29.9958, 0
PixelHit 1450, 753, 21.0133, 0
PixelHit 1450, 754, 4.78623, 0
PixelHit 1451, 747, 2.24035, 0
PixelHit 1451, 748, 1.39275, 0
PixelHit 1451, 749, 8.06513, 0
PixelHit 1451, 750, 23.6403, 0
PixelHit 1451, 751, 41.2201, 0
PixelHit 1451, 752, 24.7209, 0
PixelHit 1451, 753, 15.1956, 0
PixelHit 1451, 754, 7.39561, 0
PixelHit 1452, 748, 3.52577, 0
PixelHit 1452, 749, 15.2443, 0
PixelHit 1452, 750, 42.8152, 0
PixelHit 1452, 751, 56.7866, 0
PixelHit 1452, 752, 48.0307, 0
PixelHit 1452, 753, 9.14064, 0
PixelHit 1452, 754, 0.782158, 0
PixelHit 1453, 747, 1.54816, 0
PixelHit 1453, 748, 11.7137, 0
PixelHit 1453, 749, 24.4398, 0
PixelHit 1453, 750, 42.4996, 0
PixelHit 1453, 751, 48.6112, 0
PixelHit 1453, 752, 22.5027, 0
PixelHit 1453, 753, 8.74605, 0
PixelHit 1454, 747, 3.26213, 0
PixelHit 1454, 748, 22.3316, 0
PixelHit 1454, 749, 40.5128, 0
PixelHit 1454, 750, 39.5622, 0
PixelHit 1454, 751, 23.8598, 0
PixelHit 1454, 752, 10.918, 0
PixelHit 1454, 753, 2.48291, 0
PixelHit 1455, 747, 4.73216, 0
PixelHit 1455, 748, 30.587, 0
PixelHit 1455, 749, 35.4593, 0
PixelHit 1455, 750, 35.7577, 0
PixelHit 1455, 751, 23.3141, 0
PixelHit 1455, 752, 1.72438, 0
PixelHit 1456, 746, 2.75509, 0
PixelHit 1456, 747, 8.89201, 0
PixelHit 1456, 748, 25.2611, 0
PixelHit 1456, 749, 41.8827, 0
PixelHit 1456, 750, 14.406, 0
PixelHit 1456, 751, 6.08256, 0
PixelHit 1457, 746, 1.90896, 0
PixelHit 1457, 747, 7.73568, 0
PixelHit 1457, 748, 13.5007, 0
PixelHit 1457, 749, 18.1463, 0
PixelHit 1457, 750, 6.24279, 0
PixelHit 1458, 745, 1.51697, 0
PixelHit 1458, 746, 2.88681, 0
PixelHit 1458, 747, 9.74794, 0
PixelHit 1458, 748, 10.4054, 0
PixelHit 1458, 749, 6.2508, 0
PixelHit 1458, 750, 1.19004, 0
PixelHit 1459, 745, 4.47708, 0
PixelHit 1459, 746, 2.80735, 0
PixelHit 1459, 747, 9.07253, 0
PixelHit 1459, 748, 8.43075, 0
PixelHit 1459, 749, 3.25563, 0
PixelHit 1460, 745, 7.75102, 0
PixelHit 1460, 746, 9.40238, 0
PixelHit 1460, 747, 9.68982, 0
PixelHit 1460, 748, 3.84777, 0
PixelHit 1461, 743, 1.896, 0
PixelHit 1461, 744, 4.6887, 0
PixelHit 1461, 745, 2.46832, 0
PixelHit 1461, 746, 4.16247, 0
PixelHit 1461, 747, 1.9731, 0
PixelHit 1462, 742, 3.66412, 0
PixelHit 1462, 743, 2.38594, 0
PixelHit 1462, 744, 6.06654, 0
PixelHit 1462, 745, 11.4693, 0
PixelHit 1462, 746, 5.12071, 0
PixelHit 1462, 747, 5.75071, 0
PixelHit 1462, 748, 2.10303, 0
PixelHit 1463, 745, 7.61184, 0
PixelHit 1463, 746, 2.18845, 0
PixelHit 1463, 747, 1.90566, 0
PixelHit 1464, 744, 2.5135, 0
PixelHit 1464, 746, 2.07237, 0
=== 57 ===
=== 58 ===
=== 59 ===
=== 60 ===
=== 61 ===
=== 62 ===
=== 63 ===
=== 64 ===
=== 65 ===
=== 66 ===
--- mydetector ---
PixelHit 2285, 1042, 4.9466, 0
PixelHit 2285, 1043, 6.94714, 0
PixelHit 2286, 1042, 134.626, 0
PixelHit 2286, 1043, 29.0889, 0
PixelHit 2287, 1040, 0.451213, 0
PixelHit 2287, 1041, 18.388, 0
PixelHit 2287, 1042, 15.7952, 0
PixelHit 2288, 1040, 4.98482, 0
PixelHit 2288, 1041, 45.9694, 0
PixelHit 2288, 1042, 5.73349, 0
PixelHit 2289, 1039, 10.4331, 0
PixelHit 2289, 1040, 42.4586, 0
PixelHit 2289, 1041, 5.88476, 0
PixelHit 2290, 1039, 35.7247, 0
PixelHit 2290, 1040, 60.8133, 0
PixelHit 2290, 1041, 6.73107, 0
PixelHit 2291, 1037, 3.80813, 0
PixelHit 2291, 1038, 66.9384, 0
PixelHit 2291, 1039, 85.1557, 0
PixelHit 2291, 1040, 18.9629, 0
PixelHit 2292, 1037, 14.9598, 0
PixelHit 2292, 1038, 279.849, 0
PixelHit 2292, 1039, 140.728, 0
PixelHit 2292, 1040, 5.12259, 0
PixelHit 2293, 1036, 9.0283, 0
PixelHit 2293, 1037, 50.6671, 0
PixelHit 2293, 1038, 108.812, 0
PixelHit 2293, 1039, 32.8527, 0
PixelHit 2294, 1036, 7.34387, 0
PixelHit 2294, 1037, 70.467, 0
PixelHit 2294, 1038, 24.0602, 0
PixelHit 2295, 1035, 4.5068, 0
PixelHit 2295, 1036, 12.8934, 0
PixelHit 2295, 1037, 12.2008, 0
PixelHit 2295, 1038, 3.94147, 0
PixelHit 2296, 1035, 18.7885, 0
PixelHit 2296, 1036, 21.8794, 0
PixelHit 2296, 1037, 6.86121, 0
PixelHit 2297, 1033, 7.02052, 0
PixelHit 2297, 1034, 80.1367, 0
PixelHit 2297, 1035, 95.6792, 0
PixelHit 2297, 1036, 13.4464, 0
PixelHit 2298, 1033, 27.8919, 0
PixelHit 2298, 1034, 203.974, 0
PixelHit 2298, 1035, 205.35, 0
PixelHit 2298, 1036, 24.3318, 0
PixelHit 2299, 1033, 21.0914, 0
PixelHit 2299, 1034, 61.9325, 0
PixelHit 2299, 1035, 49.6699, 0
PixelHit 2299, 1036, 4.90041, 0
PixelHit 2300, 1031, 3.4253, 0
PixelHit 2300, 1032, 6.47425, 0
PixelHit 2300, 1033, 13.9959, 0
PixelHit 2300, 1034, 18.4918, 0
PixelHit 2301, 1031, 8.9444, 0
PixelHit 2301, 1032, 35.6784, 0
PixelHit 2301, 1033, 14.5052, 0
PixelHit 2301, 1034, 1.94213, 0
PixelHit 2302, 1031, 29.6521, 0
PixelHit 2302, 1032, 43.8372, 0
PixelHit 2302, 1033, 15.273, 0
PixelHit 2303, 1029, 2.17787, 0
PixelHit 2303, 1030, 3.57248, 0
PixelHit 2303, 1031, 27.1812, 0
PixelHit 2303, 1032, 25.7581, 0
PixelHit 2303, 1033, 3.13751, 0
PixelHit 2304, 1028, 3.19348, 0
PixelHit 2304, 1029, 10.0491, 0
PixelHit 2304, 1030, 20.8944, 0
PixelHit 2304, 1031, 16.5066, 0
PixelHit 2305, 1028, 4.5464, 0
PixelHit 2305, 1029, 29.4392, 0
PixelHit 2305, 1030, 57.5265, 0
PixelHit 2305, 1031, 16.4377, 0
PixelHit 2306, 1027, 2.62156, 0
PixelHit 2306, 1028, 23.443, 0
PixelHit 2306, 1029, 45.5531, 0
PixelHit 2306, 1030, 36.1705, 0
PixelHit 2306, 1031, 5.48128, 0
PixelHit 2307, 1027, 14.9891, 0
PixelHit 2307, 1028, 48.2392, 0
PixelHit 2307, 1029, 42.387, 0
PixelHit 2307, 1030, 15.1246, 0
PixelHit 2308, 1025, 1.44397, 0
PixelHit 2308, 1026, 2.24495, 0
PixelHit 2308, 1027, 34.3963, 0
PixelHit 2308, 1028, 61.5847, 0
PixelHit 2308, 1029, 37.6936, 0
PixelHit 2308, 1030, 2.51824, 0
PixelHit 2309, 1025, 5.65335, 0
PixelHit 2309, 1026, 7.56618, 0
PixelHit 2309, 1027, 23.295, 0
PixelHit 2309, 1028, 22.8303, 0
PixelHit 2309, 1029, 5.16022, 0
PixelHit 2309, 1030, 3.51083, 0
PixelHit 2310, 1025, 8.26672, 0
PixelHit 2310, 1026, 29.7821, 0
PixelHit 2310, 1027, 23.1849, 0
PixelHit 2310, 1028, 7.66577, 0
PixelHit 2310, 1029, 1.62506, 0
PixelHit 2311, 1023, 1.15687, 0
PixelHit 2311, 1024, 14.5057, 0
PixelHit 2311, 1025, 32.533, 0
PixelHit 2311, 1026, 42.099, 0
PixelHit 2311, 1027, 17.0422, 0
PixelHit 2311, 1028, 0.914189, 0
PixelHit 2312, 1023, 4.19063, 0
PixelHit 2312, 1024, 13.7113, 0
PixelHit 2312, 1025, 46.6182, 0
PixelHit 2312, 1026, 44.2637, 0
PixelHit 2312, 1027, 10.9948, 0
PixelHit 2313, 1023, 12.5123, 0
PixelHit 2313, 1024, 22.1329, 0
PixelHit 2313, 1025, 37.7323, 0
PixelHit 2313, 1026, 14.3493, 0
PixelHit 2313, 1027, 4.05712, 0
PixelHit 2314, 1022, 4.28832, 0
PixelHit 2314, 1023, 18.6093, 0
PixelHit 2314, 1024, 32.7933, 0
PixelHit 2314, 1025, 23.5024, 0
PixelHit 2314, 1026, 7.61926, 0
PixelHit 2315, 1022, 6.30559, 0
PixelHit 2315, 1023, 18.1393, 0
PixelHit 2315, 1024, 17.2085, 0
PixelHit 2315, 1025, 10.0185, 0
PixelHit 2315, 1026, 1.67354, 0
PixelHit 2316, 1021, 1.74551, 0
PixelHit 2316, 1022, 14.9263, 0
PixelHit 2316, 1023, 22.4303, 0
PixelHit 2316, 1024, 5.86486, 0
PixelHit 2316, 1025, 2.71346, 0
PixelHit 2317, 1021, 0.814089, 0
PixelHit 2317, 1022, 2.58347, 0
PixelHit 2317, 1023, 7.8818, 0
PixelHit 2317, 1024, 2.4266, 0
PixelHit 2318, 1018, 0.10361, 0
PixelHit 2318, 1019, 2.2831, 0
PixelHit 2318, 1020, 5.405, 0
PixelHit 2318, 1021, 5.30359, 0
PixelHit 2318, 1022, 4.41582, 0
PixelHit 2318, 1023, 1.05838, 0
PixelHit 2319, 1018, 4.16177, 0
PixelHit 2319, 1019, 4.11244, 0
PixelHit 2319, 1020, 5.84433, 0
PixelHit 2319, 1021, 10.5335, 0
PixelHit 2319, 1022, 1.8577, 0
PixelHit 2319, 1023, 2.45479, 0
PixelHit 2320, 1018, 4.48269, 0
PixelHit 2320, 1019, 12.8434, 0
PixelHit 2320, 1020, 32.3663, 0
PixelHit 2320, 1021, 8.78539, 0
PixelHit 2320, 1022, 1.66103, 0
PixelHit 2321, 1016, 2.7065, 0
PixelHit 2321, 1018, 9.08557, 0
PixelHit 2321, 1019, 21.0655, 0
PixelHit 2321, 1020, 27.6975, 0
PixelHit 2321, 1021, 7.52946, 0
PixelHit 2321, 1022, 3.52217, 0
PixelHit 2322, 1017, 9.39321, 0
PixelHit 2322, 1018, 25.9617, 0
PixelHit 2322, 1019, 22.6575, 0
PixelHit 2322, 1020, 13.9733, 0
PixelHit 2323, 1016, 2.9615, 0
PixelHit 2323, 1017, 5.6539, 0
PixelHit 2323, 1018, 11.8668, 0
PixelHit 2323, 1019, 22.6013, 0
PixelHit 2323, 1020, 7.13145, 0
PixelHit 2324, 1016, 4.34507, 0
PixelHit 2324, 1017, 9.37531, 0
PixelHit 2324, 1018, 10.2752, 0
PixelHit 2324, 1019, 3.54904, 0
PixelHit 2325, 1014, 3.06275, 0
PixelHit 2325, 1015, 8.58685, 0
PixelHit 2325, 1016, 19.0356, 0
PixelHit 2325, 1017, 22.142, 0
PixelHit 2325, 1018, 7.22024, 0
PixelHit 2325, 1019, 2.51368, 0
PixelHit 2326, 1013, 0.64291, 0
PixelHit 2326, 1014, 8.34138, 0
PixelHit 2326, 1015, 25.5193, 0
PixelHit 2326, 1016, 24.7514, 0
PixelHit 2326, 1017, 11.4353, 0
PixelHit 2326, 1018, 7.2579, 0
PixelHit 2326, 1019, 1.23491, 0
PixelHit 2327, 1014, 15.0687, 0
PixelHit 2327, 1015, 21.0193, 0
PixelHit 2327, 1016, 29.0842, 0
PixelHit 2327, 1017, 6.74917, 0
PixelHit 2327, 1018, 2.2066, 0
PixelHit 2328, 1013, 7.03085, 0
PixelHit 2328, 1014, 23.1931, 0
PixelHit 2328, 1015, 35.8878, 0
PixelHit 2328, 1016, 26.7979, 0
PixelHit 2328, 1017, 6.21418, 0
PixelHit 2328, 1018, 1.44435, 0
PixelHit 2329, 1011, 0.391129, 0
PixelHit 2329, 1012, 4.33301, 0
PixelHit 2329, 1013, 13.0771, 0
PixelHit 2329, 1014, 28.8321, 0
PixelHit 2329, 1015, 17.6955, 0
PixelHit 2329, 1016, 7.87663, 0
PixelHit 2329, 1017, 4.13699, 0
PixelHit 2330, 1010, 3.32579, 0
PixelHit 2330, 1011, 4.12877, 0
PixelHit 2330, 1012, 12.4537, 0
PixelHit 2330, 1013, 26.6821, 0
PixelHit 2330, 1014, 22.8692, 0
PixelHit 2330, 1015, 12.5484, 0
PixelHit 2330, 1016, 8.08127, 0
PixelHit 2330, 1017, 2.21017, 0
PixelHit 2331, 1010, 2.37368, 0
PixelHit 2331, 1011, 3.85011, 0
PixelHit 2331, 1012, 20.8633, 0
PixelHit 2331, 1013, 30.6284, 0
PixelHit 2331, 1014, 17.7645, 0
PixelHit 2331, 1015, 8.74079, 0
PixelHit 2331, 1016, 0.369025, 0
PixelHit 2332, 1010, 5.18233, 0
PixelHit 2332, 1011, 14.2193, 0
PixelHit 2332, 1012, 13.6765, 0
PixelHit 2332, 1013, 18.6456, 0
PixelHit 2332, 1014, 8.66156, 0
PixelHit 2332, 1015, 3.88148, 0
PixelHit 2333, 1009, 5.82393, 0
PixelHit 2333, 1010, 12.5014, 0
PixelHit 2333, 1011, 21.0425, 0
PixelHit 2333, 1012, 16.3856, 0
PixelHit 2333, 1013, 9.35691, 0
PixelHit 2333, 1014, 3.9152, 0
PixelHit 2333, 1015, 2.84835, 0
PixelHit 2334, 1009, 7.35923, 0
PixelHit 2334, 1010, 15.3661, 0
PixelHit 2334, 1011, 16.3277, 0
PixelHit 2334, 1012, 10.2718, 0
PixelHit 2334, 1013, 11.2131, 0
PixelHit 2335, 1008, 2.58006, 0
PixelHit 2335, 1009, 17.0345, 0
PixelHit 2335, 1010, 15.2887, 0
PixelHit 2335, 1011, 15.0059, 0
PixelHit 2335, 1012, 6.49634, 0
PixelHit 2335, 1013, 3.01599, 0
PixelHit 2336, 1007, 4.06841, 0
PixelHit 2336, 1008, 6.42279, 0
PixelHit 2336, 1009, 13.3521, 0
PixelHit 2336, 1010, 18.1714, 0
PixelHit 2336, 1011, 9.32347, 0
PixelHit 2336, 1012, 4.4755, 0
PixelHit 2337, 1007, 0.378475, 0
PixelHit 2337, 1008, 3.89096, 0
PixelHit 2337, 1009, 9.48868, 0
PixelHit 2337, 1010, 8.85487, 0
PixelHit 2337, 1011, 4.4572, 0
PixelHit 2338, 1006, 2.0462, 0
PixelHit 2338, 1007, 4.37827, 0
PixelHit 2338, 1008, 5.2446, 0
PixelHit 2338, 1009, 3.97295, 0
PixelHit 2338, 1010, 6.9535, 0
PixelHit 2338, 1011, 1.6885, 0
PixelHit 2338, 1012, 2.97407, 0
PixelHit 2339, 1005, 1.60405, 0
PixelHit 2339, 1006, 4.44604, 0
PixelHit 2339, 1007, 7.6445, 0
PixelHit 2339, 1008, 10.2738, 0
PixelHit 2339, 1009, 2.20672, 0
PixelHit 2340, 1003, 1.25809, 0
PixelHit 2340, 1005, 5.26426, 0
PixelHit 2340, 1006, 7.28615, 0
PixelHit 2340, 1007, 10.5279, 0
PixelHit 2340, 1008, 4.37041, 0
PixelHit 2341, 1004, 6.38277, 0
PixelHit 2341, 1005, 17.4201, 0
PixelHit 2341, 1006, 28.1404, 0
PixelHit 2341, 1007, 20.5464, 0
PixelHit 2341, 1008, 2.52979, 0
PixelHit 2341, 1009, 1.3361, 0
PixelHit 2342, 1003, 4.64149, 0
PixelHit 2342, 1004, 11.1068, 0
PixelHit 2342, 1005, 25.9889, 0
PixelHit 2342, 1006, 29.9218, 0
PixelHit 2342, 1007, 13.6756, 0
PixelHit 2342, 1008, 7.16044, 0
PixelHit 2343, 1003, 6.46556, 0
PixelHit 2343, 1004, 17.0849, 0
PixelHit 2343, 1005, 28.2525, 0
PixelHit 2343, 1006, 25.7306, 0
PixelHit 2343, 1007, 10.5207, 0
PixelHit 2343, 1008, 3.90916, 0
PixelHit 2344, 1002, 6.5624, 0
PixelHit 2344, 1003, 11.272, 0
PixelHit 2344, 1004, 23.7157, 0
PixelHit 2344, 1005, 21.6633, 0
PixelHit 2344, 1006, 11.0505, 0
PixelHit 2344, 1007, 5.13446, 0
PixelHit 2345, 1000, 1.14951, 0
PixelHit 2345, 1001, 3.10375, 0
PixelHit 2345, 1002, 3.09021, 0
PixelHit 2345, 1003, 5.89007, 0
PixelHit 2345, 1004, 15.5147, 0
PixelHit 2345, 1005, 6.32881, 0
PixelHit 2345, 1006, 6.82265, 0
PixelHit 2345, 1007, 1.9381, 0
PixelHit 2346, 1000, 3.70754, 0
PixelHit 2346, 1001, 5.2599, 0
PixelHit 2346, 1002, 7.30183, 0
PixelHit 2346, 1003, 15.9239, 0
PixelHit 2346, 1004, 7.59782, 0
PixelHit 2346, 1005, 7.36315, 0
PixelHit 2346, 1006, 5.52203, 0
PixelHit 2346, 1007, 1.55902, 0
PixelHit 2347, 999, 1.40845, 0
PixelHit 2347, 1000, 4.9996, 0
PixelHit 2347, 1001, 11.3494, 0
PixelHit 2347, 1002, 12.2118, 0
PixelHit 2347, 1003, 12.7519, 0
PixelHit 2347, 1004, 7.69832, 0
PixelHit 2347, 1005, 1.9917, 0
PixelHit 2348, 999, 2.51012, 0
PixelHit 2348, 1000, 14.8357, 0
PixelHit 2348, 1001, 7.96672, 0
PixelHit 2348, 1002, 9.0237, 0
PixelHit 2348, 1003, 12.3391, 0
PixelHit 2349, 998, 1.77209, 0
PixelHit 2349, 999, 8.11985, 0
PixelHit 2349, 1000, 8.06579, 0
PixelHit 2349, 1001, 11.6925, 0
PixelHit 2349, 1002, 8.68454, 0
PixelHit 2349, 1003, 5.75802, 0
PixelHit 2350, 999, 8.90926, 0
PixelHit 2350, 1000, 12.0038, 0
PixelHit 2350, 1001, 12.1037, 0
PixelHit 2350, 1002, 7.91786, 0
PixelHit 2350, 1003, 3.93224, 0
PixelHit 2350, 1004, 0.598041, 0
PixelHit 2351, 999, 3.85163, 0
PixelHit 2351, 1000, 2.24609, 0
PixelHit 2351, 1001, 11.4404, 0
PixelHit 2351, 1002, 3.38836, 0
PixelHit 2352, 999, 4.47494, 0
PixelHit 2352, 1001, 2.48197, 0
=== 67 ===
=== 68 ===
=== 69 ===
=== 70 ===
=== 71 ===
=== 72 ===
=== 73 ===
=== 74 ===
=== 75 ===
=== 76 ===
=== 77 ===
=== 78 ===
=== 79 ===
=== 80 ===
=== 81 ===
=== 82 ===
=== 83 ===
=== 84 ===
=== 85 ===
=== 86 ===
=== 87 ===
=== 88 ===
=== 89 ===
=== 90 ===
=== 91 ===
=== 92 ===
=== 93 ===
=== 94 ===
=== 95 ===
=== 96 ===
=== 97 ===
=== 98 ===
=== 99 ===
=== 100 ===
# 2912 objects from 5 messages
