# Allpix Squared ASCII data - https://cern.ch/allpix-squared

=== 1 ===
=== 2 ===
=== 3 ===
=== 4 ===
=== 5 ===
=== 6 ===
=== 7 ===
=== 8 ===
=== 9 ===
=== 10 ===
=== 11 ===
=== 12 ===
=== 13 ===
=== 14 ===
=== 15 ===
=== 16 ===
=== 17 ===
=== 18 ===
=== 19 ===
=== 20 ===
=== 21 ===
=== 22 ===
=== 23 ===
=== 24 ===
=== 25 ===
=== 26 ===
=== 27 ===
=== 28 ===
=== 29 ===
=== 30 ===
=== 31 ===
=== 32 ===
=== 33 ===
=== 34 ===
=== 35 ===
=== 36 ===
=== 37 ===
=== 38 ===
=== 39 ===
--- mydetector ---
PixelHit 1287, 717, 0.351198, 0
PixelHit 1287, 723, 1.32052, 0
PixelHit 1288, 713, 1.21305, 0
PixelHit 1288, 714, 2.06227, 0
PixelHit 1288, 715, 1.98527, 0
PixelHit 1288, 716, 1.29917, 0
PixelHit 1288, 718, 6.88522, 0
PixelHit 1288, 719, 4.67178, 0
PixelHit 1288, 720, 8.64678, 0
PixelHit 1288, 721, 6.07492, 0
PixelHit 1288, 722, 9.78698, 0
PixelHit 1288, 723, 5.96963, 0
PixelHit 1288, 728, 2.00693, 0
PixelHit 1288, 729, 2.04006, 0
PixelHit 1289, 712, 2.4991, 0
PixelHit 1289, 713, 3.55227, 0
PixelHit 1289, 714, 5.01219, 0
PixelHit 1289, 715, 9.63012, 0
PixelHit 1289, 716, 10.4032, 0
PixelHit 1289, 717, 11.5989, 0
PixelHit 1289, 718, 9.99854, 0
PixelHit 1289, 719, 28.1596, 0
PixelHit 1289, 720, 30.5416, 0
PixelHit 1289, 721, 36.0808, 0
PixelHit 1289, 722, 33.5835, 0
PixelHit 1289, 723, 25.7854, 0
PixelHit 1289, 724, 7.09979, 0
PixelHit 1289, 725, 10.64, 0
PixelHit 1289, 726, 17.238, 0
PixelHit 1289, 727, 9.19515, 0
PixelHit 1289, 728, 16.0447, 0
PixelHit 1289, 729, 8.95007, 0
PixelHit 1289, 730, 5.44568, 0
PixelHit 1289, 731, 4.43541, 0
PixelHit 1289, 733, 2.56255, 0
PixelHit 1289, 734, 1.69146, 0
PixelHit 1289, 735, 2.97762, 0
PixelHit 1289, 736, 4.14329, 0
PixelHit 1289, 737, 2.22756, 0
PixelHit 1289, 738, 2.27548, 0
PixelHit 1290, 713, 7.9349, 0
PixelHit 1290, 714, 15.2739, 0
PixelHit 1290, 715, 14.03, 0
PixelHit 1290, 716, 8.24317, 0
PixelHit 1290, 717, 8.50484, 0
PixelHit 1290, 718, 33.3498, 0
PixelHit 1290, 719, 70.3763, 0
PixelHit 1290, 720, 77.1834, 0
PixelHit 1290, 721, 83.1218, 0
PixelHit 1290, 722, 76.2778, 0
PixelHit 1290, 723, 66.7501, 0
PixelHit 1290, 724, 19.9519, 0
PixelHit 1290, 725, 37.606, 0
PixelHit 1290, 726, 61.8571, 0
PixelHit 1290, 727, 55.2569, 0
PixelHit 1290, 728, 46.6439, 0
PixelHit 1290, 729, 31.9478, 0
PixelHit 1290, 730, 19.6911, 0
PixelHit 1290, 731, 25.1062, 0
PixelHit 1290, 732, 16.9153, 0
PixelHit 1290, 733, 5.32143, 0
PixelHit 1290, 734, 26.0128, 0
PixelHit 1290, 735, 10.7719, 0
PixelHit 1290, 736, 27.0901, 0
PixelHit 1290, 737, 53.4464, 0
PixelHit 1290, 738, 19.9076, 0
PixelHit 1290, 739, 30.8223, 0
PixelHit 1290, 740, 66.8909, 0
PixelHit 1291, 712, 3.31212, 0
PixelHit 1291, 713, 4.77076, 0
PixelHit 1291, 714, 14.2355, 0
PixelHit 1291, 715, 17.7217, 0
PixelHit 1291, 716, 20.3481, 0
PixelHit 1291, 717, 20.7591, 0
PixelHit 1291, 718, 30.5695, 0
PixelHit 1291, 719, 50.6731, 0
PixelHit 1291, 720, 85.971, 0
PixelHit 1291, 721, 91.0226, 0
PixelHit 1291, 722, 86.0212, 0
PixelHit 1291, 723, 58.0348, 0
PixelHit 1291, 724, 33.6098, 0
PixelHit 1291, 725, 32.2617, 0
PixelHit 1291, 726, 55.7916, 0
PixelHit 1291, 727, 66.137, 0
PixelHit 1291, 728, 43.6478, 0
PixelHit 1291, 729, 26.0597, 0
PixelHit 1291, 730, 17.9283, 0
PixelHit 1291, 731, 19.8961, 0
PixelHit 1291, 732, 13.5901, 0
PixelHit 1291, 733, 15.427, 0
PixelHit 1291, 734, 21.5744, 0
PixelHit 1291, 735, 9.78334, 0
PixelHit 1291, 736, 20.8628, 0
PixelHit 1291, 737, 46.079, 0
PixelHit 1291, 738, 22.0176, 0
PixelHit 1291, 739, 20.5305, 0
PixelHit 1291, 740, 35.7328, 0
PixelHit 1292, 712, 2.49933, 0
PixelHit 1292, 713, 4.74638, 0
PixelHit 1292, 714, 6.17916, 0
PixelHit 1292, 715, 10.8064, 0
PixelHit 1292, 716, 2.97945, 0
PixelHit 1292, 718, 12.3176, 0
PixelHit 1292, 719, 24.1063, 0
PixelHit 1292, 720, 31.488, 0
PixelHit 1292, 721, 27.4339, 0
PixelHit 1292, 722, 25.8326, 0
PixelHit 1292, 723, 19.0485, 0
PixelHit 1292, 724, 6.38867, 0
PixelHit 1292, 725, 6.99772, 0
PixelHit 1292, 726, 16.6919, 0
PixelHit 1292, 727, 11.8096, 0
PixelHit 1292, 728, 9.55204, 0
PixelHit 1292, 729, 10.5536, 0
PixelHit 1292, 730, 2.55591, 0
PixelHit 1292, 731, 1.27726, 0
PixelHit 1292, 732, 2.04159, 0
PixelHit 1292, 734, 1.51717, 0
PixelHit 1292, 736, 1.86523, 0
PixelHit 1293, 713, 1.93306, 0
PixelHit 1293, 714, 3.16976, 0
PixelHit 1293, 715, 4.58036, 0
PixelHit 1293, 716, 3.82696, 0
PixelHit 1293, 717, 1.91364, 0
PixelHit 1293, 719, 3.957, 0
PixelHit 1293, 720, 6.76867, 0
PixelHit 1293, 721, 4.81053, 0
PixelHit 1293, 722, 3.60036, 0
PixelHit 1293, 723, 4.04661, 0
PixelHit 1293, 724, 1.67474, 0
PixelHit 1293, 725, 5.09951, 0
PixelHit 1293, 726, 2.85467, 0
PixelHit 1293, 727, 3.59405, 0
PixelHit 1293, 729, 0.994615, 0
PixelHit 1293, 731, 0.53506, 0
PixelHit 1423, 1111, 0.863712, 0
PixelHit 1423, 1114, 4.34334, 0
PixelHit 1424, 1109, 2.08616, 0
PixelHit 1424, 1111, 5.40421, 0
PixelHit 1424, 1112, 8.52639, 0
PixelHit 1424, 1113, 15.2401, 0
PixelHit 1424, 1114, 14.7237, 0
PixelHit 1424, 1115, 4.16691, 0
PixelHit 1424, 1116, 5.56159, 0
PixelHit 1424, 1117, 2.62816, 0
PixelHit 1424, 1121, 3.78663, 0
PixelHit 1424, 1122, 3.10697, 0
PixelHit 1424, 1130, 3.27515, 0
PixelHit 1425, 1110, 6.08112, 0
PixelHit 1425, 1111, 10.6132, 0
PixelHit 1425, 1112, 27.5636, 0
PixelHit 1425, 1113, 34.8978, 0
PixelHit 1425, 1114, 22.8993, 0
PixelHit 1425, 1115, 16.4922, 0
PixelHit 1425, 1116, 11.3322, 0
PixelHit 1425, 1117, 11.059, 0
PixelHit 1425, 1118, 10.4494, 0
PixelHit 1425, 1119, 18.0337, 0
PixelHit 1425, 1120, 9.10957, 0
PixelHit 1425, 1121, 6.53817, 0
PixelHit 1425, 1122, 14.9148, 0
PixelHit 1425, 1123, 25.3554, 0
PixelHit 1425, 1124, 11.2949, 0
PixelHit 1425, 1125, 5.3039, 0
PixelHit 1425, 1126, 6.46183, 0
PixelHit 1425, 1127, 1.83341, 0
PixelHit 1425, 1128, 4.496, 0
PixelHit 1425, 1129, 9.56177, 0
PixelHit 1425, 1130, 12.2053, 0
PixelHit 1425, 1131, 16.3669, 0
PixelHit 1425, 1132, 11.9672, 0
PixelHit 1425, 1133, 2.93255, 0
PixelHit 1426, 1109, 3.08471, 0
PixelHit 1426, 1110, 7.12338, 0
PixelHit 1426, 1111, 23.4286, 0
PixelHit 1426, 1112, 28.1736, 0
PixelHit 1426, 1113, 44.8561, 0
PixelHit 1426, 1114, 43.7351, 0
PixelHit 1426, 1115, 20.2207, 0
PixelHit 1426, 1116, 23.4973, 0
PixelHit 1426, 1117, 23.7417, 0
PixelHit 1426, 1118, 24.5149, 0
PixelHit 1426, 1119, 22.6051, 0
PixelHit 1426, 1120, 22.4808, 0
PixelHit 1426, 1121, 22.2688, 0
PixelHit 1426, 1122, 46.221, 0
PixelHit 1426, 1123, 56.5693, 0
PixelHit 1426, 1124, 36.5067, 0
PixelHit 1426, 1125, 17.2576, 0
PixelHit 1426, 1126, 27.3401, 0
PixelHit 1426, 1127, 27.0859, 0
PixelHit 1426, 1128, 33.2684, 0
PixelHit 1426, 1129, 47.1746, 0
PixelHit 1426, 1130, 111.335, 0
PixelHit 1426, 1131, 139.602, 0
PixelHit 1426, 1132, 59.2101, 0
PixelHit 1426, 1133, 12.425, 0
PixelHit 1426, 1134, 7.63329, 0
PixelHit 1426, 1135, 3.26693, 0
PixelHit 1426, 1136, 11.4163, 0
PixelHit 1426, 1137, 13.2385, 0
PixelHit 1426, 1138, 2.22518, 0
PixelHit 1427, 1108, 0.625528, 0
PixelHit 1427, 1109, 4.53114, 0
PixelHit 1427, 1110, 10.1442, 0
PixelHit 1427, 1111, 20.8677, 0
PixelHit 1427, 1112, 36.0842, 0
PixelHit 1427, 1113, 35.5341, 0
PixelHit 1427, 1114, 37.7481, 0
PixelHit 1427, 1115, 37.2396, 0
PixelHit 1427, 1116, 23.5155, 0
PixelHit 1427, 1117, 23.5848, 0
PixelHit 1427, 1118, 26.6083, 0
PixelHit 1427, 1119, 21.6216, 0
PixelHit 1427, 1120, 19.4075, 0
PixelHit 1427, 1121, 35.6014, 0
PixelHit 1427, 1122, 57.2949, 0
PixelHit 1427, 1123, 50.2468, 0
PixelHit 1427, 1124, 41.1068, 0
PixelHit 1427, 1125, 30.2527, 0
PixelHit 1427, 1126, 27.7034, 0
PixelHit 1427, 1127, 38.6526, 0
PixelHit 1427, 1128, 48.0195, 0
PixelHit 1427, 1129, 64.603, 0
PixelHit 1427, 1130, 177.149, 0
PixelHit 1427, 1131, 265.254, 0
PixelHit 1427, 1132, 121.362, 0
PixelHit 1427, 1133, 27.0862, 0
PixelHit 1427, 1134, 18.0644, 0
PixelHit 1427, 1135, 12.0811, 0
PixelHit 1427, 1136, 85.6956, 0
PixelHit 1427, 1137, 74.5352, 0
PixelHit 1427, 1138, 6.16426, 0
PixelHit 1427, 1139, 68.2308, 0
PixelHit 1427, 1140, 4.82171, 0
PixelHit 1428, 1110, 4.06488, 0
PixelHit 1428, 1111, 3.85512, 0
PixelHit 1428, 1112, 15.9609, 0
PixelHit 1428, 1113, 16.4509, 0
PixelHit 1428, 1114, 18.2422, 0
PixelHit 1428, 1115, 18.7323, 0
PixelHit 1428, 1116, 17.2841, 0
PixelHit 1428, 1117, 8.44289, 0
PixelHit 1428, 1118, 14.6104, 0
PixelHit 1428, 1119, 9.51026, 0
PixelHit 1428, 1120, 7.42629, 0
PixelHit 1428, 1121, 12.1575, 0
PixelHit 1428, 1122, 22.9289, 0
PixelHit 1428, 1123, 13.7662, 0
PixelHit 1428, 1124, 11.2759, 0
PixelHit 1428, 1125, 8.52584, 0
PixelHit 1428, 1126, 4.51643, 0
PixelHit 1428, 1127, 7.49888, 0
PixelHit 1428, 1128, 12.4023, 0
PixelHit 1428, 1129, 20.1866, 0
PixelHit 1428, 1130, 50.4296, 0
PixelHit 1428, 1131, 78.197, 0
PixelHit 1428, 1132, 39.4814, 0
PixelHit 1428, 1133, 13.539, 0
PixelHit 1428, 1135, 1.16132, 0
PixelHit 1428, 1136, 8.00854, 0
PixelHit 1428, 1137, 13.5967, 0
PixelHit 1428, 1139, 5.38293, 0
PixelHit 1429, 1111, 2.22109, 0
PixelHit 1429, 1112, 3.14575, 0
PixelHit 1429, 1113, 1.29935, 0
PixelHit 1429, 1117, 5.00743, 0
PixelHit 1429, 1119, 2.15637, 0
PixelHit 1429, 1120, 2.42825, 0
PixelHit 1429, 1121, 2.92342, 0
PixelHit 1429, 1122, 3.07775, 0
PixelHit 1429, 1123, 1.40301, 0
PixelHit 1429, 1124, 1.09433, 0
PixelHit 1429, 1125, 3.36432, 0
PixelHit 1429, 1130, 1.31902, 0
PixelHit 1429, 1131, 4.15137, 0
PixelHit 1429, 1132, 2.12492, 0
PixelHit 1430, 1125, 2.02505, 0
=== 40 ===
=== 41 ===
=== 42 ===
=== 43 ===
=== 44 ===
=== 45 ===
=== 46 ===
=== 47 ===
=== 48 ===
=== 49 ===
=== 50 ===
=== 51 ===
=== 52 ===
=== 53 ===
=== 54 ===
=== 55 ===
=== 56 ===
=== 57 ===
=== 58 ===
=== 59 ===
=== 60 ===
=== 61 ===
=== 62 ===
=== 63 ===
=== 64 ===
=== 65 ===
=== 66 ===
=== 67 ===
=== 68 ===
=== 69 ===
=== 70 ===
=== 71 ===
=== 72 ===
=== 73 ===
=== 74 ===
=== 75 ===
=== 76 ===
=== 77 ===
=== 78 ===
=== 79 ===
=== 80 ===
=== 81 ===
=== 82 ===
=== 83 ===
=== 84 ===
=== 85 ===
=== 86 ===
--- mydetector ---
PixelHit 1287, 947, 0.201025, 0
PixelHit 1287, 948, 1.97653, 0
PixelHit 1287, 953, 2.90733, 0
PixelHit 1288, 945, 6.35622, 0
PixelHit 1288, 946, 10.6279, 0
PixelHit 1288, 947, 7.05077, 0
PixelHit 1288, 948, 4.48295, 0
PixelHit 1288, 949, 4.6519, 0
PixelHit 1288, 950, 3.25477, 0
PixelHit 1288, 951, 2.92615, 0
PixelHit 1288, 952, 7.97876, 0
PixelHit 1288, 953, 10.4006, 0
PixelHit 1288, 954, 6.09329, 0
PixelHit 1288, 955, 10.4052, 0
PixelHit 1288, 956, 11.3788, 0
PixelHit 1288, 957, 15.3329, 0
PixelHit 1288, 958, 4.37768, 0
PixelHit 1288, 959, 5.0175, 0
PixelHit 1288, 960, 4.13836, 0
PixelHit 1288, 961, 2.64834, 0
PixelHit 1288, 964, 1.70683, 0
PixelHit 1289, 943, 3.96126, 0
PixelHit 1289, 944, 7.21942, 0
PixelHit 1289, 945, 9.74436, 0
PixelHit 1289, 946, 20.1941, 0
PixelHit 1289, 947, 25.6907, 0
PixelHit 1289, 948, 21.7979, 0
PixelHit 1289, 949, 18.4384, 0
PixelHit 1289, 950, 11.8363, 0
PixelHit 1289, 951, 9.12152, 0
PixelHit 1289, 952, 27.3554, 0
PixelHit 1289, 953, 42.6316, 0
PixelHit 1289, 954, 39.4049, 0
PixelHit 1289, 955, 43.9628, 0
PixelHit 1289, 956, 73.3824, 0
PixelHit 1289, 957, 62.1324, 0
PixelHit 1289, 958, 32.2214, 0
PixelHit 1289, 959, 12.6845, 0
PixelHit 1289, 960, 11.5826, 0
PixelHit 1289, 961, 11.6659, 0
PixelHit 1289, 962, 14.4549, 0
PixelHit 1289, 963, 8.17544, 0
PixelHit 1289, 964, 16.4934, 0
PixelHit 1289, 965, 14.7717, 0
PixelHit 1289, 966, 7.18461, 0
PixelHit 1289, 967, 13.2541, 0
PixelHit 1289, 968, 4.38681, 0
PixelHit 1289, 969, 1.92347, 0
PixelHit 1289, 971, 1.74724, 0
PixelHit 1290, 942, 1.95766, 0
PixelHit 1290, 943, 3.68376, 0
PixelHit 1290, 944, 13.912, 0
PixelHit 1290, 945, 15.7187, 0
PixelHit 1290, 946, 28.7124, 0
PixelHit 1290, 947, 39.4001, 0
PixelHit 1290, 948, 37.8035, 0
PixelHit 1290, 949, 31.9627, 0
PixelHit 1290, 950, 26.6931, 0
PixelHit 1290, 951, 27.046, 0
PixelHit 1290, 952, 42.462, 0
PixelHit 1290, 953, 83.3545, 0
PixelHit 1290, 954, 77.6771, 0
PixelHit 1290, 955, 74.2151, 0
PixelHit 1290, 956, 113.167, 0
PixelHit 1290, 957, 99.3284, 0
PixelHit 1290, 958, 70.4484, 0
PixelHit 1290, 959, 35.9977, 0
PixelHit 1290, 960, 33.9725, 0
PixelHit 1290, 961, 41.7407, 0
PixelHit 1290, 962, 38.584, 0
PixelHit 1290, 963, 17.455, 0
PixelHit 1290, 964, 42.8705, 0
PixelHit 1290, 965, 47.059, 0
PixelHit 1290, 966, 32.6145, 0
PixelHit 1290, 967, 55.5605, 0
PixelHit 1290, 968, 23.9489, 0
PixelHit 1290, 969, 23.2185, 0
PixelHit 1290, 970, 14.2957, 0
PixelHit 1290, 971, 41.0492, 0
PixelHit 1290, 972, 8.27283, 0
PixelHit 1291, 943, 1.98591, 0
PixelHit 1291, 944, 4.09472, 0
PixelHit 1291, 945, 10.3685, 0
PixelHit 1291, 946, 19.9388, 0
PixelHit 1291, 947, 33.6365, 0
PixelHit 1291, 948, 41.6553, 0
PixelHit 1291, 949, 26.3575, 0
PixelHit 1291, 950, 15.169, 0
PixelHit 1291, 951, 14.7585, 0
PixelHit 1291, 952, 28.2958, 0
PixelHit 1291, 953, 46.7999, 0
PixelHit 1291, 954, 35.8057, 0
PixelHit 1291, 955, 46.2252, 0
PixelHit 1291, 956, 72.542, 0
PixelHit 1291, 957, 41.5411, 0
PixelHit 1291, 958, 35.3445, 0
PixelHit 1291, 959, 21.2305, 0
PixelHit 1291, 960, 14.8331, 0
PixelHit 1291, 961, 17.1463, 0
PixelHit 1291, 962, 17.3268, 0
PixelHit 1291, 963, 7.21629, 0
PixelHit 1291, 964, 12.2608, 0
PixelHit 1291, 965, 15.7403, 0
PixelHit 1291, 966, 6.25797, 0
PixelHit 1291, 967, 13.0078, 0
PixelHit 1291, 968, 8.49738, 0
PixelHit 1291, 969, 3.59608, 0
PixelHit 1291, 970, 1.65537, 0
PixelHit 1291, 971, 2.15078, 0
PixelHit 1292, 941, 2.48546, 0
PixelHit 1292, 944, 0.798956, 0
PixelHit 1292, 945, 4.64752, 0
PixelHit 1292, 946, 2.69281, 0
PixelHit 1292, 947, 11.6206, 0
PixelHit 1292, 948, 11.5175, 0
PixelHit 1292, 950, 2.11628, 0
PixelHit 1292, 951, 6.52761, 0
PixelHit 1292, 952, 7.33064, 0
PixelHit 1292, 953, 14.3567, 0
PixelHit 1292, 954, 9.95311, 0
PixelHit 1292, 955, 10.4329, 0
PixelHit 1292, 956, 9.40437, 0
PixelHit 1292, 957, 12.1462, 0
PixelHit 1292, 958, 4.02619, 0
PixelHit 1292, 959, 2.80256, 0
PixelHit 1293, 944, 2.42909, 0
PixelHit 1293, 945, 1.20445, 0
PixelHit 1293, 948, 2.09223, 0
PixelHit 1293, 949, 1.26117, 0
PixelHit 1293, 950, 1.61021, 0
PixelHit 1293, 954, 1.88558, 0
=== 87 ===
=== 88 ===
--- mydetector ---
PixelHit 1300, 1002, 1.64959, 0
PixelHit 1300, 1017, 0.346541, 0
PixelHit 1301, 1002, 2.87833, 0
PixelHit 1301, 1003, 3.50939, 0
PixelHit 1301, 1004, 5.14167, 0
PixelHit 1301, 1008, 4.05238, 0
PixelHit 1301, 1011, 2.57961, 0
PixelHit 1301, 1012, 3.4298, 0
PixelHit 1301, 1014, 3.14593, 0
PixelHit 1301, 1015, 2.20489, 0
PixelHit 1301, 1018, 2.81343, 0
PixelHit 1302, 1002, 1.38375, 0
PixelHit 1302, 1003, 1.47689, 0
PixelHit 1302, 1004, 1.34205, 0
PixelHit 1302, 1005, 5.24438, 0
PixelHit 1302, 1006, 3.63785, 0
PixelHit 1302, 1007, 6.0249, 0
PixelHit 1302, 1008, 5.65295, 0
PixelHit 1302, 1009, 4.95521, 0
PixelHit 1302, 1010, 12.2942, 0
PixelHit 1302, 1011, 11.2088, 0
PixelHit 1302, 1012, 10.651, 0
PixelHit 1302, 1013, 8.48942, 0
PixelHit 1302, 1014, 13.0626, 0
PixelHit 1302, 1015, 9.97688, 0
PixelHit 1302, 1016, 7.89075, 0
PixelHit 1302, 1017, 14.1879, 0
PixelHit 1302, 1018, 5.75743, 0
PixelHit 1302, 1020, 6.35532, 0
PixelHit 1302, 1021, 6.39333, 0
PixelHit 1302, 1023, 5.32806, 0
PixelHit 1302, 1024, 2.34636, 0
PixelHit 1302, 1025, 5.08627, 0
PixelHit 1302, 1027, 4.89904, 0
PixelHit 1303, 1002, 6.29993, 0
PixelHit 1303, 1003, 10.9604, 0
PixelHit 1303, 1004, 10.8895, 0
PixelHit 1303, 1005, 14.9673, 0
PixelHit 1303, 1006, 6.25709, 0
PixelHit 1303, 1007, 17.5871, 0
PixelHit 1303, 1008, 20.333, 0
PixelHit 1303, 1009, 12.7532, 0
PixelHit 1303, 1010, 22.5826, 0
PixelHit 1303, 1011, 36.4336, 0
PixelHit 1303, 1012, 33.4805, 0
PixelHit 1303, 1013, 33.0766, 0
PixelHit 1303, 1014, 31.0572, 0
PixelHit 1303, 1015, 33.2956, 0
PixelHit 1303, 1016, 54.913, 0
PixelHit 1303, 1017, 55.7754, 0
PixelHit 1303, 1018, 41.1618, 0
PixelHit 1303, 1019, 25.1295, 0
PixelHit 1303, 1020, 27.49, 0
PixelHit 1303, 1021, 26.342, 0
PixelHit 1303, 1022, 15.3935, 0
PixelHit 1303, 1023, 13.7869, 0
PixelHit 1303, 1024, 34.6495, 0
PixelHit 1303, 1025, 34.105, 0
PixelHit 1303, 1026, 40.6259, 0
PixelHit 1303, 1027, 41.9388, 0
PixelHit 1303, 1028, 15.0593, 0
PixelHit 1303, 1029, 18.2881, 0
PixelHit 1303, 1030, 27.4375, 0
PixelHit 1303, 1031, 27.6579, 0
PixelHit 1303, 1032, 7.61976, 0
PixelHit 1304, 1002, 2.54174, 0
PixelHit 1304, 1003, 8.79708, 0
PixelHit 1304, 1004, 11.6141, 0
PixelHit 1304, 1005, 12.1863, 0
PixelHit 1304, 1006, 9.65674, 0
PixelHit 1304, 1007, 16.9303, 0
PixelHit 1304, 1008, 13.0465, 0
PixelHit 1304, 1009, 12.9664, 0
PixelHit 1304, 1010, 30.2822, 0
PixelHit 1304, 1011, 38.8385, 0
PixelHit 1304, 1012, 40.6015, 0
PixelHit 1304, 1013, 20.8035, 0
PixelHit 1304, 1014, 43.7599, 0
PixelHit 1304, 1015, 37.7742, 0
PixelHit 1304, 1016, 51.3363, 0
PixelHit 1304, 1017, 60.7816, 0
PixelHit 1304, 1018, 25.7822, 0
PixelHit 1304, 1019, 29.9074, 0
PixelHit 1304, 1020, 38.5378, 0
PixelHit 1304, 1021, 19.1783, 0
PixelHit 1304, 1022, 15.8515, 0
PixelHit 1304, 1023, 16.2651, 0
PixelHit 1304, 1024, 32.0262, 0
PixelHit 1304, 1025, 47.1766, 0
PixelHit 1304, 1026, 51.1339, 0
PixelHit 1304, 1027, 55.8669, 0
PixelHit 1304, 1028, 21.7456, 0
PixelHit 1304, 1029, 22.0169, 0
PixelHit 1304, 1030, 30.9014, 0
PixelHit 1304, 1031, 40.9854, 0
PixelHit 1304, 1032, 8.89691, 0
PixelHit 1305, 1001, 0.588104, 0
PixelHit 1305, 1002, 2.67329, 0
PixelHit 1305, 1003, 8.05307, 0
PixelHit 1305, 1004, 13.3732, 0
PixelHit 1305, 1005, 5.53126, 0
PixelHit 1305, 1006, 3.68784, 0
PixelHit 1305, 1007, 5.35516, 0
PixelHit 1305, 1008, 10.6001, 0
PixelHit 1305, 1009, 5.82306, 0
PixelHit 1305, 1010, 14.5871, 0
PixelHit 1305, 1011, 19.1437, 0
PixelHit 1305, 1012, 13.8021, 0
PixelHit 1305, 1013, 12.4062, 0
PixelHit 1305, 1014, 16.7156, 0
PixelHit 1305, 1015, 16.1488, 0
PixelHit 1305, 1016, 11.143, 0
PixelHit 1305, 1017, 15.2465, 0
PixelHit 1305, 1018, 11.4964, 0
PixelHit 1305, 1019, 11.822, 0
PixelHit 1305, 1020, 17.1392, 0
PixelHit 1305, 1021, 8.50048, 0
PixelHit 1305, 1022, 2.52999, 0
PixelHit 1305, 1023, 5.64104, 0
PixelHit 1305, 1024, 3.30959, 0
PixelHit 1305, 1025, 8.89352, 0
PixelHit 1305, 1026, 2.85033, 0
PixelHit 1306, 1003, 1.90115, 0
PixelHit 1306, 1005, 2.56015, 0
PixelHit 1306, 1006, 1.50357, 0
PixelHit 1306, 1007, 0.134996, 0
PixelHit 1306, 1008, 5.85785, 0
PixelHit 1306, 1009, 2.1052, 0
PixelHit 1306, 1011, 3.69532, 0
PixelHit 1306, 1012, 3.23342, 0
PixelHit 1306, 1014, 2.90027, 0
PixelHit 1306, 1016, -0.421419, 0
PixelHit 1306, 1018, 3.05958, 0
PixelHit 1306, 1019, 1.01498, 0
PixelHit 1337, 900, 0.428782, 0
PixelHit 1337, 902, 7.23538, 0
PixelHit 1337, 907, 2.52381, 0
PixelHit 1338, 901, 2.85772, 0
PixelHit 1338, 902, 5.75542, 0
PixelHit 1338, 903, 5.23931, 0
PixelHit 1338, 904, 6.15679, 0
PixelHit 1338, 905, 0.812554, 0
PixelHit 1338, 906, 2.55742, 0
PixelHit 1338, 907, 2.30123, 0
PixelHit 1338, 908, 5.36669, 0
PixelHit 1338, 909, 4.48856, 0
PixelHit 1338, 910, 7.60132, 0
PixelHit 1338, 911, 1.81146, 0
PixelHit 1338, 912, 2.06446, 0
PixelHit 1338, 913, 2.74217, 0
PixelHit 1338, 915, 2.3732, 0
PixelHit 1338, 916, 1.63456, 0
PixelHit 1339, 900, 5.45546, 0
PixelHit 1339, 901, 3.9129, 0
PixelHit 1339, 902, 16.1258, 0
PixelHit 1339, 903, 24.5579, 0
PixelHit 1339, 904, 17.3009, 0
PixelHit 1339, 905, 17.0698, 0
PixelHit 1339, 906, 14.8705, 0
PixelHit 1339, 907, 7.54148, 0
PixelHit 1339, 908, 9.60931, 0
PixelHit 1339, 909, 15.5556, 0
PixelHit 1339, 910, 20.7577, 0
PixelHit 1339, 911, 8.96098, 0
PixelHit 1339, 912, 16.1246, 0
PixelHit 1339, 913, 13.6208, 0
PixelHit 1339, 914, 7.86371, 0
PixelHit 1339, 915, 6.74836, 0
PixelHit 1339, 916, 3.92905, 0
PixelHit 1339, 917, 2.4301, 0
PixelHit 1339, 918, 5.78312, 0
PixelHit 1339, 919, 7.37031, 0
PixelHit 1339, 920, 8.46408, 0
PixelHit 1339, 921, 3.50543, 0
PixelHit 1339, 922, 4.50736, 0
PixelHit 1339, 923, 5.36646, 0
PixelHit 1339, 924, 3.37571, 0
PixelHit 1339, 926, 1.66925, 0
PixelHit 1340, 899, 2.38779, 0
PixelHit 1340, 900, 4.57399, 0
PixelHit 1340, 901, 9.39219, 0
PixelHit 1340, 902, 24.4457, 0
PixelHit 1340, 903, 30.7164, 0
PixelHit 1340, 904, 38.6292, 0
PixelHit 1340, 905, 26.3411, 0
PixelHit 1340, 906, 13.6721, 0
PixelHit 1340, 907, 15.3562, 0
PixelHit 1340, 908, 26.4305, 0
PixelHit 1340, 909, 19.3951, 0
PixelHit 1340, 910, 21.4921, 0
PixelHit 1340, 911, 23.5275, 0
PixelHit 1340, 912, 40.8124, 0
PixelHit 1340, 913, 33.0495, 0
PixelHit 1340, 914, 31.9075, 0
PixelHit 1340, 915, 18.6761, 0
PixelHit 1340, 916, 18.547, 0
PixelHit 1340, 917, 14.9877, 0
PixelHit 1340, 918, 18.7477, 0
PixelHit 1340, 919, 64.7098, 0
PixelHit 1340, 920, 40.1293, 0
PixelHit 1340, 921, 41.9293, 0
PixelHit 1340, 922, 18.243, 0
PixelHit 1340, 923, 24.7191, 0
PixelHit 1340, 924, 57.2823, 0
PixelHit 1340, 925, 64.879, 0
PixelHit 1340, 926, 42.037, 0
PixelHit 1340, 927, 38.2236, 0
PixelHit 1340, 928, 30.846, 0
PixelHit 1340, 929, 17.9186, 0
PixelHit 1341, 899, 1.39185, 0
PixelHit 1341, 900, 5.01389, 0
PixelHit 1341, 901, 15.5567, 0
PixelHit 1341, 902, 22.5063, 0
PixelHit 1341, 903, 30.1139, 0
PixelHit 1341, 904, 26.9476, 0
PixelHit 1341, 905, 19.5026, 0
PixelHit 1341, 906, 18.6997, 0
PixelHit 1341, 907, 12.272, 0
PixelHit 1341, 908, 20.0581, 0
PixelHit 1341, 909, 19.6846, 0
PixelHit 1341, 910, 24.4359, 0
PixelHit 1341, 911, 24.1395, 0
PixelHit 1341, 912, 28.5013, 0
PixelHit 1341, 913, 22.2047, 0
PixelHit 1341, 914, 23.1286, 0
PixelHit 1341, 915, 18.7232, 0
PixelHit 1341, 916, 11.7333, 0
PixelHit 1341, 917, 8.95314, 0
PixelHit 1341, 918, 30.0679, 0
PixelHit 1341, 919, 46.5127, 0
PixelHit 1341, 920, 42.3741, 0
PixelHit 1341, 921, 29.2271, 0
PixelHit 1341, 922, 24.0345, 0
PixelHit 1341, 923, 32.419, 0
PixelHit 1341, 924, 68.1277, 0
PixelHit 1341, 925, 62.4064, 0
PixelHit 1341, 926, 54.2038, 0
PixelHit 1341, 927, 56.919, 0
PixelHit 1341, 928, 75.8272, 0
PixelHit 1341, 929, 42.4984, 0
PixelHit 1342, 902, 11.3122, 0
PixelHit 1342, 903, 10.8688, 0
PixelHit 1342, 904, 10.6807, 0
PixelHit 1342, 905, 7.13865, 0
PixelHit 1342, 906, 14.2251, 0
PixelHit 1342, 907, 3.56971, 0
PixelHit 1342, 908, 10.0387, 0
PixelHit 1342, 909, 6.53768, 0
PixelHit 1342, 910, 10.5171, 0
PixelHit 1342, 911, 5.54484, 0
PixelHit 1342, 912, 5.19526, 0
PixelHit 1342, 913, 7.38706, 0
PixelHit 1342, 914, 7.04462, 0
PixelHit 1342, 915, 3.7908, 0
PixelHit 1342, 916, 2.80981, 0
PixelHit 1342, 917, 3.33066, 0
PixelHit 1342, 918, 2.70249, 0
PixelHit 1342, 919, 11.817, 0
PixelHit 1342, 920, 9.91277, 0
PixelHit 1342, 921, 2.53349, 0
PixelHit 1342, 922, 3.84419, 0
PixelHit 1342, 923, 2.91256, 0
PixelHit 1342, 924, 3.74733, 0
PixelHit 1342, 925, 3.7549, 0
PixelHit 1342, 926, 2.73801, 0
PixelHit 1343, 903, 2.36374, 0
PixelHit 1343, 905, 4.38582, 0
PixelHit 1343, 906, 1.90656, 0
PixelHit 1343, 910, 1.37708, 0
PixelHit 1343, 911, 3.7166, 0
PixelHit 1343, 912, 1.74062, 0
=== 89 ===
=== 90 ===
=== 91 ===
=== 92 ===
=== 93 ===
=== 94 ===
=== 95 ===
=== 96 ===
=== 97 ===
--- mydetector ---
PixelHit 1069, 1194, 2.35639, 0
PixelHit 1070, 1192, 1.24607, 0
PixelHit 1070, 1197, 2.15531, 0
PixelHit 1070, 1199, 2.14589, 0
PixelHit 1070, 1200, 2.8918, 0
PixelHit 1070, 1202, 1.4469, 0
PixelHit 1070, 1207, 1.63595, 0
PixelHit 1070, 1208, 2.12673, 0
PixelHit 1070, 1209, 2.50618, 0
PixelHit 1071, 1191, 2.67083, 0
PixelHit 1071, 1192, 4.65735, 0
PixelHit 1071, 1193, 4.13553, 0
PixelHit 1071, 1194, 7.76074, 0
PixelHit 1071, 1195, 6.11535, 0
PixelHit 1071, 1196, 15.0321, 0
PixelHit 1071, 1197, 4.26899, 0
PixelHit 1071, 1198, 4.54554, 0
PixelHit 1071, 1199, 15.2318, 0
PixelHit 1071, 1200, 7.17811, 0
PixelHit 1071, 1201, 8.64928, 0
PixelHit 1071, 1202, 5.12495, 0
PixelHit 1071, 1205, 5.37938, 0
PixelHit 1071, 1206, 3.50833, 0
PixelHit 1071, 1207, 11.3658, 0
PixelHit 1071, 1208, 17.5204, 0
PixelHit 1071, 1209, 14.346, 0
PixelHit 1071, 1210, 14.0035, 0
PixelHit 1071, 1211, 18.1662, 0
PixelHit 1071, 1212, 24.7836, 0
PixelHit 1071, 1213, 17.5133, 0
PixelHit 1071, 1214, 5.57777, 0
PixelHit 1071, 1215, 2.84612, 0
PixelHit 1071, 1217, 6.66632, 0
PixelHit 1071, 1218, 5.88626, 0
PixelHit 1071, 1219, 6.19343, 0
PixelHit 1071, 1220, 25.7628, 0
PixelHit 1071, 1221, 15.0657, 0
PixelHit 1072, 1189, 2.48501, 0
PixelHit 1072, 1190, 4.45913, 0
PixelHit 1072, 1191, 10.2662, 0
PixelHit 1072, 1192, 7.73198, 0
PixelHit 1072, 1193, 18.9865, 0
PixelHit 1072, 1194, 34.7446, 0
PixelHit 1072, 1195, 31.1382, 0
PixelHit 1072, 1196, 21.4742, 0
PixelHit 1072, 1197, 11.423, 0
PixelHit 1072, 1198, 12.1014, 0
PixelHit 1072, 1199, 22.7539, 0
PixelHit 1072, 1200, 28.5945, 0
PixelHit 1072, 1201, 27.5884, 0
PixelHit 1072, 1202, 16.9282, 0
PixelHit 1072, 1203, 7.82629, 0
PixelHit 1072, 1204, 7.46496, 0
PixelHit 1072, 1205, 20.1554, 0
PixelHit 1072, 1206, 29.1315, 0
PixelHit 1072, 1207, 48.8364, 0
PixelHit 1072, 1208, 67.4868, 0
PixelHit 1072, 1209, 55.123, 0
PixelHit 1072, 1210, 30.4932, 0
PixelHit 1072, 1211, 47.943, 0
PixelHit 1072, 1212, 53.933, 0
PixelHit 1072, 1213, 27.5472, 0
PixelHit 1072, 1214, 25.9127, 0
PixelHit 1072, 1215, 9.6294, 0
PixelHit 1072, 1216, 16.226, 0
PixelHit 1072, 1217, 23.7984, 0
PixelHit 1072, 1218, 19.2395, 0
PixelHit 1072, 1219, 32.0555, 0
PixelHit 1072, 1220, 70.427, 0
PixelHit 1072, 1221, 50.2379, 0
PixelHit 1073, 1189, 2.8732, 0
PixelHit 1073, 1190, 9.79587, 0
PixelHit 1073, 1191, 11.1969, 0
PixelHit 1073, 1192, 27.9641, 0
PixelHit 1073, 1193, 33.0172, 0
PixelHit 1073, 1194, 53.0585, 0
PixelHit 1073, 1195, 62.244, 0
PixelHit 1073, 1196, 27.9857, 0
PixelHit 1073, 1197, 37.4572, 0
PixelHit 1073, 1198, 31.3607, 0
PixelHit 1073, 1199, 30.3622, 0
PixelHit 1073, 1200, 37.8337, 0
PixelHit 1073, 1201, 37.7777, 0
PixelHit 1073, 1202, 18.9032, 0
PixelHit 1073, 1203, 8.25517, 0
PixelHit 1073, 1204, 15.3721, 0
PixelHit 1073, 1205, 23.1471, 0
PixelHit 1073, 1206, 30.7813, 0
PixelHit 1073, 1207, 42.2494, 0
PixelHit 1073, 1208, 61.9224, 0
PixelHit 1073, 1209, 36.0604, 0
PixelHit 1073, 1210, 29.3804, 0
PixelHit 1073, 1211, 32.0221, 0
PixelHit 1073, 1212, 37.9552, 0
PixelHit 1073, 1213, 17.1125, 0
PixelHit 1073, 1214, 9.26304, 0
PixelHit 1073, 1215, 4.01877, 0
PixelHit 1073, 1216, 3.98114, 0
PixelHit 1073, 1217, 5.05506, 0
PixelHit 1073, 1218, 2.19483, 0
PixelHit 1074, 1189, 2.78255, 0
PixelHit 1074, 1190, 7.5649, 0
PixelHit 1074, 1191, 17.6144, 0
PixelHit 1074, 1192, 26.8798, 0
PixelHit 1074, 1193, 23.1124, 0
PixelHit 1074, 1194, 36.9009, 0
PixelHit 1074, 1195, 49.0274, 0
PixelHit 1074, 1196, 34.2285, 0
PixelHit 1074, 1197, 30.756, 0
PixelHit 1074, 1198, 27.1843, 0
PixelHit 1074, 1199, 21.8057, 0
PixelHit 1074, 1200, 15.1027, 0
PixelHit 1074, 1201, 32.9088, 0
PixelHit 1074, 1202, 13.6621, 0
PixelHit 1074, 1203, 5.48, 0
PixelHit 1074, 1204, 4.3153, 0
PixelHit 1074, 1205, 8.20624, 0
PixelHit 1074, 1206, 5.53736, 0
PixelHit 1074, 1207, 8.69268, 0
PixelHit 1074, 1208, 13.9287, 0
PixelHit 1074, 1209, 8.78491, 0
PixelHit 1074, 1211, 6.19429, 0
PixelHit 1074, 1213, 1.473, 0
PixelHit 1074, 1214, 0.866181, 0
PixelHit 1075, 1189, -0.0485464, 0
PixelHit 1075, 1190, 2.64614, 0
PixelHit 1075, 1191, 6.70751, 0
PixelHit 1075, 1192, 8.43923, 0
PixelHit 1075, 1193, 17.5771, 0
PixelHit 1075, 1194, 17.7167, 0
PixelHit 1075, 1195, 12.4431, 0
PixelHit 1075, 1196, 13.2784, 0
PixelHit 1075, 1197, 13.513, 0
PixelHit 1075, 1198, 11.249, 0
PixelHit 1075, 1199, 7.20031, 0
PixelHit 1075, 1200, 3.90272, 0
PixelHit 1075, 1201, 7.63503, 0
PixelHit 1075, 1202, 1.79138, 0
PixelHit 1075, 1203, 3.53064, 0
PixelHit 1075, 1205, 2.78537, 0
PixelHit 1076, 1191, 1.15851, 0
PixelHit 1076, 1192, 2.80837, 0
PixelHit 1076, 1195, 3.17077, 0
PixelHit 1076, 1196, 5.98699, 0
PixelHit 1076, 1198, 2.68238, 0
PixelHit 1076, 1201, 1.49757, 0
PixelHit 1077, 1193, 2.9035, 0
PixelHit 1310, 904, 1.97974, 0
PixelHit 1310, 906, 3.38784, 0
PixelHit 1310, 907, 3.67974, 0
PixelHit 1310, 908, 2.82751, 0
PixelHit 1310, 912, 1.8115, 0
PixelHit 1310, 919, 0.86411, 0
PixelHit 1311, 903, 2.40578, 0
PixelHit 1311, 904, 5.06251, 0
PixelHit 1311, 905, 6.3868, 0
PixelHit 1311, 906, 4.58763, 0
PixelHit 1311, 907, 1.80002, 0
PixelHit 1311, 908, 4.53093, 0
PixelHit 1311, 909, 3.76202, 0
PixelHit 1311, 911, 2.65038, 0
PixelHit 1311, 912, 12.0803, 0
PixelHit 1311, 913, 7.57053, 0
PixelHit 1311, 914, 9.17905, 0
PixelHit 1311, 915, 3.49307, 0
PixelHit 1311, 916, 3.06253, 0
PixelHit 1311, 917, 12.0826, 0
PixelHit 1311, 918, 5.1676, 0
PixelHit 1311, 922, 0.657805, 0
PixelHit 1312, 902, 0.335899, 0
PixelHit 1312, 903, 4.48548, 0
PixelHit 1312, 904, 13.0778, 0
PixelHit 1312, 905, 23.5659, 0
PixelHit 1312, 906, 14.028, 0
PixelHit 1312, 907, 2.7898, 0
PixelHit 1312, 908, 9.99385, 0
PixelHit 1312, 909, 14.8205, 0
PixelHit 1312, 910, 19.8984, 0
PixelHit 1312, 911, 15.8088, 0
PixelHit 1312, 912, 25.9023, 0
PixelHit 1312, 913, 34.0443, 0
PixelHit 1312, 914, 26.6203, 0
PixelHit 1312, 915, 18.5133, 0
PixelHit 1312, 916, 25.1033, 0
PixelHit 1312, 917, 56.9579, 0
PixelHit 1312, 918, 48.435, 0
PixelHit 1312, 919, 25.8522, 0
PixelHit 1312, 920, 19.4585, 0
PixelHit 1312, 921, 12.6034, 0
PixelHit 1312, 922, 5.08583, 0
PixelHit 1312, 923, 13.5615, 0
PixelHit 1312, 924, 6.33071, 0
PixelHit 1312, 925, 11.1795, 0
PixelHit 1312, 926, 8.88636, 0
PixelHit 1312, 927, 5.03092, 0
PixelHit 1312, 928, 13.6103, 0
PixelHit 1312, 929, 9.12457, 0
PixelHit 1312, 930, 1.23886, 0
PixelHit 1313, 902, 1.55924, 0
PixelHit 1313, 903, 9.16532, 0
PixelHit 1313, 904, 16.8932, 0
PixelHit 1313, 905, 22.5823, 0
PixelHit 1313, 906, 20.9177, 0
PixelHit 1313, 907, 17.4704, 0
PixelHit 1313, 908, 20.2555, 0
PixelHit 1313, 909, 27.7638, 0
PixelHit 1313, 910, 28.2632, 0
PixelHit 1313, 911, 26.9153, 0
PixelHit 1313, 912, 34.6053, 0
PixelHit 1313, 913, 66.8373, 0
PixelHit 1313, 914, 39.181, 0
PixelHit 1313, 915, 29.7806, 0
PixelHit 1313, 916, 49.2642, 0
PixelHit 1313, 917, 122.773, 0
PixelHit 1313, 918, 88.0826, 0
PixelHit 1313, 919, 42.0786, 0
PixelHit 1313, 920, 58.4276, 0
PixelHit 1313, 921, 32.9356, 0
PixelHit 1313, 922, 34.2484, 0
PixelHit 1313, 923, 34.8569, 0
PixelHit 1313, 924, 21.0439, 0
PixelHit 1313, 925, 33.1801, 0
PixelHit 1313, 926, 68.8575, 0
PixelHit 1313, 927, 86.8207, 0
PixelHit 1313, 928, 147.656, 0
PixelHit 1313, 929, 63.7587, 0
PixelHit 1313, 930, 128.39, 0
PixelHit 1313, 931, 54.637, 0
PixelHit 1313, 932, 37.6791, 0
PixelHit 1314, 902, 2.60089, 0
PixelHit 1314, 903, 4.49659, 0
PixelHit 1314, 904, 15.0313, 0
PixelHit 1314, 905, 22.4859, 0
PixelHit 1314, 906, 15.2662, 0
PixelHit 1314, 907, 10.5407, 0
PixelHit 1314, 908, 11.4011, 0
PixelHit 1314, 909, 15.5235, 0
PixelHit 1314, 910, 20.4, 0
PixelHit 1314, 911, 15.2599, 0
PixelHit 1314, 912, 28.5198, 0
PixelHit 1314, 913, 30.9056, 0
PixelHit 1314, 914, 20.6323, 0
PixelHit 1314, 915, 18.4548, 0
PixelHit 1314, 916, 36.319, 0
PixelHit 1314, 917, 58.912, 0
PixelHit 1314, 918, 52.3976, 0
PixelHit 1314, 919, 25.065, 0
PixelHit 1314, 920, 25.8269, 0
PixelHit 1314, 921, 18.7331, 0
PixelHit 1314, 922, 26.9322, 0
PixelHit 1314, 923, 21.5988, 0
PixelHit 1314, 924, 16.0807, 0
PixelHit 1314, 925, 16.0389, 0
PixelHit 1314, 926, 34.2368, 0
PixelHit 1314, 927, 38.3481, 0
PixelHit 1314, 928, 55.2101, 0
PixelHit 1314, 929, 29.8269, 0
PixelHit 1314, 930, 42.8839, 0
PixelHit 1314, 931, 20.8213, 0
PixelHit 1314, 932, 4.17783, 0
PixelHit 1315, 902, 2.34172, 0
PixelHit 1315, 903, 2.03014, 0
PixelHit 1315, 905, 8.80064, 0
PixelHit 1315, 907, 5.82053, 0
PixelHit 1315, 908, 6.27448, 0
PixelHit 1315, 909, 1.74496, 0
PixelHit 1315, 910, 5.09937, 0
PixelHit 1315, 911, 3.66801, 0
PixelHit 1315, 912, 11.0358, 0
PixelHit 1315, 913, 8.38185, 0
PixelHit 1315, 914, 8.57544, 0
PixelHit 1315, 915, 2.43392, 0
PixelHit 1315, 916, 8.0782, 0
PixelHit 1315, 917, 13.021, 0
PixelHit 1315, 918, 19.0816, 0
PixelHit 1315, 919, 6.99652, 0
PixelHit 1315, 920, 2.79426, 0
PixelHit 1315, 921, 2.05451, 0
PixelHit 1315, 922, 2.99183, 0
PixelHit 1315, 924, 3.34134, 0
PixelHit 1315, 928, 2.40138, 0
PixelHit 1316, 903, 1.20553, 0
PixelHit 1316, 904, 0.616267, 0
PixelHit 1316, 909, 1.53884, 0
PixelHit 1316, 913, 2.7428, 0
PixelHit 1316, 915, 2.9846, 0
PixelHit 1316, 920, 1.66029, 0
PixelHit 1317, 905, 1.32303, 0
=== 98 ===
=== 99 ===
=== 100 ===
# 968 objects from 4 messages
