# Allpix Squared ASCII data - https://cern.ch/allpix-squared

=== 1 ===
=== 2 ===
=== 3 ===
=== 4 ===
=== 5 ===
=== 6 ===
=== 7 ===
=== 8 ===
=== 9 ===
=== 10 ===
=== 11 ===
=== 12 ===
=== 13 ===
=== 14 ===
=== 15 ===
=== 16 ===
--- mydetector ---
PixelHit 1275, 938, 1.54937, 0
PixelHit 1276, 938, 2.72948, 0
PixelHit 1276, 940, 3.42921, 0
PixelHit 1276, 941, 2.69726, 0
PixelHit 1277, 935, 2.75129, 0
PixelHit 1277, 936, 2.70116, 0
PixelHit 1277, 937, 4.88992, 0
PixelHit 1277, 938, 15.2402, 0
PixelHit 1277, 939, 17.3136, 0
PixelHit 1277, 940, 13.2675, 0
PixelHit 1277, 941, 4.69147, 0
PixelHit 1277, 942, 1.81646, 0
PixelHit 1277, 944, 1.41325, 0
PixelHit 1278, 936, 3.5693, 0
PixelHit 1278, 937, 36.9141, 0
PixelHit 1278, 938, 80.4335, 0
PixelHit 1278, 939, 99.6242, 0
PixelHit 1278, 940, 57.2302, 0
PixelHit 1278, 941, 21.5897, 0
PixelHit 1278, 942, 15.1103, 0
PixelHit 1278, 943, 7.19307, 0
PixelHit 1278, 944, 9.46413, 0
PixelHit 1278, 945, 7.85521, 0
PixelHit 1278, 946, 8.95449, 0
PixelHit 1278, 947, 9.40756, 0
PixelHit 1278, 948, 5.32027, 0
PixelHit 1278, 949, 1.07009, 0
PixelHit 1279, 935, 3.50796, 0
PixelHit 1279, 936, 4.70823, 0
PixelHit 1279, 937, 46.0596, 0
PixelHit 1279, 938, 139.987, 0
PixelHit 1279, 939, 214.897, 0
PixelHit 1279, 940, 145.963, 0
PixelHit 1279, 941, 61.51, 0
PixelHit 1279, 942, 42.0298, 0
PixelHit 1279, 943, 45.3868, 0
PixelHit 1279, 944, 27.1547, 0
PixelHit 1279, 945, 56.6613, 0
PixelHit 1279, 946, 112.79, 0
PixelHit 1279, 947, 51.4782, 0
PixelHit 1279, 948, 47.9753, 0
PixelHit 1279, 949, 101.034, 0
PixelHit 1279, 950, 43.1272, 0
PixelHit 1279, 951, 0.874155, 0
PixelHit 1280, 935, 4.95923, 0
PixelHit 1280, 936, 14.4156, 0
PixelHit 1280, 937, 51.3618, 0
PixelHit 1280, 938, 134.776, 0
PixelHit 1280, 939, 193.754, 0
PixelHit 1280, 940, 146.802, 0
PixelHit 1280, 941, 61.9737, 0
PixelHit 1280, 942, 21.6295, 0
PixelHit 1280, 943, 32.5413, 0
PixelHit 1280, 944, 17.3911, 0
PixelHit 1280, 945, 60.3029, 0
PixelHit 1280, 946, 93.7714, 0
PixelHit 1280, 947, 68.242, 0
PixelHit 1280, 948, 34.9722, 0
PixelHit 1280, 949, 73.8774, 0
PixelHit 1280, 950, 29.7361, 0
PixelHit 1281, 935, 0.997958, 0
PixelHit 1281, 936, 6.34952, 0
PixelHit 1281, 937, 32.6145, 0
PixelHit 1281, 938, 61.2534, 0
PixelHit 1281, 939, 88.7502, 0
PixelHit 1281, 940, 63.4995, 0
PixelHit 1281, 941, 21.8005, 0
PixelHit 1281, 942, 12.3191, 0
PixelHit 1281, 943, 15.7677, 0
PixelHit 1281, 944, 6.79877, 0
PixelHit 1281, 945, 9.44309, 0
PixelHit 1281, 946, 13.9358, 0
PixelHit 1281, 947, 4.04845, 0
PixelHit 1281, 948, 5.62091, 0
PixelHit 1282, 937, 4.33505, 0
PixelHit 1282, 938, 20.7878, 0
PixelHit 1282, 939, 18.8043, 0
PixelHit 1282, 940, 16.465, 0
PixelHit 1282, 941, 4.92213, 0
PixelHit 1282, 942, 2.54448, 0
PixelHit 1282, 943, 0.0312339, 0
PixelHit 1283, 937, 1.89105, 0
PixelHit 1283, 938, 1.84206, 0
PixelHit 1283, 939, 1.99453, 0
PixelHit 1283, 943, 2.05757, 0
PixelHit 1284, 938, 1.91855, 0
PixelHit 1307, 997, 1.86347, 0
PixelHit 1307, 998, 0.991805, 0
PixelHit 1307, 999, 2.57113, 0
PixelHit 1307, 1000, 3.9201, 0
PixelHit 1307, 1001, 5.11621, 0
PixelHit 1307, 1002, 2.98117, 0
PixelHit 1307, 1003, 1.81865, 0
PixelHit 1308, 998, 2.79977, 0
PixelHit 1308, 999, 17.7517, 0
PixelHit 1308, 1000, 13.2654, 0
PixelHit 1308, 1001, 19.6068, 0
PixelHit 1308, 1002, 17.4041, 0
PixelHit 1308, 1003, 7.21733, 0
PixelHit 1308, 1004, 5.10605, 0
PixelHit 1308, 1005, 9.99265, 0
PixelHit 1308, 1006, 5.11539, 0
PixelHit 1308, 1007, 3.07559, 0
PixelHit 1308, 1008, 12.3337, 0
PixelHit 1308, 1009, 22.3267, 0
PixelHit 1308, 1010, 6.54984, 0
PixelHit 1308, 1011, 1.98473, 0
PixelHit 1308, 1012, 2.80692, 0
PixelHit 1309, 997, 3.21345, 0
PixelHit 1309, 998, 11.027, 0
PixelHit 1309, 999, 22.5851, 0
PixelHit 1309, 1000, 33.536, 0
PixelHit 1309, 1001, 34.8515, 0
PixelHit 1309, 1002, 30.7733, 0
PixelHit 1309, 1003, 31.9246, 0
PixelHit 1309, 1004, 36.365, 0
PixelHit 1309, 1005, 27.6832, 0
PixelHit 1309, 1006, 25.9866, 0
PixelHit 1309, 1007, 29.1193, 0
PixelHit 1309, 1008, 70.5626, 0
PixelHit 1309, 1009, 116.612, 0
PixelHit 1309, 1010, 72.1535, 0
PixelHit 1309, 1011, 90.4183, 0
PixelHit 1309, 1012, 166.681, 0
PixelHit 1309, 1013, 34.0619, 0
PixelHit 1310, 998, 8.80262, 0
PixelHit 1310, 999, 16.8999, 0
PixelHit 1310, 1000, 44.284, 0
PixelHit 1310, 1001, 33.0236, 0
PixelHit 1310, 1002, 22.8787, 0
PixelHit 1310, 1003, 40.9529, 0
PixelHit 1310, 1004, 22.8446, 0
PixelHit 1310, 1005, 30.6666, 0
PixelHit 1310, 1006, 14.7882, 0
PixelHit 1310, 1007, 21.8445, 0
PixelHit 1310, 1008, 70.4375, 0
PixelHit 1310, 1009, 122.103, 0
PixelHit 1310, 1010, 75.0034, 0
PixelHit 1310, 1011, 66.9882, 0
PixelHit 1310, 1012, 149.401, 0
PixelHit 1310, 1013, 30.0073, 0
PixelHit 1311, 997, 2.54906, 0
PixelHit 1311, 998, 7.79111, 0
PixelHit 1311, 999, 16.8398, 0
PixelHit 1311, 1000, 28.5548, 0
PixelHit 1311, 1001, 15.5479, 0
PixelHit 1311, 1002, 18.8759, 0
PixelHit 1311, 1003, 15.5977, 0
PixelHit 1311, 1004, 9.3214, 0
PixelHit 1311, 1005, 8.36294, 0
PixelHit 1311, 1006, 6.29333, 0
PixelHit 1311, 1007, 7.68215, 0
PixelHit 1311, 1008, 8.44901, 0
PixelHit 1311, 1009, 20.2475, 0
PixelHit 1311, 1010, 6.93044, 0
PixelHit 1311, 1012, 1.436, 0
PixelHit 1312, 999, 1.99939, 0
PixelHit 1312, 1003, 2.57173, 0
PixelHit 1312, 1004, 2.25078, 0
PixelHit 1312, 1005, 4.66429, 0
PixelHit 1312, 1008, 2.20749, 0
PixelHit 1312, 1009, 1.41633, 0
PixelHit 1312, 1010, 2.32438, 0
PixelHit 1313, 998, 0.837257, 0
PixelHit 1313, 1003, 1.53913, 0
=== 17 ===
=== 18 ===
=== 19 ===
=== 20 ===
=== 21 ===
=== 22 ===
=== 23 ===
=== 24 ===
=== 25 ===
=== 26 ===
=== 27 ===
=== 28 ===
=== 29 ===
=== 30 ===
=== 31 ===
=== 32 ===
=== 33 ===
=== 34 ===
=== 35 ===
=== 36 ===
=== 37 ===
=== 38 ===
=== 39 ===
=== 40 ===
=== 41 ===
=== 42 ===
=== 43 ===
=== 44 ===
=== 45 ===
=== 46 ===
=== 47 ===
=== 48 ===
=== 49 ===
=== 50 ===
=== 51 ===
=== 52 ===
--- mydetector ---
PixelHit 1263, 1044, 3.65446, 0
PixelHit 1263, 1045, 1.728, 0
PixelHit 1263, 1046, 2.45615, 0
PixelHit 1263, 1047, 1.36001, 0
PixelHit 1263, 1049, 0.843544, 0
PixelHit 1264, 1042, 1.81429, 0
PixelHit 1264, 1043, 3.59518, 0
PixelHit 1264, 1044, 17.3643, 0
PixelHit 1264, 1045, 13.3883, 0
PixelHit 1264, 1046, 9.25974, 0
PixelHit 1264, 1047, 10.8846, 0
PixelHit 1264, 1048, 7.13746, 0
PixelHit 1264, 1049, 5.38177, 0
PixelHit 1264, 1050, 3.48285, 0
PixelHit 1264, 1051, 6.45593, 0
PixelHit 1264, 1053, 1.92819, 0
PixelHit 1265, 1042, 4.46187, 0
PixelHit 1265, 1043, 19.8475, 0
PixelHit 1265, 1044, 30.8215, 0
PixelHit 1265, 1045, 51.1606, 0
PixelHit 1265, 1046, 39.5717, 0
PixelHit 1265, 1047, 28.6914, 0
PixelHit 1265, 1048, 27.1776, 0
PixelHit 1265, 1049, 30.3314, 0
PixelHit 1265, 1050, 28.1367, 0
PixelHit 1265, 1051, 30.1061, 0
PixelHit 1265, 1052, 35.2871, 0
PixelHit 1265, 1053, 29.0741, 0
PixelHit 1265, 1054, 16.3834, 0
PixelHit 1265, 1055, 18.8777, 0
PixelHit 1265, 1056, 15.7537, 0
PixelHit 1265, 1057, 29.7549, 0
PixelHit 1265, 1058, 3.29854, 0
PixelHit 1266, 1042, 8.16441, 0
PixelHit 1266, 1043, 36.3235, 0
PixelHit 1266, 1044, 67.687, 0
PixelHit 1266, 1045, 70.0292, 0
PixelHit 1266, 1046, 60.6992, 0
PixelHit 1266, 1047, 48.6245, 0
PixelHit 1266, 1048, 52.0288, 0
PixelHit 1266, 1049, 55.0168, 0
PixelHit 1266, 1050, 38.1416, 0
PixelHit 1266, 1051, 60.5655, 0
PixelHit 1266, 1052, 56.5003, 0
PixelHit 1266, 1053, 67.4322, 0
PixelHit 1266, 1054, 48.9513, 0
PixelHit 1266, 1055, 55.3202, 0
PixelHit 1266, 1056, 85.2144, 0
PixelHit 1266, 1057, 170.612, 0
PixelHit 1266, 1058, 45.6188, 0
PixelHit 1266, 1059, 1.89746, 0
PixelHit 1267, 1042, 7.28396, 0
PixelHit 1267, 1043, 26.981, 0
PixelHit 1267, 1044, 43.4158, 0
PixelHit 1267, 1045, 61.5053, 0
PixelHit 1267, 1046, 44.3249, 0
PixelHit 1267, 1047, 45.9657, 0
PixelHit 1267, 1048, 38.3762, 0
PixelHit 1267, 1049, 34.6813, 0
PixelHit 1267, 1050, 36.9838, 0
PixelHit 1267, 1051, 30.8453, 0
PixelHit 1267, 1052, 18.6207, 0
PixelHit 1267, 1053, 27.3191, 0
PixelHit 1267, 1054, 22.0185, 0
PixelHit 1267, 1055, 7.042, 0
PixelHit 1267, 1056, 16.2281, 0
PixelHit 1267, 1057, 11.9547, 0
PixelHit 1267, 1058, 2.29803, 0
PixelHit 1268, 1043, 13.1775, 0
PixelHit 1268, 1044, 20.4536, 0
PixelHit 1268, 1045, 24.3985, 0
PixelHit 1268, 1046, 21.1839, 0
PixelHit 1268, 1047, 7.78684, 0
PixelHit 1268, 1048, 10.6658, 0
PixelHit 1268, 1049, 9.55999, 0
PixelHit 1268, 1050, 6.69699, 0
PixelHit 1268, 1051, 6.20234, 0
PixelHit 1268, 1053, 6.21965, 0
PixelHit 1268, 1054, 1.60584, 0
PixelHit 1269, 1044, 4.74885, 0
PixelHit 1269, 1045, 5.06442, 0
PixelHit 1269, 1046, 8.67629, 0
PixelHit 1269, 1047, 3.16899, 0
PixelHit 1269, 1049, 1.09267, 0
PixelHit 1269, 1052, -0.0903318, 0
PixelHit 1295, 951, 0.294305, 0
PixelHit 1296, 949, 0.772503, 0
PixelHit 1296, 951, 4.64255, 0
PixelHit 1296, 952, 3.03736, 0
PixelHit 1296, 953, 4.23746, 0
PixelHit 1296, 954, 5.93689, 0
PixelHit 1296, 955, 8.12508, 0
PixelHit 1296, 956, 12.5901, 0
PixelHit 1296, 957, 16.1861, 0
PixelHit 1296, 958, 6.9259, 0
PixelHit 1296, 959, 5.38994, 0
PixelHit 1296, 960, 1.4715, 0
PixelHit 1296, 961, 3.31443, 0
PixelHit 1296, 962, 2.64107, 0
PixelHit 1297, 949, 3.80772, 0
PixelHit 1297, 950, 7.06984, 0
PixelHit 1297, 951, 15.5313, 0
PixelHit 1297, 952, 15.2344, 0
PixelHit 1297, 953, 11.3623, 0
PixelHit 1297, 954, 19.8422, 0
PixelHit 1297, 955, 28.2855, 0
PixelHit 1297, 956, 46.1298, 0
PixelHit 1297, 957, 59.7271, 0
PixelHit 1297, 958, 37.1312, 0
PixelHit 1297, 959, 35.6256, 0
PixelHit 1297, 960, 10.2957, 0
PixelHit 1297, 961, 10.4609, 0
PixelHit 1297, 962, 5.08548, 0
PixelHit 1297, 963, 7.67419, 0
PixelHit 1297, 964, 29.4157, 0
PixelHit 1297, 965, 4.37381, 0
PixelHit 1298, 949, 1.84802, 0
PixelHit 1298, 950, 5.72799, 0
PixelHit 1298, 951, 17.2327, 0
PixelHit 1298, 952, 14.9565, 0
PixelHit 1298, 953, 27.4339, 0
PixelHit 1298, 954, 24.0489, 0
PixelHit 1298, 955, 58.143, 0
PixelHit 1298, 956, 76.4788, 0
PixelHit 1298, 957, 92.2294, 0
PixelHit 1298, 958, 92.972, 0
PixelHit 1298, 959, 65.8049, 0
PixelHit 1298, 960, 41.115, 0
PixelHit 1298, 961, 25.5421, 0
PixelHit 1298, 962, 52.0574, 0
PixelHit 1298, 963, 41.0713, 0
PixelHit 1298, 964, 421.226, 0
PixelHit 1298, 965, 65.8991, 0
PixelHit 1298, 966, 1.70711, 0
PixelHit 1299, 949, 0.891121, 0
PixelHit 1299, 950, 7.92261, 0
PixelHit 1299, 951, 10.3003, 0
PixelHit 1299, 952, 10.743, 0
PixelHit 1299, 953, 15.288, 0
PixelHit 1299, 954, 12.0943, 0
PixelHit 1299, 955, 33.4995, 0
PixelHit 1299, 956, 50.9052, 0
PixelHit 1299, 957, 49.3652, 0
PixelHit 1299, 958, 43.4666, 0
PixelHit 1299, 959, 41.7519, 0
PixelHit 1299, 960, 20.8814, 0
PixelHit 1299, 961, 11.8035, 0
PixelHit 1299, 962, 14.617, 0
PixelHit 1299, 963, 6.66361, 0
PixelHit 1299, 964, 26.3236, 0
PixelHit 1299, 965, 5.29745, 0
PixelHit 1300, 950, 2.13699, 0
PixelHit 1300, 951, 2.07263, 0
PixelHit 1300, 952, 3.58914, 0
PixelHit 1300, 953, 5.47429, 0
PixelHit 1300, 954, 4.5338, 0
PixelHit 1300, 955, 6.71047, 0
PixelHit 1300, 956, 3.86451, 0
PixelHit 1300, 957, 10.7318, 0
PixelHit 1300, 958, 8.9535, 0
PixelHit 1300, 959, 3.34297, 0
PixelHit 1300, 960, 5.99946, 0
PixelHit 1300, 962, 1.875, 0
PixelHit 1301, 949, 2.66561, 0
PixelHit 1301, 952, 2.40765, 0
PixelHit 1301, 956, 2.41799, 0
PixelHit 1301, 958, 3.34586, 0
=== 53 ===
=== 54 ===
=== 55 ===
=== 56 ===
=== 57 ===
=== 58 ===
=== 59 ===
=== 60 ===
=== 61 ===
=== 62 ===
=== 63 ===
=== 64 ===
=== 65 ===
=== 66 ===
=== 67 ===
=== 68 ===
=== 69 ===
=== 70 ===
=== 71 ===
=== 72 ===
=== 73 ===
=== 74 ===
=== 75 ===
=== 76 ===
=== 77 ===
=== 78 ===
=== 79 ===
=== 80 ===
=== 81 ===
=== 82 ===
=== 83 ===
=== 84 ===
=== 85 ===
=== 86 ===
=== 87 ===
=== 88 ===
=== 89 ===
=== 90 ===
=== 91 ===
=== 92 ===
=== 93 ===
=== 94 ===
=== 95 ===
=== 96 ===
=== 97 ===
=== 98 ===
=== 99 ===
=== 100 ===
# 332 objects from 2 messages
