# Allpix Squared ASCII data - https://cern.ch/allpix-squared

=== 1 ===
=== 2 ===
=== 3 ===
=== 4 ===
=== 5 ===
=== 6 ===
=== 7 ===
=== 8 ===
=== 9 ===
=== 10 ===
=== 11 ===
=== 12 ===
=== 13 ===
=== 14 ===
=== 15 ===
=== 16 ===
=== 17 ===
=== 18 ===
=== 19 ===
=== 20 ===
=== 21 ===
=== 22 ===
=== 23 ===
=== 24 ===
=== 25 ===
=== 26 ===
=== 27 ===
=== 28 ===
=== 29 ===
=== 30 ===
=== 31 ===
=== 32 ===
=== 33 ===
=== 34 ===
=== 35 ===
=== 36 ===
=== 37 ===
=== 38 ===
--- mydetector ---
PixelHit 817, 1126, 10.1973, 0
PixelHit 818, 1126, 106.435, 0
PixelHit 818, 1127, 5.74169, 0
PixelHit 819, 1125, 4.67899, 0
PixelHit 819, 1126, 138.025, 0
PixelHit 819, 1127, 5.94065, 0
PixelHit 820, 1125, 3.04878, 0
PixelHit 820, 1126, 61.4455, 0
PixelHit 820, 1127, 6.94765, 0
PixelHit 821, 1126, 18.716, 0
PixelHit 821, 1127, 4.3376, 0
PixelHit 822, 1126, 15.191, 0
PixelHit 822, 1127, 3.39, 0
PixelHit 823, 1125, 4.32687, 0
PixelHit 823, 1126, 27.2025, 0
PixelHit 823, 1127, 4.28192, 0
PixelHit 824, 1125, 6.86275, 0
PixelHit 824, 1126, 33.1502, 0
PixelHit 824, 1127, 9.53753, 0
PixelHit 825, 1125, 6.07742, 0
PixelHit 825, 1126, 29.5768, 0
PixelHit 825, 1127, 3.43752, 0
PixelHit 826, 1125, 2.13756, 0
PixelHit 826, 1126, 19.4073, 0
PixelHit 827, 1125, 2.13558, 0
PixelHit 827, 1126, 4.36313, 0
PixelHit 827, 1127, 2.09845, 0
PixelHit 828, 1125, 5.56336, 0
PixelHit 828, 1126, 21.4599, 0
PixelHit 828, 1127, 2.85827, 0
PixelHit 829, 1124, -0.500485, 0
PixelHit 829, 1125, 22.5019, 0
PixelHit 829, 1126, 31.7714, 0
PixelHit 829, 1127, 22.6281, 0
PixelHit 830, 1125, 16.2379, 0
PixelHit 830, 1126, 26.4674, 0
PixelHit 830, 1127, 7.74599, 0
PixelHit 831, 1124, 2.24617, 0
PixelHit 831, 1125, 7.22362, 0
PixelHit 831, 1126, 28.9982, 0
PixelHit 831, 1127, 4.7859, 0
PixelHit 832, 1125, 5.21225, 0
PixelHit 832, 1126, 8.36058, 0
PixelHit 832, 1127, 2.3799, 0
PixelHit 833, 1124, 2.04686, 0
PixelHit 833, 1125, 17.2033, 0
PixelHit 833, 1126, 22.7194, 0
PixelHit 833, 1127, 2.92498, 0
PixelHit 834, 1124, 1.15543, 0
PixelHit 834, 1125, 14.4361, 0
PixelHit 834, 1126, 17.0143, 0
PixelHit 834, 1127, 5.67735, 0
PixelHit 834, 1128, 0.665926, 0
PixelHit 835, 1124, 3.74121, 0
PixelHit 835, 1125, 17.328, 0
PixelHit 835, 1126, 15.5861, 0
PixelHit 835, 1127, 4.08595, 0
PixelHit 836, 1124, 2.3346, 0
PixelHit 836, 1125, 24.1917, 0
PixelHit 836, 1126, 23.549, 0
PixelHit 836, 1127, 5.82981, 0
PixelHit 837, 1124, 8.02035, 0
PixelHit 837, 1125, 29.5655, 0
PixelHit 837, 1126, 49.0375, 0
PixelHit 837, 1127, 13.3717, 0
PixelHit 838, 1123, 2.62667, 0
PixelHit 838, 1124, 4.53724, 0
PixelHit 838, 1125, 15.9363, 0
PixelHit 838, 1126, 60.8509, 0
PixelHit 838, 1127, 9.10443, 0
PixelHit 839, 1125, 11.9329, 0
PixelHit 839, 1126, 12.6479, 0
PixelHit 839, 1127, 4.78107, 0
PixelHit 839, 1128, 1.68622, 0
PixelHit 840, 1125, 6.68626, 0
PixelHit 840, 1126, 6.89224, 0
PixelHit 840, 1127, 5.457, 0
PixelHit 841, 1124, 2.79617, 0
PixelHit 841, 1125, 3.93091, 0
PixelHit 841, 1126, 14.6948, 0
PixelHit 841, 1127, 0.61934, 0
PixelHit 842, 1123, 1.02545, 0
PixelHit 842, 1124, 10.1722, 0
PixelHit 842, 1125, 17.6016, 0
PixelHit 842, 1126, 21.4449, 0
PixelHit 842, 1127, 9.34843, 0
PixelHit 842, 1128, 1.82504, 0
PixelHit 843, 1124, 3.92355, 0
PixelHit 843, 1125, 32.8614, 0
PixelHit 843, 1126, 24.2462, 0
PixelHit 843, 1127, 17.1554, 0
PixelHit 843, 1129, -0.0440275, 0
PixelHit 844, 1124, 5.84157, 0
PixelHit 844, 1125, 32.1079, 0
PixelHit 844, 1126, 26.9813, 0
PixelHit 844, 1127, 12.1042, 0
PixelHit 844, 1128, 3.56903, 0
PixelHit 845, 1123, 1.67275, 0
PixelHit 845, 1124, 10.6792, 0
PixelHit 845, 1125, 37.391, 0
PixelHit 845, 1126, 33.8969, 0
PixelHit 845, 1127, 11.9034, 0
PixelHit 845, 1128, 0.848703, 0
PixelHit 846, 1123, 2.74348, 0
PixelHit 846, 1124, 11.7927, 0
PixelHit 846, 1125, 26.5254, 0
PixelHit 846, 1126, 30.656, 0
PixelHit 846, 1127, 9.45613, 0
PixelHit 847, 1123, 0.811791, 0
PixelHit 847, 1124, 12.8665, 0
PixelHit 847, 1125, 24.6897, 0
PixelHit 847, 1126, 18.5084, 0
PixelHit 847, 1127, 5.04846, 0
PixelHit 847, 1128, 1.87696, 0
PixelHit 848, 1123, 6.99696, 0
PixelHit 848, 1124, 7.34179, 0
PixelHit 848, 1125, 25.8649, 0
PixelHit 848, 1126, 18.6707, 0
PixelHit 848, 1127, 6.31774, 0
PixelHit 849, 1124, 5.7268, 0
PixelHit 849, 1125, 14.7193, 0
PixelHit 849, 1126, 10.5849, 0
PixelHit 849, 1127, 5.73408, 0
PixelHit 850, 1123, 1.60619, 0
PixelHit 850, 1124, 7.71498, 0
PixelHit 850, 1125, 23.0844, 0
PixelHit 850, 1126, 18.7679, 0
PixelHit 850, 1127, 4.10687, 0
PixelHit 851, 1123, 3.48128, 0
PixelHit 851, 1124, 21.6725, 0
PixelHit 851, 1125, 34.4781, 0
PixelHit 851, 1126, 44.1779, 0
PixelHit 851, 1127, 9.91231, 0
PixelHit 852, 1123, 3.90248, 0
PixelHit 852, 1124, 14.3278, 0
PixelHit 852, 1125, 32.2647, 0
PixelHit 852, 1126, 29.3929, 0
PixelHit 852, 1127, 9.28383, 0
PixelHit 852, 1128, 3.5628, 0
PixelHit 853, 1123, 3.64233, 0
PixelHit 853, 1124, 12.1329, 0
PixelHit 853, 1125, 29.6579, 0
PixelHit 853, 1126, 24.8336, 0
PixelHit 853, 1127, 8.39248, 0
PixelHit 854, 1123, 3.03242, 0
PixelHit 854, 1124, 12.6511, 0
PixelHit 854, 1125, 24.509, 0
PixelHit 854, 1126, 23.4431, 0
PixelHit 854, 1127, 6.72827, 0
PixelHit 854, 1128, 1.21778, 0
PixelHit 855, 1123, 5.40638, 0
PixelHit 855, 1124, 13.4579, 0
PixelHit 855, 1125, 45.0279, 0
PixelHit 855, 1126, 37.9552, 0
PixelHit 855, 1127, 5.1311, 0
PixelHit 856, 1122, 1.21141, 0
PixelHit 856, 1123, 4.25588, 0
PixelHit 856, 1124, 25.9364, 0
PixelHit 856, 1125, 32.9865, 0
PixelHit 856, 1126, 28.7083, 0
PixelHit 856, 1127, 14.484, 0
PixelHit 857, 1122, 2.62322, 0
PixelHit 857, 1123, 6.15543, 0
PixelHit 857, 1124, 20.9329, 0
PixelHit 857, 1125, 39.2257, 0
PixelHit 857, 1126, 24.7004, 0
PixelHit 857, 1127, 14.5555, 0
PixelHit 857, 1128, 1.3771, 0
PixelHit 858, 1122, 2.73865, 0
PixelHit 858, 1123, 5.88468, 0
PixelHit 858, 1124, 21.0183, 0
PixelHit 858, 1125, 45.9627, 0
PixelHit 858, 1126, 29.7413, 0
PixelHit 858, 1127, 5.11619, 0
PixelHit 858, 1128, 2.47225, 0
PixelHit 859, 1123, 9.08714, 0
PixelHit 859, 1124, 31.2292, 0
PixelHit 859, 1125, 52.4578, 0
PixelHit 859, 1126, 48.252, 0
PixelHit 859, 1127, 7.69816, 0
PixelHit 860, 1123, 4.71576, 0
PixelHit 860, 1124, 29.1816, 0
PixelHit 860, 1125, 42.9486, 0
PixelHit 860, 1126, 43.6778, 0
PixelHit 860, 1127, 10.9782, 0
PixelHit 860, 1128, 0.819772, 0
PixelHit 861, 1121, 1.72883, 0
PixelHit 861, 1123, 5.76823, 0
PixelHit 861, 1124, 16.2162, 0
PixelHit 861, 1125, 30.3517, 0
PixelHit 861, 1126, 11.9669, 0
PixelHit 861, 1127, 3.21986, 0
PixelHit 862, 1123, 1.71885, 0
PixelHit 862, 1124, 11.0633, 0
PixelHit 862, 1125, 10.6231, 0
PixelHit 862, 1126, 7.78769, 0
PixelHit 862, 1127, 2.34309, 0
PixelHit 862, 1128, 1.83162, 0
PixelHit 863, 1124, 1.86721, 0
PixelHit 863, 1125, 1.94522, 0
PixelHit 863, 1126, 3.31595, 0
PixelHit 863, 1127, 3.96258, 0
PixelHit 864, 1124, 4.38191, 0
PixelHit 864, 1125, 1.8558, 0
PixelHit 864, 1126, 5.94374, 0
PixelHit 865, 1122, 0.982104, 0
PixelHit 865, 1123, 1.47894, 0
PixelHit 865, 1124, 5.6269, 0
PixelHit 865, 1125, 3.16098, 0
PixelHit 865, 1126, 5.10547, 0
PixelHit 866, 1123, 8.06454, 0
PixelHit 866, 1124, 6.48942, 0
PixelHit 866, 1125, 5.00947, 0
PixelHit 866, 1126, 4.71966, 0
PixelHit 866, 1128, 2.29191, 0
PixelHit 867, 1123, 2.42757, 0
PixelHit 867, 1124, 10.8657, 0
PixelHit 867, 1125, 4.2644, 0
PixelHit 867, 1126, 8.23839, 0
PixelHit 868, 1124, 3.73936, 0
PixelHit 868, 1125, 10.7108, 0
PixelHit 868, 1126, 6.22438, 0
PixelHit 868, 1127, 2.87385, 0
PixelHit 869, 1123, 3.97875, 0
PixelHit 869, 1124, 2.9651, 0
PixelHit 869, 1125, 5.69595, 0
PixelHit 869, 1126, 4.69714, 0
PixelHit 870, 1125, -0.773535, 0
PixelHit 1004, 1035, 7.06402, 0
PixelHit 1004, 1036, 47.9225, 0
PixelHit 1005, 1035, 96.8962, 0
PixelHit 1005, 1036, 230.021, 0
PixelHit 1006, 1035, 33.8091, 0
PixelHit 1006, 1036, 72.2676, 0
PixelHit 1006, 1037, 2.47831, 0
PixelHit 1007, 1035, 6.52929, 0
PixelHit 1007, 1036, 7.37718, 0
PixelHit 1008, 1035, 81.4258, 0
PixelHit 1008, 1036, 150.606, 0
PixelHit 1008, 1037, 4.78047, 0
PixelHit 1009, 1035, 49.3033, 0
PixelHit 1009, 1036, 70.3879, 0
PixelHit 1010, 1035, 19.4171, 0
PixelHit 1010, 1036, 21.7858, 0
PixelHit 1010, 1037, 1.34858, 0
PixelHit 1011, 1035, 53.5897, 0
PixelHit 1011, 1036, 74.3595, 0
PixelHit 1011, 1037, 4.98877, 0
PixelHit 1012, 1034, 1.95198, 0
PixelHit 1012, 1035, 25.1193, 0
PixelHit 1012, 1036, 41.4124, 0
PixelHit 1012, 1037, 1.41457, 0
PixelHit 1012, 1038, 2.20647, 0
PixelHit 1013, 1035, 33.8017, 0
PixelHit 1013, 1036, 46.5819, 0
PixelHit 1013, 1037, 5.07966, 0
PixelHit 1014, 1034, 5.25427, 0
PixelHit 1014, 1035, 86.0485, 0
PixelHit 1014, 1036, 91.7385, 0
PixelHit 1014, 1037, 7.79788, 0
PixelHit 1015, 1034, 20.601, 0
PixelHit 1015, 1035, 178.993, 0
PixelHit 1015, 1036, 169.648, 0
PixelHit 1015, 1037, 13.4772, 0
PixelHit 1016, 1034, 6.72084, 0
PixelHit 1016, 1035, 64.4864, 0
PixelHit 1016, 1036, 84.2219, 0
PixelHit 1016, 1037, 6.1164, 0
PixelHit 1017, 1035, 9.74031, 0
PixelHit 1017, 1036, 6.57272, 0
PixelHit 1018, 1035, 8.03763, 0
PixelHit 1018, 1036, 9.3316, 0
PixelHit 1019, 1034, 5.29833, 0
PixelHit 1019, 1035, 16.9514, 0
PixelHit 1019, 1036, 15.9874, 0
PixelHit 1019, 1037, 2.90787, 0
PixelHit 1020, 1034, 2.50006, 0
PixelHit 1020, 1035, 29.4618, 0
PixelHit 1020, 1036, 23.4662, 0
PixelHit 1020, 1037, 4.64383, 0
PixelHit 1021, 1034, 2.13217, 0
PixelHit 1021, 1035, 22.6652, 0
PixelHit 1021, 1036, 17.0979, 0
PixelHit 1021, 1037, 4.13334, 0
PixelHit 1022, 1034, 2.94028, 0
PixelHit 1022, 1035, 30.5304, 0
PixelHit 1022, 1036, 22.7141, 0
PixelHit 1022, 1037, 4.33153, 0
PixelHit 1023, 1034, 7.07951, 0
PixelHit 1023, 1035, 34.4218, 0
PixelHit 1023, 1036, 38.4962, 0
PixelHit 1023, 1037, 2.91074, 0
PixelHit 1024, 1034, 10.4194, 0
PixelHit 1024, 1035, 40.4626, 0
PixelHit 1024, 1036, 31.6875, 0
PixelHit 1024, 1037, 6.77295, 0
PixelHit 1025, 1034, 8.44072, 0
PixelHit 1025, 1035, 23.4995, 0
PixelHit 1025, 1036, 24.4422, 0
PixelHit 1025, 1037, 3.71943, 0
PixelHit 1026, 1034, 6.22339, 0
PixelHit 1026, 1035, 17.4776, 0
PixelHit 1026, 1036, 21.9949, 0
PixelHit 1026, 1037, 3.22464, 0
PixelHit 1027, 1033, 1.84219, 0
PixelHit 1027, 1034, 2.63524, 0
PixelHit 1027, 1035, 12.5038, 0
PixelHit 1027, 1036, 8.35283, 0
PixelHit 1027, 1037, 4.17833, 0
PixelHit 1028, 1034, 14.4784, 0
PixelHit 1028, 1035, 22.5325, 0
PixelHit 1028, 1036, 16.8371, 0
PixelHit 1028, 1037, 4.86686, 0
PixelHit 1028, 1038, 1.20599, 0
PixelHit 1029, 1033, 0.612044, 0
PixelHit 1029, 1034, 22.4933, 0
PixelHit 1029, 1035, 48.3138, 0
PixelHit 1029, 1036, 54.3142, 0
PixelHit 1029, 1037, 13.9508, 0
PixelHit 1029, 1038, 0.662012, 0
PixelHit 1030, 1033, 4.93033, 0
PixelHit 1030, 1034, 23.2082, 0
PixelHit 1030, 1035, 46.0784, 0
PixelHit 1030, 1036, 55.3453, 0
PixelHit 1030, 1037, 11.0869, 0
PixelHit 1031, 1034, 10.604, 0
PixelHit 1031, 1035, 23.4242, 0
PixelHit 1031, 1036, 18.8088, 0
PixelHit 1031, 1037, 4.64191, 0
PixelHit 1031, 1038, 4.81108, 0
PixelHit 1032, 1034, 11.4181, 0
PixelHit 1032, 1035, 15.1016, 0
PixelHit 1032, 1036, 10.8165, 0
PixelHit 1032, 1037, 5.04698, 0
PixelHit 1033, 1034, 3.51748, 0
PixelHit 1033, 1035, 9.85517, 0
PixelHit 1033, 1036, 4.94461, 0
PixelHit 1034, 1033, 0.669396, 0
PixelHit 1034, 1034, 1.26175, 0
PixelHit 1034, 1035, 8.30798, 0
PixelHit 1034, 1036, 9.4598, 0
PixelHit 1035, 1033, 0.655595, 0
PixelHit 1035, 1034, 5.40458, 0
PixelHit 1035, 1035, 16.1843, 0
PixelHit 1035, 1036, 25.2699, 0
PixelHit 1035, 1037, 4.73203, 0
PixelHit 1036, 1034, 14.7799, 0
PixelHit 1036, 1035, 44.3184, 0
PixelHit 1036, 1036, 26.296, 0
PixelHit 1036, 1037, 5.67976, 0
PixelHit 1036, 1038, 0.892314, 0
PixelHit 1037, 1033, 1.97483, 0
PixelHit 1037, 1034, 13.5821, 0
PixelHit 1037, 1035, 44.108, 0
PixelHit 1037, 1036, 50.9565, 0
PixelHit 1037, 1037, 12.3496, 0
PixelHit 1038, 1032, 2.54152, 0
PixelHit 1038, 1034, 16.8604, 0
PixelHit 1038, 1035, 33.7774, 0
PixelHit 1038, 1036, 32.103, 0
PixelHit 1038, 1037, 3.87133, 0
PixelHit 1039, 1033, 2.23563, 0
PixelHit 1039, 1034, 6.93834, 0
PixelHit 1039, 1035, 22.7577, 0
PixelHit 1039, 1036, 14.0566, 0
PixelHit 1039, 1037, 8.47506, 0
PixelHit 1040, 1033, 0.962666, 0
PixelHit 1040, 1034, 4.49231, 0
PixelHit 1040, 1035, 22.7983, 0
PixelHit 1040, 1036, 17.527, 0
PixelHit 1040, 1037, 16.4489, 0
PixelHit 1040, 1038, 0.982648, 0
PixelHit 1041, 1033, 1.08025, 0
PixelHit 1041, 1034, 12.7248, 0
PixelHit 1041, 1035, 16.2936, 0
PixelHit 1041, 1036, 23.9878, 0
PixelHit 1041, 1037, 9.02779, 0
PixelHit 1042, 1033, 4.49949, 0
PixelHit 1042, 1034, 9.43859, 0
PixelHit 1042, 1035, 21.3571, 0
PixelHit 1042, 1036, 14.0365, 0
PixelHit 1042, 1037, 4.90858, 0
PixelHit 1042, 1038, 1.25977, 0
PixelHit 1043, 1032, 1.72505, 0
PixelHit 1043, 1033, 0.356874, 0
PixelHit 1043, 1034, 10.3151, 0
PixelHit 1043, 1035, 12.7718, 0
PixelHit 1043, 1036, 17.0654, 0
PixelHit 1043, 1037, 6.26005, 0
PixelHit 1044, 1033, 3.59923, 0
PixelHit 1044, 1034, 10.1075, 0
PixelHit 1044, 1035, 14.1835, 0
PixelHit 1044, 1036, 9.42421, 0
PixelHit 1044, 1037, 4.34532, 0
PixelHit 1045, 1033, 1.99965, 0
PixelHit 1045, 1034, 4.58701, 0
PixelHit 1045, 1035, 8.25425, 0
PixelHit 1045, 1036, 9.84225, 0
PixelHit 1045, 1037, 6.17129, 0
PixelHit 1046, 1032, 1.37813, 0
PixelHit 1046, 1033, 2.43364, 0
PixelHit 1046, 1034, 4.61415, 0
PixelHit 1046, 1035, 12.0623, 0
PixelHit 1046, 1036, 6.97426, 0
PixelHit 1046, 1037, 5.34515, 0
PixelHit 1047, 1033, 4.2171, 0
PixelHit 1047, 1034, 11.0977, 0
PixelHit 1047, 1035, 12.5988, 0
PixelHit 1047, 1036, 7.84677, 0
PixelHit 1047, 1037, 5.04769, 0
PixelHit 1048, 1033, 4.02453, 0
PixelHit 1048, 1034, 15.5229, 0
PixelHit 1048, 1035, 10.1595, 0
PixelHit 1048, 1036, 6.51059, 0
PixelHit 1048, 1037, 5.7277, 0
PixelHit 1048, 1038, 1.79183, 0
PixelHit 1049, 1034, 12.0957, 0
PixelHit 1049, 1035, 23.2269, 0
PixelHit 1049, 1036, 27.4444, 0
PixelHit 1049, 1037, 6.36059, 0
PixelHit 1050, 1033, 7.19803, 0
PixelHit 1050, 1034, 10.5888, 0
PixelHit 1050, 1035, 29.1542, 0
PixelHit 1050, 1036, 12.326, 0
PixelHit 1050, 1037, 10.2039, 0
PixelHit 1050, 1038, 2.31989, 0
PixelHit 1051, 1033, 5.08734, 0
PixelHit 1051, 1034, 5.01071, 0
PixelHit 1051, 1035, 10.3138, 0
PixelHit 1051, 1036, 22.7817, 0
PixelHit 1051, 1037, 9.27808, 0
PixelHit 1051, 1038, 0.888053, 0
PixelHit 1052, 1032, 1.10881, 0
PixelHit 1052, 1034, 4.63052, 0
PixelHit 1052, 1035, 11.1719, 0
PixelHit 1052, 1036, 8.90288, 0
PixelHit 1052, 1037, 3.80234, 0
PixelHit 1053, 1034, 3.75699, 0
PixelHit 1053, 1035, 5.16083, 0
PixelHit 1053, 1036, 4.40187, 0
PixelHit 1054, 1033, 2.84489, 0
PixelHit 1054, 1034, 4.22129, 0
PixelHit 1054, 1035, 4.92729, 0
PixelHit 1054, 1036, 2.58457, 0
PixelHit 1054, 1037, 3.25471, 0
PixelHit 1055, 1034, 1.817, 0
PixelHit 1055, 1035, 5.08705, 0
PixelHit 1055, 1036, 3.52739, 0
PixelHit 1056, 1034, -0.130615, 0
PixelHit 1056, 1038, 0.94185, 0
=== 39 ===
=== 40 ===
=== 41 ===
=== 42 ===
=== 43 ===
=== 44 ===
=== 45 ===
=== 46 ===
=== 47 ===
=== 48 ===
=== 49 ===
=== 50 ===
=== 51 ===
=== 52 ===
=== 53 ===
=== 54 ===
=== 55 ===
=== 56 ===
=== 57 ===
=== 58 ===
=== 59 ===
=== 60 ===
=== 61 ===
=== 62 ===
--- mydetector ---
PixelHit 1270, 978, 2.23619, 0
PixelHit 1271, 977, 16.7289, 0
PixelHit 1271, 978, 74.7243, 0
PixelHit 1272, 977, 31.3675, 0
PixelHit 1272, 978, 89.7417, 0
PixelHit 1272, 979, 0.868086, 0
PixelHit 1273, 977, 34.8998, 0
PixelHit 1273, 978, 64.2654, 0
PixelHit 1274, 977, 38.2181, 0
PixelHit 1274, 978, 107.819, 0
PixelHit 1275, 977, 59.2099, 0
PixelHit 1275, 978, 125.97, 0
PixelHit 1275, 979, 2.688, 0
PixelHit 1276, 977, 27.1619, 0
PixelHit 1276, 978, 68.8699, 0
PixelHit 1276, 979, 4.80765, 0
PixelHit 1277, 976, 2.7489, 0
PixelHit 1277, 977, 48.6942, 0
PixelHit 1277, 978, 73.2485, 0
PixelHit 1277, 979, 6.64512, 0
PixelHit 1278, 977, 53.1116, 0
PixelHit 1278, 978, 128.055, 0
PixelHit 1278, 979, 10.1389, 0
PixelHit 1279, 977, 22.6335, 0
PixelHit 1279, 978, 35.2848, 0
PixelHit 1280, 978, 0.0967799, 0
PixelHit 1280, 979, 1.98679, 0
=== 63 ===
=== 64 ===
=== 65 ===
=== 66 ===
=== 67 ===
=== 68 ===
=== 69 ===
=== 70 ===
=== 71 ===
=== 72 ===
=== 73 ===
=== 74 ===
=== 75 ===
=== 76 ===
=== 77 ===
=== 78 ===
--- mydetector ---
PixelHit 1139, 951, 1.92501, 0
PixelHit 1140, 951, 52.0168, 0
PixelHit 1140, 952, 13.9701, 0
PixelHit 1141, 950, 0.020686, 0
PixelHit 1141, 951, 27.9384, 0
PixelHit 1141, 952, 13.7452, 0
PixelHit 1142, 951, 38.5582, 0
PixelHit 1142, 952, 18.4985, 0
PixelHit 1143, 951, 42.7664, 0
PixelHit 1143, 952, 31.0534, 0
PixelHit 1144, 950, 9.01235, 0
PixelHit 1144, 951, 95.9916, 0
PixelHit 1144, 952, 68.9982, 0
PixelHit 1144, 953, 0.932535, 0
PixelHit 1145, 950, 5.29776, 0
PixelHit 1145, 951, 139.703, 0
PixelHit 1145, 952, 61.7806, 0
PixelHit 1146, 950, 3.4722, 0
PixelHit 1146, 951, 50.9057, 0
PixelHit 1146, 952, 42.8723, 0
PixelHit 1146, 953, 1.98851, 0
PixelHit 1147, 950, 1.68872, 0
PixelHit 1147, 951, 10.1506, 0
PixelHit 1147, 952, 9.98153, 0
PixelHit 1148, 950, 1.99844, 0
PixelHit 1148, 951, 4.82939, 0
PixelHit 1148, 952, 5.50437, 0
PixelHit 1149, 950, 1.86702, 0
PixelHit 1149, 951, 7.27655, 0
PixelHit 1149, 952, 10.959, 0
PixelHit 1150, 950, 5.54591, 0
PixelHit 1150, 951, 31.4516, 0
PixelHit 1150, 952, 34.9541, 0
PixelHit 1150, 953, 2.14444, 0
PixelHit 1151, 950, 8.51901, 0
PixelHit 1151, 951, 27.7139, 0
PixelHit 1151, 952, 28.4357, 0
PixelHit 1151, 953, 2.94452, 0
PixelHit 1152, 951, 21.1952, 0
PixelHit 1152, 952, 20.1305, 0
PixelHit 1152, 953, 4.49463, 0
PixelHit 1153, 950, 6.61828, 0
PixelHit 1153, 951, 33.2453, 0
PixelHit 1153, 952, 41.576, 0
PixelHit 1153, 953, 5.57294, 0
PixelHit 1154, 950, 4.33713, 0
PixelHit 1154, 951, 33.2725, 0
PixelHit 1154, 952, 46.1474, 0
PixelHit 1154, 953, 5.25169, 0
PixelHit 1155, 949, 1.09394, 0
PixelHit 1155, 950, 3.68258, 0
PixelHit 1155, 951, 42.6873, 0
PixelHit 1155, 952, 29.2378, 0
PixelHit 1155, 953, 5.98435, 0
PixelHit 1156, 949, 1.61743, 0
PixelHit 1156, 950, 7.80694, 0
PixelHit 1156, 951, 59.2145, 0
PixelHit 1156, 952, 51.724, 0
PixelHit 1156, 953, 3.33741, 0
PixelHit 1157, 950, 7.09067, 0
PixelHit 1157, 951, 38.4307, 0
PixelHit 1157, 952, 32.9854, 0
PixelHit 1157, 953, 4.38665, 0
PixelHit 1158, 950, 2.75481, 0
PixelHit 1158, 951, 21.9407, 0
PixelHit 1158, 952, 15.6613, 0
PixelHit 1159, 950, 1.98748, 0
PixelHit 1159, 951, 11.314, 0
PixelHit 1159, 952, 15.738, 0
PixelHit 1160, 950, 2.73037, 0
PixelHit 1160, 951, 12.5356, 0
PixelHit 1160, 952, 13.0858, 0
PixelHit 1160, 953, 3.76325, 0
PixelHit 1161, 950, 6.36169, 0
PixelHit 1161, 951, 21.4428, 0
PixelHit 1161, 952, 26.8264, 0
PixelHit 1161, 953, 2.26847, 0
PixelHit 1162, 949, 4.33927, 0
PixelHit 1162, 950, 4.53223, 0
PixelHit 1162, 951, 26.5454, 0
PixelHit 1162, 952, 34.3692, 0
PixelHit 1162, 953, 5.10723, 0
PixelHit 1163, 950, 4.71953, 0
PixelHit 1163, 951, 15.1141, 0
PixelHit 1163, 952, 12.9339, 0
PixelHit 1163, 953, 4.82255, 0
PixelHit 1163, 954, 3.49613, 0
PixelHit 1164, 949, 1.84468, 0
PixelHit 1164, 950, 7.77303, 0
PixelHit 1164, 951, 20.2165, 0
PixelHit 1164, 952, 26.6617, 0
PixelHit 1164, 953, 5.69288, 0
PixelHit 1164, 954, 1.68789, 0
PixelHit 1165, 950, 4.28946, 0
PixelHit 1165, 951, 28.2602, 0
PixelHit 1165, 952, 26.3039, 0
PixelHit 1165, 953, 8.4999, 0
PixelHit 1165, 954, 1.32043, 0
PixelHit 1166, 950, 8.95124, 0
PixelHit 1166, 951, 22.0254, 0
PixelHit 1166, 952, 19.8475, 0
PixelHit 1166, 953, 6.56161, 0
PixelHit 1167, 950, 12.4201, 0
PixelHit 1167, 951, 12.078, 0
PixelHit 1167, 952, 14.3267, 0
PixelHit 1167, 953, 7.87768, 0
PixelHit 1168, 950, 6.36778, 0
PixelHit 1168, 951, 13.6311, 0
PixelHit 1168, 952, 13.9824, 0
PixelHit 1168, 953, 4.08332, 0
PixelHit 1169, 950, 7.09835, 0
PixelHit 1169, 951, 24.3695, 0
PixelHit 1169, 952, 17.6045, 0
PixelHit 1169, 953, 5.9423, 0
PixelHit 1170, 950, 9.89952, 0
PixelHit 1170, 951, 23.6058, 0
PixelHit 1170, 952, 27.8853, 0
PixelHit 1170, 953, 7.59518, 0
PixelHit 1170, 954, 2.70232, 0
PixelHit 1171, 948, 2.79952, 0
PixelHit 1171, 949, 2.06546, 0
PixelHit 1171, 950, 7.03739, 0
PixelHit 1171, 951, 33.1482, 0
PixelHit 1171, 952, 34.3787, 0
PixelHit 1171, 953, 13.6463, 0
PixelHit 1172, 950, 5.07477, 0
PixelHit 1172, 951, 32.5238, 0
PixelHit 1172, 952, 21.1288, 0
PixelHit 1172, 953, 3.83517, 0
PixelHit 1173, 949, 2.41136, 0
PixelHit 1173, 950, 3.90105, 0
PixelHit 1173, 951, 11.1599, 0
PixelHit 1173, 952, 7.80862, 0
PixelHit 1173, 953, 1.18125, 0
PixelHit 1174, 950, 4.43257, 0
PixelHit 1174, 951, 7.17368, 0
PixelHit 1174, 952, 6.28061, 0
PixelHit 1174, 953, 3.56097, 0
PixelHit 1175, 948, 2.70959, 0
PixelHit 1175, 950, 3.13161, 0
PixelHit 1175, 951, 1.36071, 0
PixelHit 1175, 952, 8.89035, 0
PixelHit 1175, 953, 2.51648, 0
PixelHit 1176, 949, 1.82665, 0
PixelHit 1176, 950, 9.23452, 0
PixelHit 1176, 951, 6.24512, 0
PixelHit 1176, 952, 11.7318, 0
PixelHit 1176, 953, 7.97631, 0
PixelHit 1177, 950, 6.1307, 0
PixelHit 1177, 951, 14.6738, 0
PixelHit 1177, 952, 22.0386, 0
PixelHit 1177, 953, 4.28689, 0
PixelHit 1177, 954, 2.15259, 0
PixelHit 1178, 950, 9.35995, 0
PixelHit 1178, 951, 21.2912, 0
PixelHit 1178, 952, 12.0639, 0
PixelHit 1178, 953, 3.97409, 0
PixelHit 1178, 954, 1.72277, 0
PixelHit 1179, 950, 5.13388, 0
PixelHit 1179, 951, 12.9221, 0
PixelHit 1179, 952, 12.8992, 0
PixelHit 1179, 953, 9.72823, 0
PixelHit 1180, 949, 3.36271, 0
PixelHit 1180, 950, 13.5383, 0
PixelHit 1180, 951, 16.5116, 0
PixelHit 1180, 952, 20.7584, 0
PixelHit 1180, 953, 8.28561, 0
PixelHit 1180, 954, 4.41568, 0
PixelHit 1181, 950, 11.4432, 0
PixelHit 1181, 951, 30.9283, 0
PixelHit 1181, 952, 25.9373, 0
PixelHit 1181, 953, 18.302, 0
PixelHit 1181, 954, 3.118, 0
PixelHit 1182, 949, 4.63929, 0
PixelHit 1182, 950, 14.4841, 0
PixelHit 1182, 951, 39.8534, 0
PixelHit 1182, 952, 46.505, 0
PixelHit 1182, 953, 30.7465, 0
PixelHit 1182, 954, 4.65547, 0
PixelHit 1182, 955, 1.0058, 0
PixelHit 1183, 949, 5.59346, 0
PixelHit 1183, 950, 18.9484, 0
PixelHit 1183, 951, 28.0656, 0
PixelHit 1183, 952, 44.2348, 0
PixelHit 1183, 953, 15.7969, 0
PixelHit 1183, 954, 8.99319, 0
PixelHit 1184, 949, 1.71343, 0
PixelHit 1184, 950, 16.1868, 0
PixelHit 1184, 951, 30.1896, 0
PixelHit 1184, 952, 40.1584, 0
PixelHit 1184, 953, 17.0764, 0
PixelHit 1184, 954, 4.4815, 0
PixelHit 1185, 948, 2.01555, 0
PixelHit 1185, 949, 5.86432, 0
PixelHit 1185, 950, 15.8596, 0
PixelHit 1185, 951, 27.6121, 0
PixelHit 1185, 952, 28.2976, 0
PixelHit 1185, 953, 13.289, 0
PixelHit 1185, 954, 5.13104, 0
PixelHit 1186, 949, 2.64047, 0
PixelHit 1186, 950, 8.47592, 0
PixelHit 1186, 951, 18.5431, 0
PixelHit 1186, 952, 33.7426, 0
PixelHit 1186, 953, 12.4257, 0
PixelHit 1186, 954, 3.80058, 0
PixelHit 1187, 950, 3.70658, 0
PixelHit 1187, 951, 8.51808, 0
PixelHit 1187, 952, 17.7149, 0
PixelHit 1187, 953, 10.3314, 0
PixelHit 1188, 949, 1.65311, 0
PixelHit 1188, 950, 8.14643, 0
PixelHit 1188, 951, 9.90321, 0
PixelHit 1188, 952, 7.44243, 0
PixelHit 1188, 953, 3.89046, 0
PixelHit 1189, 951, 8.06367, 0
PixelHit 1189, 952, 3.7679, 0
PixelHit 1190, 950, 1.91359, 0
PixelHit 1190, 952, 1.43147, 0
PixelHit 1319, 1002, 2.6037, 0
PixelHit 1320, 1002, 68.8082, 0
PixelHit 1320, 1003, 14.3243, 0
PixelHit 1321, 1002, 60.9392, 0
PixelHit 1321, 1003, 20.7023, 0
PixelHit 1322, 1002, 48.1216, 0
PixelHit 1322, 1003, 14.8428, 0
PixelHit 1323, 1001, 2.38442, 0
PixelHit 1323, 1002, 88.4625, 0
PixelHit 1323, 1003, 37.5689, 0
PixelHit 1323, 1004, 3.03205, 0
PixelHit 1324, 1001, 3.72649, 0
PixelHit 1324, 1002, 142.768, 0
PixelHit 1324, 1003, 54.4787, 0
PixelHit 1325, 1001, 0.805943, 0
PixelHit 1325, 1002, 44.7004, 0
PixelHit 1325, 1003, 14.1001, 0
PixelHit 1326, 1001, 3.36342, 0
PixelHit 1326, 1002, 64.0248, 0
PixelHit 1326, 1003, 16.7765, 0
PixelHit 1327, 1001, 4.88461, 0
PixelHit 1327, 1002, 44.9006, 0
PixelHit 1327, 1003, 24.2278, 0
PixelHit 1328, 1002, 20.3201, 0
PixelHit 1328, 1003, 10.3783, 0
PixelHit 1328, 1004, 1.34074, 0
PixelHit 1329, 1001, 2.5159, 0
PixelHit 1329, 1002, 45.7991, 0
PixelHit 1329, 1003, 27.223, 0
PixelHit 1329, 1004, 3.53788, 0
PixelHit 1330, 1001, 5.49595, 0
PixelHit 1330, 1002, 58.9411, 0
PixelHit 1330, 1003, 31.6352, 0
PixelHit 1330, 1004, 3.15635, 0
PixelHit 1331, 1001, 3.63613, 0
PixelHit 1331, 1002, 18.9206, 0
PixelHit 1331, 1003, 14.2687, 0
PixelHit 1332, 1001, 4.85496, 0
PixelHit 1332, 1002, 21.5036, 0
PixelHit 1332, 1003, 7.78247, 0
PixelHit 1332, 1004, 2.55973, 0
PixelHit 1333, 1001, 21.7959, 0
PixelHit 1333, 1002, 57.4182, 0
PixelHit 1333, 1003, 30.4514, 0
PixelHit 1333, 1004, 5.51696, 0
PixelHit 1334, 1001, 11.1181, 0
PixelHit 1334, 1002, 50.2887, 0
PixelHit 1334, 1003, 32.5528, 0
PixelHit 1334, 1004, 3.20582, 0
PixelHit 1335, 1001, 33.5246, 0
PixelHit 1335, 1002, 111.482, 0
PixelHit 1335, 1003, 69.4831, 0
PixelHit 1335, 1004, 11.9264, 0
PixelHit 1336, 1000, 4.34523, 0
PixelHit 1336, 1001, 36.6825, 0
PixelHit 1336, 1002, 136.361, 0
PixelHit 1336, 1003, 93.1242, 0
PixelHit 1336, 1004, 11.0283, 0
PixelHit 1337, 1000, 1.35629, 0
PixelHit 1337, 1001, 17.6209, 0
PixelHit 1337, 1002, 43.9909, 0
PixelHit 1337, 1003, 29.84, 0
PixelHit 1337, 1004, 5.89024, 0
PixelHit 1338, 1000, 0.991107, 0
PixelHit 1338, 1001, 7.00278, 0
PixelHit 1338, 1002, 14.374, 0
PixelHit 1338, 1003, 9.89271, 0
PixelHit 1338, 1004, 1.50853, 0
PixelHit 1339, 1000, 1.20351, 0
PixelHit 1339, 1001, 19.1362, 0
PixelHit 1339, 1002, 36.1256, 0
PixelHit 1339, 1003, 17.4585, 0
PixelHit 1339, 1004, 3.92717, 0
PixelHit 1340, 1000, 2.7007, 0
PixelHit 1340, 1001, 13.9491, 0
PixelHit 1340, 1002, 38.5733, 0
PixelHit 1340, 1003, 31.2013, 0
PixelHit 1340, 1004, 9.7325, 0
PixelHit 1341, 1001, 20.4968, 0
PixelHit 1341, 1002, 27.9702, 0
PixelHit 1341, 1003, 18.4854, 0
PixelHit 1341, 1004, 5.07989, 0
PixelHit 1342, 1000, 1.38794, 0
PixelHit 1342, 1001, 7.77047, 0
PixelHit 1342, 1002, 32.77, 0
PixelHit 1342, 1003, 16.8057, 0
PixelHit 1342, 1005, 1.21226, 0
PixelHit 1343, 1001, 8.27405, 0
PixelHit 1343, 1002, 29.2878, 0
PixelHit 1343, 1003, 12.2072, 0
PixelHit 1343, 1004, 3.91428, 0
PixelHit 1344, 1000, 2.76605, 0
PixelHit 1344, 1001, 12.9592, 0
PixelHit 1344, 1002, 22.4461, 0
PixelHit 1344, 1003, 16.6227, 0
PixelHit 1344, 1004, 5.97533, 0
PixelHit 1345, 1000, 1.15672, 0
PixelHit 1345, 1001, 11.0232, 0
PixelHit 1345, 1002, 29.1947, 0
PixelHit 1345, 1003, 20.247, 0
PixelHit 1345, 1004, 2.28282, 0
PixelHit 1346, 1001, 7.57885, 0
PixelHit 1346, 1002, 26.6542, 0
PixelHit 1346, 1003, 21.0574, 0
PixelHit 1346, 1004, 1.86013, 0
PixelHit 1347, 1001, 10.997, 0
PixelHit 1347, 1002, 20.7598, 0
PixelHit 1347, 1003, 7.75216, 0
PixelHit 1347, 1004, 3.12839, 0
PixelHit 1348, 1000, 2.22018, 0
PixelHit 1348, 1001, 10.3992, 0
PixelHit 1348, 1002, 18.6754, 0
PixelHit 1348, 1003, 13.4115, 0
PixelHit 1348, 1004, 3.60148, 0
PixelHit 1349, 1000, 5.22905, 0
PixelHit 1349, 1001, 17.6716, 0
PixelHit 1349, 1002, 38.7945, 0
PixelHit 1349, 1003, 31.803, 0
PixelHit 1349, 1004, 7.09546, 0
PixelHit 1350, 1000, 6.63974, 0
PixelHit 1350, 1001, 36.6656, 0
PixelHit 1350, 1002, 57.4345, 0
PixelHit 1350, 1003, 48.0113, 0
PixelHit 1350, 1004, 9.23715, 0
PixelHit 1350, 1005, 2.64106, 0
PixelHit 1351, 1000, 3.92594, 0
PixelHit 1351, 1001, 35.9694, 0
PixelHit 1351, 1002, 54.4184, 0
PixelHit 1351, 1003, 38.0326, 0
PixelHit 1351, 1004, 5.59844, 0
PixelHit 1352, 1000, 8.02132, 0
PixelHit 1352, 1001, 11.3217, 0
PixelHit 1352, 1002, 29.7416, 0
PixelHit 1352, 1003, 21.6461, 0
PixelHit 1352, 1004, 6.60203, 0
PixelHit 1352, 1005, 1.56067, 0
PixelHit 1353, 1000, 8.85061, 0
PixelHit 1353, 1001, 14.3253, 0
PixelHit 1353, 1002, 29.8917, 0
PixelHit 1353, 1003, 24.2678, 0
PixelHit 1353, 1004, 4.62614, 0
PixelHit 1354, 1000, 7.76837, 0
PixelHit 1354, 1001, 27.5076, 0
PixelHit 1354, 1002, 45.4304, 0
PixelHit 1354, 1003, 30.9094, 0
PixelHit 1354, 1004, 11.6346, 0
PixelHit 1354, 1005, 1.22885, 0
PixelHit 1355, 1000, 7.56532, 0
PixelHit 1355, 1001, 20.8496, 0
PixelHit 1355, 1002, 43.1444, 0
PixelHit 1355, 1003, 41.3806, 0
PixelHit 1355, 1004, 11.0638, 0
PixelHit 1356, 1000, 3.00628, 0
PixelHit 1356, 1001, 25.2023, 0
PixelHit 1356, 1002, 45.8668, 0
PixelHit 1356, 1003, 24.4347, 0
PixelHit 1356, 1004, 4.26362, 0
PixelHit 1357, 1000, 9.8818, 0
PixelHit 1357, 1001, 20.7514, 0
PixelHit 1357, 1002, 25.2626, 0
PixelHit 1357, 1003, 23.7982, 0
PixelHit 1357, 1004, 6.77881, 0
PixelHit 1357, 1005, 7.53579, 0
PixelHit 1358, 1000, 2.06138, 0
PixelHit 1358, 1001, 8.60688, 0
PixelHit 1358, 1002, 21.5606, 0
PixelHit 1358, 1003, 16.6753, 0
PixelHit 1358, 1004, 7.07385, 0
PixelHit 1358, 1005, 3.78588, 0
PixelHit 1359, 1000, 2.24311, 0
PixelHit 1359, 1001, 6.53732, 0
PixelHit 1359, 1002, 18.852, 0
PixelHit 1359, 1003, 13.358, 0
PixelHit 1359, 1004, 4.67861, 0
PixelHit 1360, 999, 1.094, 0
PixelHit 1360, 1000, 9.63142, 0
PixelHit 1360, 1001, 26.5091, 0
PixelHit 1360, 1002, 20.2081, 0
PixelHit 1360, 1003, 15.8091, 0
PixelHit 1360, 1004, 9.93129, 0
PixelHit 1361, 999, 2.65271, 0
PixelHit 1361, 1000, 7.73678, 0
PixelHit 1361, 1001, 17.4438, 0
PixelHit 1361, 1002, 44.2014, 0
PixelHit 1361, 1003, 28.6772, 0
PixelHit 1361, 1004, 8.12416, 0
PixelHit 1362, 1000, 13.7479, 0
PixelHit 1362, 1001, 31.5816, 0
PixelHit 1362, 1002, 41.8714, 0
PixelHit 1362, 1003, 21.4711, 0
PixelHit 1362, 1004, 12.1278, 0
PixelHit 1362, 1005, 1.67006, 0
PixelHit 1363, 999, 4.1986, 0
PixelHit 1363, 1000, 12.7068, 0
PixelHit 1363, 1001, 25.3948, 0
PixelHit 1363, 1002, 46.5343, 0
PixelHit 1363, 1003, 39.5802, 0
PixelHit 1363, 1004, 10.257, 0
PixelHit 1364, 999, 2.29653, 0
PixelHit 1364, 1000, 9.67015, 0
PixelHit 1364, 1001, 26.6477, 0
PixelHit 1364, 1002, 56.4794, 0
PixelHit 1364, 1003, 31.4636, 0
PixelHit 1364, 1004, 12.948, 0
PixelHit 1365, 1000, 13.2116, 0
PixelHit 1365, 1001, 33.3339, 0
PixelHit 1365, 1002, 49.2089, 0
PixelHit 1365, 1003, 30.3293, 0
PixelHit 1365, 1004, 9.1043, 0
PixelHit 1365, 1005, 3.42964, 0
PixelHit 1366, 999, 2.61777, 0
PixelHit 1366, 1000, 6.85196, 0
PixelHit 1366, 1001, 13.5118, 0
PixelHit 1366, 1002, 25.6407, 0
PixelHit 1366, 1003, 22.6933, 0
PixelHit 1366, 1004, 8.86225, 0
PixelHit 1366, 1005, 2.08465, 0
PixelHit 1367, 1000, 6.57268, 0
PixelHit 1367, 1001, 9.59645, 0
PixelHit 1367, 1002, 10.8156, 0
PixelHit 1367, 1003, 15.8363, 0
PixelHit 1367, 1004, 2.5267, 0
PixelHit 1368, 999, 0.317056, 0
PixelHit 1368, 1000, 3.29167, 0
PixelHit 1368, 1001, 5.04668, 0
PixelHit 1368, 1002, 1.83082, 0
PixelHit 1368, 1003, 4.94902, 0
PixelHit 1368, 1004, 0.83371, 0
=== 79 ===
=== 80 ===
=== 81 ===
=== 82 ===
=== 83 ===
=== 84 ===
=== 85 ===
=== 86 ===
--- mydetector ---
PixelHit 855, 1078, 1.45123, 0
PixelHit 856, 1078, 7.20996, 0
PixelHit 856, 1079, 3.98809, 0
PixelHit 857, 1078, 39.058, 0
PixelHit 857, 1079, 6.40303, 0
PixelHit 858, 1077, 1.06768, 0
PixelHit 858, 1078, 85.3992, 0
PixelHit 858, 1079, 9.15769, 0
PixelHit 859, 1078, 43.8464, 0
PixelHit 859, 1079, 8.13822, 0
PixelHit 860, 1077, 2.39432, 0
PixelHit 860, 1078, 8.10539, 0
PixelHit 860, 1079, 5.57124, 0
PixelHit 861, 1078, 1.08256, 0
PixelHit 861, 1079, 1.88127, 0
PixelHit 862, 1077, 3.3238, 0
PixelHit 862, 1078, 8.68123, 0
PixelHit 862, 1079, 4.59253, 0
PixelHit 863, 1077, 5.07207, 0
PixelHit 863, 1078, 16.3835, 0
PixelHit 863, 1079, 8.79077, 0
PixelHit 864, 1077, 13.2987, 0
PixelHit 864, 1078, 45.003, 0
PixelHit 864, 1079, 10.3501, 0
PixelHit 865, 1076, 2.58483, 0
PixelHit 865, 1077, 4.65195, 0
PixelHit 865, 1078, 12.1287, 0
PixelHit 865, 1079, 3.44312, 0
PixelHit 866, 1077, 7.85137, 0
PixelHit 866, 1078, 24.1907, 0
PixelHit 866, 1079, 7.52481, 0
PixelHit 867, 1076, 2.69102, 0
PixelHit 867, 1077, 17.9779, 0
PixelHit 867, 1078, 57.0263, 0
PixelHit 867, 1079, 22.3469, 0
PixelHit 868, 1077, 14.7203, 0
PixelHit 868, 1078, 54.0062, 0
PixelHit 868, 1079, 9.19371, 0
PixelHit 869, 1077, 16.0977, 0
PixelHit 869, 1078, 33.4703, 0
PixelHit 869, 1079, 5.93557, 0
PixelHit 870, 1077, 9.2491, 0
PixelHit 870, 1078, 33.4897, 0
PixelHit 870, 1079, 8.30588, 0
PixelHit 870, 1080, 0.0849052, 0
PixelHit 871, 1076, 1.71926, 0
PixelHit 871, 1077, 13.347, 0
PixelHit 871, 1078, 40.0527, 0
PixelHit 871, 1079, 7.95988, 0
PixelHit 872, 1077, 11.6459, 0
PixelHit 872, 1078, 29.976, 0
PixelHit 872, 1079, 10.5966, 0
PixelHit 873, 1077, 21.9533, 0
PixelHit 873, 1078, 33.8506, 0
PixelHit 873, 1079, 9.47316, 0
PixelHit 873, 1080, 1.61153, 0
PixelHit 874, 1077, 16.6202, 0
PixelHit 874, 1078, 41.9679, 0
PixelHit 874, 1079, 18.6071, 0
PixelHit 874, 1080, 2.77824, 0
PixelHit 875, 1077, 11.065, 0
PixelHit 875, 1078, 10.226, 0
PixelHit 875, 1079, 3.28834, 0
PixelHit 876, 1077, 4.25373, 0
PixelHit 876, 1078, 12.386, 0
PixelHit 877, 1076, 1.89544, 0
PixelHit 877, 1077, 14.6837, 0
PixelHit 877, 1078, 24.851, 0
PixelHit 877, 1079, 6.37483, 0
PixelHit 878, 1076, 5.07125, 0
PixelHit 878, 1077, 27.2219, 0
PixelHit 878, 1078, 49.372, 0
PixelHit 878, 1079, 14.4921, 0
PixelHit 878, 1080, 2.25688, 0
PixelHit 879, 1075, 1.88838, 0
PixelHit 879, 1076, 6.22547, 0
PixelHit 879, 1077, 42.671, 0
PixelHit 879, 1078, 48.4592, 0
PixelHit 879, 1079, 12.1962, 0
PixelHit 879, 1080, 4.54106, 0
PixelHit 880, 1076, 14.2077, 0
PixelHit 880, 1077, 54.9151, 0
PixelHit 880, 1078, 91.2952, 0
PixelHit 880, 1079, 26.1897, 0
PixelHit 880, 1080, 3.72591, 0
PixelHit 881, 1075, 6.70254, 0
PixelHit 881, 1076, 45.1712, 0
PixelHit 881, 1077, 170.206, 0
PixelHit 881, 1078, 190.858, 0
PixelHit 881, 1079, 92.6189, 0
PixelHit 881, 1080, 10.3455, 0
PixelHit 882, 1075, 2.63762, 0
PixelHit 882, 1076, 57.0259, 0
PixelHit 882, 1077, 196.65, 0
PixelHit 882, 1078, 244.075, 0
PixelHit 882, 1079, 86.8023, 0
PixelHit 882, 1080, 14.9573, 0
PixelHit 883, 1075, 4.21839, 0
PixelHit 883, 1076, 16.8189, 0
PixelHit 883, 1077, 92.7855, 0
PixelHit 883, 1078, 105.179, 0
PixelHit 883, 1079, 36.1564, 0
PixelHit 883, 1080, 6.70501, 0
PixelHit 884, 1075, 1.61072, 0
PixelHit 884, 1076, 6.31747, 0
PixelHit 884, 1077, 35.9148, 0
PixelHit 884, 1078, 28.6932, 0
PixelHit 884, 1079, 12.0996, 0
PixelHit 885, 1075, 1.76378, 0
PixelHit 885, 1076, 5.51066, 0
PixelHit 885, 1077, 29.0251, 0
PixelHit 885, 1078, 16.6237, 0
PixelHit 885, 1079, 14.0447, 0
PixelHit 885, 1080, 1.72817, 0
PixelHit 886, 1076, 9.86245, 0
PixelHit 886, 1077, 24.3569, 0
PixelHit 886, 1078, 27.8399, 0
PixelHit 886, 1079, 6.46764, 0
PixelHit 887, 1076, 8.99626, 0
PixelHit 887, 1077, 13.42, 0
PixelHit 887, 1078, 26.7294, 0
PixelHit 887, 1079, 11.9316, 0
PixelHit 887, 1080, 3.95262, 0
PixelHit 888, 1076, 2.01033, 0
PixelHit 888, 1077, 6.95394, 0
PixelHit 888, 1078, 10.6654, 0
PixelHit 888, 1079, 6.05416, 0
PixelHit 889, 1076, 3.65794, 0
PixelHit 889, 1077, 4.78736, 0
PixelHit 889, 1078, 6.62487, 0
PixelHit 889, 1080, 0.228227, 0
PixelHit 890, 1076, 7.14588, 0
PixelHit 890, 1077, 8.19384, 0
PixelHit 890, 1078, 4.64958, 0
PixelHit 890, 1079, 2.46811, 0
PixelHit 891, 1075, 1.35752, 0
PixelHit 891, 1076, 8.37036, 0
PixelHit 891, 1077, 13.3398, 0
PixelHit 891, 1078, 10.9986, 0
PixelHit 891, 1079, 7.24743, 0
PixelHit 891, 1080, 3.12013, 0
PixelHit 892, 1076, 4.24218, 0
PixelHit 892, 1077, 8.33079, 0
PixelHit 892, 1078, 21.8596, 0
PixelHit 892, 1079, 3.77946, 0
PixelHit 892, 1080, 2.5873, 0
PixelHit 893, 1076, 7.54482, 0
PixelHit 893, 1077, 13.2037, 0
PixelHit 893, 1078, 12.5235, 0
PixelHit 893, 1079, 12.6037, 0
PixelHit 894, 1076, 10.1218, 0
PixelHit 894, 1077, 24.8088, 0
PixelHit 894, 1078, 20.0266, 0
PixelHit 894, 1079, 10.1, 0
PixelHit 894, 1080, 1.46579, 0
PixelHit 895, 1075, 3.5203, 0
PixelHit 895, 1076, 6.00635, 0
PixelHit 895, 1077, 18.0719, 0
PixelHit 895, 1078, 16.1726, 0
PixelHit 895, 1079, 5.93845, 0
PixelHit 895, 1080, 1.91189, 0
PixelHit 896, 1075, 4.5332, 0
PixelHit 896, 1076, 13.7186, 0
PixelHit 896, 1077, 25.3261, 0
PixelHit 896, 1078, 26.2605, 0
PixelHit 896, 1079, 10.7981, 0
PixelHit 896, 1080, 2.97102, 0
PixelHit 897, 1074, 1.85416, 0
PixelHit 897, 1075, 7.17721, 0
PixelHit 897, 1076, 26.2129, 0
PixelHit 897, 1077, 51.7668, 0
PixelHit 897, 1078, 42.3175, 0
PixelHit 897, 1079, 21.9481, 0
PixelHit 897, 1080, 6.74486, 0
PixelHit 897, 1081, 1.98722, 0
PixelHit 898, 1075, 7.08409, 0
PixelHit 898, 1076, 28.7668, 0
PixelHit 898, 1077, 48.9916, 0
PixelHit 898, 1078, 38.6593, 0
PixelHit 898, 1079, 19.0356, 0
PixelHit 898, 1080, 5.82171, 0
PixelHit 898, 1081, 1.64519, 0
PixelHit 899, 1076, 13.9381, 0
PixelHit 899, 1077, 25.4154, 0
PixelHit 899, 1078, 16.1261, 0
PixelHit 899, 1079, 8.14112, 0
PixelHit 900, 1075, 6.94489, 0
PixelHit 900, 1076, 7.22761, 0
PixelHit 900, 1077, 17.295, 0
PixelHit 900, 1078, 30.1629, 0
PixelHit 900, 1080, 0.627949, 0
PixelHit 901, 1076, 11.162, 0
PixelHit 901, 1077, 17.1977, 0
PixelHit 901, 1078, 15.1381, 0
PixelHit 901, 1079, 4.62044, 0
PixelHit 902, 1074, 1.46733, 0
PixelHit 902, 1075, 2.6134, 0
PixelHit 902, 1076, 13.4025, 0
PixelHit 902, 1077, 18.9098, 0
PixelHit 902, 1078, 24.0036, 0
PixelHit 902, 1079, 2.96601, 0
PixelHit 902, 1080, 2.44694, 0
PixelHit 902, 1081, 0.84392, 0
PixelHit 903, 1075, 5.48971, 0
PixelHit 903, 1076, 15.1147, 0
PixelHit 903, 1077, 34.648, 0
PixelHit 903, 1078, 30.5815, 0
PixelHit 903, 1079, 9.05555, 0
PixelHit 903, 1080, 1.48672, 0
PixelHit 904, 1074, 3.1859, 0
PixelHit 904, 1075, 5.35498, 0
PixelHit 904, 1076, 17.9718, 0
PixelHit 904, 1077, 30.0647, 0
PixelHit 904, 1078, 28.243, 0
PixelHit 904, 1079, 6.73592, 0
PixelHit 904, 1080, 0.927037, 0
PixelHit 905, 1075, 2.38496, 0
PixelHit 905, 1076, 17.3832, 0
PixelHit 905, 1077, 18.204, 0
PixelHit 905, 1078, 18.1816, 0
PixelHit 905, 1079, 7.15859, 0
PixelHit 906, 1075, 2.41916, 0
PixelHit 906, 1076, 4.65229, 0
PixelHit 906, 1077, 7.49218, 0
PixelHit 906, 1078, 13.3471, 0
PixelHit 906, 1079, 4.25028, 0
PixelHit 907, 1075, 2.47126, 0
PixelHit 907, 1076, 3.19639, 0
PixelHit 907, 1077, 8.93414, 0
PixelHit 907, 1078, 7.11697, 0
PixelHit 907, 1080, 0.389246, 0
PixelHit 908, 1077, 1.34731, 0
PixelHit 908, 1078, 2.48866, 0
PixelHit 1336, 931, 3.72111, 0
PixelHit 1336, 932, 21.0438, 0
PixelHit 1337, 931, 2.73171, 0
PixelHit 1337, 932, 6.28908, 0
PixelHit 1338, 931, 2.81115, 0
PixelHit 1338, 932, 9.17461, 0
PixelHit 1339, 931, 9.0796, 0
PixelHit 1339, 932, 15.4826, 0
PixelHit 1340, 931, 24.688, 0
PixelHit 1340, 932, 61.7032, 0
PixelHit 1340, 933, 1.08098, 0
PixelHit 1341, 931, 14.2506, 0
PixelHit 1341, 932, 16.6087, 0
PixelHit 1342, 931, 0.801724, 0
PixelHit 1342, 932, 1.22162, 0
PixelHit 1343, 931, 8.45696, 0
PixelHit 1343, 932, 6.57889, 0
PixelHit 1344, 931, 5.89573, 0
PixelHit 1344, 932, 6.31116, 0
PixelHit 1345, 931, 11.6517, 0
PixelHit 1345, 932, 12.7764, 0
PixelHit 1345, 933, 2.38354, 0
PixelHit 1346, 930, 3.22368, 0
PixelHit 1346, 931, 30.4393, 0
PixelHit 1346, 932, 38.209, 0
PixelHit 1346, 933, 3.80339, 0
PixelHit 1347, 931, 35.0097, 0
PixelHit 1347, 932, 29.8095, 0
PixelHit 1347, 933, 3.75038, 0
PixelHit 1348, 931, 8.13231, 0
PixelHit 1348, 932, 13.6451, 0
PixelHit 1348, 933, 3.11315, 0
PixelHit 1349, 930, 4.99292, 0
PixelHit 1349, 931, 32.514, 0
PixelHit 1349, 932, 29.3007, 0
PixelHit 1349, 933, 5.68927, 0
PixelHit 1350, 930, 11.0258, 0
PixelHit 1350, 931, 41.9928, 0
PixelHit 1350, 932, 67.4548, 0
PixelHit 1350, 933, 5.99488, 0
PixelHit 1351, 930, 3.73046, 0
PixelHit 1351, 931, 30.3673, 0
PixelHit 1351, 932, 47.8056, 0
PixelHit 1351, 933, 9.02837, 0
PixelHit 1352, 930, 3.84806, 0
PixelHit 1352, 931, 25.6643, 0
PixelHit 1352, 932, 38.954, 0
PixelHit 1352, 933, 7.32199, 0
PixelHit 1353, 930, 5.5786, 0
PixelHit 1353, 931, 20.0489, 0
PixelHit 1353, 932, 35.437, 0
PixelHit 1353, 933, 5.55112, 0
PixelHit 1354, 931, 11.2662, 0
PixelHit 1354, 932, 16.6842, 0
PixelHit 1354, 933, 1.58382, 0
PixelHit 1355, 929, 2.72341, 0
PixelHit 1355, 931, 14.4799, 0
PixelHit 1355, 932, 10.2059, 0
PixelHit 1355, 933, 2.91537, 0
PixelHit 1356, 930, 2.30083, 0
PixelHit 1356, 931, 7.77328, 0
PixelHit 1356, 932, 26.6233, 0
PixelHit 1356, 933, 6.74352, 0
PixelHit 1357, 930, 9.82455, 0
PixelHit 1357, 931, 28.0214, 0
PixelHit 1357, 932, 32.9331, 0
PixelHit 1357, 933, 18.0387, 0
PixelHit 1358, 930, 7.57035, 0
PixelHit 1358, 931, 48.8885, 0
PixelHit 1358, 932, 52.4815, 0
PixelHit 1358, 933, 21.4874, 0
PixelHit 1359, 930, 10.1838, 0
PixelHit 1359, 931, 42.4937, 0
PixelHit 1359, 932, 48.4824, 0
PixelHit 1359, 933, 14.233, 0
PixelHit 1359, 934, 1.63086, 0
PixelHit 1360, 930, 7.26503, 0
PixelHit 1360, 931, 57.8159, 0
PixelHit 1360, 932, 44.4735, 0
PixelHit 1360, 933, 24.8063, 0
PixelHit 1360, 934, 1.75231, 0
PixelHit 1361, 930, 10.4352, 0
PixelHit 1361, 931, 40.6887, 0
PixelHit 1361, 932, 33.684, 0
PixelHit 1361, 933, 20.273, 0
PixelHit 1361, 934, 2.13606, 0
PixelHit 1362, 930, 5.56395, 0
PixelHit 1362, 931, 21.7822, 0
PixelHit 1362, 932, 21.9703, 0
PixelHit 1362, 933, 7.33697, 0
PixelHit 1362, 934, 1.8113, 0
PixelHit 1363, 930, 3.98672, 0
PixelHit 1363, 931, 21.0864, 0
PixelHit 1363, 932, 18.3954, 0
PixelHit 1363, 933, 10.0975, 0
PixelHit 1363, 934, 1.81257, 0
PixelHit 1364, 929, 2.5245, 0
PixelHit 1364, 930, 2.57388, 0
PixelHit 1364, 931, 18.2535, 0
PixelHit 1364, 932, 24.3157, 0
PixelHit 1364, 933, 10.3601, 0
PixelHit 1365, 930, 10.5272, 0
PixelHit 1365, 931, 23.3814, 0
PixelHit 1365, 932, 22.8924, 0
PixelHit 1365, 933, 6.73426, 0
PixelHit 1365, 934, 2.68978, 0
PixelHit 1366, 930, 11.2546, 0
PixelHit 1366, 931, 20.1229, 0
PixelHit 1366, 932, 31.9745, 0
PixelHit 1366, 933, 14.9384, 0
PixelHit 1366, 934, 2.84927, 0
PixelHit 1367, 930, 3.24575, 0
PixelHit 1367, 931, 33.0417, 0
PixelHit 1367, 932, 28.952, 0
PixelHit 1367, 933, 13.6389, 0
PixelHit 1367, 934, 2.98572, 0
PixelHit 1368, 930, 6.84007, 0
PixelHit 1368, 931, 19.3795, 0
PixelHit 1368, 932, 35.7022, 0
PixelHit 1368, 933, 15.4562, 0
PixelHit 1368, 934, 5.24522, 0
PixelHit 1369, 930, 14.0143, 0
PixelHit 1369, 931, 26.2963, 0
PixelHit 1369, 932, 28.3278, 0
PixelHit 1369, 933, 16.0656, 0
PixelHit 1369, 934, 2.70329, 0
PixelHit 1370, 929, 1.24786, 0
PixelHit 1370, 930, 17.0991, 0
PixelHit 1370, 931, 35.5875, 0
PixelHit 1370, 932, 37.4535, 0
PixelHit 1370, 933, 19.1269, 0
PixelHit 1370, 934, 8.48493, 0
PixelHit 1370, 935, 2.97058, 0
PixelHit 1371, 930, 9.20193, 0
PixelHit 1371, 931, 26.6947, 0
PixelHit 1371, 932, 25.2204, 0
PixelHit 1371, 933, 19.5365, 0
PixelHit 1371, 934, 3.68761, 0
PixelHit 1372, 930, 10.145, 0
PixelHit 1372, 931, 22.6367, 0
PixelHit 1372, 932, 35.5689, 0
PixelHit 1372, 933, 13.8318, 0
PixelHit 1373, 930, 11.7331, 0
PixelHit 1373, 931, 20.8287, 0
PixelHit 1373, 932, 33.7201, 0
PixelHit 1373, 933, 17.2139, 0
PixelHit 1373, 934, 4.59507, 0
PixelHit 1374, 929, 3.0989, 0
PixelHit 1374, 930, 9.58982, 0
PixelHit 1374, 931, 20.255, 0
PixelHit 1374, 932, 44.1086, 0
PixelHit 1374, 933, 8.03581, 0
PixelHit 1374, 934, 4.27156, 0
PixelHit 1375, 930, 10.0809, 0
PixelHit 1375, 931, 34.4658, 0
PixelHit 1375, 932, 29.2151, 0
PixelHit 1375, 933, 19.3284, 0
PixelHit 1375, 934, 3.51211, 0
PixelHit 1376, 929, 5.18634, 0
PixelHit 1376, 930, 7.0428, 0
PixelHit 1376, 931, 27.4742, 0
PixelHit 1376, 932, 26.1107, 0
PixelHit 1376, 933, 8.59826, 0
PixelHit 1376, 934, 2.0948, 0
PixelHit 1377, 929, 10.3106, 0
PixelHit 1377, 930, 33.3336, 0
PixelHit 1377, 931, 61.4342, 0
PixelHit 1377, 932, 52.7369, 0
PixelHit 1377, 933, 19.4198, 0
PixelHit 1377, 934, 5.11974, 0
PixelHit 1378, 927, 1.28666, 0
PixelHit 1378, 928, 9.68868, 0
PixelHit 1378, 929, 38.9629, 0
PixelHit 1378, 930, 111.728, 0
PixelHit 1378, 931, 128.011, 0
PixelHit 1378, 932, 89.5514, 0
PixelHit 1378, 933, 28.0314, 0
PixelHit 1378, 934, 3.30762, 0
PixelHit 1379, 927, 1.43658, 0
PixelHit 1379, 928, 17.6428, 0
PixelHit 1379, 929, 98.2865, 0
PixelHit 1379, 930, 252.603, 0
PixelHit 1379, 931, 305.293, 0
PixelHit 1379, 932, 203.175, 0
PixelHit 1379, 933, 71.3152, 0
PixelHit 1379, 934, 8.93793, 0
PixelHit 1379, 935, 1.412, 0
PixelHit 1380, 927, 2.87799, 0
PixelHit 1380, 928, 30.6013, 0
PixelHit 1380, 929, 129.506, 0
PixelHit 1380, 930, 271.488, 0
PixelHit 1380, 931, 340.173, 0
PixelHit 1380, 932, 213.69, 0
PixelHit 1380, 933, 74.7036, 0
PixelHit 1380, 934, 21.0432, 0
PixelHit 1380, 935, 1.61313, 0
PixelHit 1381, 927, 2.48724, 0
PixelHit 1381, 928, 22.613, 0
PixelHit 1381, 929, 84.0304, 0
PixelHit 1381, 930, 171.765, 0
PixelHit 1381, 931, 195.911, 0
PixelHit 1381, 932, 124.896, 0
PixelHit 1381, 933, 32.5227, 0
PixelHit 1381, 934, 10.5441, 0
PixelHit 1382, 928, 4.32699, 0
PixelHit 1382, 929, 29.5089, 0
PixelHit 1382, 930, 41.8705, 0
PixelHit 1382, 931, 63.2294, 0
PixelHit 1382, 932, 57.3959, 0
PixelHit 1382, 933, 26.5499, 0
PixelHit 1382, 934, 12.4228, 0
PixelHit 1382, 935, 3.58187, 0
PixelHit 1383, 929, 4.14106, 0
PixelHit 1383, 930, 17.3921, 0
PixelHit 1383, 931, 13.1674, 0
PixelHit 1383, 932, 29.184, 0
PixelHit 1383, 933, 8.81942, 0
PixelHit 1383, 934, 2.50861, 0
PixelHit 1384, 930, 9.55261, 0
PixelHit 1384, 931, 9.28697, 0
PixelHit 1384, 932, 12.3036, 0
PixelHit 1384, 933, 4.24615, 0
PixelHit 1384, 934, 1.89073, 0
PixelHit 1384, 935, 1.75933, 0
PixelHit 1385, 931, 4.04425, 0
PixelHit 1386, 930, 0.896334, 0
PixelHit 1386, 933, 0.974955, 0
=== 87 ===
=== 88 ===
=== 89 ===
=== 90 ===
=== 91 ===
=== 92 ===
=== 93 ===
=== 94 ===
=== 95 ===
=== 96 ===
=== 97 ===
=== 98 ===
=== 99 ===
=== 100 ===
# 1383 objects from 4 messages
