# Allpix Squared ASCII data - https://cern.ch/allpix-squared

=== 1 ===
=== 2 ===
=== 3 ===
=== 4 ===
=== 5 ===
=== 6 ===
=== 7 ===
=== 8 ===
=== 9 ===
=== 10 ===
=== 11 ===
=== 12 ===
=== 13 ===
=== 14 ===
=== 15 ===
=== 16 ===
=== 17 ===
=== 18 ===
=== 19 ===
=== 20 ===
=== 21 ===
=== 22 ===
=== 23 ===
=== 24 ===
=== 25 ===
=== 26 ===
=== 27 ===
=== 28 ===
=== 29 ===
=== 30 ===
=== 31 ===
=== 32 ===
=== 33 ===
=== 34 ===
=== 35 ===
=== 36 ===
=== 37 ===
=== 38 ===
=== 39 ===
=== 40 ===
=== 41 ===
=== 42 ===
=== 43 ===
=== 44 ===
=== 45 ===
=== 46 ===
=== 47 ===
=== 48 ===
=== 49 ===
=== 50 ===
=== 51 ===
=== 52 ===
=== 53 ===
=== 54 ===
=== 55 ===
=== 56 ===
=== 57 ===
=== 58 ===
=== 59 ===
=== 60 ===
=== 61 ===
=== 62 ===
=== 63 ===
=== 64 ===
=== 65 ===
=== 66 ===
=== 67 ===
--- mydetector ---
PixelHit 1158, 938, 2.48064, 0
PixelHit 1158, 943, 5.97457, 0
PixelHit 1158, 944, 3.19345, 0
PixelHit 1159, 933, 1.38918, 0
PixelHit 1159, 935, 3.39055, 0
PixelHit 1159, 937, 7.27211, 0
PixelHit 1159, 938, 9.79603, 0
PixelHit 1159, 940, 28.7783, 0
PixelHit 1159, 941, 22.8351, 0
PixelHit 1159, 942, 93.6434, 0
PixelHit 1159, 943, 118.906, 0
PixelHit 1159, 944, 15.4613, 0
PixelHit 1160, 920, 1.70364, 0
PixelHit 1160, 924, -0.0210365, 0
PixelHit 1160, 926, 0.30765, 0
PixelHit 1160, 929, 3.70406, 0
PixelHit 1160, 930, 6.05478, 0
PixelHit 1160, 931, 9.68447, 0
PixelHit 1160, 932, 12.4521, 0
PixelHit 1160, 933, 11.3323, 0
PixelHit 1160, 934, 14.5231, 0
PixelHit 1160, 935, 10.846, 0
PixelHit 1160, 936, 14.6591, 0
PixelHit 1160, 937, 38.4129, 0
PixelHit 1160, 938, 77.051, 0
PixelHit 1160, 939, 11.5643, 0
PixelHit 1160, 940, 31.6917, 0
PixelHit 1160, 941, 30.4011, 0
PixelHit 1160, 942, 13.0385, 0
PixelHit 1160, 943, 10.9766, 0
PixelHit 1160, 944, 1.78449, 0
PixelHit 1161, 917, 2.75261, 0
PixelHit 1161, 919, 2.16466, 0
PixelHit 1161, 924, 8.44949, 0
PixelHit 1161, 925, 6.44354, 0
PixelHit 1161, 926, 12.4962, 0
PixelHit 1161, 927, 5.80018, 0
PixelHit 1161, 928, 4.76206, 0
PixelHit 1161, 929, 16.4336, 0
PixelHit 1161, 930, 41.2513, 0
PixelHit 1161, 931, 43.5509, 0
PixelHit 1161, 932, 42.0173, 0
PixelHit 1161, 933, 18.698, 0
PixelHit 1161, 934, 34.6626, 0
PixelHit 1161, 935, 28.0721, 0
PixelHit 1161, 936, 14.3499, 0
PixelHit 1161, 937, 17.9396, 0
PixelHit 1161, 938, 34.9173, 0
PixelHit 1161, 939, 8.61345, 0
PixelHit 1161, 941, 2.1452, 0
PixelHit 1162, 908, 0.578387, 0
PixelHit 1162, 917, 2.8572, 0
PixelHit 1162, 918, 10.432, 0
PixelHit 1162, 919, 5.73121, 0
PixelHit 1162, 920, 3.14172, 0
PixelHit 1162, 921, 12.319, 0
PixelHit 1162, 922, 7.34607, 0
PixelHit 1162, 923, 9.80146, 0
PixelHit 1162, 924, 19.2369, 0
PixelHit 1162, 925, 39.2459, 0
PixelHit 1162, 926, 54.4248, 0
PixelHit 1162, 927, 22.1179, 0
PixelHit 1162, 928, 23.4973, 0
PixelHit 1162, 929, 48.766, 0
PixelHit 1162, 930, 73.8702, 0
PixelHit 1162, 931, 76.9733, 0
PixelHit 1162, 932, 46.761, 0
PixelHit 1162, 933, 21.9019, 0
PixelHit 1162, 934, 10.219, 0
PixelHit 1162, 935, 9.037, 0
PixelHit 1162, 937, 1.71553, 0
PixelHit 1163, 910, 2.98902, 0
PixelHit 1163, 911, 1.38374, 0
PixelHit 1163, 913, 5.81483, 0
PixelHit 1163, 914, 7.74435, 0
PixelHit 1163, 915, 12.5322, 0
PixelHit 1163, 916, 6.61325, 0
PixelHit 1163, 917, 18.619, 0
PixelHit 1163, 918, 27.0977, 0
PixelHit 1163, 919, 28.0163, 0
PixelHit 1163, 920, 20.3984, 0
PixelHit 1163, 921, 11.7207, 0
PixelHit 1163, 922, 32.5042, 0
PixelHit 1163, 923, 43.3093, 0
PixelHit 1163, 924, 31.0224, 0
PixelHit 1163, 925, 60.5044, 0
PixelHit 1163, 926, 58.8417, 0
PixelHit 1163, 927, 29.3507, 0
PixelHit 1163, 928, 28.5529, 0
PixelHit 1163, 929, 22.9089, 0
PixelHit 1163, 930, 21.519, 0
PixelHit 1163, 931, 17.3173, 0
PixelHit 1163, 932, 6.25948, 0
PixelHit 1163, 933, 2.9889, 0
PixelHit 1164, 908, 3.13096, 0
PixelHit 1164, 909, 4.85997, 0
PixelHit 1164, 910, 4.80817, 0
PixelHit 1164, 911, 7.47863, 0
PixelHit 1164, 912, 0.827836, 0
PixelHit 1164, 913, 6.21935, 0
PixelHit 1164, 914, 14.1348, 0
PixelHit 1164, 915, 29.4117, 0
PixelHit 1164, 916, 38.2892, 0
PixelHit 1164, 917, 61.394, 0
PixelHit 1164, 918, 63.1898, 0
PixelHit 1164, 919, 56.7814, 0
PixelHit 1164, 920, 31.2608, 0
PixelHit 1164, 921, 30.9868, 0
PixelHit 1164, 922, 38.6891, 0
PixelHit 1164, 923, 27.0689, 0
PixelHit 1164, 924, 21.8936, 0
PixelHit 1164, 925, 30.3927, 0
PixelHit 1164, 926, 29.0848, 0
PixelHit 1164, 927, 16.7899, 0
PixelHit 1164, 928, 2.26098, 0
PixelHit 1164, 929, 4.56415, 0
PixelHit 1165, 907, 2.62784, 0
PixelHit 1165, 908, 9.83485, 0
PixelHit 1165, 909, 14.973, 0
PixelHit 1165, 910, 10.2733, 0
PixelHit 1165, 911, 7.85788, 0
PixelHit 1165, 912, 4.24631, 0
PixelHit 1165, 913, 8.49047, 0
PixelHit 1165, 914, 28.8087, 0
PixelHit 1165, 915, 26.7285, 0
PixelHit 1165, 916, 42.2664, 0
PixelHit 1165, 917, 59.5516, 0
PixelHit 1165, 918, 61.9291, 0
PixelHit 1165, 919, 51.2999, 0
PixelHit 1165, 920, 22.2638, 0
PixelHit 1165, 921, 9.65338, 0
PixelHit 1165, 922, 11.3494, 0
PixelHit 1165, 923, 10.7033, 0
PixelHit 1165, 924, 7.44386, 0
PixelHit 1165, 926, 1.79568, 0
PixelHit 1165, 927, 5.45864, 0
PixelHit 1165, 928, 1.72861, 0
PixelHit 1165, 929, 1.27317, 0
PixelHit 1166, 908, 4.36557, 0
PixelHit 1166, 909, 23.7064, 0
PixelHit 1166, 910, 12.0667, 0
PixelHit 1166, 911, 9.63485, 0
PixelHit 1166, 912, 8.22268, 0
PixelHit 1166, 913, 11.4076, 0
PixelHit 1166, 914, 17.6819, 0
PixelHit 1166, 915, 29.4852, 0
PixelHit 1166, 916, 15.2522, 0
PixelHit 1166, 917, 24.7705, 0
PixelHit 1166, 918, 14.8736, 0
PixelHit 1166, 919, 17.3901, 0
PixelHit 1166, 920, 6.08967, 0
PixelHit 1166, 921, 2.74226, 0
PixelHit 1166, 922, 3.29017, 0
PixelHit 1167, 907, 5.42498, 0
PixelHit 1167, 908, 7.83079, 0
PixelHit 1167, 909, 21.4161, 0
PixelHit 1167, 910, 14.0878, 0
PixelHit 1167, 911, 4.69463, 0
PixelHit 1167, 912, 2.11984, 0
PixelHit 1167, 913, 5.76055, 0
PixelHit 1167, 914, 5.80049, 0
PixelHit 1167, 915, 6.54281, 0
PixelHit 1167, 916, 6.73049, 0
PixelHit 1167, 917, 1.38408, 0
PixelHit 1167, 918, 2.88128, 0
PixelHit 1167, 919, 4.80364, 0
PixelHit 1168, 908, 4.92836, 0
PixelHit 1168, 909, 5.19576, 0
PixelHit 1168, 910, 7.76053, 0
PixelHit 1168, 911, 5.70591, 0
PixelHit 1168, 913, 2.13573, 0
PixelHit 1169, 909, 2.43617, 0
PixelHit 1169, 910, 4.21107, 0
PixelHit 1286, 952, 1.60093, 0
PixelHit 1286, 955, 5.00768, 0
PixelHit 1286, 956, 11.4259, 0
PixelHit 1286, 957, 3.1472, 0
PixelHit 1286, 958, 8.86915, 0
PixelHit 1286, 959, 2.18906, 0
PixelHit 1286, 961, 29.1872, 0
PixelHit 1286, 962, 100.313, 0
PixelHit 1287, 942, 1.8802, 0
PixelHit 1287, 944, 0.623772, 0
PixelHit 1287, 946, 8.09257, 0
PixelHit 1287, 947, 3.21314, 0
PixelHit 1287, 948, 2.16845, 0
PixelHit 1287, 949, 2.72032, 0
PixelHit 1287, 950, 5.15139, 0
PixelHit 1287, 951, 23.7736, 0
PixelHit 1287, 952, 40.7113, 0
PixelHit 1287, 953, 28.7569, 0
PixelHit 1287, 954, 16.1329, 0
PixelHit 1287, 955, 30.7911, 0
PixelHit 1287, 956, 44.3151, 0
PixelHit 1287, 957, 28.329, 0
PixelHit 1287, 958, 49.9897, 0
PixelHit 1287, 959, 7.15607, 0
PixelHit 1287, 961, 9.85418, 0
PixelHit 1287, 962, 6.57771, 0
PixelHit 1288, 934, 0.666948, 0
PixelHit 1288, 935, 1.4184, 0
PixelHit 1288, 936, 2.84216, 0
PixelHit 1288, 938, 0.987581, 0
PixelHit 1288, 940, 1.24503, 0
PixelHit 1288, 943, 5.95638, 0
PixelHit 1288, 944, 15.5516, 0
PixelHit 1288, 945, 24.9497, 0
PixelHit 1288, 946, 25.5089, 0
PixelHit 1288, 947, 24.8715, 0
PixelHit 1288, 948, 9.18898, 0
PixelHit 1288, 949, 6.89276, 0
PixelHit 1288, 950, 21.7957, 0
PixelHit 1288, 951, 67.7615, 0
PixelHit 1288, 952, 121.729, 0
PixelHit 1288, 953, 55.611, 0
PixelHit 1288, 954, 21.0982, 0
PixelHit 1288, 955, 26.6064, 0
PixelHit 1288, 956, 30.2827, 0
PixelHit 1288, 957, 9.66442, 0
PixelHit 1288, 958, 9.43598, 0
PixelHit 1289, 926, 1.71064, 0
PixelHit 1289, 928, 2.75878, 0
PixelHit 1289, 931, 2.95947, 0
PixelHit 1289, 932, 1.698, 0
PixelHit 1289, 934, 1.61808, 0
PixelHit 1289, 936, 3.80391, 0
PixelHit 1289, 937, 0.360208, 0
PixelHit 1289, 938, 5.74489, 0
PixelHit 1289, 939, 4.39152, 0
PixelHit 1289, 942, 9.90829, 0
PixelHit 1289, 943, 26.883, 0
PixelHit 1289, 944, 47.6472, 0
PixelHit 1289, 945, 50.2872, 0
PixelHit 1289, 946, 42.62, 0
PixelHit 1289, 947, 37.5738, 0
PixelHit 1289, 948, 19.0412, 0
PixelHit 1289, 949, 7.63434, 0
PixelHit 1289, 950, 13.4967, 0
PixelHit 1289, 951, 29.2021, 0
PixelHit 1289, 952, 40.3078, 0
PixelHit 1289, 953, 13.3136, 0
PixelHit 1289, 954, 5.73637, 0
PixelHit 1289, 955, 4.15858, 0
PixelHit 1289, 956, 2.72972, 0
PixelHit 1290, 927, 10.432, 0
PixelHit 1290, 928, 14.0991, 0
PixelHit 1290, 929, 22.0467, 0
PixelHit 1290, 930, 13.5146, 0
PixelHit 1290, 931, 3.95166, 0
PixelHit 1290, 932, 1.85825, 0
PixelHit 1290, 934, 8.9119, 0
PixelHit 1290, 935, 5.21283, 0
PixelHit 1290, 936, 17.0628, 0
PixelHit 1290, 937, 21.2814, 0
PixelHit 1290, 938, 17.0399, 0
PixelHit 1290, 939, 5.01957, 0
PixelHit 1290, 940, 3.18949, 0
PixelHit 1290, 941, 4.8678, 0
PixelHit 1290, 942, 17.1626, 0
PixelHit 1290, 943, 25.8446, 0
PixelHit 1290, 944, 36.5634, 0
PixelHit 1290, 945, 45.9743, 0
PixelHit 1290, 946, 33.5577, 0
PixelHit 1290, 947, 13.6393, 0
PixelHit 1290, 948, 6.20067, 0
PixelHit 1290, 949, 1.95509, 0
PixelHit 1290, 951, 3.4357, 0
PixelHit 1290, 952, 4.9309, 0
PixelHit 1290, 953, 1.22068, 0
PixelHit 1291, 925, 3.09972, 0
PixelHit 1291, 926, 19.6773, 0
PixelHit 1291, 927, 42.027, 0
PixelHit 1291, 928, 65.4587, 0
PixelHit 1291, 929, 81.1162, 0
PixelHit 1291, 930, 39.2997, 0
PixelHit 1291, 931, 16.6649, 0
PixelHit 1291, 932, 15.4166, 0
PixelHit 1291, 933, 16.0446, 0
PixelHit 1291, 934, 11.5467, 0
PixelHit 1291, 935, 7.46455, 0
PixelHit 1291, 936, 8.77549, 0
PixelHit 1291, 937, 10.3326, 0
PixelHit 1291, 938, 6.99, 0
PixelHit 1291, 939, 4.88525, 0
PixelHit 1291, 940, 4.25017, 0
PixelHit 1291, 941, 1.38236, 0
PixelHit 1291, 942, 6.59921, 0
PixelHit 1291, 943, 11.9407, 0
PixelHit 1291, 944, 16.5465, 0
PixelHit 1291, 945, 10.8227, 0
PixelHit 1291, 946, 6.27633, 0
PixelHit 1291, 947, 1.51601, 0
PixelHit 1291, 948, 3.02386, 0
PixelHit 1292, 924, 3.15582, 0
PixelHit 1292, 925, 7.06965, 0
PixelHit 1292, 926, 41.4265, 0
PixelHit 1292, 927, 93.3139, 0
PixelHit 1292, 928, 120.974, 0
PixelHit 1292, 929, 105.544, 0
PixelHit 1292, 930, 50.5433, 0
PixelHit 1292, 931, 18.7708, 0
PixelHit 1292, 932, 7.11458, 0
PixelHit 1292, 933, 8.72003, 0
PixelHit 1292, 934, 9.43668, 0
PixelHit 1292, 935, 13.0848, 0
PixelHit 1292, 936, 4.5618, 0
PixelHit 1292, 937, 4.97429, 0
PixelHit 1292, 938, 5.0687, 0
PixelHit 1292, 943, 1.55128, 0
PixelHit 1292, 944, 2.10325, 0
PixelHit 1293, 924, 3.73291, 0
PixelHit 1293, 925, 7.57252, 0
PixelHit 1293, 926, 21.9676, 0
PixelHit 1293, 927, 70.0543, 0
PixelHit 1293, 928, 113.558, 0
PixelHit 1293, 929, 106.292, 0
PixelHit 1293, 930, 48.6724, 0
PixelHit 1293, 931, 16.074, 0
PixelHit 1293, 932, 4.89937, 0
PixelHit 1293, 933, 3.48314, 0
PixelHit 1293, 934, 3.16928, 0
PixelHit 1293, 935, 3.63066, 0
PixelHit 1293, 936, 5.08276, 0
PixelHit 1293, 937, 1.45223, 0
PixelHit 1293, 938, 1.46661, 0
PixelHit 1294, 926, 13.3067, 0
PixelHit 1294, 927, 29.3465, 0
PixelHit 1294, 928, 52.0686, 0
PixelHit 1294, 929, 37.1796, 0
PixelHit 1294, 930, 13.9615, 0
PixelHit 1294, 931, 5.21007, 0
PixelHit 1294, 932, 3.38589, 0
PixelHit 1295, 926, 2.46698, 0
PixelHit 1295, 927, 6.4674, 0
PixelHit 1295, 928, 11.6017, 0
PixelHit 1295, 929, 6.55899, 0
PixelHit 1295, 930, 3.30611, 0
PixelHit 1295, 931, 1.82657, 0
=== 68 ===
=== 69 ===
=== 70 ===
--- mydetector ---
PixelHit 1269, 978, 1.69749, 0
PixelHit 1269, 984, 0.508352, 0
PixelHit 1269, 988, 6.19401, 0
PixelHit 1269, 989, 3.21256, 0
PixelHit 1269, 990, 10.9098, 0
PixelHit 1269, 991, 9.78711, 0
PixelHit 1270, 975, 1.06092, 0
PixelHit 1270, 978, 1.42904, 0
PixelHit 1270, 980, 4.00561, 0
PixelHit 1270, 981, 3.23091, 0
PixelHit 1270, 982, 8.7471, 0
PixelHit 1270, 983, 21.2549, 0
PixelHit 1270, 984, 9.8179, 0
PixelHit 1270, 985, 11.9913, 0
PixelHit 1270, 986, 24.3373, 0
PixelHit 1270, 987, 15.0213, 0
PixelHit 1270, 988, 60.882, 0
PixelHit 1270, 989, 52.0372, 0
PixelHit 1270, 990, 37.0369, 0
PixelHit 1270, 991, 38.4753, 0
PixelHit 1270, 992, 1.99103, 0
PixelHit 1271, 966, 4.17147, 0
PixelHit 1271, 967, 0.651951, 0
PixelHit 1271, 971, 5.38252, 0
PixelHit 1271, 972, 2.52348, 0
PixelHit 1271, 973, 3.0278, 0
PixelHit 1271, 974, 1.21152, 0
PixelHit 1271, 976, 2.08632, 0
PixelHit 1271, 978, 12.6148, 0
PixelHit 1271, 979, 20.9595, 0
PixelHit 1271, 980, 18.0405, 0
PixelHit 1271, 981, 21.125, 0
PixelHit 1271, 982, 37.9563, 0
PixelHit 1271, 983, 66.1026, 0
PixelHit 1271, 984, 28.8348, 0
PixelHit 1271, 985, 13.557, 0
PixelHit 1271, 986, 32.1959, 0
PixelHit 1271, 987, 14.1678, 0
PixelHit 1271, 988, 19.4071, 0
PixelHit 1271, 989, 6.77053, 0
PixelHit 1272, 959, 0.338571, 0
PixelHit 1272, 963, 3.89165, 0
PixelHit 1272, 965, 3.35655, 0
PixelHit 1272, 966, 7.42558, 0
PixelHit 1272, 967, 6.3136, 0
PixelHit 1272, 968, 1.94673, 0
PixelHit 1272, 969, 7.78468, 0
PixelHit 1272, 970, 10.5549, 0
PixelHit 1272, 971, 2.3557, 0
PixelHit 1272, 972, 8.79122, 0
PixelHit 1272, 973, 17.5858, 0
PixelHit 1272, 974, 30.6056, 0
PixelHit 1272, 975, 16.6823, 0
PixelHit 1272, 976, 6.78611, 0
PixelHit 1272, 977, 9.49745, 0
PixelHit 1272, 978, 30.8, 0
PixelHit 1272, 979, 44.189, 0
PixelHit 1272, 980, 23.3757, 0
PixelHit 1272, 981, 23.1895, 0
PixelHit 1272, 982, 33.0309, 0
PixelHit 1272, 983, 26.6077, 0
PixelHit 1272, 984, 8.11, 0
PixelHit 1272, 986, 4.5193, 0
PixelHit 1272, 987, 2.63147, 0
PixelHit 1273, 955, 2.63865, 0
PixelHit 1273, 956, 2.73274, 0
PixelHit 1273, 957, 4.98993, 0
PixelHit 1273, 958, 6.70121, 0
PixelHit 1273, 959, 4.08223, 0
PixelHit 1273, 960, 3.47485, 0
PixelHit 1273, 961, 4.62081, 0
PixelHit 1273, 962, 6.05709, 0
PixelHit 1273, 963, 12.1608, 0
PixelHit 1273, 964, 12.6269, 0
PixelHit 1273, 965, 2.88033, 0
PixelHit 1273, 966, 14.616, 0
PixelHit 1273, 967, 25.9934, 0
PixelHit 1273, 968, 20.4369, 0
PixelHit 1273, 969, 28.6282, 0
PixelHit 1273, 970, 32.5373, 0
PixelHit 1273, 971, 24.2032, 0
PixelHit 1273, 972, 21.6221, 0
PixelHit 1273, 973, 36.8335, 0
PixelHit 1273, 974, 38.1939, 0
PixelHit 1273, 975, 16.9374, 0
PixelHit 1273, 976, 2.29724, 0
PixelHit 1273, 977, 11.7961, 0
PixelHit 1273, 978, 10.4399, 0
PixelHit 1273, 979, 14.1265, 0
PixelHit 1273, 980, 9.6074, 0
PixelHit 1273, 981, 2.59601, 0
PixelHit 1273, 982, 1.94874, 0
PixelHit 1273, 983, 1.10804, 0
PixelHit 1274, 955, 4.92116, 0
PixelHit 1274, 956, 9.6334, 0
PixelHit 1274, 957, 11.1798, 0
PixelHit 1274, 958, 23.2126, 0
PixelHit 1274, 959, 7.7909, 0
PixelHit 1274, 960, 13.9577, 0
PixelHit 1274, 961, 16.8163, 0
PixelHit 1274, 962, 27.4025, 0
PixelHit 1274, 963, 23.7968, 0
PixelHit 1274, 964, 13.7003, 0
PixelHit 1274, 965, 24.2607, 0
PixelHit 1274, 966, 27.3789, 0
PixelHit 1274, 967, 36.3449, 0
PixelHit 1274, 968, 33.8523, 0
PixelHit 1274, 969, 16.2008, 0
PixelHit 1274, 970, 25.2994, 0
PixelHit 1274, 971, 25.567, 0
PixelHit 1274, 972, 16.4623, 0
PixelHit 1274, 973, 16.8756, 0
PixelHit 1274, 974, 10.1138, 0
PixelHit 1274, 975, 9.64074, 0
PixelHit 1274, 976, 4.51566, 0
PixelHit 1274, 977, 1.87937, 0
PixelHit 1274, 978, 3.0847, 0
PixelHit 1275, 954, 3.95943, 0
PixelHit 1275, 955, 3.12546, 0
PixelHit 1275, 956, 21.9132, 0
PixelHit 1275, 957, 45.0672, 0
PixelHit 1275, 958, 41.2757, 0
PixelHit 1275, 959, 27.3346, 0
PixelHit 1275, 960, 30.5783, 0
PixelHit 1275, 961, 19.9569, 0
PixelHit 1275, 962, 27.2945, 0
PixelHit 1275, 963, 15.5993, 0
PixelHit 1275, 964, 27.2446, 0
PixelHit 1275, 965, 20.7352, 0
PixelHit 1275, 966, 14.3789, 0
PixelHit 1275, 967, 22.6947, 0
PixelHit 1275, 968, 14.0232, 0
PixelHit 1275, 969, 6.87856, 0
PixelHit 1275, 970, 10.3934, 0
PixelHit 1275, 971, 2.87618, 0
PixelHit 1275, 972, 6.76766, 0
PixelHit 1275, 973, 3.13956, 0
PixelHit 1275, 974, 0.958357, 0
PixelHit 1276, 954, 7.14569, 0
PixelHit 1276, 955, 11.526, 0
PixelHit 1276, 956, 35.2325, 0
PixelHit 1276, 957, 58.2423, 0
PixelHit 1276, 958, 48.4942, 0
PixelHit 1276, 959, 29.2052, 0
PixelHit 1276, 960, 16.2924, 0
PixelHit 1276, 961, 21.1309, 0
PixelHit 1276, 962, 15.9323, 0
PixelHit 1276, 963, 17.8116, 0
PixelHit 1276, 964, 6.81622, 0
PixelHit 1276, 965, 7.38729, 0
PixelHit 1276, 966, 6.14395, 0
PixelHit 1276, 967, 4.05519, 0
PixelHit 1277, 953, 1.8846, 0
PixelHit 1277, 954, 2.00923, 0
PixelHit 1277, 955, 11.3496, 0
PixelHit 1277, 956, 20.7219, 0
PixelHit 1277, 957, 26.9113, 0
PixelHit 1277, 958, 26.7406, 0
PixelHit 1277, 959, 15.9591, 0
PixelHit 1277, 960, 9.6211, 0
PixelHit 1277, 961, 4.55137, 0
PixelHit 1277, 962, 5.91136, 0
PixelHit 1277, 963, 2.52607, 0
PixelHit 1277, 964, 2.33509, 0
PixelHit 1277, 966, 1.27838, 0
PixelHit 1277, 967, 1.79888, 0
PixelHit 1278, 955, 1.57957, 0
PixelHit 1278, 956, 1.92572, 0
PixelHit 1278, 957, 9.3984, 0
PixelHit 1278, 958, 9.11023, 0
PixelHit 1278, 962, 0.750218, 0
PixelHit 1279, 954, 2.88122, 0
PixelHit 1279, 955, -0.273758, 0
PixelHit 1279, 956, 1.88492, 0
PixelHit 1279, 958, 2.34787, 0
PixelHit 1280, 958, 0.767488, 0
PixelHit 1382, 1150, 0.39585, 0
PixelHit 1383, 1147, 4.06039, 0
PixelHit 1383, 1148, 4.41368, 0
PixelHit 1383, 1149, 7.1508, 0
PixelHit 1383, 1151, 1.32735, 0
PixelHit 1383, 1152, 4.4462, 0
PixelHit 1383, 1153, 39.2422, 0
PixelHit 1383, 1154, 15.4819, 0
PixelHit 1383, 1155, 9.58182, 0
PixelHit 1384, 1132, 0.9258, 0
PixelHit 1384, 1133, 1.91326, 0
PixelHit 1384, 1137, 4.81971, 0
PixelHit 1384, 1138, 4.81648, 0
PixelHit 1384, 1139, 7.84945, 0
PixelHit 1384, 1140, 5.99329, 0
PixelHit 1384, 1141, 12.7765, 0
PixelHit 1384, 1142, 2.83593, 0
PixelHit 1384, 1143, 7.64959, 0
PixelHit 1384, 1144, 14.346, 0
PixelHit 1384, 1145, 20.5327, 0
PixelHit 1384, 1146, 16.7648, 0
PixelHit 1384, 1147, 51.601, 0
PixelHit 1384, 1148, 29.8862, 0
PixelHit 1384, 1149, 32.8777, 0
PixelHit 1384, 1150, 17.743, 0
PixelHit 1384, 1151, 11.8485, 0
PixelHit 1384, 1152, 8.32066, 0
PixelHit 1384, 1153, 54.7309, 0
PixelHit 1384, 1154, 16.7281, 0
PixelHit 1384, 1156, 3.15312, 0
PixelHit 1385, 1119, 2.37203, 0
PixelHit 1385, 1121, 2.06417, 0
PixelHit 1385, 1123, 2.06261, 0
PixelHit 1385, 1125, 1.42398, 0
PixelHit 1385, 1126, 1.11137, 0
PixelHit 1385, 1127, 3.37128, 0
PixelHit 1385, 1128, 2.48519, 0
PixelHit 1385, 1131, 1.65962, 0
PixelHit 1385, 1132, 2.29887, 0
PixelHit 1385, 1133, 6.16083, 0
PixelHit 1385, 1134, 2.7918, 0
PixelHit 1385, 1135, 8.76347, 0
PixelHit 1385, 1136, 8.11662, 0
PixelHit 1385, 1137, 15.2845, 0
PixelHit 1385, 1138, 28.7955, 0
PixelHit 1385, 1139, 44.1396, 0
PixelHit 1385, 1140, 42.3015, 0
PixelHit 1385, 1141, 33.5191, 0
PixelHit 1385, 1142, 19.3929, 0
PixelHit 1385, 1143, 12.9147, 0
PixelHit 1385, 1144, 37.7484, 0
PixelHit 1385, 1145, 30.3484, 0
PixelHit 1385, 1146, 27.9851, 0
PixelHit 1385, 1147, 53.9907, 0
PixelHit 1385, 1148, 32.5608, 0
PixelHit 1385, 1149, 13.2081, 0
PixelHit 1385, 1150, 2.60392, 0
PixelHit 1385, 1151, 0.657385, 0
PixelHit 1385, 1152, 1.20098, 0
PixelHit 1386, 1120, 2.08992, 0
PixelHit 1386, 1121, 3.56732, 0
PixelHit 1386, 1122, 1.07851, 0
PixelHit 1386, 1123, 9.15526, 0
PixelHit 1386, 1124, 6.24603, 0
PixelHit 1386, 1125, 10.0664, 0
PixelHit 1386, 1126, 16.7995, 0
PixelHit 1386, 1127, 8.44061, 0
PixelHit 1386, 1128, 5.20562, 0
PixelHit 1386, 1129, 5.97871, 0
PixelHit 1386, 1130, 4.23724, 0
PixelHit 1386, 1131, 3.05274, 0
PixelHit 1386, 1132, 10.1877, 0
PixelHit 1386, 1133, 9.09566, 0
PixelHit 1386, 1134, 9.41324, 0
PixelHit 1386, 1135, 16.2478, 0
PixelHit 1386, 1136, 13.6486, 0
PixelHit 1386, 1137, 36.5896, 0
PixelHit 1386, 1138, 35.1486, 0
PixelHit 1386, 1139, 54.1166, 0
PixelHit 1386, 1140, 41.5478, 0
PixelHit 1386, 1141, 28.3878, 0
PixelHit 1386, 1142, 18.8664, 0
PixelHit 1386, 1143, 11.4669, 0
PixelHit 1386, 1144, 12.3596, 0
PixelHit 1386, 1145, 8.28359, 0
PixelHit 1386, 1146, 1.12846, 0
PixelHit 1387, 1116, 2.30036, 0
PixelHit 1387, 1117, 5.00536, 0
PixelHit 1387, 1118, 7.59333, 0
PixelHit 1387, 1119, 11.3366, 0
PixelHit 1387, 1120, 18.9172, 0
PixelHit 1387, 1121, 13.3624, 0
PixelHit 1387, 1122, 17.6603, 0
PixelHit 1387, 1123, 27.259, 0
PixelHit 1387, 1124, 29.9063, 0
PixelHit 1387, 1125, 27.2344, 0
PixelHit 1387, 1126, 39.6548, 0
PixelHit 1387, 1127, 26.05, 0
PixelHit 1387, 1128, 17.4329, 0
PixelHit 1387, 1129, 11.4368, 0
PixelHit 1387, 1130, 9.60494, 0
PixelHit 1387, 1131, 7.23196, 0
PixelHit 1387, 1132, 6.65824, 0
PixelHit 1387, 1133, 8.19907, 0
PixelHit 1387, 1134, 7.72183, 0
PixelHit 1387, 1135, 6.87897, 0
PixelHit 1387, 1136, 15.2831, 0
PixelHit 1387, 1137, 20.3492, 0
PixelHit 1387, 1138, 19.9188, 0
PixelHit 1387, 1139, 16.8237, 0
PixelHit 1387, 1140, 17.702, 0
PixelHit 1387, 1141, 11.685, 0
PixelHit 1387, 1143, 2.3746, 0
PixelHit 1388, 1116, 4.95034, 0
PixelHit 1388, 1117, 7.01288, 0
PixelHit 1388, 1118, 15.0471, 0
PixelHit 1388, 1119, 22.3204, 0
PixelHit 1388, 1120, 37.3168, 0
PixelHit 1388, 1121, 30.8344, 0
PixelHit 1388, 1122, 38.2974, 0
PixelHit 1388, 1123, 40.5077, 0
PixelHit 1388, 1124, 48.4062, 0
PixelHit 1388, 1125, 34.7972, 0
PixelHit 1388, 1126, 46.7757, 0
PixelHit 1388, 1127, 28.3904, 0
PixelHit 1388, 1128, 15.0386, 0
PixelHit 1388, 1129, 7.74542, 0
PixelHit 1388, 1130, 12.1571, 0
PixelHit 1388, 1131, 3.28321, 0
PixelHit 1388, 1132, 7.45807, 0
PixelHit 1388, 1133, 4.86354, 0
PixelHit 1388, 1134, 1.20967, 0
PixelHit 1388, 1135, 4.92821, 0
PixelHit 1388, 1136, 4.64672, 0
PixelHit 1388, 1137, 2.07497, 0
PixelHit 1388, 1139, 3.3217, 0
PixelHit 1388, 1141, 1.01599, 0
PixelHit 1389, 1115, 3.47561, 0
PixelHit 1389, 1116, 1.06534, 0
PixelHit 1389, 1117, 10.6251, 0
PixelHit 1389, 1118, 23.5578, 0
PixelHit 1389, 1119, 29.4678, 0
PixelHit 1389, 1120, 36.7991, 0
PixelHit 1389, 1121, 47.6356, 0
PixelHit 1389, 1122, 33.1819, 0
PixelHit 1389, 1123, 37.6046, 0
PixelHit 1389, 1124, 17.999, 0
PixelHit 1389, 1125, 20.2301, 0
PixelHit 1389, 1126, 17.9762, 0
PixelHit 1389, 1127, 22.1882, 0
PixelHit 1389, 1128, 1.32711, 0
PixelHit 1389, 1129, 2.48966, 0
PixelHit 1389, 1130, 1.17044, 0
PixelHit 1389, 1132, 2.42819, 0
PixelHit 1390, 1116, 2.67252, 0
PixelHit 1390, 1117, 6.6752, 0
PixelHit 1390, 1118, 17.1553, 0
PixelHit 1390, 1119, 15.1579, 0
PixelHit 1390, 1120, 18.8244, 0
PixelHit 1390, 1121, 15.8423, 0
PixelHit 1390, 1122, 14.8439, 0
PixelHit 1390, 1123, 12.1455, 0
PixelHit 1390, 1124, 7.82002, 0
PixelHit 1390, 1125, 4.05153, 0
PixelHit 1390, 1126, 2.85786, 0
PixelHit 1390, 1127, 0.834113, 0
PixelHit 1390, 1128, 1.69824, 0
PixelHit 1391, 1116, 2.00994, 0
PixelHit 1391, 1118, 4.22311, 0
PixelHit 1391, 1119, 6.45991, 0
PixelHit 1391, 1120, 5.69191, 0
PixelHit 1391, 1121, 3.92404, 0
PixelHit 1391, 1122, 4.38644, 0
PixelHit 1391, 1123, 1.61385, 0
PixelHit 1391, 1126, 2.37758, 0
PixelHit 1392, 1119, 1.03015, 0
PixelHit 1392, 1120, 1.65777, 0
PixelHit 1392, 1125, 1.58438, 0
=== 71 ===
=== 72 ===
=== 73 ===
=== 74 ===
=== 75 ===
=== 76 ===
--- mydetector ---
PixelHit 1178, 1601, 2.20547, 0
PixelHit 1178, 1602, 1.93467, 0
PixelHit 1178, 1603, 6.43686, 0
PixelHit 1179, 1592, 2.45339, 0
PixelHit 1179, 1593, 2.13842, 0
PixelHit 1179, 1595, 19.9602, 0
PixelHit 1179, 1596, 45.474, 0
PixelHit 1179, 1597, 9.86916, 0
PixelHit 1179, 1598, 24.0718, 0
PixelHit 1179, 1599, 17.8337, 0
PixelHit 1179, 1600, 31.9147, 0
PixelHit 1179, 1601, 88.3265, 0
PixelHit 1179, 1602, 78.8172, 0
PixelHit 1179, 1603, 44.0977, 0
PixelHit 1179, 1604, 1.29302, 0
PixelHit 1180, 1583, 1.24402, 0
PixelHit 1180, 1584, 2.32232, 0
PixelHit 1180, 1585, 2.15512, 0
PixelHit 1180, 1586, 2.24943, 0
PixelHit 1180, 1588, 1.7417, 0
PixelHit 1180, 1589, 3.35363, 0
PixelHit 1180, 1591, 4.93237, 0
PixelHit 1180, 1592, 9.07142, 0
PixelHit 1180, 1593, 33.4814, 0
PixelHit 1180, 1594, 24.8151, 0
PixelHit 1180, 1595, 82.9032, 0
PixelHit 1180, 1596, 136.852, 0
PixelHit 1180, 1597, 36.4271, 0
PixelHit 1180, 1598, 25.7696, 0
PixelHit 1180, 1599, 15.2383, 0
PixelHit 1180, 1600, 16.1039, 0
PixelHit 1180, 1601, 13.4614, 0
PixelHit 1180, 1602, 3.26062, 0
PixelHit 1181, 1574, 1.56633, 0
PixelHit 1181, 1577, 1.83594, 0
PixelHit 1181, 1579, 5.25111, 0
PixelHit 1181, 1580, 2.53033, 0
PixelHit 1181, 1581, 1.87321, 0
PixelHit 1181, 1582, 4.56085, 0
PixelHit 1181, 1583, 2.15916, 0
PixelHit 1181, 1584, 9.9803, 0
PixelHit 1181, 1585, 20.5156, 0
PixelHit 1181, 1586, 22.0272, 0
PixelHit 1181, 1587, 11.8381, 0
PixelHit 1181, 1588, 7.73977, 0
PixelHit 1181, 1589, 3.36696, 0
PixelHit 1181, 1590, 3.63478, 0
PixelHit 1181, 1591, 10.6413, 0
PixelHit 1181, 1592, 21.174, 0
PixelHit 1181, 1593, 33.6699, 0
PixelHit 1181, 1594, 25.2882, 0
PixelHit 1181, 1595, 38.0076, 0
PixelHit 1181, 1596, 28.0593, 0
PixelHit 1181, 1597, 7.03093, 0
PixelHit 1181, 1598, 1.97204, 0
PixelHit 1182, 1564, 3.25936, 0
PixelHit 1182, 1568, 0.319206, 0
PixelHit 1182, 1569, 6.13952, 0
PixelHit 1182, 1571, 2.25197, 0
PixelHit 1182, 1573, 3.95858, 0
PixelHit 1182, 1576, 4.6932, 0
PixelHit 1182, 1577, 3.4515, 0
PixelHit 1182, 1578, 7.46385, 0
PixelHit 1182, 1579, 12.7005, 0
PixelHit 1182, 1580, 14.3223, 0
PixelHit 1182, 1581, 22.3198, 0
PixelHit 1182, 1582, 14.1778, 0
PixelHit 1182, 1583, 22.0955, 0
PixelHit 1182, 1584, 35.1701, 0
PixelHit 1182, 1585, 45.1668, 0
PixelHit 1182, 1586, 23.9128, 0
PixelHit 1182, 1587, 17.2198, 0
PixelHit 1182, 1588, 9.20384, 0
PixelHit 1182, 1589, 7.14501, 0
PixelHit 1182, 1590, 3.21577, 0
PixelHit 1182, 1591, 1.27105, 0
PixelHit 1182, 1592, 3.01031, 0
PixelHit 1182, 1593, 0.683724, 0
PixelHit 1182, 1596, 1.58965, 0
PixelHit 1182, 1597, 0.611624, 0
PixelHit 1183, 1564, 1.48936, 0
PixelHit 1183, 1566, 2.73181, 0
PixelHit 1183, 1567, 2.74921, 0
PixelHit 1183, 1568, 8.84611, 0
PixelHit 1183, 1569, 11.0025, 0
PixelHit 1183, 1570, 15.3115, 0
PixelHit 1183, 1571, 13.5308, 0
PixelHit 1183, 1572, 8.05319, 0
PixelHit 1183, 1573, 9.97882, 0
PixelHit 1183, 1574, 4.22871, 0
PixelHit 1183, 1575, 4.30891, 0
PixelHit 1183, 1576, 6.59761, 0
PixelHit 1183, 1577, 21.5829, 0
PixelHit 1183, 1578, 23.1709, 0
PixelHit 1183, 1579, 7.2832, 0
PixelHit 1183, 1580, 17.9563, 0
PixelHit 1183, 1581, 38.3966, 0
PixelHit 1183, 1582, 19.8824, 0
PixelHit 1183, 1583, 11.8626, 0
PixelHit 1183, 1584, 12.9377, 0
PixelHit 1183, 1585, 12.7436, 0
PixelHit 1183, 1586, 15.9468, 0
PixelHit 1183, 1587, 6.0512, 0
PixelHit 1183, 1588, 1.60905, 0
PixelHit 1184, 1562, 4.6322, 0
PixelHit 1184, 1563, 2.66207, 0
PixelHit 1184, 1564, 6.94249, 0
PixelHit 1184, 1565, 6.41602, 0
PixelHit 1184, 1566, 15.1565, 0
PixelHit 1184, 1567, 13.4227, 0
PixelHit 1184, 1568, 39.0432, 0
PixelHit 1184, 1569, 54.3273, 0
PixelHit 1184, 1570, 44.3456, 0
PixelHit 1184, 1571, 29.0117, 0
PixelHit 1184, 1572, 24.3755, 0
PixelHit 1184, 1573, 25.0073, 0
PixelHit 1184, 1574, 7.86722, 0
PixelHit 1184, 1575, 10.2116, 0
PixelHit 1184, 1576, 16.7716, 0
PixelHit 1184, 1577, 19.8509, 0
PixelHit 1184, 1578, 16.1385, 0
PixelHit 1184, 1579, 11.0312, 0
PixelHit 1184, 1580, 4.40219, 0
PixelHit 1184, 1581, 9.91156, 0
PixelHit 1184, 1582, 6.07715, 0
PixelHit 1184, 1584, 4.19816, 0
PixelHit 1184, 1585, -0.18052, 0
PixelHit 1184, 1586, 1.68016, 0
PixelHit 1184, 1587, 1.14993, 0
PixelHit 1185, 1562, 6.60674, 0
PixelHit 1185, 1563, 10.4266, 0
PixelHit 1185, 1564, 11.7931, 0
PixelHit 1185, 1565, 24.6042, 0
PixelHit 1185, 1566, 17.8521, 0
PixelHit 1185, 1567, 23.8492, 0
PixelHit 1185, 1568, 34.854, 0
PixelHit 1185, 1569, 41.3853, 0
PixelHit 1185, 1570, 82.9372, 0
PixelHit 1185, 1571, 23.0485, 0
PixelHit 1185, 1572, 13.5762, 0
PixelHit 1185, 1573, 21.0493, 0
PixelHit 1185, 1574, 8.58074, 0
PixelHit 1185, 1575, 7.11677, 0
PixelHit 1185, 1576, 6.33856, 0
PixelHit 1185, 1577, 5.91345, 0
PixelHit 1185, 1578, 11.3419, 0
PixelHit 1185, 1579, 3.73222, 0
PixelHit 1185, 1580, 3.07478, 0
PixelHit 1185, 1581, 2.74106, 0
PixelHit 1186, 1560, 1.35267, 0
PixelHit 1186, 1561, 2.66225, 0
PixelHit 1186, 1562, 8.52667, 0
PixelHit 1186, 1563, 15.3054, 0
PixelHit 1186, 1564, 19.1428, 0
PixelHit 1186, 1565, 14.9799, 0
PixelHit 1186, 1566, 17.7928, 0
PixelHit 1186, 1567, 18.6273, 0
PixelHit 1186, 1568, 22.934, 0
PixelHit 1186, 1569, 29.9234, 0
PixelHit 1186, 1570, 26.6635, 0
PixelHit 1186, 1571, 20.986, 0
PixelHit 1186, 1572, 11.2837, 0
PixelHit 1186, 1573, 8.40567, 0
PixelHit 1186, 1574, 2.59866, 0
PixelHit 1186, 1576, 0.787059, 0
PixelHit 1187, 1562, 7.7134, 0
PixelHit 1187, 1563, 12.6643, 0
PixelHit 1187, 1564, 12.6456, 0
PixelHit 1187, 1565, 7.84839, 0
PixelHit 1187, 1566, 9.94363, 0
PixelHit 1187, 1567, 11.137, 0
PixelHit 1187, 1568, 8.97789, 0
PixelHit 1187, 1569, 11.4112, 0
PixelHit 1187, 1570, 8.30562, 0
PixelHit 1187, 1571, 10.3005, 0
PixelHit 1188, 1562, 2.08642, 0
PixelHit 1188, 1563, 6.21236, 0
PixelHit 1188, 1564, 5.57463, 0
PixelHit 1188, 1565, 7.43561, 0
PixelHit 1188, 1566, 2.4785, 0
PixelHit 1188, 1567, 1.99887, 0
PixelHit 1188, 1568, 1.83598, 0
PixelHit 1188, 1570, 2.8093, 0
PixelHit 1189, 1565, 0.0989725, 0
PixelHit 1332, 620, 2.93765, 0
PixelHit 1332, 622, 2.74528, 0
PixelHit 1332, 625, 0.892018, 0
PixelHit 1332, 627, 1.73529, 0
PixelHit 1332, 628, 6.02847, 0
PixelHit 1333, 607, 2.87612, 0
PixelHit 1333, 616, 4.26622, 0
PixelHit 1333, 618, 10.5657, 0
PixelHit 1333, 619, 7.4823, 0
PixelHit 1333, 620, 22.9665, 0
PixelHit 1333, 621, 23.7093, 0
PixelHit 1333, 622, 16.2011, 0
PixelHit 1333, 623, 39.2047, 0
PixelHit 1333, 624, 54.8429, 0
PixelHit 1333, 625, 7.65028, 0
PixelHit 1333, 627, 46.8663, 0
PixelHit 1333, 628, 56.1175, 0
PixelHit 1333, 629, 1.85604, 0
PixelHit 1334, 600, 0.988273, 0
PixelHit 1334, 603, 0.522035, 0
PixelHit 1334, 606, 3.50771, 0
PixelHit 1334, 608, 3.71989, 0
PixelHit 1334, 609, 3.2195, 0
PixelHit 1334, 610, 4.01673, 0
PixelHit 1334, 611, 1.51503, 0
PixelHit 1334, 612, 0.902651, 0
PixelHit 1334, 613, 5.9282, 0
PixelHit 1334, 614, 4.76236, 0
PixelHit 1334, 615, 6.06951, 0
PixelHit 1334, 616, 7.69078, 0
PixelHit 1334, 617, 25.5143, 0
PixelHit 1334, 618, 44.5286, 0
PixelHit 1334, 619, 45.2575, 0
PixelHit 1334, 620, 77.5098, 0
PixelHit 1334, 621, 94.8604, 0
PixelHit 1334, 622, 41.9753, 0
PixelHit 1334, 623, 50.2629, 0
PixelHit 1334, 624, 44.9981, 0
PixelHit 1334, 625, 4.46424, 0
PixelHit 1335, 597, 2.89746, 0
PixelHit 1335, 598, 1.32239, 0
PixelHit 1335, 599, 2.26238, 0
PixelHit 1335, 601, 2.77183, 0
PixelHit 1335, 602, 6.14015, 0
PixelHit 1335, 603, 3.09281, 0
PixelHit 1335, 604, 4.63385, 0
PixelHit 1335, 605, 9.61895, 0
PixelHit 1335, 606, 13.7813, 0
PixelHit 1335, 607, 14.1466, 0
PixelHit 1335, 608, 21.7139, 0
PixelHit 1335, 609, 22.7041, 0
PixelHit 1335, 610, 19.8616, 0
PixelHit 1335, 611, 10.3165, 0
PixelHit 1335, 612, 12.3523, 0
PixelHit 1335, 613, 12.8092, 0
PixelHit 1335, 614, 10.1158, 0
PixelHit 1335, 615, 16.0803, 0
PixelHit 1335, 616, 8.68858, 0
PixelHit 1335, 617, 21.4163, 0
PixelHit 1335, 618, 47.4673, 0
PixelHit 1335, 619, 31.5832, 0
PixelHit 1335, 620, 29.98, 0
PixelHit 1335, 621, 26.8933, 0
PixelHit 1335, 622, 12.8283, 0
PixelHit 1335, 623, 1.47979, 0
PixelHit 1335, 624, 1.4742, 0
PixelHit 1336, 593, 0.90573, 0
PixelHit 1336, 595, 2.41057, 0
PixelHit 1336, 597, 3.76041, 0
PixelHit 1336, 598, 4.61289, 0
PixelHit 1336, 599, 5.53393, 0
PixelHit 1336, 600, 5.38546, 0
PixelHit 1336, 601, 6.22703, 0
PixelHit 1336, 602, 18.668, 0
PixelHit 1336, 603, 25.874, 0
PixelHit 1336, 604, 28.8145, 0
PixelHit 1336, 605, 23.3892, 0
PixelHit 1336, 606, 33.9208, 0
PixelHit 1336, 607, 37.8311, 0
PixelHit 1336, 608, 61.7534, 0
PixelHit 1336, 609, 55.2862, 0
PixelHit 1336, 610, 37.3271, 0
PixelHit 1336, 611, 19.3806, 0
PixelHit 1336, 612, 12.0115, 0
PixelHit 1336, 613, 12.9036, 0
PixelHit 1336, 614, 7.54748, 0
PixelHit 1336, 615, 17.6993, 0
PixelHit 1336, 616, 6.33906, 0
PixelHit 1336, 617, 5.06839, 0
PixelHit 1336, 618, 5.05226, 0
PixelHit 1336, 619, 6.59006, 0
PixelHit 1336, 620, 4.24784, 0
PixelHit 1336, 621, 0.939997, 0
PixelHit 1337, 594, 5.57059, 0
PixelHit 1337, 595, 4.62253, 0
PixelHit 1337, 596, 2.96797, 0
PixelHit 1337, 597, 8.72001, 0
PixelHit 1337, 598, 14.2864, 0
PixelHit 1337, 599, 17.1172, 0
PixelHit 1337, 600, 21.1142, 0
PixelHit 1337, 601, 18.6345, 0
PixelHit 1337, 602, 30.1355, 0
PixelHit 1337, 603, 64.1161, 0
PixelHit 1337, 604, 49.6594, 0
PixelHit 1337, 605, 49.7066, 0
PixelHit 1337, 606, 34.5061, 0
PixelHit 1337, 607, 28.8973, 0
PixelHit 1337, 608, 30.0183, 0
PixelHit 1337, 609, 41.3474, 0
PixelHit 1337, 610, 11.0591, 0
PixelHit 1337, 611, 10.9216, 0
PixelHit 1337, 612, 3.57024, 0
PixelHit 1337, 613, 4.50479, 0
PixelHit 1337, 614, 4.54967, 0
PixelHit 1337, 615, 2.79209, 0
PixelHit 1337, 617, -0.0111512, 0
PixelHit 1337, 618, 2.06474, 0
PixelHit 1338, 594, 4.53863, 0
PixelHit 1338, 595, 9.92791, 0
PixelHit 1338, 596, 13.295, 0
PixelHit 1338, 597, 13.7413, 0
PixelHit 1338, 598, 22.4436, 0
PixelHit 1338, 599, 27.0472, 0
PixelHit 1338, 600, 24.7555, 0
PixelHit 1338, 601, 22.2423, 0
PixelHit 1338, 602, 26.2099, 0
PixelHit 1338, 603, 37.712, 0
PixelHit 1338, 604, 34.8947, 0
PixelHit 1338, 605, 27.5253, 0
PixelHit 1338, 606, 19.2606, 0
PixelHit 1338, 607, 13.977, 0
PixelHit 1338, 608, 6.38105, 0
PixelHit 1338, 609, 10.6316, 0
PixelHit 1338, 611, 2.89055, 0
PixelHit 1339, 593, 5.13261, 0
PixelHit 1339, 594, 6.27757, 0
PixelHit 1339, 595, 13.4482, 0
PixelHit 1339, 596, 12.704, 0
PixelHit 1339, 597, 20.1057, 0
PixelHit 1339, 598, 12.6694, 0
PixelHit 1339, 599, 10.5726, 0
PixelHit 1339, 600, 17.2356, 0
PixelHit 1339, 601, 8.02405, 0
PixelHit 1339, 602, 7.65982, 0
PixelHit 1339, 603, 6.98122, 0
PixelHit 1339, 604, 12.3751, 0
PixelHit 1339, 605, 8.09531, 0
PixelHit 1339, 606, 5.66346, 0
PixelHit 1339, 607, 2.81533, 0
PixelHit 1339, 608, 0.927085, 0
PixelHit 1339, 609, 2.61866, 0
PixelHit 1340, 592, 0.596049, 0
PixelHit 1340, 593, 1.09138, 0
PixelHit 1340, 595, 7.07835, 0
PixelHit 1340, 596, 8.57089, 0
PixelHit 1340, 597, 2.19246, 0
PixelHit 1340, 598, 4.71423, 0
PixelHit 1340, 599, 3.20068, 0
PixelHit 1340, 600, 2.57903, 0
PixelHit 1340, 602, 1.19399, 0
PixelHit 1340, 605, 0.943204, 0
PixelHit 1341, 596, 1.88844, 0
PixelHit 1341, 597, 2.4975, 0
PixelHit 1341, 598, 0.61084, 0
=== 77 ===
=== 78 ===
=== 79 ===
=== 80 ===
=== 81 ===
=== 82 ===
=== 83 ===
=== 84 ===
=== 85 ===
=== 86 ===
=== 87 ===
=== 88 ===
=== 89 ===
=== 90 ===
=== 91 ===
=== 92 ===
=== 93 ===
=== 94 ===
=== 95 ===
=== 96 ===
=== 97 ===
=== 98 ===
=== 99 ===
=== 100 ===
# 1040 objects from 3 messages
