# Allpix Squared ASCII data - https://cern.ch/allpix-squared

=== 1 ===
=== 2 ===
=== 3 ===
=== 4 ===
=== 5 ===
=== 6 ===
=== 7 ===
=== 8 ===
=== 9 ===
=== 10 ===
=== 11 ===
=== 12 ===
=== 13 ===
=== 14 ===
=== 15 ===
=== 16 ===
=== 17 ===
=== 18 ===
=== 19 ===
=== 20 ===
=== 21 ===
=== 22 ===
=== 23 ===
=== 24 ===
=== 25 ===
=== 26 ===
=== 27 ===
=== 28 ===
=== 29 ===
=== 30 ===
=== 31 ===
--- mydetector ---
PixelHit 1340, 851, 16.5468, 0
PixelHit 1340, 853, 1.35814, 0
PixelHit 1341, 850, 29.1908, 0
PixelHit 1341, 851, 230.639, 0
PixelHit 1341, 852, 3.4722, 0
PixelHit 1342, 850, 2.72525, 0
PixelHit 1342, 851, 13.398, 0
PixelHit 1342, 852, 3.55801, 0
PixelHit 1343, 850, 2.1662, 0
PixelHit 1343, 851, 19.7331, 0
PixelHit 1344, 849, 2.87601, 0
PixelHit 1344, 850, 16.3881, 0
PixelHit 1344, 851, 70.0934, 0
PixelHit 1345, 850, 6.66368, 0
PixelHit 1345, 851, 53.7531, 0
PixelHit 1345, 852, 5.75365, 0
PixelHit 1346, 850, 20.8157, 0
PixelHit 1346, 851, 85.526, 0
PixelHit 1346, 852, 9.6993, 0
PixelHit 1347, 849, 3.18631, 0
PixelHit 1347, 850, 4.57015, 0
PixelHit 1347, 851, 34.1284, 0
PixelHit 1348, 850, 1.03651, 0
PixelHit 1348, 851, 3.54555, 0
PixelHit 1348, 852, 0.702135, 0
PixelHit 1349, 850, 2.0789, 0
PixelHit 1349, 851, 18.2198, 0
PixelHit 1350, 850, 16.1535, 0
PixelHit 1350, 851, 49.7726, 0
PixelHit 1350, 852, 7.51806, 0
PixelHit 1351, 850, 11.8617, 0
PixelHit 1351, 851, 45.557, 0
PixelHit 1352, 850, 22.515, 0
PixelHit 1352, 851, 70.7868, 0
PixelHit 1352, 852, 13.4745, 0
PixelHit 1353, 850, 15.2752, 0
PixelHit 1353, 851, 43.6022, 0
PixelHit 1353, 852, 9.72039, 0
PixelHit 1353, 853, 3.23192, 0
PixelHit 1354, 849, 2.13661, 0
PixelHit 1354, 850, 6.42812, 0
PixelHit 1354, 851, 13.682, 0
PixelHit 1354, 852, 7.28582, 0
PixelHit 1355, 850, 5.28226, 0
PixelHit 1355, 851, 27.9968, 0
PixelHit 1355, 852, 4.05708, 0
PixelHit 1356, 850, 1.56526, 0
PixelHit 1356, 851, 12.0247, 0
PixelHit 1356, 852, 6.59122, 0
PixelHit 1357, 850, 9.62006, 0
PixelHit 1357, 851, 30.3255, 0
PixelHit 1357, 852, 11.7702, 0
PixelHit 1357, 853, 1.66349, 0
PixelHit 1358, 850, 46.82, 0
PixelHit 1358, 851, 171.922, 0
PixelHit 1358, 852, 49.9477, 0
PixelHit 1358, 853, 5.78641, 0
PixelHit 1359, 849, 1.57083, 0
PixelHit 1359, 850, 92.2907, 0
PixelHit 1359, 851, 306.924, 0
PixelHit 1359, 852, 134.284, 0
PixelHit 1359, 853, 7.88592, 0
PixelHit 1360, 849, 11.4482, 0
PixelHit 1360, 850, 122.316, 0
PixelHit 1360, 851, 348.746, 0
PixelHit 1360, 852, 162.473, 0
PixelHit 1360, 853, 21.8805, 0
PixelHit 1361, 849, 3.94546, 0
PixelHit 1361, 850, 61.3112, 0
PixelHit 1361, 851, 209.22, 0
PixelHit 1361, 852, 115.858, 0
PixelHit 1361, 853, 8.77775, 0
PixelHit 1362, 850, 9.11179, 0
PixelHit 1362, 851, 51.589, 0
PixelHit 1362, 852, 25.3297, 0
PixelHit 1362, 853, 2.99663, 0
PixelHit 1363, 850, 13.8261, 0
PixelHit 1363, 851, 23.3276, 0
PixelHit 1363, 852, 15.1169, 0
PixelHit 1364, 851, 17.0205, 0
PixelHit 1364, 852, 4.60885, 0
PixelHit 1365, 851, 16.768, 0
PixelHit 1365, 852, 3.38693, 0
PixelHit 1366, 850, 7.48831, 0
PixelHit 1366, 851, 9.86855, 0
PixelHit 1366, 852, 3.90453, 0
PixelHit 1366, 853, 1.64422, 0
PixelHit 1367, 850, 4.5908, 0
PixelHit 1367, 851, 13.3979, 0
PixelHit 1367, 852, 6.2643, 0
PixelHit 1367, 853, 0.556021, 0
PixelHit 1368, 849, 1.27701, 0
PixelHit 1368, 850, 4.57321, 0
PixelHit 1368, 851, 14.9403, 0
PixelHit 1368, 852, 8.65466, 0
PixelHit 1368, 853, 1.38364, 0
PixelHit 1369, 850, 10.7857, 0
PixelHit 1369, 851, 14.4068, 0
PixelHit 1369, 852, 7.49643, 0
PixelHit 1369, 853, 3.54246, 0
PixelHit 1370, 849, 0.0312865, 0
PixelHit 1370, 850, 13.2237, 0
PixelHit 1370, 851, 23.3154, 0
PixelHit 1370, 852, 18.7967, 0
PixelHit 1370, 853, 5.73259, 0
PixelHit 1371, 849, 1.68508, 0
PixelHit 1371, 850, 13.8541, 0
PixelHit 1371, 851, 33.6295, 0
PixelHit 1371, 852, 32.7002, 0
PixelHit 1371, 853, 8.69808, 0
PixelHit 1372, 849, 1.39872, 0
PixelHit 1372, 850, 8.77379, 0
PixelHit 1372, 851, 28.68, 0
PixelHit 1372, 852, 18.3723, 0
PixelHit 1372, 853, 5.36523, 0
PixelHit 1373, 849, 0.804641, 0
PixelHit 1373, 851, 13.2684, 0
PixelHit 1373, 852, 7.71668, 0
PixelHit 1373, 853, 3.32375, 0
PixelHit 1373, 854, 1.12848, 0
PixelHit 1374, 850, 2.67811, 0
PixelHit 1374, 851, 4.30991, 0
PixelHit 1374, 852, 1.79429, 0
PixelHit 1375, 851, 2.5694, 0
PixelHit 1375, 852, 2.77689, 0
PixelHit 1376, 849, 1.44869, 0
PixelHit 1376, 850, 4.08295, 0
PixelHit 1376, 851, 11.9737, 0
PixelHit 1376, 852, 11.7398, 0
PixelHit 1376, 853, 2.0421, 0
PixelHit 1377, 850, 10.643, 0
PixelHit 1377, 851, 21.5294, 0
PixelHit 1377, 852, 19.6179, 0
PixelHit 1378, 850, 8.88233, 0
PixelHit 1378, 851, 38.8461, 0
PixelHit 1378, 852, 25.8447, 0
PixelHit 1378, 853, 11.1533, 0
PixelHit 1378, 854, 8.27145, 0
PixelHit 1379, 848, 1.29185, 0
PixelHit 1379, 849, 5.8252, 0
PixelHit 1379, 850, 27.9602, 0
PixelHit 1379, 851, 68.3899, 0
PixelHit 1379, 852, 66.197, 0
PixelHit 1379, 853, 13.553, 0
PixelHit 1379, 854, 1.77368, 0
PixelHit 1380, 849, 7.88651, 0
PixelHit 1380, 850, 24.7545, 0
PixelHit 1380, 851, 87.9371, 0
PixelHit 1380, 852, 75.8221, 0
PixelHit 1380, 853, 20.4295, 0
PixelHit 1380, 854, 2.44973, 0
PixelHit 1381, 848, 2.22579, 0
PixelHit 1381, 849, 1.7086, 0
PixelHit 1381, 850, 22.1701, 0
PixelHit 1381, 851, 53.2121, 0
PixelHit 1381, 852, 63.1804, 0
PixelHit 1381, 853, 19.2284, 0
PixelHit 1382, 848, 2.38009, 0
PixelHit 1382, 849, 4.63279, 0
PixelHit 1382, 850, 9.32388, 0
PixelHit 1382, 851, 36.3253, 0
PixelHit 1382, 852, 31.9039, 0
PixelHit 1382, 853, 12.8516, 0
PixelHit 1383, 850, 11.4834, 0
PixelHit 1383, 851, 29.0359, 0
PixelHit 1383, 852, 21.1943, 0
PixelHit 1383, 853, 8.2542, 0
PixelHit 1383, 855, 1.74809, 0
PixelHit 1384, 849, 3.67828, 0
PixelHit 1384, 850, 12.7072, 0
PixelHit 1384, 851, 23.8829, 0
PixelHit 1384, 852, 22.81, 0
PixelHit 1384, 853, 9.7481, 0
PixelHit 1384, 854, 2.4768, 0
PixelHit 1385, 850, 16.3041, 0
PixelHit 1385, 851, 24.7938, 0
PixelHit 1385, 852, 23.5649, 0
PixelHit 1385, 853, 8.80215, 0
PixelHit 1385, 854, 1.28289, 0
PixelHit 1386, 850, 16.6963, 0
PixelHit 1386, 851, 29.4981, 0
PixelHit 1386, 852, 20.8381, 0
PixelHit 1386, 853, 14.6874, 0
PixelHit 1386, 854, 3.48323, 0
PixelHit 1387, 849, 3.43957, 0
PixelHit 1387, 850, 10.1072, 0
PixelHit 1387, 851, 19.8641, 0
PixelHit 1387, 852, 25.1042, 0
PixelHit 1387, 853, 11.0983, 0
PixelHit 1387, 854, 3.45727, 0
PixelHit 1388, 849, 1.68336, 0
PixelHit 1388, 850, 10.65, 0
PixelHit 1388, 851, 19.7777, 0
PixelHit 1388, 852, 13.0864, 0
PixelHit 1388, 853, 13.0036, 0
PixelHit 1388, 854, 3.36295, 0
PixelHit 1389, 849, 1.88032, 0
PixelHit 1389, 850, 6.3932, 0
PixelHit 1389, 851, 20.6596, 0
PixelHit 1389, 852, 19.0895, 0
PixelHit 1389, 853, 13.0508, 0
PixelHit 1389, 854, 2.52021, 0
PixelHit 1390, 850, 11.0364, 0
PixelHit 1390, 851, 17.5902, 0
PixelHit 1390, 852, 21.6024, 0
PixelHit 1390, 853, 6.74276, 0
PixelHit 1390, 854, 1.9993, 0
PixelHit 1391, 849, 2.62816, 0
PixelHit 1391, 850, 7.67193, 0
PixelHit 1391, 851, 14.2702, 0
PixelHit 1391, 852, 7.33668, 0
PixelHit 1391, 853, 4.53291, 0
PixelHit 1392, 849, 2.0027, 0
PixelHit 1392, 850, 9.15647, 0
PixelHit 1392, 851, 18.2892, 0
PixelHit 1392, 852, 14.0411, 0
PixelHit 1392, 853, 6.70326, 0
PixelHit 1393, 849, 4.36844, 0
PixelHit 1393, 850, 19.1627, 0
PixelHit 1393, 851, 27.8733, 0
PixelHit 1393, 852, 36.3908, 0
PixelHit 1393, 853, 13.6201, 0
PixelHit 1393, 854, 3.25348, 0
PixelHit 1394, 849, 3.5082, 0
PixelHit 1394, 850, 12.2599, 0
PixelHit 1394, 851, 36.4782, 0
PixelHit 1394, 852, 34.4736, 0
PixelHit 1394, 853, 23.4551, 0
PixelHit 1394, 854, 6.7755, 0
PixelHit 1395, 848, 3.39127, 0
PixelHit 1395, 850, 16.2926, 0
PixelHit 1395, 851, 31.1923, 0
PixelHit 1395, 852, 43.3727, 0
PixelHit 1395, 853, 21.3831, 0
PixelHit 1395, 854, 6.84865, 0
PixelHit 1396, 849, 2.45355, 0
PixelHit 1396, 850, 7.16987, 0
PixelHit 1396, 851, 18.2662, 0
PixelHit 1396, 852, 31.4235, 0
PixelHit 1396, 853, 9.87486, 0
PixelHit 1396, 854, 2.35448, 0
PixelHit 1396, 855, 2.16583, 0
PixelHit 1397, 850, 4.6098, 0
PixelHit 1397, 851, 11.637, 0
PixelHit 1397, 852, 13.5633, 0
PixelHit 1397, 853, 6.56602, 0
PixelHit 1397, 854, 3.46674, 0
PixelHit 1398, 850, 6.65212, 0
PixelHit 1398, 851, 15.6866, 0
PixelHit 1398, 852, 8.88279, 0
PixelHit 1398, 853, 11.7821, 0
PixelHit 1399, 849, 2.42518, 0
PixelHit 1399, 850, 13.9865, 0
PixelHit 1399, 851, 24.4042, 0
PixelHit 1399, 852, 19.2783, 0
PixelHit 1399, 853, 12.2588, 0
PixelHit 1399, 854, 4.0788, 0
PixelHit 1399, 855, 2.38245, 0
PixelHit 1400, 849, 7.38653, 0
PixelHit 1400, 850, 25.1543, 0
PixelHit 1400, 851, 71.6851, 0
PixelHit 1400, 852, 94.3342, 0
PixelHit 1400, 853, 61.2911, 0
PixelHit 1400, 854, 15.1922, 0
PixelHit 1400, 855, 6.27735, 0
PixelHit 1401, 849, 16.6204, 0
PixelHit 1401, 850, 60.8613, 0
PixelHit 1401, 851, 133.901, 0
PixelHit 1401, 852, 183.691, 0
PixelHit 1401, 853, 126.095, 0
PixelHit 1401, 854, 38.9296, 0
PixelHit 1401, 855, 4.88165, 0
PixelHit 1402, 848, 1.19727, 0
PixelHit 1402, 849, 12.0764, 0
PixelHit 1402, 850, 54.6937, 0
PixelHit 1402, 851, 163.476, 0
PixelHit 1402, 852, 221.621, 0
PixelHit 1402, 853, 130.701, 0
PixelHit 1402, 854, 40.3483, 0
PixelHit 1402, 855, 4.81321, 0
PixelHit 1403, 848, 3.02099, 0
PixelHit 1403, 849, 8.80459, 0
PixelHit 1403, 850, 26.9933, 0
PixelHit 1403, 851, 98.3054, 0
PixelHit 1403, 852, 133.357, 0
PixelHit 1403, 853, 90.2545, 0
PixelHit 1403, 854, 25.4268, 0
PixelHit 1403, 855, 6.53965, 0
PixelHit 1403, 856, 2.00189, 0
PixelHit 1404, 848, 1.74984, 0
PixelHit 1404, 849, 2.22427, 0
PixelHit 1404, 850, 11.4667, 0
PixelHit 1404, 851, 31.8686, 0
PixelHit 1404, 852, 33.3951, 0
PixelHit 1404, 853, 17.0276, 0
PixelHit 1404, 854, 7.74173, 0
PixelHit 1404, 855, 0.394772, 0
PixelHit 1405, 851, 5.30188, 0
PixelHit 1405, 852, 6.58865, 0
PixelHit 1405, 853, 4.80771, 0
PixelHit 1405, 855, 0.582504, 0
PixelHit 1406, 852, 2.61034, 0
PixelHit 1460, 1107, 2.86569, 0
PixelHit 1461, 1106, 3.87385, 0
PixelHit 1461, 1107, 20.6349, 0
PixelHit 1461, 1108, 2.72752, 0
PixelHit 1462, 1106, 4.30085, 0
PixelHit 1462, 1107, 72.4445, 0
PixelHit 1463, 1106, 9.25773, 0
PixelHit 1463, 1107, 35.6459, 0
PixelHit 1463, 1108, 1.03826, 0
PixelHit 1464, 1106, 27.5617, 0
PixelHit 1464, 1107, 69.2337, 0
PixelHit 1464, 1108, 3.87772, 0
PixelHit 1465, 1106, 312.449, 0
PixelHit 1465, 1107, 813.677, 0
PixelHit 1465, 1108, 33.6942, 0
PixelHit 1466, 1105, 2.07148, 0
PixelHit 1466, 1106, 101.011, 0
PixelHit 1466, 1107, 251.778, 0
PixelHit 1466, 1108, 10.0626, 0
PixelHit 1467, 1106, 6.38132, 0
PixelHit 1467, 1107, 10.7002, 0
PixelHit 1467, 1108, 1.1596, 0
PixelHit 1468, 1106, 6.19297, 0
PixelHit 1468, 1107, 9.91439, 0
PixelHit 1469, 1106, 22.9823, 0
PixelHit 1469, 1107, 46.9975, 0
PixelHit 1469, 1108, 4.38727, 0
PixelHit 1469, 1109, 1.87466, 0
PixelHit 1470, 1105, 1.77799, 0
PixelHit 1470, 1106, 30.5128, 0
PixelHit 1470, 1107, 44.2495, 0
PixelHit 1470, 1108, 1.50293, 0
PixelHit 1471, 1105, 1.81065, 0
PixelHit 1471, 1106, 28.5, 0
PixelHit 1471, 1107, 34.5024, 0
PixelHit 1472, 1106, 4.02883, 0
PixelHit 1472, 1107, 8.6716, 0
PixelHit 1472, 1108, 1.36898, 0
PixelHit 1473, 1107, 2.98471, 0
PixelHit 1474, 1106, 4.84057, 0
PixelHit 1474, 1107, 9.76633, 0
PixelHit 1475, 1105, 2.5951, 0
PixelHit 1475, 1106, 14.7606, 0
PixelHit 1475, 1107, 18.4397, 0
PixelHit 1475, 1108, 3.65218, 0
PixelHit 1476, 1105, 5.43998, 0
PixelHit 1476, 1106, 26.8707, 0
PixelHit 1476, 1107, 18.2, 0
PixelHit 1476, 1108, 4.40738, 0
PixelHit 1477, 1105, 2.43337, 0
PixelHit 1477, 1106, 5.92281, 0
PixelHit 1477, 1107, 12.1042, 0
PixelHit 1478, 1105, 0.72676, 0
PixelHit 1479, 1105, 3.89983, 0
PixelHit 1479, 1106, 7.24137, 0
PixelHit 1479, 1107, 11.8813, 0
PixelHit 1480, 1105, 5.20716, 0
PixelHit 1480, 1106, 14.7569, 0
PixelHit 1480, 1107, 16.8402, 0
PixelHit 1480, 1108, 2.60404, 0
PixelHit 1481, 1105, 10.4263, 0
PixelHit 1481, 1106, 16.9299, 0
PixelHit 1481, 1107, 27.5304, 0
PixelHit 1481, 1108, 1.66687, 0
PixelHit 1482, 1105, 2.64322, 0
PixelHit 1482, 1106, 20.0595, 0
PixelHit 1482, 1107, 26.0397, 0
PixelHit 1482, 1108, 2.20645, 0
PixelHit 1483, 1105, 1.96083, 0
PixelHit 1483, 1106, 13.2356, 0
PixelHit 1483, 1107, 6.27154, 0
PixelHit 1484, 1105, 3.6098, 0
PixelHit 1484, 1106, 23.8393, 0
PixelHit 1484, 1107, 15.0565, 0
PixelHit 1484, 1108, 6.2782, 0
PixelHit 1485, 1105, 8.29142, 0
PixelHit 1485, 1106, 16.0021, 0
PixelHit 1485, 1107, 8.5653, 0
PixelHit 1485, 1108, 1.39369, 0
PixelHit 1486, 1104, 0.355076, 0
PixelHit 1486, 1105, 3.47263, 0
PixelHit 1486, 1106, 9.41808, 0
PixelHit 1486, 1107, 2.67021, 0
PixelHit 1486, 1109, 1.15721, 0
PixelHit 1487, 1105, 4.45365, 0
PixelHit 1487, 1106, 23.3902, 0
PixelHit 1487, 1107, 12.5113, 0
PixelHit 1487, 1108, 4.17363, 0
PixelHit 1488, 1104, 1.72772, 0
PixelHit 1488, 1105, 8.21173, 0
PixelHit 1488, 1106, 19.0231, 0
PixelHit 1488, 1107, 14.2258, 0
PixelHit 1488, 1108, 5.47162, 0
PixelHit 1489, 1105, 4.91269, 0
PixelHit 1489, 1106, 16.1778, 0
PixelHit 1489, 1107, 18.3184, 0
PixelHit 1489, 1108, 4.30673, 0
PixelHit 1490, 1105, 5.65984, 0
PixelHit 1490, 1106, 14.19, 0
PixelHit 1490, 1107, 23.5186, 0
PixelHit 1490, 1108, 1.7464, 0
PixelHit 1491, 1104, 1.65429, 0
PixelHit 1491, 1105, 13.9139, 0
PixelHit 1491, 1106, 28.7752, 0
PixelHit 1491, 1107, 26.1595, 0
PixelHit 1491, 1108, 4.806, 0
PixelHit 1492, 1104, 5.27584, 0
PixelHit 1492, 1105, 37.0536, 0
PixelHit 1492, 1106, 72.9008, 0
PixelHit 1492, 1107, 53.8231, 0
PixelHit 1492, 1108, 16.5044, 0
PixelHit 1493, 1104, 5.55386, 0
PixelHit 1493, 1105, 45.6038, 0
PixelHit 1493, 1106, 116.684, 0
PixelHit 1493, 1107, 100.123, 0
PixelHit 1493, 1108, 26.7041, 0
PixelHit 1493, 1109, 2.26351, 0
PixelHit 1494, 1104, 9.40217, 0
PixelHit 1494, 1105, 39.9338, 0
PixelHit 1494, 1106, 88.7586, 0
PixelHit 1494, 1107, 57.248, 0
PixelHit 1494, 1108, 10.4895, 0
PixelHit 1495, 1105, 26.2507, 0
PixelHit 1495, 1106, 21.0488, 0
PixelHit 1495, 1107, 42.0883, 0
PixelHit 1495, 1108, 6.14298, 0
PixelHit 1495, 1109, 3.00104, 0
PixelHit 1496, 1104, 2.20103, 0
PixelHit 1496, 1105, 4.24662, 0
PixelHit 1496, 1106, 21.1636, 0
PixelHit 1496, 1107, 13.8055, 0
PixelHit 1496, 1108, 1.73478, 0
PixelHit 1497, 1105, 9.37332, 0
PixelHit 1497, 1106, 11.882, 0
PixelHit 1497, 1107, 7.591, 0
PixelHit 1497, 1108, 2.34415, 0
PixelHit 1498, 1104, 1.81202, 0
PixelHit 1498, 1105, 8.66084, 0
PixelHit 1498, 1106, 23.7013, 0
PixelHit 1498, 1107, 13.2052, 0
PixelHit 1498, 1108, 0.709492, 0
PixelHit 1499, 1104, 2.58044, 0
PixelHit 1499, 1105, 15.209, 0
PixelHit 1499, 1106, 33.7606, 0
PixelHit 1499, 1107, 15.4754, 0
PixelHit 1499, 1108, 4.32927, 0
PixelHit 1499, 1109, 2.43019, 0
PixelHit 1500, 1102, 1.00279, 0
PixelHit 1500, 1104, 6.36226, 0
PixelHit 1500, 1105, 17.935, 0
PixelHit 1500, 1106, 42.3721, 0
PixelHit 1500, 1107, 24.6812, 0
PixelHit 1500, 1108, 2.37118, 0
PixelHit 1501, 1103, 2.81332, 0
PixelHit 1501, 1104, 2.45602, 0
PixelHit 1501, 1105, 9.70073, 0
PixelHit 1501, 1106, 28.479, 0
PixelHit 1501, 1107, 11.7907, 0
PixelHit 1501, 1108, 2.81972, 0
PixelHit 1502, 1102, 0.397792, 0
PixelHit 1502, 1105, 4.09674, 0
PixelHit 1502, 1106, 13.6255, 0
PixelHit 1502, 1107, 14.1035, 0
PixelHit 1503, 1104, 3.03841, 0
PixelHit 1503, 1105, 8.60161, 0
PixelHit 1503, 1106, 7.74287, 0
PixelHit 1503, 1107, 14.2416, 0
PixelHit 1504, 1104, 2.70981, 0
PixelHit 1504, 1105, 9.95345, 0
PixelHit 1504, 1106, 18.3242, 0
PixelHit 1504, 1107, 19.9587, 0
PixelHit 1504, 1108, 1.71345, 0
PixelHit 1505, 1104, 6.21341, 0
PixelHit 1505, 1105, 16.2471, 0
PixelHit 1505, 1106, 20.2417, 0
PixelHit 1505, 1107, 18.0218, 0
PixelHit 1505, 1108, 3.64838, 0
PixelHit 1506, 1104, 4.71423, 0
PixelHit 1506, 1105, 11.9089, 0
PixelHit 1506, 1106, 15.9697, 0
PixelHit 1506, 1107, 17.4714, 0
PixelHit 1506, 1108, 4.65927, 0
PixelHit 1507, 1103, 1.9399, 0
PixelHit 1507, 1104, 2.59901, 0
PixelHit 1507, 1105, 27.0271, 0
PixelHit 1507, 1106, 18.2539, 0
PixelHit 1507, 1107, 10.4143, 0
PixelHit 1507, 1108, 3.97011, 0
PixelHit 1508, 1105, 10.0814, 0
PixelHit 1508, 1106, 21.6346, 0
PixelHit 1508, 1107, 8.99762, 0
PixelHit 1508, 1108, 3.17415, 0
PixelHit 1509, 1104, 2.90824, 0
PixelHit 1509, 1105, 10.5535, 0
PixelHit 1509, 1106, 12.6349, 0
PixelHit 1509, 1107, 12.1723, 0
PixelHit 1509, 1108, 1.68373, 0
PixelHit 1510, 1104, 3.88003, 0
PixelHit 1510, 1105, 8.57957, 0
PixelHit 1510, 1106, 12.5782, 0
PixelHit 1510, 1107, 13.2967, 0
PixelHit 1510, 1108, 2.00897, 0
PixelHit 1511, 1103, 0.268829, 0
PixelHit 1511, 1104, 2.35496, 0
PixelHit 1511, 1105, 9.18877, 0
PixelHit 1511, 1106, 11.3307, 0
PixelHit 1511, 1107, 11.3931, 0
PixelHit 1511, 1108, 2.07411, 0
PixelHit 1511, 1109, 2.57578, 0
PixelHit 1512, 1104, 3.44668, 0
PixelHit 1512, 1105, 11.3589, 0
PixelHit 1512, 1106, 14.9793, 0
PixelHit 1512, 1107, 11.4392, 0
PixelHit 1512, 1108, 4.40209, 0
PixelHit 1512, 1109, 1.31606, 0
PixelHit 1513, 1104, 7.46208, 0
PixelHit 1513, 1105, 14.4631, 0
PixelHit 1513, 1106, 22.8747, 0
PixelHit 1513, 1107, 6.62825, 0
PixelHit 1513, 1108, 4.48513, 0
PixelHit 1514, 1104, 6.36317, 0
PixelHit 1514, 1105, 31.4291, 0
PixelHit 1514, 1106, 33.9491, 0
PixelHit 1514, 1107, 19.5483, 0
PixelHit 1515, 1104, 10.8625, 0
PixelHit 1515, 1105, 25.6455, 0
PixelHit 1515, 1106, 31.1713, 0
PixelHit 1515, 1107, 22.424, 0
PixelHit 1515, 1108, 5.55958, 0
PixelHit 1516, 1103, 3.09862, 0
PixelHit 1516, 1104, 7.13574, 0
PixelHit 1516, 1105, 25.4605, 0
PixelHit 1516, 1106, 22.9873, 0
PixelHit 1516, 1107, 9.54243, 0
PixelHit 1517, 1105, 13.1576, 0
PixelHit 1517, 1106, 18.1884, 0
PixelHit 1517, 1107, 15.6462, 0
PixelHit 1517, 1108, 3.61322, 0
PixelHit 1518, 1103, 0.577654, 0
PixelHit 1518, 1104, 6.34733, 0
PixelHit 1518, 1105, 15.2648, 0
PixelHit 1518, 1106, 14.6313, 0
PixelHit 1518, 1107, 2.88632, 0
PixelHit 1518, 1108, 3.00312, 0
PixelHit 1519, 1104, 2.85733, 0
PixelHit 1519, 1105, 8.26513, 0
PixelHit 1519, 1106, 11.2335, 0
PixelHit 1519, 1107, 10.3925, 0
PixelHit 1519, 1108, 7.14397, 0
PixelHit 1520, 1104, 3.00218, 0
PixelHit 1520, 1106, 7.0068, 0
PixelHit 1520, 1107, 4.52699, 0
PixelHit 1521, 1105, 5.06926, 0
=== 32 ===
=== 33 ===
=== 34 ===
=== 35 ===
=== 36 ===
=== 37 ===
=== 38 ===
--- mydetector ---
PixelHit 1088, 804, 13.9742, 0
PixelHit 1088, 805, 17.2483, 0
PixelHit 1089, 804, 45.7745, 0
PixelHit 1089, 805, 89.124, 0
PixelHit 1090, 804, 18.0128, 0
PixelHit 1090, 805, 28.4947, 0
PixelHit 1091, 804, 100.155, 0
PixelHit 1091, 805, 255.684, 0
PixelHit 1091, 806, 2.15011, 0
PixelHit 1092, 804, 24.065, 0
PixelHit 1092, 805, 44.0759, 0
PixelHit 1093, 804, 17.5804, 0
PixelHit 1093, 805, 43.4223, 0
PixelHit 1094, 804, 15.8988, 0
PixelHit 1094, 805, 30.1752, 0
PixelHit 1094, 806, 1.30261, 0
PixelHit 1095, 804, 22.7144, 0
PixelHit 1095, 805, 39.8052, 0
PixelHit 1095, 806, 4.59538, 0
PixelHit 1096, 804, 6.18316, 0
PixelHit 1096, 805, 21.7197, 0
PixelHit 1097, 805, 3.63123, 0
PixelHit 1098, 804, 7.30604, 0
PixelHit 1098, 805, 16.7133, 0
PixelHit 1099, 803, 0.707572, 0
PixelHit 1099, 804, 15.5795, 0
PixelHit 1099, 805, 40.3386, 0
PixelHit 1099, 806, 6.8166, 0
PixelHit 1100, 804, 31.0574, 0
PixelHit 1100, 805, 80.3939, 0
PixelHit 1100, 806, 8.21139, 0
PixelHit 1101, 804, 13.2314, 0
PixelHit 1101, 805, 30.0261, 0
PixelHit 1101, 806, 6.8444, 0
PixelHit 1102, 804, 3.09696, 0
PixelHit 1102, 805, 8.15073, 0
PixelHit 1103, 804, 3.44458, 0
PixelHit 1103, 805, 19.6657, 0
PixelHit 1103, 806, 2.70745, 0
PixelHit 1104, 804, 16.6858, 0
PixelHit 1104, 805, 30.9193, 0
PixelHit 1104, 806, 4.1973, 0
PixelHit 1105, 803, 2.01714, 0
PixelHit 1105, 804, 10.3256, 0
PixelHit 1105, 805, 41.7242, 0
PixelHit 1105, 806, 8.5534, 0
PixelHit 1106, 804, 16.6423, 0
PixelHit 1106, 805, 52.1, 0
PixelHit 1106, 806, 18.404, 0
PixelHit 1106, 807, 3.00935, 0
PixelHit 1107, 804, 5.37213, 0
PixelHit 1107, 805, 37.5452, 0
PixelHit 1107, 806, 8.14624, 0
PixelHit 1107, 807, 2.48562, 0
PixelHit 1108, 804, 5.90669, 0
PixelHit 1108, 805, 18.8871, 0
PixelHit 1108, 806, 12.4683, 0
PixelHit 1109, 803, 4.59075, 0
PixelHit 1109, 804, 10.487, 0
PixelHit 1109, 805, 21.4955, 0
PixelHit 1109, 806, 13.4873, 0
PixelHit 1109, 807, 0.512209, 0
PixelHit 1110, 804, 16.9145, 0
PixelHit 1110, 805, 45.1981, 0
PixelHit 1110, 806, 19.6667, 0
PixelHit 1110, 807, 4.12646, 0
PixelHit 1111, 804, 17.1071, 0
PixelHit 1111, 805, 34.9823, 0
PixelHit 1111, 806, 24.3947, 0
PixelHit 1111, 807, 5.59585, 0
PixelHit 1112, 803, 1.8788, 0
PixelHit 1112, 804, 11.655, 0
PixelHit 1112, 805, 32.5273, 0
PixelHit 1112, 806, 27.3647, 0
PixelHit 1112, 807, 2.5979, 0
PixelHit 1113, 803, 3.5472, 0
PixelHit 1113, 804, 18.9279, 0
PixelHit 1113, 805, 46.7389, 0
PixelHit 1113, 806, 35.5485, 0
PixelHit 1113, 807, 2.95812, 0
PixelHit 1114, 804, 14.4029, 0
PixelHit 1114, 805, 42.1027, 0
PixelHit 1114, 806, 27.5983, 0
PixelHit 1114, 807, 5.42631, 0
PixelHit 1115, 804, 6.55427, 0
PixelHit 1115, 805, 19.4026, 0
PixelHit 1115, 806, 10.3591, 0
PixelHit 1116, 804, 6.52346, 0
PixelHit 1116, 805, 7.96334, 0
PixelHit 1116, 806, 10.6212, 0
PixelHit 1116, 807, 1.01237, 0
PixelHit 1117, 803, 2.42344, 0
PixelHit 1117, 804, 9.99796, 0
PixelHit 1117, 805, 12.6168, 0
PixelHit 1117, 806, 4.93855, 0
PixelHit 1117, 807, 7.17064, 0
PixelHit 1118, 804, 3.56964, 0
PixelHit 1118, 805, 19.114, 0
PixelHit 1118, 806, 15.0138, 0
PixelHit 1118, 808, 1.83994, 0
PixelHit 1119, 804, 5.65323, 0
PixelHit 1119, 805, 9.25243, 0
PixelHit 1119, 806, 10.3175, 0
PixelHit 1119, 807, 3.18906, 0
PixelHit 1120, 804, 5.94694, 0
PixelHit 1120, 805, 8.87193, 0
PixelHit 1120, 806, 10.8885, 0
PixelHit 1120, 808, 0.540572, 0
PixelHit 1121, 804, 2.57027, 0
PixelHit 1121, 805, 11.857, 0
PixelHit 1121, 806, 6.67465, 0
PixelHit 1121, 807, 2.95465, 0
PixelHit 1122, 803, 2.68792, 0
PixelHit 1122, 804, 2.24017, 0
PixelHit 1122, 805, 8.14496, 0
PixelHit 1122, 806, 5.58721, 0
PixelHit 1123, 804, 6.44115, 0
PixelHit 1123, 805, 13.8958, 0
PixelHit 1123, 806, 12.464, 0
PixelHit 1123, 807, 4.64107, 0
PixelHit 1124, 804, 6.77841, 0
PixelHit 1124, 805, 24.1806, 0
PixelHit 1124, 806, 20.8821, 0
PixelHit 1124, 807, 6.72782, 0
PixelHit 1124, 808, 1.9768, 0
PixelHit 1125, 804, 7.87115, 0
PixelHit 1125, 805, 28.4221, 0
PixelHit 1125, 806, 35.4392, 0
PixelHit 1125, 807, 9.93797, 0
PixelHit 1126, 804, 9.09574, 0
PixelHit 1126, 805, 25.4712, 0
PixelHit 1126, 806, 40.7574, 0
PixelHit 1126, 807, 11.3964, 0
PixelHit 1127, 803, 1.82814, 0
PixelHit 1127, 804, 8.16866, 0
PixelHit 1127, 805, 23.7804, 0
PixelHit 1127, 806, 14.3264, 0
PixelHit 1127, 807, 7.60958, 0
PixelHit 1127, 808, 1.05696, 0
PixelHit 1128, 803, 3.16692, 0
PixelHit 1128, 804, 2.1028, 0
PixelHit 1128, 805, 24.2831, 0
PixelHit 1128, 806, 22.7647, 0
PixelHit 1128, 807, 9.34143, 0
PixelHit 1128, 808, 2.27441, 0
PixelHit 1129, 803, 1.0677, 0
PixelHit 1129, 804, 8.79054, 0
PixelHit 1129, 805, 30.1772, 0
PixelHit 1129, 806, 37.9946, 0
PixelHit 1129, 807, 15.6202, 0
PixelHit 1130, 804, 5.49771, 0
PixelHit 1130, 805, 20.7013, 0
PixelHit 1130, 806, 18.9685, 0
PixelHit 1130, 807, 5.77952, 0
PixelHit 1131, 804, 6.03673, 0
PixelHit 1131, 805, 7.12519, 0
PixelHit 1131, 806, 13.8754, 0
PixelHit 1131, 807, 1.89769, 0
PixelHit 1132, 804, 2.6939, 0
PixelHit 1132, 805, 15.8046, 0
PixelHit 1132, 806, 8.13583, 0
PixelHit 1132, 807, 3.48115, 0
PixelHit 1133, 804, 2.98689, 0
PixelHit 1133, 805, 14.5225, 0
PixelHit 1133, 806, 16.4919, 0
PixelHit 1133, 807, 8.97589, 0
PixelHit 1134, 804, 5.88902, 0
PixelHit 1134, 805, 14.5082, 0
PixelHit 1134, 806, 13.6875, 0
PixelHit 1134, 807, 4.26862, 0
PixelHit 1134, 808, 4.70783, 0
PixelHit 1135, 803, 0.230628, 0
PixelHit 1135, 804, 3.90151, 0
PixelHit 1135, 805, 19.2698, 0
PixelHit 1135, 806, 20.215, 0
PixelHit 1135, 807, 13.6992, 0
PixelHit 1135, 808, 4.96337, 0
PixelHit 1136, 803, 4.17077, 0
PixelHit 1136, 804, 6.21799, 0
PixelHit 1136, 805, 29.7114, 0
PixelHit 1136, 806, 20.3262, 0
PixelHit 1136, 807, 19.654, 0
PixelHit 1137, 803, 1.95409, 0
PixelHit 1137, 804, 7.38672, 0
PixelHit 1137, 805, 22.595, 0
PixelHit 1137, 806, 27.8022, 0
PixelHit 1137, 807, 22.7921, 0
PixelHit 1137, 808, 3.13943, 0
PixelHit 1137, 809, 1.08185, 0
PixelHit 1138, 803, 2.01274, 0
PixelHit 1138, 804, 13.379, 0
PixelHit 1138, 805, 21.1541, 0
PixelHit 1138, 806, 38.838, 0
PixelHit 1138, 807, 23.9725, 0
PixelHit 1138, 808, 4.05406, 0
PixelHit 1139, 802, 3.57665, 0
PixelHit 1139, 804, 3.35956, 0
PixelHit 1139, 805, 15.399, 0
PixelHit 1139, 806, 20.3069, 0
PixelHit 1139, 807, 12.7288, 0
PixelHit 1139, 808, 5.8281, 0
PixelHit 1140, 803, 1.75306, 0
PixelHit 1140, 804, 3.36066, 0
PixelHit 1140, 805, 4.98748, 0
PixelHit 1140, 806, 16.0086, 0
PixelHit 1140, 807, 8.28397, 0
PixelHit 1140, 808, 6.57716, 0
PixelHit 1141, 803, 2.32904, 0
PixelHit 1141, 804, 2.8913, 0
PixelHit 1141, 805, 13.2496, 0
PixelHit 1141, 806, 10.8099, 0
PixelHit 1141, 807, 1.34875, 0
PixelHit 1141, 808, 0.502533, 0
PixelHit 1141, 809, 2.66887, 0
PixelHit 1142, 804, 7.0248, 0
PixelHit 1142, 805, 13.8791, 0
PixelHit 1142, 806, 18.958, 0
PixelHit 1142, 807, 11.9188, 0
PixelHit 1143, 804, 4.66854, 0
PixelHit 1143, 805, 9.24993, 0
PixelHit 1143, 806, 17.2334, 0
PixelHit 1143, 807, 15.3207, 0
PixelHit 1144, 804, 8.34182, 0
PixelHit 1144, 805, 18.8194, 0
PixelHit 1144, 806, 13.3123, 0
PixelHit 1144, 807, 15.2703, 0
PixelHit 1144, 808, 3.1924, 0
PixelHit 1145, 804, 7.3856, 0
PixelHit 1145, 805, 21.9279, 0
PixelHit 1145, 806, 30.6938, 0
PixelHit 1145, 807, 14.4354, 0
PixelHit 1145, 808, 5.11255, 0
PixelHit 1146, 803, 0.778803, 0
PixelHit 1146, 804, 5.99251, 0
PixelHit 1146, 805, 39.9234, 0
PixelHit 1146, 806, 39.5114, 0
PixelHit 1146, 807, 32.5808, 0
PixelHit 1146, 808, 9.14979, 0
PixelHit 1147, 803, 1.46473, 0
PixelHit 1147, 804, 11.5152, 0
PixelHit 1147, 805, 43.9109, 0
PixelHit 1147, 806, 67.4793, 0
PixelHit 1147, 807, 40.7694, 0
PixelHit 1147, 808, 20.5739, 0
PixelHit 1148, 803, 2.80142, 0
PixelHit 1148, 804, 13.8316, 0
PixelHit 1148, 805, 48.3898, 0
PixelHit 1148, 806, 78.3075, 0
PixelHit 1148, 807, 45.1152, 0
PixelHit 1148, 808, 23.6661, 0
PixelHit 1148, 809, 3.15651, 0
PixelHit 1149, 804, 13.9739, 0
PixelHit 1149, 805, 28.5034, 0
PixelHit 1149, 806, 53.1586, 0
PixelHit 1149, 807, 42.906, 0
PixelHit 1149, 808, 9.9896, 0
PixelHit 1149, 810, 2.02305, 0
PixelHit 1150, 802, 2.54464, 0
PixelHit 1150, 803, 2.25272, 0
PixelHit 1150, 804, 9.35338, 0
PixelHit 1150, 805, 20.5734, 0
PixelHit 1150, 806, 41.3467, 0
PixelHit 1150, 807, 22.0947, 0
PixelHit 1150, 808, 11.3415, 0
PixelHit 1151, 804, 2.34847, 0
PixelHit 1151, 805, 8.98269, 0
PixelHit 1151, 806, 17.1894, 0
PixelHit 1151, 807, 13.7538, 0
PixelHit 1151, 808, 5.26414, 0
PixelHit 1152, 804, 1.04826, 0
PixelHit 1152, 805, 2.29462, 0
PixelHit 1152, 806, 11.5268, 0
PixelHit 1152, 807, 10.1979, 0
PixelHit 1152, 809, 1.10375, 0
PixelHit 1153, 805, 2.53234, 0
PixelHit 1153, 806, 3.67554, 0
PixelHit 1153, 807, 3.99606, 0
PixelHit 1153, 808, 4.36911, 0
PixelHit 1154, 804, 1.19179, 0
PixelHit 1154, 805, 3.09896, 0
PixelHit 1154, 806, 0.847056, 0
PixelHit 1154, 807, 0.453117, 0
PixelHit 1154, 808, 3.70575, 0
PixelHit 1808, 1243, 83.2843, 0
PixelHit 1808, 1244, 21.2862, 0
PixelHit 1809, 1243, 6.08456, 0
PixelHit 1809, 1244, 6.79657, 0
PixelHit 1810, 1243, 31.8483, 0
PixelHit 1810, 1244, 14.8835, 0
PixelHit 1811, 1243, 3.35618, 0
PixelHit 1811, 1244, 2.61085, 0
PixelHit 1812, 1242, 2.44079, 0
PixelHit 1812, 1243, 13.2608, 0
PixelHit 1812, 1244, 8.60462, 0
PixelHit 1813, 1243, 19.4843, 0
PixelHit 1813, 1244, 7.43506, 0
PixelHit 1814, 1243, 20.9953, 0
PixelHit 1814, 1244, 11.1792, 0
PixelHit 1815, 1243, 26.2205, 0
PixelHit 1815, 1244, 5.0099, 0
PixelHit 1816, 1242, 20.7798, 0
PixelHit 1816, 1243, 120.668, 0
PixelHit 1816, 1244, 29.6193, 0
PixelHit 1817, 1242, 6.11629, 0
PixelHit 1817, 1243, 40.4117, 0
PixelHit 1817, 1244, 5.31917, 0
PixelHit 1818, 1242, 2.60935, 0
PixelHit 1818, 1243, 18.7192, 0
PixelHit 1818, 1244, 1.84624, 0
PixelHit 1819, 1242, 4.57401, 0
PixelHit 1819, 1243, 15.3503, 0
PixelHit 1819, 1244, 4.29653, 0
PixelHit 1820, 1242, 15.9402, 0
PixelHit 1820, 1243, 62.2504, 0
PixelHit 1820, 1244, 8.78135, 0
PixelHit 1821, 1242, 38.977, 0
PixelHit 1821, 1243, 72.7896, 0
PixelHit 1821, 1244, 13.0693, 0
PixelHit 1821, 1245, 0.581341, 0
PixelHit 1822, 1241, 2.40383, 0
PixelHit 1822, 1242, 40.4916, 0
PixelHit 1822, 1243, 65.651, 0
PixelHit 1822, 1244, 13.4345, 0
PixelHit 1823, 1242, 32.7166, 0
PixelHit 1823, 1243, 50.8122, 0
PixelHit 1823, 1244, 5.06558, 0
PixelHit 1824, 1241, 16.5343, 0
PixelHit 1824, 1242, 94.213, 0
PixelHit 1824, 1243, 111.631, 0
PixelHit 1824, 1244, 28.455, 0
PixelHit 1825, 1241, 10.8655, 0
PixelHit 1825, 1242, 73.8116, 0
PixelHit 1825, 1243, 106.629, 0
PixelHit 1825, 1244, 19.0271, 0
PixelHit 1826, 1241, 3.69385, 0
PixelHit 1826, 1242, 46.5775, 0
PixelHit 1826, 1243, 36.7624, 0
PixelHit 1826, 1244, 11.4167, 0
PixelHit 1827, 1241, 3.50042, 0
PixelHit 1827, 1242, 35.8921, 0
PixelHit 1827, 1243, 41.2242, 0
PixelHit 1827, 1244, 9.37131, 0
PixelHit 1828, 1242, 20.905, 0
PixelHit 1828, 1243, 20.9113, 0
PixelHit 1828, 1244, 2.46025, 0
PixelHit 1829, 1242, 19.2443, 0
PixelHit 1829, 1243, 18.0011, 0
PixelHit 1829, 1244, 2.8306, 0
PixelHit 1830, 1240, 4.74349, 0
PixelHit 1830, 1241, 10.9571, 0
PixelHit 1830, 1242, 44.7475, 0
PixelHit 1830, 1243, 44.0196, 0
PixelHit 1830, 1244, 5.18271, 0
PixelHit 1831, 1241, 13.6391, 0
PixelHit 1831, 1242, 58.96, 0
PixelHit 1831, 1243, 41.1869, 0
PixelHit 1831, 1244, 7.07854, 0
PixelHit 1832, 1241, 5.66537, 0
PixelHit 1832, 1242, 44.4916, 0
PixelHit 1832, 1243, 20.5926, 0
PixelHit 1832, 1244, 5.28509, 0
PixelHit 1833, 1240, 0.879169, 0
PixelHit 1833, 1241, 8.70825, 0
PixelHit 1833, 1242, 19.0269, 0
PixelHit 1833, 1243, 17.7565, 0
PixelHit 1834, 1240, 1.75167, 0
PixelHit 1834, 1241, 5.3211, 0
PixelHit 1834, 1242, 15.627, 0
PixelHit 1834, 1243, 7.32636, 0
PixelHit 1834, 1244, 1.03892, 0
PixelHit 1835, 1239, 1.14305, 0
PixelHit 1835, 1241, 9.86405, 0
PixelHit 1835, 1242, 35.5029, 0
PixelHit 1835, 1243, 14.7029, 0
PixelHit 1836, 1240, 2.58573, 0
PixelHit 1836, 1241, 17.6279, 0
PixelHit 1836, 1242, 29.5706, 0
PixelHit 1836, 1243, 11.3276, 0
PixelHit 1836, 1244, 1.66561, 0
PixelHit 1837, 1240, 2.84301, 0
PixelHit 1837, 1241, 34.2114, 0
PixelHit 1837, 1242, 44.796, 0
PixelHit 1837, 1243, 32.842, 0
PixelHit 1837, 1244, 1.38433, 0
PixelHit 1838, 1240, 4.14843, 0
PixelHit 1838, 1241, 23.8458, 0
PixelHit 1838, 1242, 35.5165, 0
PixelHit 1838, 1243, 24.0554, 0
PixelHit 1838, 1244, 3.46879, 0
PixelHit 1839, 1241, 18.1398, 0
PixelHit 1839, 1242, 20.8115, 0
PixelHit 1839, 1243, 3.44298, 0
PixelHit 1839, 1244, 3.11416, 0
PixelHit 1839, 1245, 2.06114, 0
PixelHit 1840, 1240, 1.75261, 0
PixelHit 1840, 1241, 8.45592, 0
PixelHit 1840, 1242, 14.3073, 0
PixelHit 1840, 1243, 12.5333, 0
PixelHit 1840, 1244, 0.52977, 0
PixelHit 1840, 1245, 1.79701, 0
PixelHit 1841, 1240, 2.36032, 0
PixelHit 1841, 1241, 14.1204, 0
PixelHit 1841, 1242, 28.7142, 0
PixelHit 1841, 1243, 9.30373, 0
PixelHit 1841, 1244, 2.35216, 0
PixelHit 1842, 1240, 2.87868, 0
PixelHit 1842, 1241, 21.538, 0
PixelHit 1842, 1242, 23.673, 0
PixelHit 1842, 1243, 11.1064, 0
PixelHit 1842, 1244, 2.43077, 0
PixelHit 1843, 1239, 1.36646, 0
PixelHit 1843, 1240, 3.81246, 0
PixelHit 1843, 1241, 7.60624, 0
PixelHit 1843, 1242, 26.5544, 0
PixelHit 1843, 1243, 8.13579, 0
PixelHit 1843, 1244, 1.36013, 0
PixelHit 1844, 1240, 2.06688, 0
PixelHit 1844, 1241, 9.10731, 0
PixelHit 1844, 1242, 20.026, 0
PixelHit 1844, 1243, 8.93953, 0
PixelHit 1844, 1244, 3.19755, 0
PixelHit 1845, 1239, 2.99719, 0
PixelHit 1845, 1240, 9.0703, 0
PixelHit 1845, 1241, 40.0518, 0
PixelHit 1845, 1242, 46.7719, 0
PixelHit 1845, 1243, 18.8456, 0
PixelHit 1845, 1244, 2.56557, 0
PixelHit 1846, 1239, 2.56732, 0
PixelHit 1846, 1240, 16.3938, 0
PixelHit 1846, 1241, 45.5314, 0
PixelHit 1846, 1242, 50.7386, 0
PixelHit 1846, 1243, 18.747, 0
PixelHit 1847, 1238, 0.89182, 0
PixelHit 1847, 1239, 3.21052, 0
PixelHit 1847, 1240, 7.52621, 0
PixelHit 1847, 1241, 27.1456, 0
PixelHit 1847, 1242, 46.4201, 0
PixelHit 1847, 1243, 17.7174, 0
PixelHit 1847, 1244, 2.38596, 0
PixelHit 1848, 1239, 2.16783, 0
PixelHit 1848, 1240, 6.54051, 0
PixelHit 1848, 1241, 28.1527, 0
PixelHit 1848, 1242, 18.8198, 0
PixelHit 1848, 1243, 14.0272, 0
PixelHit 1849, 1239, 1.51741, 0
PixelHit 1849, 1240, 6.55609, 0
PixelHit 1849, 1241, 14.5305, 0
PixelHit 1849, 1242, 15.8279, 0
PixelHit 1849, 1243, 7.19971, 0
PixelHit 1849, 1244, 0.896465, 0
PixelHit 1850, 1240, 8.6794, 0
PixelHit 1850, 1241, 27.0803, 0
PixelHit 1850, 1242, 20.699, 0
PixelHit 1850, 1243, 13.7496, 0
PixelHit 1850, 1244, -0.20863, 0
PixelHit 1850, 1245, 2.22868, 0
PixelHit 1851, 1240, 11.1578, 0
PixelHit 1851, 1241, 17.593, 0
PixelHit 1851, 1242, 15.0447, 0
PixelHit 1851, 1243, 4.54711, 0
PixelHit 1852, 1239, 2.91393, 0
PixelHit 1852, 1240, 6.31215, 0
PixelHit 1852, 1241, 20.9469, 0
PixelHit 1852, 1242, 14.3377, 0
PixelHit 1852, 1243, 3.90586, 0
PixelHit 1853, 1238, 2.134, 0
PixelHit 1853, 1240, 6.22895, 0
PixelHit 1853, 1241, 10.5685, 0
PixelHit 1853, 1242, 11.4893, 0
PixelHit 1854, 1240, 5.61129, 0
PixelHit 1854, 1241, 8.37507, 0
PixelHit 1854, 1242, 10.3887, 0
PixelHit 1854, 1243, 1.15866, 0
PixelHit 1855, 1240, 5.82564, 0
PixelHit 1855, 1241, 9.46825, 0
PixelHit 1855, 1242, 9.47966, 0
PixelHit 1855, 1243, 3.34832, 0
PixelHit 1855, 1244, 3.39108, 0
PixelHit 1856, 1240, 7.26086, 0
PixelHit 1856, 1241, 17.6698, 0
PixelHit 1856, 1242, 22.166, 0
PixelHit 1856, 1243, 7.39619, 0
PixelHit 1857, 1239, 9.89446, 0
PixelHit 1857, 1240, 13.6404, 0
PixelHit 1857, 1241, 27.2349, 0
PixelHit 1857, 1242, 22.8416, 0
PixelHit 1857, 1243, 8.23305, 0
PixelHit 1857, 1244, 1.61757, 0
PixelHit 1858, 1238, 1.83425, 0
PixelHit 1858, 1239, 7.13602, 0
PixelHit 1858, 1240, 25.2072, 0
PixelHit 1858, 1241, 31.9515, 0
PixelHit 1858, 1242, 23.8613, 0
PixelHit 1858, 1243, 4.68912, 0
PixelHit 1858, 1244, 2.48345, 0
PixelHit 1859, 1239, 2.46079, 0
PixelHit 1859, 1240, 18.4428, 0
PixelHit 1859, 1241, 24.4672, 0
PixelHit 1859, 1242, 23.7051, 0
PixelHit 1859, 1243, 7.86688, 0
PixelHit 1859, 1244, 3.99134, 0
PixelHit 1860, 1239, 2.71729, 0
PixelHit 1860, 1240, 17.0316, 0
PixelHit 1860, 1241, 22.4718, 0
PixelHit 1860, 1242, 17.3268, 0
PixelHit 1860, 1243, 4.30481, 0
PixelHit 1860, 1244, -0.170926, 0
PixelHit 1861, 1239, 8.37987, 0
PixelHit 1861, 1240, 18.3906, 0
PixelHit 1861, 1241, 22.0626, 0
PixelHit 1861, 1242, 14.4817, 0
PixelHit 1861, 1243, 8.43485, 0
PixelHit 1861, 1244, 1.0834, 0
PixelHit 1862, 1239, 8.22728, 0
PixelHit 1862, 1240, 25.0687, 0
PixelHit 1862, 1241, 30.7891, 0
PixelHit 1862, 1242, 14.9395, 0
PixelHit 1862, 1243, 5.86174, 0
PixelHit 1863, 1238, 1.60562, 0
PixelHit 1863, 1239, 5.61033, 0
PixelHit 1863, 1240, 13.3293, 0
PixelHit 1863, 1241, 30.4025, 0
PixelHit 1863, 1242, 20.4487, 0
PixelHit 1863, 1243, 6.24489, 0
PixelHit 1863, 1244, 1.77186, 0
PixelHit 1864, 1238, 1.69746, 0
PixelHit 1864, 1239, 1.58355, 0
PixelHit 1864, 1240, 17.7003, 0
PixelHit 1864, 1241, 15.9376, 0
PixelHit 1864, 1242, 7.69773, 0
PixelHit 1864, 1243, 3.21364, 0
PixelHit 1865, 1240, 3.51764, 0
PixelHit 1865, 1241, 14.6248, 0
PixelHit 1865, 1242, 7.71906, 0
PixelHit 1865, 1244, 1.25515, 0
PixelHit 1866, 1240, 2.93913, 0
PixelHit 1866, 1241, 4.71221, 0
PixelHit 1866, 1242, 2.42135, 0
=== 39 ===
=== 40 ===
=== 41 ===
=== 42 ===
=== 43 ===
=== 44 ===
=== 45 ===
=== 46 ===
=== 47 ===
=== 48 ===
--- mydetector ---
PixelHit 818, 1071, 4.46659, 0
PixelHit 818, 1072, 50.5235, 0
PixelHit 819, 1072, 26.7259, 0
PixelHit 819, 1073, 2.79374, 0
PixelHit 820, 1072, 4.62775, 0
PixelHit 820, 1073, 10.6316, 0
PixelHit 821, 1073, 34.757, 0
PixelHit 821, 1074, 3.43723, 0
PixelHit 822, 1073, 17.0854, 0
PixelHit 822, 1074, 10.4804, 0
PixelHit 823, 1073, 5.55535, 0
PixelHit 823, 1074, 67.277, 0
PixelHit 823, 1075, 3.73562, 0
PixelHit 824, 1073, 10.2713, 0
PixelHit 824, 1074, 85.1725, 0
PixelHit 824, 1075, 20.4261, 0
PixelHit 825, 1074, 59.0654, 0
PixelHit 825, 1075, 77.5361, 0
PixelHit 825, 1076, 3.75301, 0
PixelHit 826, 1074, 29.2349, 0
PixelHit 826, 1075, 108.29, 0
PixelHit 826, 1076, 6.88936, 0
PixelHit 827, 1074, 9.29414, 0
PixelHit 827, 1075, 79.8553, 0
PixelHit 827, 1076, 22.4653, 0
PixelHit 828, 1075, 87.1051, 0
PixelHit 828, 1076, 109.752, 0
PixelHit 829, 1075, 36.1996, 0
PixelHit 829, 1076, 61.7783, 0
PixelHit 829, 1077, 2.2085, 0
PixelHit 830, 1075, 7.11947, 0
PixelHit 830, 1076, 31.9616, 0
PixelHit 830, 1077, 8.39566, 0
PixelHit 830, 1078, 0.751187, 0
PixelHit 831, 1075, 5.61782, 0
PixelHit 831, 1076, 119.985, 0
PixelHit 831, 1077, 98.0153, 0
PixelHit 831, 1078, 4.40729, 0
PixelHit 832, 1076, 40.7572, 0
PixelHit 832, 1077, 73.3697, 0
PixelHit 832, 1078, 14.7606, 0
PixelHit 833, 1076, 10.1036, 0
PixelHit 833, 1077, 76.403, 0
PixelHit 833, 1078, 31.9967, 0
PixelHit 834, 1077, 30.6232, 0
PixelHit 834, 1078, 61.2916, 0
PixelHit 834, 1079, 5.01196, 0
PixelHit 835, 1077, 47.5607, 0
PixelHit 835, 1078, 249.262, 0
PixelHit 835, 1079, 59.9403, 0
PixelHit 836, 1077, 18.6441, 0
PixelHit 836, 1078, 213.585, 0
PixelHit 836, 1079, 48.2167, 0
PixelHit 837, 1078, 17.306, 0
PixelHit 837, 1079, 50.4178, 0
PixelHit 837, 1080, 7.44753, 0
PixelHit 838, 1077, 3.08203, 0
PixelHit 838, 1078, 51.0811, 0
PixelHit 838, 1079, 188.005, 0
PixelHit 838, 1080, 24.0263, 0
PixelHit 838, 1081, 2.82179, 0
PixelHit 839, 1078, 19.4407, 0
PixelHit 839, 1079, 167.928, 0
PixelHit 839, 1080, 43.2738, 0
PixelHit 840, 1078, 1.32792, 0
PixelHit 840, 1079, 21.1788, 0
PixelHit 840, 1080, 18.6607, 0
PixelHit 841, 1079, 10.4414, 0
PixelHit 841, 1080, 8.79926, 0
PixelHit 842, 1079, 8.80642, 0
PixelHit 842, 1080, 25.0942, 0
PixelHit 842, 1081, 2.22839, 0
PixelHit 843, 1079, 10.9887, 0
PixelHit 843, 1080, 36.2522, 0
PixelHit 844, 1078, 2.3205, 0
PixelHit 844, 1079, 19.0143, 0
PixelHit 844, 1080, 93.8735, 0
PixelHit 844, 1081, 9.12541, 0
PixelHit 845, 1079, 10.4453, 0
PixelHit 845, 1080, 48.7156, 0
PixelHit 845, 1081, 1.68486, 0
PixelHit 846, 1079, 1.54139, 0
PixelHit 846, 1080, 15.9285, 0
PixelHit 847, 1079, 4.6124, 0
PixelHit 847, 1080, 45.978, 0
PixelHit 848, 1079, 2.88569, 0
PixelHit 848, 1080, 22.2408, 0
PixelHit 848, 1081, 2.42076, 0
PixelHit 849, 1079, 4.39023, 0
PixelHit 849, 1080, 52.6245, 0
PixelHit 849, 1081, 4.5989, 0
PixelHit 850, 1079, 72.468, 0
PixelHit 850, 1080, 212.436, 0
PixelHit 851, 1079, 194.873, 0
PixelHit 851, 1080, 417.761, 0
PixelHit 851, 1081, 5.84186, 0
PixelHit 852, 1078, 4.081, 0
PixelHit 852, 1079, 162.069, 0
PixelHit 852, 1080, 35.8374, 0
PixelHit 853, 1078, 12.4868, 0
PixelHit 853, 1079, 230.686, 0
PixelHit 853, 1080, 29.6695, 0
PixelHit 854, 1077, 2.15614, 0
PixelHit 854, 1078, 33.6776, 0
PixelHit 854, 1079, 70.9634, 0
PixelHit 855, 1078, 135.171, 0
PixelHit 855, 1079, 233.015, 0
PixelHit 855, 1080, 4.77205, 0
PixelHit 856, 1077, 4.73177, 0
PixelHit 856, 1078, 212.25, 0
PixelHit 856, 1079, 40.8332, 0
PixelHit 857, 1077, 5.57614, 0
PixelHit 857, 1078, 143.118, 0
PixelHit 857, 1079, 10.3869, 0
PixelHit 858, 1077, 9.77172, 0
PixelHit 858, 1078, 25.4608, 0
PixelHit 859, 1077, 58.4745, 0
PixelHit 859, 1078, 30.0225, 0
PixelHit 860, 1076, 8.89226, 0
PixelHit 860, 1077, 403.515, 0
PixelHit 860, 1078, 19.081, 0
PixelHit 861, 1076, 2.342, 0
PixelHit 861, 1077, 15.1695, 0
PixelHit 862, 1076, 0.930886, 0
PixelHit 862, 1077, 25.4515, 0
PixelHit 1215, 1052, 5.28885, 0
PixelHit 1217, 1052, 49.8549, 0
PixelHit 1217, 1053, 24.9842, 0
PixelHit 1218, 1052, 39.46, 0
PixelHit 1218, 1053, 22.9614, 0
PixelHit 1219, 1052, 15.8941, 0
PixelHit 1219, 1053, 22.3246, 0
PixelHit 1220, 1051, 2.66263, 0
PixelHit 1220, 1052, 30.3017, 0
PixelHit 1220, 1053, 7.06306, 0
PixelHit 1221, 1052, 11.8098, 0
PixelHit 1221, 1053, 6.77552, 0
PixelHit 1222, 1052, 4.72735, 0
PixelHit 1222, 1053, 5.04832, 0
PixelHit 1223, 1052, 13.1482, 0
PixelHit 1223, 1053, 9.26248, 0
PixelHit 1224, 1052, 20.6745, 0
PixelHit 1224, 1053, 6.94464, 0
PixelHit 1225, 1052, 16.7359, 0
PixelHit 1225, 1053, 11.0259, 0
PixelHit 1226, 1052, 21.2592, 0
PixelHit 1226, 1053, 9.69792, 0
PixelHit 1227, 1051, 32.3495, 0
PixelHit 1227, 1052, 208.88, 0
PixelHit 1227, 1053, 108.945, 0
PixelHit 1227, 1054, 2.2604, 0
PixelHit 1228, 1051, 45.8509, 0
PixelHit 1228, 1052, 336.858, 0
PixelHit 1228, 1053, 167.746, 0
PixelHit 1228, 1054, 5.06696, 0
PixelHit 1229, 1051, 17.1145, 0
PixelHit 1229, 1052, 89.3961, 0
PixelHit 1229, 1053, 59.8353, 0
PixelHit 1230, 1051, 10.1121, 0
PixelHit 1230, 1052, 58.6888, 0
PixelHit 1230, 1053, 23.2524, 0
PixelHit 1231, 1051, 5.35862, 0
PixelHit 1231, 1052, 41.7749, 0
PixelHit 1231, 1053, 24.7535, 0
PixelHit 1232, 1051, 6.08597, 0
PixelHit 1232, 1052, 40.8519, 0
PixelHit 1232, 1053, 18.1839, 0
PixelHit 1232, 1054, 2.8563, 0
PixelHit 1233, 1051, 4.59082, 0
PixelHit 1233, 1052, 33.6145, 0
PixelHit 1233, 1053, 14.5135, 0
PixelHit 1233, 1054, 1.71384, 0
PixelHit 1234, 1050, 0.61529, 0
PixelHit 1234, 1051, 5.4482, 0
PixelHit 1234, 1052, 24.481, 0
PixelHit 1234, 1053, 7.39157, 0
PixelHit 1235, 1051, 2.5134, 0
PixelHit 1235, 1052, 2.8281, 0
PixelHit 1235, 1053, 5.38327, 0
PixelHit 1236, 1051, 7.44572, 0
PixelHit 1236, 1052, 14.5921, 0
PixelHit 1236, 1053, 5.60232, 0
PixelHit 1236, 1054, 2.60347, 0
PixelHit 1237, 1051, 8.29727, 0
PixelHit 1237, 1052, 40.6222, 0
PixelHit 1237, 1053, 17.0877, 0
PixelHit 1238, 1051, 9.78879, 0
PixelHit 1238, 1052, 21.9157, 0
PixelHit 1238, 1053, 13.5687, 0
PixelHit 1239, 1051, 13.8522, 0
PixelHit 1239, 1052, 26.2373, 0
PixelHit 1239, 1053, 19.7535, 0
PixelHit 1240, 1051, 20.9805, 0
PixelHit 1240, 1052, 47.5712, 0
PixelHit 1240, 1053, 20.0204, 0
PixelHit 1240, 1054, 1.63506, 0
PixelHit 1241, 1050, 3.28535, 0
PixelHit 1241, 1051, 14.2287, 0
PixelHit 1241, 1052, 33.2578, 0
PixelHit 1241, 1053, 17.5376, 0
PixelHit 1241, 1054, 2.91122, 0
PixelHit 1242, 1049, 3.04333, 0
PixelHit 1242, 1051, 5.86949, 0
PixelHit 1242, 1052, 19.8215, 0
PixelHit 1242, 1053, 7.77114, 0
PixelHit 1243, 1051, 1.9375, 0
PixelHit 1243, 1052, 15.0101, 0
PixelHit 1243, 1053, 8.85868, 0
PixelHit 1244, 1050, 3.07359, 0
PixelHit 1244, 1051, 8.64319, 0
PixelHit 1244, 1052, 22.4525, 0
PixelHit 1244, 1053, 9.61073, 0
PixelHit 1244, 1054, 3.21871, 0
PixelHit 1245, 1050, 4.79474, 0
PixelHit 1245, 1051, 13.8, 0
PixelHit 1245, 1052, 26.8559, 0
PixelHit 1245, 1053, 15.8339, 0
PixelHit 1245, 1054, 1.19179, 0
PixelHit 1246, 1050, 1.26, 0
PixelHit 1246, 1051, 15.2243, 0
PixelHit 1246, 1052, 33.3657, 0
PixelHit 1246, 1053, 19.3187, 0
PixelHit 1246, 1054, 3.43914, 0
PixelHit 1247, 1050, 5.31449, 0
PixelHit 1247, 1051, 20.0208, 0
PixelHit 1247, 1052, 42.0371, 0
PixelHit 1247, 1053, 21.289, 0
PixelHit 1247, 1054, 2.30664, 0
PixelHit 1248, 1050, 2.17677, 0
PixelHit 1248, 1051, 26.327, 0
PixelHit 1248, 1052, 62.7096, 0
PixelHit 1248, 1053, 34.3619, 0
PixelHit 1248, 1054, 2.35906, 0
PixelHit 1249, 1050, 6.0364, 0
PixelHit 1249, 1051, 38.5359, 0
PixelHit 1249, 1052, 48.8844, 0
PixelHit 1249, 1053, 35.1089, 0
PixelHit 1249, 1054, 1.98084, 0
PixelHit 1250, 1050, 6.56518, 0
PixelHit 1250, 1051, 35.3915, 0
PixelHit 1250, 1052, 45.9441, 0
PixelHit 1250, 1053, 21.9708, 0
PixelHit 1250, 1054, 6.33987, 0
PixelHit 1251, 1050, 5.87783, 0
PixelHit 1251, 1051, 27.591, 0
PixelHit 1251, 1052, 41.5699, 0
PixelHit 1251, 1053, 24.5873, 0
PixelHit 1251, 1054, 6.80973, 0
PixelHit 1251, 1055, 3.66911, 0
PixelHit 1252, 1050, 3.30252, 0
PixelHit 1252, 1051, 15.8879, 0
PixelHit 1252, 1052, 26.5334, 0
PixelHit 1252, 1053, 13.9764, 0
PixelHit 1252, 1054, 2.06302, 0
PixelHit 1252, 1055, 1.15247, 0
PixelHit 1253, 1051, 4.50189, 0
PixelHit 1253, 1052, 19.553, 0
PixelHit 1253, 1053, 10.355, 0
PixelHit 1253, 1054, 2.9399, 0
PixelHit 1254, 1050, 1.13832, 0
PixelHit 1254, 1051, 13.2011, 0
PixelHit 1254, 1052, 18.4944, 0
PixelHit 1254, 1053, 11.0285, 0
PixelHit 1255, 1049, 2.23019, 0
PixelHit 1255, 1050, 6.46168, 0
PixelHit 1255, 1051, 20.9649, 0
PixelHit 1255, 1052, 40.5211, 0
PixelHit 1255, 1053, 18.3815, 0
PixelHit 1255, 1054, 4.8773, 0
PixelHit 1255, 1055, 2.48153, 0
PixelHit 1256, 1050, 8.62509, 0
PixelHit 1256, 1051, 42.6039, 0
PixelHit 1256, 1052, 52.7984, 0
PixelHit 1256, 1053, 22.0836, 0
PixelHit 1256, 1054, 4.29912, 0
PixelHit 1257, 1049, 3.22629, 0
PixelHit 1257, 1050, 4.88627, 0
PixelHit 1257, 1051, 37.3934, 0
PixelHit 1257, 1052, 44.5628, 0
PixelHit 1257, 1053, 17.8572, 0
PixelHit 1257, 1054, 8.41488, 0
PixelHit 1258, 1050, 9.46699, 0
PixelHit 1258, 1051, 21.0487, 0
PixelHit 1258, 1052, 30.5505, 0
PixelHit 1258, 1053, 18.6824, 0
PixelHit 1258, 1054, 5.04001, 0
PixelHit 1259, 1050, 9.2975, 0
PixelHit 1259, 1051, 23.0472, 0
PixelHit 1259, 1052, 29.0854, 0
PixelHit 1259, 1053, 13.4234, 0
PixelHit 1259, 1054, 6.43269, 0
PixelHit 1260, 1049, 4.0743, 0
PixelHit 1260, 1050, 14.8246, 0
PixelHit 1260, 1051, 36.3246, 0
PixelHit 1260, 1052, 34.9811, 0
PixelHit 1260, 1053, 25.5153, 0
PixelHit 1260, 1054, 6.49466, 0
PixelHit 1260, 1055, 3.13531, 0
PixelHit 1261, 1049, 3.27963, 0
PixelHit 1261, 1050, 12.7582, 0
PixelHit 1261, 1051, 26.8089, 0
PixelHit 1261, 1052, 46.2845, 0
PixelHit 1261, 1053, 15.8215, 0
PixelHit 1261, 1054, 4.79429, 0
PixelHit 1262, 1050, 9.0142, 0
PixelHit 1262, 1051, 30.2992, 0
PixelHit 1262, 1052, 34.9366, 0
PixelHit 1262, 1053, 13.9221, 0
PixelHit 1262, 1054, 1.75013, 0
PixelHit 1263, 1050, 11.7682, 0
PixelHit 1263, 1051, 12.6115, 0
PixelHit 1263, 1052, 14.6781, 0
PixelHit 1263, 1053, 9.55026, 0
PixelHit 1263, 1054, 3.14687, 0
PixelHit 1264, 1049, 0.691604, 0
PixelHit 1264, 1050, 3.00673, 0
PixelHit 1264, 1051, 6.75932, 0
PixelHit 1264, 1052, 7.66356, 0
PixelHit 1264, 1053, 3.29439, 0
PixelHit 1265, 1050, 2.64227, 0
PixelHit 1265, 1051, 12.2291, 0
PixelHit 1265, 1052, 17.3098, 0
PixelHit 1265, 1053, 10.1725, 0
PixelHit 1265, 1054, 0.798627, 0
PixelHit 1266, 1050, 7.11458, 0
PixelHit 1266, 1051, 16.0421, 0
PixelHit 1266, 1052, 21.2192, 0
PixelHit 1266, 1053, 9.33974, 0
PixelHit 1266, 1054, 2.64063, 0
PixelHit 1267, 1048, 3.81652, 0
PixelHit 1267, 1049, 1.65854, 0
PixelHit 1267, 1050, 12.8597, 0
PixelHit 1267, 1051, 21.496, 0
PixelHit 1267, 1052, 17.0057, 0
PixelHit 1267, 1053, 11.4722, 0
PixelHit 1267, 1054, 5.34189, 0
PixelHit 1268, 1048, 0.461975, 0
PixelHit 1268, 1050, 12.646, 0
PixelHit 1268, 1051, 40.1013, 0
PixelHit 1268, 1052, 33.9394, 0
PixelHit 1268, 1053, 9.0785, 0
PixelHit 1268, 1054, 3.12493, 0
PixelHit 1269, 1049, 4.27674, 0
PixelHit 1269, 1050, 7.51604, 0
PixelHit 1269, 1051, 18.0453, 0
PixelHit 1269, 1052, 21.4594, 0
PixelHit 1269, 1053, 9.69433, 0
PixelHit 1269, 1054, 1.76526, 0
PixelHit 1270, 1050, 4.49471, 0
PixelHit 1270, 1051, 18.2469, 0
PixelHit 1270, 1052, 11.0371, 0
PixelHit 1270, 1053, 2.24325, 0
PixelHit 1270, 1054, 1.48197, 0
PixelHit 1271, 1049, 2.4192, 0
PixelHit 1271, 1050, 2.89166, 0
PixelHit 1271, 1051, 9.59005, 0
PixelHit 1271, 1052, 22.0388, 0
PixelHit 1271, 1053, 7.35395, 0
PixelHit 1271, 1054, 2.57905, 0
PixelHit 1272, 1049, 1.508, 0
PixelHit 1272, 1050, 6.48741, 0
PixelHit 1272, 1051, 22.5395, 0
PixelHit 1272, 1052, 12.6795, 0
PixelHit 1272, 1053, 10.5966, 0
PixelHit 1273, 1050, 5.1089, 0
PixelHit 1273, 1051, 17.7527, 0
PixelHit 1273, 1052, 19.4152, 0
PixelHit 1273, 1053, 10.1115, 0
PixelHit 1274, 1049, 6.76716, 0
PixelHit 1274, 1050, 10.6559, 0
PixelHit 1274, 1051, 29.6098, 0
PixelHit 1274, 1052, 30.9473, 0
PixelHit 1274, 1053, 23.2775, 0
PixelHit 1274, 1054, 4.9359, 0
PixelHit 1275, 1049, 4.04362, 0
PixelHit 1275, 1050, 17.9972, 0
PixelHit 1275, 1051, 47.6256, 0
PixelHit 1275, 1052, 51.6252, 0
PixelHit 1275, 1053, 16.7147, 0
PixelHit 1275, 1054, 5.59104, 0
PixelHit 1275, 1055, 3.14914, 0
PixelHit 1276, 1049, 2.48223, 0
PixelHit 1276, 1050, 10.8074, 0
PixelHit 1276, 1051, 27.9694, 0
PixelHit 1276, 1052, 20.2645, 0
PixelHit 1276, 1053, 14.2166, 0
PixelHit 1276, 1054, 2.85055, 0
PixelHit 1277, 1049, 5.75993, 0
PixelHit 1277, 1050, 5.07898, 0
PixelHit 1277, 1051, 11.6972, 0
PixelHit 1277, 1052, 20.5663, 0
PixelHit 1277, 1053, 4.97964, 0
PixelHit 1277, 1054, 6.85986, 0
PixelHit 1278, 1049, 1.54132, 0
PixelHit 1278, 1050, 5.64793, 0
PixelHit 1278, 1051, 18.3315, 0
PixelHit 1278, 1052, 9.59737, 0
PixelHit 1278, 1053, 6.95257, 0
PixelHit 1278, 1054, 1.67216, 0
PixelHit 1279, 1049, 3.06162, 0
PixelHit 1279, 1050, 1.30538, 0
PixelHit 1279, 1051, 4.69102, 0
PixelHit 1279, 1052, 9.39464, 0
PixelHit 1279, 1053, 2.49683, 0
PixelHit 1280, 1051, 3.78825, 0
PixelHit 1280, 1052, 1.30101, 0
PixelHit 1280, 1053, 2.5702, 0
PixelHit 1471, 991, 13.809, 0
PixelHit 1472, 990, 2.38479, 0
PixelHit 1472, 991, 162.914, 0
PixelHit 1472, 992, 26.2832, 0
PixelHit 1473, 990, 3.84541, 0
PixelHit 1473, 991, 290.959, 0
PixelHit 1473, 992, 25.7855, 0
PixelHit 1474, 990, 2.17875, 0
PixelHit 1474, 991, 76.9043, 0
PixelHit 1474, 992, 12.1825, 0
PixelHit 1475, 990, 3.42792, 0
PixelHit 1475, 991, 71.0422, 0
PixelHit 1475, 992, 6.30082, 0
PixelHit 1476, 990, 3.8254, 0
PixelHit 1476, 991, 30.0161, 0
PixelHit 1476, 992, 9.57929, 0
PixelHit 1477, 990, 4.94837, 0
PixelHit 1477, 991, 84.2861, 0
PixelHit 1477, 992, 34.4889, 0
PixelHit 1478, 990, 9.55191, 0
PixelHit 1478, 991, 93.847, 0
PixelHit 1478, 992, 25.5182, 0
PixelHit 1479, 990, 10.1514, 0
PixelHit 1479, 991, 57.0939, 0
PixelHit 1479, 992, 20.027, 0
PixelHit 1480, 990, 4.42563, 0
PixelHit 1480, 991, 64.5438, 0
PixelHit 1480, 992, 20.9473, 0
PixelHit 1481, 991, 8.01611, 0
PixelHit 1481, 992, 2.22331, 0
PixelHit 1482, 990, 1.23628, 0
PixelHit 1482, 991, 12.5257, 0
PixelHit 1482, 992, 3.31872, 0
PixelHit 1483, 990, 4.1951, 0
PixelHit 1483, 991, 19.4434, 0
PixelHit 1483, 992, 13.8868, 0
PixelHit 1483, 993, 2.62867, 0
PixelHit 1484, 990, 3.59464, 0
PixelHit 1484, 991, 23.6528, 0
PixelHit 1484, 992, 7.38791, 0
PixelHit 1485, 990, 4.10059, 0
PixelHit 1485, 991, 25.0149, 0
PixelHit 1485, 992, 11.2788, 0
PixelHit 1486, 989, 0.728728, 0
PixelHit 1486, 990, 10.4235, 0
PixelHit 1486, 991, 36.6972, 0
PixelHit 1486, 992, 6.83042, 0
PixelHit 1487, 990, 7.41074, 0
PixelHit 1487, 991, 26.264, 0
PixelHit 1487, 992, 9.01653, 0
PixelHit 1488, 990, 11.6318, 0
PixelHit 1488, 991, 38.315, 0
PixelHit 1488, 992, 19.9021, 0
PixelHit 1489, 989, 2.08953, 0
PixelHit 1489, 990, 11.882, 0
PixelHit 1489, 991, 34.869, 0
PixelHit 1489, 992, 20.1481, 0
PixelHit 1489, 993, 3.88857, 0
PixelHit 1490, 990, 10.7695, 0
PixelHit 1490, 991, 15.6247, 0
PixelHit 1490, 992, 9.95396, 0
PixelHit 1490, 993, 0.769711, 0
PixelHit 1491, 989, 1.17478, 0
PixelHit 1491, 990, 4.08328, 0
PixelHit 1491, 991, 22.7605, 0
PixelHit 1491, 992, 8.04211, 0
PixelHit 1492, 990, 12.0452, 0
PixelHit 1492, 991, 28.5556, 0
PixelHit 1492, 992, 7.73713, 0
PixelHit 1493, 989, 2.85706, 0
PixelHit 1493, 990, 16.4376, 0
PixelHit 1493, 991, 28.803, 0
PixelHit 1493, 992, 13.7822, 0
PixelHit 1494, 990, 6.03866, 0
PixelHit 1494, 991, 27.1247, 0
PixelHit 1494, 992, 15.7587, 0
PixelHit 1495, 990, 23.5642, 0
PixelHit 1495, 991, 42.9647, 0
PixelHit 1495, 992, 30.0349, 0
PixelHit 1496, 990, 29.8348, 0
PixelHit 1496, 991, 44.5601, 0
PixelHit 1496, 992, 33.7744, 0
PixelHit 1496, 993, 5.42556, 0
PixelHit 1497, 990, 15.2029, 0
PixelHit 1497, 991, 43.4717, 0
PixelHit 1497, 992, 18.8745, 0
PixelHit 1497, 993, 3.17256, 0
PixelHit 1497, 994, 0.280051, 0
PixelHit 1498, 989, 1.46468, 0
PixelHit 1498, 990, 10.3747, 0
PixelHit 1498, 991, 27.1875, 0
PixelHit 1498, 992, 13.2656, 0
PixelHit 1498, 993, 2.56777, 0
PixelHit 1499, 989, 3.78519, 0
PixelHit 1499, 990, 14.914, 0
PixelHit 1499, 991, 32.2798, 0
PixelHit 1499, 992, 24.4301, 0
PixelHit 1499, 993, 7.51064, 0
PixelHit 1500, 989, 2.49326, 0
PixelHit 1500, 990, 9.05404, 0
PixelHit 1500, 991, 22.3601, 0
PixelHit 1500, 992, 22.1541, 0
PixelHit 1500, 993, 3.83389, 0
PixelHit 1501, 990, 9.74742, 0
PixelHit 1501, 991, 14.4831, 0
PixelHit 1501, 992, 6.48563, 0
PixelHit 1501, 993, 4.05361, 0
PixelHit 1501, 994, 1.11618, 0
PixelHit 1502, 990, 3.59873, 0
PixelHit 1502, 991, 10.3289, 0
PixelHit 1502, 992, 5.6551, 0
PixelHit 1502, 993, 1.92554, 0
PixelHit 1503, 990, 5.00075, 0
PixelHit 1503, 991, 10.6349, 0
PixelHit 1503, 992, 10.0536, 0
PixelHit 1504, 989, 2.98748, 0
PixelHit 1504, 990, 13.6071, 0
PixelHit 1504, 991, 23.403, 0
PixelHit 1504, 992, 17.0365, 0
PixelHit 1504, 993, 5.94045, 0
PixelHit 1505, 989, 3.17185, 0
PixelHit 1505, 990, 16.0976, 0
PixelHit 1505, 991, 45.7398, 0
PixelHit 1505, 992, 21.1101, 0
PixelHit 1505, 993, 7.56993, 0
PixelHit 1505, 994, 2.05026, 0
PixelHit 1506, 989, 3.85798, 0
PixelHit 1506, 990, 23.2, 0
PixelHit 1506, 991, 34.5948, 0
PixelHit 1506, 992, 24.4877, 0
PixelHit 1506, 993, 5.60982, 0
PixelHit 1507, 989, 1.98021, 0
PixelHit 1507, 990, 15.8745, 0
PixelHit 1507, 991, 15.5145, 0
PixelHit 1507, 992, 10.9026, 0
PixelHit 1507, 993, 7.24268, 0
PixelHit 1508, 990, 9.02805, 0
PixelHit 1508, 991, 15.4285, 0
PixelHit 1508, 992, 9.34862, 0
PixelHit 1509, 990, 4.3295, 0
PixelHit 1509, 991, 9.33776, 0
PixelHit 1509, 992, 5.86085, 0
PixelHit 1509, 993, 0.821316, 0
PixelHit 1510, 988, 2.2752, 0
PixelHit 1510, 989, 2.46412, 0
PixelHit 1510, 990, 4.98809, 0
PixelHit 1510, 991, 14.8696, 0
PixelHit 1510, 992, 10.9962, 0
PixelHit 1510, 993, 3.14795, 0
PixelHit 1511, 989, 2.85312, 0
PixelHit 1511, 990, 12.5692, 0
PixelHit 1511, 991, 22.5605, 0
PixelHit 1511, 992, 15.8093, 0
PixelHit 1511, 993, 3.01427, 0
PixelHit 1511, 994, 2.44464, 0
PixelHit 1512, 989, 6.90646, 0
PixelHit 1512, 990, 14.6024, 0
PixelHit 1512, 991, 29.4078, 0
PixelHit 1512, 992, 11.436, 0
PixelHit 1513, 989, 5.57187, 0
PixelHit 1513, 990, 8.16141, 0
PixelHit 1513, 991, 22.0488, 0
PixelHit 1513, 992, 7.04946, 0
PixelHit 1513, 993, 2.10827, 0
PixelHit 1514, 989, 4.6906, 0
PixelHit 1514, 990, 12.686, 0
PixelHit 1514, 991, 21.0304, 0
PixelHit 1514, 992, 15.5882, 0
PixelHit 1514, 993, 4.89579, 0
PixelHit 1515, 989, 5.13389, 0
PixelHit 1515, 990, 10.2282, 0
PixelHit 1515, 991, 23.6784, 0
PixelHit 1515, 992, 12.0582, 0
PixelHit 1515, 993, 1.56923, 0
PixelHit 1516, 989, 4.05553, 0
PixelHit 1516, 990, 14.5178, 0
PixelHit 1516, 991, 18.3624, 0
PixelHit 1516, 992, 15.789, 0
PixelHit 1517, 989, 3.39291, 0
PixelHit 1517, 990, 7.19126, 0
PixelHit 1517, 991, 12.4963, 0
PixelHit 1517, 992, 6.79106, 0
PixelHit 1518, 989, 2.94479, 0
PixelHit 1518, 990, 14.0835, 0
PixelHit 1518, 991, 21.2803, 0
PixelHit 1518, 992, 14.0376, 0
PixelHit 1518, 993, 4.93343, 0
PixelHit 1519, 989, 3.52453, 0
PixelHit 1519, 990, 15.7856, 0
PixelHit 1519, 991, 23.446, 0
PixelHit 1519, 992, 22.0111, 0
PixelHit 1519, 993, 5.83869, 0
PixelHit 1520, 989, 5.75676, 0
PixelHit 1520, 990, 11.1199, 0
PixelHit 1520, 991, 26.5824, 0
PixelHit 1520, 992, 7.79712, 0
PixelHit 1520, 993, 3.26734, 0
PixelHit 1521, 988, 0.682873, 0
PixelHit 1521, 990, 13.0814, 0
PixelHit 1521, 991, 28.1694, 0
PixelHit 1521, 992, 11.7247, 0
PixelHit 1521, 993, 4.62742, 0
PixelHit 1521, 994, 2.94307, 0
PixelHit 1522, 988, 2.19546, 0
PixelHit 1522, 989, 2.74435, 0
PixelHit 1522, 990, 23.2795, 0
PixelHit 1522, 991, 45.21, 0
PixelHit 1522, 992, 29.7778, 0
PixelHit 1522, 993, 13.3059, 0
PixelHit 1522, 994, 2.43514, 0
PixelHit 1523, 988, 4.39648, 0
PixelHit 1523, 989, 15.0349, 0
PixelHit 1523, 990, 39.8122, 0
PixelHit 1523, 991, 68.774, 0
PixelHit 1523, 992, 39.5802, 0
PixelHit 1523, 993, 11.6864, 0
PixelHit 1523, 994, 4.75305, 0
PixelHit 1524, 988, 2.19686, 0
PixelHit 1524, 989, 12.5826, 0
PixelHit 1524, 990, 24.604, 0
PixelHit 1524, 991, 53.382, 0
PixelHit 1524, 992, 37.4814, 0
PixelHit 1524, 993, 11.1863, 0
PixelHit 1524, 994, 0.628514, 0
PixelHit 1525, 988, 1.78844, 0
PixelHit 1525, 989, 1.46102, 0
PixelHit 1525, 990, 17.5695, 0
PixelHit 1525, 991, 25.7076, 0
PixelHit 1525, 992, 8.59928, 0
PixelHit 1525, 993, 3.4819, 0
PixelHit 1526, 989, 3.84263, 0
PixelHit 1526, 990, 5.13083, 0
PixelHit 1526, 991, 6.0616, 0
PixelHit 1526, 992, 3.75271, 0
PixelHit 1526, 993, 0.36148, 0
PixelHit 1526, 994, 2.25105, 0
PixelHit 1527, 990, 2.00277, 0
PixelHit 1527, 991, 6.38136, 0
PixelHit 1527, 992, 12.7729, 0
PixelHit 1527, 993, 0.6712, 0
PixelHit 1528, 990, 10.8631, 0
PixelHit 1528, 991, 9.90758, 0
PixelHit 1528, 992, 21.9004, 0
PixelHit 1528, 993, 3.38115, 0
PixelHit 1529, 989, 1.36758, 0
PixelHit 1529, 990, 19.1878, 0
PixelHit 1529, 991, 20.5928, 0
PixelHit 1529, 992, 15.988, 0
PixelHit 1529, 993, 2.80264, 0
PixelHit 1529, 994, 2.64546, 0
PixelHit 1530, 987, 1.28434, 0
PixelHit 1530, 988, 1.69775, 0
PixelHit 1530, 989, 2.95465, 0
PixelHit 1530, 990, 12.734, 0
PixelHit 1530, 991, 17.0857, 0
PixelHit 1530, 992, 15.7414, 0
PixelHit 1530, 993, 3.90179, 0
PixelHit 1531, 988, 1.8597, 0
PixelHit 1531, 989, 4.64007, 0
PixelHit 1531, 990, 17.9787, 0
PixelHit 1531, 991, 15.9216, 0
PixelHit 1531, 992, 9.9768, 0
PixelHit 1531, 993, 3.13566, 0
PixelHit 1531, 994, 0.539498, 0
PixelHit 1532, 989, 5.06806, 0
PixelHit 1532, 990, 12.1314, 0
PixelHit 1532, 991, 14.3962, 0
PixelHit 1532, 992, 8.86651, 0
PixelHit 1533, 989, 0.754217, 0
PixelHit 1533, 990, 7.12803, 0
PixelHit 1533, 991, 4.9408, 0
PixelHit 1533, 993, 4.27817, 0
PixelHit 1534, 992, 1.49985, 0
=== 49 ===
=== 50 ===
=== 51 ===
=== 52 ===
=== 53 ===
=== 54 ===
=== 55 ===
=== 56 ===
=== 57 ===
=== 58 ===
=== 59 ===
=== 60 ===
=== 61 ===
=== 62 ===
=== 63 ===
=== 64 ===
--- mydetector ---
PixelHit 1134, 860, 29.2105, 0
PixelHit 1135, 860, 20.4518, 0
PixelHit 1136, 859, 6.40529, 0
PixelHit 1136, 860, 120.203, 0
PixelHit 1136, 861, 4.81194, 0
PixelHit 1137, 860, 7.92165, 0
PixelHit 1138, 860, 5.40141, 0
PixelHit 1138, 861, 1.29625, 0
PixelHit 1139, 860, 7.8698, 0
PixelHit 1140, 860, 31.0629, 0
PixelHit 1140, 861, 4.26565, 0
PixelHit 1141, 859, 3.09906, 0
PixelHit 1141, 860, 32.8467, 0
PixelHit 1141, 861, 3.43686, 0
PixelHit 1142, 858, 1.02688, 0
PixelHit 1142, 859, 6.84579, 0
PixelHit 1142, 860, 68.8293, 0
PixelHit 1142, 861, 18.3508, 0
PixelHit 1143, 859, 4.42465, 0
PixelHit 1143, 860, 48.0473, 0
PixelHit 1143, 861, 14.267, 0
PixelHit 1144, 859, 2.41092, 0
PixelHit 1144, 860, 54.0615, 0
PixelHit 1144, 861, 17.2227, 0
PixelHit 1145, 859, 2.10806, 0
PixelHit 1145, 860, 27.0068, 0
PixelHit 1145, 861, 11.675, 0
PixelHit 1146, 859, 2.40217, 0
PixelHit 1146, 860, 12.1796, 0
PixelHit 1146, 861, 8.16555, 0
PixelHit 1147, 859, 5.45747, 0
PixelHit 1147, 860, 42.2264, 0
PixelHit 1147, 861, 19.5881, 0
PixelHit 1148, 859, 11.5689, 0
PixelHit 1148, 860, 56.1644, 0
PixelHit 1148, 861, 31.81, 0
PixelHit 1149, 859, 2.71579, 0
PixelHit 1149, 860, 36.7948, 0
PixelHit 1149, 861, 13.8804, 0
PixelHit 1150, 860, 11.747, 0
PixelHit 1150, 861, 8.09381, 0
PixelHit 1151, 859, 2.0552, 0
PixelHit 1151, 860, 11.6709, 0
PixelHit 1151, 861, 5.86687, 0
PixelHit 1152, 859, 3.23671, 0
PixelHit 1152, 860, 6.88172, 0
PixelHit 1152, 861, 9.26422, 0
PixelHit 1152, 862, -0.092349, 0
PixelHit 1153, 859, 3.31838, 0
PixelHit 1153, 860, 13.406, 0
PixelHit 1153, 861, 7.37936, 0
PixelHit 1153, 862, 0.804592, 0
PixelHit 1154, 859, 8.24616, 0
PixelHit 1154, 860, 17.9784, 0
PixelHit 1154, 861, 7.59024, 0
PixelHit 1154, 862, 1.749, 0
PixelHit 1155, 859, 10.152, 0
PixelHit 1155, 860, 31.4831, 0
PixelHit 1155, 861, 16.2879, 0
PixelHit 1155, 862, 4.47952, 0
PixelHit 1156, 859, 22.3287, 0
PixelHit 1156, 860, 89.9647, 0
PixelHit 1156, 861, 82.5465, 0
PixelHit 1156, 862, 10.5836, 0
PixelHit 1157, 859, 15.2934, 0
PixelHit 1157, 860, 80.6521, 0
PixelHit 1157, 861, 67.5916, 0
PixelHit 1157, 862, 6.01939, 0
PixelHit 1158, 859, 12.0705, 0
PixelHit 1158, 860, 39.2428, 0
PixelHit 1158, 861, 27.8119, 0
PixelHit 1158, 862, 6.45897, 0
PixelHit 1159, 859, 6.26412, 0
PixelHit 1159, 860, 36.8709, 0
PixelHit 1159, 861, 20.217, 0
PixelHit 1159, 862, 2.88348, 0
PixelHit 1160, 858, 1.87488, 0
PixelHit 1160, 859, 3.30628, 0
PixelHit 1160, 860, 19.8815, 0
PixelHit 1160, 861, 18.4453, 0
PixelHit 1160, 862, 2.63236, 0
PixelHit 1161, 859, 3.77479, 0
PixelHit 1161, 860, 14.967, 0
PixelHit 1161, 861, 15.97, 0
PixelHit 1161, 862, 5.55087, 0
PixelHit 1162, 859, 6.70842, 0
PixelHit 1162, 860, 10.7169, 0
PixelHit 1162, 861, 15.5624, 0
PixelHit 1163, 859, 4.19647, 0
PixelHit 1163, 860, 8.97681, 0
PixelHit 1163, 861, 1.38676, 0
PixelHit 1163, 862, 2.58015, 0
PixelHit 1164, 859, 3.8437, 0
PixelHit 1164, 860, 9.5093, 0
PixelHit 1164, 861, 16.6494, 0
PixelHit 1164, 862, 1.75569, 0
PixelHit 1164, 863, 1.25227, 0
PixelHit 1165, 859, 7.47777, 0
PixelHit 1165, 860, 21.4827, 0
PixelHit 1165, 861, 17.7379, 0
PixelHit 1165, 862, 3.4378, 0
PixelHit 1166, 858, 1.57709, 0
PixelHit 1166, 859, 3.20962, 0
PixelHit 1166, 860, 21.4588, 0
PixelHit 1166, 861, 16.0263, 0
PixelHit 1167, 859, 6.47466, 0
PixelHit 1167, 860, 11.3605, 0
PixelHit 1167, 861, 13.0078, 0
PixelHit 1167, 862, 3.43636, 0
PixelHit 1168, 859, 8.87417, 0
PixelHit 1168, 860, 20.8564, 0
PixelHit 1168, 861, 17.841, 0
PixelHit 1168, 862, 6.59016, 0
PixelHit 1169, 859, 7.79252, 0
PixelHit 1169, 860, 33.1526, 0
PixelHit 1169, 861, 28.7284, 0
PixelHit 1169, 862, 8.05679, 0
PixelHit 1170, 860, 14.2698, 0
PixelHit 1170, 861, 19.2762, 0
PixelHit 1170, 862, 4.72823, 0
PixelHit 1171, 859, 4.98184, 0
PixelHit 1171, 860, 16.6382, 0
PixelHit 1171, 861, 13.8729, 0
PixelHit 1171, 862, 1.55347, 0
PixelHit 1172, 859, 2.3378, 0
PixelHit 1172, 860, 12.2615, 0
PixelHit 1172, 861, 6.12923, 0
PixelHit 1172, 862, 3.88563, 0
PixelHit 1173, 858, 1.24088, 0
PixelHit 1173, 859, 3.05693, 0
PixelHit 1173, 860, 6.00407, 0
PixelHit 1173, 861, 13.0669, 0
PixelHit 1173, 862, 4.2846, 0
PixelHit 1174, 859, 6.86881, 0
PixelHit 1174, 860, 6.71733, 0
PixelHit 1174, 861, 11.35, 0
PixelHit 1174, 862, 5.64765, 0
PixelHit 1175, 859, 3.4218, 0
PixelHit 1175, 860, 7.17463, 0
PixelHit 1175, 861, 4.3635, 0
PixelHit 1176, 858, 1.40309, 0
PixelHit 1176, 859, 2.10786, 0
PixelHit 1176, 860, 6.15137, 0
PixelHit 1176, 861, 7.06777, 0
PixelHit 1177, 859, 3.83951, 0
PixelHit 1177, 860, 13.7598, 0
PixelHit 1177, 861, 13.8959, 0
PixelHit 1177, 862, 7.99392, 0
PixelHit 1178, 858, 2.23919, 0
PixelHit 1178, 859, 17.9646, 0
PixelHit 1178, 860, 29.3817, 0
PixelHit 1178, 861, 58.9487, 0
PixelHit 1178, 862, 24.2282, 0
PixelHit 1178, 863, 2.1494, 0
PixelHit 1178, 864, 3.46097, 0
PixelHit 1179, 858, 2.28689, 0
PixelHit 1179, 859, 33.9237, 0
PixelHit 1179, 860, 97.5332, 0
PixelHit 1179, 861, 113.078, 0
PixelHit 1179, 862, 50.4406, 0
PixelHit 1179, 863, 13.5913, 0
PixelHit 1180, 858, 5.571, 0
PixelHit 1180, 859, 41.183, 0
PixelHit 1180, 860, 100.561, 0
PixelHit 1180, 861, 85.943, 0
PixelHit 1180, 862, 53.2307, 0
PixelHit 1180, 863, 10.0863, 0
PixelHit 1180, 864, 2.92665, 0
PixelHit 1181, 858, 6.57941, 0
PixelHit 1181, 859, 20.1203, 0
PixelHit 1181, 860, 59.0699, 0
PixelHit 1181, 861, 52.4511, 0
PixelHit 1181, 862, 20.9686, 0
PixelHit 1181, 863, 4.83233, 0
PixelHit 1182, 859, 9.11837, 0
PixelHit 1182, 860, 43.4362, 0
PixelHit 1182, 861, 31.7797, 0
PixelHit 1182, 862, 16.5778, 0
PixelHit 1182, 863, 0.591109, 0
PixelHit 1183, 857, -0.0644095, 0
PixelHit 1183, 859, 2.24299, 0
PixelHit 1183, 860, 16.4019, 0
PixelHit 1183, 861, 4.61183, 0
PixelHit 1183, 862, 5.60687, 0
PixelHit 1184, 859, 4.83028, 0
PixelHit 1184, 860, 6.02515, 0
PixelHit 1184, 861, 7.87141, 0
PixelHit 1184, 862, 2.84303, 0
PixelHit 1184, 863, 1.50444, 0
PixelHit 1185, 858, 0.936179, 0
PixelHit 1185, 859, 3.64261, 0
PixelHit 1185, 860, 3.06795, 0
PixelHit 1185, 861, 8.09739, 0
PixelHit 1185, 862, 4.64166, 0
PixelHit 1186, 859, 5.73864, 0
PixelHit 1186, 860, 8.01845, 0
PixelHit 1186, 861, 12.2801, 0
PixelHit 1186, 862, 10.5372, 0
PixelHit 1187, 856, 2.19111, 0
PixelHit 1187, 858, 2.03106, 0
PixelHit 1187, 859, 3.45797, 0
PixelHit 1187, 860, 5.80908, 0
PixelHit 1187, 861, 13.216, 0
PixelHit 1187, 862, 7.05676, 0
PixelHit 1187, 863, 2.32715, 0
PixelHit 1188, 859, 7.97485, 0
PixelHit 1188, 860, 7.60088, 0
PixelHit 1188, 861, 16.0199, 0
PixelHit 1188, 862, 5.29077, 0
PixelHit 1188, 863, 3.80565, 0
PixelHit 1189, 858, 4.35648, 0
PixelHit 1189, 859, 4.17823, 0
PixelHit 1189, 860, 18.2568, 0
PixelHit 1189, 861, 16.3534, 0
PixelHit 1189, 862, 12.1359, 0
PixelHit 1189, 863, 2.35045, 0
PixelHit 1190, 858, 0.62046, 0
PixelHit 1190, 859, 5.81831, 0
PixelHit 1190, 860, 19.4527, 0
PixelHit 1190, 861, 21.1262, 0
PixelHit 1190, 862, 18.4593, 0
PixelHit 1190, 863, 2.75724, 0
PixelHit 1191, 858, 3.17267, 0
PixelHit 1191, 859, 6.33682, 0
PixelHit 1191, 860, 18.0219, 0
PixelHit 1191, 861, 29.677, 0
PixelHit 1191, 862, 17.9513, 0
PixelHit 1191, 863, 2.14019, 0
PixelHit 1192, 859, 2.27706, 0
PixelHit 1192, 860, 8.46906, 0
PixelHit 1192, 861, 21.66, 0
PixelHit 1192, 862, 10.0964, 0
PixelHit 1193, 859, 5.56814, 0
PixelHit 1193, 860, 16.2056, 0
PixelHit 1193, 861, 24.2487, 0
PixelHit 1193, 862, 11.0605, 0
PixelHit 1193, 863, 5.13857, 0
PixelHit 1194, 859, 6.42054, 0
PixelHit 1194, 860, 21.6782, 0
PixelHit 1194, 861, 22.0542, 0
PixelHit 1194, 862, 23.3492, 0
PixelHit 1194, 863, 3.00704, 0
PixelHit 1195, 858, 0.695647, 0
PixelHit 1195, 859, 13.7133, 0
PixelHit 1195, 860, 28.5178, 0
PixelHit 1195, 861, 45.6631, 0
PixelHit 1195, 862, 32.9941, 0
PixelHit 1195, 863, 7.63576, 0
PixelHit 1196, 858, 2.70789, 0
PixelHit 1196, 859, 24.6624, 0
PixelHit 1196, 860, 58.2019, 0
PixelHit 1196, 861, 81.2298, 0
PixelHit 1196, 862, 46.3214, 0
PixelHit 1196, 863, 18.0279, 0
PixelHit 1196, 864, 4.96332, 0
PixelHit 1197, 858, 6.6383, 0
PixelHit 1197, 859, 26.3538, 0
PixelHit 1197, 860, 78.4697, 0
PixelHit 1197, 861, 108.744, 0
PixelHit 1197, 862, 66.542, 0
PixelHit 1197, 863, 31.3396, 0
PixelHit 1197, 864, 3.68853, 0
PixelHit 1198, 858, 8.63096, 0
PixelHit 1198, 859, 27.3825, 0
PixelHit 1198, 860, 62.8049, 0
PixelHit 1198, 861, 84.1049, 0
PixelHit 1198, 862, 66.3936, 0
PixelHit 1198, 863, 23.7397, 0
PixelHit 1198, 864, 3.03332, 0
PixelHit 1199, 858, 2.73842, 0
PixelHit 1199, 859, 14.7128, 0
PixelHit 1199, 860, 30.4008, 0
PixelHit 1199, 861, 38.6623, 0
PixelHit 1199, 862, 28.5265, 0
PixelHit 1199, 863, 4.06528, 0
PixelHit 1199, 864, 3.48306, 0
PixelHit 1200, 859, 7.7871, 0
PixelHit 1200, 860, 6.15217, 0
PixelHit 1200, 861, 11.481, 0
PixelHit 1200, 862, 3.45892, 0
PixelHit 1200, 863, 1.91371, 0
PixelHit 1201, 860, 1.79834, 0
PixelHit 1201, 861, 2.1557, 0
PixelHit 1201, 862, -0.039095, 0
=== 65 ===
=== 66 ===
=== 67 ===
--- mydetector ---
PixelHit 777, 904, 1.11142, 0
PixelHit 778, 904, 4.6355, 0
PixelHit 778, 905, 7.65401, 0
PixelHit 779, 904, 18.2187, 0
PixelHit 779, 905, 40.2045, 0
PixelHit 780, 904, 12.7796, 0
PixelHit 780, 905, 22.453, 0
PixelHit 782, 904, 7.76192, 0
PixelHit 782, 905, 24.0316, 0
PixelHit 783, 904, 8.75477, 0
PixelHit 783, 905, 22.2221, 0
PixelHit 784, 904, 29.4459, 0
PixelHit 784, 905, 51.4029, 0
PixelHit 784, 906, 3.01535, 0
PixelHit 785, 904, 21.4692, 0
PixelHit 785, 905, 49.9854, 0
PixelHit 785, 906, 8.13354, 0
PixelHit 786, 904, 25.988, 0
PixelHit 786, 905, 60.7968, 0
PixelHit 786, 906, 3.03271, 0
PixelHit 787, 904, 18.9416, 0
PixelHit 787, 905, 61.8582, 0
PixelHit 788, 904, 7.4238, 0
PixelHit 788, 905, 27.2879, 0
PixelHit 788, 906, 2.616, 0
PixelHit 789, 903, 2.81182, 0
PixelHit 789, 904, 21.4363, 0
PixelHit 789, 905, 44.4979, 0
PixelHit 789, 906, 7.77172, 0
PixelHit 790, 904, 10.5189, 0
PixelHit 790, 905, 23.4874, 0
PixelHit 790, 906, 2.8608, 0
PixelHit 791, 905, 9.7465, 0
PixelHit 792, 903, 2.81684, 0
PixelHit 792, 904, 4.9536, 0
PixelHit 792, 905, 11.564, 0
PixelHit 792, 907, 0.918901, 0
PixelHit 793, 904, 15.2631, 0
PixelHit 793, 905, 34.0627, 0
PixelHit 793, 906, 7.92141, 0
PixelHit 794, 904, 23.1756, 0
PixelHit 794, 905, 56.213, 0
PixelHit 794, 906, 9.65802, 0
PixelHit 795, 903, 2.3393, 0
PixelHit 795, 904, 16.535, 0
PixelHit 795, 905, 32.2571, 0
PixelHit 795, 906, 5.86434, 0
PixelHit 795, 907, 2.85275, 0
PixelHit 796, 904, 16.7545, 0
PixelHit 796, 905, 30.5745, 0
PixelHit 796, 906, 8.37317, 0
PixelHit 797, 904, 2.56088, 0
PixelHit 797, 905, 16.4776, 0
PixelHit 797, 906, 4.37248, 0
PixelHit 798, 904, 6.87685, 0
PixelHit 798, 905, 9.08211, 0
PixelHit 799, 903, 2.58436, 0
PixelHit 799, 904, 32.274, 0
PixelHit 799, 905, 66.1877, 0
PixelHit 799, 906, 28.5626, 0
PixelHit 800, 903, 3.98089, 0
PixelHit 800, 904, 115.689, 0
PixelHit 800, 905, 204.538, 0
PixelHit 800, 906, 64.8777, 0
PixelHit 800, 907, 1.88641, 0
PixelHit 801, 903, 6.0077, 0
PixelHit 801, 904, 47.5256, 0
PixelHit 801, 905, 94.3793, 0
PixelHit 801, 906, 36.9447, 0
PixelHit 802, 903, 2.5385, 0
PixelHit 802, 904, 14.0592, 0
PixelHit 802, 905, 41.0491, 0
PixelHit 802, 906, 17.0412, 0
PixelHit 802, 907, 1.72327, 0
PixelHit 803, 904, 26.1647, 0
PixelHit 803, 905, 37.8181, 0
PixelHit 803, 906, 19.2247, 0
PixelHit 803, 907, 1.56432, 0
PixelHit 804, 904, 10.8401, 0
PixelHit 804, 905, 22.9546, 0
PixelHit 804, 906, 5.71948, 0
PixelHit 805, 904, 1.41272, 0
PixelHit 805, 905, 10.9228, 0
PixelHit 805, 906, 3.66783, 0
PixelHit 806, 904, 1.28881, 0
PixelHit 806, 905, 2.9559, 0
PixelHit 806, 906, 1.62171, 0
PixelHit 807, 905, 6.23702, 0
PixelHit 808, 904, 5.1659, 0
PixelHit 808, 905, 4.86457, 0
PixelHit 808, 906, 3.56104, 0
PixelHit 808, 907, 2.36891, 0
PixelHit 809, 904, 4.30906, 0
PixelHit 809, 905, 20.1615, 0
PixelHit 809, 906, 18.0088, 0
PixelHit 810, 903, 3.20755, 0
PixelHit 810, 904, 25.7782, 0
PixelHit 810, 905, 45.4269, 0
PixelHit 810, 906, 30.6235, 0
PixelHit 810, 907, 4.23418, 0
PixelHit 810, 908, 1.0144, 0
PixelHit 811, 903, 7.01229, 0
PixelHit 811, 904, 30.4969, 0
PixelHit 811, 905, 61.7829, 0
PixelHit 811, 906, 33.0966, 0
PixelHit 811, 907, 4.77012, 0
PixelHit 812, 903, 5.66238, 0
PixelHit 812, 904, 32.894, 0
PixelHit 812, 905, 50.5091, 0
PixelHit 812, 906, 18.0702, 0
PixelHit 812, 907, 6.61122, 0
PixelHit 813, 903, 2.75375, 0
PixelHit 813, 904, 15.1165, 0
PixelHit 813, 905, 20.8407, 0
PixelHit 813, 906, 7.09078, 0
PixelHit 813, 907, 3.37352, 0
PixelHit 814, 903, 3.7819, 0
PixelHit 814, 904, 7.55663, 0
PixelHit 814, 905, 22.4147, 0
PixelHit 814, 906, 14.5658, 0
PixelHit 814, 907, 2.57792, 0
PixelHit 815, 904, 11.4526, 0
PixelHit 815, 905, 17.2828, 0
PixelHit 815, 906, 21.5634, 0
PixelHit 815, 907, 3.3043, 0
PixelHit 816, 904, 18.467, 0
PixelHit 816, 905, 22.9774, 0
PixelHit 816, 906, 21.3399, 0
PixelHit 816, 907, 4.64677, 0
PixelHit 817, 903, 3.98987, 0
PixelHit 817, 904, 23.7906, 0
PixelHit 817, 905, 36.38, 0
PixelHit 817, 906, 30.8027, 0
PixelHit 817, 907, 4.68573, 0
PixelHit 818, 902, 1.87017, 0
PixelHit 818, 903, 4.63343, 0
PixelHit 818, 904, 24.7929, 0
PixelHit 818, 905, 39.6182, 0
PixelHit 818, 906, 27.568, 0
PixelHit 818, 907, 11.1916, 0
PixelHit 818, 908, 2.87872, 0
PixelHit 819, 903, 2.24522, 0
PixelHit 819, 904, 14.5094, 0
PixelHit 819, 905, 32.1842, 0
PixelHit 819, 906, 28.3768, 0
PixelHit 819, 907, 6.01898, 0
PixelHit 820, 903, 1.39727, 0
PixelHit 820, 904, 20.3601, 0
PixelHit 820, 905, 21.5024, 0
PixelHit 820, 906, 21.3315, 0
PixelHit 821, 903, 0.720989, 0
PixelHit 821, 904, 10.1865, 0
PixelHit 821, 905, 24.6815, 0
PixelHit 821, 906, 7.39801, 0
PixelHit 821, 907, 6.46597, 0
PixelHit 822, 903, 2.9228, 0
PixelHit 822, 904, 4.74278, 0
PixelHit 822, 905, 25.6891, 0
PixelHit 822, 906, 25.0616, 0
PixelHit 822, 907, 5.2422, 0
PixelHit 822, 908, 2.37965, 0
PixelHit 823, 903, 0.396617, 0
PixelHit 823, 904, 5.96912, 0
PixelHit 823, 905, 11.0722, 0
PixelHit 823, 906, 8.04093, 0
PixelHit 823, 907, 3.46985, 0
PixelHit 823, 908, 3.4776, 0
PixelHit 824, 904, 10.675, 0
PixelHit 824, 905, 13.6283, 0
PixelHit 824, 906, 13, 0
PixelHit 824, 907, 1.41266, 0
PixelHit 825, 904, 8.88726, 0
PixelHit 825, 905, 14.5552, 0
PixelHit 825, 906, 24.2362, 0
PixelHit 825, 907, 7.23325, 0
PixelHit 826, 903, 2.84304, 0
PixelHit 826, 904, 13.3071, 0
PixelHit 826, 905, 24.6044, 0
PixelHit 826, 906, 16.5084, 0
PixelHit 826, 907, 3.17544, 0
PixelHit 827, 904, 5.81187, 0
PixelHit 827, 905, 21.2346, 0
PixelHit 827, 906, 20.6584, 0
PixelHit 827, 907, 2.0142, 0
PixelHit 827, 908, 3.39105, 0
PixelHit 828, 903, 2.21134, 0
PixelHit 828, 904, 2.22151, 0
PixelHit 828, 905, 14.1463, 0
PixelHit 828, 906, 15.0046, 0
PixelHit 828, 907, 0.993469, 0
PixelHit 829, 904, 0.391719, 0
PixelHit 829, 905, 12.01, 0
PixelHit 829, 906, 10.5505, 0
PixelHit 829, 907, 3.79389, 0
PixelHit 829, 908, 1.81487, 0
PixelHit 830, 904, 4.85335, 0
PixelHit 830, 905, 11.808, 0
PixelHit 830, 906, 18.5895, 0
PixelHit 830, 907, 4.60731, 0
PixelHit 831, 903, 2.28934, 0
PixelHit 831, 904, 7.36412, 0
PixelHit 831, 905, 30.7038, 0
PixelHit 831, 906, 14.8299, 0
PixelHit 831, 907, 10.3339, 0
PixelHit 832, 903, 2.29137, 0
PixelHit 832, 904, 10.5122, 0
PixelHit 832, 905, 24.1319, 0
PixelHit 832, 906, 32.5252, 0
PixelHit 832, 907, 10.8965, 0
PixelHit 832, 908, 2.6359, 0
PixelHit 833, 903, 2.74086, 0
PixelHit 833, 904, 15.3032, 0
PixelHit 833, 905, 22.8973, 0
PixelHit 833, 906, 24.6294, 0
PixelHit 833, 907, 12.4944, 0
PixelHit 833, 908, 2.30593, 0
PixelHit 834, 903, 4.58213, 0
PixelHit 834, 904, 12.8298, 0
PixelHit 834, 905, 17.2494, 0
PixelHit 834, 906, 21.3285, 0
PixelHit 834, 907, 5.87997, 0
PixelHit 835, 903, 1.90049, 0
PixelHit 835, 904, 10.8569, 0
PixelHit 835, 905, 22.2227, 0
PixelHit 835, 906, 16.209, 0
PixelHit 835, 907, 9.30354, 0
PixelHit 835, 908, 1.06897, 0
PixelHit 836, 903, 0.0279908, 0
PixelHit 836, 904, 11.3629, 0
PixelHit 836, 905, 23.691, 0
PixelHit 836, 906, 10.2307, 0
PixelHit 836, 907, 8.97693, 0
PixelHit 837, 903, 7.17275, 0
PixelHit 837, 904, 6.16582, 0
PixelHit 837, 905, 19.9313, 0
PixelHit 837, 906, 13.4567, 0
PixelHit 837, 907, 9.39883, 0
PixelHit 837, 908, 3.1634, 0
PixelHit 838, 903, 0.947891, 0
PixelHit 838, 904, 7.41965, 0
PixelHit 838, 905, 29.0347, 0
PixelHit 838, 906, 30.8731, 0
PixelHit 838, 907, 15.2942, 0
PixelHit 838, 908, 0.817073, 0
PixelHit 839, 902, 0.886527, 0
PixelHit 839, 903, 4.0542, 0
PixelHit 839, 904, 10.6784, 0
PixelHit 839, 905, 34.7351, 0
PixelHit 839, 906, 25.5382, 0
PixelHit 839, 907, 10.6183, 0
PixelHit 839, 908, 1.44202, 0
PixelHit 840, 902, 2.38833, 0
PixelHit 840, 903, 4.66118, 0
PixelHit 840, 904, 12.0553, 0
PixelHit 840, 905, 17.9274, 0
PixelHit 840, 906, 24.9264, 0
PixelHit 840, 907, 15.6479, 0
PixelHit 840, 908, 2.67308, 0
PixelHit 840, 909, 3.1936, 0
PixelHit 841, 904, 17.7915, 0
PixelHit 841, 905, 19.2605, 0
PixelHit 841, 906, 21.517, 0
PixelHit 841, 907, 9.87214, 0
PixelHit 841, 908, 2.55499, 0
PixelHit 842, 903, 3.25479, 0
PixelHit 842, 904, 8.17783, 0
PixelHit 842, 905, 9.54809, 0
PixelHit 842, 906, 10.9074, 0
PixelHit 842, 907, 4.86262, 0
PixelHit 842, 908, 1.09861, 0
PixelHit 843, 905, 6.39095, 0
PixelHit 843, 907, 3.49181, 0
PixelHit 844, 906, 1.91562, 0
PixelHit 844, 907, 5.11362, 0
PixelHit 845, 905, 1.19514, 0
PixelHit 845, 906, 3.85716, 0
PixelHit 845, 907, 2.12543, 0
PixelHit 846, 906, 4.2752, 0
PixelHit 846, 907, 2.42787, 0
PixelHit 847, 904, 0.651671, 0
PixelHit 1245, 1005, 12.846, 0
PixelHit 1245, 1006, 71.3551, 0
PixelHit 1246, 1005, 3.16263, 0
PixelHit 1247, 1005, 41.9057, 0
PixelHit 1247, 1006, 112.787, 0
PixelHit 1247, 1007, 0.852893, 0
PixelHit 1248, 1005, 9.28017, 0
PixelHit 1248, 1006, 16.1194, 0
PixelHit 1249, 1005, 5.7241, 0
PixelHit 1249, 1006, 3.55153, 0
PixelHit 1250, 1005, 5.12025, 0
PixelHit 1250, 1006, 4.17892, 0
PixelHit 1251, 1005, 15.6363, 0
PixelHit 1251, 1006, 19.4363, 0
PixelHit 1252, 1004, 2.55485, 0
PixelHit 1252, 1005, 89.0832, 0
PixelHit 1252, 1006, 106.439, 0
PixelHit 1252, 1007, 5.10514, 0
PixelHit 1253, 1005, 44.4234, 0
PixelHit 1253, 1006, 62.4258, 0
PixelHit 1253, 1007, 2.84907, 0
PixelHit 1254, 1005, 25.464, 0
PixelHit 1254, 1006, 18.3171, 0
PixelHit 1255, 1005, 11.6038, 0
PixelHit 1255, 1006, 6.59971, 0
PixelHit 1256, 1004, 3.65031, 0
PixelHit 1256, 1005, 26.506, 0
PixelHit 1256, 1006, 24.7922, 0
PixelHit 1257, 1004, 5.95793, 0
PixelHit 1257, 1005, 40.8482, 0
PixelHit 1257, 1006, 46.1152, 0
PixelHit 1257, 1007, 6.14789, 0
PixelHit 1258, 1004, 5.93401, 0
PixelHit 1258, 1005, 28.7374, 0
PixelHit 1258, 1006, 35.4484, 0
PixelHit 1258, 1007, 4.32289, 0
PixelHit 1259, 1004, 4.8689, 0
PixelHit 1259, 1005, 43.8068, 0
PixelHit 1259, 1006, 42.1638, 0
PixelHit 1259, 1007, 8.22495, 0
PixelHit 1260, 1004, 7.49612, 0
PixelHit 1260, 1005, 48.618, 0
PixelHit 1260, 1006, 53.0375, 0
PixelHit 1260, 1007, 5.69198, 0
PixelHit 1261, 1004, 3.41742, 0
PixelHit 1261, 1005, 28.5212, 0
PixelHit 1261, 1006, 24.2326, 0
PixelHit 1261, 1007, 6.67216, 0
PixelHit 1262, 1004, 6.55901, 0
PixelHit 1262, 1005, 39.5252, 0
PixelHit 1262, 1006, 36.4467, 0
PixelHit 1262, 1007, 7.25798, 0
PixelHit 1263, 1004, 4.21466, 0
PixelHit 1263, 1005, 28.7182, 0
PixelHit 1263, 1006, 37.9988, 0
PixelHit 1263, 1007, 5.36647, 0
PixelHit 1264, 1004, 2.49821, 0
PixelHit 1264, 1005, 19.6599, 0
PixelHit 1264, 1006, 11.8273, 0
PixelHit 1264, 1007, 7.65069, 0
PixelHit 1265, 1004, 7.23023, 0
PixelHit 1265, 1005, 21.5604, 0
PixelHit 1265, 1006, 27.1711, 0
PixelHit 1265, 1007, 1.73778, 0
PixelHit 1266, 1004, 2.23768, 0
PixelHit 1266, 1005, 25.0427, 0
PixelHit 1266, 1006, 16.902, 0
PixelHit 1266, 1007, 4.69308, 0
PixelHit 1267, 1004, 10.6665, 0
PixelHit 1267, 1005, 21.8167, 0
PixelHit 1267, 1006, 26.2573, 0
PixelHit 1267, 1007, 9.70949, 0
PixelHit 1268, 1004, 8.38538, 0
PixelHit 1268, 1005, 40.0349, 0
PixelHit 1268, 1006, 27.3398, 0
PixelHit 1269, 1004, 5.6853, 0
PixelHit 1269, 1005, 10.1066, 0
PixelHit 1269, 1006, 8.82486, 0
PixelHit 1269, 1007, 1.75004, 0
PixelHit 1270, 1005, 9.34396, 0
PixelHit 1270, 1006, 7.73921, 0
PixelHit 1270, 1007, 1.22987, 0
PixelHit 1271, 1005, 3.80586, 0
PixelHit 1271, 1006, 1.84772, 0
PixelHit 1272, 1005, 2.30275, 0
PixelHit 1272, 1006, 8.52247, 0
PixelHit 1273, 1004, 3.0676, 0
PixelHit 1273, 1005, 10.23, 0
PixelHit 1273, 1006, 3.66265, 0
PixelHit 1273, 1007, 2.47042, 0
PixelHit 1274, 1003, 1.70747, 0
PixelHit 1274, 1004, 3.07392, 0
PixelHit 1274, 1005, 15.6822, 0
PixelHit 1274, 1006, 18.2978, 0
PixelHit 1274, 1007, 4.60525, 0
PixelHit 1275, 1004, 4.94774, 0
PixelHit 1275, 1005, 19.5373, 0
PixelHit 1275, 1006, 11.7774, 0
PixelHit 1275, 1007, 6.10918, 0
PixelHit 1275, 1008, 1.50038, 0
PixelHit 1276, 1004, 5.34951, 0
PixelHit 1276, 1005, 9.65847, 0
PixelHit 1276, 1006, 11.1647, 0
PixelHit 1276, 1007, 2.81527, 0
PixelHit 1277, 1005, 3.8948, 0
PixelHit 1277, 1006, 7.2013, 0
PixelHit 1277, 1007, 2.18675, 0
PixelHit 1278, 1005, 8.6564, 0
PixelHit 1278, 1006, 2.18575, 0
PixelHit 1278, 1007, 1.51087, 0
PixelHit 1279, 1004, 4.36128, 0
PixelHit 1279, 1005, 5.23435, 0
PixelHit 1279, 1006, 12.3363, 0
PixelHit 1279, 1007, 5.73762, 0
PixelHit 1280, 1004, 7.69109, 0
PixelHit 1280, 1005, 14.46, 0
PixelHit 1280, 1006, 14.306, 0
PixelHit 1280, 1007, 3.71219, 0
PixelHit 1281, 1004, 4.87024, 0
PixelHit 1281, 1005, 10.4484, 0
PixelHit 1281, 1006, 13.7812, 0
PixelHit 1281, 1007, 9.96418, 0
PixelHit 1282, 1003, 0.887198, 0
PixelHit 1282, 1004, 6.47456, 0
PixelHit 1282, 1005, 22.2228, 0
PixelHit 1282, 1006, 10.9055, 0
PixelHit 1283, 1004, 11.156, 0
PixelHit 1283, 1005, 23.118, 0
PixelHit 1283, 1006, 32.1617, 0
PixelHit 1283, 1007, 8.28926, 0
PixelHit 1284, 1003, 3.15932, 0
PixelHit 1284, 1004, 35.9162, 0
PixelHit 1284, 1005, 64.1903, 0
PixelHit 1284, 1006, 66.8551, 0
PixelHit 1284, 1007, 16.8292, 0
PixelHit 1284, 1008, 0.372978, 0
PixelHit 1285, 1003, 4.36851, 0
PixelHit 1285, 1004, 22.5015, 0
PixelHit 1285, 1005, 77.1548, 0
PixelHit 1285, 1006, 62.3179, 0
PixelHit 1285, 1007, 23.9305, 0
PixelHit 1285, 1008, 1.64134, 0
PixelHit 1286, 1003, 6.09311, 0
PixelHit 1286, 1004, 9.30178, 0
PixelHit 1286, 1005, 57.5928, 0
PixelHit 1286, 1006, 47.8052, 0
PixelHit 1286, 1007, 7.94641, 0
PixelHit 1286, 1008, 3.97916, 0
PixelHit 1287, 1003, 2.14438, 0
PixelHit 1287, 1004, 15.4927, 0
PixelHit 1287, 1005, 41.2376, 0
PixelHit 1287, 1006, 35.8556, 0
PixelHit 1287, 1007, 8.81067, 0
PixelHit 1288, 1004, 12.1645, 0
PixelHit 1288, 1005, 30.8898, 0
PixelHit 1288, 1006, 28.8304, 0
PixelHit 1288, 1007, 9.83999, 0
PixelHit 1289, 1002, 3.23425, 0
PixelHit 1289, 1004, 13.3641, 0
PixelHit 1289, 1005, 26.2996, 0
PixelHit 1289, 1006, 19.0842, 0
PixelHit 1289, 1007, 8.61632, 0
PixelHit 1289, 1008, 1.17538, 0
PixelHit 1290, 1002, 2.70247, 0
PixelHit 1290, 1004, 3.09674, 0
PixelHit 1290, 1005, 12.9956, 0
PixelHit 1290, 1006, 13.3982, 0
PixelHit 1290, 1007, 3.59696, 0
PixelHit 1290, 1008, 1.83208, 0
PixelHit 1291, 1004, 3.84489, 0
PixelHit 1291, 1005, 18.0255, 0
PixelHit 1291, 1006, 8.85784, 0
PixelHit 1291, 1007, 3.75065, 0
PixelHit 1292, 1003, 1.70762, 0
PixelHit 1292, 1005, 14.0572, 0
PixelHit 1292, 1006, 8.47801, 0
PixelHit 1292, 1007, 2.1087, 0
PixelHit 1293, 1004, 4.31368, 0
PixelHit 1293, 1005, 5.6778, 0
PixelHit 1293, 1006, 4.12487, 0
PixelHit 1293, 1007, 3.34953, 0
PixelHit 1294, 1004, 1.87147, 0
PixelHit 1294, 1005, 16.9519, 0
PixelHit 1294, 1006, 9.46607, 0
PixelHit 1294, 1007, 5.13525, 0
PixelHit 1295, 1003, 2.22219, 0
PixelHit 1295, 1004, 7.63174, 0
PixelHit 1295, 1005, 14.1621, 0
PixelHit 1295, 1006, 8.2299, 0
PixelHit 1295, 1007, 4.55252, 0
PixelHit 1296, 1003, 4.83847, 0
PixelHit 1296, 1004, 9.42641, 0
PixelHit 1296, 1005, 26.0335, 0
PixelHit 1296, 1006, 22.1736, 0
PixelHit 1296, 1007, 5.11672, 0
PixelHit 1297, 1002, -0.252275, 0
PixelHit 1297, 1003, 4.31694, 0
PixelHit 1297, 1004, 11.9025, 0
PixelHit 1297, 1005, 30.5749, 0
PixelHit 1297, 1006, 33.4066, 0
PixelHit 1297, 1007, 3.276, 0
PixelHit 1297, 1008, 1.44335, 0
PixelHit 1298, 1002, 3.14294, 0
PixelHit 1298, 1003, 2.32971, 0
PixelHit 1298, 1004, 19.8025, 0
PixelHit 1298, 1005, 35.1476, 0
PixelHit 1298, 1006, 31.8559, 0
PixelHit 1298, 1007, 7.18401, 0
PixelHit 1298, 1009, 1.77623, 0
PixelHit 1299, 1001, 0.745424, 0
PixelHit 1299, 1003, 8.7392, 0
PixelHit 1299, 1004, 20.3522, 0
PixelHit 1299, 1005, 40.2368, 0
PixelHit 1299, 1006, 28.336, 0
PixelHit 1299, 1007, 11.4317, 0
PixelHit 1299, 1008, 1.42315, 0
PixelHit 1300, 1003, 7.59133, 0
PixelHit 1300, 1004, 23.4674, 0
PixelHit 1300, 1005, 44.3184, 0
PixelHit 1300, 1006, 25.5941, 0
PixelHit 1300, 1007, 16.8257, 0
PixelHit 1300, 1008, 2.6229, 0
PixelHit 1301, 1003, 8.98867, 0
PixelHit 1301, 1004, 17.8731, 0
PixelHit 1301, 1005, 35.4149, 0
PixelHit 1301, 1006, 31.5755, 0
PixelHit 1301, 1007, 15.1378, 0
PixelHit 1301, 1008, 1.68618, 0
PixelHit 1302, 1003, 4.2823, 0
PixelHit 1302, 1004, 11.8967, 0
PixelHit 1302, 1005, 22.7339, 0
PixelHit 1302, 1006, 13.7001, 0
PixelHit 1302, 1007, 16.9769, 0
PixelHit 1302, 1008, 3.85589, 0
PixelHit 1303, 1002, 2.05617, 0
PixelHit 1303, 1003, 3.29983, 0
PixelHit 1303, 1004, 18.7929, 0
PixelHit 1303, 1005, 22.8649, 0
PixelHit 1303, 1006, 12.3021, 0
PixelHit 1303, 1007, 2.81311, 0
PixelHit 1304, 1003, 3.50568, 0
PixelHit 1304, 1004, 13.1372, 0
PixelHit 1304, 1005, 28.8256, 0
PixelHit 1304, 1006, 9.70639, 0
PixelHit 1304, 1007, 11.1038, 0
PixelHit 1305, 1002, 1.38262, 0
PixelHit 1305, 1003, 3.09752, 0
PixelHit 1305, 1004, 14.1837, 0
PixelHit 1305, 1005, 15.4239, 0
PixelHit 1305, 1006, 15.8348, 0
PixelHit 1305, 1007, 7.04892, 0
PixelHit 1305, 1008, 5.49409, 0
PixelHit 1306, 1003, 6.67154, 0
PixelHit 1306, 1004, 20.8407, 0
PixelHit 1306, 1005, 33.6971, 0
PixelHit 1306, 1006, 13.3514, 0
PixelHit 1306, 1007, 13.3894, 0
PixelHit 1306, 1008, 2.61351, 0
PixelHit 1306, 1009, 1.02096, 0
PixelHit 1307, 1003, 8.13102, 0
PixelHit 1307, 1004, 21.3685, 0
PixelHit 1307, 1005, 30.925, 0
PixelHit 1307, 1006, 25.0668, 0
PixelHit 1307, 1007, 7.80278, 0
PixelHit 1307, 1008, 0.953648, 0
PixelHit 1308, 1002, 2.65815, 0
PixelHit 1308, 1003, 4.42934, 0
PixelHit 1308, 1004, 19.8075, 0
PixelHit 1308, 1005, 17.0233, 0
PixelHit 1308, 1006, 26.0067, 0
PixelHit 1308, 1007, 4.11827, 0
PixelHit 1309, 1004, 6.50098, 0
PixelHit 1309, 1005, 12.131, 0
PixelHit 1309, 1006, 6.36726, 0
PixelHit 1309, 1007, 5.93815, 0
PixelHit 1309, 1008, -0.286828, 0
PixelHit 1310, 1004, 4.1051, 0
PixelHit 1310, 1005, 9.7308, 0
PixelHit 1310, 1006, 2.85668, 0
PixelHit 1310, 1007, 3.02415, 0
PixelHit 1310, 1008, 0.3306, 0
PixelHit 1311, 1005, 3.83864, 0
=== 68 ===
=== 69 ===
=== 70 ===
=== 71 ===
=== 72 ===
=== 73 ===
=== 74 ===
=== 75 ===
=== 76 ===
=== 77 ===
=== 78 ===
=== 79 ===
=== 80 ===
=== 81 ===
=== 82 ===
=== 83 ===
=== 84 ===
=== 85 ===
=== 86 ===
=== 87 ===
=== 88 ===
=== 89 ===
=== 90 ===
=== 91 ===
=== 92 ===
=== 93 ===
=== 94 ===
=== 95 ===
=== 96 ===
=== 97 ===
=== 98 ===
=== 99 ===
=== 100 ===
# 2619 objects from 5 messages
