# Allpix Squared ASCII data - https://cern.ch/allpix-squared

=== 1 ===
=== 2 ===
=== 3 ===
=== 4 ===
=== 5 ===
=== 6 ===
=== 7 ===
=== 8 ===
=== 9 ===
=== 10 ===
=== 11 ===
=== 12 ===
=== 13 ===
=== 14 ===
=== 15 ===
=== 16 ===
=== 17 ===
=== 18 ===
=== 19 ===
=== 20 ===
=== 21 ===
=== 22 ===
=== 23 ===
=== 24 ===
=== 25 ===
=== 26 ===
=== 27 ===
=== 28 ===
=== 29 ===
=== 30 ===
=== 31 ===
=== 32 ===
=== 33 ===
=== 34 ===
=== 35 ===
=== 36 ===
=== 37 ===
=== 38 ===
=== 39 ===
=== 40 ===
=== 41 ===
--- mydetector ---
PixelHit 0, 1842, 12.8136, 0
PixelHit 0, 1843, 84.0154, 0
PixelHit 0, 1844, 198.944, 0
PixelHit 0, 1845, 158.865, 0
PixelHit 0, 1846, 50.4067, 0
PixelHit 0, 1847, 14.5599, 0
PixelHit 0, 1848, 5.88563, 0
PixelHit 0, 1849, 1.40144, 0
PixelHit 1, 1842, 20.2922, 0
PixelHit 1, 1843, 125.402, 0
PixelHit 1, 1844, 360.474, 0
PixelHit 1, 1845, 399.672, 0
PixelHit 1, 1846, 259.615, 0
PixelHit 1, 1847, 120.321, 0
PixelHit 1, 1848, 109.065, 0
PixelHit 1, 1849, 26.7144, 0
PixelHit 1, 1850, 3.78861, 0
PixelHit 2, 1842, 11.4988, 0
PixelHit 2, 1843, 74.6618, 0
PixelHit 2, 1844, 201.684, 0
PixelHit 2, 1845, 312.83, 0
PixelHit 2, 1846, 351.13, 0
PixelHit 2, 1847, 413.942, 0
PixelHit 2, 1848, 402.345, 0
PixelHit 2, 1849, 176.734, 0
PixelHit 2, 1850, 72.8151, 0
PixelHit 2, 1851, 44.4935, 0
PixelHit 3, 1842, 2.85581, 0
PixelHit 3, 1843, 18.0397, 0
PixelHit 3, 1844, 63.1747, 0
PixelHit 3, 1845, 87.9776, 0
PixelHit 3, 1846, 132.992, 0
PixelHit 3, 1847, 220.427, 0
PixelHit 3, 1848, 225.464, 0
PixelHit 3, 1849, 146.938, 0
PixelHit 3, 1850, 302.884, 0
PixelHit 3, 1851, 849.535, 0
PixelHit 3, 1852, 48.9727, 0
PixelHit 4, 1844, 2.69175, 0
PixelHit 4, 1845, 12.6788, 0
PixelHit 4, 1846, 20.2414, 0
PixelHit 4, 1847, 26.2084, 0
PixelHit 4, 1848, 16.2486, 0
PixelHit 4, 1849, 10.4985, 0
PixelHit 4, 1850, 49.294, 0
PixelHit 4, 1851, 109.562, 0
PixelHit 4, 1852, 9.61712, 0
PixelHit 5, 1847, 1.54183, 0
PixelHit 5, 1851, 1.1297, 0
PixelHit 120, 1796, 36.6955, 0
PixelHit 120, 1797, 74.2096, 0
PixelHit 121, 1796, 130.646, 0
PixelHit 121, 1797, 190.997, 0
PixelHit 122, 1796, 0.0712494, 0
PixelHit 123, 1794, 3.97037, 0
PixelHit 123, 1795, 8.09164, 0
PixelHit 124, 1794, 37.7971, 0
PixelHit 124, 1795, 28.2539, 0
PixelHit 124, 1796, 1.79152, 0
PixelHit 125, 1794, 35.4454, 0
PixelHit 125, 1795, 2.33923, 0
PixelHit 126, 1792, 2.25109, 0
PixelHit 126, 1793, 28.3718, 0
PixelHit 126, 1794, 14.474, 0
PixelHit 126, 1795, 0.0915877, 0
PixelHit 127, 1792, 11.9278, 0
PixelHit 127, 1793, 48.0302, 0
PixelHit 128, 1791, 7.7445, 0
PixelHit 128, 1792, 58.2915, 0
PixelHit 128, 1793, 10.2744, 0
PixelHit 129, 1791, 17.2011, 0
PixelHit 129, 1792, 66.9631, 0
PixelHit 130, 1790, 17.08, 0
PixelHit 130, 1791, 37.9535, 0
PixelHit 130, 1792, 2.97757, 0
PixelHit 131, 1789, 7.23237, 0
PixelHit 131, 1790, 74.7934, 0
PixelHit 131, 1791, 29.313, 0
PixelHit 132, 1789, 16.4175, 0
PixelHit 132, 1790, 80.8219, 0
PixelHit 132, 1791, 11.5336, 0
PixelHit 133, 1788, 8.27185, 0
PixelHit 133, 1789, 82.372, 0
PixelHit 133, 1790, 27.972, 0
PixelHit 134, 1788, 23.7375, 0
PixelHit 134, 1789, 44.185, 0
PixelHit 134, 1790, 4.37614, 0
PixelHit 135, 1787, 5.37259, 0
PixelHit 135, 1788, 13.5128, 0
PixelHit 135, 1789, 3.53406, 0
PixelHit 136, 1786, 3.56875, 0
PixelHit 136, 1787, 35.7665, 0
PixelHit 136, 1788, 26.0508, 0
PixelHit 137, 1785, 1.75419, 0
PixelHit 137, 1786, 60.3195, 0
PixelHit 137, 1787, 91.4774, 0
PixelHit 137, 1788, 8.63001, 0
PixelHit 138, 1785, 6.79233, 0
PixelHit 138, 1786, 119.816, 0
PixelHit 138, 1787, 96.7077, 0
PixelHit 139, 1784, 2.06354, 0
PixelHit 139, 1785, 6.96687, 0
PixelHit 139, 1786, 14.9194, 0
PixelHit 139, 1787, 4.72694, 0
PixelHit 140, 1784, 13.2027, 0
PixelHit 140, 1785, 39.4505, 0
PixelHit 140, 1786, 9.19277, 0
PixelHit 141, 1783, 6.53946, 0
PixelHit 141, 1784, 44.2111, 0
PixelHit 141, 1785, 43.7554, 0
PixelHit 142, 1783, 9.61354, 0
PixelHit 142, 1784, 52.8072, 0
PixelHit 142, 1785, 9.44635, 0
PixelHit 143, 1782, 5.36611, 0
PixelHit 143, 1783, 11.961, 0
PixelHit 143, 1784, 10.8489, 0
PixelHit 143, 1785, 1.94307, 0
PixelHit 144, 1781, 1.10329, 0
PixelHit 144, 1782, 32.085, 0
PixelHit 144, 1783, 35.9546, 0
PixelHit 144, 1784, 2.32839, 0
PixelHit 145, 1781, 7.35292, 0
PixelHit 145, 1782, 58.2885, 0
PixelHit 145, 1783, 23.5901, 0
PixelHit 145, 1784, 3.95665, 0
PixelHit 146, 1781, 11.7631, 0
PixelHit 146, 1782, 16.1851, 0
PixelHit 146, 1783, 3.65792, 0
PixelHit 147, 1779, 2.43501, 0
PixelHit 147, 1780, 4.00614, 0
PixelHit 147, 1781, 6.79863, 0
PixelHit 147, 1782, 6.00113, 0
PixelHit 148, 1779, 5.35654, 0
PixelHit 148, 1780, 28.3822, 0
PixelHit 148, 1781, 10.4136, 0
PixelHit 149, 1779, 13.113, 0
PixelHit 149, 1780, 34.0308, 0
PixelHit 149, 1781, 4.00341, 0
PixelHit 150, 1778, 4.38192, 0
PixelHit 150, 1779, 10.4395, 0
PixelHit 150, 1780, 13.1979, 0
PixelHit 151, 1777, 5.81925, 0
PixelHit 151, 1778, 18.1377, 0
PixelHit 151, 1779, 7.95052, 0
PixelHit 151, 1780, 2.58559, 0
PixelHit 152, 1777, 20.9728, 0
PixelHit 152, 1778, 43.7659, 0
PixelHit 152, 1779, 18.0492, 0
PixelHit 152, 1780, 1.89374, 0
PixelHit 153, 1776, 13.261, 0
PixelHit 153, 1777, 17.1123, 0
PixelHit 153, 1778, 26.3114, 0
PixelHit 153, 1779, 5.18775, 0
PixelHit 154, 1773, 2.86869, 0
PixelHit 154, 1775, 12.1668, 0
PixelHit 154, 1776, 52.7666, 0
PixelHit 154, 1777, 39.9263, 0
PixelHit 154, 1778, 8.57871, 0
PixelHit 155, 1774, 4.29208, 0
PixelHit 155, 1775, 21.2859, 0
PixelHit 155, 1776, 69.1036, 0
PixelHit 155, 1777, 49.9597, 0
PixelHit 156, 1774, 4.96704, 0
PixelHit 156, 1775, 26.7123, 0
PixelHit 156, 1776, 40.3989, 0
PixelHit 156, 1777, 16.9553, 0
PixelHit 157, 1773, 2.80249, 0
PixelHit 157, 1774, 4.93332, 0
PixelHit 157, 1775, 7.09296, 0
PixelHit 157, 1776, 7.59188, 0
PixelHit 157, 1777, 1.28806, 0
PixelHit 158, 1772, 2.43696, 0
PixelHit 158, 1773, 5.00456, 0
PixelHit 158, 1774, 27.9741, 0
PixelHit 158, 1775, 8.86405, 0
PixelHit 158, 1776, 2.17945, 0
PixelHit 159, 1772, 5.34998, 0
PixelHit 159, 1773, 32.3573, 0
PixelHit 159, 1774, 39.1411, 0
PixelHit 159, 1775, 18.4705, 0
PixelHit 160, 1772, 2.59985, 0
PixelHit 160, 1773, 23.1612, 0
PixelHit 160, 1774, 15.3113, 0
PixelHit 160, 1775, 8.02139, 0
PixelHit 160, 1776, 2.48023, 0
PixelHit 161, 1770, 0.799462, 0
PixelHit 161, 1771, 1.24542, 0
PixelHit 161, 1772, 18.1627, 0
PixelHit 161, 1773, 14.3241, 0
PixelHit 161, 1774, 12.2949, 0
PixelHit 161, 1775, 2.67686, 0
PixelHit 162, 1771, 12.5432, 0
PixelHit 162, 1772, 21.5212, 0
PixelHit 162, 1773, 11.7793, 0
PixelHit 163, 1770, 5.50668, 0
PixelHit 163, 1771, 27.2904, 0
PixelHit 163, 1772, 28.7214, 0
PixelHit 163, 1773, 2.00866, 0
PixelHit 164, 1769, 4.21349, 0
PixelHit 164, 1770, 15.7501, 0
PixelHit 164, 1771, 39.9475, 0
PixelHit 164, 1772, 14.5567, 0
PixelHit 164, 1773, 1.45856, 0
PixelHit 165, 1769, 4.638, 0
PixelHit 165, 1770, 31.9683, 0
PixelHit 165, 1771, 40.9461, 0
PixelHit 165, 1772, 8.39395, 0
PixelHit 165, 1773, 1.21179, 0
PixelHit 166, 1768, 4.17751, 0
PixelHit 166, 1769, 5.64032, 0
PixelHit 166, 1770, 12.7564, 0
PixelHit 166, 1771, 9.16516, 0
PixelHit 166, 1772, 2.98204, 0
PixelHit 167, 1767, 3.28909, 0
PixelHit 167, 1768, 20.2499, 0
PixelHit 167, 1769, 21.7811, 0
PixelHit 167, 1770, 13.7781, 0
PixelHit 168, 1765, 1.20841, 0
PixelHit 168, 1767, 13.8165, 0
PixelHit 168, 1768, 30.5441, 0
PixelHit 168, 1769, 45.7928, 0
PixelHit 168, 1770, 17.4163, 0
PixelHit 169, 1766, 1.15823, 0
PixelHit 169, 1767, 25.8329, 0
PixelHit 169, 1768, 37.9925, 0
PixelHit 169, 1769, 33.2763, 0
PixelHit 169, 1770, 3.73561, 0
PixelHit 170, 1766, 8.59753, 0
PixelHit 170, 1767, 24.461, 0
PixelHit 170, 1768, 28.419, 0
PixelHit 170, 1769, 12.1403, 0
PixelHit 170, 1770, 1.82802, 0
PixelHit 171, 1765, 1.85323, 0
PixelHit 171, 1766, 19.9199, 0
PixelHit 171, 1767, 18.3192, 0
PixelHit 171, 1768, 11.2299, 0
PixelHit 171, 1769, 4.58674, 0
PixelHit 172, 1765, 11.5132, 0
PixelHit 172, 1766, 34.6493, 0
PixelHit 172, 1767, 20.963, 0
PixelHit 172, 1768, 6.78944, 0
PixelHit 173, 1763, 1.9297, 0
PixelHit 173, 1764, 11.1602, 0
PixelHit 173, 1765, 43.5641, 0
PixelHit 173, 1766, 46.8834, 0
PixelHit 173, 1767, 16.2304, 0
PixelHit 173, 1768, 2.27943, 0
PixelHit 174, 1764, 16.5011, 0
PixelHit 174, 1765, 36.8812, 0
PixelHit 174, 1766, 27.4667, 0
PixelHit 174, 1767, 6.99467, 0
PixelHit 175, 1761, 1.99544, 0
PixelHit 175, 1762, 5.0252, 0
PixelHit 175, 1763, 13.7957, 0
PixelHit 175, 1764, 12.3267, 0
PixelHit 175, 1765, 13.1781, 0
PixelHit 175, 1766, 6.03211, 0
PixelHit 175, 1768, 0.633077, 0
PixelHit 176, 1761, 7.33096, 0
PixelHit 176, 1762, 38.621, 0
PixelHit 176, 1763, 101.291, 0
PixelHit 176, 1764, 60.0876, 0
PixelHit 176, 1765, 22.4612, 0
PixelHit 177, 1761, 8.15421, 0
PixelHit 177, 1762, 123.346, 0
PixelHit 177, 1763, 325.436, 0
PixelHit 177, 1764, 170.292, 0
PixelHit 177, 1765, 34.9467, 0
PixelHit 178, 1761, 12.4207, 0
PixelHit 178, 1762, 109.93, 0
PixelHit 178, 1763, 214.38, 0
PixelHit 178, 1764, 116.524, 0
PixelHit 178, 1765, 18.6745, 0
PixelHit 178, 1766, 2.15044, 0
PixelHit 179, 1761, 11.1819, 0
PixelHit 179, 1762, 44.6348, 0
PixelHit 179, 1763, 63.3064, 0
PixelHit 179, 1764, 30.3107, 0
PixelHit 179, 1765, 1.91803, 0
PixelHit 180, 1760, 4.56878, 0
PixelHit 180, 1761, 6.46625, 0
PixelHit 180, 1762, 9.66722, 0
PixelHit 180, 1763, 14.8266, 0
PixelHit 180, 1764, 1.48378, 0
PixelHit 181, 1761, 2.17646, 0
PixelHit 181, 1762, 2.42297, 0
PixelHit 182, 1759, 3.57427, 0
PixelHit 182, 1760, 4.07588, 0
PixelHit 182, 1761, 1.43543, 0
PixelHit 183, 1758, 8.67949, 0
PixelHit 183, 1759, 13.4917, 0
PixelHit 183, 1760, 11.3903, 0
PixelHit 183, 1761, 2.21953, 0
PixelHit 184, 1758, 2.44889, 0
PixelHit 184, 1759, 11.4868, 0
PixelHit 184, 1760, 13.0989, 0
PixelHit 185, 1756, 2.51186, 0
PixelHit 185, 1757, 10.8922, 0
PixelHit 185, 1758, 10.7254, 0
PixelHit 185, 1759, 12.4638, 0
PixelHit 185, 1760, 2.01886, 0
PixelHit 186, 1755, 0.0314833, 0
PixelHit 186, 1756, 7.33885, 0
PixelHit 186, 1757, 24.7423, 0
PixelHit 186, 1758, 37.6201, 0
PixelHit 186, 1759, 10.2946, 0
PixelHit 187, 1755, 3.65764, 0
PixelHit 187, 1756, 33.6061, 0
PixelHit 187, 1757, 51.8205, 0
PixelHit 187, 1758, 51.1232, 0
PixelHit 187, 1759, 13.798, 0
PixelHit 188, 1754, 2.40812, 0
PixelHit 188, 1755, 9.78143, 0
PixelHit 188, 1756, 45.0478, 0
PixelHit 188, 1757, 44.3921, 0
PixelHit 188, 1758, 31.0589, 0
PixelHit 188, 1759, 4.40067, 0
PixelHit 189, 1753, 2.81202, 0
PixelHit 189, 1755, 20.5847, 0
PixelHit 189, 1756, 35.7291, 0
PixelHit 189, 1757, 23.7362, 0
PixelHit 189, 1758, 11.1505, 0
PixelHit 189, 1759, 2.79698, 0
PixelHit 190, 1753, -0.588997, 0
PixelHit 190, 1754, 9.46653, 0
PixelHit 190, 1755, 26.419, 0
PixelHit 190, 1756, 38.9606, 0
PixelHit 190, 1757, 28.0693, 0
PixelHit 190, 1758, 4.48363, 0
PixelHit 191, 1752, 2.09256, 0
PixelHit 191, 1753, 8.0034, 0
PixelHit 191, 1754, 14.4081, 0
PixelHit 191, 1755, 34.5876, 0
PixelHit 191, 1756, 20.0937, 0
PixelHit 191, 1757, 5.1521, 0
PixelHit 191, 1758, 1.99973, 0
PixelHit 192, 1752, 2.91352, 0
PixelHit 192, 1753, 8.99621, 0
PixelHit 192, 1754, 24.0929, 0
PixelHit 192, 1755, 19.0339, 0
PixelHit 192, 1756, 12.0663, 0
PixelHit 192, 1757, 3.50237, 0
PixelHit 193, 1752, 1.49656, 0
PixelHit 193, 1753, 11.6341, 0
PixelHit 193, 1754, 16.804, 0
PixelHit 193, 1755, 14.756, 0
PixelHit 193, 1756, 3.79382, 0
PixelHit 194, 1751, 4.0702, 0
PixelHit 194, 1752, 8.12205, 0
PixelHit 194, 1753, 15.7989, 0
PixelHit 194, 1754, 13.184, 0
PixelHit 194, 1755, 6.58174, 0
PixelHit 194, 1756, 2.72918, 0
PixelHit 195, 1750, 1.63263, 0
PixelHit 195, 1751, 9.91268, 0
PixelHit 195, 1752, 20.1636, 0
PixelHit 195, 1753, 28.3442, 0
PixelHit 195, 1754, 10.2558, 0
PixelHit 196, 1749, 2.03139, 0
PixelHit 196, 1750, 0.496822, 0
PixelHit 196, 1751, 13.6494, 0
PixelHit 196, 1752, 22.2241, 0
PixelHit 196, 1753, 21.8877, 0
PixelHit 196, 1754, 8.52995, 0
PixelHit 197, 1750, 11.9736, 0
PixelHit 197, 1751, 25.9414, 0
PixelHit 197, 1752, 24.4092, 0
PixelHit 197, 1753, 16.3592, 0
PixelHit 197, 1754, 3.35655, 0
PixelHit 198, 1748, 2.42723, 0
PixelHit 198, 1749, 5.36628, 0
PixelHit 198, 1750, 34.9515, 0
PixelHit 198, 1751, 25.6844, 0
PixelHit 198, 1752, 11.5627, 0
PixelHit 198, 1753, 4.59827, 0
PixelHit 198, 1754, 1.77981, 0
PixelHit 199, 1749, 14.0911, 0
PixelHit 199, 1750, 26.3411, 0
PixelHit 199, 1751, 22.1378, 0
PixelHit 199, 1752, 4.47511, 0
PixelHit 200, 1748, 16.6805, 0
PixelHit 200, 1749, 26.6294, 0
PixelHit 200, 1750, 31.6036, 0
PixelHit 200, 1751, 13.6704, 0
PixelHit 200, 1752, 3.4898, 0
PixelHit 201, 1746, 3.62673, 0
PixelHit 201, 1747, 4.78265, 0
PixelHit 201, 1748, 17.1577, 0
PixelHit 201, 1749, 27.3443, 0
PixelHit 201, 1750, 23.9478, 0
PixelHit 201, 1751, 7.15634, 0
PixelHit 202, 1747, 4.52949, 0
PixelHit 202, 1748, 10.8499, 0
PixelHit 202, 1749, 15.9532, 0
PixelHit 202, 1750, 9.35111, 0
PixelHit 203, 1746, 1.50107, 0
PixelHit 203, 1747, 11.7346, 0
PixelHit 203, 1748, 10.3755, 0
PixelHit 203, 1749, 10.3682, 0
PixelHit 203, 1750, 6.541, 0
PixelHit 203, 1751, 1.88455, 0
PixelHit 204, 1745, 5.40442, 0
PixelHit 204, 1746, 9.6834, 0
PixelHit 204, 1747, 13.6968, 0
PixelHit 204, 1748, 12.4783, 0
PixelHit 204, 1749, 4.61342, 0
PixelHit 204, 1750, 2.53409, 0
PixelHit 205, 1744, 2.3514, 0
PixelHit 205, 1745, 10.183, 0
PixelHit 205, 1746, 33.1848, 0
PixelHit 205, 1747, 28.257, 0
PixelHit 205, 1748, 16.9346, 0
PixelHit 205, 1749, 3.31681, 0
PixelHit 206, 1744, 2.39552, 0
PixelHit 206, 1745, 14.8033, 0
PixelHit 206, 1746, 19.6858, 0
PixelHit 206, 1747, 26.245, 0
PixelHit 206, 1748, 9.98987, 0
PixelHit 207, 1744, 0.778, 0
PixelHit 207, 1745, 3.60333, 0
PixelHit 207, 1746, 15.3895, 0
PixelHit 207, 1747, 9.99389, 0
PixelHit 207, 1748, 1.57763, 0
PixelHit 208, 1743, 2.8499, 0
PixelHit 208, 1745, 5.64336, 0
PixelHit 208, 1746, 4.73862, 0
PixelHit 208, 1747, 1.05164, 0
PixelHit 209, 1743, 2.12101, 0
PixelHit 209, 1744, 1.90395, 0
PixelHit 209, 1745, 3.59137, 0
PixelHit 210, 1743, 2.90581, 0
PixelHit 210, 1744, 3.528, 0
PixelHit 210, 1745, 2.34346, 0
PixelHit 211, 1742, 1.86186, 0
PixelHit 211, 1745, 0.525379, 0
PixelHit 211, 1746, 2.60493, 0
PixelHit 212, 1741, 3.2561, 0
PixelHit 212, 1742, 3.42667, 0
PixelHit 212, 1743, 2.393, 0
PixelHit 212, 1744, 1.26094, 0
PixelHit 213, 1739, 2.96459, 0
PixelHit 213, 1740, 3.18626, 0
PixelHit 213, 1741, 4.73423, 0
PixelHit 213, 1742, 3.52848, 0
PixelHit 213, 1743, 8.81307, 0
PixelHit 214, 1741, 11.5283, 0
PixelHit 214, 1742, 9.64423, 0
PixelHit 214, 1744, 2.41854, 0
PixelHit 215, 1740, 11.2132, 0
PixelHit 215, 1741, 7.63031, 0
PixelHit 215, 1742, 6.8274, 0
PixelHit 215, 1743, 1.78774, 0
PixelHit 216, 1739, 6.53468, 0
PixelHit 216, 1740, 10.266, 0
PixelHit 216, 1741, 9.80839, 0
PixelHit 216, 1742, 7.91102, 0
PixelHit 216, 1743, 2.50848, 0
PixelHit 217, 1737, 2.72112, 0
PixelHit 217, 1738, 10.9479, 0
PixelHit 217, 1739, 23.8938, 0
PixelHit 217, 1740, 12.9637, 0
PixelHit 217, 1741, 11.0399, 0
PixelHit 217, 1742, 6.59527, 0
PixelHit 218, 1736, 1.83449, 0
PixelHit 218, 1737, 5.77503, 0
PixelHit 218, 1738, 22.0407, 0
PixelHit 218, 1739, 29.2014, 0
PixelHit 218, 1740, 19.3677, 0
PixelHit 218, 1741, 1.42861, 0
PixelHit 218, 1742, 2.61461, 0
PixelHit 219, 1736, 1.36919, 0
PixelHit 219, 1737, 3.49728, 0
PixelHit 219, 1738, 14.8894, 0
PixelHit 219, 1739, 21.8175, 0
PixelHit 219, 1740, 12.0786, 0
PixelHit 219, 1741, 8.17481, 0
PixelHit 220, 1736, 1.09871, 0
PixelHit 220, 1737, 9.50143, 0
PixelHit 220, 1738, 12.511, 0
PixelHit 220, 1739, 8.73475, 0
PixelHit 220, 1740, 5.09191, 0
PixelHit 221, 1734, 2.17929, 0
PixelHit 221, 1735, 3.45754, 0
PixelHit 221, 1736, 5.01119, 0
PixelHit 221, 1737, 18.2601, 0
PixelHit 221, 1738, 5.269, 0
PixelHit 221, 1739, 5.06484, 0
PixelHit 221, 1740, 3.63636, 0
PixelHit 222, 1735, 8.65345, 0
PixelHit 222, 1736, 17.9549, 0
PixelHit 222, 1737, 18.5579, 0
PixelHit 222, 1738, 12.148, 0
PixelHit 222, 1739, 1.4246, 0
PixelHit 223, 1733, 0.966331, 0
PixelHit 223, 1734, 6.33419, 0
PixelHit 223, 1735, 10.0025, 0
PixelHit 223, 1736, 24.0754, 0
PixelHit 223, 1737, 19.8943, 0
PixelHit 223, 1738, 8.58479, 0
PixelHit 224, 1732, 2.14384, 0
PixelHit 224, 1733, 2.1331, 0
PixelHit 224, 1734, 11.345, 0
PixelHit 224, 1735, 8.19574, 0
PixelHit 224, 1736, 30.3118, 0
PixelHit 224, 1737, 11.9034, 0
PixelHit 224, 1738, 5.35776, 0
PixelHit 225, 1732, 2.76006, 0
PixelHit 225, 1733, 9.1853, 0
PixelHit 225, 1734, 18.8193, 0
PixelHit 225, 1735, 10.0944, 0
PixelHit 225, 1736, 14.2372, 0
PixelHit 225, 1737, 6.35961, 0
PixelHit 226, 1731, 5.50655, 0
PixelHit 226, 1732, 11.1882, 0
PixelHit 226, 1733, 23.3599, 0
PixelHit 226, 1734, 21.4148, 0
PixelHit 226, 1735, 12.1067, 0
PixelHit 226, 1736, 13.5481, 0
PixelHit 226, 1737, 1.55777, 0
PixelHit 226, 1738, 0.126376, 0
PixelHit 227, 1731, 12.8748, 0
PixelHit 227, 1732, 41.8058, 0
PixelHit 227, 1733, 56.9765, 0
PixelHit 227, 1734, 58.9491, 0
PixelHit 227, 1735, 26.3755, 0
PixelHit 227, 1736, 2.45458, 0
PixelHit 228, 1729, 2.04686, 0
PixelHit 228, 1731, 20.3358, 0
PixelHit 228, 1732, 71.7702, 0
PixelHit 228, 1733, 126.505, 0
PixelHit 228, 1734, 77.7533, 0
PixelHit 228, 1735, 25.7634, 0
PixelHit 228, 1736, 7.48043, 0
PixelHit 229, 1729, 1.24418, 0
PixelHit 229, 1730, 3.01166, 0
PixelHit 229, 1731, 15.9197, 0
PixelHit 229, 1732, 62.6366, 0
PixelHit 229, 1733, 87.3813, 0
PixelHit 229, 1734, 57.9718, 0
PixelHit 229, 1735, 23.4495, 0
PixelHit 230, 1729, 2.31544, 0
PixelHit 230, 1730, 7.6222, 0
PixelHit 230, 1731, 27.7208, 0
PixelHit 230, 1732, 44.8214, 0
PixelHit 230, 1733, 49.3765, 0
PixelHit 230, 1734, 39.837, 0
PixelHit 230, 1735, 3.78219, 0
PixelHit 231, 1728, 2.17372, 0
PixelHit 231, 1729, 4.67827, 0
PixelHit 231, 1730, 22.772, 0
PixelHit 231, 1731, 25.6603, 0
PixelHit 231, 1732, 28.302, 0
PixelHit 231, 1733, 19.4225, 0
PixelHit 231, 1734, 8.11334, 0
PixelHit 232, 1728, 4.39321, 0
PixelHit 232, 1729, 12.3349, 0
PixelHit 232, 1730, 23.5029, 0
PixelHit 232, 1731, 37.0788, 0
PixelHit 232, 1732, 14.5002, 0
PixelHit 232, 1733, 5.35737, 0
PixelHit 233, 1728, 7.43163, 0
PixelHit 233, 1729, 17.5413, 0
PixelHit 233, 1730, 23.6907, 0
PixelHit 233, 1731, 23.0527, 0
PixelHit 233, 1732, 13.6169, 0
PixelHit 233, 1733, 5.13604, 0
PixelHit 234, 1727, 3.57326, 0
PixelHit 234, 1728, 13.5881, 0
PixelHit 234, 1729, 21.015, 0
PixelHit 234, 1730, 21.7323, 0
PixelHit 234, 1731, 16.084, 0
PixelHit 234, 1732, 7.29319, 0
PixelHit 234, 1733, 1.91511, 0
PixelHit 235, 1725, 2.87165, 0
PixelHit 235, 1726, 9.1488, 0
PixelHit 235, 1727, 10.5146, 0
PixelHit 235, 1728, 26.3621, 0
PixelHit 235, 1729, 33.2067, 0
PixelHit 235, 1730, 13.7116, 0
PixelHit 235, 1731, 6.49552, 0
PixelHit 235, 1732, 1.74925, 0
PixelHit 236, 1726, 7.81637, 0
PixelHit 236, 1727, 27.1291, 0
PixelHit 236, 1728, 52.2477, 0
PixelHit 236, 1729, 31.4066, 0
PixelHit 236, 1730, 20.9043, 0
PixelHit 236, 1731, 6.16505, 0
PixelHit 236, 1732, 4.13632, 0
PixelHit 237, 1724, 1.94911, 0
PixelHit 237, 1725, 8.76477, 0
PixelHit 237, 1726, 26.097, 0
PixelHit 237, 1727, 38.0745, 0
PixelHit 237, 1728, 63.4813, 0
PixelHit 237, 1729, 33.3361, 0
PixelHit 237, 1730, 10.7008, 0
PixelHit 238, 1725, 7.51499, 0
PixelHit 238, 1726, 23.6312, 0
PixelHit 238, 1727, 48.0899, 0
PixelHit 238, 1728, 33.5487, 0
PixelHit 238, 1729, 18.5646, 0
PixelHit 238, 1730, 10.367, 0
PixelHit 238, 1731, 4.25525, 0
PixelHit 239, 1725, 11.6633, 0
PixelHit 239, 1726, 30.9584, 0
PixelHit 239, 1727, 34.5084, 0
PixelHit 239, 1728, 18.9279, 0
PixelHit 239, 1729, 13.8611, 0
PixelHit 239, 1730, 4.30511, 0
PixelHit 239, 1731, 1.11259, 0
PixelHit 240, 1724, 3.97601, 0
PixelHit 240, 1725, 9.52796, 0
PixelHit 240, 1726, 25.6705, 0
PixelHit 240, 1727, 18.4526, 0
PixelHit 240, 1728, 16.5814, 0
PixelHit 241, 1724, 2.24387, 0
PixelHit 241, 1725, 13.9652, 0
PixelHit 241, 1726, 11.5766, 0
PixelHit 241, 1727, 6.26147, 0
PixelHit 241, 1730, 2.47443, 0
PixelHit 242, 1723, 5.80158, 0
PixelHit 242, 1724, 8.98016, 0
PixelHit 242, 1725, 11.8132, 0
PixelHit 242, 1726, 7.22104, 0
PixelHit 242, 1727, 5.50873, 0
PixelHit 242, 1728, 2.81438, 0
PixelHit 243, 1721, 1.0491, 0
PixelHit 243, 1722, 1.86502, 0
PixelHit 243, 1723, 3.49761, 0
PixelHit 243, 1724, 7.03262, 0
PixelHit 243, 1725, 15.0901, 0
PixelHit 243, 1726, 8.97152, 0
PixelHit 243, 1727, 1.77808, 0
PixelHit 244, 1721, 2.97969, 0
PixelHit 244, 1722, 5.57735, 0
PixelHit 244, 1723, 11.2187, 0
PixelHit 244, 1724, 9.76056, 0
PixelHit 245, 1721, 7.66473, 0
PixelHit 245, 1722, 12.0946, 0
PixelHit 245, 1723, 22.3482, 0
PixelHit 245, 1724, 16.9514, 0
PixelHit 245, 1725, 9.40671, 0
PixelHit 245, 1727, 1.35499, 0
PixelHit 246, 1720, 3.98312, 0
PixelHit 246, 1721, 7.72178, 0
PixelHit 246, 1722, 11.6439, 0
PixelHit 246, 1723, 13.3778, 0
PixelHit 246, 1724, 6.56047, 0
PixelHit 246, 1725, 4.6842, 0
PixelHit 247, 1720, 4.98767, 0
PixelHit 247, 1721, 17.5694, 0
PixelHit 247, 1722, 16.6092, 0
PixelHit 247, 1723, 11.3357, 0
PixelHit 247, 1724, 9.90122, 0
PixelHit 247, 1726, 1.73488, 0
PixelHit 248, 1718, 2.01629, 0
PixelHit 248, 1719, 1.70818, 0
PixelHit 248, 1720, 3.07449, 0
PixelHit 248, 1721, 13.034, 0
PixelHit 248, 1722, 10.4958, 0
PixelHit 248, 1723, 11.3201, 0
PixelHit 248, 1724, 3.66937, 0
PixelHit 249, 1720, 1.70027, 0
PixelHit 249, 1721, 7.77786, 0
PixelHit 249, 1722, 7.56241, 0
PixelHit 249, 1723, 4.08997, 0
PixelHit 249, 1726, 1.14042, 0
PixelHit 250, 1721, 5.83517, 0
PixelHit 251, 1720, 2.03098, 0
PixelHit 251, 1721, 3.30959, 0
=== 42 ===
=== 43 ===
=== 44 ===
=== 45 ===
=== 46 ===
=== 47 ===
=== 48 ===
=== 49 ===
=== 50 ===
=== 51 ===
=== 52 ===
=== 53 ===
=== 54 ===
=== 55 ===
=== 56 ===
=== 57 ===
=== 58 ===
=== 59 ===
--- mydetector ---
PixelHit 1016, 1278, 208.24, 0
PixelHit 1016, 1279, 48.7112, 0
PixelHit 1017, 1278, 15.5235, 0
PixelHit 1017, 1279, 3.91168, 0
PixelHit 1018, 1277, 0.452597, 0
PixelHit 1019, 1276, 5.48733, 0
PixelHit 1019, 1277, 16.2219, 0
PixelHit 1020, 1276, 38.37, 0
PixelHit 1020, 1277, 9.93527, 0
PixelHit 1021, 1275, 16.8463, 0
PixelHit 1021, 1276, 33.7547, 0
PixelHit 1022, 1274, 3.31384, 0
PixelHit 1022, 1275, 67.3209, 0
PixelHit 1022, 1276, 7.17495, 0
PixelHit 1022, 1277, -0.134729, 0
PixelHit 1023, 1274, 14.582, 0
PixelHit 1023, 1275, 14.8349, 0
PixelHit 1024, 1273, 10.5814, 0
PixelHit 1024, 1274, 14.0658, 0
PixelHit 1024, 1275, 1.58846, 0
PixelHit 1025, 1273, 45.3205, 0
PixelHit 1025, 1274, 13.0222, 0
PixelHit 1025, 1275, 0.0583832, 0
PixelHit 1026, 1271, 2.94371, 0
PixelHit 1026, 1272, 15.086, 0
PixelHit 1026, 1273, 34.7233, 0
PixelHit 1027, 1271, 5.84609, 0
PixelHit 1027, 1272, 16.6556, 0
PixelHit 1027, 1273, 4.52762, 0
PixelHit 1027, 1274, 0.667224, 0
PixelHit 1028, 1271, 20.2037, 0
PixelHit 1028, 1272, 22.2704, 0
PixelHit 1029, 1270, 31.6949, 0
PixelHit 1029, 1271, 63.0688, 0
PixelHit 1029, 1272, 11.0084, 0
PixelHit 1030, 1269, 13.4089, 0
PixelHit 1030, 1270, 167.318, 0
PixelHit 1030, 1271, 72.1174, 0
PixelHit 1030, 1272, 3.34652, 0
PixelHit 1031, 1268, 2.06884, 0
PixelHit 1031, 1269, 37.7471, 0
PixelHit 1031, 1270, 135.429, 0
PixelHit 1031, 1271, 18.7942, 0
PixelHit 1031, 1272, -0.185059, 0
PixelHit 1032, 1268, 25.4926, 0
PixelHit 1032, 1269, 195.389, 0
PixelHit 1032, 1270, 43.3423, 0
PixelHit 1032, 1271, 1.85685, 0
PixelHit 1033, 1268, 15.4106, 0
PixelHit 1033, 1269, 61.6457, 0
PixelHit 1033, 1270, 11.4433, 0
PixelHit 1034, 1266, 1.04768, 0
PixelHit 1034, 1267, 16.3722, 0
PixelHit 1034, 1268, 21.3288, 0
PixelHit 1034, 1269, 3.42718, 0
PixelHit 1035, 1266, 5.06583, 0
PixelHit 1035, 1267, 63.6022, 0
PixelHit 1035, 1268, 44.2356, 0
PixelHit 1035, 1269, 2.38611, 0
PixelHit 1036, 1265, 4.31197, 0
PixelHit 1036, 1266, 6.12807, 0
PixelHit 1036, 1267, 20.3705, 0
PixelHit 1036, 1268, 4.18162, 0
PixelHit 1037, 1265, 1.92583, 0
PixelHit 1037, 1266, 17.1216, 0
PixelHit 1037, 1267, 2.46784, 0
PixelHit 1038, 1265, 2.69514, 0
PixelHit 1038, 1266, 13.37, 0
PixelHit 1039, 1266, 0.581665, 0
PixelHit 1040, 1263, 3.81342, 0
PixelHit 1040, 1264, 10.988, 0
PixelHit 1041, 1262, 2.48294, 0
PixelHit 1041, 1263, 5.15547, 0
PixelHit 1041, 1264, 24.385, 0
PixelHit 1041, 1265, 6.31538, 0
PixelHit 1042, 1262, 7.73384, 0
PixelHit 1042, 1263, 20.0182, 0
PixelHit 1042, 1264, 7.85158, 0
PixelHit 1042, 1265, 2.28846, 0
PixelHit 1043, 1261, 2.75837, 0
PixelHit 1043, 1262, 41.6573, 0
PixelHit 1043, 1263, 30.7554, 0
PixelHit 1043, 1264, 2.49523, 0
PixelHit 1044, 1260, 3.63437, 0
PixelHit 1044, 1261, 23.1226, 0
PixelHit 1044, 1262, 54.2604, 0
PixelHit 1044, 1263, 35.5772, 0
PixelHit 1044, 1264, 3.74071, 0
PixelHit 1045, 1260, 10.6405, 0
PixelHit 1045, 1261, 64.8056, 0
PixelHit 1045, 1262, 50.844, 0
PixelHit 1045, 1263, 1.18589, 0
PixelHit 1046, 1260, 13.9133, 0
PixelHit 1046, 1261, 43.6712, 0
PixelHit 1046, 1262, 23.8899, 0
PixelHit 1047, 1259, 0.200879, 0
PixelHit 1047, 1260, 6.19446, 0
PixelHit 1047, 1261, 2.9463, 0
PixelHit 1048, 1257, 1.0893, 0
PixelHit 1048, 1258, 1.51012, 0
PixelHit 1048, 1259, 8.74949, 0
PixelHit 1048, 1260, 7.74588, 0
PixelHit 1049, 1258, 11.5375, 0
PixelHit 1049, 1259, 23.0617, 0
PixelHit 1049, 1260, 6.18131, 0
PixelHit 1050, 1257, 3.85114, 0
PixelHit 1050, 1258, 18.029, 0
PixelHit 1050, 1259, 16.5167, 0
PixelHit 1050, 1260, 6.15488, 0
PixelHit 1051, 1257, 6.20693, 0
PixelHit 1051, 1258, 16.1756, 0
PixelHit 1051, 1259, 10.5783, 0
PixelHit 1052, 1255, 3.55196, 0
PixelHit 1052, 1256, 4.44004, 0
PixelHit 1052, 1257, 6.27602, 0
PixelHit 1052, 1258, 2.07832, 0
PixelHit 1053, 1256, 1.55787, 0
PixelHit 1053, 1257, 3.08945, 0
PixelHit 1054, 1255, 3.22131, 0
PixelHit 1054, 1256, 8.60015, 0
PixelHit 1055, 1254, 8.81389, 0
PixelHit 1055, 1255, 19.3681, 0
PixelHit 1055, 1256, 15.1473, 0
PixelHit 1056, 1253, 4.49367, 0
PixelHit 1056, 1254, 17.9643, 0
PixelHit 1056, 1255, 27.2164, 0
PixelHit 1056, 1256, 15.576, 0
PixelHit 1057, 1252, 3.9306, 0
PixelHit 1057, 1253, 11.3578, 0
PixelHit 1057, 1254, 25.6039, 0
PixelHit 1057, 1255, 22.2981, 0
PixelHit 1057, 1256, 2.45202, 0
PixelHit 1058, 1252, 7.04055, 0
PixelHit 1058, 1253, 22.5854, 0
PixelHit 1058, 1254, 19.949, 0
PixelHit 1058, 1255, 12.1583, 0
PixelHit 1059, 1251, 3.56761, 0
PixelHit 1059, 1252, 7.68955, 0
PixelHit 1059, 1253, 20.2535, 0
PixelHit 1059, 1254, 19.363, 0
PixelHit 1059, 1255, 4.29068, 0
PixelHit 1059, 1256, 1.81915, 0
PixelHit 1060, 1251, 4.49362, 0
PixelHit 1060, 1252, 50.5639, 0
PixelHit 1060, 1253, 38.9097, 0
PixelHit 1060, 1254, 7.40872, 0
PixelHit 1060, 1255, 2.23659, 0
PixelHit 1061, 1250, 2.68276, 0
PixelHit 1061, 1251, 8.01694, 0
PixelHit 1061, 1252, 32.3008, 0
PixelHit 1061, 1253, 12.666, 0
PixelHit 1061, 1254, 2.61176, 0
PixelHit 1062, 1249, 2.41555, 0
PixelHit 1062, 1250, 2.39116, 0
PixelHit 1062, 1251, 10.5902, 0
PixelHit 1062, 1252, 8.81748, 0
PixelHit 1062, 1253, 3.5812, 0
PixelHit 1063, 1250, 17.548, 0
PixelHit 1063, 1251, 16.0723, 0
PixelHit 1063, 1252, 4.50782, 0
PixelHit 1063, 1253, 2.88916, 0
PixelHit 1064, 1248, 3.75684, 0
PixelHit 1064, 1249, 12.2273, 0
PixelHit 1064, 1250, 13.5952, 0
PixelHit 1064, 1251, 13.1581, 0
PixelHit 1064, 1252, 3.47517, 0
PixelHit 1065, 1248, 5.84363, 0
PixelHit 1065, 1249, 26.3366, 0
PixelHit 1065, 1250, 21.3257, 0
PixelHit 1065, 1251, 4.36712, 0
PixelHit 1066, 1247, 3.34203, 0
PixelHit 1066, 1248, 9.74308, 0
PixelHit 1066, 1249, 28.3497, 0
PixelHit 1066, 1250, 17.0777, 0
PixelHit 1067, 1247, 20.5027, 0
PixelHit 1067, 1248, 31.2083, 0
PixelHit 1067, 1249, 26.1315, 0
PixelHit 1067, 1250, 4.26339, 0
PixelHit 1067, 1251, 2.82054, 0
PixelHit 1068, 1246, 7.53653, 0
PixelHit 1068, 1247, 35.3419, 0
PixelHit 1068, 1248, 62.6675, 0
PixelHit 1068, 1249, 25.0755, 0
PixelHit 1068, 1250, 3.44166, 0
PixelHit 1069, 1246, 16.286, 0
PixelHit 1069, 1247, 31.1788, 0
PixelHit 1069, 1248, 34.6916, 0
PixelHit 1069, 1249, 12.9601, 0
PixelHit 1070, 1245, 7.07857, 0
PixelHit 1070, 1246, 20.3265, 0
PixelHit 1070, 1247, 27.0801, 0
PixelHit 1070, 1248, 10.2583, 0
PixelHit 1070, 1249, 3.00166, 0
PixelHit 1071, 1244, 4.58915, 0
PixelHit 1071, 1245, 17.1117, 0
PixelHit 1071, 1246, 25.2629, 0
PixelHit 1071, 1247, 18.875, 0
PixelHit 1071, 1248, 2.75044, 0
PixelHit 1071, 1249, 0.612279, 0
PixelHit 1072, 1244, 6.51764, 0
PixelHit 1072, 1245, 38.9644, 0
PixelHit 1072, 1246, 28.2511, 0
PixelHit 1072, 1247, 11.2737, 0
PixelHit 1072, 1248, 3.57878, 0
PixelHit 1072, 1249, 4.95522, 0
PixelHit 1073, 1242, 0.790308, 0
PixelHit 1073, 1243, 3.45523, 0
PixelHit 1073, 1244, 22.1417, 0
PixelHit 1073, 1245, 30.7353, 0
PixelHit 1073, 1246, 24.7851, 0
PixelHit 1073, 1247, 3.29441, 0
PixelHit 1074, 1242, 2.3618, 0
PixelHit 1074, 1243, 10.8018, 0
PixelHit 1074, 1244, 22.626, 0
PixelHit 1074, 1245, 15.8577, 0
PixelHit 1074, 1246, 4.19532, 0
PixelHit 1074, 1247, 1.67062, 0
PixelHit 1075, 1242, 8.04812, 0
PixelHit 1075, 1243, 16.5553, 0
PixelHit 1075, 1244, 9.27903, 0
PixelHit 1075, 1245, 11.1983, 0
PixelHit 1075, 1246, 1.91282, 0
PixelHit 1076, 1241, 9.22056, 0
PixelHit 1076, 1242, 19.9676, 0
PixelHit 1076, 1243, 23.1254, 0
PixelHit 1076, 1244, 10.5656, 0
PixelHit 1077, 1239, 4.35769, 0
PixelHit 1077, 1241, 15.4217, 0
PixelHit 1077, 1242, 23.3137, 0
PixelHit 1077, 1243, 28.3892, 0
PixelHit 1077, 1244, 8.8686, 0
PixelHit 1077, 1245, 1.34739, 0
PixelHit 1078, 1240, 4.8971, 0
PixelHit 1078, 1241, 21.8076, 0
PixelHit 1078, 1242, 33.6867, 0
PixelHit 1078, 1243, 20.8407, 0
PixelHit 1078, 1244, 5.29696, 0
PixelHit 1078, 1245, 0.957109, 0
PixelHit 1079, 1239, 2.87467, 0
PixelHit 1079, 1240, 10.0597, 0
PixelHit 1079, 1241, 13.7334, 0
PixelHit 1079, 1242, 14.0194, 0
PixelHit 1079, 1243, 2.09871, 0
PixelHit 1080, 1238, 2.33066, 0
PixelHit 1080, 1239, 4.64095, 0
PixelHit 1080, 1240, 21.6922, 0
PixelHit 1080, 1241, 29.0171, 0
PixelHit 1080, 1242, 2.9621, 0
PixelHit 1081, 1239, 17.3704, 0
PixelHit 1081, 1240, 23.3526, 0
PixelHit 1081, 1241, 24.9101, 0
PixelHit 1081, 1242, 5.4256, 0
PixelHit 1082, 1238, 10.9622, 0
PixelHit 1082, 1239, 20.2454, 0
PixelHit 1082, 1240, 35.757, 0
PixelHit 1082, 1241, 11.2342, 0
PixelHit 1082, 1242, 2.37738, 0
PixelHit 1083, 1236, 2.66574, 0
PixelHit 1083, 1237, 9.35153, 0
PixelHit 1083, 1238, 24.2273, 0
PixelHit 1083, 1239, 19.2729, 0
PixelHit 1083, 1240, 15.8382, 0
PixelHit 1083, 1241, 3.26151, 0
PixelHit 1083, 1242, 3.47539, 0
PixelHit 1084, 1236, 10.0619, 0
PixelHit 1084, 1237, 28.5887, 0
PixelHit 1084, 1238, 32.9083, 0
PixelHit 1084, 1239, 29.6838, 0
PixelHit 1084, 1240, 4.30641, 0
PixelHit 1085, 1235, 8.36908, 0
PixelHit 1085, 1236, 38.4806, 0
PixelHit 1085, 1237, 63.9877, 0
PixelHit 1085, 1238, 60.1332, 0
PixelHit 1085, 1239, 18.6692, 0
PixelHit 1085, 1240, 7.03494, 0
PixelHit 1086, 1234, 2.05118, 0
PixelHit 1086, 1235, 17.9541, 0
PixelHit 1086, 1236, 83.1636, 0
PixelHit 1086, 1237, 119.2, 0
PixelHit 1086, 1238, 66.1402, 0
PixelHit 1086, 1239, 20.5579, 0
PixelHit 1086, 1240, 3.45064, 0
PixelHit 1087, 1234, 5.1846, 0
PixelHit 1087, 1235, 28.6922, 0
PixelHit 1087, 1236, 59.2017, 0
PixelHit 1087, 1237, 100.402, 0
PixelHit 1087, 1238, 42.5371, 0
PixelHit 1087, 1239, 6.93916, 0
PixelHit 1087, 1241, 1.83505, 0
PixelHit 1088, 1233, 0.551881, 0
PixelHit 1088, 1234, 5.18797, 0
PixelHit 1088, 1235, 16.3022, 0
PixelHit 1088, 1236, 41.5485, 0
PixelHit 1088, 1237, 46.7883, 0
PixelHit 1088, 1238, 8.50027, 0
PixelHit 1089, 1232, 2.10672, 0
PixelHit 1089, 1233, 3.01071, 0
PixelHit 1089, 1234, 6.56802, 0
PixelHit 1089, 1235, 27.5449, 0
PixelHit 1089, 1236, 28.0708, 0
PixelHit 1089, 1237, 5.87472, 0
PixelHit 1089, 1238, 5.99622, 0
PixelHit 1090, 1233, 5.66026, 0
PixelHit 1090, 1234, 11.4526, 0
PixelHit 1090, 1235, 14.5698, 0
PixelHit 1090, 1236, 10.026, 0
PixelHit 1090, 1237, 5.90601, 0
PixelHit 1091, 1234, 6.15559, 0
PixelHit 1091, 1235, 13.6199, 0
PixelHit 1091, 1236, 5.34382, 0
PixelHit 1092, 1231, 1.29557, 0
PixelHit 1092, 1232, 3.92232, 0
PixelHit 1092, 1233, 16.81, 0
PixelHit 1092, 1234, 11.9455, 0
PixelHit 1092, 1235, 5.61529, 0
PixelHit 1093, 1231, 5.07343, 0
PixelHit 1093, 1232, 9.84401, 0
PixelHit 1093, 1233, 10.1848, 0
PixelHit 1093, 1234, 2.85627, 0
PixelHit 1093, 1235, 2.69059, 0
PixelHit 1094, 1230, 0.679088, 0
PixelHit 1094, 1231, 9.72442, 0
PixelHit 1094, 1232, 18.0908, 0
PixelHit 1094, 1233, 12.8287, 0
PixelHit 1094, 1234, 3.70238, 0
PixelHit 1095, 1229, 4.68388, 0
PixelHit 1095, 1230, 2.89858, 0
PixelHit 1095, 1231, 12.279, 0
PixelHit 1095, 1232, 19.4619, 0
PixelHit 1095, 1233, 8.00509, 0
PixelHit 1095, 1234, 2.31928, 0
PixelHit 1096, 1229, 7.31153, 0
PixelHit 1096, 1230, 17.4695, 0
PixelHit 1096, 1231, 19.6483, 0
PixelHit 1096, 1232, 18.7697, 0
PixelHit 1096, 1233, 3.15332, 0
PixelHit 1096, 1235, 1.32801, 0
PixelHit 1097, 1228, 3.62551, 0
PixelHit 1097, 1229, 13.483, 0
PixelHit 1097, 1230, 19.4791, 0
PixelHit 1097, 1231, 21.0652, 0
PixelHit 1097, 1232, 14.3141, 0
PixelHit 1098, 1229, 6.16653, 0
PixelHit 1098, 1230, 20.4817, 0
PixelHit 1098, 1231, 7.30131, 0
PixelHit 1098, 1232, 10.3315, 0
PixelHit 1098, 1233, 3.26961, 0
PixelHit 1099, 1228, 1.64503, 0
PixelHit 1099, 1230, 5.59075, 0
PixelHit 1099, 1231, 4.92103, 0
PixelHit 1099, 1232, 0.919743, 0
PixelHit 1099, 1233, 1.97552, 0
PixelHit 1100, 1227, 6.08701, 0
PixelHit 1100, 1228, 2.91775, 0
PixelHit 1100, 1229, 7.92234, 0
PixelHit 1100, 1230, 2.52126, 0
PixelHit 1100, 1231, 2.3342, 0
PixelHit 1101, 1226, 4.33836, 0
PixelHit 1101, 1227, 10.1587, 0
PixelHit 1101, 1228, 17.8942, 0
PixelHit 1101, 1229, 8.5714, 0
PixelHit 1101, 1230, 3.15683, 0
PixelHit 1102, 1226, 8.20314, 0
PixelHit 1102, 1227, 21.2996, 0
PixelHit 1102, 1228, 20.845, 0
PixelHit 1102, 1229, 13.5178, 0
PixelHit 1102, 1230, 5.11527, 0
PixelHit 1103, 1223, 2.71285, 0
PixelHit 1103, 1224, 2.77957, 0
PixelHit 1103, 1225, 1.47436, 0
PixelHit 1103, 1226, 15.9016, 0
PixelHit 1103, 1227, 19.8298, 0
PixelHit 1103, 1228, 11.0539, 0
PixelHit 1103, 1229, 5.01442, 0
PixelHit 1103, 1230, 1.46688, 0
PixelHit 1104, 1224, 3.0037, 0
PixelHit 1104, 1225, 6.92324, 0
PixelHit 1104, 1226, 23.0375, 0
PixelHit 1104, 1227, 7.71637, 0
PixelHit 1104, 1228, 13.6393, 0
PixelHit 1104, 1229, 4.15775, 0
PixelHit 1105, 1224, 15.9554, 0
PixelHit 1105, 1225, 28.0838, 0
PixelHit 1105, 1226, 27.3892, 0
PixelHit 1105, 1227, 18.662, 0
PixelHit 1105, 1228, 5.72162, 0
PixelHit 1105, 1229, 3.03884, 0
PixelHit 1106, 1223, 2.01236, 0
PixelHit 1106, 1224, 21.8386, 0
PixelHit 1106, 1225, 34.7118, 0
PixelHit 1106, 1226, 22.3789, 0
PixelHit 1106, 1227, 8.24966, 0
PixelHit 1106, 1228, 1.89586, 0
PixelHit 1107, 1222, 7.03565, 0
PixelHit 1107, 1223, 12.021, 0
PixelHit 1107, 1224, 12.636, 0
PixelHit 1107, 1225, 19.895, 0
PixelHit 1107, 1226, 13.529, 0
PixelHit 1107, 1227, 6.55472, 0
PixelHit 1107, 1228, 4.54783, 0
PixelHit 1108, 1221, 4.77784, 0
PixelHit 1108, 1222, 2.51602, 0
PixelHit 1108, 1223, 16.3402, 0
PixelHit 1108, 1224, 19.1762, 0
PixelHit 1108, 1225, 10.9322, 0
PixelHit 1108, 1226, 3.65328, 0
PixelHit 1108, 1227, 1.03848, 0
PixelHit 1109, 1221, 1.76031, 0
PixelHit 1109, 1222, 6.34631, 0
PixelHit 1109, 1223, 15.8761, 0
PixelHit 1109, 1224, 20.1667, 0
PixelHit 1109, 1225, 8.23981, 0
PixelHit 1109, 1226, 1.03338, 0
PixelHit 1109, 1228, 1.99664, 0
PixelHit 1110, 1222, 6.23797, 0
PixelHit 1110, 1223, 13.3821, 0
PixelHit 1110, 1224, 16.8128, 0
PixelHit 1110, 1225, 9.31573, 0
PixelHit 1111, 1221, 2.08304, 0
PixelHit 1111, 1222, 2.33446, 0
PixelHit 1111, 1223, 2.97573, 0
PixelHit 1111, 1224, 6.39085, 0
PixelHit 1112, 1218, 1.5151, 0
PixelHit 1112, 1219, 2.43994, 0
PixelHit 1112, 1220, 4.9814, 0
PixelHit 1112, 1221, 9.36429, 0
PixelHit 1112, 1222, 4.25851, 0
PixelHit 1112, 1224, 0.462514, 0
PixelHit 1113, 1218, 1.98905, 0
PixelHit 1113, 1219, 2.62631, 0
PixelHit 1113, 1220, 6.19794, 0
PixelHit 1113, 1221, 14.7698, 0
PixelHit 1113, 1222, 2.09761, 0
PixelHit 1114, 1218, 2.96755, 0
PixelHit 1114, 1219, 12.2637, 0
PixelHit 1114, 1220, 16.8222, 0
PixelHit 1114, 1221, 15.9575, 0
PixelHit 1114, 1222, 1.29475, 0
PixelHit 1114, 1223, 2.16643, 0
PixelHit 1115, 1218, 11.6996, 0
PixelHit 1115, 1219, 7.69678, 0
PixelHit 1115, 1220, 25.1985, 0
PixelHit 1115, 1221, 12.7484, 0
PixelHit 1115, 1222, 8.34058, 0
PixelHit 1115, 1223, 0.511751, 0
PixelHit 1116, 1217, 2.47017, 0
PixelHit 1116, 1218, 11.2357, 0
PixelHit 1116, 1219, 21.3354, 0
PixelHit 1116, 1220, 17.3502, 0
PixelHit 1116, 1221, 9.61682, 0
PixelHit 1116, 1222, 2.68228, 0
PixelHit 1117, 1215, 2.98707, 0
PixelHit 1117, 1216, 4.03799, 0
PixelHit 1117, 1217, 6.84255, 0
PixelHit 1117, 1218, 12.0262, 0
PixelHit 1117, 1219, 17.7639, 0
PixelHit 1117, 1220, 17.0269, 0
PixelHit 1117, 1221, 2.53926, 0
PixelHit 1117, 1222, 1.31595, 0
PixelHit 1118, 1215, 1.59659, 0
PixelHit 1118, 1217, 12.5921, 0
PixelHit 1118, 1218, 24.9677, 0
PixelHit 1118, 1219, 15.5036, 0
PixelHit 1118, 1220, 2.8243, 0
PixelHit 1118, 1221, 0.650195, 0
PixelHit 1119, 1215, 4.69997, 0
PixelHit 1119, 1216, 12.9895, 0
PixelHit 1119, 1217, 11.4452, 0
PixelHit 1119, 1218, 22.2268, 0
PixelHit 1119, 1219, 9.36761, 0
PixelHit 1119, 1220, 4.37179, 0
PixelHit 1119, 1222, 0.606991, 0
PixelHit 1120, 1214, 1.13625, 0
PixelHit 1120, 1215, 5.78836, 0
PixelHit 1120, 1216, 14.6568, 0
PixelHit 1120, 1217, 14.8377, 0
PixelHit 1120, 1218, 13.0167, 0
PixelHit 1120, 1219, 7.259, 0
PixelHit 1120, 1220, 2.05032, 0
PixelHit 1121, 1211, 1.9097, 0
PixelHit 1121, 1214, 4.08366, 0
PixelHit 1121, 1215, 13.6424, 0
PixelHit 1121, 1216, 19.3617, 0
PixelHit 1121, 1217, 9.44127, 0
PixelHit 1121, 1218, 6.82186, 0
PixelHit 1121, 1219, 0.0704685, 0
PixelHit 1121, 1220, 2.81611, 0
PixelHit 1122, 1213, 4.37431, 0
PixelHit 1122, 1214, 9.18493, 0
PixelHit 1122, 1215, 21.3972, 0
PixelHit 1122, 1216, 25.7237, 0
PixelHit 1122, 1217, 9.7138, 0
PixelHit 1122, 1218, 2.20882, 0
PixelHit 1122, 1219, 4.16296, 0
PixelHit 1123, 1212, 2.05653, 0
PixelHit 1123, 1213, 2.34645, 0
PixelHit 1123, 1214, 9.16869, 0
PixelHit 1123, 1215, 13.5443, 0
PixelHit 1123, 1216, 20.2031, 0
PixelHit 1123, 1217, 10.8823, 0
PixelHit 1123, 1218, 2.64557, 0
PixelHit 1123, 1221, 0.16357, 0
PixelHit 1124, 1211, 1.42567, 0
PixelHit 1124, 1212, 3.62749, 0
PixelHit 1124, 1213, 6.57962, 0
PixelHit 1124, 1214, 14.3379, 0
PixelHit 1124, 1215, 18.8604, 0
PixelHit 1124, 1216, 6.28239, 0
PixelHit 1124, 1217, 3.05895, 0
PixelHit 1125, 1210, 0.408153, 0
PixelHit 1125, 1211, 1.40676, 0
PixelHit 1125, 1212, 12.0755, 0
PixelHit 1125, 1213, 16.8944, 0
PixelHit 1125, 1214, 18.819, 0
PixelHit 1125, 1215, 16.1665, 0
PixelHit 1125, 1216, 5.246, 0
PixelHit 1125, 1217, 1.2743, 0
PixelHit 1126, 1211, 6.78353, 0
PixelHit 1126, 1212, 13.3895, 0
PixelHit 1126, 1213, 32.7796, 0
PixelHit 1126, 1214, 24.258, 0
PixelHit 1126, 1215, 13.8771, 0
PixelHit 1126, 1216, 6.47372, 0
PixelHit 1127, 1210, 5.52256, 0
PixelHit 1127, 1211, 12.6226, 0
PixelHit 1127, 1212, 24.6028, 0
PixelHit 1127, 1213, 27.8134, 0
PixelHit 1127, 1214, 17.8187, 0
PixelHit 1127, 1215, 8.63625, 0
PixelHit 1127, 1217, 0.90208, 0
PixelHit 1128, 1209, 2.51105, 0
PixelHit 1128, 1210, 8.83267, 0
PixelHit 1128, 1211, 16.802, 0
PixelHit 1128, 1212, 13.0949, 0
PixelHit 1128, 1213, 18.8117, 0
PixelHit 1128, 1214, 9.94759, 0
PixelHit 1128, 1215, 4.08808, 0
PixelHit 1129, 1209, 2.00683, 0
PixelHit 1129, 1210, 4.03552, 0
PixelHit 1129, 1211, 15.7076, 0
PixelHit 1129, 1212, 12.8857, 0
PixelHit 1129, 1213, 16.1141, 0
PixelHit 1129, 1214, 9.21193, 0
PixelHit 1129, 1216, 1.29285, 0
PixelHit 1130, 1208, -0.270082, 0
PixelHit 1130, 1209, 4.08047, 0
PixelHit 1130, 1210, 13.3926, 0
PixelHit 1130, 1211, 9.7724, 0
PixelHit 1130, 1212, 8.26852, 0
PixelHit 1130, 1213, 4.92529, 0
PixelHit 1131, 1208, 5.07608, 0
PixelHit 1131, 1209, 9.4294, 0
PixelHit 1131, 1210, 17.1961, 0
PixelHit 1131, 1211, 9.80594, 0
PixelHit 1131, 1212, 0.773755, 0
PixelHit 1131, 1213, 6.49596, 0
PixelHit 1131, 1214, 1.16724, 0
PixelHit 1132, 1206, 1.20143, 0
PixelHit 1132, 1207, 4.72904, 0
PixelHit 1132, 1208, 16.5608, 0
PixelHit 1132, 1209, 14.6605, 0
PixelHit 1132, 1210, 11.7411, 0
PixelHit 1132, 1211, 5.09281, 0
PixelHit 1132, 1212, 2.89553, 0
PixelHit 1133, 1205, 1.87428, 0
PixelHit 1133, 1206, 3.14067, 0
PixelHit 1133, 1207, 15.5947, 0
PixelHit 1133, 1208, 17.0636, 0
PixelHit 1133, 1209, 18.4862, 0
PixelHit 1133, 1210, 15.1408, 0
PixelHit 1133, 1211, 5.02719, 0
PixelHit 1133, 1212, 1.75227, 0
PixelHit 1134, 1206, 7.63037, 0
PixelHit 1134, 1207, 11.6532, 0
PixelHit 1134, 1208, 26.2126, 0
PixelHit 1134, 1209, 31.8315, 0
PixelHit 1134, 1210, 23.4699, 0
PixelHit 1134, 1211, 6.7325, 0
PixelHit 1134, 1212, 0.76694, 0
PixelHit 1135, 1206, 6.84016, 0
PixelHit 1135, 1207, 18.7037, 0
PixelHit 1135, 1208, 28.4055, 0
PixelHit 1135, 1209, 38.3172, 0
PixelHit 1135, 1210, 11.6995, 0
PixelHit 1135, 1211, 3.25286, 0
PixelHit 1135, 1212, 0.36023, 0
PixelHit 1136, 1206, 4.88322, 0
PixelHit 1136, 1207, 10.4974, 0
PixelHit 1136, 1208, 23.9913, 0
PixelHit 1136, 1209, 24.0136, 0
PixelHit 1136, 1210, 6.75903, 0
PixelHit 1136, 1211, 1.55885, 0
PixelHit 1137, 1207, 4.05925, 0
PixelHit 1137, 1208, 2.99755, 0
PixelHit 1137, 1209, 4.55661, 0
PixelHit 1137, 1210, 6.03816, 0
PixelHit 1716, 1295, 1.30312, 0
PixelHit 1717, 1294, 1.91319, 0
PixelHit 1717, 1295, 129.092, 0
PixelHit 1718, 1294, 63.3557, 0
PixelHit 1718, 1295, 73.8086, 0
PixelHit 1719, 1293, 19.41, 0
PixelHit 1719, 1294, 19.3445, 0
PixelHit 1719, 1295, 2.28206, 0
PixelHit 1720, 1292, 3.0337, 0
PixelHit 1720, 1293, 43.7834, 0
PixelHit 1720, 1294, 10.6237, 0
PixelHit 1721, 1292, 25.2605, 0
PixelHit 1721, 1293, 39.3802, 0
PixelHit 1722, 1292, 1.60584, 0
PixelHit 1723, 1291, 1.98379, 0
PixelHit 1724, 1290, 3.35929, 0
PixelHit 1724, 1291, 7.44655, 0
PixelHit 1725, 1289, 11.9405, 0
PixelHit 1725, 1290, 22.6385, 0
PixelHit 1726, 1288, 3.45296, 0
PixelHit 1726, 1289, 64.0734, 0
PixelHit 1726, 1290, 40.9538, 0
PixelHit 1727, 1288, 34.7355, 0
PixelHit 1727, 1289, 48.4067, 0
PixelHit 1727, 1290, 9.09891, 0
PixelHit 1728, 1287, 5.26427, 0
PixelHit 1728, 1288, 51.7979, 0
PixelHit 1728, 1289, 18.3197, 0
PixelHit 1729, 1287, 13.8443, 0
PixelHit 1729, 1288, 14.6085, 0
PixelHit 1730, 1286, 16.8951, 0
PixelHit 1730, 1287, 32.5791, 0
PixelHit 1731, 1285, 3.67237, 0
PixelHit 1731, 1286, 55.6424, 0
PixelHit 1731, 1287, 28.4445, 0
PixelHit 1732, 1284, 3.03566, 0
PixelHit 1732, 1285, 7.00436, 0
PixelHit 1732, 1286, 13.9045, 0
PixelHit 1732, 1287, 5.76472, 0
PixelHit 1733, 1284, 8.68169, 0
PixelHit 1733, 1285, 15.3182, 0
PixelHit 1733, 1286, 4.17275, 0
PixelHit 1734, 1283, 12.9076, 0
PixelHit 1734, 1284, 46.923, 0
PixelHit 1734, 1285, 20.0337, 0
PixelHit 1735, 1282, 8.29009, 0
PixelHit 1735, 1283, 47.272, 0
PixelHit 1735, 1284, 84.7044, 0
PixelHit 1735, 1285, 11.9586, 0
PixelHit 1736, 1282, 62.6207, 0
PixelHit 1736, 1283, 214.408, 0
PixelHit 1736, 1284, 79.1656, 0
PixelHit 1737, 1281, 8.08524, 0
PixelHit 1737, 1282, 67.4437, 0
PixelHit 1737, 1283, 98.9031, 0
PixelHit 1737, 1284, 31.7808, 0
PixelHit 1737, 1285, 2.21728, 0
PixelHit 1738, 1281, 19.4305, 0
PixelHit 1738, 1282, 47.6439, 0
PixelHit 1738, 1283, 11.3289, 0
PixelHit 1739, 1280, 5.4268, 0
PixelHit 1739, 1281, 27.1683, 0
PixelHit 1739, 1282, 20.7914, 0
PixelHit 1739, 1283, 3.88272, 0
PixelHit 1740, 1279, 2.60334, 0
PixelHit 1740, 1280, 19.9744, 0
PixelHit 1740, 1281, 19.8438, 0
PixelHit 1740, 1282, 3.02335, 0
PixelHit 1741, 1278, 2.47204, 0
PixelHit 1741, 1279, 19.3765, 0
PixelHit 1741, 1280, 48.4086, 0
PixelHit 1741, 1281, 14.66, 0
PixelHit 1742, 1277, 3.31547, 0
PixelHit 1742, 1278, 9.46677, 0
PixelHit 1742, 1279, 53.5053, 0
PixelHit 1742, 1280, 33.5661, 0
PixelHit 1742, 1281, 3.25322, 0
PixelHit 1743, 1277, 6.42473, 0
PixelHit 1743, 1278, 26.422, 0
PixelHit 1743, 1279, 41.4339, 0
PixelHit 1743, 1280, 13.4188, 0
PixelHit 1744, 1276, 5.57407, 0
PixelHit 1744, 1277, 30.0933, 0
PixelHit 1744, 1278, 77.4979, 0
PixelHit 1744, 1279, 29.6133, 0
PixelHit 1745, 1275, 3.57046, 0
PixelHit 1745, 1276, 53.1513, 0
PixelHit 1745, 1277, 155.369, 0
PixelHit 1745, 1278, 78.6238, 0
PixelHit 1745, 1279, 13.4125, 0
PixelHit 1746, 1275, 7.16985, 0
PixelHit 1746, 1276, 110.599, 0
PixelHit 1746, 1277, 226.9, 0
PixelHit 1746, 1278, 77.7094, 0
PixelHit 1746, 1279, 2.82068, 0
PixelHit 1747, 1275, 16.6946, 0
PixelHit 1747, 1276, 70.0955, 0
PixelHit 1747, 1277, 106.972, 0
PixelHit 1747, 1278, 13.4431, 0
PixelHit 1747, 1279, 3.41038, 0
PixelHit 1748, 1272, 1.16493, 0
PixelHit 1748, 1274, 9.10864, 0
PixelHit 1748, 1275, 17.3513, 0
PixelHit 1748, 1276, 19.8012, 0
PixelHit 1748, 1277, 14.0552, 0
PixelHit 1748, 1278, 1.33547, 0
PixelHit 1749, 1273, 8.10639, 0
PixelHit 1749, 1274, 27.5138, 0
PixelHit 1749, 1275, 42.8864, 0
PixelHit 1749, 1276, 27.3412, 0
PixelHit 1749, 1277, 1.15332, 0
PixelHit 1750, 1273, 18.7838, 0
PixelHit 1750, 1274, 36.3425, 0
PixelHit 1750, 1275, 31.3232, 0
PixelHit 1750, 1276, 4.21763, 0
PixelHit 1751, 1272, 8.1268, 0
PixelHit 1751, 1273, 30.786, 0
PixelHit 1751, 1274, 37.8836, 0
PixelHit 1751, 1275, 12.6207, 0
PixelHit 1751, 1276, 3.53372, 0
PixelHit 1752, 1272, 8.18921, 0
PixelHit 1752, 1273, 17.2224, 0
PixelHit 1752, 1274, 20.5881, 0
PixelHit 1752, 1275, 5.3482, 0
PixelHit 1753, 1270, 1.91845, 0
PixelHit 1753, 1271, 7.63814, 0
PixelHit 1753, 1272, 12.4118, 0
PixelHit 1753, 1273, 3.01798, 0
PixelHit 1753, 1274, 2.19118, 0
PixelHit 1753, 1275, 0.841021, 0
PixelHit 1754, 1270, 3.96886, 0
PixelHit 1754, 1271, 18.1848, 0
PixelHit 1754, 1272, 16.7459, 0
PixelHit 1754, 1273, 6.64424, 0
PixelHit 1754, 1274, 1.90391, 0
PixelHit 1755, 1270, 20.8758, 0
PixelHit 1755, 1271, 30.7713, 0
PixelHit 1755, 1272, 14.123, 0
PixelHit 1755, 1273, 3.40809, 0
PixelHit 1756, 1270, 23.2115, 0
PixelHit 1756, 1271, 19.8919, 0
PixelHit 1756, 1272, 9.43181, 0
PixelHit 1757, 1268, 1.98474, 0
PixelHit 1757, 1269, 8.08434, 0
PixelHit 1757, 1270, 10.8466, 0
PixelHit 1757, 1271, 10.712, 0
PixelHit 1758, 1267, 1.15239, 0
PixelHit 1758, 1269, 7.53369, 0
PixelHit 1758, 1270, 7.38492, 0
PixelHit 1758, 1271, 3.03333, 0
PixelHit 1759, 1266, 0.779654, 0
PixelHit 1759, 1267, 1.96792, 0
PixelHit 1759, 1268, 8.34172, 0
PixelHit 1759, 1269, 2.38677, 0
PixelHit 1760, 1266, 6.81989, 0
PixelHit 1760, 1267, 16.624, 0
PixelHit 1760, 1268, 16.1477, 0
PixelHit 1760, 1269, 7.88033, 0
PixelHit 1761, 1266, 18.1445, 0
PixelHit 1761, 1267, 64.8699, 0
PixelHit 1761, 1268, 26.5157, 0
PixelHit 1761, 1269, 4.68107, 0
PixelHit 1762, 1265, 5.62435, 0
PixelHit 1762, 1266, 21.6497, 0
PixelHit 1762, 1267, 39.0856, 0
PixelHit 1762, 1268, 20.9962, 0
PixelHit 1762, 1269, 2.8671, 0
PixelHit 1763, 1265, 2.77339, 0
PixelHit 1763, 1266, 16.5915, 0
PixelHit 1763, 1267, 14.7988, 0
PixelHit 1763, 1268, 4.95634, 0
PixelHit 1764, 1264, 1.10227, 0
PixelHit 1764, 1265, 4.39678, 0
PixelHit 1764, 1266, 4.82014, 0
PixelHit 1765, 1263, 3.89961, 0
PixelHit 1765, 1264, 5.53934, 0
PixelHit 1765, 1266, 1.90199, 0
PixelHit 1766, 1262, 1.55216, 0
PixelHit 1766, 1263, 2.94639, 0
PixelHit 1766, 1264, 6.13428, 0
PixelHit 1767, 1260, 1.79214, 0
PixelHit 1767, 1262, 3.19073, 0
PixelHit 1767, 1263, 13.0553, 0
PixelHit 1767, 1264, 3.73932, 0
PixelHit 1767, 1265, 6.7675, 0
PixelHit 1768, 1261, 8.43321, 0
PixelHit 1768, 1262, 20.2628, 0
PixelHit 1768, 1263, 17.0932, 0
PixelHit 1768, 1264, 10.9482, 0
PixelHit 1768, 1265, 2.38989, 0
PixelHit 1769, 1259, 2.36263, 0
PixelHit 1769, 1261, 15.6481, 0
PixelHit 1769, 1262, 28.8697, 0
PixelHit 1769, 1263, 22.7055, 0
PixelHit 1769, 1264, 6.86594, 0
PixelHit 1769, 1265, 1.96581, 0
PixelHit 1770, 1259, 2.20385, 0
PixelHit 1770, 1260, 9.05089, 0
PixelHit 1770, 1261, 26.3983, 0
PixelHit 1770, 1262, 19.9702, 0
PixelHit 1770, 1263, 10.6141, 0
PixelHit 1770, 1264, 6.09781, 0
PixelHit 1771, 1258, 3.38721, 0
PixelHit 1771, 1259, 3.34255, 0
PixelHit 1771, 1260, 13.204, 0
PixelHit 1771, 1261, 32.6001, 0
PixelHit 1771, 1262, 18.0352, 0
PixelHit 1772, 1258, 2.20678, 0
PixelHit 1772, 1259, 6.23348, 0
PixelHit 1772, 1260, 18.7535, 0
PixelHit 1772, 1261, 14.8102, 0
PixelHit 1772, 1262, 11.5642, 0
PixelHit 1772, 1263, 2.52157, 0
PixelHit 1773, 1257, -0.567881, 0
PixelHit 1773, 1258, 11.7836, 0
PixelHit 1773, 1259, 27.9808, 0
PixelHit 1773, 1260, 13.2849, 0
PixelHit 1773, 1261, 5.90168, 0
PixelHit 1774, 1257, 8.96963, 0
PixelHit 1774, 1258, 12.6666, 0
PixelHit 1774, 1259, 20.1132, 0
PixelHit 1774, 1260, 18.111, 0
PixelHit 1774, 1261, 8.28555, 0
PixelHit 1775, 1256, 1.68588, 0
PixelHit 1775, 1257, 8.6417, 0
PixelHit 1775, 1258, 8.17724, 0
PixelHit 1775, 1259, 18.9195, 0
PixelHit 1775, 1260, 9.7761, 0
PixelHit 1776, 1256, 5.56, 0
PixelHit 1776, 1257, 8.90639, 0
PixelHit 1776, 1258, 9.56331, 0
PixelHit 1776, 1259, 8.79138, 0
PixelHit 1776, 1260, 3.56122, 0
PixelHit 1777, 1255, 7.59032, 0
PixelHit 1777, 1256, 10.297, 0
PixelHit 1777, 1257, 10.1664, 0
PixelHit 1777, 1258, 5.73922, 0
PixelHit 1777, 1259, 4.4254, 0
PixelHit 1778, 1253, 1.48243, 0
PixelHit 1778, 1254, 5.01157, 0
PixelHit 1778, 1255, 18.9253, 0
PixelHit 1778, 1256, 17.9968, 0
PixelHit 1778, 1257, 11.8583, 0
PixelHit 1778, 1258, 6.89443, 0
PixelHit 1779, 1253, 4.68561, 0
PixelHit 1779, 1254, 22.6072, 0
PixelHit 1779, 1255, 39.5567, 0
PixelHit 1779, 1256, 37.6409, 0
PixelHit 1779, 1257, 17.7144, 0
PixelHit 1779, 1258, 7.63466, 0
PixelHit 1780, 1253, 7.83602, 0
PixelHit 1780, 1254, 41.2052, 0
PixelHit 1780, 1255, 83.1896, 0
PixelHit 1780, 1256, 49.7447, 0
PixelHit 1780, 1257, 14.2097, 0
PixelHit 1780, 1258, 4.92308, 0
PixelHit 1781, 1252, 1.26921, 0
PixelHit 1781, 1253, 11.9248, 0
PixelHit 1781, 1254, 32.4658, 0
PixelHit 1781, 1255, 59.7303, 0
PixelHit 1781, 1256, 31.8873, 0
PixelHit 1781, 1257, 7.66137, 0
PixelHit 1782, 1252, 7.83968, 0
PixelHit 1782, 1253, 17.3546, 0
PixelHit 1782, 1254, 34.1331, 0
PixelHit 1782, 1255, 21.5528, 0
PixelHit 1782, 1256, 3.98508, 0
PixelHit 1782, 1257, 3.01947, 0
PixelHit 1783, 1251, 1.74439, 0
PixelHit 1783, 1252, 4.71038, 0
PixelHit 1783, 1253, 16.972, 0
PixelHit 1783, 1254, 14.4409, 0
PixelHit 1783, 1255, 6.98697, 0
PixelHit 1783, 1256, 0.86797, 0
PixelHit 1784, 1251, 14.2231, 0
PixelHit 1784, 1252, 18.6905, 0
PixelHit 1784, 1253, 8.25554, 0
PixelHit 1784, 1254, 5.37385, 0
PixelHit 1784, 1255, 2.50933, 0
PixelHit 1784, 1256, 1.88439, 0
PixelHit 1785, 1250, 7.31098, 0
PixelHit 1785, 1251, 21.992, 0
PixelHit 1785, 1252, 35.3345, 0
PixelHit 1785, 1253, 22.993, 0
PixelHit 1786, 1249, 5.31973, 0
PixelHit 1786, 1250, 20.7376, 0
PixelHit 1786, 1251, 30.1786, 0
PixelHit 1786, 1252, 30.0449, 0
PixelHit 1786, 1253, 13.5116, 0
PixelHit 1787, 1248, 2.7978, 0
PixelHit 1787, 1249, 10.6017, 0
PixelHit 1787, 1250, 18.1921, 0
PixelHit 1787, 1251, 24.9632, 0
PixelHit 1787, 1252, 14.6909, 0
PixelHit 1787, 1253, 4.47883, 0
PixelHit 1788, 1248, 4.66404, 0
PixelHit 1788, 1249, 5.99453, 0
PixelHit 1788, 1250, 11.2352, 0
PixelHit 1788, 1251, 6.07685, 0
PixelHit 1788, 1252, 1.91378, 0
PixelHit 1789, 1246, 2.6354, 0
PixelHit 1789, 1247, 2.57045, 0
PixelHit 1789, 1248, 5.04244, 0
PixelHit 1789, 1249, 13.5557, 0
PixelHit 1789, 1250, 10.7236, 0
PixelHit 1789, 1251, 5.81109, 0
PixelHit 1790, 1246, 1.75167, 0
PixelHit 1790, 1247, 3.69324, 0
PixelHit 1790, 1248, 13.1125, 0
PixelHit 1790, 1249, 11.6756, 0
PixelHit 1790, 1250, 6.17212, 0
PixelHit 1790, 1251, 2.56329, 0
PixelHit 1791, 1246, 7.89715, 0
PixelHit 1791, 1247, 14.3985, 0
PixelHit 1791, 1248, 22.1878, 0
PixelHit 1791, 1249, 9.22168, 0
PixelHit 1791, 1250, 0.941698, 0
PixelHit 1791, 1251, 1.69542, 0
PixelHit 1792, 1245, 1.50298, 0
PixelHit 1792, 1246, 13.9543, 0
PixelHit 1792, 1247, 13.2605, 0
PixelHit 1792, 1248, 22.2904, 0
PixelHit 1792, 1249, 14.4789, 0
PixelHit 1792, 1250, 1.90506, 0
PixelHit 1793, 1244, 3.86706, 0
PixelHit 1793, 1245, 5.114, 0
PixelHit 1793, 1246, 17.3195, 0
PixelHit 1793, 1247, 12.2678, 0
PixelHit 1793, 1248, 8.64662, 0
PixelHit 1793, 1249, 3.41833, 0
PixelHit 1794, 1244, 4.57582, 0
PixelHit 1794, 1245, 11.8294, 0
PixelHit 1794, 1246, 18.2451, 0
PixelHit 1794, 1247, 17.9188, 0
PixelHit 1794, 1248, 16.1645, 0
PixelHit 1794, 1249, 3.94404, 0
PixelHit 1795, 1244, 13.1741, 0
PixelHit 1795, 1245, 12.4787, 0
PixelHit 1795, 1246, 11.0372, 0
PixelHit 1795, 1247, 10.1074, 0
PixelHit 1796, 1242, 3.53863, 0
PixelHit 1796, 1243, 3.96081, 0
PixelHit 1796, 1244, 7.10534, 0
PixelHit 1796, 1245, 18.7897, 0
PixelHit 1796, 1246, 3.31494, 0
PixelHit 1796, 1247, 3.9631, 0
PixelHit 1796, 1248, 1.94266, 0
PixelHit 1797, 1242, 3.69995, 0
PixelHit 1797, 1243, 9.79496, 0
PixelHit 1797, 1244, 5.25641, 0
PixelHit 1797, 1245, 12.6033, 0
PixelHit 1797, 1246, 5.91919, 0
PixelHit 1798, 1240, 2.37456, 0
PixelHit 1798, 1241, 3.81197, 0
PixelHit 1798, 1242, 10.8166, 0
PixelHit 1798, 1243, 12.1254, 0
PixelHit 1798, 1244, 14.1459, 0
PixelHit 1798, 1245, 11.5047, 0
PixelHit 1798, 1246, 5.91223, 0
PixelHit 1799, 1241, 7.85918, 0
PixelHit 1799, 1242, 22.7771, 0
PixelHit 1799, 1243, 19.6051, 0
PixelHit 1799, 1244, 15.5193, 0
PixelHit 1799, 1245, 5.82021, 0
PixelHit 1799, 1246, 1.49153, 0
PixelHit 1800, 1240, 6.45143, 0
PixelHit 1800, 1241, 9.71221, 0
PixelHit 1800, 1242, 14.2773, 0
PixelHit 1800, 1243, 15.4714, 0
PixelHit 1800, 1244, 11.6021, 0
PixelHit 1800, 1245, 0.246943, 0
PixelHit 1800, 1246, 1.27745, 0
PixelHit 1801, 1239, 3.06913, 0
PixelHit 1801, 1240, 7.3729, 0
PixelHit 1801, 1241, 7.57595, 0
PixelHit 1801, 1242, 9.88552, 0
PixelHit 1801, 1243, 9.53898, 0
PixelHit 1801, 1244, 3.66813, 0
PixelHit 1802, 1239, 10.1476, 0
PixelHit 1802, 1240, 8.93298, 0
PixelHit 1802, 1241, 9.94318, 0
PixelHit 1802, 1242, 10.8723, 0
PixelHit 1802, 1243, 3.93845, 0
PixelHit 1802, 1244, 2.92654, 0
PixelHit 1803, 1238, 4.32513, 0
PixelHit 1803, 1239, 6.69171, 0
PixelHit 1803, 1240, 12.5442, 0
PixelHit 1803, 1241, 19.443, 0
PixelHit 1803, 1242, 6.21816, 0
PixelHit 1803, 1245, 1.30553, 0
PixelHit 1804, 1237, 2.21353, 0
PixelHit 1804, 1238, 9.98737, 0
PixelHit 1804, 1239, 34.2164, 0
PixelHit 1804, 1240, 31.9908, 0
PixelHit 1804, 1241, 17.2326, 0
PixelHit 1804, 1242, 2.67788, 0
PixelHit 1804, 1243, 2.25015, 0
PixelHit 1805, 1235, 1.11448, 0
PixelHit 1805, 1236, 5.4777, 0
PixelHit 1805, 1237, 5.02401, 0
PixelHit 1805, 1238, 20.1657, 0
PixelHit 1805, 1239, 37.1659, 0
PixelHit 1805, 1240, 25.0846, 0
PixelHit 1805, 1241, 10.5749, 0
PixelHit 1805, 1242, 2.67712, 0
PixelHit 1806, 1236, 8.50506, 0
PixelHit 1806, 1237, 7.99278, 0
PixelHit 1806, 1238, 27.9925, 0
PixelHit 1806, 1239, 47.4646, 0
PixelHit 1806, 1240, 24.8422, 0
PixelHit 1806, 1241, 14.6567, 0
PixelHit 1806, 1242, 3.77421, 0
PixelHit 1807, 1235, 1.54053, 0
PixelHit 1807, 1236, 0.390614, 0
PixelHit 1807, 1237, 5.82944, 0
PixelHit 1807, 1238, 24.9706, 0
PixelHit 1807, 1239, 18.9502, 0
PixelHit 1807, 1240, 15.9034, 0
PixelHit 1807, 1241, 0.250942, 0
PixelHit 1808, 1234, 2.422, 0
PixelHit 1808, 1235, 3.02807, 0
PixelHit 1808, 1236, 5.10676, 0
PixelHit 1808, 1237, 16.3759, 0
PixelHit 1808, 1238, 9.4047, 0
PixelHit 1808, 1239, 9.33797, 0
PixelHit 1808, 1242, 1.48926, 0
PixelHit 1809, 1236, 3.86721, 0
PixelHit 1809, 1237, 7.84584, 0
PixelHit 1809, 1238, 11.1121, 0
PixelHit 1809, 1239, 1.82664, 0
PixelHit 1810, 1233, 2.5431, 0
PixelHit 1810, 1234, 7.2099, 0
PixelHit 1810, 1235, 9.52241, 0
PixelHit 1810, 1236, 11.2731, 0
PixelHit 1810, 1237, 10.9323, 0
PixelHit 1810, 1238, 4.67762, 0
PixelHit 1810, 1239, 2.40057, 0
PixelHit 1811, 1234, 12.5032, 0
PixelHit 1811, 1235, 17.6594, 0
PixelHit 1811, 1236, 10.3978, 0
PixelHit 1811, 1237, 7.0777, 0
PixelHit 1811, 1238, 1.5208, 0
PixelHit 1812, 1233, 5.77389, 0
PixelHit 1812, 1234, 31.8211, 0
PixelHit 1812, 1235, 21.0367, 0
PixelHit 1812, 1236, 12.2512, 0
PixelHit 1812, 1237, 2.57012, 0
PixelHit 1813, 1232, 5.10185, 0
PixelHit 1813, 1233, 6.99111, 0
PixelHit 1813, 1234, 21.6181, 0
PixelHit 1813, 1235, 22.7294, 0
PixelHit 1813, 1236, 12.8424, 0
PixelHit 1813, 1237, 3.71398, 0
PixelHit 1814, 1231, 3.71137, 0
PixelHit 1814, 1232, 11.6892, 0
PixelHit 1814, 1233, 21.9019, 0
PixelHit 1814, 1234, 21.4078, 0
PixelHit 1814, 1235, 24.121, 0
PixelHit 1814, 1236, 9.59527, 0
PixelHit 1814, 1237, 1.30565, 0
PixelHit 1815, 1230, 2.19916, 0
PixelHit 1815, 1231, 4.43399, 0
PixelHit 1815, 1232, 21.8368, 0
PixelHit 1815, 1233, 18.7158, 0
PixelHit 1815, 1234, 24.4637, 0
PixelHit 1815, 1235, 7.11655, 0
PixelHit 1816, 1230, 4.34563, 0
PixelHit 1816, 1231, 10.1464, 0
PixelHit 1816, 1232, 18.6043, 0
PixelHit 1816, 1233, 9.1372, 0
PixelHit 1816, 1234, 3.19993, 0
PixelHit 1816, 1236, 0.269288, 0
PixelHit 1817, 1227, 0.92061, 0
PixelHit 1817, 1229, 3.22221, 0
PixelHit 1817, 1230, 7.61342, 0
PixelHit 1817, 1231, 25.8128, 0
PixelHit 1817, 1232, 23.7475, 0
PixelHit 1817, 1233, 14.0768, 0
PixelHit 1817, 1234, 2.68266, 0
PixelHit 1817, 1235, 1.61084, 0
PixelHit 1818, 1228, 1.64998, 0
PixelHit 1818, 1229, 1.62489, 0
PixelHit 1818, 1230, 14.1286, 0
PixelHit 1818, 1231, 12.3241, 0
PixelHit 1818, 1232, 10.8211, 0
PixelHit 1818, 1233, 6.20716, 0
PixelHit 1818, 1234, 1.91842, 0
PixelHit 1819, 1227, 3.05244, 0
PixelHit 1819, 1228, 4.75122, 0
PixelHit 1819, 1229, 9.40542, 0
PixelHit 1819, 1230, 8.99186, 0
PixelHit 1819, 1231, 12.0835, 0
PixelHit 1819, 1232, 9.86682, 0
PixelHit 1819, 1233, 1.53867, 0
PixelHit 1820, 1228, 10.1675, 0
PixelHit 1820, 1229, 27.3314, 0
PixelHit 1820, 1230, 6.77121, 0
PixelHit 1820, 1231, 9.83759, 0
PixelHit 1820, 1232, 8.28527, 0
PixelHit 1821, 1226, 2.43317, 0
PixelHit 1821, 1227, 4.83931, 0
PixelHit 1821, 1228, 13.9883, 0
PixelHit 1821, 1229, 28.374, 0
PixelHit 1821, 1230, 26.16, 0
PixelHit 1821, 1231, 10.8593, 0
PixelHit 1822, 1226, 4.89287, 0
PixelHit 1822, 1227, 3.26727, 0
PixelHit 1822, 1228, 10.2262, 0
PixelHit 1822, 1229, 10.9672, 0
PixelHit 1822, 1230, 12.8995, 0
PixelHit 1822, 1231, 3.53325, 0
PixelHit 1823, 1227, 0.847914, 0
PixelHit 1823, 1228, 5.31559, 0
PixelHit 1823, 1229, 5.63641, 0
PixelHit 1823, 1230, 5.04357, 0
PixelHit 1824, 1229, 4.20581, 0
PixelHit 1824, 1230, 3.49899, 0
PixelHit 1824, 1232, 3.02331, 0
=== 60 ===
=== 61 ===
--- mydetector ---
PixelHit 2105, 443, 2.55985, 0
PixelHit 2105, 444, 7.74017, 0
PixelHit 2106, 443, 7.74485, 0
PixelHit 2106, 444, 58.9074, 0
PixelHit 2107, 442, 13.3384, 0
PixelHit 2107, 443, 30.0608, 0
PixelHit 2108, 442, 17.2803, 0
PixelHit 2108, 443, 55.0058, 0
PixelHit 2109, 441, 46.2033, 0
PixelHit 2109, 442, 87.6167, 0
PixelHit 2110, 441, 54.6317, 0
PixelHit 2110, 442, 84.9522, 0
PixelHit 2111, 440, 16.0779, 0
PixelHit 2111, 441, 20.9965, 0
PixelHit 2111, 442, 1.93666, 0
PixelHit 2112, 439, 1.2278, 0
PixelHit 2112, 440, 76.48, 0
PixelHit 2112, 441, 13.7378, 0
PixelHit 2113, 439, 41.1533, 0
PixelHit 2113, 440, 50.8068, 0
PixelHit 2113, 441, 3.11344, 0
PixelHit 2114, 438, 10.7132, 0
PixelHit 2114, 439, 81.7774, 0
PixelHit 2114, 440, 12.7, 0
PixelHit 2115, 438, 18.6427, 0
PixelHit 2115, 439, 29.3784, 0
PixelHit 2116, 438, 3.84388, 0
PixelHit 2116, 439, 1.96048, 0
PixelHit 2117, 436, 3.55389, 0
PixelHit 2117, 437, 38.3759, 0
PixelHit 2117, 438, 15.9859, 0
PixelHit 2117, 439, 1.73961, 0
PixelHit 2118, 436, 8.30028, 0
PixelHit 2118, 437, 27.3698, 0
PixelHit 2118, 438, 9.90353, 0
PixelHit 2119, 435, 10.2242, 0
PixelHit 2119, 436, 31.2466, 0
PixelHit 2119, 437, 10.7955, 0
PixelHit 2120, 434, 1.52417, 0
PixelHit 2120, 435, 20.4589, 0
PixelHit 2120, 436, 50.404, 0
PixelHit 2121, 433, 1.50934, 0
PixelHit 2121, 434, 16.5956, 0
PixelHit 2121, 435, 45.9129, 0
PixelHit 2121, 436, 10.3716, 0
PixelHit 2122, 433, 5.81741, 0
PixelHit 2122, 434, 42.4958, 0
PixelHit 2122, 435, 32.101, 0
PixelHit 2122, 436, 0.971745, 0
PixelHit 2123, 433, 9.28479, 0
PixelHit 2123, 434, 15.1382, 0
PixelHit 2124, 431, 0.0475637, 0
PixelHit 2124, 432, 21.0109, 0
PixelHit 2124, 433, 77.9581, 0
PixelHit 2124, 434, 25.7717, 0
PixelHit 2125, 431, 3.61271, 0
PixelHit 2125, 432, 45.4738, 0
PixelHit 2125, 433, 129.977, 0
PixelHit 2125, 434, 25.6847, 0
PixelHit 2126, 431, 4.94924, 0
PixelHit 2126, 432, 31.409, 0
PixelHit 2126, 433, 20.6125, 0
PixelHit 2126, 434, 2.92844, 0
PixelHit 2127, 431, 10.5264, 0
PixelHit 2127, 432, 10.5595, 0
PixelHit 2127, 433, 6.36818, 0
PixelHit 2128, 430, 8.27269, 0
PixelHit 2128, 431, 5.69837, 0
PixelHit 2128, 432, 2.41987, 0
PixelHit 2129, 429, 4.42696, 0
PixelHit 2129, 430, 45.0196, 0
PixelHit 2129, 431, 29.6863, 0
PixelHit 2129, 432, 1.1058, 0
PixelHit 2130, 429, 10.1777, 0
PixelHit 2130, 430, 33.282, 0
PixelHit 2130, 431, 17.31, 0
PixelHit 2131, 428, 5.97419, 0
PixelHit 2131, 429, 25.471, 0
PixelHit 2131, 430, 14.3664, 0
PixelHit 2131, 431, 1.81699, 0
PixelHit 2132, 427, 7.91546, 0
PixelHit 2132, 428, 29.6156, 0
PixelHit 2132, 429, 35.3635, 0
PixelHit 2132, 430, 8.96306, 0
PixelHit 2132, 431, 1.07152, 0
PixelHit 2133, 426, 1.41276, 0
PixelHit 2133, 427, 10.864, 0
PixelHit 2133, 428, 25.051, 0
PixelHit 2133, 429, 15.2177, 0
PixelHit 2134, 425, 0.37455, 0
PixelHit 2134, 426, 11.1197, 0
PixelHit 2134, 427, 43.7464, 0
PixelHit 2134, 428, 32.4527, 0
PixelHit 2134, 429, 8.77742, 0
PixelHit 2135, 426, 37.0644, 0
PixelHit 2135, 427, 88.6996, 0
PixelHit 2135, 428, 25.9823, 0
PixelHit 2135, 429, 2.45567, 0
PixelHit 2136, 425, 4.16375, 0
PixelHit 2136, 426, 34.2541, 0
PixelHit 2136, 427, 46.6864, 0
PixelHit 2136, 428, 18.377, 0
PixelHit 2137, 424, 8.63867, 0
PixelHit 2137, 425, 21.4643, 0
PixelHit 2137, 426, 44.2377, 0
PixelHit 2137, 427, 17.1874, 0
PixelHit 2137, 428, 2.91709, 0
PixelHit 2138, 423, 4.36264, 0
PixelHit 2138, 424, 31.185, 0
PixelHit 2138, 425, 76.1378, 0
PixelHit 2138, 426, 33.9493, 0
PixelHit 2138, 427, 3.798, 0
PixelHit 2139, 423, 13.0577, 0
PixelHit 2139, 424, 84.5532, 0
PixelHit 2139, 425, 119.179, 0
PixelHit 2139, 426, 31.6102, 0
PixelHit 2139, 427, 3.94513, 0
PixelHit 2140, 422, 2.62357, 0
PixelHit 2140, 423, 29.9638, 0
PixelHit 2140, 424, 104.857, 0
PixelHit 2140, 425, 77.8749, 0
PixelHit 2140, 426, 10.5184, 0
PixelHit 2141, 422, 8.19508, 0
PixelHit 2141, 423, 24.9291, 0
PixelHit 2141, 424, 54.1631, 0
PixelHit 2141, 425, 15.4313, 0
PixelHit 2141, 426, 1.05309, 0
PixelHit 2142, 421, 2.40163, 0
PixelHit 2142, 422, 19.9046, 0
PixelHit 2142, 423, 31.7271, 0
PixelHit 2142, 424, 21.2368, 0
PixelHit 2142, 426, 1.00255, 0
PixelHit 2143, 421, 11.0525, 0
PixelHit 2143, 422, 45.1581, 0
PixelHit 2143, 423, 37.2748, 0
PixelHit 2143, 424, 7.43887, 0
PixelHit 2144, 420, 4.81082, 0
PixelHit 2144, 421, 19.9216, 0
PixelHit 2144, 422, 19.2454, 0
PixelHit 2144, 423, 17.0905, 0
PixelHit 2144, 424, -0.171681, 0
PixelHit 2145, 419, 1.54196, 0
PixelHit 2145, 420, 11.5895, 0
PixelHit 2145, 421, 49.3176, 0
PixelHit 2145, 422, 21.4606, 0
PixelHit 2145, 423, 8.09049, 0
PixelHit 2146, 419, 6.62116, 0
PixelHit 2146, 420, 28.3956, 0
PixelHit 2146, 421, 47.2344, 0
PixelHit 2146, 422, 22.5626, 0
PixelHit 2147, 418, 11.8389, 0
PixelHit 2147, 419, 34.5098, 0
PixelHit 2147, 420, 38.196, 0
PixelHit 2147, 421, 18.5175, 0
PixelHit 2147, 422, 3.32992, 0
PixelHit 2148, 417, 4.84616, 0
PixelHit 2148, 418, 61.2095, 0
PixelHit 2148, 419, 122.706, 0
PixelHit 2148, 420, 83.4689, 0
PixelHit 2148, 421, 16.6197, 0
PixelHit 2149, 416, 3.24098, 0
PixelHit 2149, 417, 4.60573, 0
PixelHit 2149, 418, 92.3544, 0
PixelHit 2149, 419, 162.59, 0
PixelHit 2149, 420, 91.2688, 0
PixelHit 2149, 421, 10.4496, 0
PixelHit 2150, 416, 2.67542, 0
PixelHit 2150, 417, 30.5575, 0
PixelHit 2150, 418, 90.5059, 0
PixelHit 2150, 419, 66.6802, 0
PixelHit 2150, 420, 31.0447, 0
PixelHit 2150, 421, 3.00347, 0
PixelHit 2151, 415, 3.45505, 0
PixelHit 2151, 416, 1.49946, 0
PixelHit 2151, 417, 55.5211, 0
PixelHit 2151, 418, 114.785, 0
PixelHit 2151, 419, 57.9743, 0
PixelHit 2151, 420, 12.4111, 0
PixelHit 2151, 421, 2.12452, 0
PixelHit 2152, 416, 6.34905, 0
PixelHit 2152, 417, 22.9293, 0
PixelHit 2152, 418, 26.1683, 0
PixelHit 2152, 419, 22.3404, 0
PixelHit 2153, 416, 5.75815, 0
PixelHit 2153, 417, 5.45604, 0
PixelHit 2153, 418, 4.06189, 0
PixelHit 2154, 415, 3.03049, 0
PixelHit 2154, 416, 6.37303, 0
PixelHit 2154, 417, 7.9765, 0
PixelHit 2155, 413, 1.82864, 0
PixelHit 2155, 415, 4.05184, 0
PixelHit 2155, 416, 3.49658, 0
PixelHit 2155, 417, 1.46874, 0
PixelHit 2156, 414, 5.22986, 0
PixelHit 2156, 415, 3.18298, 0
PixelHit 2156, 416, 1.83274, 0
PixelHit 2157, 413, 8.15835, 0
PixelHit 2157, 414, 8.14291, 0
PixelHit 2157, 415, 4.68163, 0
PixelHit 2157, 416, 5.83313, 0
PixelHit 2158, 411, 2.53596, 0
PixelHit 2158, 412, 8.31581, 0
PixelHit 2158, 413, 20.6025, 0
PixelHit 2158, 414, 16.7534, 0
PixelHit 2158, 415, 3.74724, 0
PixelHit 2158, 416, 3.49742, 0
PixelHit 2159, 411, 2.67654, 0
PixelHit 2159, 412, 14.7506, 0
PixelHit 2159, 413, 27.4324, 0
PixelHit 2159, 414, 27.5154, 0
PixelHit 2159, 415, 4.78524, 0
PixelHit 2160, 410, 2.34105, 0
PixelHit 2160, 411, 3.68421, 0
PixelHit 2160, 412, 25.885, 0
PixelHit 2160, 413, 18.7225, 0
PixelHit 2160, 414, 13.3212, 0
PixelHit 2160, 415, 3.47494, 0
PixelHit 2161, 410, 3.82852, 0
PixelHit 2161, 411, 10.2178, 0
PixelHit 2161, 412, 13.3693, 0
PixelHit 2161, 413, 13.6114, 0
PixelHit 2162, 410, 4.33306, 0
PixelHit 2162, 411, 14.9128, 0
PixelHit 2162, 412, 17.2895, 0
PixelHit 2162, 413, 6.2048, 0
PixelHit 2162, 414, 1.61564, 0
PixelHit 2163, 409, 4.13595, 0
PixelHit 2163, 410, 20.4429, 0
PixelHit 2163, 411, 28.4859, 0
PixelHit 2163, 412, 15.198, 0
PixelHit 2163, 413, 3.69186, 0
PixelHit 2164, 407, 2.75946, 0
PixelHit 2164, 409, 10.0794, 0
PixelHit 2164, 410, 36.8, 0
PixelHit 2164, 411, 26.1798, 0
PixelHit 2164, 412, 2.27027, 0
PixelHit 2164, 413, 1.48123, 0
PixelHit 2165, 408, 7.88712, 0
PixelHit 2165, 409, 13.0381, 0
PixelHit 2165, 410, 26.694, 0
PixelHit 2165, 411, 12.8031, 0
PixelHit 2165, 412, 4.65171, 0
PixelHit 2166, 407, 2.97404, 0
PixelHit 2166, 408, 11.5378, 0
PixelHit 2166, 409, 19.4966, 0
PixelHit 2166, 410, 8.6115, 0
PixelHit 2166, 411, 4.68291, 0
PixelHit 2166, 412, 1.9733, 0
PixelHit 2167, 406, 1.23314, 0
PixelHit 2167, 407, 13.9174, 0
PixelHit 2167, 408, 18.9561, 0
PixelHit 2167, 409, 19.6508, 0
PixelHit 2167, 410, 10.2296, 0
PixelHit 2168, 406, 4.95316, 0
PixelHit 2168, 407, 3.79712, 0
PixelHit 2168, 408, 19.6965, 0
PixelHit 2168, 409, 18.0793, 0
PixelHit 2168, 410, 6.16998, 0
PixelHit 2169, 405, 1.55617, 0
PixelHit 2169, 406, 5.27827, 0
PixelHit 2169, 407, 13.4986, 0
PixelHit 2169, 408, 5.88701, 0
PixelHit 2169, 409, 6.79348, 0
PixelHit 2169, 410, 1.78109, 0
PixelHit 2170, 405, 4.02482, 0
PixelHit 2170, 406, 18.5928, 0
PixelHit 2170, 407, 9.81682, 0
PixelHit 2170, 408, 8.67146, 0
PixelHit 2170, 409, 1.18731, 0
PixelHit 2170, 410, 3.00745, 0
PixelHit 2171, 404, 3.84092, 0
PixelHit 2171, 405, 14.8619, 0
PixelHit 2171, 406, 18.5442, 0
PixelHit 2171, 407, 14.8406, 0
PixelHit 2171, 408, 5.62584, 0
PixelHit 2172, 404, 4.49401, 0
PixelHit 2172, 405, 19.0061, 0
PixelHit 2172, 406, 24.6214, 0
PixelHit 2172, 407, 12.0452, 0
PixelHit 2172, 408, 1.94791, 0
PixelHit 2173, 402, 1.92589, 0
PixelHit 2173, 403, 2.10607, 0
PixelHit 2173, 404, 4.96691, 0
PixelHit 2173, 405, 19.8591, 0
PixelHit 2173, 406, 12.6616, 0
PixelHit 2173, 407, 9.57548, 0
PixelHit 2174, 402, 3.17741, 0
PixelHit 2174, 403, 4.4647, 0
PixelHit 2174, 404, 6.87198, 0
PixelHit 2174, 405, 9.00456, 0
PixelHit 2174, 406, 4.2533, 0
PixelHit 2174, 407, 2.19621, 0
PixelHit 2174, 408, 0.935572, 0
PixelHit 2175, 401, 3.66586, 0
PixelHit 2175, 402, 3.59807, 0
PixelHit 2175, 403, 16.546, 0
PixelHit 2175, 404, 9.55064, 0
PixelHit 2175, 405, 7.92437, 0
PixelHit 2176, 401, 3.9704, 0
PixelHit 2176, 402, 11.7761, 0
PixelHit 2176, 403, 24.0933, 0
PixelHit 2176, 404, 23.324, 0
PixelHit 2176, 405, 8.82789, 0
PixelHit 2176, 406, 2.71751, 0
PixelHit 2177, 400, 3.34338, 0
PixelHit 2177, 401, 11.7926, 0
PixelHit 2177, 402, 25.2029, 0
PixelHit 2177, 403, 43.4325, 0
PixelHit 2177, 404, 18.5097, 0
PixelHit 2177, 405, 7.11608, 0
PixelHit 2178, 400, 3.06569, 0
PixelHit 2178, 401, 10.872, 0
PixelHit 2178, 402, 36.65, 0
PixelHit 2178, 403, 38.1602, 0
PixelHit 2178, 404, 8.74926, 0
PixelHit 2178, 405, 2.86833, 0
PixelHit 2178, 406, 0.739868, 0
PixelHit 2179, 399, 2.79437, 0
PixelHit 2179, 400, 2.27956, 0
PixelHit 2179, 401, 11.6804, 0
PixelHit 2179, 402, 26.4658, 0
PixelHit 2179, 403, 13.97, 0
PixelHit 2179, 404, 5.91508, 0
PixelHit 2179, 405, 1.16495, 0
PixelHit 2180, 399, 3.07313, 0
PixelHit 2180, 400, 11.1851, 0
PixelHit 2180, 401, 4.496, 0
PixelHit 2180, 402, 10.3426, 0
PixelHit 2180, 403, 11.1811, 0
PixelHit 2181, 398, 1.39769, 0
PixelHit 2181, 399, 6.19752, 0
PixelHit 2181, 400, 16.3054, 0
PixelHit 2181, 401, 10.3173, 0
PixelHit 2181, 402, 11.6281, 0
PixelHit 2181, 403, 3.52953, 0
PixelHit 2182, 397, 2.20098, 0
PixelHit 2182, 399, 11.3181, 0
PixelHit 2182, 400, 11.7954, 0
PixelHit 2182, 401, 9.34859, 0
PixelHit 2182, 402, 7.0958, 0
PixelHit 2183, 397, 4.23267, 0
PixelHit 2183, 398, 13.4883, 0
PixelHit 2183, 399, 18.6094, 0
PixelHit 2183, 400, 17.9458, 0
PixelHit 2183, 401, 5.28989, 0
PixelHit 2183, 402, 4.10779, 0
PixelHit 2184, 396, 2.89689, 0
PixelHit 2184, 397, 9.76489, 0
PixelHit 2184, 398, 23.1824, 0
PixelHit 2184, 399, 27.0471, 0
PixelHit 2184, 400, 12.1675, 0
PixelHit 2185, 395, 1.99374, 0
PixelHit 2185, 396, 2.49492, 0
PixelHit 2185, 397, 12.5817, 0
PixelHit 2185, 398, 19.6458, 0
PixelHit 2185, 399, 22.7415, 0
PixelHit 2185, 400, 6.47686, 0
PixelHit 2186, 396, 8.11548, 0
PixelHit 2186, 397, 16.8721, 0
PixelHit 2186, 398, 26.9979, 0
PixelHit 2186, 399, 14.841, 0
PixelHit 2186, 400, 2.75766, 0
PixelHit 2186, 401, 2.63237, 0
PixelHit 2187, 394, 3.27004, 0
PixelHit 2187, 395, 4.81467, 0
PixelHit 2187, 396, 9.18845, 0
PixelHit 2187, 397, 14.4157, 0
PixelHit 2187, 398, 17.0677, 0
PixelHit 2187, 399, 6.74765, 0
PixelHit 2187, 402, 1.38011, 0
PixelHit 2188, 393, 1.45233, 0
PixelHit 2188, 394, 7.64136, 0
PixelHit 2188, 395, 20.3127, 0
PixelHit 2188, 396, 26.4774, 0
PixelHit 2188, 397, 32.7047, 0
PixelHit 2188, 398, 7.59176, 0
PixelHit 2188, 399, 1.18499, 0
PixelHit 2189, 393, 3.71753, 0
PixelHit 2189, 394, 15.7344, 0
PixelHit 2189, 395, 53.6322, 0
PixelHit 2189, 396, 46.1958, 0
PixelHit 2189, 397, 33.2989, 0
PixelHit 2189, 398, 4.72908, 0
PixelHit 2190, 393, 9.10619, 0
PixelHit 2190, 394, 37.2561, 0
PixelHit 2190, 395, 58.3606, 0
PixelHit 2190, 396, 52.9127, 0
PixelHit 2190, 397, 35.1788, 0
PixelHit 2190, 398, 7.6068, 0
PixelHit 2191, 392, 2.33204, 0
PixelHit 2191, 393, 11.9513, 0
PixelHit 2191, 394, 29.8221, 0
PixelHit 2191, 395, 58.4907, 0
PixelHit 2191, 396, 40.4262, 0
PixelHit 2191, 397, 19.4146, 0
PixelHit 2191, 398, 3.62439, 0
PixelHit 2192, 392, 5.52446, 0
PixelHit 2192, 393, 10.6923, 0
PixelHit 2192, 394, 31.1375, 0
PixelHit 2192, 395, 22.8876, 0
PixelHit 2192, 396, 17.3584, 0
PixelHit 2192, 397, 5.04175, 0
PixelHit 2192, 399, 2.0043, 0
PixelHit 2193, 391, 1.99304, 0
PixelHit 2193, 392, 11.6374, 0
PixelHit 2193, 393, 15.4023, 0
PixelHit 2193, 394, 15.911, 0
PixelHit 2193, 395, 12.2277, 0
PixelHit 2193, 396, 5.35268, 0
PixelHit 2193, 397, 2.35922, 0
PixelHit 2194, 391, 8.52087, 0
PixelHit 2194, 392, 10.0155, 0
PixelHit 2194, 393, 23.6138, 0
PixelHit 2194, 394, 17.6845, 0
PixelHit 2194, 395, 8.89617, 0
PixelHit 2195, 391, 9.82265, 0
PixelHit 2195, 392, 27.1361, 0
PixelHit 2195, 393, 16.0535, 0
PixelHit 2195, 394, 12.696, 0
PixelHit 2195, 395, 2.33028, 0
PixelHit 2195, 396, 1.53347, 0
PixelHit 2196, 388, 1.49594, 0
PixelHit 2196, 389, 1.72367, 0
PixelHit 2196, 390, 4.57385, 0
PixelHit 2196, 391, 11.4038, 0
PixelHit 2196, 392, 18.6916, 0
PixelHit 2196, 393, 17.1133, 0
PixelHit 2196, 394, 4.18199, 0
PixelHit 2197, 388, 1.12104, 0
PixelHit 2197, 389, 2.42956, 0
PixelHit 2197, 390, 5.96761, 0
PixelHit 2197, 391, 11.5757, 0
PixelHit 2197, 392, 15.8629, 0
PixelHit 2197, 393, 13.3711, 0
PixelHit 2197, 394, 3.72748, 0
PixelHit 2197, 395, 1.47315, 0
PixelHit 2198, 388, 1.91045, 0
PixelHit 2198, 389, 4.34229, 0
PixelHit 2198, 390, 9.35923, 0
PixelHit 2198, 391, 21.1748, 0
PixelHit 2198, 392, 13.0829, 0
PixelHit 2198, 393, 4.55729, 0
PixelHit 2198, 394, 0.983732, 0
PixelHit 2199, 388, 4.40458, 0
PixelHit 2199, 389, 12.5433, 0
PixelHit 2199, 390, 12.4474, 0
PixelHit 2199, 391, 12.5215, 0
PixelHit 2199, 392, 2.66953, 0
PixelHit 2199, 393, 0.469895, 0
PixelHit 2199, 394, 2.89989, 0
PixelHit 2200, 387, 2.4674, 0
PixelHit 2200, 388, 9.34605, 0
PixelHit 2200, 389, 8.42804, 0
PixelHit 2200, 390, 14.8725, 0
PixelHit 2200, 391, 6.76204, 0
PixelHit 2200, 392, 5.66719, 0
PixelHit 2201, 387, 11.2869, 0
PixelHit 2201, 388, 13.8972, 0
PixelHit 2201, 389, 23.4608, 0
PixelHit 2201, 390, 16.6796, 0
PixelHit 2201, 391, 8.64408, 0
PixelHit 2202, 385, 3.64036, 0
PixelHit 2202, 386, 2.10146, 0
PixelHit 2202, 387, 15.4277, 0
PixelHit 2202, 388, 31.6405, 0
PixelHit 2202, 389, 27.504, 0
PixelHit 2202, 390, 19.8132, 0
PixelHit 2202, 391, 6.5501, 0
PixelHit 2203, 385, 3.09473, 0
PixelHit 2203, 386, 3.99663, 0
PixelHit 2203, 387, 20.1371, 0
PixelHit 2203, 388, 34.5731, 0
PixelHit 2203, 389, 16.796, 0
PixelHit 2203, 390, 4.71465, 0
PixelHit 2203, 391, 2.81998, 0
PixelHit 2203, 392, 1.4248, 0
PixelHit 2204, 385, 3.68821, 0
PixelHit 2204, 386, 2.10866, 0
PixelHit 2204, 387, 6.8817, 0
PixelHit 2204, 388, 16.0534, 0
PixelHit 2204, 389, 11.6608, 0
PixelHit 2204, 390, 5.24344, 0
PixelHit 2204, 391, 2.26728, 0
PixelHit 2205, 384, 1.63268, 0
PixelHit 2205, 385, 3.68663, 0
PixelHit 2205, 386, 4.3739, 0
PixelHit 2205, 387, 5.29749, 0
PixelHit 2205, 388, 4.71681, 0
PixelHit 2205, 389, 3.53652, 0
PixelHit 2206, 384, 2.91474, 0
PixelHit 2206, 385, 5.25869, 0
PixelHit 2206, 386, 12.1709, 0
PixelHit 2206, 388, 2.27339, 0
PixelHit 2206, 389, 3.24752, 0
PixelHit 2207, 383, 3.87214, 0
PixelHit 2207, 384, 6.47577, 0
PixelHit 2207, 385, 11.6285, 0
PixelHit 2207, 386, 13.4993, 0
PixelHit 2207, 387, 5.07663, 0
PixelHit 2208, 384, 7.85283, 0
PixelHit 2208, 385, 13.4447, 0
PixelHit 2208, 386, 11.4534, 0
PixelHit 2208, 387, 2.5335, 0
PixelHit 2209, 382, 2.75244, 0
PixelHit 2209, 383, 8.2301, 0
PixelHit 2209, 384, 11.362, 0
PixelHit 2209, 385, 13.0178, 0
PixelHit 2209, 386, 11.7085, 0
PixelHit 2210, 381, 4.91772, 0
PixelHit 2210, 382, 4.1693, 0
PixelHit 2210, 383, 8.88382, 0
PixelHit 2210, 384, 11.1394, 0
PixelHit 2210, 385, 7.7195, 0
PixelHit 2210, 386, 5.72543, 0
PixelHit 2210, 387, 0.696297, 0
PixelHit 2211, 381, 2.97979, 0
PixelHit 2211, 382, 20.7931, 0
PixelHit 2211, 383, 15.1801, 0
PixelHit 2211, 384, 12.6462, 0
PixelHit 2211, 385, 4.36693, 0
PixelHit 2211, 386, 1.90895, 0
PixelHit 2212, 380, 5.24251, 0
PixelHit 2212, 381, 11.3217, 0
PixelHit 2212, 382, 24.8348, 0
PixelHit 2212, 383, 23.2577, 0
PixelHit 2212, 384, 20.7508, 0
PixelHit 2212, 385, 6.08209, 0
PixelHit 2213, 380, 4.53102, 0
PixelHit 2213, 381, 12.5216, 0
PixelHit 2213, 382, 28.1885, 0
PixelHit 2213, 383, 25.2089, 0
PixelHit 2213, 384, 14.9185, 0
PixelHit 2213, 386, 0.194764, 0
PixelHit 2214, 380, 17.3705, 0
PixelHit 2214, 381, 23.2288, 0
PixelHit 2214, 382, 28.5749, 0
PixelHit 2214, 383, 21.7032, 0
PixelHit 2214, 384, 8.21205, 0
PixelHit 2215, 379, 3.72882, 0
PixelHit 2215, 380, 10.6027, 0
PixelHit 2215, 381, 30.148, 0
PixelHit 2215, 382, 15.5529, 0
PixelHit 2215, 383, 7.43695, 0
PixelHit 2215, 384, 6.0927, 0
PixelHit 2215, 385, 2.05725, 0
PixelHit 2216, 378, 1.74735, 0
PixelHit 2216, 379, 4.91868, 0
PixelHit 2216, 380, 6.369, 0
PixelHit 2216, 381, 13.8789, 0
PixelHit 2216, 382, 8.37931, 0
PixelHit 2216, 383, 2.97678, 0
PixelHit 2216, 384, 0.912572, 0
PixelHit 2217, 380, 3.08217, 0
PixelHit 2217, 381, 4.59359, 0
PixelHit 2217, 382, 3.77854, 0
PixelHit 2217, 383, 3.45066, 0
PixelHit 2218, 381, 1.99245, 0
=== 62 ===
=== 63 ===
=== 64 ===
=== 65 ===
=== 66 ===
=== 67 ===
=== 68 ===
=== 69 ===
=== 70 ===
=== 71 ===
=== 72 ===
=== 73 ===
=== 74 ===
=== 75 ===
=== 76 ===
=== 77 ===
=== 78 ===
=== 79 ===
=== 80 ===
=== 81 ===
=== 82 ===
=== 83 ===
=== 84 ===
=== 85 ===
=== 86 ===
=== 87 ===
=== 88 ===
=== 89 ===
=== 90 ===
=== 91 ===
=== 92 ===
=== 93 ===
=== 94 ===
=== 95 ===
=== 96 ===
=== 97 ===
=== 98 ===
=== 99 ===
=== 100 ===
# 2340 objects from 3 messages
