# Allpix Squared ASCII data - https://cern.ch/allpix-squared

=== 1 ===
=== 2 ===
=== 3 ===
=== 4 ===
=== 5 ===
=== 6 ===
=== 7 ===
=== 8 ===
=== 9 ===
=== 10 ===
=== 11 ===
=== 12 ===
=== 13 ===
=== 14 ===
=== 15 ===
=== 16 ===
=== 17 ===
=== 18 ===
=== 19 ===
=== 20 ===
=== 21 ===
=== 22 ===
=== 23 ===
=== 24 ===
=== 25 ===
=== 26 ===
=== 27 ===
=== 28 ===
=== 29 ===
=== 30 ===
=== 31 ===
=== 32 ===
=== 33 ===
=== 34 ===
=== 35 ===
=== 36 ===
=== 37 ===
=== 38 ===
=== 39 ===
=== 40 ===
=== 41 ===
=== 42 ===
=== 43 ===
=== 44 ===
=== 45 ===
=== 46 ===
=== 47 ===
=== 48 ===
--- mydetector ---
PixelHit 1088, 670, 1.27412, 0
PixelHit 1089, 658, 2.9899, 0
PixelHit 1089, 660, 1.27488, 0
PixelHit 1089, 665, 1.51933, 0
PixelHit 1089, 668, 0.0375689, 0
PixelHit 1089, 669, 2.18427, 0
PixelHit 1090, 657, 2.21431, 0
PixelHit 1090, 658, 4.69273, 0
PixelHit 1090, 659, 3.60606, 0
PixelHit 1090, 660, 10.9979, 0
PixelHit 1090, 661, 6.76281, 0
PixelHit 1090, 662, 5.71609, 0
PixelHit 1090, 663, 3.62281, 0
PixelHit 1090, 664, 2.86165, 0
PixelHit 1090, 665, 2.7985, 0
PixelHit 1090, 666, 4.75313, 0
PixelHit 1090, 667, 7.4117, 0
PixelHit 1090, 668, 7.44125, 0
PixelHit 1090, 669, 8.67376, 0
PixelHit 1090, 670, 10.2576, 0
PixelHit 1090, 671, 5.11676, 0
PixelHit 1090, 674, 1.42378, 0
PixelHit 1090, 676, 0.992571, 0
PixelHit 1091, 656, 1.25177, 0
PixelHit 1091, 657, 5.41615, 0
PixelHit 1091, 658, 14.2264, 0
PixelHit 1091, 659, 22.6422, 0
PixelHit 1091, 660, 30.0476, 0
PixelHit 1091, 661, 31.6766, 0
PixelHit 1091, 662, 18.8171, 0
PixelHit 1091, 663, 12.4909, 0
PixelHit 1091, 664, 9.79067, 0
PixelHit 1091, 665, 15.7107, 0
PixelHit 1091, 666, 18.5548, 0
PixelHit 1091, 667, 17.8274, 0
PixelHit 1091, 668, 51.5371, 0
PixelHit 1091, 669, 73.3648, 0
PixelHit 1091, 670, 110.692, 0
PixelHit 1091, 671, 52.0572, 0
PixelHit 1091, 672, 15.8272, 0
PixelHit 1091, 673, 9.03525, 0
PixelHit 1091, 674, 46.7664, 0
PixelHit 1091, 675, 64.7143, 0
PixelHit 1091, 676, 134.846, 0
PixelHit 1091, 677, 19.222, 0
PixelHit 1092, 657, 6.83021, 0
PixelHit 1092, 658, 18.5203, 0
PixelHit 1092, 659, 44.717, 0
PixelHit 1092, 660, 61.7208, 0
PixelHit 1092, 661, 50.1563, 0
PixelHit 1092, 662, 35.8951, 0
PixelHit 1092, 663, 18.5248, 0
PixelHit 1092, 664, 19.5474, 0
PixelHit 1092, 665, 37.2379, 0
PixelHit 1092, 666, 42.5134, 0
PixelHit 1092, 667, 40.2183, 0
PixelHit 1092, 668, 86.1103, 0
PixelHit 1092, 669, 109.967, 0
PixelHit 1092, 670, 154.187, 0
PixelHit 1092, 671, 87.0103, 0
PixelHit 1092, 672, 23.2917, 0
PixelHit 1092, 673, 22.9604, 0
PixelHit 1092, 674, 52.6699, 0
PixelHit 1092, 675, 52.8804, 0
PixelHit 1092, 676, 77.6166, 0
PixelHit 1092, 677, 13.0841, 0
PixelHit 1093, 656, 2.0557, 0
PixelHit 1093, 657, 6.88563, 0
PixelHit 1093, 658, 33.1428, 0
PixelHit 1093, 659, 32.1376, 0
PixelHit 1093, 660, 56.0615, 0
PixelHit 1093, 661, 53.6145, 0
PixelHit 1093, 662, 35.5438, 0
PixelHit 1093, 663, 26.5946, 0
PixelHit 1093, 664, 28.3677, 0
PixelHit 1093, 665, 27.747, 0
PixelHit 1093, 666, 30.2025, 0
PixelHit 1093, 667, 20.3466, 0
PixelHit 1093, 668, 25.1906, 0
PixelHit 1093, 669, 44.3965, 0
PixelHit 1093, 670, 61.8218, 0
PixelHit 1093, 671, 23.5672, 0
PixelHit 1093, 672, 9.41832, 0
PixelHit 1093, 673, 3.8731, 0
PixelHit 1093, 674, 1.35945, 0
PixelHit 1094, 656, 0.76172, 0
PixelHit 1094, 657, 4.99366, 0
PixelHit 1094, 658, 9.98663, 0
PixelHit 1094, 659, 34.8306, 0
PixelHit 1094, 660, 29.6205, 0
PixelHit 1094, 661, 22.5009, 0
PixelHit 1094, 662, 17.9005, 0
PixelHit 1094, 663, 6.77689, 0
PixelHit 1094, 664, 2.24294, 0
PixelHit 1094, 665, 8.61928, 0
PixelHit 1094, 666, 7.22338, 0
PixelHit 1094, 667, 4.92021, 0
PixelHit 1094, 668, 5.3788, 0
PixelHit 1094, 669, 5.78157, 0
PixelHit 1094, 670, 2.42405, 0
PixelHit 1094, 671, 0.117285, 0
PixelHit 1095, 657, 2.91034, 0
PixelHit 1095, 658, 6.39139, 0
PixelHit 1095, 659, 8.7712, 0
PixelHit 1095, 660, 8.95372, 0
PixelHit 1095, 661, 9.07783, 0
PixelHit 1095, 662, 3.20688, 0
PixelHit 1096, 659, 1.30035, 0
PixelHit 1096, 661, 2.03845, 0
PixelHit 1273, 912, 3.85656, 0
PixelHit 1273, 913, 1.13218, 0
PixelHit 1273, 914, 3.10097, 0
PixelHit 1273, 915, 2.33993, 0
PixelHit 1273, 916, 5.65817, 0
PixelHit 1273, 918, 8.93408, 0
PixelHit 1273, 919, 9.35157, 0
PixelHit 1273, 920, 3.02752, 0
PixelHit 1274, 911, 1.57096, 0
PixelHit 1274, 912, 6.85887, 0
PixelHit 1274, 913, 2.1734, 0
PixelHit 1274, 914, 7.59758, 0
PixelHit 1274, 915, 11.1557, 0
PixelHit 1274, 916, 15.3901, 0
PixelHit 1274, 917, 27.8028, 0
PixelHit 1274, 918, 47.2803, 0
PixelHit 1274, 919, 38.3334, 0
PixelHit 1274, 920, 17.734, 0
PixelHit 1274, 921, 17.5457, 0
PixelHit 1274, 922, 3.98272, 0
PixelHit 1274, 923, 2.81258, 0
PixelHit 1274, 924, 3.29934, 0
PixelHit 1274, 925, 1.99781, 0
PixelHit 1274, 926, 7.01467, 0
PixelHit 1274, 927, 4.08674, 0
PixelHit 1274, 928, 0.487545, 0
PixelHit 1274, 929, 1.90791, 0
PixelHit 1274, 930, 1.49286, 0
PixelHit 1274, 931, 1.16409, 0
PixelHit 1275, 913, 19.3697, 0
PixelHit 1275, 914, 20.8592, 0
PixelHit 1275, 915, 32.3083, 0
PixelHit 1275, 916, 37.5815, 0
PixelHit 1275, 917, 50.2783, 0
PixelHit 1275, 918, 88.5665, 0
PixelHit 1275, 919, 93.5351, 0
PixelHit 1275, 920, 52.8587, 0
PixelHit 1275, 921, 51.8971, 0
PixelHit 1275, 922, 48.5597, 0
PixelHit 1275, 923, 20.7954, 0
PixelHit 1275, 924, 13.9425, 0
PixelHit 1275, 925, 10.2048, 0
PixelHit 1275, 926, 10.7337, 0
PixelHit 1275, 927, 23.0807, 0
PixelHit 1275, 928, 20.844, 0
PixelHit 1275, 929, 36.7643, 0
PixelHit 1275, 930, 105.749, 0
PixelHit 1275, 931, 178.341, 0
PixelHit 1275, 932, 28.345, 0
PixelHit 1275, 933, 16.9329, 0
PixelHit 1276, 911, 11.294, 0
PixelHit 1276, 912, 13.2995, 0
PixelHit 1276, 913, 16.1111, 0
PixelHit 1276, 914, 24.5053, 0
PixelHit 1276, 915, 34.8725, 0
PixelHit 1276, 916, 45.0933, 0
PixelHit 1276, 917, 68.315, 0
PixelHit 1276, 918, 123.391, 0
PixelHit 1276, 919, 105.548, 0
PixelHit 1276, 920, 69.6514, 0
PixelHit 1276, 921, 53.5744, 0
PixelHit 1276, 922, 35.0038, 0
PixelHit 1276, 923, 30.5367, 0
PixelHit 1276, 924, 18.565, 0
PixelHit 1276, 925, 9.4471, 0
PixelHit 1276, 926, 17.5851, 0
PixelHit 1276, 927, 32.0727, 0
PixelHit 1276, 928, 19.6953, 0
PixelHit 1276, 929, 51.8514, 0
PixelHit 1276, 930, 164.406, 0
PixelHit 1276, 931, 221.773, 0
PixelHit 1276, 932, 34.9596, 0
PixelHit 1276, 933, 28.802, 0
PixelHit 1276, 934, 2.4354, 0
PixelHit 1277, 912, 6.77888, 0
PixelHit 1277, 913, 9.02528, 0
PixelHit 1277, 914, 11.543, 0
PixelHit 1277, 915, 19.0767, 0
PixelHit 1277, 916, 29.8458, 0
PixelHit 1277, 917, 32.3292, 0
PixelHit 1277, 918, 54.0356, 0
PixelHit 1277, 919, 40.6529, 0
PixelHit 1277, 920, 33.0551, 0
PixelHit 1277, 921, 20.1525, 0
PixelHit 1277, 922, 18.3945, 0
PixelHit 1277, 923, 17.24, 0
PixelHit 1277, 924, 7.65789, 0
PixelHit 1277, 926, 6.44238, 0
PixelHit 1277, 927, 4.83942, 0
PixelHit 1277, 928, 6.8019, 0
PixelHit 1277, 929, 3.35421, 0
PixelHit 1277, 930, 9.01532, 0
PixelHit 1277, 931, 8.76095, 0
PixelHit 1278, 913, 2.57081, 0
PixelHit 1278, 914, 4.17211, 0
PixelHit 1278, 915, 3.70062, 0
PixelHit 1278, 916, 5.67449, 0
PixelHit 1278, 917, 4.59947, 0
PixelHit 1278, 918, 5.71107, 0
PixelHit 1278, 919, 11.0227, 0
PixelHit 1278, 921, 3.71603, 0
PixelHit 1278, 922, 2.44976, 0
PixelHit 1278, 923, 2.38042, 0
PixelHit 1279, 912, -0.498836, 0
PixelHit 1279, 914, 3.08801, 0
PixelHit 1279, 915, 1.09965, 0
PixelHit 1279, 917, 1.76874, 0
PixelHit 1279, 921, 1.1396, 0
=== 49 ===
=== 50 ===
=== 51 ===
=== 52 ===
=== 53 ===
=== 54 ===
=== 55 ===
=== 56 ===
=== 57 ===
=== 58 ===
=== 59 ===
=== 60 ===
--- mydetector ---
PixelHit 1315, 930, 2.51385, 0
PixelHit 1315, 938, 0.800858, 0
PixelHit 1316, 929, 3.68723, 0
PixelHit 1316, 930, 3.65915, 0
PixelHit 1316, 931, 2.23629, 0
PixelHit 1316, 932, 1.38282, 0
PixelHit 1316, 933, 1.84815, 0
PixelHit 1316, 936, 4.03545, 0
PixelHit 1316, 937, 2.21935, 0
PixelHit 1316, 941, 3.10205, 0
PixelHit 1316, 942, 1.76206, 0
PixelHit 1317, 928, 0.952923, 0
PixelHit 1317, 929, 4.34005, 0
PixelHit 1317, 930, 9.79179, 0
PixelHit 1317, 931, 4.77088, 0
PixelHit 1317, 932, 10.5038, 0
PixelHit 1317, 933, 13.9645, 0
PixelHit 1317, 934, 6.31402, 0
PixelHit 1317, 935, 5.50253, 0
PixelHit 1317, 936, 9.53051, 0
PixelHit 1317, 937, 6.16212, 0
PixelHit 1317, 938, 7.76302, 0
PixelHit 1317, 939, 8.78151, 0
PixelHit 1317, 940, 9.76596, 0
PixelHit 1317, 941, 8.57204, 0
PixelHit 1317, 942, 5.05282, 0
PixelHit 1317, 943, 2.084, 0
PixelHit 1317, 944, 9.12749, 0
PixelHit 1317, 945, 3.24888, 0
PixelHit 1317, 946, -0.0190153, 0
PixelHit 1318, 927, 0.356478, 0
PixelHit 1318, 928, 2.62167, 0
PixelHit 1318, 929, 7.84295, 0
PixelHit 1318, 930, 12.4338, 0
PixelHit 1318, 931, 26.004, 0
PixelHit 1318, 932, 19.3644, 0
PixelHit 1318, 933, 20.0165, 0
PixelHit 1318, 934, 16.0422, 0
PixelHit 1318, 935, 13.223, 0
PixelHit 1318, 936, 15.6621, 0
PixelHit 1318, 937, 31.8192, 0
PixelHit 1318, 938, 11.6184, 0
PixelHit 1318, 939, 26.7158, 0
PixelHit 1318, 940, 21.0596, 0
PixelHit 1318, 941, 31.2933, 0
PixelHit 1318, 942, 7.69196, 0
PixelHit 1318, 943, 20.7299, 0
PixelHit 1318, 944, 55.1092, 0
PixelHit 1318, 945, 56.3503, 0
PixelHit 1318, 946, 23.9809, 0
PixelHit 1318, 947, 39.2411, 0
PixelHit 1318, 948, 54.5599, 0
PixelHit 1318, 949, 24.1078, 0
PixelHit 1319, 928, 4.9642, 0
PixelHit 1319, 929, 5.84923, 0
PixelHit 1319, 930, 12.0646, 0
PixelHit 1319, 931, 21.8567, 0
PixelHit 1319, 932, 30.3571, 0
PixelHit 1319, 933, 19.7193, 0
PixelHit 1319, 934, 17.2189, 0
PixelHit 1319, 935, 22.412, 0
PixelHit 1319, 936, 24.9075, 0
PixelHit 1319, 937, 37.2353, 0
PixelHit 1319, 938, 19.8913, 0
PixelHit 1319, 939, 23.7096, 0
PixelHit 1319, 940, 43.0356, 0
PixelHit 1319, 941, 27.033, 0
PixelHit 1319, 942, 14.6692, 0
PixelHit 1319, 943, 24.1307, 0
PixelHit 1319, 944, 58.8671, 0
PixelHit 1319, 945, 79.966, 0
PixelHit 1319, 946, 37.7729, 0
PixelHit 1319, 947, 83.5669, 0
PixelHit 1319, 948, 86.3068, 0
PixelHit 1319, 949, 29.5183, 0
PixelHit 1320, 929, 1.77854, 0
PixelHit 1320, 930, 8.28124, 0
PixelHit 1320, 931, 12.7616, 0
PixelHit 1320, 932, 8.65456, 0
PixelHit 1320, 933, 7.78872, 0
PixelHit 1320, 934, 7.49467, 0
PixelHit 1320, 935, 5.39625, 0
PixelHit 1320, 936, 6.26776, 0
PixelHit 1320, 937, 6.98685, 0
PixelHit 1320, 938, 9.12728, 0
PixelHit 1320, 939, 7.3076, 0
PixelHit 1320, 940, 13.9808, 0
PixelHit 1320, 941, 15.6163, 0
PixelHit 1320, 942, 8.38525, 0
PixelHit 1320, 943, 6.91243, 0
PixelHit 1320, 944, 10.5917, 0
PixelHit 1320, 945, 9.15099, 0
PixelHit 1320, 947, 0.512389, 0
PixelHit 1320, 948, 1.23831, 0
PixelHit 1321, 930, 2.26377, 0
PixelHit 1321, 932, 2.54958, 0
PixelHit 1321, 933, 2.08625, 0
PixelHit 1321, 936, 2.33411, 0
PixelHit 1321, 937, 2.2327, 0
PixelHit 1321, 938, 0.938443, 0
PixelHit 1321, 940, 1.22253, 0
PixelHit 1443, 1052, 1.72116, 0
PixelHit 1443, 1053, 3.71877, 0
PixelHit 1443, 1054, 2.78391, 0
PixelHit 1443, 1055, 4.17889, 0
PixelHit 1443, 1056, 3.60875, 0
PixelHit 1443, 1057, 4.21332, 0
PixelHit 1444, 1051, 4.41571, 0
PixelHit 1444, 1052, 7.57024, 0
PixelHit 1444, 1053, 10.0905, 0
PixelHit 1444, 1054, 12.9136, 0
PixelHit 1444, 1055, 14.4922, 0
PixelHit 1444, 1056, 9.69562, 0
PixelHit 1444, 1057, 5.50316, 0
PixelHit 1444, 1058, 4.45521, 0
PixelHit 1444, 1060, 2.89575, 0
PixelHit 1444, 1061, 4.95917, 0
PixelHit 1444, 1062, 5.44718, 0
PixelHit 1444, 1063, 5.54125, 0
PixelHit 1444, 1064, 4.01248, 0
PixelHit 1444, 1065, 3.34723, 0
PixelHit 1444, 1067, 3.90106, 0
PixelHit 1445, 1049, -0.0801472, 0
PixelHit 1445, 1050, 1.13049, 0
PixelHit 1445, 1051, 3.89115, 0
PixelHit 1445, 1052, 13.4229, 0
PixelHit 1445, 1053, 35.8438, 0
PixelHit 1445, 1054, 18.9031, 0
PixelHit 1445, 1055, 28.1581, 0
PixelHit 1445, 1056, 23.1268, 0
PixelHit 1445, 1057, 13.2414, 0
PixelHit 1445, 1058, 14.947, 0
PixelHit 1445, 1059, 10.2822, 0
PixelHit 1445, 1060, 5.92664, 0
PixelHit 1445, 1061, 14.8093, 0
PixelHit 1445, 1062, 20.8762, 0
PixelHit 1445, 1063, 17.2359, 0
PixelHit 1445, 1064, 19.4905, 0
PixelHit 1445, 1065, 27.3156, 0
PixelHit 1445, 1066, 31.2582, 0
PixelHit 1445, 1067, 16.2046, 0
PixelHit 1445, 1068, 4.63318, 0
PixelHit 1445, 1069, 9.64079, 0
PixelHit 1445, 1070, 11.1322, 0
PixelHit 1445, 1072, 2.10583, 0
PixelHit 1446, 1052, 10.1284, 0
PixelHit 1446, 1053, 25.3694, 0
PixelHit 1446, 1054, 28.7308, 0
PixelHit 1446, 1055, 25.1565, 0
PixelHit 1446, 1056, 17.6313, 0
PixelHit 1446, 1057, 19.4067, 0
PixelHit 1446, 1058, 13.238, 0
PixelHit 1446, 1059, 11.2635, 0
PixelHit 1446, 1060, 11.6352, 0
PixelHit 1446, 1061, 28.0738, 0
PixelHit 1446, 1062, 29.1745, 0
PixelHit 1446, 1063, 38.221, 0
PixelHit 1446, 1064, 54.2413, 0
PixelHit 1446, 1065, 63.6187, 0
PixelHit 1446, 1066, 70.666, 0
PixelHit 1446, 1067, 59.7939, 0
PixelHit 1446, 1068, 24.9969, 0
PixelHit 1446, 1069, 61.2076, 0
PixelHit 1446, 1070, 102.407, 0
PixelHit 1446, 1071, 44.5228, 0
PixelHit 1446, 1072, 67.4792, 0
PixelHit 1446, 1073, 9.71261, 0
PixelHit 1447, 1052, 5.34741, 0
PixelHit 1447, 1053, 8.4496, 0
PixelHit 1447, 1054, 15.1922, 0
PixelHit 1447, 1055, 11.3643, 0
PixelHit 1447, 1056, 8.86377, 0
PixelHit 1447, 1057, 9.46196, 0
PixelHit 1447, 1058, 11.5599, 0
PixelHit 1447, 1059, 5.67554, 0
PixelHit 1447, 1060, 4.06488, 0
PixelHit 1447, 1061, 10.1045, 0
PixelHit 1447, 1062, 14.9885, 0
PixelHit 1447, 1063, 22.1428, 0
PixelHit 1447, 1064, 15.5783, 0
PixelHit 1447, 1065, 34.8628, 0
PixelHit 1447, 1066, 39.6148, 0
PixelHit 1447, 1067, 32.029, 0
PixelHit 1447, 1068, 10.979, 0
PixelHit 1447, 1069, 31.5227, 0
PixelHit 1447, 1070, 40.999, 0
PixelHit 1447, 1071, 28.2875, 0
PixelHit 1447, 1072, 28.7982, 0
PixelHit 1447, 1073, 7.09188, 0
PixelHit 1448, 1052, 3.07039, 0
PixelHit 1448, 1053, 3.91578, 0
PixelHit 1448, 1054, 3.23577, 0
PixelHit 1448, 1057, 2.56183, 0
PixelHit 1448, 1058, 2.78029, 0
PixelHit 1448, 1059, 0.907471, 0
PixelHit 1448, 1061, 5.22315, 0
PixelHit 1448, 1062, 5.76618, 0
PixelHit 1448, 1063, 3.14684, 0
PixelHit 1448, 1064, 5.75886, 0
PixelHit 1448, 1065, 2.14793, 0
PixelHit 1448, 1066, 5.99784, 0
PixelHit 1448, 1067, 2.11503, 0
PixelHit 1448, 1070, 2.78036, 0
=== 61 ===
=== 62 ===
=== 63 ===
=== 64 ===
=== 65 ===
=== 66 ===
=== 67 ===
=== 68 ===
=== 69 ===
=== 70 ===
=== 71 ===
=== 72 ===
=== 73 ===
=== 74 ===
=== 75 ===
=== 76 ===
=== 77 ===
=== 78 ===
=== 79 ===
=== 80 ===
=== 81 ===
=== 82 ===
=== 83 ===
=== 84 ===
=== 85 ===
=== 86 ===
=== 87 ===
=== 88 ===
=== 89 ===
=== 90 ===
=== 91 ===
=== 92 ===
=== 93 ===
=== 94 ===
=== 95 ===
=== 96 ===
=== 97 ===
=== 98 ===
=== 99 ===
=== 100 ===
# 420 objects from 2 messages
