# Allpix Squared ASCII data - https://cern.ch/allpix-squared

=== 1 ===
--- mydetector ---
PixelHit 1306, 891, 2.23671, 0
PixelHit 1306, 892, 1.47614, 0
PixelHit 1307, 890, 0.786123, 0
PixelHit 1307, 891, 70.1412, 0
PixelHit 1307, 892, 25.98, 0
PixelHit 1308, 891, 77.2495, 0
PixelHit 1308, 892, 22.6464, 0
PixelHit 1309, 891, 36.5223, 0
PixelHit 1309, 892, 28.1311, 0
PixelHit 1310, 890, 5.94712, 0
PixelHit 1310, 891, 71.4669, 0
PixelHit 1310, 892, 73.7561, 0
PixelHit 1310, 893, 1.77723, 0
PixelHit 1311, 890, 14.1133, 0
PixelHit 1311, 891, 147.063, 0
PixelHit 1311, 892, 105.843, 0
PixelHit 1311, 893, 18.7698, 0
PixelHit 1312, 890, 11.6924, 0
PixelHit 1312, 891, 135.899, 0
PixelHit 1312, 892, 149.198, 0
PixelHit 1312, 893, 22.0185, 0
PixelHit 1313, 890, 1.59608, 0
PixelHit 1313, 891, 43.8982, 0
PixelHit 1313, 892, 42.093, 0
PixelHit 1313, 893, 7.03442, 0
PixelHit 1314, 891, 10.8868, 0
PixelHit 1314, 892, 14.4479, 0
PixelHit 1314, 893, 4.34325, 0
PixelHit 1315, 891, 16.4748, 0
PixelHit 1315, 892, 13.6543, 0
PixelHit 1315, 893, 9.83355, 0
PixelHit 1316, 890, 4.61632, 0
PixelHit 1316, 891, 20.116, 0
PixelHit 1316, 892, 21.7436, 0
PixelHit 1316, 893, 7.18027, 0
PixelHit 1317, 890, 5.3183, 0
PixelHit 1317, 891, 14.6288, 0
PixelHit 1317, 892, 22.9426, 0
PixelHit 1317, 893, 6.05392, 0
PixelHit 1317, 894, 0.907521, 0
PixelHit 1318, 888, 1.31268, 0
PixelHit 1318, 890, 10.0503, 0
PixelHit 1318, 891, 25.6205, 0
PixelHit 1318, 892, 19.7121, 0
PixelHit 1318, 893, 9.90042, 0
PixelHit 1319, 889, 1.71297, 0
PixelHit 1319, 890, 13.6378, 0
PixelHit 1319, 891, 89.967, 0
PixelHit 1319, 892, 105.706, 0
PixelHit 1319, 893, 39.6763, 0
PixelHit 1319, 894, 8.58759, 0
PixelHit 1320, 889, 12.2678, 0
PixelHit 1320, 890, 68.4213, 0
PixelHit 1320, 891, 191.214, 0
PixelHit 1320, 892, 267.494, 0
PixelHit 1320, 893, 143.509, 0
PixelHit 1320, 894, 29.1602, 0
PixelHit 1320, 895, 1.32446, 0
PixelHit 1321, 889, 6.83609, 0
PixelHit 1321, 890, 63.7383, 0
PixelHit 1321, 891, 170.28, 0
PixelHit 1321, 892, 222.871, 0
PixelHit 1321, 893, 120.003, 0
PixelHit 1321, 894, 25.442, 0
PixelHit 1322, 889, 4.19472, 0
PixelHit 1322, 890, 26.407, 0
PixelHit 1322, 891, 81.8453, 0
PixelHit 1322, 892, 93.673, 0
PixelHit 1322, 893, 39.7058, 0
PixelHit 1322, 894, 13.3637, 0
PixelHit 1322, 895, 5.89399, 0
PixelHit 1323, 888, 0.4304, 0
PixelHit 1323, 890, 9.44981, 0
PixelHit 1323, 891, 26.3228, 0
PixelHit 1323, 892, 27.3422, 0
PixelHit 1323, 893, 20.802, 0
PixelHit 1324, 890, 4.50876, 0
PixelHit 1324, 891, 15.1339, 0
PixelHit 1324, 892, 10.7255, 0
PixelHit 1324, 893, 18.7629, 0
PixelHit 1324, 894, 4.2156, 0
PixelHit 1324, 895, 1.47082, 0
PixelHit 1325, 890, 5.00346, 0
PixelHit 1325, 891, 10.8514, 0
PixelHit 1325, 892, 23.3354, 0
PixelHit 1325, 893, 12.2717, 0
PixelHit 1325, 894, 1.93066, 0
PixelHit 1325, 895, 1.14791, 0
PixelHit 1326, 890, 8.86465, 0
PixelHit 1326, 891, 14.5541, 0
PixelHit 1326, 892, 18.1719, 0
PixelHit 1326, 893, 8.85081, 0
PixelHit 1326, 894, 5.84062, 0
PixelHit 1326, 895, 1.93588, 0
PixelHit 1327, 890, 4.70442, 0
PixelHit 1327, 891, 13.7361, 0
PixelHit 1327, 892, 17.3768, 0
PixelHit 1327, 893, 14.7642, 0
PixelHit 1327, 894, 4.10656, 0
PixelHit 1328, 890, 2.78635, 0
PixelHit 1328, 891, 11.4968, 0
PixelHit 1328, 892, 10.1997, 0
PixelHit 1328, 893, 13.0964, 0
PixelHit 1328, 894, 4.66399, 0
PixelHit 1329, 892, 2.89323, 0
PixelHit 1329, 893, 7.32111, 0
PixelHit 1441, 848, 79.0228, 0
PixelHit 1441, 849, 9.1976, 0
PixelHit 1442, 847, 2.60889, 0
PixelHit 1442, 848, 54.4838, 0
PixelHit 1442, 849, 13.2299, 0
PixelHit 1443, 847, 4.65999, 0
PixelHit 1443, 848, 77.5384, 0
PixelHit 1443, 849, 21.2269, 0
PixelHit 1444, 847, 7.35535, 0
PixelHit 1444, 848, 89.8677, 0
PixelHit 1444, 849, 50.8892, 0
PixelHit 1445, 847, 6.12699, 0
PixelHit 1445, 848, 58.5545, 0
PixelHit 1445, 849, 42.8882, 0
PixelHit 1446, 846, 1.23639, 0
PixelHit 1446, 847, 24.0698, 0
PixelHit 1446, 848, 94.6406, 0
PixelHit 1446, 849, 88.2201, 0
PixelHit 1446, 850, 11.8986, 0
PixelHit 1446, 851, 1.49683, 0
PixelHit 1447, 847, 23.2911, 0
PixelHit 1447, 848, 133.632, 0
PixelHit 1447, 849, 127.451, 0
PixelHit 1447, 850, 19.9671, 0
PixelHit 1448, 846, 1.54264, 0
PixelHit 1448, 847, 30.948, 0
PixelHit 1448, 848, 174.517, 0
PixelHit 1448, 849, 161.442, 0
PixelHit 1448, 850, 29.0489, 0
PixelHit 1448, 851, 4.37134, 0
PixelHit 1449, 847, 36.3136, 0
PixelHit 1449, 848, 160.451, 0
PixelHit 1449, 849, 176.907, 0
PixelHit 1449, 850, 35.7773, 0
PixelHit 1449, 851, 2.77597, 0
PixelHit 1450, 846, 2.3956, 0
PixelHit 1450, 847, 14.0073, 0
PixelHit 1450, 848, 51.0083, 0
PixelHit 1450, 849, 61.1039, 0
PixelHit 1450, 850, 16.6854, 0
PixelHit 1450, 851, 0.142501, 0
PixelHit 1451, 846, 1.29359, 0
PixelHit 1451, 847, 11.2766, 0
PixelHit 1451, 848, 41.9686, 0
PixelHit 1451, 849, 30.4834, 0
PixelHit 1451, 850, 18.5415, 0
PixelHit 1451, 851, 0.680292, 0
PixelHit 1452, 847, 7.11215, 0
PixelHit 1452, 848, 26.0052, 0
PixelHit 1452, 849, 30.1228, 0
PixelHit 1452, 850, 8.34365, 0
PixelHit 1452, 851, 1.52746, 0
PixelHit 1453, 847, 13.4316, 0
PixelHit 1453, 848, 34.9351, 0
PixelHit 1453, 849, 38.2354, 0
PixelHit 1453, 850, 19.0805, 0
PixelHit 1453, 851, 5.3964, 0
PixelHit 1454, 845, -0.0551012, 0
PixelHit 1454, 847, 18.6116, 0
PixelHit 1454, 848, 34.5271, 0
PixelHit 1454, 849, 45.7982, 0
PixelHit 1454, 850, 25.4285, 0
PixelHit 1454, 851, 7.29284, 0
PixelHit 1455, 846, 6.33206, 0
PixelHit 1455, 847, 14.7571, 0
PixelHit 1455, 848, 45.4159, 0
PixelHit 1455, 849, 63.7206, 0
PixelHit 1455, 850, 31.9496, 0
PixelHit 1455, 851, 6.90068, 0
PixelHit 1456, 846, 3.39396, 0
PixelHit 1456, 847, 15.0446, 0
PixelHit 1456, 848, 42.7403, 0
PixelHit 1456, 849, 35.9077, 0
PixelHit 1456, 850, 21.5875, 0
PixelHit 1456, 851, 4.59699, 0
PixelHit 1457, 846, -0.171052, 0
PixelHit 1457, 847, 7.39526, 0
PixelHit 1457, 848, 28.7545, 0
PixelHit 1457, 849, 29.5143, 0
PixelHit 1457, 850, 13.458, 0
PixelHit 1457, 851, 5.68696, 0
PixelHit 1457, 852, 1.33337, 0
PixelHit 1458, 847, 8.48395, 0
PixelHit 1458, 848, 19.3177, 0
PixelHit 1458, 849, 29.9828, 0
PixelHit 1458, 850, 18.3559, 0
PixelHit 1458, 851, 8.02122, 0
PixelHit 1459, 846, 3.38291, 0
PixelHit 1459, 847, 2.74974, 0
PixelHit 1459, 848, 17.1391, 0
PixelHit 1459, 849, 22.9777, 0
PixelHit 1459, 850, 14.7868, 0
PixelHit 1459, 851, 5.53583, 0
PixelHit 1460, 846, 1.2377, 0
PixelHit 1460, 847, 2.43505, 0
PixelHit 1460, 848, 10.0619, 0
PixelHit 1460, 849, 15.0171, 0
PixelHit 1460, 850, 12.4618, 0
PixelHit 1460, 851, 4.03058, 0
PixelHit 1461, 847, 2.23199, 0
PixelHit 1461, 848, 4.96936, 0
PixelHit 1461, 849, 13.4675, 0
PixelHit 1461, 850, 11.0112, 0
PixelHit 1461, 851, 1.79308, 0
PixelHit 1462, 848, 3.70315, 0
PixelHit 1462, 850, 3.35358, 0
PixelHit 1462, 851, 5.01529, 0
=== 2 ===
=== 3 ===
=== 4 ===
=== 5 ===
=== 6 ===
=== 7 ===
=== 8 ===
=== 9 ===
=== 10 ===
=== 11 ===
=== 12 ===
=== 13 ===
=== 14 ===
=== 15 ===
=== 16 ===
=== 17 ===
=== 18 ===
=== 19 ===
=== 20 ===
=== 21 ===
--- mydetector ---
PixelHit 1272, 1046, 0.956443, 0
PixelHit 1273, 1045, 0.709738, 0
PixelHit 1273, 1046, 30.7602, 0
PixelHit 1274, 1046, 74.2052, 0
PixelHit 1274, 1047, 8.76949, 0
PixelHit 1275, 1045, 12.303, 0
PixelHit 1275, 1046, 234.453, 0
PixelHit 1275, 1047, 22.2276, 0
PixelHit 1276, 1045, 36.072, 0
PixelHit 1276, 1046, 218.647, 0
PixelHit 1276, 1047, 41.3582, 0
PixelHit 1277, 1045, 51.061, 0
PixelHit 1277, 1046, 203.348, 0
PixelHit 1277, 1047, 62.5177, 0
PixelHit 1277, 1048, 1.75245, 0
PixelHit 1278, 1044, 1.01632, 0
PixelHit 1278, 1045, 53.7532, 0
PixelHit 1278, 1046, 208.503, 0
PixelHit 1278, 1047, 73.9765, 0
PixelHit 1279, 1044, 3.06181, 0
PixelHit 1279, 1045, 40.4826, 0
PixelHit 1279, 1046, 91.7589, 0
PixelHit 1279, 1047, 31.8005, 0
PixelHit 1279, 1048, 3.07026, 0
PixelHit 1280, 1045, 19.9119, 0
PixelHit 1280, 1046, 28.1457, 0
PixelHit 1280, 1047, 11.8281, 0
PixelHit 1280, 1048, 3.97005, 0
PixelHit 1281, 1044, 3.30476, 0
PixelHit 1281, 1045, 22.5644, 0
PixelHit 1281, 1046, 33.1857, 0
PixelHit 1281, 1047, 18.4365, 0
PixelHit 1281, 1048, 1.27506, 0
PixelHit 1282, 1044, 2.14339, 0
PixelHit 1282, 1045, 22.8218, 0
PixelHit 1282, 1046, 40.1136, 0
PixelHit 1282, 1047, 21.5443, 0
PixelHit 1282, 1048, 2.95895, 0
PixelHit 1283, 1044, 4.63864, 0
PixelHit 1283, 1045, 33.0499, 0
PixelHit 1283, 1046, 38.1523, 0
PixelHit 1283, 1047, 21.9171, 0
PixelHit 1283, 1048, 1.40291, 0
PixelHit 1284, 1045, 16.5278, 0
PixelHit 1284, 1046, 25.5891, 0
PixelHit 1284, 1047, 10.4758, 0
PixelHit 1284, 1048, 2.05004, 0
PixelHit 1285, 1044, 10.9567, 0
PixelHit 1285, 1045, 17.0381, 0
PixelHit 1285, 1046, 26.108, 0
PixelHit 1285, 1047, 11.3291, 0
PixelHit 1285, 1048, 2.61061, 0
PixelHit 1286, 1044, 7.58721, 0
PixelHit 1286, 1045, 30.4313, 0
PixelHit 1286, 1046, 28.4439, 0
PixelHit 1286, 1047, 11.9675, 0
PixelHit 1286, 1048, 2.27444, 0
PixelHit 1287, 1043, 3.71533, 0
PixelHit 1287, 1044, 6.05615, 0
PixelHit 1287, 1045, 29.501, 0
PixelHit 1287, 1046, 42.2658, 0
PixelHit 1287, 1047, 21.074, 0
PixelHit 1287, 1048, 1.57978, 0
PixelHit 1288, 1043, 0.371637, 0
PixelHit 1288, 1044, 8.20452, 0
PixelHit 1288, 1045, 33.2276, 0
PixelHit 1288, 1046, 57.7962, 0
PixelHit 1288, 1047, 39.5378, 0
PixelHit 1288, 1048, 5.78325, 0
PixelHit 1289, 1043, 2.05394, 0
PixelHit 1289, 1044, 19.2472, 0
PixelHit 1289, 1045, 41.6769, 0
PixelHit 1289, 1046, 59.4383, 0
PixelHit 1289, 1047, 32.37, 0
PixelHit 1289, 1048, 10.092, 0
PixelHit 1290, 1043, 3.69571, 0
PixelHit 1290, 1044, 9.39017, 0
PixelHit 1290, 1045, 30.5176, 0
PixelHit 1290, 1046, 38.9832, 0
PixelHit 1290, 1047, 21.1851, 0
PixelHit 1290, 1048, 6.03132, 0
PixelHit 1291, 1043, 2.7962, 0
PixelHit 1291, 1044, 13.4526, 0
PixelHit 1291, 1045, 25.8368, 0
PixelHit 1291, 1046, 26.9088, 0
PixelHit 1291, 1047, 13.3386, 0
PixelHit 1291, 1048, 4.1394, 0
PixelHit 1292, 1043, 2.27612, 0
PixelHit 1292, 1044, 8.41933, 0
PixelHit 1292, 1045, 18.5969, 0
PixelHit 1292, 1046, 26.913, 0
PixelHit 1292, 1047, 20.6754, 0
PixelHit 1292, 1048, 2.89868, 0
PixelHit 1293, 1043, 4.62391, 0
PixelHit 1293, 1044, 12.8983, 0
PixelHit 1293, 1045, 24.7695, 0
PixelHit 1293, 1046, 27.0345, 0
PixelHit 1293, 1047, 8.6971, 0
PixelHit 1293, 1048, 8.29625, 0
PixelHit 1294, 1043, 3.51114, 0
PixelHit 1294, 1044, 8.85707, 0
PixelHit 1294, 1045, 21.7671, 0
PixelHit 1294, 1046, 14.5015, 0
PixelHit 1294, 1047, 16.3095, 0
PixelHit 1294, 1048, 4.67958, 0
PixelHit 1295, 1043, 1.95337, 0
PixelHit 1295, 1044, 2.82527, 0
PixelHit 1295, 1045, 6.20006, 0
PixelHit 1295, 1046, 7.75375, 0
PixelHit 1295, 1047, 6.59496, 0
PixelHit 1295, 1049, 0.34704, 0
PixelHit 1296, 1045, 2.08117, 0
PixelHit 1296, 1046, 4.19853, 0
PixelHit 1300, 916, 3.77447, 0
PixelHit 1300, 917, 103.783, 0
PixelHit 1300, 918, 1.32245, 0
PixelHit 1301, 916, 8.90006, 0
PixelHit 1301, 917, 80.2171, 0
PixelHit 1302, 916, 13.5911, 0
PixelHit 1302, 917, 68.4656, 0
PixelHit 1302, 918, 6.67518, 0
PixelHit 1303, 916, 23.9009, 0
PixelHit 1303, 917, 91.2962, 0
PixelHit 1303, 918, 30.9913, 0
PixelHit 1304, 916, 45.4926, 0
PixelHit 1304, 917, 186.886, 0
PixelHit 1304, 918, 42.6714, 0
PixelHit 1304, 919, 1.56475, 0
PixelHit 1305, 916, 37.739, 0
PixelHit 1305, 917, 85.9317, 0
PixelHit 1305, 918, 36.8369, 0
PixelHit 1306, 915, 3.78042, 0
PixelHit 1306, 916, 28.3406, 0
PixelHit 1306, 917, 87.1561, 0
PixelHit 1306, 918, 35.5032, 0
PixelHit 1306, 919, 2.30172, 0
PixelHit 1307, 915, 4.38601, 0
PixelHit 1307, 916, 14.7981, 0
PixelHit 1307, 917, 41.5326, 0
PixelHit 1307, 918, 17.4713, 0
PixelHit 1307, 919, 4.59156, 0
PixelHit 1308, 916, 21.3648, 0
PixelHit 1308, 917, 43.5729, 0
PixelHit 1308, 918, 34.1349, 0
PixelHit 1308, 919, 0.99684, 0
PixelHit 1309, 915, 6.55983, 0
PixelHit 1309, 916, 26.3862, 0
PixelHit 1309, 917, 57.0522, 0
PixelHit 1309, 918, 35.4456, 0
PixelHit 1309, 919, 11.21, 0
PixelHit 1309, 920, 1.89687, 0
PixelHit 1310, 915, 2.31232, 0
PixelHit 1310, 916, 8.76248, 0
PixelHit 1310, 917, 33.4988, 0
PixelHit 1310, 918, 21.1897, 0
PixelHit 1310, 919, 3.42402, 0
PixelHit 1311, 916, 25.2256, 0
PixelHit 1311, 917, 40.1292, 0
PixelHit 1311, 918, 22.7452, 0
PixelHit 1311, 919, 5.85253, 0
PixelHit 1311, 920, 4.22354, 0
PixelHit 1312, 915, 4.47611, 0
PixelHit 1312, 916, 29.3506, 0
PixelHit 1312, 917, 48.2456, 0
PixelHit 1312, 918, 40.7257, 0
PixelHit 1312, 919, 5.84606, 0
PixelHit 1312, 920, 1.84709, 0
PixelHit 1313, 915, 7.54191, 0
PixelHit 1313, 916, 33.754, 0
PixelHit 1313, 917, 71.69, 0
PixelHit 1313, 918, 53.7717, 0
PixelHit 1313, 919, 12.9321, 0
PixelHit 1313, 920, 2.71044, 0
PixelHit 1314, 915, 9.22984, 0
PixelHit 1314, 916, 42.1158, 0
PixelHit 1314, 917, 72.7332, 0
PixelHit 1314, 918, 59.8408, 0
PixelHit 1314, 919, 10.3924, 0
PixelHit 1314, 920, 3.05549, 0
PixelHit 1315, 914, 3.63116, 0
PixelHit 1315, 915, 6.00337, 0
PixelHit 1315, 916, 29.2199, 0
PixelHit 1315, 917, 49.0783, 0
PixelHit 1315, 918, 31.2105, 0
PixelHit 1315, 919, 13.6545, 0
PixelHit 1316, 914, 0.867347, 0
PixelHit 1316, 915, 3.99956, 0
PixelHit 1316, 916, 12.6747, 0
PixelHit 1316, 917, 36.3959, 0
PixelHit 1316, 918, 25.0043, 0
PixelHit 1316, 919, 6.98194, 0
PixelHit 1316, 920, 2.08009, 0
PixelHit 1317, 915, 4.0788, 0
PixelHit 1317, 916, 16.421, 0
PixelHit 1317, 917, 22.0695, 0
PixelHit 1317, 918, 14.4177, 0
PixelHit 1317, 919, 10.2745, 0
PixelHit 1317, 920, 2.54649, 0
PixelHit 1318, 915, 1.89769, 0
PixelHit 1318, 916, 15.3192, 0
PixelHit 1318, 917, 17.4547, 0
PixelHit 1318, 918, 13.0994, 0
PixelHit 1318, 919, 2.94186, 0
PixelHit 1319, 915, 2.3638, 0
PixelHit 1319, 916, 4.81109, 0
PixelHit 1319, 917, 11.9197, 0
PixelHit 1319, 918, 9.91455, 0
PixelHit 1319, 919, 4.56651, 0
PixelHit 1319, 920, 2.96012, 0
PixelHit 1320, 916, 7.13077, 0
PixelHit 1320, 917, 11.7109, 0
PixelHit 1320, 918, 6.52214, 0
PixelHit 1320, 919, 2.15207, 0
PixelHit 1320, 920, 1.43223, 0
PixelHit 1321, 915, 2.0337, 0
PixelHit 1321, 916, 2.0716, 0
PixelHit 1321, 917, 5.27446, 0
PixelHit 1321, 918, 2.46438, 0
PixelHit 1321, 919, 2.30398, 0
PixelHit 1322, 918, 2.26533, 0
PixelHit 1323, 915, 1.51553, 0
PixelHit 1323, 917, 1.97132, 0
=== 22 ===
=== 23 ===
=== 24 ===
=== 25 ===
=== 26 ===
=== 27 ===
=== 28 ===
=== 29 ===
=== 30 ===
=== 31 ===
=== 32 ===
=== 33 ===
=== 34 ===
=== 35 ===
=== 36 ===
=== 37 ===
=== 38 ===
=== 39 ===
=== 40 ===
=== 41 ===
=== 42 ===
=== 43 ===
=== 44 ===
=== 45 ===
=== 46 ===
=== 47 ===
=== 48 ===
=== 49 ===
=== 50 ===
=== 51 ===
=== 52 ===
=== 53 ===
=== 54 ===
=== 55 ===
=== 56 ===
=== 57 ===
=== 58 ===
=== 59 ===
=== 60 ===
=== 61 ===
=== 62 ===
=== 63 ===
=== 64 ===
=== 65 ===
=== 66 ===
=== 67 ===
=== 68 ===
=== 69 ===
=== 70 ===
=== 71 ===
=== 72 ===
=== 73 ===
=== 74 ===
=== 75 ===
=== 76 ===
=== 77 ===
=== 78 ===
=== 79 ===
=== 80 ===
=== 81 ===
=== 82 ===
=== 83 ===
=== 84 ===
=== 85 ===
=== 86 ===
=== 87 ===
=== 88 ===
=== 89 ===
=== 90 ===
=== 91 ===
=== 92 ===
=== 93 ===
=== 94 ===
=== 95 ===
=== 96 ===
=== 97 ===
=== 98 ===
=== 99 ===
=== 100 ===
# 435 objects from 2 messages
