# Allpix Squared ASCII data - https://cern.ch/allpix-squared

=== 1 ===
=== 2 ===
=== 3 ===
=== 4 ===
=== 5 ===
=== 6 ===
=== 7 ===
=== 8 ===
=== 9 ===
=== 10 ===
=== 11 ===
=== 12 ===
=== 13 ===
=== 14 ===
=== 15 ===
--- mydetector ---
PixelHit 1260, 812, 5.6177, 0
PixelHit 1260, 813, 12.5448, 0
PixelHit 1261, 808, 3.27334, 0
PixelHit 1261, 809, 1.51292, 0
PixelHit 1261, 810, 7.9271, 0
PixelHit 1261, 811, 31.3125, 0
PixelHit 1261, 812, 10.2013, 0
PixelHit 1261, 813, 41.2396, 0
PixelHit 1261, 814, 4.75875, 0
PixelHit 1262, 804, 1.14912, 0
PixelHit 1262, 805, 3.23626, 0
PixelHit 1262, 806, 9.59981, 0
PixelHit 1262, 807, 12.6812, 0
PixelHit 1262, 808, 27.8852, 0
PixelHit 1262, 809, 35.836, 0
PixelHit 1262, 810, 42.5364, 0
PixelHit 1262, 811, 17.7242, 0
PixelHit 1262, 812, 5.00387, 0
PixelHit 1263, 803, 0.971225, 0
PixelHit 1263, 804, 8.03717, 0
PixelHit 1263, 805, 43.1949, 0
PixelHit 1263, 806, 53.8897, 0
PixelHit 1263, 807, 56.6838, 0
PixelHit 1263, 808, 46.2221, 0
PixelHit 1263, 809, 28.6004, 0
PixelHit 1263, 810, 2.59589, 0
PixelHit 1264, 797, 2.94583, 0
PixelHit 1264, 800, 8.38874, 0
PixelHit 1264, 801, 7.18846, 0
PixelHit 1264, 802, 15.7484, 0
PixelHit 1264, 803, 30.5896, 0
PixelHit 1264, 804, 46.1737, 0
PixelHit 1264, 805, 79.666, 0
PixelHit 1264, 806, 59.5945, 0
PixelHit 1264, 807, 25.2382, 0
PixelHit 1264, 808, 3.43225, 0
PixelHit 1264, 809, 3.03964, 0
PixelHit 1265, 796, 4.03569, 0
PixelHit 1265, 797, 4.69394, 0
PixelHit 1265, 798, 3.09861, 0
PixelHit 1265, 799, 11.9424, 0
PixelHit 1265, 800, 25.8896, 0
PixelHit 1265, 801, 21.7889, 0
PixelHit 1265, 802, 36.6139, 0
PixelHit 1265, 803, 65.1695, 0
PixelHit 1265, 804, 42.2042, 0
PixelHit 1265, 805, 23.9225, 0
PixelHit 1265, 806, 7.55366, 0
PixelHit 1265, 807, 3.53107, 0
PixelHit 1266, 794, 0.757068, 0
PixelHit 1266, 795, 5.26141, 0
PixelHit 1266, 796, 10.6785, 0
PixelHit 1266, 797, 9.45572, 0
PixelHit 1266, 798, 16.5602, 0
PixelHit 1266, 799, 20.4223, 0
PixelHit 1266, 800, 54.7951, 0
PixelHit 1266, 801, 43.9798, 0
PixelHit 1266, 802, 14.9282, 0
PixelHit 1266, 803, 18.6622, 0
PixelHit 1266, 804, 3.83531, 0
PixelHit 1266, 805, 2.859, 0
PixelHit 1267, 788, 1.79174, 0
PixelHit 1267, 790, 3.09603, 0
PixelHit 1267, 791, 4.26942, 0
PixelHit 1267, 792, 6.17754, 0
PixelHit 1267, 793, 10.7165, 0
PixelHit 1267, 794, 23.0114, 0
PixelHit 1267, 795, 26.2522, 0
PixelHit 1267, 796, 20.7392, 0
PixelHit 1267, 797, 23.032, 0
PixelHit 1267, 798, 17.3512, 0
PixelHit 1267, 799, 18.2137, 0
PixelHit 1267, 800, 24.329, 0
PixelHit 1267, 801, 23.0503, 0
PixelHit 1267, 802, 5.12169, 0
PixelHit 1267, 803, 3.51387, 0
PixelHit 1268, 788, 2.17308, 0
PixelHit 1268, 789, 8.2247, 0
PixelHit 1268, 790, 20.4547, 0
PixelHit 1268, 791, 25.3072, 0
PixelHit 1268, 792, 40.0248, 0
PixelHit 1268, 793, 39.3899, 0
PixelHit 1268, 794, 40.8226, 0
PixelHit 1268, 795, 57.2575, 0
PixelHit 1268, 796, 29.3715, 0
PixelHit 1268, 797, 12.9056, 0
PixelHit 1268, 798, 10.4737, 0
PixelHit 1268, 799, 5.10854, 0
PixelHit 1268, 800, 4.96659, 0
PixelHit 1268, 802, 2.26778, 0
PixelHit 1269, 786, 2.3878, 0
PixelHit 1269, 787, 9.16899, 0
PixelHit 1269, 788, 16.152, 0
PixelHit 1269, 789, 31.3138, 0
PixelHit 1269, 790, 45.4681, 0
PixelHit 1269, 791, 66.3088, 0
PixelHit 1269, 792, 61.2212, 0
PixelHit 1269, 793, 67.1207, 0
PixelHit 1269, 794, 45.7742, 0
PixelHit 1269, 795, 37.8873, 0
PixelHit 1269, 796, 20.0449, 0
PixelHit 1269, 797, 3.59888, 0
PixelHit 1269, 798, 1.54408, 0
PixelHit 1270, 781, 3.0879, 0
PixelHit 1270, 782, 1.25998, 0
PixelHit 1270, 783, 1.27321, 0
PixelHit 1270, 784, 1.56993, 0
PixelHit 1270, 785, 5.49334, 0
PixelHit 1270, 786, 13.9585, 0
PixelHit 1270, 787, 18.7039, 0
PixelHit 1270, 788, 35.9805, 0
PixelHit 1270, 789, 37.6725, 0
PixelHit 1270, 790, 58.4928, 0
PixelHit 1270, 791, 58.4314, 0
PixelHit 1270, 792, 45.1237, 0
PixelHit 1270, 793, 35.9338, 0
PixelHit 1270, 794, 15.2038, 0
PixelHit 1270, 795, 10.6252, 0
PixelHit 1270, 796, 4.69084, 0
PixelHit 1271, 780, 2.04029, 0
PixelHit 1271, 781, 6.92281, 0
PixelHit 1271, 782, 10.2198, 0
PixelHit 1271, 783, 8.1332, 0
PixelHit 1271, 784, 12.0429, 0
PixelHit 1271, 785, 10.0993, 0
PixelHit 1271, 786, 26.7085, 0
PixelHit 1271, 787, 29.9511, 0
PixelHit 1271, 788, 29.3996, 0
PixelHit 1271, 789, 39.586, 0
PixelHit 1271, 790, 33.039, 0
PixelHit 1271, 791, 30.9664, 0
PixelHit 1271, 792, 17.3322, 0
PixelHit 1271, 793, 13.5814, 0
PixelHit 1271, 794, 5.15268, 0
PixelHit 1272, 780, 3.70374, 0
PixelHit 1272, 781, 16.8111, 0
PixelHit 1272, 782, 19.1676, 0
PixelHit 1272, 783, 37.6655, 0
PixelHit 1272, 784, 28.8338, 0
PixelHit 1272, 785, 26.7981, 0
PixelHit 1272, 786, 32.9922, 0
PixelHit 1272, 787, 12.5183, 0
PixelHit 1272, 788, 20.4357, 0
PixelHit 1272, 789, 13.7934, 0
PixelHit 1272, 790, 12.1218, 0
PixelHit 1272, 791, 6.73077, 0
PixelHit 1272, 792, 11.9581, 0
PixelHit 1272, 793, 2.09833, 0
PixelHit 1273, 779, 2.95573, 0
PixelHit 1273, 780, 8.48082, 0
PixelHit 1273, 781, 18.5643, 0
PixelHit 1273, 782, 31.931, 0
PixelHit 1273, 783, 44.6825, 0
PixelHit 1273, 784, 33.2115, 0
PixelHit 1273, 785, 19.7547, 0
PixelHit 1273, 786, 21.9402, 0
PixelHit 1273, 787, 6.62048, 0
PixelHit 1273, 788, 4.97148, 0
PixelHit 1273, 789, 3.97121, 0
PixelHit 1273, 790, 2.11603, 0
PixelHit 1273, 791, 2.82162, 0
PixelHit 1273, 792, -0.00212408, 0
PixelHit 1274, 780, 4.04158, 0
PixelHit 1274, 781, 15.1716, 0
PixelHit 1274, 782, 17.341, 0
PixelHit 1274, 783, 27.1275, 0
PixelHit 1274, 784, 19.9091, 0
PixelHit 1274, 785, 8.89399, 0
PixelHit 1274, 786, 3.16149, 0
PixelHit 1274, 787, 2.21934, 0
PixelHit 1275, 780, 2.16944, 0
PixelHit 1275, 781, 3.57509, 0
PixelHit 1275, 782, 6.73952, 0
PixelHit 1275, 783, 12.7651, 0
PixelHit 1275, 784, 2.6321, 0
PixelHit 1275, 786, 2.5857, 0
PixelHit 1275, 788, 0.83204, 0
PixelHit 1276, 783, 1.96581, 0
PixelHit 1277, 782, 2.27837, 0
PixelHit 1332, 1036, 4.5428, 0
PixelHit 1332, 1037, 15.3941, 0
PixelHit 1332, 1038, 1.88732, 0
PixelHit 1332, 1039, 42.9744, 0
PixelHit 1333, 1031, 6.60261, 0
PixelHit 1333, 1032, 15.4534, 0
PixelHit 1333, 1033, 2.41648, 0
PixelHit 1333, 1034, 12.6251, 0
PixelHit 1333, 1035, 31.8088, 0
PixelHit 1333, 1036, 79.6352, 0
PixelHit 1333, 1037, 79.0088, 0
PixelHit 1333, 1038, 17.7019, 0
PixelHit 1334, 1030, 11.2807, 0
PixelHit 1334, 1031, 102.832, 0
PixelHit 1334, 1032, 212.055, 0
PixelHit 1334, 1033, 58.4438, 0
PixelHit 1334, 1034, 16.585, 0
PixelHit 1334, 1035, 29.4745, 0
PixelHit 1334, 1036, 15.2405, 0
PixelHit 1334, 1037, 7.93581, 0
PixelHit 1335, 1025, 1.70972, 0
PixelHit 1335, 1026, 2.68837, 0
PixelHit 1335, 1027, 10.5824, 0
PixelHit 1335, 1028, 11.204, 0
PixelHit 1335, 1029, 28.3886, 0
PixelHit 1335, 1030, 46.2734, 0
PixelHit 1335, 1031, 135.849, 0
PixelHit 1335, 1032, 308.171, 0
PixelHit 1335, 1033, 55.2802, 0
PixelHit 1335, 1034, 0.312426, 0
PixelHit 1335, 1035, 1.10814, 0
PixelHit 1335, 1037, 1.48538, 0
PixelHit 1336, 1020, 1.15419, 0
PixelHit 1336, 1021, 3.23978, 0
PixelHit 1336, 1022, 1.6736, 0
PixelHit 1336, 1023, 3.65356, 0
PixelHit 1336, 1024, 9.7737, 0
PixelHit 1336, 1025, 11.1387, 0
PixelHit 1336, 1026, 14.9415, 0
PixelHit 1336, 1027, 27.2511, 0
PixelHit 1336, 1028, 34.433, 0
PixelHit 1336, 1029, 34.8889, 0
PixelHit 1336, 1030, 32.9068, 0
PixelHit 1336, 1031, 26.1099, 0
PixelHit 1336, 1032, 32.5643, 0
PixelHit 1336, 1033, 5.71755, 0
PixelHit 1337, 1017, 2.8694, 0
PixelHit 1337, 1018, 5.6572, 0
PixelHit 1337, 1019, 3.0974, 0
PixelHit 1337, 1020, 8.54973, 0
PixelHit 1337, 1021, 5.07419, 0
PixelHit 1337, 1022, 18.6041, 0
PixelHit 1337, 1023, 34.8884, 0
PixelHit 1337, 1024, 41.8732, 0
PixelHit 1337, 1025, 23.5207, 0
PixelHit 1337, 1026, 24.1769, 0
PixelHit 1337, 1027, 12.8117, 0
PixelHit 1337, 1028, 11.146, 0
PixelHit 1337, 1029, 5.50882, 0
PixelHit 1337, 1030, 2.80811, 0
PixelHit 1337, 1032, 1.08213, 0
PixelHit 1338, 1013, 3.07613, 0
PixelHit 1338, 1014, 0.701756, 0
PixelHit 1338, 1015, 7.45428, 0
PixelHit 1338, 1016, 8.20207, 0
PixelHit 1338, 1017, 8.60813, 0
PixelHit 1338, 1018, 33.7985, 0
PixelHit 1338, 1019, 48.696, 0
PixelHit 1338, 1020, 40.0053, 0
PixelHit 1338, 1021, 18.9525, 0
PixelHit 1338, 1022, 22.5525, 0
PixelHit 1338, 1023, 46.0765, 0
PixelHit 1338, 1024, 34.2242, 0
PixelHit 1338, 1025, 18.3114, 0
PixelHit 1338, 1026, 11.6242, 0
PixelHit 1338, 1028, 2.70243, 0
PixelHit 1339, 1011, 6.60554, 0
PixelHit 1339, 1013, 8.23731, 0
PixelHit 1339, 1014, 2.17443, 0
PixelHit 1339, 1015, 15.4006, 0
PixelHit 1339, 1016, 26.0215, 0
PixelHit 1339, 1017, 45.5894, 0
PixelHit 1339, 1018, 68.7821, 0
PixelHit 1339, 1019, 78.1783, 0
PixelHit 1339, 1020, 56.9041, 0
PixelHit 1339, 1021, 23.1956, 0
PixelHit 1339, 1022, 8.25386, 0
PixelHit 1339, 1023, 7.67634, 0
PixelHit 1339, 1024, 9.92529, 0
PixelHit 1339, 1025, 1.78426, 0
PixelHit 1340, 1007, 3.19297, 0
PixelHit 1340, 1009, 3.9403, 0
PixelHit 1340, 1010, 5.00719, 0
PixelHit 1340, 1011, 14.662, 0
PixelHit 1340, 1012, 32.5711, 0
PixelHit 1340, 1013, 20.1759, 0
PixelHit 1340, 1014, 36.0455, 0
PixelHit 1340, 1015, 41.5202, 0
PixelHit 1340, 1016, 43.0948, 0
PixelHit 1340, 1017, 61.5408, 0
PixelHit 1340, 1018, 64.3091, 0
PixelHit 1340, 1019, 50.965, 0
PixelHit 1340, 1020, 26.8108, 0
PixelHit 1340, 1021, 7.93251, 0
PixelHit 1340, 1023, 1.39687, 0
PixelHit 1340, 1025, 1.31632, 0
PixelHit 1341, 1003, 0.830591, 0
PixelHit 1341, 1004, 2.89749, 0
PixelHit 1341, 1005, 4.5408, 0
PixelHit 1341, 1006, 5.04574, 0
PixelHit 1341, 1007, 2.5865, 0
PixelHit 1341, 1008, 9.52305, 0
PixelHit 1341, 1009, 15.0406, 0
PixelHit 1341, 1010, 24.7589, 0
PixelHit 1341, 1011, 40.3787, 0
PixelHit 1341, 1012, 35.2572, 0
PixelHit 1341, 1013, 37.237, 0
PixelHit 1341, 1014, 30.2278, 0
PixelHit 1341, 1015, 27.3248, 0
PixelHit 1341, 1016, 22.1177, 0
PixelHit 1341, 1017, 21.8688, 0
PixelHit 1341, 1018, 21.8653, 0
PixelHit 1341, 1019, 8.93247, 0
PixelHit 1341, 1020, 6.43545, 0
PixelHit 1342, 1003, 8.20273, 0
PixelHit 1342, 1004, 6.1286, 0
PixelHit 1342, 1005, 4.48881, 0
PixelHit 1342, 1006, 16.2833, 0
PixelHit 1342, 1007, 10.225, 0
PixelHit 1342, 1008, 16.8821, 0
PixelHit 1342, 1009, 17.0682, 0
PixelHit 1342, 1010, 20.1704, 0
PixelHit 1342, 1011, 35.2743, 0
PixelHit 1342, 1012, 39.2454, 0
PixelHit 1342, 1013, 30.2003, 0
PixelHit 1342, 1014, 17.1923, 0
PixelHit 1342, 1015, 9.43404, 0
PixelHit 1342, 1016, 7.35918, 0
PixelHit 1342, 1017, 3.5458, 0
PixelHit 1342, 1018, 0.717691, 0
PixelHit 1342, 1019, 0.81689, 0
PixelHit 1343, 1001, 0.380908, 0
PixelHit 1343, 1002, 7.99674, 0
PixelHit 1343, 1003, 9.32835, 0
PixelHit 1343, 1004, 16.7373, 0
PixelHit 1343, 1005, 21.5904, 0
PixelHit 1343, 1006, 23.9329, 0
PixelHit 1343, 1007, 31.4912, 0
PixelHit 1343, 1008, 26.3635, 0
PixelHit 1343, 1009, 21.3249, 0
PixelHit 1343, 1010, 10.6481, 0
PixelHit 1343, 1011, 14.9324, 0
PixelHit 1343, 1012, 19.0311, 0
PixelHit 1343, 1013, 11.1348, 0
PixelHit 1343, 1014, 2.32589, 0
PixelHit 1343, 1015, 1.88681, 0
PixelHit 1343, 1016, 0.848089, 0
PixelHit 1344, 1001, 2.46541, 0
PixelHit 1344, 1002, 7.13191, 0
PixelHit 1344, 1003, 16.889, 0
PixelHit 1344, 1004, 23.9189, 0
PixelHit 1344, 1005, 35.5376, 0
PixelHit 1344, 1006, 24.1073, 0
PixelHit 1344, 1007, 16.9776, 0
PixelHit 1344, 1008, 21.1174, 0
PixelHit 1344, 1009, 20.6635, 0
PixelHit 1344, 1010, 7.40958, 0
PixelHit 1344, 1011, 3.46314, 0
PixelHit 1344, 1012, 4.84316, 0
PixelHit 1344, 1013, 3.04138, 0
PixelHit 1344, 1015, 1.44946, 0
PixelHit 1345, 1001, 2.10843, 0
PixelHit 1345, 1002, 4.49834, 0
PixelHit 1345, 1003, 14.2277, 0
PixelHit 1345, 1004, 22.5489, 0
PixelHit 1345, 1005, 21.2464, 0
PixelHit 1345, 1006, 9.50206, 0
PixelHit 1345, 1007, 9.32457, 0
PixelHit 1345, 1008, 4.05825, 0
PixelHit 1345, 1009, 3.8335, 0
PixelHit 1346, 1001, 2.55026, 0
PixelHit 1346, 1002, 3.91123, 0
PixelHit 1346, 1003, 4.45964, 0
PixelHit 1346, 1004, 4.24622, 0
PixelHit 1346, 1005, 8.7414, 0
PixelHit 1346, 1006, 2.22469, 0
PixelHit 1346, 1007, 0.466583, 0
PixelHit 1346, 1008, 2.61952, 0
PixelHit 1347, 1004, 2.31571, 0
=== 16 ===
=== 17 ===
=== 18 ===
=== 19 ===
=== 20 ===
=== 21 ===
=== 22 ===
=== 23 ===
=== 24 ===
=== 25 ===
=== 26 ===
=== 27 ===
=== 28 ===
=== 29 ===
=== 30 ===
=== 31 ===
=== 32 ===
=== 33 ===
=== 34 ===
=== 35 ===
=== 36 ===
=== 37 ===
=== 38 ===
=== 39 ===
=== 40 ===
=== 41 ===
=== 42 ===
=== 43 ===
=== 44 ===
=== 45 ===
=== 46 ===
=== 47 ===
=== 48 ===
=== 49 ===
=== 50 ===
=== 51 ===
=== 52 ===
=== 53 ===
=== 54 ===
=== 55 ===
=== 56 ===
=== 57 ===
=== 58 ===
=== 59 ===
=== 60 ===
=== 61 ===
=== 62 ===
=== 63 ===
=== 64 ===
=== 65 ===
=== 66 ===
=== 67 ===
=== 68 ===
=== 69 ===
=== 70 ===
=== 71 ===
=== 72 ===
=== 73 ===
=== 74 ===
=== 75 ===
=== 76 ===
=== 77 ===
=== 78 ===
=== 79 ===
=== 80 ===
=== 81 ===
=== 82 ===
=== 83 ===
=== 84 ===
=== 85 ===
=== 86 ===
=== 87 ===
=== 88 ===
=== 89 ===
=== 90 ===
=== 91 ===
=== 92 ===
=== 93 ===
=== 94 ===
=== 95 ===
=== 96 ===
=== 97 ===
=== 98 ===
=== 99 ===
--- mydetector ---
PixelHit 1211, 880, 5.91916, 0
PixelHit 1211, 881, 15.3606, 0
PixelHit 1211, 882, 22.1019, 0
PixelHit 1211, 883, 4.82405, 0
PixelHit 1212, 877, 3.59745, 0
PixelHit 1212, 878, 10.755, 0
PixelHit 1212, 879, 15.6768, 0
PixelHit 1212, 880, 60.4706, 0
PixelHit 1212, 881, 98.0984, 0
PixelHit 1212, 882, 39.9506, 0
PixelHit 1212, 883, 3.7464, 0
PixelHit 1213, 874, 4.65785, 0
PixelHit 1213, 875, 14.5165, 0
PixelHit 1213, 876, 27.6815, 0
PixelHit 1213, 877, 52.7622, 0
PixelHit 1213, 878, 69.3863, 0
PixelHit 1213, 879, 26.3476, 0
PixelHit 1213, 880, 41.9881, 0
PixelHit 1213, 881, 17.4504, 0
PixelHit 1214, 870, 0.786458, 0
PixelHit 1214, 873, 8.02093, 0
PixelHit 1214, 874, 21.392, 0
PixelHit 1214, 875, 50.2973, 0
PixelHit 1214, 876, 52.2002, 0
PixelHit 1214, 877, 57.5064, 0
PixelHit 1214, 878, 28.7327, 0
PixelHit 1214, 879, 9.57468, 0
PixelHit 1214, 881, 0.671554, 0
PixelHit 1215, 868, 3.17385, 0
PixelHit 1215, 869, 2.70221, 0
PixelHit 1215, 870, 4.62906, 0
PixelHit 1215, 871, 13.1633, 0
PixelHit 1215, 872, 26.7594, 0
PixelHit 1215, 873, 10.8503, 0
PixelHit 1215, 874, 28.2454, 0
PixelHit 1215, 875, 33.1063, 0
PixelHit 1215, 876, 24.7337, 0
PixelHit 1215, 877, 3.93851, 0
PixelHit 1215, 878, 1.17208, 0
PixelHit 1216, 865, 3.66055, 0
PixelHit 1216, 866, 5.30462, 0
PixelHit 1216, 867, 8.07045, 0
PixelHit 1216, 868, 5.61172, 0
PixelHit 1216, 869, 11.1629, 0
PixelHit 1216, 870, 20.976, 0
PixelHit 1216, 871, 16.9556, 0
PixelHit 1216, 872, 24.2439, 0
PixelHit 1216, 873, 9.50407, 0
PixelHit 1216, 874, 4.55418, 0
PixelHit 1216, 875, 1.80215, 0
PixelHit 1216, 877, 0.0173221, 0
PixelHit 1217, 861, 2.60301, 0
PixelHit 1217, 863, 3.23654, 0
PixelHit 1217, 864, 13.8295, 0
PixelHit 1217, 865, 17.3929, 0
PixelHit 1217, 866, 26.6635, 0
PixelHit 1217, 867, 15.2413, 0
PixelHit 1217, 868, 8.78548, 0
PixelHit 1217, 869, 3.49768, 0
PixelHit 1217, 870, 16.9387, 0
PixelHit 1217, 871, 7.01598, 0
PixelHit 1217, 872, 9.88469, 0
PixelHit 1217, 873, 0.591532, 0
PixelHit 1218, 859, 3.33433, 0
PixelHit 1218, 860, 2.98258, 0
PixelHit 1218, 861, 3.88915, 0
PixelHit 1218, 862, 11.5452, 0
PixelHit 1218, 863, 13.9601, 0
PixelHit 1218, 864, 32.2878, 0
PixelHit 1218, 865, 40.7619, 0
PixelHit 1218, 866, 41.1079, 0
PixelHit 1218, 867, 31.7262, 0
PixelHit 1218, 868, 7.77634, 0
PixelHit 1218, 872, 1.03268, 0
PixelHit 1219, 856, 1.11504, 0
PixelHit 1219, 857, 4.13399, 0
PixelHit 1219, 858, 2.08627, 0
PixelHit 1219, 859, 2.83435, 0
PixelHit 1219, 860, 14.0154, 0
PixelHit 1219, 861, 26.7423, 0
PixelHit 1219, 862, 31.7334, 0
PixelHit 1219, 863, 24.7445, 0
PixelHit 1219, 864, 21.1123, 0
PixelHit 1219, 865, 37.3681, 0
PixelHit 1219, 866, 33.554, 0
PixelHit 1219, 867, 9.20265, 0
PixelHit 1220, 854, 2.14783, 0
PixelHit 1220, 855, 5.40548, 0
PixelHit 1220, 856, 4.49435, 0
PixelHit 1220, 857, 14.2235, 0
PixelHit 1220, 858, 16.3741, 0
PixelHit 1220, 859, 16.4612, 0
PixelHit 1220, 860, 17.2545, 0
PixelHit 1220, 861, 34.453, 0
PixelHit 1220, 862, 22.5924, 0
PixelHit 1220, 863, 26.2765, 0
PixelHit 1220, 864, 11.9934, 0
PixelHit 1220, 865, 9.51622, 0
PixelHit 1220, 866, 12.3443, 0
PixelHit 1221, 851, 2.87052, 0
PixelHit 1221, 852, 3.79686, 0
PixelHit 1221, 853, 5.70691, 0
PixelHit 1221, 854, 3.38889, 0
PixelHit 1221, 855, 12.3893, 0
PixelHit 1221, 856, 19.661, 0
PixelHit 1221, 857, 26.4548, 0
PixelHit 1221, 858, 18.9082, 0
PixelHit 1221, 859, 15.313, 0
PixelHit 1221, 860, 6.87716, 0
PixelHit 1221, 861, 14.4451, 0
PixelHit 1221, 862, 12.3816, 0
PixelHit 1221, 863, 11.7386, 0
PixelHit 1222, 851, 2.84242, 0
PixelHit 1222, 852, 16.495, 0
PixelHit 1222, 853, 16.3291, 0
PixelHit 1222, 854, 15.565, 0
PixelHit 1222, 855, 8.32403, 0
PixelHit 1222, 856, 19.5449, 0
PixelHit 1222, 857, 28.9935, 0
PixelHit 1222, 858, 22.1206, 0
PixelHit 1222, 859, 11.4446, 0
PixelHit 1222, 860, 5.8316, 0
PixelHit 1222, 861, 5.06774, 0
PixelHit 1222, 862, 4.16653, 0
PixelHit 1222, 863, 4.92099, 0
PixelHit 1223, 848, 1.42349, 0
PixelHit 1223, 849, 1.51458, 0
PixelHit 1223, 850, 5.10699, 0
PixelHit 1223, 851, 4.90002, 0
PixelHit 1223, 852, 16.7451, 0
PixelHit 1223, 853, 23.2816, 0
PixelHit 1223, 854, 14.5468, 0
PixelHit 1223, 855, 13.2667, 0
PixelHit 1223, 856, 19.7258, 0
PixelHit 1223, 857, 4.68952, 0
PixelHit 1223, 858, 7.48372, 0
PixelHit 1224, 849, 5.20506, 0
PixelHit 1224, 850, 3.39613, 0
PixelHit 1224, 851, 9.98874, 0
PixelHit 1224, 852, 20.6695, 0
PixelHit 1224, 853, 15.013, 0
PixelHit 1224, 854, 7.29349, 0
PixelHit 1224, 855, 6.04602, 0
PixelHit 1224, 856, 6.35028, 0
PixelHit 1224, 857, 2.22737, 0
PixelHit 1224, 858, 1.91383, 0
PixelHit 1225, 849, 4.8582, 0
PixelHit 1225, 850, 4.89322, 0
PixelHit 1225, 851, 7.04191, 0
PixelHit 1225, 852, 8.59713, 0
PixelHit 1225, 853, 7.58008, 0
PixelHit 1225, 855, 0.471493, 0
PixelHit 1225, 856, 1.46594, 0
PixelHit 1226, 851, 4.1267, 0
PixelHit 1226, 852, 2.85741, 0
PixelHit 1226, 853, 2.95113, 0
PixelHit 1339, 964, 1.82313, 0
PixelHit 1339, 965, 50.7468, 0
PixelHit 1339, 966, 11.3579, 0
PixelHit 1340, 958, 0.881794, 0
PixelHit 1340, 960, 3.73869, 0
PixelHit 1340, 961, 6.33326, 0
PixelHit 1340, 963, 10.6765, 0
PixelHit 1340, 964, 39.1912, 0
PixelHit 1340, 965, 222.06, 0
PixelHit 1340, 966, 80.8576, 0
PixelHit 1341, 955, 4.30762, 0
PixelHit 1341, 956, 3.02094, 0
PixelHit 1341, 958, 6.27311, 0
PixelHit 1341, 959, 15.1899, 0
PixelHit 1341, 960, 44.6901, 0
PixelHit 1341, 961, 64.6224, 0
PixelHit 1341, 962, 6.14928, 0
PixelHit 1341, 963, 7.46663, 0
PixelHit 1341, 964, 3.79399, 0
PixelHit 1341, 965, 1.06506, 0
PixelHit 1342, 954, 10.9415, 0
PixelHit 1342, 955, 21.2182, 0
PixelHit 1342, 956, 25.2094, 0
PixelHit 1342, 957, 23.6316, 0
PixelHit 1342, 958, 3.77183, 0
PixelHit 1342, 959, 40.1931, 0
PixelHit 1342, 960, 37.0037, 0
PixelHit 1342, 961, 25.5572, 0
PixelHit 1342, 962, 6.90771, 0
PixelHit 1343, 949, 1.9264, 0
PixelHit 1343, 950, 4.89889, 0
PixelHit 1343, 951, 1.2424, 0
PixelHit 1343, 953, 8.32666, 0
PixelHit 1343, 954, 47.0948, 0
PixelHit 1343, 955, 81.3087, 0
PixelHit 1343, 956, 88.4708, 0
PixelHit 1343, 957, 38.7484, 0
PixelHit 1343, 958, 9.83258, 0
PixelHit 1343, 959, 2.6791, 0
PixelHit 1344, 944, 0.257035, 0
PixelHit 1344, 948, 6.964, 0
PixelHit 1344, 949, 18.585, 0
PixelHit 1344, 950, 18.9583, 0
PixelHit 1344, 951, 10.5995, 0
PixelHit 1344, 952, 1.80196, 0
PixelHit 1344, 953, 8.80711, 0
PixelHit 1344, 954, 18.7897, 0
PixelHit 1344, 955, 55.1208, 0
PixelHit 1344, 956, 13.5692, 0
PixelHit 1344, 957, 7.22332, 0
PixelHit 1345, 938, 1.73022, 0
PixelHit 1345, 943, 5.15976, 0
PixelHit 1345, 944, 1.57639, 0
PixelHit 1345, 946, 5.41748, 0
PixelHit 1345, 947, 2.83111, 0
PixelHit 1345, 948, 27.7293, 0
PixelHit 1345, 949, 44.4824, 0
PixelHit 1345, 950, 59.1766, 0
PixelHit 1345, 951, 20.0513, 0
PixelHit 1345, 952, 2.95314, 0
PixelHit 1345, 953, 3.30278, 0
PixelHit 1345, 954, 4.03578, 0
PixelHit 1345, 955, 8.61293, 0
PixelHit 1345, 956, 2.69168, 0
PixelHit 1345, 957, 2.37818, 0
PixelHit 1346, 940, 1.93442, 0
PixelHit 1346, 941, 3.02738, 0
PixelHit 1346, 942, 14.4985, 0
PixelHit 1346, 943, 16.0244, 0
PixelHit 1346, 944, 19.1845, 0
PixelHit 1346, 945, 16.3609, 0
PixelHit 1346, 946, 11.9028, 0
PixelHit 1346, 947, 8.30405, 0
PixelHit 1346, 948, 25.6965, 0
PixelHit 1346, 949, 24.3575, 0
PixelHit 1346, 950, 24.9323, 0
PixelHit 1346, 951, 8.65933, 0
PixelHit 1346, 952, 1.41973, 0
PixelHit 1347, 931, -0.100066, 0
PixelHit 1347, 936, 1.88068, 0
PixelHit 1347, 937, 2.23261, 0
PixelHit 1347, 938, 2.91554, 0
PixelHit 1347, 939, 4.51456, 0
PixelHit 1347, 940, 4.56492, 0
PixelHit 1347, 941, 6.5175, 0
PixelHit 1347, 942, 25.0058, 0
PixelHit 1347, 943, 58.9034, 0
PixelHit 1347, 944, 51.7267, 0
PixelHit 1347, 945, 28.3016, 0
PixelHit 1347, 946, 22.4129, 0
PixelHit 1347, 947, 8.26427, 0
PixelHit 1347, 948, 11.4683, 0
PixelHit 1347, 949, 7.96632, 0
PixelHit 1348, 934, 3.3162, 0
PixelHit 1348, 935, 2.33047, 0
PixelHit 1348, 936, 12.7222, 0
PixelHit 1348, 937, 19.3431, 0
PixelHit 1348, 938, 17.5767, 0
PixelHit 1348, 939, 21.9653, 0
PixelHit 1348, 940, 14.498, 0
PixelHit 1348, 941, 9.99114, 0
PixelHit 1348, 942, 31.2558, 0
PixelHit 1348, 943, 38.4131, 0
PixelHit 1348, 944, 39.7156, 0
PixelHit 1348, 945, 16.1225, 0
PixelHit 1348, 946, 8.06611, 0
PixelHit 1348, 947, 2.23168, 0
PixelHit 1349, 931, 3.53194, 0
PixelHit 1349, 932, 4.98204, 0
PixelHit 1349, 933, 6.94185, 0
PixelHit 1349, 934, 17.0835, 0
PixelHit 1349, 935, 20.8411, 0
PixelHit 1349, 936, 27.8907, 0
PixelHit 1349, 937, 25.5147, 0
PixelHit 1349, 938, 29.7546, 0
PixelHit 1349, 939, 33.868, 0
PixelHit 1349, 940, 27.5598, 0
PixelHit 1349, 941, 7.58208, 0
PixelHit 1349, 942, 10.0642, 0
PixelHit 1349, 943, 9.15301, 0
PixelHit 1349, 944, 9.52522, 0
PixelHit 1349, 945, 3.26171, 0
PixelHit 1350, 929, 3.00114, 0
PixelHit 1350, 931, 6.37951, 0
PixelHit 1350, 932, 9.06902, 0
PixelHit 1350, 933, 25.6064, 0
PixelHit 1350, 934, 34.5595, 0
PixelHit 1350, 935, 41.9103, 0
PixelHit 1350, 936, 42.2961, 0
PixelHit 1350, 937, 37.3711, 0
PixelHit 1350, 938, 29.0713, 0
PixelHit 1350, 939, 14.3964, 0
PixelHit 1350, 940, 10.581, 0
PixelHit 1350, 941, 3.30278, 0
PixelHit 1350, 942, 3.26681, 0
PixelHit 1350, 943, 3.22054, 0
PixelHit 1350, 944, 2.20383, 0
PixelHit 1351, 930, 2.492, 0
PixelHit 1351, 931, 6.69725, 0
PixelHit 1351, 932, 15.722, 0
PixelHit 1351, 933, 26.4977, 0
PixelHit 1351, 934, 20.0273, 0
PixelHit 1351, 935, 22.0926, 0
PixelHit 1351, 936, 33.6886, 0
PixelHit 1351, 937, 20.6767, 0
PixelHit 1351, 938, 15.4194, 0
PixelHit 1351, 939, 12.7188, 0
PixelHit 1351, 940, 3.38188, 0
PixelHit 1352, 931, 6.03255, 0
PixelHit 1352, 932, 12.848, 0
PixelHit 1352, 933, 20.7556, 0
PixelHit 1352, 934, 16.2522, 0
PixelHit 1352, 935, 14.7445, 0
PixelHit 1352, 936, 12.8896, 0
PixelHit 1352, 937, 4.65912, 0
PixelHit 1352, 939, 2.47884, 0
PixelHit 1352, 941, 1.66271, 0
PixelHit 1353, 930, 1.95827, 0
PixelHit 1353, 931, 2.61611, 0
PixelHit 1353, 932, 1.39327, 0
PixelHit 1353, 933, 7.6038, 0
PixelHit 1353, 934, 3.31532, 0
PixelHit 1353, 935, 4.18586, 0
PixelHit 1353, 936, 2.91418, 0
PixelHit 1353, 940, 1.09296, 0
PixelHit 1354, 931, 2.13836, 0
PixelHit 1354, 933, 1.82289, 0
=== 100 ===
# 691 objects from 2 messages
