# Allpix Squared ASCII data - https://cern.ch/allpix-squared

=== 1 ===
=== 2 ===
=== 3 ===
=== 4 ===
=== 5 ===
=== 6 ===
=== 7 ===
=== 8 ===
=== 9 ===
=== 10 ===
=== 11 ===
=== 12 ===
=== 13 ===
=== 14 ===
=== 15 ===
=== 16 ===
=== 17 ===
=== 18 ===
=== 19 ===
=== 20 ===
=== 21 ===
=== 22 ===
=== 23 ===
=== 24 ===
=== 25 ===
=== 26 ===
=== 27 ===
=== 28 ===
=== 29 ===
=== 30 ===
=== 31 ===
--- mydetector ---
PixelHit 1145, 1110, 3.46251, 0
PixelHit 1145, 1111, 2.90311, 0
PixelHit 1146, 1109, 2.9831, 0
PixelHit 1146, 1110, 83.9262, 0
PixelHit 1147, 1109, 5.74259, 0
PixelHit 1147, 1110, 29.6594, 0
PixelHit 1148, 1109, 12.7367, 0
PixelHit 1148, 1110, 29.9311, 0
PixelHit 1148, 1111, 3.50399, 0
PixelHit 1149, 1108, 2.79931, 0
PixelHit 1149, 1109, 17.9283, 0
PixelHit 1149, 1110, 45.4702, 0
PixelHit 1149, 1111, 7.22317, 0
PixelHit 1150, 1108, 2.69994, 0
PixelHit 1150, 1109, 25.2532, 0
PixelHit 1150, 1110, 36.7095, 0
PixelHit 1151, 1109, 11.5089, 0
PixelHit 1151, 1110, 25.8834, 0
PixelHit 1152, 1109, 15.3226, 0
PixelHit 1152, 1110, 29.78, 0
PixelHit 1152, 1111, 2.03121, 0
PixelHit 1153, 1108, 4.40618, 0
PixelHit 1153, 1109, 24.7805, 0
PixelHit 1153, 1110, 31.7037, 0
PixelHit 1153, 1111, 4.66341, 0
PixelHit 1154, 1108, 8.62652, 0
PixelHit 1154, 1109, 56.0325, 0
PixelHit 1154, 1110, 75.9431, 0
PixelHit 1154, 1111, 18.0547, 0
PixelHit 1155, 1108, 5.17749, 0
PixelHit 1155, 1109, 48.1257, 0
PixelHit 1155, 1110, 58.1664, 0
PixelHit 1155, 1111, 7.07201, 0
PixelHit 1155, 1112, 3.94891, 0
PixelHit 1156, 1108, 3.22832, 0
PixelHit 1156, 1109, 11.9749, 0
PixelHit 1156, 1110, 30.0753, 0
PixelHit 1156, 1111, 5.82734, 0
PixelHit 1157, 1108, 4.25523, 0
PixelHit 1157, 1109, 21.8735, 0
PixelHit 1157, 1110, 13.1556, 0
PixelHit 1157, 1111, 2.52049, 0
PixelHit 1158, 1108, 4.25519, 0
PixelHit 1158, 1109, 10.9668, 0
PixelHit 1158, 1110, 15.7042, 0
PixelHit 1158, 1111, 2.70758, 0
PixelHit 1159, 1108, 6.48319, 0
PixelHit 1159, 1109, 15.5074, 0
PixelHit 1159, 1110, 11.7263, 0
PixelHit 1159, 1111, 2.03608, 0
PixelHit 1160, 1107, 2.63874, 0
PixelHit 1160, 1108, 7.83964, 0
PixelHit 1160, 1109, 13.3377, 0
PixelHit 1160, 1110, 10.3493, 0
PixelHit 1160, 1111, 2.44694, 0
PixelHit 1161, 1107, 2.33886, 0
PixelHit 1161, 1109, 4.68621, 0
PixelHit 1161, 1110, 6.09929, 0
PixelHit 1162, 1108, 4.18834, 0
PixelHit 1162, 1109, 1.60188, 0
PixelHit 1162, 1110, 1.52132, 0
PixelHit 1163, 1108, 0.937085, 0
PixelHit 1163, 1109, 4.22119, 0
PixelHit 1164, 1107, 4.32105, 0
PixelHit 1164, 1108, 7.13304, 0
PixelHit 1164, 1109, 6.96105, 0
PixelHit 1164, 1110, 3.12557, 0
PixelHit 1164, 1111, 0.521904, 0
PixelHit 1165, 1108, 5.56775, 0
PixelHit 1165, 1109, 9.14016, 0
PixelHit 1165, 1110, 5.92326, 0
PixelHit 1165, 1111, 1.54067, 0
PixelHit 1166, 1107, 1.03026, 0
PixelHit 1166, 1108, 15.2927, 0
PixelHit 1166, 1109, 15.4327, 0
PixelHit 1166, 1110, 9.34156, 0
PixelHit 1166, 1111, 6.95448, 0
PixelHit 1167, 1107, 4.21892, 0
PixelHit 1167, 1108, 20.1534, 0
PixelHit 1167, 1109, 24.9626, 0
PixelHit 1167, 1110, 17.9996, 0
PixelHit 1167, 1111, 3.13931, 0
PixelHit 1168, 1106, 3.13167, 0
PixelHit 1168, 1107, 5.02432, 0
PixelHit 1168, 1108, 11.1736, 0
PixelHit 1168, 1109, 28.6107, 0
PixelHit 1168, 1110, 22.5324, 0
PixelHit 1168, 1111, 7.97146, 0
PixelHit 1169, 1107, 8.14888, 0
PixelHit 1169, 1108, 19.5653, 0
PixelHit 1169, 1109, 18.3393, 0
PixelHit 1169, 1110, 19.2036, 0
PixelHit 1170, 1107, 5.62163, 0
PixelHit 1170, 1108, 24.4664, 0
PixelHit 1170, 1109, 11.9094, 0
PixelHit 1170, 1110, 20.6896, 0
PixelHit 1170, 1111, 1.9392, 0
PixelHit 1171, 1107, 6.40221, 0
PixelHit 1171, 1108, 15.6195, 0
PixelHit 1171, 1109, 21.9247, 0
PixelHit 1171, 1110, 14.8759, 0
PixelHit 1171, 1111, 7.51349, 0
PixelHit 1172, 1106, 4.99304, 0
PixelHit 1172, 1107, 10.0328, 0
PixelHit 1172, 1108, 13.1443, 0
PixelHit 1172, 1109, 22.9588, 0
PixelHit 1172, 1110, 18.5867, 0
PixelHit 1172, 1111, 3.54276, 0
PixelHit 1172, 1112, 1.96949, 0
PixelHit 1173, 1106, 5.29124, 0
PixelHit 1173, 1107, 7.01901, 0
PixelHit 1173, 1108, 19.5885, 0
PixelHit 1173, 1109, 24.7072, 0
PixelHit 1173, 1110, 19.1228, 0
PixelHit 1173, 1111, 3.07145, 0
PixelHit 1173, 1112, 0.0459665, 0
PixelHit 1174, 1106, 0.196741, 0
PixelHit 1174, 1107, 12.1815, 0
PixelHit 1174, 1108, 22.7628, 0
PixelHit 1174, 1109, 28.7102, 0
PixelHit 1174, 1110, 15.9571, 0
PixelHit 1174, 1111, 5.27442, 0
PixelHit 1174, 1112, -0.173623, 0
PixelHit 1175, 1107, 9.40971, 0
PixelHit 1175, 1108, 11.0238, 0
PixelHit 1175, 1109, 12.8465, 0
PixelHit 1175, 1110, 5.40284, 0
PixelHit 1175, 1111, 3.6969, 0
PixelHit 1175, 1112, 2.84727, 0
PixelHit 1176, 1108, 6.23687, 0
PixelHit 1176, 1109, 4.31095, 0
PixelHit 1176, 1111, 1.36085, 0
PixelHit 1177, 1108, 3.72412, 0
PixelHit 1177, 1109, 1.56872, 0
PixelHit 1330, 975, 26.1325, 0
PixelHit 1330, 976, 13.8736, 0
PixelHit 1331, 975, 38.7533, 0
PixelHit 1331, 976, 32.0554, 0
PixelHit 1332, 975, 21.043, 0
PixelHit 1332, 976, 14.3576, 0
PixelHit 1333, 974, 5.01195, 0
PixelHit 1333, 975, 33.6114, 0
PixelHit 1333, 976, 36.5218, 0
PixelHit 1334, 975, 34.0601, 0
PixelHit 1334, 976, 40.6745, 0
PixelHit 1334, 977, 2.72093, 0
PixelHit 1335, 974, 3.95628, 0
PixelHit 1335, 975, 56.212, 0
PixelHit 1335, 976, 38.797, 0
PixelHit 1335, 977, 2.42432, 0
PixelHit 1336, 974, 4.50643, 0
PixelHit 1336, 975, 14.948, 0
PixelHit 1336, 976, 20.2512, 0
PixelHit 1336, 977, 3.43964, 0
PixelHit 1337, 974, 7.68369, 0
PixelHit 1337, 975, 44.5331, 0
PixelHit 1337, 976, 50.5527, 0
PixelHit 1337, 977, 7.66267, 0
PixelHit 1338, 974, 8.22011, 0
PixelHit 1338, 975, 58.9064, 0
PixelHit 1338, 976, 43.5187, 0
PixelHit 1338, 977, 8.92704, 0
PixelHit 1339, 974, 8.08132, 0
PixelHit 1339, 975, 22.0569, 0
PixelHit 1339, 976, 15.2751, 0
PixelHit 1339, 977, 2.45869, 0
PixelHit 1340, 974, 5.67668, 0
PixelHit 1340, 975, 22.1929, 0
PixelHit 1340, 976, 21.2447, 0
PixelHit 1340, 977, 1.48552, 0
PixelHit 1341, 974, 9.05527, 0
PixelHit 1341, 975, 16.4459, 0
PixelHit 1341, 976, 20.3618, 0
PixelHit 1342, 974, 4.21004, 0
PixelHit 1342, 975, 8.5121, 0
PixelHit 1342, 976, 9.24231, 0
PixelHit 1343, 974, 8.03745, 0
PixelHit 1343, 975, 21.9619, 0
PixelHit 1343, 976, 22.0421, 0
PixelHit 1343, 977, 3.5491, 0
PixelHit 1344, 974, 13.4332, 0
PixelHit 1344, 975, 46.6299, 0
PixelHit 1344, 976, 35.099, 0
PixelHit 1344, 977, 5.30796, 0
PixelHit 1345, 974, 12.4701, 0
PixelHit 1345, 975, 24.3211, 0
PixelHit 1345, 976, 22.4169, 0
PixelHit 1345, 977, 2.58378, 0
PixelHit 1346, 974, 9.73895, 0
PixelHit 1346, 975, 24.5285, 0
PixelHit 1346, 976, 38.2234, 0
PixelHit 1346, 977, 12.7238, 0
PixelHit 1347, 974, 10.8783, 0
PixelHit 1347, 975, 22.1779, 0
PixelHit 1347, 976, 17.102, 0
PixelHit 1347, 977, 3.57179, 0
PixelHit 1347, 978, 1.03453, 0
PixelHit 1348, 974, 15.1855, 0
PixelHit 1348, 975, 12.8256, 0
PixelHit 1348, 976, 17.3517, 0
PixelHit 1348, 977, 8.8702, 0
PixelHit 1349, 974, 9.22228, 0
PixelHit 1349, 975, 15.8613, 0
PixelHit 1349, 976, 9.94173, 0
PixelHit 1349, 977, 4.09617, 0
PixelHit 1350, 973, 1.76581, 0
PixelHit 1350, 974, 15.674, 0
PixelHit 1350, 975, 23.601, 0
PixelHit 1350, 976, 23.2761, 0
PixelHit 1350, 977, 5.20498, 0
PixelHit 1350, 978, 1.16435, 0
PixelHit 1351, 974, 21.5019, 0
PixelHit 1351, 975, 38.8294, 0
PixelHit 1351, 976, 26.37, 0
PixelHit 1351, 977, 12.1511, 0
PixelHit 1351, 978, 4.49281, 0
PixelHit 1352, 973, 5.20989, 0
PixelHit 1352, 974, 18.1659, 0
PixelHit 1352, 975, 40.5003, 0
PixelHit 1352, 976, 31.0971, 0
PixelHit 1352, 977, 8.86855, 0
PixelHit 1352, 978, 5.59527, 0
PixelHit 1353, 974, 7.68112, 0
PixelHit 1353, 975, 16.9012, 0
PixelHit 1353, 976, 20.5614, 0
PixelHit 1353, 977, 5.18968, 0
PixelHit 1353, 978, 1.75568, 0
PixelHit 1354, 973, 3.307, 0
PixelHit 1354, 974, 3.74226, 0
PixelHit 1354, 975, 13.2531, 0
PixelHit 1354, 976, 5.55367, 0
PixelHit 1354, 977, 2.24616, 0
PixelHit 1355, 974, 8.64434, 0
PixelHit 1355, 975, 8.05841, 0
PixelHit 1355, 976, 3.65362, 0
PixelHit 1355, 977, 5.38545, 0
PixelHit 1356, 975, 5.4307, 0
PixelHit 1356, 976, 1.89888, 0
PixelHit 1356, 977, 1.95877, 0
PixelHit 1357, 974, 4.10433, 0
PixelHit 1357, 975, 3.98987, 0
PixelHit 1357, 976, 4.84974, 0
PixelHit 1357, 977, 2.68707, 0
PixelHit 1358, 973, 2.32414, 0
PixelHit 1358, 974, 1.61275, 0
PixelHit 1358, 975, 4.11983, 0
=== 32 ===
=== 33 ===
=== 34 ===
=== 35 ===
=== 36 ===
=== 37 ===
=== 38 ===
=== 39 ===
=== 40 ===
=== 41 ===
=== 42 ===
=== 43 ===
=== 44 ===
=== 45 ===
=== 46 ===
=== 47 ===
=== 48 ===
=== 49 ===
=== 50 ===
=== 51 ===
--- mydetector ---
PixelHit 1199, 956, 16.8653, 0
PixelHit 1199, 957, 2.72421, 0
PixelHit 1200, 955, 3.58767, 0
PixelHit 1200, 956, 118.724, 0
PixelHit 1200, 957, 10.5724, 0
PixelHit 1201, 956, 69.9058, 0
PixelHit 1201, 957, 6.72072, 0
PixelHit 1202, 956, 26.9996, 0
PixelHit 1202, 957, 3.23309, 0
PixelHit 1203, 956, 2.09489, 0
PixelHit 1203, 957, 0.51676, 0
PixelHit 1204, 956, 25.0553, 0
PixelHit 1204, 957, 8.47121, 0
PixelHit 1205, 955, 6.88824, 0
PixelHit 1205, 956, 38.766, 0
PixelHit 1205, 957, 15.5141, 0
PixelHit 1206, 955, -0.0287917, 0
PixelHit 1206, 956, 15.8927, 0
PixelHit 1206, 957, 9.24633, 0
PixelHit 1207, 954, 2.32444, 0
PixelHit 1207, 955, 5.70199, 0
PixelHit 1207, 956, 15.6971, 0
PixelHit 1207, 957, 11.3087, 0
PixelHit 1208, 955, 11.4926, 0
PixelHit 1208, 956, 34.678, 0
PixelHit 1208, 957, 11.6107, 0
PixelHit 1209, 955, 8.10434, 0
PixelHit 1209, 956, 27.7642, 0
PixelHit 1209, 957, 16.6308, 0
PixelHit 1209, 958, 4.11248, 0
PixelHit 1210, 954, 2.63713, 0
PixelHit 1210, 955, 7.63962, 0
PixelHit 1210, 956, 14.7814, 0
PixelHit 1210, 957, 13.746, 0
PixelHit 1210, 958, 1.76168, 0
PixelHit 1211, 955, 9.28435, 0
PixelHit 1211, 956, 30.1846, 0
PixelHit 1211, 957, 23.4588, 0
PixelHit 1211, 958, 2.68667, 0
PixelHit 1212, 954, 0.32407, 0
PixelHit 1212, 955, 11.0761, 0
PixelHit 1212, 956, 21.1152, 0
PixelHit 1212, 957, 20.2035, 0
PixelHit 1212, 958, 3.98053, 0
PixelHit 1213, 955, 11.5448, 0
PixelHit 1213, 956, 33.5049, 0
PixelHit 1213, 957, 13.111, 0
PixelHit 1213, 958, 5.11847, 0
PixelHit 1214, 954, 3.41707, 0
PixelHit 1214, 955, 16.364, 0
PixelHit 1214, 956, 28.4152, 0
PixelHit 1214, 957, 22.0456, 0
PixelHit 1214, 958, 2.61756, 0
PixelHit 1215, 954, 1.57671, 0
PixelHit 1215, 956, 12.8182, 0
PixelHit 1215, 957, 4.99213, 0
PixelHit 1215, 958, 1.64633, 0
PixelHit 1216, 954, 2.03233, 0
PixelHit 1216, 955, 5.81231, 0
PixelHit 1216, 956, 12.109, 0
PixelHit 1216, 957, 5.40037, 0
PixelHit 1216, 958, 3.18062, 0
PixelHit 1216, 959, 1.91921, 0
PixelHit 1217, 953, 0.731906, 0
PixelHit 1217, 954, 2.99584, 0
PixelHit 1217, 955, 7.33541, 0
PixelHit 1217, 956, 18.3184, 0
PixelHit 1217, 957, 12.9762, 0
PixelHit 1217, 958, 3.26107, 0
PixelHit 1217, 959, 2.87798, 0
PixelHit 1218, 955, 14.7828, 0
PixelHit 1218, 956, 34.4805, 0
PixelHit 1218, 957, 26.3224, 0
PixelHit 1218, 958, 3.84975, 0
PixelHit 1219, 954, 3.5063, 0
PixelHit 1219, 955, 16.7583, 0
PixelHit 1219, 956, 32.301, 0
PixelHit 1219, 957, 22.1658, 0
PixelHit 1219, 958, 8.54339, 0
PixelHit 1220, 954, 3.21516, 0
PixelHit 1220, 955, 14.2729, 0
PixelHit 1220, 956, 23.0613, 0
PixelHit 1220, 957, 8.39519, 0
PixelHit 1220, 958, 4.50897, 0
PixelHit 1220, 959, 2.60245, 0
PixelHit 1221, 954, 2.64099, 0
PixelHit 1221, 955, 8.61872, 0
PixelHit 1221, 956, 16.5724, 0
PixelHit 1221, 957, 5.09248, 0
PixelHit 1221, 958, 2.72049, 0
PixelHit 1222, 954, 2.29371, 0
PixelHit 1222, 955, 9.66871, 0
PixelHit 1222, 956, 8.40383, 0
PixelHit 1222, 957, 11.9003, 0
PixelHit 1222, 959, 1.32438, 0
PixelHit 1223, 956, 5.26818, 0
PixelHit 1223, 957, 8.73506, 0
PixelHit 1223, 958, 2.03227, 0
PixelHit 1223, 959, 1.9349, 0
PixelHit 1224, 955, 7.92283, 0
PixelHit 1224, 956, 5.87914, 0
PixelHit 1224, 957, 7.60901, 0
PixelHit 1224, 959, 1.09445, 0
PixelHit 1225, 955, 7.42479, 0
PixelHit 1225, 956, 9.20941, 0
PixelHit 1225, 957, 9.59942, 0
PixelHit 1225, 958, 8.46876, 0
PixelHit 1225, 960, 1.70162, 0
PixelHit 1226, 954, 3.60544, 0
PixelHit 1226, 955, 16.5525, 0
PixelHit 1226, 956, 19.8107, 0
PixelHit 1226, 957, 19.3612, 0
PixelHit 1226, 958, 9.77336, 0
PixelHit 1226, 959, 4.74859, 0
PixelHit 1227, 954, 3.86823, 0
PixelHit 1227, 955, 6.6373, 0
PixelHit 1227, 956, 12.4007, 0
PixelHit 1227, 957, 6.34403, 0
PixelHit 1227, 958, 7.47115, 0
PixelHit 1228, 955, 3.27297, 0
PixelHit 1228, 956, 5.53989, 0
PixelHit 1228, 957, 8.14302, 0
PixelHit 1228, 958, 6.38091, 0
PixelHit 1228, 960, 0.367295, 0
PixelHit 1230, 956, 2.85171, 0
PixelHit 1302, 890, 0.231184, 0
PixelHit 1302, 891, 7.44406, 0
PixelHit 1303, 890, 6.41963, 0
PixelHit 1303, 891, 563.127, 0
PixelHit 1303, 892, 31.5856, 0
PixelHit 1304, 890, 3.30555, 0
PixelHit 1304, 891, 167.981, 0
PixelHit 1304, 892, 18.9062, 0
PixelHit 1305, 891, 57.6371, 0
PixelHit 1305, 892, 11.3631, 0
PixelHit 1306, 890, 1.76045, 0
PixelHit 1306, 891, 57.3247, 0
PixelHit 1306, 892, 20.3424, 0
PixelHit 1307, 890, 6.91977, 0
PixelHit 1307, 891, 49.6395, 0
PixelHit 1307, 892, 22.9417, 0
PixelHit 1308, 890, 13.9373, 0
PixelHit 1308, 891, 55.7, 0
PixelHit 1308, 892, 29.4355, 0
PixelHit 1309, 890, 4.70372, 0
PixelHit 1309, 891, 32.4188, 0
PixelHit 1309, 892, 12.2655, 0
PixelHit 1309, 893, 1.51707, 0
PixelHit 1310, 890, 7.65518, 0
PixelHit 1310, 891, 29.3291, 0
PixelHit 1310, 892, 8.73263, 0
PixelHit 1310, 893, 3.49856, 0
PixelHit 1311, 890, 14.5159, 0
PixelHit 1311, 891, 50.5884, 0
PixelHit 1311, 892, 36.759, 0
PixelHit 1311, 893, 3.09245, 0
PixelHit 1312, 890, 3.92011, 0
PixelHit 1312, 891, 25.4044, 0
PixelHit 1312, 892, 17.7926, 0
PixelHit 1312, 893, 2.37026, 0
PixelHit 1313, 890, 3.06521, 0
PixelHit 1313, 891, 11.9698, 0
PixelHit 1313, 892, 7.40264, 0
PixelHit 1314, 889, 1.38076, 0
PixelHit 1314, 890, 8.37307, 0
PixelHit 1314, 891, 23.762, 0
PixelHit 1314, 892, 16.1943, 0
PixelHit 1314, 893, 3.71073, 0
PixelHit 1315, 889, 4.27924, 0
PixelHit 1315, 890, 10.5098, 0
PixelHit 1315, 891, 24.9424, 0
PixelHit 1315, 892, 23.089, 0
PixelHit 1315, 893, 4.85341, 0
PixelHit 1316, 890, 11.0496, 0
PixelHit 1316, 891, 32.9635, 0
PixelHit 1316, 892, 22.8336, 0
PixelHit 1316, 893, 5.24305, 0
PixelHit 1317, 888, 1.36815, 0
PixelHit 1317, 890, 5.3253, 0
PixelHit 1317, 891, 35.4707, 0
PixelHit 1317, 892, 23.6539, 0
PixelHit 1318, 890, 8.0731, 0
PixelHit 1318, 891, 22.7523, 0
PixelHit 1318, 892, 16.485, 0
PixelHit 1318, 893, 5.46392, 0
PixelHit 1319, 890, 12.1607, 0
PixelHit 1319, 891, 28.3131, 0
PixelHit 1319, 892, 18.4868, 0
PixelHit 1320, 890, 7.92037, 0
PixelHit 1320, 891, 20.2408, 0
PixelHit 1320, 892, 8.1289, 0
PixelHit 1320, 893, 4.63767, 0
PixelHit 1320, 894, 1.95057, 0
PixelHit 1321, 889, 2.84163, 0
PixelHit 1321, 890, 13.5083, 0
PixelHit 1321, 891, 17.373, 0
PixelHit 1321, 892, 32.6616, 0
PixelHit 1321, 893, 6.46095, 0
PixelHit 1322, 889, 3.97616, 0
PixelHit 1322, 890, 19.8184, 0
PixelHit 1322, 891, 30.2901, 0
PixelHit 1322, 892, 28.8052, 0
PixelHit 1322, 893, 9.07612, 0
PixelHit 1322, 894, 2.4523, 0
PixelHit 1323, 888, 0.697431, 0
PixelHit 1323, 889, 7.83424, 0
PixelHit 1323, 890, 26.892, 0
PixelHit 1323, 891, 27.8376, 0
PixelHit 1323, 892, 39.9218, 0
PixelHit 1323, 893, 10.8567, 0
PixelHit 1323, 894, 2.029, 0
PixelHit 1324, 889, 2.7706, 0
PixelHit 1324, 890, 25.4323, 0
PixelHit 1324, 891, 71.6193, 0
PixelHit 1324, 892, 32.2397, 0
PixelHit 1324, 893, 22.9873, 0
PixelHit 1324, 894, 1.90093, 0
PixelHit 1325, 889, 4.55008, 0
PixelHit 1325, 890, 28.137, 0
PixelHit 1325, 891, 62.6301, 0
PixelHit 1325, 892, 69.9522, 0
PixelHit 1325, 893, 21.9593, 0
PixelHit 1325, 894, 4.77271, 0
PixelHit 1326, 888, 0.36821, 0
PixelHit 1326, 889, 7.68525, 0
PixelHit 1326, 890, 50.6418, 0
PixelHit 1326, 891, 81.6632, 0
PixelHit 1326, 892, 57.1274, 0
PixelHit 1326, 893, 28.2685, 0
PixelHit 1326, 894, 7.65122, 0
PixelHit 1326, 895, 0.873837, 0
PixelHit 1327, 888, 1.19964, 0
PixelHit 1327, 889, 14.1481, 0
PixelHit 1327, 890, 44.5743, 0
PixelHit 1327, 891, 89.3175, 0
PixelHit 1327, 892, 82.7012, 0
PixelHit 1327, 893, 33.0226, 0
PixelHit 1327, 894, 8.59449, 0
PixelHit 1328, 889, 4.12766, 0
PixelHit 1328, 890, 41.1431, 0
PixelHit 1328, 891, 66.1915, 0
PixelHit 1328, 892, 88.5123, 0
PixelHit 1328, 893, 32.4005, 0
PixelHit 1328, 894, 16.03, 0
PixelHit 1329, 889, 5.30126, 0
PixelHit 1329, 890, 35.292, 0
PixelHit 1329, 891, 64.2946, 0
PixelHit 1329, 892, 51.9718, 0
PixelHit 1329, 893, 17.2367, 0
PixelHit 1329, 894, 6.40065, 0
PixelHit 1330, 889, 1.67563, 0
PixelHit 1330, 890, 13.889, 0
PixelHit 1330, 891, 26.59, 0
PixelHit 1330, 892, 30.6955, 0
PixelHit 1330, 893, 18.0939, 0
PixelHit 1330, 894, 1.39484, 0
PixelHit 1331, 889, 1.0305, 0
PixelHit 1331, 890, 1.65884, 0
PixelHit 1331, 891, 8.34793, 0
PixelHit 1331, 892, 8.99718, 0
PixelHit 1331, 893, 3.58081, 0
PixelHit 1332, 889, 2.3116, 0
PixelHit 1332, 890, 2.61825, 0
PixelHit 1332, 891, 1.84286, 0
PixelHit 1332, 892, 2.37227, 0
PixelHit 1333, 890, 1.24833, 0
=== 52 ===
=== 53 ===
=== 54 ===
=== 55 ===
=== 56 ===
=== 57 ===
=== 58 ===
=== 59 ===
=== 60 ===
=== 61 ===
=== 62 ===
=== 63 ===
=== 64 ===
=== 65 ===
=== 66 ===
=== 67 ===
=== 68 ===
=== 69 ===
=== 70 ===
=== 71 ===
=== 72 ===
=== 73 ===
=== 74 ===
=== 75 ===
=== 76 ===
=== 77 ===
=== 78 ===
=== 79 ===
=== 80 ===
=== 81 ===
=== 82 ===
=== 83 ===
=== 84 ===
=== 85 ===
=== 86 ===
=== 87 ===
=== 88 ===
=== 89 ===
=== 90 ===
=== 91 ===
=== 92 ===
=== 93 ===
=== 94 ===
=== 95 ===
=== 96 ===
=== 97 ===
=== 98 ===
=== 99 ===
=== 100 ===
# 512 objects from 2 messages
