# Allpix Squared ASCII data - https://cern.ch/allpix-squared

=== 1 ===
=== 2 ===
=== 3 ===
=== 4 ===
=== 5 ===
=== 6 ===
=== 7 ===
=== 8 ===
=== 9 ===
=== 10 ===
=== 11 ===
=== 12 ===
=== 13 ===
=== 14 ===
=== 15 ===
=== 16 ===
=== 17 ===
=== 18 ===
=== 19 ===
=== 20 ===
=== 21 ===
=== 22 ===
=== 23 ===
=== 24 ===
=== 25 ===
=== 26 ===
=== 27 ===
=== 28 ===
=== 29 ===
=== 30 ===
=== 31 ===
=== 32 ===
=== 33 ===
=== 34 ===
=== 35 ===
=== 36 ===
=== 37 ===
=== 38 ===
=== 39 ===
=== 40 ===
=== 41 ===
=== 42 ===
=== 43 ===
=== 44 ===
=== 45 ===
--- mydetector ---
PixelHit 1283, 971, 1.47402, 0
PixelHit 1284, 970, 5.42821, 0
PixelHit 1284, 971, 52.4268, 0
PixelHit 1284, 972, 9.25522, 0
PixelHit 1285, 970, 41.3088, 0
PixelHit 1285, 971, 45.3413, 0
PixelHit 1285, 972, 0.877223, 0
PixelHit 1286, 969, 15.0933, 0
PixelHit 1286, 970, 58.6702, 0
PixelHit 1286, 971, 18.5514, 0
PixelHit 1287, 967, 0.844351, 0
PixelHit 1287, 968, 10.5338, 0
PixelHit 1287, 969, 68.8663, 0
PixelHit 1287, 970, 45.7494, 0
PixelHit 1287, 971, 2.40006, 0
PixelHit 1288, 967, 8.82433, 0
PixelHit 1288, 968, 44.7815, 0
PixelHit 1288, 969, 68.8931, 0
PixelHit 1288, 970, 14.4712, 0
PixelHit 1289, 966, 1.99782, 0
PixelHit 1289, 967, 14.6417, 0
PixelHit 1289, 968, 73.2458, 0
PixelHit 1289, 969, 67.954, 0
PixelHit 1289, 970, 8.66958, 0
PixelHit 1290, 966, 5.67862, 0
PixelHit 1290, 967, 13.4825, 0
PixelHit 1290, 968, 25.9665, 0
PixelHit 1290, 969, 24.4325, 0
PixelHit 1291, 966, 12.1959, 0
PixelHit 1291, 967, 19.0258, 0
PixelHit 1291, 968, 9.74483, 0
PixelHit 1291, 969, 1.51902, 0
PixelHit 1291, 970, 1.43154, 0
PixelHit 1292, 965, 6.50715, 0
PixelHit 1292, 966, 17.997, 0
PixelHit 1292, 967, 19.9152, 0
PixelHit 1292, 968, 5.93235, 0
PixelHit 1292, 969, 2.35334, 0
PixelHit 1293, 963, 2.70291, 0
PixelHit 1293, 965, 18.7113, 0
PixelHit 1293, 966, 17.4674, 0
PixelHit 1293, 967, 21.8635, 0
PixelHit 1293, 968, 9.26416, 0
PixelHit 1293, 969, 2.06816, 0
PixelHit 1294, 963, 3.70378, 0
PixelHit 1294, 964, 8.20363, 0
PixelHit 1294, 965, 26.3998, 0
PixelHit 1294, 966, 20.8205, 0
PixelHit 1294, 967, 13.3697, 0
PixelHit 1294, 968, 0.988148, 0
PixelHit 1295, 962, 4.71773, 0
PixelHit 1295, 963, 4.53947, 0
PixelHit 1295, 964, 34.0508, 0
PixelHit 1295, 965, 20.094, 0
PixelHit 1295, 966, 23.8665, 0
PixelHit 1295, 967, 1.92869, 0
PixelHit 1296, 961, 0.733274, 0
PixelHit 1296, 962, 4.50638, 0
PixelHit 1296, 963, 24.0493, 0
PixelHit 1296, 964, 31.0209, 0
PixelHit 1296, 965, 23.2595, 0
PixelHit 1296, 966, 7.42119, 0
PixelHit 1296, 967, 6.0922, 0
PixelHit 1297, 961, 2.20856, 0
PixelHit 1297, 962, 16.3618, 0
PixelHit 1297, 963, 31.6974, 0
PixelHit 1297, 964, 34.7, 0
PixelHit 1297, 965, 18.3312, 0
PixelHit 1297, 966, 11.5996, 0
PixelHit 1297, 967, 2.89833, 0
PixelHit 1298, 961, 8.37769, 0
PixelHit 1298, 962, 22.3554, 0
PixelHit 1298, 963, 33.7487, 0
PixelHit 1298, 964, 36.2286, 0
PixelHit 1298, 965, 14.1342, 0
PixelHit 1298, 966, 8.51388, 0
PixelHit 1299, 960, 4.56265, 0
PixelHit 1299, 961, 17.1387, 0
PixelHit 1299, 962, 26.0519, 0
PixelHit 1299, 963, 34.9512, 0
PixelHit 1299, 964, 24.7498, 0
PixelHit 1299, 965, 9.78644, 0
PixelHit 1299, 967, 2.47602, 0
PixelHit 1300, 960, 9.35122, 0
PixelHit 1300, 961, 12.6216, 0
PixelHit 1300, 962, 16.8809, 0
PixelHit 1300, 963, 20.3479, 0
PixelHit 1300, 964, 6.06788, 0
PixelHit 1300, 965, 4.07944, 0
PixelHit 1301, 960, 2.97723, 0
PixelHit 1301, 961, 7.76321, 0
PixelHit 1301, 962, 11.6938, 0
PixelHit 1301, 963, 12.0565, 0
PixelHit 1301, 964, 4.77342, 0
PixelHit 1302, 960, 3.64792, 0
PixelHit 1302, 961, 8.03796, 0
PixelHit 1302, 962, 5.20626, 0
PixelHit 1302, 963, 3.96387, 0
PixelHit 1302, 966, 1.37142, 0
PixelHit 1303, 960, 1.76047, 0
PixelHit 1304, 963, 2.01125, 0
PixelHit 1604, 1116, 1.58357, 0
PixelHit 1604, 1117, 11.7217, 0
PixelHit 1604, 1118, 0.556519, 0
PixelHit 1605, 1115, 1.27194, 0
PixelHit 1605, 1116, 37.5975, 0
PixelHit 1605, 1117, 126.715, 0
PixelHit 1605, 1118, 6.75593, 0
PixelHit 1606, 1115, 19.7736, 0
PixelHit 1606, 1116, 82.759, 0
PixelHit 1606, 1117, 32.0608, 0
PixelHit 1607, 1113, 1.6547, 0
PixelHit 1607, 1114, 50.6054, 0
PixelHit 1607, 1115, 98.2802, 0
PixelHit 1607, 1116, 43.041, 0
PixelHit 1607, 1117, 2.03979, 0
PixelHit 1608, 1113, 18.9529, 0
PixelHit 1608, 1114, 103.992, 0
PixelHit 1608, 1115, 126.904, 0
PixelHit 1608, 1116, 22.1069, 0
PixelHit 1609, 1111, 1.16026, 0
PixelHit 1609, 1112, 18.45, 0
PixelHit 1609, 1113, 63.4076, 0
PixelHit 1609, 1114, 49.1864, 0
PixelHit 1609, 1115, 35.0808, 0
PixelHit 1609, 1116, 2.77309, 0
PixelHit 1610, 1111, 8.58136, 0
PixelHit 1610, 1112, 34.5636, 0
PixelHit 1610, 1113, 60.9745, 0
PixelHit 1610, 1114, 48.0974, 0
PixelHit 1610, 1115, 4.22934, 0
PixelHit 1610, 1116, 2.49787, 0
PixelHit 1611, 1110, 2.54501, 0
PixelHit 1611, 1111, 19.2661, 0
PixelHit 1611, 1112, 36.2445, 0
PixelHit 1611, 1113, 41.065, 0
PixelHit 1611, 1114, 10.5557, 0
PixelHit 1612, 1109, 6.33729, 0
PixelHit 1612, 1110, 8.87315, 0
PixelHit 1612, 1111, 19.5134, 0
PixelHit 1612, 1112, 25.0048, 0
PixelHit 1612, 1113, 16.9891, 0
PixelHit 1612, 1114, 1.23938, 0
PixelHit 1613, 1108, 2.75164, 0
PixelHit 1613, 1109, 5.96056, 0
PixelHit 1613, 1110, 29.6114, 0
PixelHit 1613, 1111, 34.3427, 0
PixelHit 1613, 1112, 13.9735, 0
PixelHit 1613, 1113, 4.36443, 0
PixelHit 1614, 1106, 2.25751, 0
PixelHit 1614, 1107, 0.804073, 0
PixelHit 1614, 1108, 6.84211, 0
PixelHit 1614, 1109, 16.7474, 0
PixelHit 1614, 1110, 21.9641, 0
PixelHit 1614, 1111, 21.4599, 0
PixelHit 1614, 1112, 11.5972, 0
PixelHit 1614, 1113, 0.140025, 0
PixelHit 1615, 1106, 5.06068, 0
PixelHit 1615, 1107, 9.31963, 0
PixelHit 1615, 1108, 6.69343, 0
PixelHit 1615, 1109, 14.0868, 0
PixelHit 1615, 1110, 15.4823, 0
PixelHit 1615, 1111, 3.44639, 0
PixelHit 1615, 1112, 3.07058, 0
PixelHit 1616, 1105, 4.83952, 0
PixelHit 1616, 1106, 9.16073, 0
PixelHit 1616, 1107, 16.5335, 0
PixelHit 1616, 1108, 15.6942, 0
PixelHit 1616, 1109, 16.1896, 0
PixelHit 1616, 1110, 10.3459, 0
PixelHit 1616, 1112, 1.87711, 0
PixelHit 1617, 1104, 3.01168, 0
PixelHit 1617, 1105, 4.75341, 0
PixelHit 1617, 1106, 17.3883, 0
PixelHit 1617, 1107, 35.982, 0
PixelHit 1617, 1108, 27.2124, 0
PixelHit 1617, 1109, 8.50439, 0
PixelHit 1617, 1110, 1.98249, 0
PixelHit 1618, 1104, 4.78327, 0
PixelHit 1618, 1105, 18.8905, 0
PixelHit 1618, 1106, 24.7362, 0
PixelHit 1618, 1107, 31.6628, 0
PixelHit 1618, 1108, 16.8546, 0
PixelHit 1618, 1109, 9.24985, 0
PixelHit 1618, 1110, 3.2357, 0
PixelHit 1619, 1103, 0.104942, 0
PixelHit 1619, 1105, 16.6654, 0
PixelHit 1619, 1106, 28.6361, 0
PixelHit 1619, 1107, 18.499, 0
PixelHit 1619, 1108, 16.7857, 0
PixelHit 1619, 1109, 4.41152, 0
PixelHit 1619, 1110, 3.6609, 0
PixelHit 1620, 1103, 2.13783, 0
PixelHit 1620, 1104, 5.77946, 0
PixelHit 1620, 1105, 6.3205, 0
PixelHit 1620, 1106, 7.07797, 0
PixelHit 1620, 1107, 8.54611, 0
PixelHit 1620, 1108, 5.30755, 0
PixelHit 1621, 1104, 0.469546, 0
PixelHit 1621, 1105, 2.43577, 0
PixelHit 1621, 1106, 0.628831, 0
PixelHit 1622, 1105, 1.38715, 0
PixelHit 1622, 1106, 1.87714, 0
PixelHit 1622, 1108, 1.61143, 0
=== 46 ===
=== 47 ===
=== 48 ===
=== 49 ===
=== 50 ===
=== 51 ===
=== 52 ===
=== 53 ===
=== 54 ===
=== 55 ===
=== 56 ===
=== 57 ===
=== 58 ===
=== 59 ===
=== 60 ===
=== 61 ===
=== 62 ===
=== 63 ===
=== 64 ===
--- mydetector ---
PixelHit 1262, 994, 3.59644, 0
PixelHit 1262, 995, 75.1175, 0
PixelHit 1262, 996, 0.877704, 0
PixelHit 1263, 993, 2.09549, 0
PixelHit 1263, 994, 24.0987, 0
PixelHit 1263, 995, 17.5697, 0
PixelHit 1263, 996, 0.947594, 0
PixelHit 1264, 992, 2.51692, 0
PixelHit 1264, 993, 25.533, 0
PixelHit 1264, 994, 33.4591, 0
PixelHit 1264, 995, 8.42043, 0
PixelHit 1265, 992, 2.21905, 0
PixelHit 1265, 993, 47.6841, 0
PixelHit 1265, 994, 30.2631, 0
PixelHit 1265, 995, 5.77088, 0
PixelHit 1266, 992, 8.33551, 0
PixelHit 1266, 993, 18.7342, 0
PixelHit 1266, 994, 13.2519, 0
PixelHit 1267, 990, 2.038, 0
PixelHit 1267, 991, 9.34495, 0
PixelHit 1267, 992, 3.80169, 0
PixelHit 1267, 993, 12.0808, 0
PixelHit 1267, 995, 1.84208, 0
PixelHit 1268, 990, 7.03304, 0
PixelHit 1268, 991, 23.5384, 0
PixelHit 1268, 992, 22.8906, 0
PixelHit 1268, 993, 4.73023, 0
PixelHit 1269, 988, 2.01515, 0
PixelHit 1269, 989, 3.56431, 0
PixelHit 1269, 990, 14.4498, 0
PixelHit 1269, 991, 24.827, 0
PixelHit 1269, 992, 11.5378, 0
PixelHit 1270, 987, 1.186, 0
PixelHit 1270, 988, 5.01547, 0
PixelHit 1270, 989, 10.597, 0
PixelHit 1270, 990, 24.7863, 0
PixelHit 1270, 991, 18.7617, 0
PixelHit 1270, 992, 2.12165, 0
PixelHit 1271, 987, 3.63505, 0
PixelHit 1271, 988, 11.3807, 0
PixelHit 1271, 989, 37.5362, 0
PixelHit 1271, 990, 27.601, 0
PixelHit 1271, 991, 16.3781, 0
PixelHit 1271, 992, 4.12711, 0
PixelHit 1272, 986, 1.64963, 0
PixelHit 1272, 988, 27.3462, 0
PixelHit 1272, 989, 42.033, 0
PixelHit 1272, 990, 41.4588, 0
PixelHit 1272, 991, 10.5188, 0
PixelHit 1273, 985, 0.580332, 0
PixelHit 1273, 986, 0.719098, 0
PixelHit 1273, 987, 12.6897, 0
PixelHit 1273, 988, 21.0784, 0
PixelHit 1273, 989, 21.3057, 0
PixelHit 1273, 990, 12.3267, 0
PixelHit 1273, 991, 3.69821, 0
PixelHit 1274, 986, 1.60312, 0
PixelHit 1274, 987, 14.0664, 0
PixelHit 1274, 988, 18.5621, 0
PixelHit 1274, 989, 7.97357, 0
PixelHit 1274, 990, 3.82938, 0
PixelHit 1275, 985, 4.19872, 0
PixelHit 1275, 986, 5.97824, 0
PixelHit 1275, 987, 9.59359, 0
PixelHit 1275, 988, 10.5977, 0
PixelHit 1275, 989, 3.83724, 0
PixelHit 1275, 990, 3.67574, 0
PixelHit 1276, 984, 4.07693, 0
PixelHit 1276, 985, 4.47039, 0
PixelHit 1276, 986, 12.3327, 0
PixelHit 1276, 987, 14.5867, 0
PixelHit 1276, 988, 15.0552, 0
PixelHit 1276, 989, 1.77118, 0
PixelHit 1277, 984, 6.65182, 0
PixelHit 1277, 985, 16.2274, 0
PixelHit 1277, 986, 14.1558, 0
PixelHit 1277, 987, 7.4542, 0
PixelHit 1277, 988, 6.75179, 0
PixelHit 1277, 989, 4.04877, 0
PixelHit 1278, 983, 2.91108, 0
PixelHit 1278, 984, 5.08428, 0
PixelHit 1278, 985, 15.4734, 0
PixelHit 1278, 986, 18.7943, 0
PixelHit 1278, 987, 8.27816, 0
PixelHit 1278, 988, 5.55515, 0
PixelHit 1279, 983, 2.25788, 0
PixelHit 1279, 984, 6.19159, 0
PixelHit 1279, 985, 8.2032, 0
PixelHit 1279, 986, 18.2228, 0
PixelHit 1279, 987, 3.89034, 0
PixelHit 1279, 988, 2.20824, 0
PixelHit 1279, 989, 2.53584, 0
PixelHit 1280, 983, 1.58452, 0
PixelHit 1280, 984, 6.02929, 0
PixelHit 1280, 985, 12.1548, 0
PixelHit 1280, 986, 9.19263, 0
PixelHit 1280, 987, 3.49895, 0
PixelHit 1281, 983, 3.29848, 0
PixelHit 1281, 984, 4.1063, 0
PixelHit 1281, 985, 6.50214, 0
PixelHit 1281, 986, 3.78404, 0
PixelHit 1281, 989, 0.552872, 0
PixelHit 1282, 986, 1.91875, 0
PixelHit 1282, 989, 49.6754, 0
PixelHit 1282, 990, 2.27163, 0
PixelHit 1283, 988, 7.34645, 0
PixelHit 1283, 989, 101.734, 0
PixelHit 1284, 987, 6.29588, 0
PixelHit 1284, 988, 14.3783, 0
PixelHit 1284, 989, 1.8845, 0
PixelHit 1285, 986, 3.12985, 0
PixelHit 1285, 987, 14.6287, 0
PixelHit 1285, 988, 14.2824, 0
PixelHit 1285, 989, 4.32968, 0
PixelHit 1286, 985, 2.98227, 0
PixelHit 1286, 986, 10.3765, 0
PixelHit 1286, 987, 22.7284, 0
PixelHit 1286, 988, 13.2884, 0
PixelHit 1287, 984, 3.88823, 0
PixelHit 1287, 985, 23.283, 0
PixelHit 1287, 986, 60.3777, 0
PixelHit 1287, 987, 30.7661, 0
PixelHit 1287, 988, 3.55923, 0
PixelHit 1288, 983, 1.23395, 0
PixelHit 1288, 984, 8.92292, 0
PixelHit 1288, 985, 61.8647, 0
PixelHit 1288, 986, 85.6236, 0
PixelHit 1288, 987, 33.1026, 0
PixelHit 1288, 988, 3.24851, 0
PixelHit 1289, 983, 5.33843, 0
PixelHit 1289, 984, 37.8821, 0
PixelHit 1289, 985, 83.1344, 0
PixelHit 1289, 986, 57.925, 0
PixelHit 1289, 987, 6.71895, 0
PixelHit 1290, 982, 1.37251, 0
PixelHit 1290, 983, 15.5026, 0
PixelHit 1290, 984, 52.9262, 0
PixelHit 1290, 985, 51.2144, 0
PixelHit 1290, 986, 22.0722, 0
PixelHit 1290, 987, 3.68504, 0
PixelHit 1291, 981, 2.99456, 0
PixelHit 1291, 982, 9.97625, 0
PixelHit 1291, 983, 28.0512, 0
PixelHit 1291, 984, 37.8915, 0
PixelHit 1291, 985, 38.1054, 0
PixelHit 1291, 986, 7.64774, 0
PixelHit 1291, 987, 1.64071, 0
PixelHit 1292, 981, 5.76156, 0
PixelHit 1292, 982, 14.8681, 0
PixelHit 1292, 983, 46.4179, 0
PixelHit 1292, 984, 29.4033, 0
PixelHit 1292, 985, 11.3936, 0
PixelHit 1293, 980, 7.67381, 0
PixelHit 1293, 981, 7.00568, 0
PixelHit 1293, 982, 42.2218, 0
PixelHit 1293, 983, 39.3032, 0
PixelHit 1293, 984, 32.3634, 0
PixelHit 1293, 985, 5.75006, 0
PixelHit 1293, 986, 4.8641, 0
PixelHit 1294, 980, 12.2516, 0
PixelHit 1294, 981, 27.2707, 0
PixelHit 1294, 982, 40.073, 0
PixelHit 1294, 983, 44.4374, 0
PixelHit 1294, 984, 8.45261, 0
PixelHit 1295, 978, 1.09186, 0
PixelHit 1295, 979, 6.51478, 0
PixelHit 1295, 980, 24.4225, 0
PixelHit 1295, 981, 53.4772, 0
PixelHit 1295, 982, 43.8543, 0
PixelHit 1295, 983, 27.4093, 0
PixelHit 1295, 984, 5.69578, 0
PixelHit 1296, 979, 8.06644, 0
PixelHit 1296, 980, 27.4367, 0
PixelHit 1296, 981, 67.9357, 0
PixelHit 1296, 982, 44.2492, 0
PixelHit 1296, 983, 17.7405, 0
PixelHit 1296, 984, 3.61736, 0
PixelHit 1297, 979, 16.6164, 0
PixelHit 1297, 980, 30.74, 0
PixelHit 1297, 981, 40.4541, 0
PixelHit 1297, 982, 35.6111, 0
PixelHit 1297, 983, 12.0018, 0
PixelHit 1297, 984, 0.776897, 0
PixelHit 1298, 976, 1.14849, 0
PixelHit 1298, 977, 1.07542, 0
PixelHit 1298, 978, 6.98963, 0
PixelHit 1298, 979, 12.3871, 0
PixelHit 1298, 980, 18.4256, 0
PixelHit 1298, 981, 12.0019, 0
PixelHit 1298, 982, 14.1487, 0
PixelHit 1298, 983, 6.83077, 0
PixelHit 1299, 977, 0.24785, 0
PixelHit 1299, 978, 2.97113, 0
PixelHit 1299, 979, 21.0416, 0
PixelHit 1299, 980, 13.0729, 0
PixelHit 1299, 981, 6.81781, 0
PixelHit 1299, 982, 2.44473, 0
PixelHit 1300, 977, 3.5945, 0
PixelHit 1300, 979, 8.69317, 0
PixelHit 1300, 980, 5.79851, 0
PixelHit 1300, 981, 3.61358, 0
PixelHit 1301, 979, 2.44388, 0
PixelHit 1302, 978, 1.53503, 0
PixelHit 1302, 979, 1.7144, 0
PixelHit 1302, 980, 1.88268, 0
PixelHit 1304, 980, 1.97833, 0
=== 65 ===
=== 66 ===
=== 67 ===
=== 68 ===
--- mydetector ---
PixelHit 1185, 897, 3.1872, 0
PixelHit 1186, 895, 4.73632, 0
PixelHit 1186, 896, 33.6752, 0
PixelHit 1186, 897, 6.57262, 0
PixelHit 1187, 894, 4.61821, 0
PixelHit 1187, 895, 134.012, 0
PixelHit 1187, 896, 133.218, 0
PixelHit 1187, 897, 4.12738, 0
PixelHit 1188, 894, 15.834, 0
PixelHit 1188, 895, 220.422, 0
PixelHit 1188, 896, 142.093, 0
PixelHit 1188, 897, 1.09648, 0
PixelHit 1189, 893, 1.47222, 0
PixelHit 1189, 894, 30.2912, 0
PixelHit 1189, 895, 69.6835, 0
PixelHit 1189, 896, 13.4929, 0
PixelHit 1190, 892, 3.22369, 0
PixelHit 1190, 893, 20.2438, 0
PixelHit 1190, 894, 47.393, 0
PixelHit 1190, 895, 34.7724, 0
PixelHit 1190, 896, 1.12751, 0
PixelHit 1191, 892, 15.7303, 0
PixelHit 1191, 893, 52.0796, 0
PixelHit 1191, 894, 61.4104, 0
PixelHit 1191, 895, 9.01255, 0
PixelHit 1192, 892, 16.4766, 0
PixelHit 1192, 893, 53.2575, 0
PixelHit 1192, 894, 27.7883, 0
PixelHit 1192, 895, 5.9612, 0
PixelHit 1193, 891, 9.95959, 0
PixelHit 1193, 892, 21.2013, 0
PixelHit 1193, 893, 33.1233, 0
PixelHit 1193, 894, 12.5773, 0
PixelHit 1193, 895, 1.15417, 0
PixelHit 1194, 890, 6.21699, 0
PixelHit 1194, 891, 19.4243, 0
PixelHit 1194, 892, 45.6628, 0
PixelHit 1194, 893, 30.3877, 0
PixelHit 1194, 894, 4.97536, 0
PixelHit 1195, 888, 1.36889, 0
PixelHit 1195, 889, 2.245, 0
PixelHit 1195, 890, 8.62387, 0
PixelHit 1195, 891, 36.7257, 0
PixelHit 1195, 892, 34.3208, 0
PixelHit 1195, 893, 16.9739, 0
PixelHit 1195, 894, 6.37159, 0
PixelHit 1196, 889, 4.20984, 0
PixelHit 1196, 890, 15.5016, 0
PixelHit 1196, 891, 31.3601, 0
PixelHit 1196, 892, 20.5696, 0
PixelHit 1196, 893, 9.87112, 0
PixelHit 1197, 888, 2.20739, 0
PixelHit 1197, 889, 14.3798, 0
PixelHit 1197, 890, 30.8002, 0
PixelHit 1197, 891, 16.6887, 0
PixelHit 1197, 892, 12.0624, 0
PixelHit 1197, 893, 2.08212, 0
PixelHit 1198, 887, 2.34485, 0
PixelHit 1198, 888, 10.1142, 0
PixelHit 1198, 889, 19.2882, 0
PixelHit 1198, 890, 22.2367, 0
PixelHit 1198, 891, 15.4981, 0
PixelHit 1198, 892, 5.26917, 0
PixelHit 1198, 893, 1.89624, 0
PixelHit 1199, 886, 2.19056, 0
PixelHit 1199, 887, 5.21558, 0
PixelHit 1199, 888, 14.5143, 0
PixelHit 1199, 889, 29.1129, 0
PixelHit 1199, 890, 30.7756, 0
PixelHit 1199, 891, 6.34093, 0
PixelHit 1199, 892, -0.0172987, 0
PixelHit 1200, 886, 1.49172, 0
PixelHit 1200, 887, 16.441, 0
PixelHit 1200, 888, 20.0216, 0
PixelHit 1200, 889, 38.4639, 0
PixelHit 1200, 890, 19.3918, 0
PixelHit 1200, 891, 10.5635, 0
PixelHit 1200, 892, 1.27018, 0
PixelHit 1201, 886, 5.67052, 0
PixelHit 1201, 887, 25.1855, 0
PixelHit 1201, 888, 41.6929, 0
PixelHit 1201, 889, 39.3935, 0
PixelHit 1201, 890, 17.6933, 0
PixelHit 1201, 891, 7.66115, 0
PixelHit 1202, 885, 1.95203, 0
PixelHit 1202, 886, 13.4814, 0
PixelHit 1202, 887, 23.2856, 0
PixelHit 1202, 888, 36.4639, 0
PixelHit 1202, 889, 32.5002, 0
PixelHit 1202, 890, 12.9465, 0
PixelHit 1202, 891, 2.93457, 0
PixelHit 1203, 884, 2.60921, 0
PixelHit 1203, 885, 3.86372, 0
PixelHit 1203, 886, 8.763, 0
PixelHit 1203, 887, 21.7298, 0
PixelHit 1203, 888, 30.2256, 0
PixelHit 1203, 889, 18.0137, 0
PixelHit 1203, 890, 2.29513, 0
PixelHit 1203, 891, 2.84603, 0
PixelHit 1204, 885, 4.13046, 0
PixelHit 1204, 886, 5.3499, 0
PixelHit 1204, 887, 6.19789, 0
PixelHit 1204, 888, 18.9738, 0
PixelHit 1204, 889, 7.22643, 0
PixelHit 1204, 890, 4.73615, 0
PixelHit 1205, 887, 1.7721, 0
PixelHit 1205, 888, 4.50409, 0
PixelHit 1206, 887, 3.57613, 0
PixelHit 1260, 933, 15.4798, 0
PixelHit 1260, 934, 1.67869, 0
PixelHit 1261, 932, 0.825331, 0
PixelHit 1261, 933, 218.224, 0
PixelHit 1261, 934, 0.969702, 0
PixelHit 1262, 931, 0.236484, 0
PixelHit 1262, 932, 29.0773, 0
PixelHit 1262, 933, 13.9003, 0
PixelHit 1263, 930, 0.662784, 0
PixelHit 1263, 931, 4.29578, 0
PixelHit 1263, 932, 33.6227, 0
PixelHit 1263, 933, 12.5081, 0
PixelHit 1264, 930, 1.60034, 0
PixelHit 1264, 931, 13.4418, 0
PixelHit 1264, 932, 19.1404, 0
PixelHit 1264, 933, 2.92802, 0
PixelHit 1265, 930, 9.48588, 0
PixelHit 1265, 931, 6.0911, 0
PixelHit 1265, 932, 3.98597, 0
PixelHit 1266, 929, 5.8692, 0
PixelHit 1266, 930, 25.799, 0
PixelHit 1266, 931, 15.9137, 0
PixelHit 1266, 932, 2.8166, 0
PixelHit 1267, 927, 0.550826, 0
PixelHit 1267, 928, 3.69492, 0
PixelHit 1267, 929, 29.0905, 0
PixelHit 1267, 930, 16.8657, 0
PixelHit 1267, 931, 6.26206, 0
PixelHit 1268, 926, 2.06713, 0
PixelHit 1268, 927, 1.71201, 0
PixelHit 1268, 928, 28.2243, 0
PixelHit 1268, 929, 42.458, 0
PixelHit 1268, 930, 24.5655, 0
PixelHit 1268, 931, 4.37569, 0
PixelHit 1269, 926, 1.07549, 0
PixelHit 1269, 927, 16.0782, 0
PixelHit 1269, 928, 35.14, 0
PixelHit 1269, 929, 44.1763, 0
PixelHit 1269, 930, 15.6095, 0
PixelHit 1269, 931, 2.2129, 0
PixelHit 1270, 925, 2.14021, 0
PixelHit 1270, 926, 6.39303, 0
PixelHit 1270, 927, 19.3573, 0
PixelHit 1270, 928, 38.9958, 0
PixelHit 1270, 929, 20.01, 0
PixelHit 1270, 930, 2.60163, 0
PixelHit 1271, 925, 4.02108, 0
PixelHit 1271, 926, 8.09545, 0
PixelHit 1271, 927, 28.4469, 0
PixelHit 1271, 928, 30.0929, 0
PixelHit 1271, 929, 11.0301, 0
PixelHit 1271, 930, 3.87837, 0
PixelHit 1272, 924, 2.80523, 0
PixelHit 1272, 925, 16.0502, 0
PixelHit 1272, 926, 24.4408, 0
PixelHit 1272, 927, 30.1506, 0
PixelHit 1272, 928, 22.9407, 0
PixelHit 1272, 929, 6.9045, 0
PixelHit 1273, 923, 4.64363, 0
PixelHit 1273, 924, 16.0435, 0
PixelHit 1273, 925, 37.054, 0
PixelHit 1273, 926, 54.9434, 0
PixelHit 1273, 927, 39.0983, 0
PixelHit 1273, 928, 9.26446, 0
PixelHit 1274, 922, 1.40997, 0
PixelHit 1274, 923, 6.49439, 0
PixelHit 1274, 924, 20.9158, 0
PixelHit 1274, 925, 45.7539, 0
PixelHit 1274, 926, 67.3734, 0
PixelHit 1274, 927, 35.6605, 0
PixelHit 1274, 928, 12.1764, 0
PixelHit 1275, 923, 9.27571, 0
PixelHit 1275, 924, 32.853, 0
PixelHit 1275, 925, 52.0188, 0
PixelHit 1275, 926, 39.2891, 0
PixelHit 1275, 927, 25.358, 0
PixelHit 1275, 928, 4.46399, 0
PixelHit 1275, 929, 3.47466, 0
PixelHit 1276, 922, 4.20021, 0
PixelHit 1276, 923, 9.25016, 0
PixelHit 1276, 924, 36.3068, 0
PixelHit 1276, 925, 37.5465, 0
PixelHit 1276, 926, 34.2712, 0
PixelHit 1276, 927, 8.06609, 0
PixelHit 1276, 928, 3.06351, 0
PixelHit 1277, 921, 1.84562, 0
PixelHit 1277, 922, 10.0592, 0
PixelHit 1277, 923, 11.493, 0
PixelHit 1277, 924, 29.4742, 0
PixelHit 1277, 925, 19.6786, 0
PixelHit 1277, 926, 12.9234, 0
PixelHit 1277, 927, 3.56016, 0
PixelHit 1277, 928, 1.63243, 0
PixelHit 1278, 922, 6.08973, 0
PixelHit 1278, 923, 9.95659, 0
PixelHit 1278, 924, 22.6757, 0
PixelHit 1278, 925, 8.15621, 0
PixelHit 1278, 926, 6.72154, 0
PixelHit 1279, 922, 4.08245, 0
PixelHit 1279, 923, 6.91167, 0
PixelHit 1279, 925, 5.44083, 0
PixelHit 1279, 926, 2.49941, 0
PixelHit 1280, 924, 5.02811, 0
=== 69 ===
=== 70 ===
=== 71 ===
=== 72 ===
=== 73 ===
=== 74 ===
=== 75 ===
=== 76 ===
=== 77 ===
=== 78 ===
=== 79 ===
=== 80 ===
=== 81 ===
=== 82 ===
=== 83 ===
=== 84 ===
=== 85 ===
=== 86 ===
=== 87 ===
=== 88 ===
=== 89 ===
=== 90 ===
=== 91 ===
=== 92 ===
=== 93 ===
=== 94 ===
=== 95 ===
=== 96 ===
=== 97 ===
=== 98 ===
=== 99 ===
=== 100 ===
# 621 objects from 3 messages
