# Allpix Squared ASCII data - https://cern.ch/allpix-squared

=== 1 ===
=== 2 ===
=== 3 ===
=== 4 ===
=== 5 ===
=== 6 ===
=== 7 ===
=== 8 ===
=== 9 ===
=== 10 ===
=== 11 ===
--- mydetector ---
PixelHit 1050, 1259, 1.39102, 0
PixelHit 1051, 1256, 13.7864, 0
PixelHit 1051, 1257, 16.1341, 0
PixelHit 1051, 1258, 6.04636, 0
PixelHit 1051, 1259, 115.981, 0
PixelHit 1051, 1260, 10.16, 0
PixelHit 1052, 1254, 3.87062, 0
PixelHit 1052, 1255, 5.63678, 0
PixelHit 1052, 1256, 812.824, 0
PixelHit 1052, 1257, 701.6, 0
PixelHit 1052, 1258, 9.71627, 0
PixelHit 1052, 1259, 8.62901, 0
PixelHit 1052, 1260, 3.255, 0
PixelHit 1053, 1250, 5.02123, 0
PixelHit 1053, 1251, 2.98658, 0
PixelHit 1053, 1252, 20.152, 0
PixelHit 1053, 1253, 19.0581, 0
PixelHit 1053, 1254, 28.1015, 0
PixelHit 1053, 1255, 18.8966, 0
PixelHit 1053, 1256, 483.439, 0
PixelHit 1053, 1257, 358.497, 0
PixelHit 1053, 1258, 1.57546, 0
PixelHit 1054, 1248, 2.28159, 0
PixelHit 1054, 1249, 7.91154, 0
PixelHit 1054, 1250, 34.5212, 0
PixelHit 1054, 1251, 29.7769, 0
PixelHit 1054, 1252, 40.6609, 0
PixelHit 1054, 1253, 41.1354, 0
PixelHit 1054, 1254, 10.9743, 0
PixelHit 1054, 1256, 2.98474, 0
PixelHit 1054, 1257, 3.2485, 0
PixelHit 1055, 1242, 2.8639, 0
PixelHit 1055, 1243, 4.06154, 0
PixelHit 1055, 1244, 7.58314, 0
PixelHit 1055, 1245, 4.71204, 0
PixelHit 1055, 1246, 9.82384, 0
PixelHit 1055, 1247, 10.4224, 0
PixelHit 1055, 1248, 10.0842, 0
PixelHit 1055, 1249, 17.8229, 0
PixelHit 1055, 1250, 47.7339, 0
PixelHit 1055, 1251, 13.3852, 0
PixelHit 1055, 1252, 8.24434, 0
PixelHit 1055, 1253, 3.8573, 0
PixelHit 1056, 1241, 5.01924, 0
PixelHit 1056, 1242, 11.8478, 0
PixelHit 1056, 1243, 32.0767, 0
PixelHit 1056, 1244, 72.9896, 0
PixelHit 1056, 1245, 36.1143, 0
PixelHit 1056, 1246, 23.0485, 0
PixelHit 1056, 1247, 19.253, 0
PixelHit 1056, 1248, 6.96186, 0
PixelHit 1056, 1249, 5.87859, 0
PixelHit 1056, 1250, 6.48115, 0
PixelHit 1056, 1251, 3.68562, 0
PixelHit 1057, 1239, 1.89375, 0
PixelHit 1057, 1240, 6.81176, 0
PixelHit 1057, 1241, 18.9753, 0
PixelHit 1057, 1242, 47.227, 0
PixelHit 1057, 1243, 112.563, 0
PixelHit 1057, 1244, 137.934, 0
PixelHit 1057, 1245, 83.6426, 0
PixelHit 1057, 1246, 25.3345, 0
PixelHit 1057, 1247, 2.36678, 0
PixelHit 1057, 1248, 2.61286, 0
PixelHit 1057, 1249, 2.19121, 0
PixelHit 1058, 1234, 4.08335, 0
PixelHit 1058, 1235, 6.53936, 0
PixelHit 1058, 1238, 6.29971, 0
PixelHit 1058, 1239, 6.67171, 0
PixelHit 1058, 1240, 10.7148, 0
PixelHit 1058, 1241, 38.7455, 0
PixelHit 1058, 1242, 43.6227, 0
PixelHit 1058, 1243, 56.0756, 0
PixelHit 1058, 1244, 63.9086, 0
PixelHit 1058, 1245, 38.1961, 0
PixelHit 1059, 1231, 0.483238, 0
PixelHit 1059, 1232, 4.13794, 0
PixelHit 1059, 1233, 8.60164, 0
PixelHit 1059, 1234, 14.8872, 0
PixelHit 1059, 1235, 29.7051, 0
PixelHit 1059, 1236, 35.1603, 0
PixelHit 1059, 1237, 8.97193, 0
PixelHit 1059, 1238, 9.06362, 0
PixelHit 1059, 1239, 8.01815, 0
PixelHit 1059, 1240, 16.6427, 0
PixelHit 1059, 1241, 19.4044, 0
PixelHit 1059, 1242, 9.02737, 0
PixelHit 1059, 1243, 9.08266, 0
PixelHit 1059, 1244, 4.14484, 0
PixelHit 1059, 1245, 2.80127, 0
PixelHit 1060, 1230, 6.62537, 0
PixelHit 1060, 1232, 10.9646, 0
PixelHit 1060, 1233, 9.96534, 0
PixelHit 1060, 1234, 45.0602, 0
PixelHit 1060, 1235, 65.7534, 0
PixelHit 1060, 1236, 60.1827, 0
PixelHit 1060, 1237, 20.6523, 0
PixelHit 1060, 1238, 4.21939, 0
PixelHit 1060, 1239, 3.91999, 0
PixelHit 1060, 1240, 3.69574, 0
PixelHit 1060, 1241, 1.52828, 0
PixelHit 1060, 1242, 1.0409, 0
PixelHit 1061, 1226, 2.31561, 0
PixelHit 1061, 1228, 4.23777, 0
PixelHit 1061, 1229, 4.65142, 0
PixelHit 1061, 1230, 7.90492, 0
PixelHit 1061, 1231, 13.1368, 0
PixelHit 1061, 1232, 21.6557, 0
PixelHit 1061, 1233, 21.2291, 0
PixelHit 1061, 1234, 41.2512, 0
PixelHit 1061, 1235, 60.9034, 0
PixelHit 1061, 1236, 53.4176, 0
PixelHit 1061, 1237, 19.0743, 0
PixelHit 1062, 1225, 2.84147, 0
PixelHit 1062, 1226, 4.13326, 0
PixelHit 1062, 1227, 7.07208, 0
PixelHit 1062, 1228, 16.9696, 0
PixelHit 1062, 1229, 13.187, 0
PixelHit 1062, 1230, 14.5776, 0
PixelHit 1062, 1231, 11.5952, 0
PixelHit 1062, 1232, 10.9271, 0
PixelHit 1062, 1233, 19.9748, 0
PixelHit 1062, 1234, 11.2249, 0
PixelHit 1062, 1235, 13.8382, 0
PixelHit 1062, 1236, 13.8454, 0
PixelHit 1062, 1237, 2.66038, 0
PixelHit 1063, 1217, 2.74477, 0
PixelHit 1063, 1218, 1.76129, 0
PixelHit 1063, 1219, 3.26106, 0
PixelHit 1063, 1223, 2.25677, 0
PixelHit 1063, 1224, 3.26075, 0
PixelHit 1063, 1225, 6.15522, 0
PixelHit 1063, 1226, 13.4452, 0
PixelHit 1063, 1227, 13.673, 0
PixelHit 1063, 1228, 15.2977, 0
PixelHit 1063, 1229, 16.1223, 0
PixelHit 1063, 1230, 20.615, 0
PixelHit 1063, 1231, 4.83882, 0
PixelHit 1063, 1232, 3.50232, 0
PixelHit 1063, 1233, 8.04102, 0
PixelHit 1064, 1216, 1.64074, 0
PixelHit 1064, 1218, 7.95925, 0
PixelHit 1064, 1219, 11.7989, 0
PixelHit 1064, 1220, 9.36409, 0
PixelHit 1064, 1221, 6.98297, 0
PixelHit 1064, 1222, 3.62628, 0
PixelHit 1064, 1223, 2.20256, 0
PixelHit 1064, 1224, 4.66572, 0
PixelHit 1064, 1225, 7.11526, 0
PixelHit 1064, 1226, 12.4851, 0
PixelHit 1064, 1227, 11.9258, 0
PixelHit 1064, 1228, 18.6476, 0
PixelHit 1064, 1229, 8.85452, 0
PixelHit 1064, 1230, 4.604, 0
PixelHit 1064, 1231, 3.74484, 0
PixelHit 1064, 1232, 0.18899, 0
PixelHit 1065, 1216, 12.3216, 0
PixelHit 1065, 1217, 22.3263, 0
PixelHit 1065, 1218, 52.9105, 0
PixelHit 1065, 1219, 64.687, 0
PixelHit 1065, 1220, 44.6289, 0
PixelHit 1065, 1221, 9.14258, 0
PixelHit 1065, 1222, 4.88187, 0
PixelHit 1065, 1223, 4.33226, 0
PixelHit 1065, 1225, 3.21171, 0
PixelHit 1065, 1226, 7.58642, 0
PixelHit 1065, 1227, 4.56165, 0
PixelHit 1065, 1228, 3.31584, 0
PixelHit 1065, 1229, 4.65944, 0
PixelHit 1065, 1230, 0.824732, 0
PixelHit 1066, 1215, 4.2636, 0
PixelHit 1066, 1216, 9.22792, 0
PixelHit 1066, 1217, 45.4991, 0
PixelHit 1066, 1218, 108.634, 0
PixelHit 1066, 1219, 137.07, 0
PixelHit 1066, 1220, 70.2879, 0
PixelHit 1066, 1221, 36.9422, 0
PixelHit 1066, 1222, 4.71943, 0
PixelHit 1066, 1223, 0.516565, 0
PixelHit 1066, 1225, 0.278235, 0
PixelHit 1066, 1227, 3.56846, 0
PixelHit 1067, 1213, 2.99694, 0
PixelHit 1067, 1214, 5.8051, 0
PixelHit 1067, 1215, 6.16559, 0
PixelHit 1067, 1216, 16.9555, 0
PixelHit 1067, 1217, 48.2414, 0
PixelHit 1067, 1218, 129.773, 0
PixelHit 1067, 1219, 134.733, 0
PixelHit 1067, 1220, 97.0989, 0
PixelHit 1067, 1221, 24.0175, 0
PixelHit 1067, 1222, 4.40124, 0
PixelHit 1067, 1223, 1.63371, 0
PixelHit 1067, 1224, 3.26279, 0
PixelHit 1068, 1213, 3.35785, 0
PixelHit 1068, 1214, 6.99523, 0
PixelHit 1068, 1215, 15.8524, 0
PixelHit 1068, 1216, 12.8662, 0
PixelHit 1068, 1217, 32.0581, 0
PixelHit 1068, 1218, 63.0908, 0
PixelHit 1068, 1219, 80.816, 0
PixelHit 1068, 1220, 39.4142, 0
PixelHit 1068, 1221, 13.3516, 0
PixelHit 1068, 1222, 1.77341, 0
PixelHit 1068, 1223, 2.50669, 0
PixelHit 1069, 1212, 1.65976, 0
PixelHit 1069, 1213, 4.12788, 0
PixelHit 1069, 1214, 10.1718, 0
PixelHit 1069, 1215, 21.857, 0
PixelHit 1069, 1216, 12.3886, 0
PixelHit 1069, 1217, 13.0692, 0
PixelHit 1069, 1218, 18.8674, 0
PixelHit 1069, 1219, 17.584, 0
PixelHit 1069, 1220, 13.3251, 0
PixelHit 1069, 1221, 2.28918, 0
PixelHit 1070, 1214, 4.16614, 0
PixelHit 1070, 1216, 2.53034, 0
PixelHit 1070, 1217, 1.55809, 0
PixelHit 1070, 1218, 3.63399, 0
PixelHit 1070, 1220, 2.32935, 0
PixelHit 1071, 1212, 1.01583, 0
PixelHit 1071, 1214, 2.15393, 0
PixelHit 1071, 1215, 3.38405, 0
PixelHit 1233, 1038, 4.25306, 0
PixelHit 1234, 1035, 5.30513, 0
PixelHit 1234, 1036, 38.882, 0
PixelHit 1234, 1037, 55.3229, 0
PixelHit 1234, 1038, 162.096, 0
PixelHit 1234, 1039, 13.7483, 0
PixelHit 1235, 1031, 4.05199, 0
PixelHit 1235, 1032, 16.4018, 0
PixelHit 1235, 1033, 12.2885, 0
PixelHit 1235, 1034, 73.0601, 0
PixelHit 1235, 1035, 74.2943, 0
PixelHit 1235, 1036, 157.654, 0
PixelHit 1235, 1037, 31.9519, 0
PixelHit 1235, 1038, 8.47273, 0
PixelHit 1236, 1027, 3.18181, 0
PixelHit 1236, 1028, 5.59705, 0
PixelHit 1236, 1029, 5.82794, 0
PixelHit 1236, 1030, 26.7528, 0
PixelHit 1236, 1031, 39.7813, 0
PixelHit 1236, 1032, 168.849, 0
PixelHit 1236, 1033, 100.153, 0
PixelHit 1236, 1034, 73.9675, 0
PixelHit 1236, 1035, 30.0842, 0
PixelHit 1236, 1036, 4.8542, 0
PixelHit 1237, 1024, 1.91395, 0
PixelHit 1237, 1027, 15.235, 0
PixelHit 1237, 1028, 44.9936, 0
PixelHit 1237, 1029, 48.2801, 0
PixelHit 1237, 1030, 76.8083, 0
PixelHit 1237, 1031, 75.4928, 0
PixelHit 1237, 1032, 66.0048, 0
PixelHit 1237, 1033, 31.4422, 0
PixelHit 1238, 1020, 1.55536, 0
PixelHit 1238, 1021, 1.47778, 0
PixelHit 1238, 1022, 0.559574, 0
PixelHit 1238, 1023, 2.24529, 0
PixelHit 1238, 1024, 8.226, 0
PixelHit 1238, 1025, 17.8408, 0
PixelHit 1238, 1026, 18.3227, 0
PixelHit 1238, 1027, 21.4763, 0
PixelHit 1238, 1028, 69.2734, 0
PixelHit 1238, 1029, 56.3998, 0
PixelHit 1238, 1030, 26.502, 0
PixelHit 1238, 1031, 9.60595, 0
PixelHit 1239, 1020, 6.11167, 0
PixelHit 1239, 1021, 17.3951, 0
PixelHit 1239, 1022, 17.2158, 0
PixelHit 1239, 1023, 19.3824, 0
PixelHit 1239, 1024, 14.5558, 0
PixelHit 1239, 1025, 30.8362, 0
PixelHit 1239, 1026, 14.9066, 0
PixelHit 1239, 1027, 8.97775, 0
PixelHit 1239, 1028, 6.52061, 0
PixelHit 1239, 1030, 1.72105, 0
PixelHit 1240, 1015, 3.39971, 0
PixelHit 1240, 1017, 5.0034, 0
PixelHit 1240, 1018, 4.02949, 0
PixelHit 1240, 1019, 13.1474, 0
PixelHit 1240, 1020, 21.3926, 0
PixelHit 1240, 1021, 44.0779, 0
PixelHit 1240, 1022, 54.4837, 0
PixelHit 1240, 1023, 25.0674, 0
PixelHit 1240, 1024, 13.9874, 0
PixelHit 1240, 1025, 11.6757, 0
PixelHit 1241, 1012, 2.86089, 0
PixelHit 1241, 1013, 3.91481, 0
PixelHit 1241, 1014, 2.51291, 0
PixelHit 1241, 1015, 11.343, 0
PixelHit 1241, 1016, 14.0553, 0
PixelHit 1241, 1017, 8.2515, 0
PixelHit 1241, 1018, 18.9887, 0
PixelHit 1241, 1019, 15.0483, 0
PixelHit 1241, 1020, 33.8971, 0
PixelHit 1241, 1021, 28.9622, 0
PixelHit 1241, 1022, 13.6947, 0
PixelHit 1241, 1023, 14.1838, 0
PixelHit 1241, 1024, 2.86226, 0
PixelHit 1242, 1010, 3.90671, 0
PixelHit 1242, 1011, 12.1612, 0
PixelHit 1242, 1012, 22.1013, 0
PixelHit 1242, 1013, 13.6377, 0
PixelHit 1242, 1014, 15.269, 0
PixelHit 1242, 1015, 19.972, 0
PixelHit 1242, 1016, 26.524, 0
PixelHit 1242, 1017, 13.9726, 0
PixelHit 1242, 1018, 12.2628, 0
PixelHit 1242, 1019, 12.699, 0
PixelHit 1242, 1020, 7.38195, 0
PixelHit 1242, 1021, 13.8615, 0
PixelHit 1242, 1022, 6.27015, 0
PixelHit 1242, 1023, 1.05952, 0
PixelHit 1243, 1006, 3.20985, 0
PixelHit 1243, 1007, 2.90117, 0
PixelHit 1243, 1008, 2.21641, 0
PixelHit 1243, 1009, 10.571, 0
PixelHit 1243, 1010, 34.128, 0
PixelHit 1243, 1011, 87.667, 0
PixelHit 1243, 1012, 95.5511, 0
PixelHit 1243, 1013, 50.0431, 0
PixelHit 1243, 1014, 22.416, 0
PixelHit 1243, 1015, 36.7354, 0
PixelHit 1243, 1016, 18.6142, 0
PixelHit 1243, 1017, 9.38242, 0
PixelHit 1243, 1018, 0.3717, 0
PixelHit 1243, 1019, 2.17243, 0
PixelHit 1243, 1020, 4.65325, 0
PixelHit 1244, 1004, 1.24039, 0
PixelHit 1244, 1006, 3.40386, 0
PixelHit 1244, 1007, 5.9088, 0
PixelHit 1244, 1008, 11.9625, 0
PixelHit 1244, 1009, 10.7758, 0
PixelHit 1244, 1010, 48.8667, 0
PixelHit 1244, 1011, 154.807, 0
PixelHit 1244, 1012, 145.656, 0
PixelHit 1244, 1013, 58.6829, 0
PixelHit 1244, 1014, 12.0115, 0
PixelHit 1244, 1015, 6.87204, 0
PixelHit 1244, 1016, 3.46693, 0
PixelHit 1244, 1017, 2.74971, 0
PixelHit 1244, 1018, 1.38731, 0
PixelHit 1245, 1001, 1.79538, 0
PixelHit 1245, 1004, 0.662756, 0
PixelHit 1245, 1006, 5.50254, 0
PixelHit 1245, 1007, 19.5742, 0
PixelHit 1245, 1008, 21.2526, 0
PixelHit 1245, 1009, 23.9446, 0
PixelHit 1245, 1010, 29.9435, 0
PixelHit 1245, 1011, 89.249, 0
PixelHit 1245, 1012, 76.7619, 0
PixelHit 1245, 1013, 29.3989, 0
PixelHit 1245, 1014, 5.37354, 0
PixelHit 1245, 1015, 3.97617, 0
PixelHit 1246, 996, 5.05385, 0
PixelHit 1246, 999, 4.75983, 0
PixelHit 1246, 1001, 7.92869, 0
PixelHit 1246, 1002, 12.6871, 0
PixelHit 1246, 1003, 6.20856, 0
PixelHit 1246, 1004, 6.59541, 0
PixelHit 1246, 1005, 7.18768, 0
PixelHit 1246, 1006, 21.5348, 0
PixelHit 1246, 1007, 25.082, 0
PixelHit 1246, 1008, 24.4675, 0
PixelHit 1246, 1009, 11.4476, 0
PixelHit 1246, 1010, 9.34339, 0
PixelHit 1246, 1011, 16.2192, 0
PixelHit 1246, 1012, 15.4498, 0
PixelHit 1246, 1013, 1.07848, 0
PixelHit 1246, 1014, 3.60427, 0
PixelHit 1247, 995, 4.74944, 0
PixelHit 1247, 996, 8.64452, 0
PixelHit 1247, 997, 9.13699, 0
PixelHit 1247, 998, 14.7018, 0
PixelHit 1247, 999, 12.1925, 0
PixelHit 1247, 1000, 12.6671, 0
PixelHit 1247, 1001, 12.7907, 0
PixelHit 1247, 1002, 8.24454, 0
PixelHit 1247, 1003, 11.1398, 0
PixelHit 1247, 1004, 2.73378, 0
PixelHit 1247, 1005, 10.2716, 0
PixelHit 1247, 1006, 5.5973, 0
PixelHit 1247, 1007, 14.7158, 0
PixelHit 1247, 1008, 6.54785, 0
PixelHit 1247, 1009, 4.61565, 0
PixelHit 1247, 1010, 1.40353, 0
PixelHit 1247, 1011, 0.745134, 0
PixelHit 1247, 1013, 1.67998, 0
PixelHit 1248, 993, 2.16295, 0
PixelHit 1248, 994, 9.42748, 0
PixelHit 1248, 995, 12.4366, 0
PixelHit 1248, 996, 22.4966, 0
PixelHit 1248, 997, 42.3048, 0
PixelHit 1248, 998, 23.7083, 0
PixelHit 1248, 999, 37.1924, 0
PixelHit 1248, 1000, 27.1153, 0
PixelHit 1248, 1001, 21.419, 0
PixelHit 1248, 1002, 21.5681, 0
PixelHit 1248, 1003, 9.26909, 0
PixelHit 1248, 1004, 4.32405, 0
PixelHit 1248, 1005, 7.60776, 0
PixelHit 1248, 1007, 5.09158, 0
PixelHit 1248, 1010, 0.892339, 0
PixelHit 1249, 993, 3.99509, 0
PixelHit 1249, 994, 19.0954, 0
PixelHit 1249, 995, 32.6077, 0
PixelHit 1249, 996, 48.1495, 0
PixelHit 1249, 997, 62.5576, 0
PixelHit 1249, 998, 55.8301, 0
PixelHit 1249, 999, 41.2743, 0
PixelHit 1249, 1000, 21.1584, 0
PixelHit 1249, 1001, 11.3299, 0
PixelHit 1249, 1002, 4.33419, 0
PixelHit 1249, 1003, 5.21744, 0
PixelHit 1249, 1005, 2.51095, 0
PixelHit 1249, 1006, 2.05802, 0
PixelHit 1249, 1009, 2.37344, 0
PixelHit 1250, 992, 3.45307, 0
PixelHit 1250, 993, 6.5877, 0
PixelHit 1250, 994, 10.0425, 0
PixelHit 1250, 995, 32.7055, 0
PixelHit 1250, 996, 53.6679, 0
PixelHit 1250, 997, 58.9964, 0
PixelHit 1250, 998, 44.6323, 0
PixelHit 1250, 999, 26.627, 0
PixelHit 1250, 1000, 9.92393, 0
PixelHit 1250, 1001, 7.25914, 0
PixelHit 1250, 1003, 2.07334, 0
PixelHit 1250, 1004, 1.23948, 0
PixelHit 1251, 992, 1.69573, 0
PixelHit 1251, 993, 1.81072, 0
PixelHit 1251, 994, 7.30583, 0
PixelHit 1251, 995, 16.5548, 0
PixelHit 1251, 996, 25.5776, 0
PixelHit 1251, 997, 33.1196, 0
PixelHit 1251, 998, 19.1342, 0
PixelHit 1251, 999, 10.1656, 0
PixelHit 1252, 993, 3.00371, 0
PixelHit 1252, 994, 4.49815, 0
PixelHit 1252, 995, 8.95073, 0
PixelHit 1252, 996, 12.3727, 0
PixelHit 1252, 997, 6.56088, 0
PixelHit 1252, 998, 4.86167, 0
PixelHit 1253, 993, 2.3094, 0
PixelHit 1253, 994, 0.812824, 0
=== 12 ===
=== 13 ===
=== 14 ===
=== 15 ===
=== 16 ===
=== 17 ===
=== 18 ===
=== 19 ===
=== 20 ===
=== 21 ===
=== 22 ===
=== 23 ===
=== 24 ===
=== 25 ===
=== 26 ===
=== 27 ===
=== 28 ===
=== 29 ===
=== 30 ===
=== 31 ===
=== 32 ===
=== 33 ===
=== 34 ===
--- mydetector ---
PixelHit 1137, 1136, 3.00287, 0
PixelHit 1137, 1137, 9.45921, 0
PixelHit 1137, 1138, 4.62074, 0
PixelHit 1138, 1135, 11.1681, 0
PixelHit 1138, 1136, 129.268, 0
PixelHit 1138, 1137, 364.399, 0
PixelHit 1138, 1138, 26.5014, 0
PixelHit 1139, 1128, 2.73171, 0
PixelHit 1139, 1131, 2.68839, 0
PixelHit 1139, 1132, 24.8312, 0
PixelHit 1139, 1133, 25.5763, 0
PixelHit 1139, 1134, 52.6771, 0
PixelHit 1139, 1135, 14.7813, 0
PixelHit 1139, 1136, 31.1888, 0
PixelHit 1139, 1137, 7.58884, 0
PixelHit 1139, 1138, 1.1194, 0
PixelHit 1140, 1128, 2.6439, 0
PixelHit 1140, 1129, 11.1651, 0
PixelHit 1140, 1130, 40.3486, 0
PixelHit 1140, 1131, 43.117, 0
PixelHit 1140, 1132, 83.1953, 0
PixelHit 1140, 1133, 53.0989, 0
PixelHit 1140, 1134, 11.7646, 0
PixelHit 1140, 1135, 4.9407, 0
PixelHit 1140, 1136, 0.905334, 0
PixelHit 1141, 1125, 7.12709, 0
PixelHit 1141, 1126, 18.9539, 0
PixelHit 1141, 1127, 15.0157, 0
PixelHit 1141, 1128, 34.5006, 0
PixelHit 1141, 1129, 47.8585, 0
PixelHit 1141, 1130, 78.8551, 0
PixelHit 1141, 1131, 34.7448, 0
PixelHit 1141, 1132, 12.7279, 0
PixelHit 1142, 1123, 8.99698, 0
PixelHit 1142, 1124, 15.6205, 0
PixelHit 1142, 1125, 44.2095, 0
PixelHit 1142, 1126, 76.6515, 0
PixelHit 1142, 1127, 30.6909, 0
PixelHit 1142, 1128, 29.8057, 0
PixelHit 1142, 1129, 16.3648, 0
PixelHit 1142, 1130, 8.76927, 0
PixelHit 1143, 1120, 2.85266, 0
PixelHit 1143, 1122, 11.0657, 0
PixelHit 1143, 1123, 31.8333, 0
PixelHit 1143, 1124, 40.1361, 0
PixelHit 1143, 1125, 38.1624, 0
PixelHit 1143, 1126, 75.38, 0
PixelHit 1143, 1127, 15.5129, 0
PixelHit 1143, 1128, 0.774535, 0
PixelHit 1144, 1118, 8.17254, 0
PixelHit 1144, 1119, 11.884, 0
PixelHit 1144, 1120, 22.626, 0
PixelHit 1144, 1121, 15.771, 0
PixelHit 1144, 1122, 16.0024, 0
PixelHit 1144, 1123, 23.031, 0
PixelHit 1144, 1124, 13.6974, 0
PixelHit 1144, 1125, 14.135, 0
PixelHit 1144, 1126, 1.82378, 0
PixelHit 1144, 1128, 1.38691, 0
PixelHit 1145, 1114, 4.84166, 0
PixelHit 1145, 1115, 6.22538, 0
PixelHit 1145, 1116, 3.03614, 0
PixelHit 1145, 1117, 8.0492, 0
PixelHit 1145, 1118, 18.3719, 0
PixelHit 1145, 1119, 22.5084, 0
PixelHit 1145, 1120, 22.0948, 0
PixelHit 1145, 1121, 20.9125, 0
PixelHit 1145, 1122, 10.9077, 0
PixelHit 1145, 1124, 5.02273, 0
PixelHit 1145, 1125, 3.70223, 0
PixelHit 1145, 1126, -0.00628507, 0
PixelHit 1146, 1111, 3.75884, 0
PixelHit 1146, 1112, 7.67108, 0
PixelHit 1146, 1113, 9.76747, 0
PixelHit 1146, 1114, 5.42134, 0
PixelHit 1146, 1115, 16.2521, 0
PixelHit 1146, 1116, 16.867, 0
PixelHit 1146, 1117, 19.186, 0
PixelHit 1146, 1118, 17, 0
PixelHit 1146, 1119, 17.6457, 0
PixelHit 1146, 1120, 8.1209, 0
PixelHit 1146, 1121, 5.59749, 0
PixelHit 1147, 1108, 2.2158, 0
PixelHit 1147, 1109, 1.8062, 0
PixelHit 1147, 1110, 6.38514, 0
PixelHit 1147, 1111, 7.25304, 0
PixelHit 1147, 1112, 21.8986, 0
PixelHit 1147, 1113, 25.0714, 0
PixelHit 1147, 1114, 11.0486, 0
PixelHit 1147, 1115, 16.9311, 0
PixelHit 1147, 1116, 10.3454, 0
PixelHit 1147, 1117, 1.74862, 0
PixelHit 1147, 1118, 7.00522, 0
PixelHit 1147, 1120, 2.83529, 0
PixelHit 1148, 1104, 1.86002, 0
PixelHit 1148, 1105, 9.61052, 0
PixelHit 1148, 1106, 5.25466, 0
PixelHit 1148, 1107, 8.83549, 0
PixelHit 1148, 1108, 11.1805, 0
PixelHit 1148, 1109, 4.36043, 0
PixelHit 1148, 1110, 13.0749, 0
PixelHit 1148, 1111, 19.251, 0
PixelHit 1148, 1112, 43.0552, 0
PixelHit 1148, 1113, 30.7958, 0
PixelHit 1148, 1114, 9.2321, 0
PixelHit 1148, 1115, 12.0017, 0
PixelHit 1148, 1116, 3.96082, 0
PixelHit 1148, 1117, 2.57435, 0
PixelHit 1148, 1118, 1.29576, 0
PixelHit 1149, 1099, 4.15715, 0
PixelHit 1149, 1102, 5.385, 0
PixelHit 1149, 1103, 4.48446, 0
PixelHit 1149, 1104, 11.146, 0
PixelHit 1149, 1105, 17.6096, 0
PixelHit 1149, 1106, 25.6469, 0
PixelHit 1149, 1107, 20.5492, 0
PixelHit 1149, 1108, 9.97812, 0
PixelHit 1149, 1109, 8.87366, 0
PixelHit 1149, 1110, 9.98281, 0
PixelHit 1149, 1111, 12.7605, 0
PixelHit 1149, 1112, 14.7946, 0
PixelHit 1149, 1113, 7.31695, 0
PixelHit 1149, 1114, 3.8561, 0
PixelHit 1150, 1100, 2.94423, 0
PixelHit 1150, 1101, 4.1552, 0
PixelHit 1150, 1102, 14.4644, 0
PixelHit 1150, 1103, 13.755, 0
PixelHit 1150, 1104, 27.8443, 0
PixelHit 1150, 1105, 33.0077, 0
PixelHit 1150, 1106, 42.5095, 0
PixelHit 1150, 1107, 26.6519, 0
PixelHit 1150, 1108, 18.9675, 0
PixelHit 1150, 1109, 14.4215, 0
PixelHit 1150, 1110, 3.43008, 0
PixelHit 1150, 1111, 2.74522, 0
PixelHit 1150, 1112, 2.40696, 0
PixelHit 1151, 1096, 3.48363, 0
PixelHit 1151, 1097, 6.90675, 0
PixelHit 1151, 1098, 6.25455, 0
PixelHit 1151, 1099, 4.30261, 0
PixelHit 1151, 1100, 8.81896, 0
PixelHit 1151, 1101, 10.7041, 0
PixelHit 1151, 1102, 17.4131, 0
PixelHit 1151, 1103, 30.2108, 0
PixelHit 1151, 1104, 31.9861, 0
PixelHit 1151, 1105, 37.0579, 0
PixelHit 1151, 1106, 22.5272, 0
PixelHit 1151, 1107, 12.3893, 0
PixelHit 1151, 1108, 5.76352, 0
PixelHit 1151, 1109, 0.485956, 0
PixelHit 1152, 1091, 1.82315, 0
PixelHit 1152, 1093, 1.59322, 0
PixelHit 1152, 1094, 4.17591, 0
PixelHit 1152, 1096, 5.12651, 0
PixelHit 1152, 1097, 16.4516, 0
PixelHit 1152, 1098, 19.6535, 0
PixelHit 1152, 1099, 26.7769, 0
PixelHit 1152, 1100, 19.2433, 0
PixelHit 1152, 1101, 24.1921, 0
PixelHit 1152, 1102, 21.1384, 0
PixelHit 1152, 1103, 25.7159, 0
PixelHit 1152, 1104, 16.5256, 0
PixelHit 1152, 1105, 28.3522, 0
PixelHit 1152, 1106, 7.02451, 0
PixelHit 1153, 1090, 1.31371, 0
PixelHit 1153, 1092, 5.80817, 0
PixelHit 1153, 1093, 6.43505, 0
PixelHit 1153, 1094, 3.27466, 0
PixelHit 1153, 1095, 9.65102, 0
PixelHit 1153, 1096, 16.887, 0
PixelHit 1153, 1097, 30.8189, 0
PixelHit 1153, 1098, 31.8462, 0
PixelHit 1153, 1099, 41.7002, 0
PixelHit 1153, 1100, 22.5155, 0
PixelHit 1153, 1101, 16.7083, 0
PixelHit 1153, 1102, 5.81261, 0
PixelHit 1153, 1103, 5.23202, 0
PixelHit 1153, 1104, 5.39792, 0
PixelHit 1153, 1105, 3.83301, 0
PixelHit 1154, 1091, 10.9445, 0
PixelHit 1154, 1092, 6.9798, 0
PixelHit 1154, 1093, 13.9897, 0
PixelHit 1154, 1094, 12.7094, 0
PixelHit 1154, 1095, 19.4649, 0
PixelHit 1154, 1096, 18.1483, 0
PixelHit 1154, 1097, 20.6741, 0
PixelHit 1154, 1098, 20.7309, 0
PixelHit 1154, 1099, 22.7364, 0
PixelHit 1154, 1100, 20.8455, 0
PixelHit 1154, 1101, 3.42187, 0
PixelHit 1154, 1102, 1.45883, 0
PixelHit 1154, 1104, 5.17776, 0
PixelHit 1155, 1089, 2.04848, 0
PixelHit 1155, 1090, 9.94253, 0
PixelHit 1155, 1091, 11.9041, 0
PixelHit 1155, 1092, 27.8959, 0
PixelHit 1155, 1093, 21.5197, 0
PixelHit 1155, 1094, 18.3313, 0
PixelHit 1155, 1095, 15.797, 0
PixelHit 1155, 1096, 14.7178, 0
PixelHit 1155, 1097, 11.805, 0
PixelHit 1155, 1098, 10.2795, 0
PixelHit 1155, 1099, 4.96417, 0
PixelHit 1155, 1100, 2.77949, 0
PixelHit 1155, 1102, 0.823749, 0
PixelHit 1156, 1088, 1.53853, 0
PixelHit 1156, 1089, 2.23442, 0
PixelHit 1156, 1090, 8.34402, 0
PixelHit 1156, 1091, 15.8475, 0
PixelHit 1156, 1092, 18.911, 0
PixelHit 1156, 1093, 24.721, 0
PixelHit 1156, 1094, 11.0635, 0
PixelHit 1156, 1095, 5.67375, 0
PixelHit 1156, 1096, 4.01465, 0
PixelHit 1156, 1097, 3.6817, 0
PixelHit 1156, 1098, 2.96117, 0
PixelHit 1156, 1099, 1.93014, 0
PixelHit 1157, 1090, 1.68323, 0
PixelHit 1157, 1091, 2.96723, 0
PixelHit 1157, 1092, 17.6993, 0
PixelHit 1157, 1093, 12.3491, 0
PixelHit 1157, 1094, 4.54974, 0
PixelHit 1157, 1095, 4.84837, 0
PixelHit 1157, 1097, 2.80627, 0
PixelHit 1158, 1092, 3.87575, 0
PixelHit 1158, 1093, 3.61126, 0
PixelHit 1159, 1092, 2.21796, 0
PixelHit 1441, 746, 1.97586, 0
PixelHit 1441, 747, 18.4969, 0
PixelHit 1441, 748, 76.5452, 0
PixelHit 1441, 749, 1.25728, 0
PixelHit 1442, 740, 1.3149, 0
PixelHit 1442, 741, 2.07707, 0
PixelHit 1442, 742, 3.92433, 0
PixelHit 1442, 743, 6.83443, 0
PixelHit 1442, 744, 22.9237, 0
PixelHit 1442, 745, 25.016, 0
PixelHit 1442, 746, 6.9313, 0
PixelHit 1442, 747, 4.99522, 0
PixelHit 1442, 748, 4.05104, 0
PixelHit 1443, 738, 2.7474, 0
PixelHit 1443, 739, 6.90042, 0
PixelHit 1443, 740, 16.6989, 0
PixelHit 1443, 741, 6.04226, 0
PixelHit 1443, 742, 18.7369, 0
PixelHit 1443, 743, 19.0828, 0
PixelHit 1443, 744, 17.0862, 0
PixelHit 1443, 745, 4.16095, 0
PixelHit 1444, 734, 6.05243, 0
PixelHit 1444, 735, 1.20933, 0
PixelHit 1444, 736, 6.40074, 0
PixelHit 1444, 737, 12.1988, 0
PixelHit 1444, 738, 5.32673, 0
PixelHit 1444, 739, 18.9654, 0
PixelHit 1444, 740, 27.914, 0
PixelHit 1444, 741, 6.25569, 0
PixelHit 1444, 742, 7.60623, 0
PixelHit 1445, 727, 1.53935, 0
PixelHit 1445, 730, 2.34847, 0
PixelHit 1445, 731, 2.05085, 0
PixelHit 1445, 732, 3.94709, 0
PixelHit 1445, 733, 8.48148, 0
PixelHit 1445, 734, 24.5035, 0
PixelHit 1445, 735, 44.7201, 0
PixelHit 1445, 736, 25.7304, 0
PixelHit 1445, 737, 24.1141, 0
PixelHit 1445, 738, 8.54428, 0
PixelHit 1445, 739, 2.21475, 0
PixelHit 1445, 740, 7.56463, 0
PixelHit 1445, 741, 1.02918, 0
PixelHit 1446, 726, 1.59716, 0
PixelHit 1446, 727, 5.04904, 0
PixelHit 1446, 728, 16.5422, 0
PixelHit 1446, 729, 14.0761, 0
PixelHit 1446, 730, 15.3774, 0
PixelHit 1446, 731, 6.66711, 0
PixelHit 1446, 732, 14.4183, 0
PixelHit 1446, 733, 22.9216, 0
PixelHit 1446, 734, 40.3578, 0
PixelHit 1446, 735, 42.6623, 0
PixelHit 1446, 736, 25.9895, 0
PixelHit 1446, 737, 9.04172, 0
PixelHit 1446, 739, 1.98101, 0
PixelHit 1447, 722, 1.47606, 0
PixelHit 1447, 723, 6.20601, 0
PixelHit 1447, 724, 8.64375, 0
PixelHit 1447, 725, 4.90336, 0
PixelHit 1447, 726, 10.5411, 0
PixelHit 1447, 727, 19.2804, 0
PixelHit 1447, 728, 77.7522, 0
PixelHit 1447, 729, 55.5355, 0
PixelHit 1447, 730, 29.1462, 0
PixelHit 1447, 731, 35.5801, 0
PixelHit 1447, 732, 8.65723, 0
PixelHit 1447, 733, 15.4499, 0
PixelHit 1447, 734, 14.0048, 0
PixelHit 1447, 735, 12.7103, 0
PixelHit 1447, 736, 2.67162, 0
PixelHit 1448, 721, 1.80813, 0
PixelHit 1448, 722, 18.3107, 0
PixelHit 1448, 723, 72.92, 0
PixelHit 1448, 724, 90.6519, 0
PixelHit 1448, 725, 53.4138, 0
PixelHit 1448, 726, 28.0221, 0
PixelHit 1448, 727, 58.5, 0
PixelHit 1448, 728, 108.285, 0
PixelHit 1448, 729, 92.4546, 0
PixelHit 1448, 730, 43.5492, 0
PixelHit 1448, 731, 10.1009, 0
PixelHit 1448, 732, 2.67021, 0
PixelHit 1448, 733, 1.23587, 0
PixelHit 1449, 720, 5.48063, 0
PixelHit 1449, 721, 13.9625, 0
PixelHit 1449, 722, 82.5062, 0
PixelHit 1449, 723, 245.218, 0
PixelHit 1449, 724, 324.106, 0
PixelHit 1449, 725, 116.78, 0
PixelHit 1449, 726, 37.6547, 0
PixelHit 1449, 727, 50.5168, 0
PixelHit 1449, 728, 58.6668, 0
PixelHit 1449, 729, 43.1966, 0
PixelHit 1449, 730, 15.4496, 0
PixelHit 1449, 731, 2.13693, 0
PixelHit 1450, 714, 1.84904, 0
PixelHit 1450, 715, 3.68019, 0
PixelHit 1450, 716, 4.91177, 0
PixelHit 1450, 717, 5.77649, 0
PixelHit 1450, 718, 2.66269, 0
PixelHit 1450, 719, 8.23478, 0
PixelHit 1450, 720, 17.5856, 0
PixelHit 1450, 721, 25.9914, 0
PixelHit 1450, 722, 85.5224, 0
PixelHit 1450, 723, 301.136, 0
PixelHit 1450, 724, 319.712, 0
PixelHit 1450, 725, 135.619, 0
PixelHit 1450, 726, 27.3913, 0
PixelHit 1450, 727, 10.8437, 0
PixelHit 1450, 728, 8.58501, 0
PixelHit 1450, 729, 7.40285, 0
PixelHit 1450, 731, 1.37602, 0
PixelHit 1450, 732, 2.49303, 0
PixelHit 1451, 710, 2.67274, 0
PixelHit 1451, 712, 2.73588, 0
PixelHit 1451, 713, 6.966, 0
PixelHit 1451, 714, 11.1001, 0
PixelHit 1451, 715, 14.2724, 0
PixelHit 1451, 716, 15.5152, 0
PixelHit 1451, 717, 9.53864, 0
PixelHit 1451, 718, 18.3076, 0
PixelHit 1451, 719, 21.6333, 0
PixelHit 1451, 720, 24.5169, 0
PixelHit 1451, 721, 27.4791, 0
PixelHit 1451, 722, 38.3784, 0
PixelHit 1451, 723, 78.9241, 0
PixelHit 1451, 724, 155.385, 0
PixelHit 1451, 725, 65.5569, 0
PixelHit 1451, 726, 3.19843, 0
PixelHit 1452, 708, 2.18434, 0
PixelHit 1452, 711, 2.5273, 0
PixelHit 1452, 712, 12.1487, 0
PixelHit 1452, 713, 11.7872, 0
PixelHit 1452, 714, 30.3189, 0
PixelHit 1452, 715, 43.1503, 0
PixelHit 1452, 716, 23.4906, 0
PixelHit 1452, 717, 13.0261, 0
PixelHit 1452, 718, 17.3683, 0
PixelHit 1452, 719, 8.62554, 0
PixelHit 1452, 720, 15.8291, 0
PixelHit 1452, 721, 5.59104, 0
PixelHit 1452, 722, 6.75815, 0
PixelHit 1452, 723, 13.7469, 0
PixelHit 1452, 724, 12.6792, 0
PixelHit 1452, 725, 9.34912, 0
PixelHit 1452, 726, 0.646009, 0
PixelHit 1453, 706, 1.03381, 0
PixelHit 1453, 707, 1.18146, 0
PixelHit 1453, 709, 4.89865, 0
PixelHit 1453, 710, 8.95424, 0
PixelHit 1453, 711, 19.45, 0
PixelHit 1453, 712, 20.5979, 0
PixelHit 1453, 713, 37.4036, 0
PixelHit 1453, 714, 45.4114, 0
PixelHit 1453, 715, 37.7801, 0
PixelHit 1453, 716, 27.977, 0
PixelHit 1453, 717, 15.8214, 0
PixelHit 1453, 718, 6.67041, 0
PixelHit 1453, 719, 8.7198, 0
PixelHit 1453, 720, 2.17391, 0
PixelHit 1453, 721, 4.07124, 0
PixelHit 1453, 722, 1.09312, 0
PixelHit 1454, 703, 2.85307, 0
PixelHit 1454, 705, 2.17478, 0
PixelHit 1454, 706, 3.51659, 0
PixelHit 1454, 707, 5.14464, 0
PixelHit 1454, 709, 9.94836, 0
PixelHit 1454, 710, 9.97567, 0
PixelHit 1454, 711, 19.6263, 0
PixelHit 1454, 712, 27.8648, 0
PixelHit 1454, 713, 21.6291, 0
PixelHit 1454, 714, 20.2307, 0
PixelHit 1454, 715, 20.8426, 0
PixelHit 1454, 716, 10.8527, 0
PixelHit 1454, 717, 3.84173, 0
PixelHit 1454, 718, 1.35849, 0
PixelHit 1455, 704, 6.02715, 0
PixelHit 1455, 705, 6.63413, 0
PixelHit 1455, 706, 9.91116, 0
PixelHit 1455, 707, 7.48967, 0
PixelHit 1455, 708, 7.82704, 0
PixelHit 1455, 709, 10.6666, 0
PixelHit 1455, 710, 14.3867, 0
PixelHit 1455, 711, 7.89932, 0
PixelHit 1455, 712, 6.44964, 0
PixelHit 1455, 713, 9.40794, 0
PixelHit 1455, 715, 3.11945, 0
PixelHit 1455, 716, 3.34496, 0
PixelHit 1456, 704, 9.66284, 0
PixelHit 1456, 705, 21.416, 0
PixelHit 1456, 706, 10.6853, 0
PixelHit 1456, 707, 3.84747, 0
PixelHit 1456, 708, 5.54291, 0
PixelHit 1456, 709, 11.7131, 0
PixelHit 1456, 710, 5.2013, 0
PixelHit 1456, 712, 3.64637, 0
PixelHit 1456, 713, 1.14356, 0
PixelHit 1456, 714, 2.89228, 0
PixelHit 1457, 703, 2.49872, 0
PixelHit 1457, 704, 8.2508, 0
PixelHit 1457, 705, 5.5226, 0
PixelHit 1457, 706, 7.15791, 0
PixelHit 1457, 707, 4.20897, 0
PixelHit 1457, 708, 5.44945, 0
PixelHit 1458, 705, 3.17723, 0
PixelHit 1458, 706, 5.4294, 0
PixelHit 1459, 705, 2.43113, 0
PixelHit 1459, 706, 1.07882, 0
=== 35 ===
=== 36 ===
=== 37 ===
=== 38 ===
--- mydetector ---
PixelHit 1304, 995, 1.70117, 0
PixelHit 1304, 996, 19.2707, 0
PixelHit 1304, 997, 10.2989, 0
PixelHit 1305, 992, 11.2138, 0
PixelHit 1305, 993, 11.1302, 0
PixelHit 1305, 994, 15.8003, 0
PixelHit 1305, 995, 94.2973, 0
PixelHit 1305, 996, 70.5068, 0
PixelHit 1305, 997, 12.1148, 0
PixelHit 1306, 989, 5.57338, 0
PixelHit 1306, 990, 3.34437, 0
PixelHit 1306, 991, 11.2266, 0
PixelHit 1306, 992, 61.2619, 0
PixelHit 1306, 993, 33.4982, 0
PixelHit 1306, 994, 5.48372, 0
PixelHit 1306, 995, 1.71168, 0
PixelHit 1307, 984, 6.61223, 0
PixelHit 1307, 985, 8.96414, 0
PixelHit 1307, 986, 12.9017, 0
PixelHit 1307, 987, 21.0163, 0
PixelHit 1307, 988, 11.5341, 0
PixelHit 1307, 989, 9.07717, 0
PixelHit 1307, 990, 2.59597, 0
PixelHit 1307, 991, 7.97802, 0
PixelHit 1307, 992, 13.0369, 0
PixelHit 1308, 978, 2.88139, 0
PixelHit 1308, 979, 1.08899, 0
PixelHit 1308, 980, 2.8129, 0
PixelHit 1308, 982, 3.98607, 0
PixelHit 1308, 983, 13.7537, 0
PixelHit 1308, 984, 35.5746, 0
PixelHit 1308, 985, 51.1694, 0
PixelHit 1308, 986, 36.4256, 0
PixelHit 1308, 987, 70.3516, 0
PixelHit 1308, 988, 19.5264, 0
PixelHit 1308, 989, 4.03629, 0
PixelHit 1308, 990, 2.94885, 0
PixelHit 1309, 972, 1.30889, 0
PixelHit 1309, 977, 3.36949, 0
PixelHit 1309, 979, 9.88551, 0
PixelHit 1309, 980, 23.9167, 0
PixelHit 1309, 981, 17.1202, 0
PixelHit 1309, 982, 24.673, 0
PixelHit 1309, 983, 37.3321, 0
PixelHit 1309, 984, 63.9365, 0
PixelHit 1309, 985, 62.372, 0
PixelHit 1309, 986, 23.3646, 0
PixelHit 1309, 987, 16.6059, 0
PixelHit 1310, 972, 1.3583, 0
PixelHit 1310, 973, 1.77739, 0
PixelHit 1310, 975, 4.65044, 0
PixelHit 1310, 976, 7.99423, 0
PixelHit 1310, 977, 14.8869, 0
PixelHit 1310, 978, 18.6933, 0
PixelHit 1310, 979, 26.084, 0
PixelHit 1310, 980, 65.6657, 0
PixelHit 1310, 981, 69.5177, 0
PixelHit 1310, 982, 28.1179, 0
PixelHit 1310, 983, 26.7608, 0
PixelHit 1310, 984, 31.0154, 0
PixelHit 1310, 985, 11.8533, 0
PixelHit 1310, 986, 0.712015, 0
PixelHit 1311, 971, 2.37506, 0
PixelHit 1311, 972, 6.50475, 0
PixelHit 1311, 973, 6.88906, 0
PixelHit 1311, 974, 13.7415, 0
PixelHit 1311, 975, 15.6444, 0
PixelHit 1311, 976, 35.5946, 0
PixelHit 1311, 977, 37.5588, 0
PixelHit 1311, 978, 47.1768, 0
PixelHit 1311, 979, 43.1647, 0
PixelHit 1311, 980, 60.4773, 0
PixelHit 1311, 981, 39.0237, 0
PixelHit 1311, 982, 11.9967, 0
PixelHit 1311, 983, 2.62531, 0
PixelHit 1312, 969, 4.93883, 0
PixelHit 1312, 970, 6.22981, 0
PixelHit 1312, 971, 14.5302, 0
PixelHit 1312, 972, 37.1416, 0
PixelHit 1312, 973, 35.5478, 0
PixelHit 1312, 974, 37.7659, 0
PixelHit 1312, 975, 47.4691, 0
PixelHit 1312, 976, 39.93, 0
PixelHit 1312, 977, 36.2751, 0
PixelHit 1312, 978, 25.8459, 0
PixelHit 1312, 979, 21.7353, 0
PixelHit 1312, 980, 8.73821, 0
PixelHit 1312, 981, 4.86535, 0
PixelHit 1312, 982, 1.92372, 0
PixelHit 1313, 965, 2.07727, 0
PixelHit 1313, 966, 0.712786, 0
PixelHit 1313, 967, 1.62658, 0
PixelHit 1313, 968, 5.07966, 0
PixelHit 1313, 969, 6.62306, 0
PixelHit 1313, 970, 20.1469, 0
PixelHit 1313, 971, 43.2462, 0
PixelHit 1313, 972, 80.2411, 0
PixelHit 1313, 973, 58.7403, 0
PixelHit 1313, 974, 37.3702, 0
PixelHit 1313, 975, 29.8505, 0
PixelHit 1313, 976, 9.50665, 0
PixelHit 1313, 977, 14.0962, 0
PixelHit 1313, 978, 2.98835, 0
PixelHit 1313, 979, 0.311649, 0
PixelHit 1313, 981, 3.26758, 0
PixelHit 1314, 962, 1.98944, 0
PixelHit 1314, 963, -0.910332, 0
PixelHit 1314, 964, 0.0983963, 0
PixelHit 1314, 965, 3.19803, 0
PixelHit 1314, 966, 13.076, 0
PixelHit 1314, 967, 6.70094, 0
PixelHit 1314, 968, 13.263, 0
PixelHit 1314, 969, 13.6662, 0
PixelHit 1314, 970, 27.1481, 0
PixelHit 1314, 971, 29.8608, 0
PixelHit 1314, 972, 46.4323, 0
PixelHit 1314, 973, 42.8637, 0
PixelHit 1314, 974, 16.8407, 0
PixelHit 1314, 975, 7.00603, 0
PixelHit 1314, 976, 4.93341, 0
PixelHit 1315, 957, 1.8947, 0
PixelHit 1315, 960, 5.02412, 0
PixelHit 1315, 961, 4.74553, 0
PixelHit 1315, 962, 12.7446, 0
PixelHit 1315, 963, 14.3536, 0
PixelHit 1315, 964, 15.8114, 0
PixelHit 1315, 965, 21.7007, 0
PixelHit 1315, 966, 22.7953, 0
PixelHit 1315, 967, 13.8492, 0
PixelHit 1315, 968, 8.78667, 0
PixelHit 1315, 969, 17.3691, 0
PixelHit 1315, 970, 14.8389, 0
PixelHit 1315, 971, 11.0727, 0
PixelHit 1315, 972, 23.1066, 0
PixelHit 1315, 973, 11.6333, 0
PixelHit 1315, 974, 1.42532, 0
PixelHit 1316, 953, 2.00049, 0
PixelHit 1316, 959, 0.991442, 0
PixelHit 1316, 960, 5.16495, 0
PixelHit 1316, 961, 16.7645, 0
PixelHit 1316, 962, 28.2038, 0
PixelHit 1316, 963, 26.8701, 0
PixelHit 1316, 964, 24.0865, 0
PixelHit 1316, 965, 28.162, 0
PixelHit 1316, 966, 28.4692, 0
PixelHit 1316, 967, 16.0195, 0
PixelHit 1316, 968, 5.35502, 0
PixelHit 1316, 969, 6.00913, 0
PixelHit 1316, 970, 4.1379, 0
PixelHit 1316, 972, 1.52199, 0
PixelHit 1317, 951, 0.170565, 0
PixelHit 1317, 953, 1.92619, 0
PixelHit 1317, 954, 3.08141, 0
PixelHit 1317, 955, 6.03071, 0
PixelHit 1317, 956, 2.96123, 0
PixelHit 1317, 957, 6.08362, 0
PixelHit 1317, 958, 2.06119, 0
PixelHit 1317, 959, 9.86799, 0
PixelHit 1317, 960, 21.7993, 0
PixelHit 1317, 961, 12.7887, 0
PixelHit 1317, 962, 39.5539, 0
PixelHit 1317, 963, 36.2638, 0
PixelHit 1317, 964, 19.8053, 0
PixelHit 1317, 965, 8.74134, 0
PixelHit 1317, 966, 10.9814, 0
PixelHit 1317, 967, 6.43366, 0
PixelHit 1317, 968, 2.93108, 0
PixelHit 1318, 952, 4.48854, 0
PixelHit 1318, 953, 8.45012, 0
PixelHit 1318, 954, 11.6017, 0
PixelHit 1318, 955, 15.2493, 0
PixelHit 1318, 956, 6.80626, 0
PixelHit 1318, 957, 8.5555, 0
PixelHit 1318, 958, 6.55692, 0
PixelHit 1318, 959, 9.89602, 0
PixelHit 1318, 960, 17.4696, 0
PixelHit 1318, 961, 19.5385, 0
PixelHit 1318, 962, 11.8027, 0
PixelHit 1318, 963, 10.6946, 0
PixelHit 1318, 964, 7.18928, 0
PixelHit 1318, 965, 4.71342, 0
PixelHit 1318, 968, 2.43912, 0
PixelHit 1319, 950, 0.942963, 0
PixelHit 1319, 951, 2.89083, 0
PixelHit 1319, 952, 7.10502, 0
PixelHit 1319, 953, 28.6157, 0
PixelHit 1319, 954, 33.3081, 0
PixelHit 1319, 955, 32.2378, 0
PixelHit 1319, 956, 20.0893, 0
PixelHit 1319, 957, 5.30832, 0
PixelHit 1319, 958, 11.0042, 0
PixelHit 1319, 959, 9.57281, 0
PixelHit 1319, 960, 8.52615, 0
PixelHit 1319, 961, 5.21224, 0
PixelHit 1319, 962, 3.02995, 0
PixelHit 1319, 963, 5.44481, 0
PixelHit 1319, 964, 1.10878, 0
PixelHit 1319, 965, 1.93113, 0
PixelHit 1320, 951, 3.04219, 0
PixelHit 1320, 952, 18.8632, 0
PixelHit 1320, 953, 37.3751, 0
PixelHit 1320, 954, 28.4042, 0
PixelHit 1320, 955, 22.0038, 0
PixelHit 1320, 956, 21.8519, 0
PixelHit 1320, 957, 10.0194, 0
PixelHit 1320, 958, 8.46604, 0
PixelHit 1320, 960, 3.08843, 0
PixelHit 1320, 961, 2.70362, 0
PixelHit 1320, 966, 1.63944, 0
PixelHit 1321, 950, 0.904962, 0
PixelHit 1321, 951, 3.70858, 0
PixelHit 1321, 952, 7.28415, 0
PixelHit 1321, 953, 19.7168, 0
PixelHit 1321, 954, 15.704, 0
PixelHit 1321, 955, 17.04, 0
PixelHit 1321, 956, 4.93317, 0
PixelHit 1321, 957, 2.45955, 0
PixelHit 1321, 958, 3.34784, 0
PixelHit 1322, 954, 7.65352, 0
PixelHit 1322, 955, 5.389, 0
PixelHit 1322, 956, 10.2322, 0
PixelHit 1323, 951, 3.41946, 0
PixelHit 1323, 955, 2.23151, 0
PixelHit 1372, 965, 2.75274, 0
PixelHit 1372, 966, 17.8398, 0
PixelHit 1372, 967, 91.151, 0
PixelHit 1372, 968, 39.0335, 0
PixelHit 1372, 969, 3.08395, 0
PixelHit 1373, 960, 1.92182, 0
PixelHit 1373, 961, 5.56987, 0
PixelHit 1373, 962, 6.89512, 0
PixelHit 1373, 963, 15.8823, 0
PixelHit 1373, 964, 42.015, 0
PixelHit 1373, 965, 80.6536, 0
PixelHit 1373, 966, 192.49, 0
PixelHit 1373, 967, 174.573, 0
PixelHit 1373, 968, 27.7895, 0
PixelHit 1374, 958, 6.59146, 0
PixelHit 1374, 959, 18.1451, 0
PixelHit 1374, 960, 29.8338, 0
PixelHit 1374, 961, 69.0933, 0
PixelHit 1374, 962, 136.968, 0
PixelHit 1374, 963, 56.8128, 0
PixelHit 1374, 964, 59.8732, 0
PixelHit 1374, 965, 27.9453, 0
PixelHit 1374, 966, 19.1717, 0
PixelHit 1375, 957, 9.20469, 0
PixelHit 1375, 958, 31.0981, 0
PixelHit 1375, 959, 82.7653, 0
PixelHit 1375, 960, 89.0566, 0
PixelHit 1375, 961, 72.7382, 0
PixelHit 1375, 962, 93.5354, 0
PixelHit 1375, 963, 9.24904, 0
PixelHit 1376, 953, 8.24928, 0
PixelHit 1376, 954, 16.006, 0
PixelHit 1376, 955, 13.5235, 0
PixelHit 1376, 956, 4.27564, 0
PixelHit 1376, 957, 6.17213, 0
PixelHit 1376, 958, 42.3157, 0
PixelHit 1376, 959, 44.2773, 0
PixelHit 1376, 960, 39.7641, 0
PixelHit 1376, 961, 10.2708, 0
PixelHit 1377, 946, 1.12822, 0
PixelHit 1377, 947, 3.65713, 0
PixelHit 1377, 948, 1.38643, 0
PixelHit 1377, 950, 7.1328, 0
PixelHit 1377, 951, 9.50104, 0
PixelHit 1377, 952, 5.15725, 0
PixelHit 1377, 953, 17.3397, 0
PixelHit 1377, 954, 37.257, 0
PixelHit 1377, 955, 26.7721, 0
PixelHit 1377, 956, 7.41204, 0
PixelHit 1377, 957, 3.19388, 0
PixelHit 1377, 960, 4.28136, 0
PixelHit 1377, 961, 1.87122, 0
PixelHit 1378, 946, 9.57298, 0
PixelHit 1378, 947, 12.1106, 0
PixelHit 1378, 948, 17.7817, 0
PixelHit 1378, 949, 11.5454, 0
PixelHit 1378, 950, 24.6571, 0
PixelHit 1378, 951, 21.6658, 0
PixelHit 1378, 952, 6.59833, 0
PixelHit 1378, 953, 11.2803, 0
PixelHit 1378, 954, 14.717, 0
PixelHit 1378, 955, 12.9562, 0
PixelHit 1378, 956, 4.74439, 0
PixelHit 1379, 938, 1.44643, 0
PixelHit 1379, 940, 2.97319, 0
PixelHit 1379, 941, 2.32645, 0
PixelHit 1379, 942, 6.09904, 0
PixelHit 1379, 943, 4.01748, 0
PixelHit 1379, 944, 10.5661, 0
PixelHit 1379, 945, 9.38135, 0
PixelHit 1379, 946, 22.9851, 0
PixelHit 1379, 947, 33.6652, 0
PixelHit 1379, 948, 42.0173, 0
PixelHit 1379, 949, 21.1147, 0
PixelHit 1379, 950, 15.259, 0
PixelHit 1379, 951, 9.79735, 0
PixelHit 1379, 952, 9.13333, 0
PixelHit 1379, 953, 1.28456, 0
PixelHit 1379, 954, 0.521317, 0
PixelHit 1379, 955, 1.43841, 0
PixelHit 1380, 937, 2.00162, 0
PixelHit 1380, 938, 6.23237, 0
PixelHit 1380, 939, 7.98336, 0
PixelHit 1380, 940, 7.27311, 0
PixelHit 1380, 941, 23.4601, 0
PixelHit 1380, 942, 36.8722, 0
PixelHit 1380, 943, 23.8407, 0
PixelHit 1380, 944, 25.8037, 0
PixelHit 1380, 945, 20.399, 0
PixelHit 1380, 946, 13.913, 0
PixelHit 1380, 947, 31.6229, 0
PixelHit 1380, 948, 33.3125, 0
PixelHit 1380, 949, 13.6135, 0
PixelHit 1380, 950, 2.87711, 0
PixelHit 1380, 951, 3.02912, 0
PixelHit 1381, 934, 1.64028, 0
PixelHit 1381, 935, 6.21198, 0
PixelHit 1381, 936, 2.30476, 0
PixelHit 1381, 937, 13.9988, 0
PixelHit 1381, 938, 34.1344, 0
PixelHit 1381, 939, 43.8586, 0
PixelHit 1381, 940, 54.3982, 0
PixelHit 1381, 941, 49.6974, 0
PixelHit 1381, 942, 65.6118, 0
PixelHit 1381, 943, 41.0203, 0
PixelHit 1381, 944, 37.3622, 0
PixelHit 1381, 945, 20.2265, 0
PixelHit 1381, 946, 12.281, 0
PixelHit 1381, 947, 7.2855, 0
PixelHit 1381, 948, 6.18856, 0
PixelHit 1381, 949, 3.17493, 0
PixelHit 1381, 950, 0.603996, 0
PixelHit 1382, 931, 1.89221, 0
PixelHit 1382, 932, 3.21783, 0
PixelHit 1382, 933, 6.44672, 0
PixelHit 1382, 934, 7.67255, 0
PixelHit 1382, 935, 18.3885, 0
PixelHit 1382, 936, 25.9639, 0
PixelHit 1382, 937, 30.0356, 0
PixelHit 1382, 938, 43.9529, 0
PixelHit 1382, 939, 57.407, 0
PixelHit 1382, 940, 58.3177, 0
PixelHit 1382, 941, 48.2872, 0
PixelHit 1382, 942, 32.8181, 0
PixelHit 1382, 943, 35.8585, 0
PixelHit 1382, 944, 14.0403, 0
PixelHit 1382, 945, 7.50565, 0
PixelHit 1383, 928, 2.61536, 0
PixelHit 1383, 929, 2.3671, 0
PixelHit 1383, 930, 7.86192, 0
PixelHit 1383, 931, 4.66857, 0
PixelHit 1383, 932, 9.82555, 0
PixelHit 1383, 933, 11.3396, 0
PixelHit 1383, 934, 17.4133, 0
PixelHit 1383, 935, 32.5094, 0
PixelHit 1383, 936, 38.1876, 0
PixelHit 1383, 937, 57.2744, 0
PixelHit 1383, 938, 57.0553, 0
PixelHit 1383, 939, 69.9669, 0
PixelHit 1383, 940, 43.394, 0
PixelHit 1383, 941, 18.292, 0
PixelHit 1383, 942, 6.63652, 0
PixelHit 1383, 943, 2.10354, 0
PixelHit 1383, 944, 1.75524, 0
PixelHit 1384, 927, 2.58307, 0
PixelHit 1384, 928, 9.19275, 0
PixelHit 1384, 929, 7.70646, 0
PixelHit 1384, 930, 5.42404, 0
PixelHit 1384, 931, 13.1563, 0
PixelHit 1384, 932, 16.4766, 0
PixelHit 1384, 933, 14.3524, 0
PixelHit 1384, 934, 25.1574, 0
PixelHit 1384, 935, 26.6155, 0
PixelHit 1384, 936, 29.2462, 0
PixelHit 1384, 937, 28.6386, 0
PixelHit 1384, 938, 21.857, 0
PixelHit 1384, 939, 11.0799, 0
PixelHit 1384, 940, 23.0179, 0
PixelHit 1384, 941, 1.89393, 0
PixelHit 1385, 923, 3.5734, 0
PixelHit 1385, 924, 5.16306, 0
PixelHit 1385, 925, 2.92906, 0
PixelHit 1385, 926, 21.7264, 0
PixelHit 1385, 927, 14.1087, 0
PixelHit 1385, 928, 26.2961, 0
PixelHit 1385, 929, 19.9341, 0
PixelHit 1385, 930, 20.6753, 0
PixelHit 1385, 931, 30.6976, 0
PixelHit 1385, 932, 29.0801, 0
PixelHit 1385, 933, 20.1002, 0
PixelHit 1385, 934, 20.7693, 0
PixelHit 1385, 935, 14.662, 0
PixelHit 1385, 936, 9.89057, 0
PixelHit 1385, 937, 5.24907, 0
PixelHit 1385, 938, 3.58906, 0
PixelHit 1385, 939, 2.89088, 0
PixelHit 1385, 941, 3.2184, 0
PixelHit 1386, 922, 2.87729, 0
PixelHit 1386, 923, 2.60026, 0
PixelHit 1386, 924, 4.48303, 0
PixelHit 1386, 925, 5.37162, 0
PixelHit 1386, 926, 18.4504, 0
PixelHit 1386, 927, 20.7418, 0
PixelHit 1386, 928, 17.177, 0
PixelHit 1386, 929, 15.7518, 0
PixelHit 1386, 930, 20.7832, 0
PixelHit 1386, 931, 16.6094, 0
PixelHit 1386, 932, 16.8601, 0
PixelHit 1386, 933, 5.70488, 0
PixelHit 1386, 934, 7.37299, 0
PixelHit 1386, 935, 2.50908, 0
PixelHit 1386, 936, 3.37926, 0
PixelHit 1387, 922, 2.02308, 0
PixelHit 1387, 923, 2.79296, 0
PixelHit 1387, 924, 5.90368, 0
PixelHit 1387, 925, 20.3736, 0
PixelHit 1387, 926, 12.0309, 0
PixelHit 1387, 927, 12.5802, 0
PixelHit 1387, 928, 13.1168, 0
PixelHit 1387, 929, 14.6166, 0
PixelHit 1387, 930, 13.5096, 0
PixelHit 1387, 931, 8.98782, 0
PixelHit 1387, 932, 3.48765, 0
PixelHit 1387, 933, 2.74978, 0
PixelHit 1387, 934, 0.923425, 0
PixelHit 1388, 923, 4.29749, 0
PixelHit 1388, 924, 5.40663, 0
PixelHit 1388, 925, 10.6787, 0
PixelHit 1388, 926, 15.8551, 0
PixelHit 1388, 927, 8.60891, 0
PixelHit 1388, 928, 11.2894, 0
PixelHit 1388, 929, 1.23853, 0
PixelHit 1389, 925, 1.13849, 0
PixelHit 1389, 926, 2.55288, 0
PixelHit 1389, 927, 3.59898, 0
PixelHit 1389, 929, 1.75236, 0
PixelHit 1389, 930, 1.66266, 0
=== 39 ===
=== 40 ===
=== 41 ===
=== 42 ===
=== 43 ===
=== 44 ===
=== 45 ===
=== 46 ===
=== 47 ===
=== 48 ===
=== 49 ===
=== 50 ===
=== 51 ===
=== 52 ===
=== 53 ===
=== 54 ===
=== 55 ===
=== 56 ===
=== 57 ===
=== 58 ===
=== 59 ===
=== 60 ===
=== 61 ===
--- mydetector ---
PixelHit 1172, 1191, 0.862286, 0
PixelHit 1173, 1187, 3.082, 0
PixelHit 1173, 1189, 2.10519, 0
PixelHit 1173, 1190, 93.7172, 0
PixelHit 1173, 1191, 174.288, 0
PixelHit 1173, 1192, 0.221796, 0
PixelHit 1174, 1183, 1.75465, 0
PixelHit 1174, 1186, 6.96371, 0
PixelHit 1174, 1187, 14.9192, 0
PixelHit 1174, 1188, 38.9295, 0
PixelHit 1174, 1189, 10.0526, 0
PixelHit 1174, 1190, 61.0972, 0
PixelHit 1174, 1191, 50.1793, 0
PixelHit 1175, 1180, 2.7414, 0
PixelHit 1175, 1182, 3.41429, 0
PixelHit 1175, 1183, 16.6811, 0
PixelHit 1175, 1184, 8.97125, 0
PixelHit 1175, 1185, 12.2428, 0
PixelHit 1175, 1186, 62.5132, 0
PixelHit 1175, 1187, 23.414, 0
PixelHit 1175, 1188, 37.2388, 0
PixelHit 1176, 1176, 1.18502, 0
PixelHit 1176, 1178, 5.39101, 0
PixelHit 1176, 1179, 13.6282, 0
PixelHit 1176, 1180, 57.6019, 0
PixelHit 1176, 1181, 22.9164, 0
PixelHit 1176, 1182, 30.4094, 0
PixelHit 1176, 1183, 80.7673, 0
PixelHit 1176, 1184, 37.4971, 0
PixelHit 1176, 1185, 10.3734, 0
PixelHit 1176, 1186, 10.724, 0
PixelHit 1177, 1176, 8.30298, 0
PixelHit 1177, 1177, 20.8737, 0
PixelHit 1177, 1178, 37.6284, 0
PixelHit 1177, 1179, 112.198, 0
PixelHit 1177, 1180, 205.131, 0
PixelHit 1177, 1181, 88.9462, 0
PixelHit 1177, 1182, 37.5987, 0
PixelHit 1177, 1183, 32.0588, 0
PixelHit 1177, 1184, 15.4598, 0
PixelHit 1177, 1185, 0.978201, 0
PixelHit 1178, 1171, 3.55232, 0
PixelHit 1178, 1172, 1.84467, 0
PixelHit 1178, 1173, 3.08537, 0
PixelHit 1178, 1174, 4.34803, 0
PixelHit 1178, 1175, 17.1727, 0
PixelHit 1178, 1176, 87.9012, 0
PixelHit 1178, 1177, 78.8655, 0
PixelHit 1178, 1178, 105.281, 0
PixelHit 1178, 1179, 103.093, 0
PixelHit 1178, 1180, 132.201, 0
PixelHit 1178, 1181, 41.2713, 0
PixelHit 1178, 1182, 10.4198, 0
PixelHit 1179, 1171, 3.35934, 0
PixelHit 1179, 1172, 18.2706, 0
PixelHit 1179, 1173, 17.414, 0
PixelHit 1179, 1174, 13.5595, 0
PixelHit 1179, 1175, 27.3759, 0
PixelHit 1179, 1176, 88.1374, 0
PixelHit 1179, 1177, 80.5498, 0
PixelHit 1179, 1178, 43.8748, 0
PixelHit 1179, 1179, 19.9881, 0
PixelHit 1179, 1180, 8.50457, 0
PixelHit 1180, 1167, 2.8133, 0
PixelHit 1180, 1168, 7.5933, 0
PixelHit 1180, 1169, 10.8814, 0
PixelHit 1180, 1170, 15.7012, 0
PixelHit 1180, 1171, 27.7412, 0
PixelHit 1180, 1172, 29.0543, 0
PixelHit 1180, 1173, 37.8837, 0
PixelHit 1180, 1174, 28.2144, 0
PixelHit 1180, 1175, 12.6796, 0
PixelHit 1180, 1176, 28.8488, 0
PixelHit 1180, 1177, 22.8605, 0
PixelHit 1180, 1178, 2.85015, 0
PixelHit 1181, 1161, 4.07924, 0
PixelHit 1181, 1163, 2.36447, 0
PixelHit 1181, 1164, 2.50784, 0
PixelHit 1181, 1165, 7.10125, 0
PixelHit 1181, 1166, 3.78181, 0
PixelHit 1181, 1167, 24.0016, 0
PixelHit 1181, 1168, 29.0302, 0
PixelHit 1181, 1169, 46.4134, 0
PixelHit 1181, 1170, 26.2872, 0
PixelHit 1181, 1171, 23.5241, 0
PixelHit 1181, 1172, 29.5088, 0
PixelHit 1181, 1173, 13.1791, 0
PixelHit 1181, 1174, 8.40146, 0
PixelHit 1181, 1175, 2.61516, 0
PixelHit 1181, 1176, 1.16495, 0
PixelHit 1182, 1161, 2.6322, 0
PixelHit 1182, 1162, 9.0528, 0
PixelHit 1182, 1163, 10.1244, 0
PixelHit 1182, 1164, 17.4535, 0
PixelHit 1182, 1165, 10.6082, 0
PixelHit 1182, 1166, 22.518, 0
PixelHit 1182, 1167, 40.1188, 0
PixelHit 1182, 1168, 35.9402, 0
PixelHit 1182, 1169, 32.5612, 0
PixelHit 1182, 1170, 13.2797, 0
PixelHit 1182, 1171, 7.7928, 0
PixelHit 1182, 1173, 5.12627, 0
PixelHit 1183, 1156, 4.41312, 0
PixelHit 1183, 1158, 2.28977, 0
PixelHit 1183, 1159, 0.823097, 0
PixelHit 1183, 1160, 5.46056, 0
PixelHit 1183, 1161, 5.73805, 0
PixelHit 1183, 1162, 18.6371, 0
PixelHit 1183, 1163, 31.1431, 0
PixelHit 1183, 1164, 29.8226, 0
PixelHit 1183, 1165, 28.2606, 0
PixelHit 1183, 1166, 21.2282, 0
PixelHit 1183, 1167, 28.9565, 0
PixelHit 1183, 1168, 14.8214, 0
PixelHit 1183, 1169, 2.25013, 0
PixelHit 1183, 1170, 2.13205, 0
PixelHit 1183, 1171, 0.185484, 0
PixelHit 1183, 1172, 0.0761211, 0
PixelHit 1184, 1156, 3.98443, 0
PixelHit 1184, 1157, 7.3582, 0
PixelHit 1184, 1158, 12.716, 0
PixelHit 1184, 1159, 8.81694, 0
PixelHit 1184, 1160, 14.7596, 0
PixelHit 1184, 1161, 14.0628, 0
PixelHit 1184, 1162, 22.1714, 0
PixelHit 1184, 1163, 27.4091, 0
PixelHit 1184, 1164, 19.9167, 0
PixelHit 1184, 1165, 8.96548, 0
PixelHit 1184, 1166, 6.52942, 0
PixelHit 1184, 1168, 3.65927, 0
PixelHit 1185, 1150, 1.68628, 0
PixelHit 1185, 1151, 3.68685, 0
PixelHit 1185, 1152, 3.74523, 0
PixelHit 1185, 1153, 2.49924, 0
PixelHit 1185, 1155, 4.04306, 0
PixelHit 1185, 1156, 17.4007, 0
PixelHit 1185, 1157, 14.6229, 0
PixelHit 1185, 1158, 9.6461, 0
PixelHit 1185, 1159, 13.7128, 0
PixelHit 1185, 1160, 17.2085, 0
PixelHit 1185, 1161, 10.6439, 0
PixelHit 1185, 1162, 11.3811, 0
PixelHit 1185, 1163, 5.97145, 0
PixelHit 1185, 1164, 7.89421, 0
PixelHit 1185, 1165, 3.30841, 0
PixelHit 1186, 1149, 2.96844, 0
PixelHit 1186, 1150, 3.09876, 0
PixelHit 1186, 1151, 5.55937, 0
PixelHit 1186, 1152, 20.3497, 0
PixelHit 1186, 1153, 11.2981, 0
PixelHit 1186, 1154, 8.35161, 0
PixelHit 1186, 1155, 11.4468, 0
PixelHit 1186, 1156, 9.04496, 0
PixelHit 1186, 1157, 21.3435, 0
PixelHit 1186, 1158, 10.3618, 0
PixelHit 1186, 1159, 4.75677, 0
PixelHit 1186, 1160, 10.6984, 0
PixelHit 1186, 1161, 5.03865, 0
PixelHit 1186, 1162, 3.39628, 0
PixelHit 1187, 1142, 2.0911, 0
PixelHit 1187, 1143, 3.53868, 0
PixelHit 1187, 1144, 4.9464, 0
PixelHit 1187, 1145, 2.80048, 0
PixelHit 1187, 1146, 3.09005, 0
PixelHit 1187, 1147, 4.57271, 0
PixelHit 1187, 1148, 5.99573, 0
PixelHit 1187, 1149, 7.18896, 0
PixelHit 1187, 1150, 27.1445, 0
PixelHit 1187, 1151, 23.0268, 0
PixelHit 1187, 1152, 27.3075, 0
PixelHit 1187, 1153, 23.4821, 0
PixelHit 1187, 1154, 3.80034, 0
PixelHit 1187, 1155, 13.1958, 0
PixelHit 1187, 1156, 10.4115, 0
PixelHit 1187, 1157, 13.5801, 0
PixelHit 1187, 1158, 4.45161, 0
PixelHit 1187, 1159, 1.70024, 0
PixelHit 1187, 1160, 2.94647, 0
PixelHit 1187, 1162, 1.93681, 0
PixelHit 1188, 1143, 4.1939, 0
PixelHit 1188, 1144, 10.7143, 0
PixelHit 1188, 1145, 14.1216, 0
PixelHit 1188, 1146, 24.5485, 0
PixelHit 1188, 1147, 11.9864, 0
PixelHit 1188, 1148, 9.2123, 0
PixelHit 1188, 1149, 25.8312, 0
PixelHit 1188, 1150, 33.7045, 0
PixelHit 1188, 1151, 43.2731, 0
PixelHit 1188, 1152, 46.0202, 0
PixelHit 1188, 1153, 27.8522, 0
PixelHit 1188, 1154, 12.2803, 0
PixelHit 1188, 1155, 3.51065, 0
PixelHit 1188, 1157, 2.11287, 0
PixelHit 1188, 1158, 1.62437, 0
PixelHit 1189, 1142, 4.12413, 0
PixelHit 1189, 1143, 15.733, 0
PixelHit 1189, 1144, 46.1223, 0
PixelHit 1189, 1145, 66.9171, 0
PixelHit 1189, 1146, 43.5209, 0
PixelHit 1189, 1147, 22.9944, 0
PixelHit 1189, 1148, 13.6378, 0
PixelHit 1189, 1149, 23.3948, 0
PixelHit 1189, 1150, 17.2502, 0
PixelHit 1189, 1151, 28.19, 0
PixelHit 1189, 1152, 22.9748, 0
PixelHit 1189, 1153, 10.0197, 0
PixelHit 1189, 1154, 6.4831, 0
PixelHit 1190, 1142, 5.53003, 0
PixelHit 1190, 1143, 31.4797, 0
PixelHit 1190, 1144, 71.1622, 0
PixelHit 1190, 1145, 90.8271, 0
PixelHit 1190, 1146, 75.3134, 0
PixelHit 1190, 1147, 35.9126, 0
PixelHit 1190, 1148, 12.6556, 0
PixelHit 1190, 1149, 12.8267, 0
PixelHit 1190, 1150, 11.7969, 0
PixelHit 1190, 1151, 6.08525, 0
PixelHit 1190, 1152, 8.06994, 0
PixelHit 1190, 1153, 3.95802, 0
PixelHit 1191, 1142, 4.09732, 0
PixelHit 1191, 1143, 16.7177, 0
PixelHit 1191, 1144, 48.0212, 0
PixelHit 1191, 1145, 81.715, 0
PixelHit 1191, 1146, 65.9701, 0
PixelHit 1191, 1147, 20.6251, 0
PixelHit 1191, 1148, 13.2459, 0
PixelHit 1191, 1149, 5.38293, 0
PixelHit 1191, 1150, 2.87594, 0
PixelHit 1191, 1152, 1.37385, 0
PixelHit 1192, 1143, 9.23427, 0
PixelHit 1192, 1144, 23.3919, 0
PixelHit 1192, 1145, 32.6782, 0
PixelHit 1192, 1146, 19.6467, 0
PixelHit 1192, 1147, 9.18181, 0
PixelHit 1192, 1148, 3.03995, 0
PixelHit 1193, 1143, 1.17994, 0
PixelHit 1193, 1144, 2.64924, 0
PixelHit 1193, 1145, 6.19978, 0
PixelHit 1193, 1146, 5.70634, 0
PixelHit 1193, 1147, 0.688119, 0
PixelHit 1193, 1148, 0.5334, 0
PixelHit 1194, 1145, 0.999401, 0
PixelHit 1305, 143, 3.47642, 0
PixelHit 1306, 139, 1.55532, 0
PixelHit 1306, 140, 2.89, 0
PixelHit 1306, 141, 12.9058, 0
PixelHit 1306, 142, 11.8148, 0
PixelHit 1306, 143, 45.3016, 0
PixelHit 1307, 136, 0.905533, 0
PixelHit 1307, 137, 2.73474, 0
PixelHit 1307, 138, 7.25053, 0
PixelHit 1307, 139, 20.3456, 0
PixelHit 1307, 140, 75.0924, 0
PixelHit 1307, 141, 75.8689, 0
PixelHit 1307, 142, 34.9162, 0
PixelHit 1307, 143, 0.646076, 0
PixelHit 1308, 134, 3.64267, 0
PixelHit 1308, 135, 12.8361, 0
PixelHit 1308, 136, 23.4007, 0
PixelHit 1308, 137, 29.7199, 0
PixelHit 1308, 138, 19.9284, 0
PixelHit 1308, 139, 16.3596, 0
PixelHit 1308, 140, 27.1127, 0
PixelHit 1308, 141, 7.90797, 0
PixelHit 1309, 131, 1.97068, 0
PixelHit 1309, 132, 9.20423, 0
PixelHit 1309, 133, 14.2928, 0
PixelHit 1309, 134, 22.1222, 0
PixelHit 1309, 135, 38.6951, 0
PixelHit 1309, 136, 44.9985, 0
PixelHit 1309, 137, 24.5706, 0
PixelHit 1309, 138, 11.3742, 0
PixelHit 1310, 127, 2.34593, 0
PixelHit 1310, 132, 18.7605, 0
PixelHit 1310, 133, 46.5999, 0
PixelHit 1310, 134, 46.6696, 0
PixelHit 1310, 135, 23.9141, 0
PixelHit 1310, 136, 17.4913, 0
PixelHit 1310, 137, 7.73825, 0
PixelHit 1311, 124, 1.41768, 0
PixelHit 1311, 125, 2.3094, 0
PixelHit 1311, 126, 4.44886, 0
PixelHit 1311, 127, 11.8982, 0
PixelHit 1311, 128, 13.381, 0
PixelHit 1311, 129, 8.36349, 0
PixelHit 1311, 130, 5.79021, 0
PixelHit 1311, 131, 9.7632, 0
PixelHit 1311, 132, 9.39043, 0
PixelHit 1311, 133, 12.4952, 0
PixelHit 1311, 134, 12.066, 0
PixelHit 1312, 122, 0.797317, 0
PixelHit 1312, 123, 4.55078, 0
PixelHit 1312, 124, 9.02286, 0
PixelHit 1312, 125, 21.2721, 0
PixelHit 1312, 126, 29.4714, 0
PixelHit 1312, 127, 41.3576, 0
PixelHit 1312, 128, 35.5044, 0
PixelHit 1312, 129, 15.7576, 0
PixelHit 1312, 130, 9.74462, 0
PixelHit 1312, 131, 1.43664, 0
PixelHit 1312, 132, 3.39687, 0
PixelHit 1312, 133, 3.69077, 0
PixelHit 1313, 121, 4.13682, 0
PixelHit 1313, 122, 8.38978, 0
PixelHit 1313, 123, 16.9355, 0
PixelHit 1313, 124, 34.3024, 0
PixelHit 1313, 125, 44.8824, 0
PixelHit 1313, 126, 44.1467, 0
PixelHit 1313, 127, 43.7898, 0
PixelHit 1313, 128, 24.1938, 0
PixelHit 1313, 129, 1.88457, 0
PixelHit 1314, 115, 1.82296, 0
PixelHit 1314, 117, 2.22427, 0
PixelHit 1314, 118, 4.54456, 0
PixelHit 1314, 119, 6.21214, 0
PixelHit 1314, 120, 4.2395, 0
PixelHit 1314, 121, 11.7943, 0
PixelHit 1314, 122, 23.3983, 0
PixelHit 1314, 123, 30.2028, 0
PixelHit 1314, 124, 37.7308, 0
PixelHit 1314, 125, 42.2465, 0
PixelHit 1314, 126, 18.1211, 0
PixelHit 1314, 127, 12.4673, 0
PixelHit 1314, 129, 2.25923, 0
PixelHit 1315, 114, 1.10095, 0
PixelHit 1315, 116, 8.47911, 0
PixelHit 1315, 117, 12.9279, 0
PixelHit 1315, 118, 18.5146, 0
PixelHit 1315, 119, 17.2569, 0
PixelHit 1315, 120, 10.8951, 0
PixelHit 1315, 121, 7.98463, 0
PixelHit 1315, 122, 12.5759, 0
PixelHit 1315, 123, 20.4402, 0
PixelHit 1315, 124, 19.1397, 0
PixelHit 1315, 125, 9.44342, 0
PixelHit 1315, 126, 3.31469, 0
PixelHit 1315, 127, 2.89177, 0
PixelHit 1316, 110, 0.758661, 0
PixelHit 1316, 111, 2.15561, 0
PixelHit 1316, 112, 2.23598, 0
PixelHit 1316, 113, 9.79392, 0
PixelHit 1316, 114, 14.1824, 0
PixelHit 1316, 115, 21.9323, 0
PixelHit 1316, 116, 39.3546, 0
PixelHit 1316, 117, 44.0779, 0
PixelHit 1316, 118, 33.0394, 0
PixelHit 1316, 119, 28.0005, 0
PixelHit 1316, 120, 9.63155, 0
PixelHit 1316, 121, 7.93013, 0
PixelHit 1316, 122, 9.19884, 0
PixelHit 1316, 123, 7.29745, 0
PixelHit 1316, 126, 1.96699, 0
PixelHit 1317, 110, 1.92441, 0
PixelHit 1317, 111, 19.2252, 0
PixelHit 1317, 112, 22.7722, 0
PixelHit 1317, 113, 24.8915, 0
PixelHit 1317, 114, 21.558, 0
PixelHit 1317, 115, 30.8315, 0
PixelHit 1317, 116, 29.2485, 0
PixelHit 1317, 117, 25.5903, 0
PixelHit 1317, 118, 21.6052, 0
PixelHit 1317, 119, 17.4506, 0
PixelHit 1317, 120, 3.83677, 0
PixelHit 1318, 104, 0.681449, 0
PixelHit 1318, 105, 1.3158, 0
PixelHit 1318, 106, 2.09945, 0
PixelHit 1318, 107, 2.98301, 0
PixelHit 1318, 108, 1.63097, 0
PixelHit 1318, 109, 5.08726, 0
PixelHit 1318, 110, 10.3717, 0
PixelHit 1318, 111, 27.5099, 0
PixelHit 1318, 112, 51.7065, 0
PixelHit 1318, 113, 67.7391, 0
PixelHit 1318, 114, 36.0078, 0
PixelHit 1318, 115, 28.8362, 0
PixelHit 1318, 116, 19.4431, 0
PixelHit 1318, 117, 12.6327, 0
PixelHit 1318, 118, 4.65401, 0
PixelHit 1319, 104, 1.42155, 0
PixelHit 1319, 105, 4.46678, 0
PixelHit 1319, 106, 15.7343, 0
PixelHit 1319, 107, 14.9148, 0
PixelHit 1319, 108, 13.3785, 0
PixelHit 1319, 109, 5.57015, 0
PixelHit 1319, 110, 13.701, 0
PixelHit 1319, 111, 23.4046, 0
PixelHit 1319, 112, 44.1336, 0
PixelHit 1319, 113, 32.5904, 0
PixelHit 1319, 114, 16.8989, 0
PixelHit 1319, 115, 12.7998, 0
PixelHit 1319, 116, 4.24676, 0
PixelHit 1319, 117, 3.01777, 0
PixelHit 1319, 118, 1.81195, 0
PixelHit 1320, 103, 1.95132, 0
PixelHit 1320, 104, 2.62398, 0
PixelHit 1320, 105, 21.6586, 0
PixelHit 1320, 106, 27.7912, 0
PixelHit 1320, 107, 28.9832, 0
PixelHit 1320, 108, 27.115, 0
PixelHit 1320, 109, 10.2573, 0
PixelHit 1320, 110, 8.45055, 0
PixelHit 1320, 111, 9.16484, 0
PixelHit 1320, 112, 18.3027, 0
PixelHit 1320, 113, 8.74261, 0
PixelHit 1320, 114, 14.0834, 0
PixelHit 1321, 103, 1.23486, 0
PixelHit 1321, 105, 12.993, 0
PixelHit 1321, 106, 28.712, 0
PixelHit 1321, 107, 31.3843, 0
PixelHit 1321, 108, 21.9843, 0
PixelHit 1321, 109, 9.56577, 0
PixelHit 1321, 110, 2.64337, 0
PixelHit 1321, 111, 4.02902, 0
PixelHit 1321, 112, 2.51849, 0
PixelHit 1321, 114, 3.1375, 0
PixelHit 1322, 103, 0.778246, 0
PixelHit 1322, 104, 2.84857, 0
PixelHit 1322, 105, 9.26622, 0
PixelHit 1322, 106, 26.1247, 0
PixelHit 1322, 107, 25.9788, 0
PixelHit 1322, 108, 11.4258, 0
PixelHit 1322, 109, 7.37587, 0
PixelHit 1322, 110, 1.79016, 0
PixelHit 1322, 112, 2.0718, 0
PixelHit 1323, 104, 3.08363, 0
PixelHit 1323, 105, 7.27871, 0
PixelHit 1323, 106, 7.59131, 0
PixelHit 1323, 107, 2.26017, 0
PixelHit 1323, 108, 1.66334, 0
PixelHit 1324, 104, 2.25791, 0
PixelHit 1324, 106, 1.57807, 0
=== 62 ===
=== 63 ===
=== 64 ===
=== 65 ===
=== 66 ===
=== 67 ===
=== 68 ===
=== 69 ===
=== 70 ===
=== 71 ===
=== 72 ===
=== 73 ===
=== 74 ===
=== 75 ===
=== 76 ===
=== 77 ===
=== 78 ===
=== 79 ===
=== 80 ===
=== 81 ===
=== 82 ===
=== 83 ===
=== 84 ===
=== 85 ===
=== 86 ===
--- mydetector ---
PixelHit 1134, 1544, 5.70509, 0
PixelHit 1134, 1545, 4.08633, 0
PixelHit 1134, 1546, 0.793389, 0
PixelHit 1134, 1547, 2.17444, 0
PixelHit 1135, 1542, 4.76959, 0
PixelHit 1135, 1543, 10.3509, 0
PixelHit 1135, 1544, 18.345, 0
PixelHit 1135, 1545, 5.75103, 0
PixelHit 1135, 1546, 9.9034, 0
PixelHit 1135, 1547, 2.3111, 0
PixelHit 1135, 1548, 1.61804, 0
PixelHit 1136, 1542, 2.91811, 0
PixelHit 1136, 1543, 12.8096, 0
PixelHit 1136, 1544, 14.0244, 0
PixelHit 1136, 1545, 25.4117, 0
PixelHit 1136, 1546, 7.2989, 0
PixelHit 1136, 1547, 2.10953, 0
PixelHit 1137, 1542, 2.04806, 0
PixelHit 1137, 1543, 8.64593, 0
PixelHit 1137, 1544, 19.9845, 0
PixelHit 1137, 1545, 20.1843, 0
PixelHit 1137, 1546, 8.42379, 0
PixelHit 1137, 1547, 1.91544, 0
PixelHit 1137, 1548, 0.934683, 0
PixelHit 1138, 1543, 9.0783, 0
PixelHit 1138, 1544, 14.4568, 0
PixelHit 1138, 1545, 8.94066, 0
PixelHit 1138, 1546, 3.75369, 0
PixelHit 1139, 1544, 0.383445, 0
PixelHit 1139, 1545, 1.45007, 0
PixelHit 1140, 1544, 2.26914, 0
PixelHit 1157, 1585, 3.12543, 0
PixelHit 1157, 1586, 41.3622, 0
PixelHit 1157, 1587, 46.5638, 0
PixelHit 1157, 1588, 25.0089, 0
PixelHit 1158, 1577, 0.976563, 0
PixelHit 1158, 1579, 2.68692, 0
PixelHit 1158, 1581, 11.3424, 0
PixelHit 1158, 1582, 18.7102, 0
PixelHit 1158, 1583, 6.4567, 0
PixelHit 1158, 1584, 28.3908, 0
PixelHit 1158, 1585, 52.3177, 0
PixelHit 1158, 1586, 23.2377, 0
PixelHit 1158, 1587, 10.6531, 0
PixelHit 1159, 1577, 8.13624, 0
PixelHit 1159, 1578, 49.7087, 0
PixelHit 1159, 1579, 171.258, 0
PixelHit 1159, 1580, 56.2052, 0
PixelHit 1159, 1581, 83.699, 0
PixelHit 1159, 1582, 120.589, 0
PixelHit 1159, 1583, 14.6787, 0
PixelHit 1159, 1584, 4.2639, 0
PixelHit 1160, 1572, 0.602614, 0
PixelHit 1160, 1577, 25.3843, 0
PixelHit 1160, 1578, 345.037, 0
PixelHit 1160, 1579, 642.842, 0
PixelHit 1160, 1580, 129.924, 0
PixelHit 1160, 1581, 31.0267, 0
PixelHit 1160, 1582, 18.55, 0
PixelHit 1160, 1583, 2.34453, 0
PixelHit 1161, 1570, 2.01151, 0
PixelHit 1161, 1571, 4.39178, 0
PixelHit 1161, 1572, 4.21174, 0
PixelHit 1161, 1573, 5.09057, 0
PixelHit 1161, 1574, 7.04458, 0
PixelHit 1161, 1575, 7.68855, 0
PixelHit 1161, 1576, 5.85619, 0
PixelHit 1161, 1577, 14.1776, 0
PixelHit 1161, 1578, 100.8, 0
PixelHit 1161, 1579, 174.738, 0
PixelHit 1161, 1580, 34.2669, 0
PixelHit 1162, 1568, 3.24048, 0
PixelHit 1162, 1569, 7.97812, 0
PixelHit 1162, 1570, 21.8133, 0
PixelHit 1162, 1571, 17.7239, 0
PixelHit 1162, 1572, 25.9355, 0
PixelHit 1162, 1573, 14.0676, 0
PixelHit 1162, 1574, 4.65543, 0
PixelHit 1162, 1575, 4.61028, 0
PixelHit 1162, 1576, 1.07477, 0
PixelHit 1162, 1578, 2.31504, 0
PixelHit 1162, 1579, 4.76509, 0
PixelHit 1163, 1561, 0.588234, 0
PixelHit 1163, 1565, 6.40672, 0
PixelHit 1163, 1566, 5.99363, 0
PixelHit 1163, 1567, 14.7867, 0
PixelHit 1163, 1568, 17.1963, 0
PixelHit 1163, 1569, 31.5232, 0
PixelHit 1163, 1570, 61.2218, 0
PixelHit 1163, 1571, 51.8864, 0
PixelHit 1163, 1572, 22.516, 0
PixelHit 1163, 1574, 2.41643, 0
PixelHit 1163, 1578, 1.54121, 0
PixelHit 1164, 1559, 0.50113, 0
PixelHit 1164, 1560, 4.34287, 0
PixelHit 1164, 1562, 2.99407, 0
PixelHit 1164, 1563, 5.34995, 0
PixelHit 1164, 1564, 10.3634, 0
PixelHit 1164, 1565, 33.0636, 0
PixelHit 1164, 1566, 28.6626, 0
PixelHit 1164, 1567, 19.2454, 0
PixelHit 1164, 1568, 39.1692, 0
PixelHit 1164, 1569, 25.4221, 0
PixelHit 1164, 1570, 16.5472, 0
PixelHit 1164, 1571, 11.8736, 0
PixelHit 1164, 1572, 1.88657, 0
PixelHit 1165, 1558, 2.73062, 0
PixelHit 1165, 1559, 10.375, 0
PixelHit 1165, 1560, 19.3223, 0
PixelHit 1165, 1561, 26.5876, 0
PixelHit 1165, 1562, 21.0737, 0
PixelHit 1165, 1563, 14.6213, 0
PixelHit 1165, 1564, 19.4985, 0
PixelHit 1165, 1565, 31.3261, 0
PixelHit 1165, 1566, 18.3777, 0
PixelHit 1165, 1567, 15.2161, 0
PixelHit 1165, 1568, 4.30144, 0
PixelHit 1165, 1569, 5.4553, 0
PixelHit 1165, 1570, 2.31039, 0
PixelHit 1166, 1553, 2.30179, 0
PixelHit 1166, 1554, 2.55955, 0
PixelHit 1166, 1555, 4.51165, 0
PixelHit 1166, 1556, 7.64138, 0
PixelHit 1166, 1557, 13.2849, 0
PixelHit 1166, 1558, 19.951, 0
PixelHit 1166, 1559, 36.4075, 0
PixelHit 1166, 1560, 63.5519, 0
PixelHit 1166, 1561, 66.0683, 0
PixelHit 1166, 1562, 27.6186, 0
PixelHit 1166, 1563, 22.0885, 0
PixelHit 1166, 1564, 9.84801, 0
PixelHit 1166, 1565, 14.5425, 0
PixelHit 1166, 1566, 8.39606, 0
PixelHit 1166, 1567, 6.73128, 0
PixelHit 1167, 1552, 1.09637, 0
PixelHit 1167, 1553, 3.52043, 0
PixelHit 1167, 1554, 9.48274, 0
PixelHit 1167, 1555, 12.7729, 0
PixelHit 1167, 1556, 40.8241, 0
PixelHit 1167, 1557, 33.6872, 0
PixelHit 1167, 1558, 49.3406, 0
PixelHit 1167, 1559, 34.9988, 0
PixelHit 1167, 1560, 64.3879, 0
PixelHit 1167, 1561, 40.4445, 0
PixelHit 1167, 1562, 17.3609, 0
PixelHit 1167, 1563, 5.5524, 0
PixelHit 1167, 1564, 1.20736, 0
PixelHit 1167, 1565, 2.21517, 0
PixelHit 1167, 1566, 1.98289, 0
PixelHit 1168, 1545, 0.765535, 0
PixelHit 1168, 1548, 0.738085, 0
PixelHit 1168, 1549, 3.82405, 0
PixelHit 1168, 1550, 2.67067, 0
PixelHit 1168, 1551, 3.2019, 0
PixelHit 1168, 1553, 4.8983, 0
PixelHit 1168, 1554, 10.6506, 0
PixelHit 1168, 1555, 24.5325, 0
PixelHit 1168, 1556, 38.5694, 0
PixelHit 1168, 1557, 32.5129, 0
PixelHit 1168, 1558, 24.2797, 0
PixelHit 1168, 1559, 25.0704, 0
PixelHit 1168, 1560, 19.5384, 0
PixelHit 1168, 1561, 14.3536, 0
PixelHit 1168, 1562, 6.83141, 0
PixelHit 1169, 1544, 2.87474, 0
PixelHit 1169, 1545, 1.56531, 0
PixelHit 1169, 1546, 1.39706, 0
PixelHit 1169, 1547, 11.1475, 0
PixelHit 1169, 1548, 12.3922, 0
PixelHit 1169, 1549, 17.0073, 0
PixelHit 1169, 1550, 9.53803, 0
PixelHit 1169, 1551, 9.0778, 0
PixelHit 1169, 1553, 4.67538, 0
PixelHit 1169, 1554, 8.52983, 0
PixelHit 1169, 1555, 10.6441, 0
PixelHit 1169, 1556, 13.1529, 0
PixelHit 1169, 1557, 16.3351, 0
PixelHit 1169, 1558, 13.0603, 0
PixelHit 1169, 1559, 0.968144, 0
PixelHit 1170, 1540, 3.71373, 0
PixelHit 1170, 1541, 10.1443, 0
PixelHit 1170, 1542, 3.78861, 0
PixelHit 1170, 1543, 10.2279, 0
PixelHit 1170, 1544, 16.6846, 0
PixelHit 1170, 1545, 30.333, 0
PixelHit 1170, 1546, 36.1472, 0
PixelHit 1170, 1547, 28.3734, 0
PixelHit 1170, 1548, 33.7076, 0
PixelHit 1170, 1549, 25.6137, 0
PixelHit 1170, 1550, 16.6092, 0
PixelHit 1170, 1551, 20.1987, 0
PixelHit 1170, 1552, 2.54978, 0
PixelHit 1170, 1554, 4.05685, 0
PixelHit 1170, 1555, 2.83858, 0
PixelHit 1170, 1556, 4.05313, 0
PixelHit 1170, 1558, 2.49241, 0
PixelHit 1171, 1538, 2.30254, 0
PixelHit 1171, 1539, 2.47276, 0
PixelHit 1171, 1540, 2.71401, 0
PixelHit 1171, 1541, 8.29899, 0
PixelHit 1171, 1542, 19.7076, 0
PixelHit 1171, 1543, 34.8161, 0
PixelHit 1171, 1544, 38.905, 0
PixelHit 1171, 1545, 46.5648, 0
PixelHit 1171, 1546, 61.5732, 0
PixelHit 1171, 1547, 46.6308, 0
PixelHit 1171, 1548, 32.1973, 0
PixelHit 1171, 1549, 24.1855, 0
PixelHit 1171, 1550, 12.9112, 0
PixelHit 1171, 1551, 6.39213, 0
PixelHit 1171, 1553, 1.42499, 0
PixelHit 1171, 1557, 1.41157, 0
PixelHit 1172, 1537, 4.31736, 0
PixelHit 1172, 1538, 6.12823, 0
PixelHit 1172, 1539, 6.74143, 0
PixelHit 1172, 1540, 10.2784, 0
PixelHit 1172, 1541, 15.7369, 0
PixelHit 1172, 1542, 43.302, 0
PixelHit 1172, 1543, 54.4713, 0
PixelHit 1172, 1544, 55.2937, 0
PixelHit 1172, 1545, 59.9552, 0
PixelHit 1172, 1546, 42.2093, 0
PixelHit 1172, 1547, 30.8973, 0
PixelHit 1172, 1548, 20.4379, 0
PixelHit 1172, 1549, 9.41495, 0
PixelHit 1172, 1550, 6.78564, 0
PixelHit 1172, 1551, 1.77013, 0
PixelHit 1172, 1552, 1.58131, 0
PixelHit 1173, 1536, 3.33606, 0
PixelHit 1173, 1537, 5.33991, 0
PixelHit 1173, 1538, 11.3224, 0
PixelHit 1173, 1539, 13.1035, 0
PixelHit 1173, 1540, 12.7512, 0
PixelHit 1173, 1541, 27.7151, 0
PixelHit 1173, 1542, 39.3919, 0
PixelHit 1173, 1543, 40.4601, 0
PixelHit 1173, 1544, 48.4121, 0
PixelHit 1173, 1545, 19.819, 0
PixelHit 1173, 1546, 16.9859, 0
PixelHit 1173, 1547, 8.3219, 0
PixelHit 1173, 1548, 9.9018, 0
PixelHit 1174, 1535, 2.07449, 0
PixelHit 1174, 1536, 2.99688, 0
PixelHit 1174, 1537, 8.99786, 0
PixelHit 1174, 1538, 14.3141, 0
PixelHit 1174, 1539, 21.577, 0
PixelHit 1174, 1540, 18.0517, 0
PixelHit 1174, 1541, 23.0754, 0
PixelHit 1174, 1542, 13.1657, 0
PixelHit 1174, 1543, 25.9861, 0
PixelHit 1174, 1544, 13.2568, 0
PixelHit 1174, 1545, 10.0903, 0
PixelHit 1174, 1546, 1.83297, 0
PixelHit 1174, 1547, 1.74645, 0
PixelHit 1175, 1535, 1.85207, 0
PixelHit 1175, 1536, 0.903498, 0
PixelHit 1175, 1537, 9.71375, 0
PixelHit 1175, 1538, 7.88314, 0
PixelHit 1175, 1539, 16.6339, 0
PixelHit 1175, 1540, 6.45602, 0
PixelHit 1175, 1541, 6.78809, 0
PixelHit 1175, 1542, 8.91799, 0
PixelHit 1175, 1543, 4.82936, 0
PixelHit 1175, 1545, 2.93727, 0
PixelHit 1176, 1535, 0.648222, 0
PixelHit 1176, 1537, 6.35398, 0
PixelHit 1176, 1538, 6.15147, 0
PixelHit 1176, 1539, 3.69374, 0
PixelHit 1176, 1540, 3.63142, 0
PixelHit 1176, 1541, 1.25965, 0
PixelHit 1176, 1542, 1.20982, 0
PixelHit 1177, 1541, 1.4534, 0
PixelHit 1267, 790, 2.91055, 0
PixelHit 1268, 788, 1.52492, 0
PixelHit 1268, 789, 13.9879, 0
PixelHit 1268, 790, 54.578, 0
PixelHit 1268, 791, 7.4175, 0
PixelHit 1269, 784, 2.99174, 0
PixelHit 1269, 785, 5.76418, 0
PixelHit 1269, 786, 9.61573, 0
PixelHit 1269, 787, 10.2004, 0
PixelHit 1269, 788, 4.80283, 0
PixelHit 1269, 789, 6.65305, 0
PixelHit 1269, 790, 17.7032, 0
PixelHit 1270, 781, 1.20304, 0
PixelHit 1270, 782, 3.44717, 0
PixelHit 1270, 784, 8.5516, 0
PixelHit 1270, 785, 42.1553, 0
PixelHit 1270, 786, 23.1777, 0
PixelHit 1270, 787, 6.66237, 0
PixelHit 1270, 788, 5.28811, 0
PixelHit 1271, 778, 5.53313, 0
PixelHit 1271, 779, 9.33714, 0
PixelHit 1271, 780, 29.1735, 0
PixelHit 1271, 781, 39.843, 0
PixelHit 1271, 782, 23.3218, 0
PixelHit 1271, 783, 1.97739, 0
PixelHit 1271, 784, 4.48326, 0
PixelHit 1271, 785, 9.08963, 0
PixelHit 1271, 786, 4.90599, 0
PixelHit 1272, 776, 5.25149, 0
PixelHit 1272, 777, 12.0585, 0
PixelHit 1272, 778, 22.6174, 0
PixelHit 1272, 779, 41.5807, 0
PixelHit 1272, 780, 51.2671, 0
PixelHit 1272, 781, 101.421, 0
PixelHit 1272, 782, 13.9085, 0
PixelHit 1273, 771, 0.972938, 0
PixelHit 1273, 773, 4.25286, 0
PixelHit 1273, 774, 5.2973, 0
PixelHit 1273, 775, 9.5637, 0
PixelHit 1273, 776, 42.4497, 0
PixelHit 1273, 777, 46.9236, 0
PixelHit 1273, 778, 32.7315, 0
PixelHit 1273, 779, 42.9609, 0
PixelHit 1273, 780, 11.8588, 0
PixelHit 1273, 781, 10.1694, 0
PixelHit 1273, 782, 3.66918, 0
PixelHit 1274, 768, 1.76039, 0
PixelHit 1274, 769, 3.48772, 0
PixelHit 1274, 770, 3.48469, 0
PixelHit 1274, 771, 8.05214, 0
PixelHit 1274, 772, 13.6899, 0
PixelHit 1274, 773, 12.7801, 0
PixelHit 1274, 774, 6.70847, 0
PixelHit 1274, 775, 25.6255, 0
PixelHit 1274, 776, 27.4685, 0
PixelHit 1274, 777, 22.1066, 0
PixelHit 1274, 778, 9.91969, 0
PixelHit 1274, 779, 7.29013, 0
PixelHit 1274, 780, 3.78962, 0
PixelHit 1275, 766, 3.87523, 0
PixelHit 1275, 767, 5.53095, 0
PixelHit 1275, 768, 6.7908, 0
PixelHit 1275, 769, 12.9794, 0
PixelHit 1275, 770, 12.7593, 0
PixelHit 1275, 771, 18.4137, 0
PixelHit 1275, 772, 18.7836, 0
PixelHit 1275, 773, 29.2182, 0
PixelHit 1275, 774, 10.7116, 0
PixelHit 1275, 775, 7.40053, 0
PixelHit 1275, 776, 11.1577, 0
PixelHit 1275, 777, 2.79348, 0
PixelHit 1275, 778, 1.9296, 0
PixelHit 1276, 761, 2.36142, 0
PixelHit 1276, 763, 2.39421, 0
PixelHit 1276, 764, 1.326, 0
PixelHit 1276, 765, 11.7683, 0
PixelHit 1276, 766, 9.06729, 0
PixelHit 1276, 767, 8.90829, 0
PixelHit 1276, 768, 22.1342, 0
PixelHit 1276, 769, 40.7871, 0
PixelHit 1276, 770, 25.5631, 0
PixelHit 1276, 771, 18.441, 0
PixelHit 1276, 772, 7.25922, 0
PixelHit 1276, 773, 11.0616, 0
PixelHit 1276, 774, 4.79537, 0
PixelHit 1277, 760, 1.5393, 0
PixelHit 1277, 761, 5.75274, 0
PixelHit 1277, 762, 3.14611, 0
PixelHit 1277, 763, 7.9543, 0
PixelHit 1277, 764, 6.15939, 0
PixelHit 1277, 765, 20.8527, 0
PixelHit 1277, 766, 15.9881, 0
PixelHit 1277, 767, 17.6416, 0
PixelHit 1277, 768, 24.5689, 0
PixelHit 1277, 769, 15.6467, 0
PixelHit 1277, 770, 21.8876, 0
PixelHit 1277, 771, 7.01487, 0
PixelHit 1277, 773, 2.25975, 0
PixelHit 1278, 758, 2.98301, 0
PixelHit 1278, 759, 4.66193, 0
PixelHit 1278, 760, 3.65247, 0
PixelHit 1278, 761, 12.4211, 0
PixelHit 1278, 762, 17.2257, 0
PixelHit 1278, 763, 11.9203, 0
PixelHit 1278, 764, 26.8178, 0
PixelHit 1278, 765, 29.6441, 0
PixelHit 1278, 766, 26.8949, 0
PixelHit 1278, 767, 6.08032, 0
PixelHit 1278, 768, 8.40639, 0
PixelHit 1278, 769, 8.66471, 0
PixelHit 1278, 770, 2.3968, 0
PixelHit 1278, 771, 2.52203, 0
PixelHit 1279, 753, 1.9912, 0
PixelHit 1279, 755, 2.33948, 0
PixelHit 1279, 756, 1.69536, 0
PixelHit 1279, 757, 15.2448, 0
PixelHit 1279, 758, 16.5549, 0
PixelHit 1279, 759, 11.0258, 0
PixelHit 1279, 760, 23.9886, 0
PixelHit 1279, 761, 22.0638, 0
PixelHit 1279, 762, 22.0443, 0
PixelHit 1279, 763, 29.7404, 0
PixelHit 1279, 764, 21.6256, 0
PixelHit 1279, 765, 11.0328, 0
PixelHit 1279, 766, 6.53154, 0
PixelHit 1279, 767, 4.21496, 0
PixelHit 1279, 768, 2.25031, 0
PixelHit 1279, 769, 2.61524, 0
PixelHit 1280, 753, 4.41287, 0
PixelHit 1280, 754, 4.21151, 0
PixelHit 1280, 755, 20.896, 0
PixelHit 1280, 756, 22.3645, 0
PixelHit 1280, 757, 25.3753, 0
PixelHit 1280, 758, 45.0412, 0
PixelHit 1280, 759, 21.3516, 0
PixelHit 1280, 760, 23.7367, 0
PixelHit 1280, 761, 29.0541, 0
PixelHit 1280, 762, 16.7706, 0
PixelHit 1280, 763, 14.8609, 0
PixelHit 1280, 764, 7.31328, 0
PixelHit 1280, 765, 3.62993, 0
PixelHit 1281, 748, 1.43561, 0
PixelHit 1281, 749, 1.67096, 0
PixelHit 1281, 751, 5.09228, 0
PixelHit 1281, 752, 5.55391, 0
PixelHit 1281, 753, 13.7362, 0
PixelHit 1281, 754, 20.9751, 0
PixelHit 1281, 755, 16.2364, 0
PixelHit 1281, 756, 31.1075, 0
PixelHit 1281, 757, 41.9037, 0
PixelHit 1281, 758, 41.8598, 0
PixelHit 1281, 759, 15.0242, 0
PixelHit 1281, 760, 15.4727, 0
PixelHit 1281, 761, 9.36246, 0
PixelHit 1281, 764, 2.29921, 0
PixelHit 1282, 747, 3.22474, 0
PixelHit 1282, 748, 1.69603, 0
PixelHit 1282, 749, 9.18073, 0
PixelHit 1282, 750, 6.21757, 0
PixelHit 1282, 751, 12.1903, 0
PixelHit 1282, 752, 11.9783, 0
PixelHit 1282, 753, 10.2864, 0
PixelHit 1282, 754, 26.7322, 0
PixelHit 1282, 755, 28.5155, 0
PixelHit 1282, 756, 18.0881, 0
PixelHit 1282, 757, 19.9643, 0
PixelHit 1282, 758, 20.6386, 0
PixelHit 1282, 759, 7.9205, 0
PixelHit 1282, 760, 7.17713, 0
PixelHit 1283, 747, 2.66971, 0
PixelHit 1283, 748, 11.5835, 0
PixelHit 1283, 749, 13.8125, 0
PixelHit 1283, 750, 18.1056, 0
PixelHit 1283, 751, 15.8401, 0
PixelHit 1283, 752, 21.4712, 0
PixelHit 1283, 753, 15.8222, 0
PixelHit 1283, 754, 24.3033, 0
PixelHit 1283, 755, 10.1318, 0
PixelHit 1283, 756, 14.744, 0
PixelHit 1283, 757, 15.2447, 0
PixelHit 1283, 758, 2.36411, 0
PixelHit 1284, 746, 7.06076, 0
PixelHit 1284, 747, 16.2738, 0
PixelHit 1284, 748, 9.52579, 0
PixelHit 1284, 749, 7.72465, 0
PixelHit 1284, 750, 13.6364, 0
PixelHit 1284, 751, 11.6285, 0
PixelHit 1284, 752, 6.6664, 0
PixelHit 1284, 753, 11.5037, 0
PixelHit 1284, 754, 6.09658, 0
PixelHit 1284, 755, 5.51413, 0
PixelHit 1285, 745, 0.612129, 0
PixelHit 1285, 747, 8.90396, 0
PixelHit 1285, 748, 13.7196, 0
PixelHit 1285, 749, 5.30351, 0
PixelHit 1285, 750, 4.20592, 0
PixelHit 1285, 751, 4.13919, 0
PixelHit 1285, 752, 4.49838, 0
PixelHit 1285, 754, 1.79473, 0
PixelHit 1285, 755, 1.67957, 0
PixelHit 1286, 746, 2.28834, 0
PixelHit 1286, 749, 3.41459, 0
PixelHit 1286, 750, 2.30308, 0
PixelHit 1286, 752, 1.81476, 0
PixelHit 1286, 755, 1.21312, 0
=== 87 ===
=== 88 ===
=== 89 ===
=== 90 ===
--- mydetector ---
PixelHit 1283, 722, 2.5872, 0
PixelHit 1283, 723, 0.457149, 0
PixelHit 1284, 720, 1.57807, 0
PixelHit 1284, 721, 20.3887, 0
PixelHit 1284, 722, 136.711, 0
PixelHit 1284, 723, 67.2883, 0
PixelHit 1284, 724, 4.09919, 0
PixelHit 1285, 716, 2.44402, 0
PixelHit 1285, 717, 12.334, 0
PixelHit 1285, 718, 1.27961, 0
PixelHit 1285, 719, 23.6391, 0
PixelHit 1285, 720, 39.778, 0
PixelHit 1285, 721, 39.761, 0
PixelHit 1285, 722, 47.8446, 0
PixelHit 1285, 723, 17.7506, 0
PixelHit 1286, 714, 4.54615, 0
PixelHit 1286, 715, 9.99247, 0
PixelHit 1286, 716, 35.2198, 0
PixelHit 1286, 717, 59.5483, 0
PixelHit 1286, 718, 22.6561, 0
PixelHit 1286, 719, 6.49004, 0
PixelHit 1286, 720, 15.4438, 0
PixelHit 1287, 709, 0.594368, 0
PixelHit 1287, 710, 5.45728, 0
PixelHit 1287, 711, 1.16979, 0
PixelHit 1287, 712, 11.3393, 0
PixelHit 1287, 713, 17.6856, 0
PixelHit 1287, 714, 30.8204, 0
PixelHit 1287, 715, 38.8239, 0
PixelHit 1287, 716, 47.7119, 0
PixelHit 1287, 717, 53.3924, 0
PixelHit 1287, 718, 9.31753, 0
PixelHit 1288, 709, 12.8147, 0
PixelHit 1288, 710, 22.3532, 0
PixelHit 1288, 711, 8.80629, 0
PixelHit 1288, 712, 29.7977, 0
PixelHit 1288, 713, 43.4518, 0
PixelHit 1288, 714, 39.1367, 0
PixelHit 1288, 715, 21.828, 0
PixelHit 1288, 716, 7.04686, 0
PixelHit 1288, 717, 2.41375, 0
PixelHit 1289, 700, 1.7248, 0
PixelHit 1289, 701, 1.96068, 0
PixelHit 1289, 703, 2.1615, 0
PixelHit 1289, 705, 1.41218, 0
PixelHit 1289, 706, 12.9099, 0
PixelHit 1289, 707, 13.6452, 0
PixelHit 1289, 708, 15.0446, 0
PixelHit 1289, 709, 34.6074, 0
PixelHit 1289, 710, 46.9987, 0
PixelHit 1289, 711, 17.3049, 0
PixelHit 1289, 712, 13.5066, 0
PixelHit 1289, 713, 15.6237, 0
PixelHit 1289, 714, 6.97941, 0
PixelHit 1290, 700, 2.22729, 0
PixelHit 1290, 701, 4.90595, 0
PixelHit 1290, 702, 4.92247, 0
PixelHit 1290, 703, 15.9987, 0
PixelHit 1290, 704, 5.1104, 0
PixelHit 1290, 705, 21.9597, 0
PixelHit 1290, 706, 56.5754, 0
PixelHit 1290, 707, 47.8398, 0
PixelHit 1290, 708, 17.3603, 0
PixelHit 1290, 709, 19.1871, 0
PixelHit 1290, 710, 26.324, 0
PixelHit 1290, 711, 9.11559, 0
PixelHit 1290, 713, 1.89832, 0
PixelHit 1291, 698, 2.74393, 0
PixelHit 1291, 699, 10.7184, 0
PixelHit 1291, 700, 28.929, 0
PixelHit 1291, 701, 53.8587, 0
PixelHit 1291, 702, 36.0682, 0
PixelHit 1291, 703, 43.6843, 0
PixelHit 1291, 704, 17.1494, 0
PixelHit 1291, 705, 31.5559, 0
PixelHit 1291, 706, 55.7659, 0
PixelHit 1291, 707, 37.9088, 0
PixelHit 1291, 708, 3.60311, 0
PixelHit 1291, 709, 2.96013, 0
PixelHit 1291, 710, 3.06778, 0
PixelHit 1291, 711, 2.59593, 0
PixelHit 1292, 692, 0.829322, 0
PixelHit 1292, 697, 3.92078, 0
PixelHit 1292, 698, 4.12859, 0
PixelHit 1292, 699, 27.4674, 0
PixelHit 1292, 700, 106.659, 0
PixelHit 1292, 701, 135.296, 0
PixelHit 1292, 702, 79.6429, 0
PixelHit 1292, 703, 51.0692, 0
PixelHit 1292, 704, 8.75971, 0
PixelHit 1292, 705, 11.9266, 0
PixelHit 1292, 706, 11.3743, 0
PixelHit 1292, 707, 8.66484, 0
PixelHit 1292, 708, 2.80502, 0
PixelHit 1293, 693, 1.24625, 0
PixelHit 1293, 695, 3.61432, 0
PixelHit 1293, 696, 13.4093, 0
PixelHit 1293, 697, 10.7258, 0
PixelHit 1293, 698, 15.4099, 0
PixelHit 1293, 699, 50.5228, 0
PixelHit 1293, 700, 133.975, 0
PixelHit 1293, 701, 162.815, 0
PixelHit 1293, 702, 67.8679, 0
PixelHit 1293, 703, 21.2082, 0
PixelHit 1293, 704, 2.63843, 0
PixelHit 1293, 705, 3.32212, 0
PixelHit 1293, 706, 2.18055, 0
PixelHit 1293, 1053, 7.64975, 0
PixelHit 1293, 1054, 11.8258, 0
PixelHit 1293, 1055, 10.7746, 0
PixelHit 1293, 1056, 19.8514, 0
PixelHit 1293, 1057, 1.55692, 0
PixelHit 1294, 688, 1.04576, 0
PixelHit 1294, 690, 9.85951, 0
PixelHit 1294, 691, 2.59905, 0
PixelHit 1294, 692, 5.1617, 0
PixelHit 1294, 693, 5.9936, 0
PixelHit 1294, 694, 10.3068, 0
PixelHit 1294, 695, 17.5742, 0
PixelHit 1294, 696, 16.071, 0
PixelHit 1294, 697, 20.7952, 0
PixelHit 1294, 698, 15.1883, 0
PixelHit 1294, 699, 15.443, 0
PixelHit 1294, 700, 35.1101, 0
PixelHit 1294, 701, 36.833, 0
PixelHit 1294, 702, 16.4818, 0
PixelHit 1294, 703, 5.46743, 0
PixelHit 1294, 704, 4.40326, 0
PixelHit 1294, 1050, 2.10109, 0
PixelHit 1294, 1051, 9.02173, 0
PixelHit 1294, 1052, 27.8211, 0
PixelHit 1294, 1053, 104.654, 0
PixelHit 1294, 1054, 89.5914, 0
PixelHit 1294, 1055, 15.8144, 0
PixelHit 1294, 1056, 4.23322, 0
PixelHit 1295, 686, 2.01125, 0
PixelHit 1295, 687, 3.09431, 0
PixelHit 1295, 688, 2.49664, 0
PixelHit 1295, 689, 9.15178, 0
PixelHit 1295, 690, 26.5121, 0
PixelHit 1295, 691, 20.4081, 0
PixelHit 1295, 692, 11.0776, 0
PixelHit 1295, 693, 11.4184, 0
PixelHit 1295, 694, 14.3377, 0
PixelHit 1295, 695, 8.84201, 0
PixelHit 1295, 696, 11.4438, 0
PixelHit 1295, 697, 13.2695, 0
PixelHit 1295, 698, 5.47736, 0
PixelHit 1295, 699, 5.72136, 0
PixelHit 1295, 700, 3.80338, 0
PixelHit 1295, 702, 2.17139, 0
PixelHit 1295, 1044, 0.63139, 0
PixelHit 1295, 1045, 6.15933, 0
PixelHit 1295, 1046, 44.7798, 0
PixelHit 1295, 1047, 53.6841, 0
PixelHit 1295, 1048, 15.0174, 0
PixelHit 1295, 1049, 11.7227, 0
PixelHit 1295, 1050, 15.782, 0
PixelHit 1295, 1051, 51.4282, 0
PixelHit 1295, 1052, 41.317, 0
PixelHit 1295, 1053, 18.8524, 0
PixelHit 1295, 1054, 4.9648, 0
PixelHit 1296, 682, 1.14368, 0
PixelHit 1296, 684, 3.52688, 0
PixelHit 1296, 685, 2.17855, 0
PixelHit 1296, 686, 4.97093, 0
PixelHit 1296, 687, 16.5463, 0
PixelHit 1296, 688, 18.8894, 0
PixelHit 1296, 689, 37.4564, 0
PixelHit 1296, 690, 43.4692, 0
PixelHit 1296, 691, 33.2633, 0
PixelHit 1296, 692, 22.1778, 0
PixelHit 1296, 693, 10.9387, 0
PixelHit 1296, 694, 2.8229, 0
PixelHit 1296, 695, 8.43077, 0
PixelHit 1296, 696, 5.18564, 0
PixelHit 1296, 697, 4.58541, 0
PixelHit 1296, 1043, 6.13259, 0
PixelHit 1296, 1044, 25.4448, 0
PixelHit 1296, 1045, 88.0772, 0
PixelHit 1296, 1046, 510.097, 0
PixelHit 1296, 1047, 512.009, 0
PixelHit 1296, 1048, 92.4944, 0
PixelHit 1296, 1049, 19.8959, 0
PixelHit 1296, 1050, 10.7949, 0
PixelHit 1296, 1051, 3.93287, 0
PixelHit 1296, 1052, 0.055057, 0
PixelHit 1297, 680, 2.88848, 0
PixelHit 1297, 682, 5.16978, 0
PixelHit 1297, 683, 3.22255, 0
PixelHit 1297, 684, 12.7929, 0
PixelHit 1297, 685, 16.6137, 0
PixelHit 1297, 686, 28.4723, 0
PixelHit 1297, 687, 48.8683, 0
PixelHit 1297, 688, 42.368, 0
PixelHit 1297, 689, 44.3199, 0
PixelHit 1297, 690, 56.2278, 0
PixelHit 1297, 691, 26.3129, 0
PixelHit 1297, 692, 10.6514, 0
PixelHit 1297, 694, 3.77309, 0
PixelHit 1297, 695, 5.21875, 0
PixelHit 1297, 1037, 0.442637, 0
PixelHit 1297, 1038, 0.81922, 0
PixelHit 1297, 1039, 1.41448, 0
PixelHit 1297, 1040, 8.96559, 0
PixelHit 1297, 1041, 3.78159, 0
PixelHit 1297, 1042, 2.81113, 0
PixelHit 1297, 1043, 18.7946, 0
PixelHit 1297, 1044, 71.8823, 0
PixelHit 1297, 1045, 166.359, 0
PixelHit 1297, 1046, 529.036, 0
PixelHit 1297, 1047, 412.278, 0
PixelHit 1297, 1048, 41.2829, 0
PixelHit 1297, 1049, 4.95214, 0
PixelHit 1298, 678, 4.61252, 0
PixelHit 1298, 679, 2.82159, 0
PixelHit 1298, 680, 10.289, 0
PixelHit 1298, 681, 9.78361, 0
PixelHit 1298, 682, 15.1138, 0
PixelHit 1298, 683, 11.4302, 0
PixelHit 1298, 684, 19.3744, 0
PixelHit 1298, 685, 45.9598, 0
PixelHit 1298, 686, 38.7038, 0
PixelHit 1298, 687, 48.6759, 0
PixelHit 1298, 688, 33.6962, 0
PixelHit 1298, 689, 25.828, 0
PixelHit 1298, 690, 30.0784, 0
PixelHit 1298, 691, 13.6702, 0
PixelHit 1298, 693, 1.23109, 0
PixelHit 1298, 694, 1.25962, 0
PixelHit 1298, 1034, 1.05708, 0
PixelHit 1298, 1035, 2.10631, 0
PixelHit 1298, 1036, 3.81661, 0
PixelHit 1298, 1037, 7.71857, 0
PixelHit 1298, 1038, 22.1785, 0
PixelHit 1298, 1039, 18.4387, 0
PixelHit 1298, 1040, 38.5095, 0
PixelHit 1298, 1041, 26.366, 0
PixelHit 1298, 1042, 18.8886, 0
PixelHit 1298, 1043, 7.98548, 0
PixelHit 1298, 1044, 25.2047, 0
PixelHit 1298, 1045, 55.2244, 0
PixelHit 1298, 1046, 49.0232, 0
PixelHit 1298, 1047, 46.6074, 0
PixelHit 1298, 1048, 5.0107, 0
PixelHit 1299, 678, 1.71643, 0
PixelHit 1299, 679, 10.0358, 0
PixelHit 1299, 680, 15.1844, 0
PixelHit 1299, 681, 30.6309, 0
PixelHit 1299, 682, 31.7899, 0
PixelHit 1299, 683, 19.3783, 0
PixelHit 1299, 684, 23.6056, 0
PixelHit 1299, 685, 22.2975, 0
PixelHit 1299, 686, 23.7036, 0
PixelHit 1299, 687, 30.7429, 0
PixelHit 1299, 688, 20.1186, 0
PixelHit 1299, 689, 10.6652, 0
PixelHit 1299, 690, 7.30112, 0
PixelHit 1299, 691, 4.66282, 0
PixelHit 1299, 695, 0.870013, 0
PixelHit 1299, 1033, 1.69614, 0
PixelHit 1299, 1034, 5.3581, 0
PixelHit 1299, 1035, 3.52157, 0
PixelHit 1299, 1036, 9.07449, 0
PixelHit 1299, 1037, 48.8555, 0
PixelHit 1299, 1038, 56.6825, 0
PixelHit 1299, 1039, 32.9974, 0
PixelHit 1299, 1040, 27.4455, 0
PixelHit 1299, 1041, 24.7748, 0
PixelHit 1299, 1042, 8.55861, 0
PixelHit 1299, 1043, 2.35587, 0
PixelHit 1299, 1044, 3.74704, 0
PixelHit 1300, 677, 1.39877, 0
PixelHit 1300, 678, 3.24254, 0
PixelHit 1300, 679, 21.4441, 0
PixelHit 1300, 680, 25.8139, 0
PixelHit 1300, 681, 46.9874, 0
PixelHit 1300, 682, 33.1659, 0
PixelHit 1300, 683, 20.1154, 0
PixelHit 1300, 684, 21.594, 0
PixelHit 1300, 685, 12.1371, 0
PixelHit 1300, 686, 24.5122, 0
PixelHit 1300, 687, 6.61461, 0
PixelHit 1300, 688, 2.23228, 0
PixelHit 1300, 689, 4.22584, 0
PixelHit 1300, 690, 0.99836, 0
PixelHit 1300, 1029, -0.341016, 0
PixelHit 1300, 1030, 1.31699, 0
PixelHit 1300, 1031, 6.71851, 0
PixelHit 1300, 1032, 15.1264, 0
PixelHit 1300, 1033, 21.6878, 0
PixelHit 1300, 1034, 19.35, 0
PixelHit 1300, 1035, 8.05693, 0
PixelHit 1300, 1036, 22.573, 0
PixelHit 1300, 1037, 57.5301, 0
PixelHit 1300, 1038, 54.4325, 0
PixelHit 1300, 1039, 24.6276, 0
PixelHit 1300, 1040, 11.2219, 0
PixelHit 1300, 1041, 6.67577, 0
PixelHit 1300, 1042, 5.59908, 0
PixelHit 1300, 1043, 1.66381, 0
PixelHit 1301, 678, 1.40267, 0
PixelHit 1301, 679, 9.76542, 0
PixelHit 1301, 680, 17.909, 0
PixelHit 1301, 681, 18.7848, 0
PixelHit 1301, 682, 20.9676, 0
PixelHit 1301, 683, 8.4549, 0
PixelHit 1301, 684, 7.98519, 0
PixelHit 1301, 685, 2.62496, 0
PixelHit 1301, 686, 2.2394, 0
PixelHit 1301, 687, 0.796815, 0
PixelHit 1301, 1025, 4.21744, 0
PixelHit 1301, 1026, 7.74141, 0
PixelHit 1301, 1027, 4.30161, 0
PixelHit 1301, 1030, 4.61073, 0
PixelHit 1301, 1031, 18.5244, 0
PixelHit 1301, 1032, 34.6868, 0
PixelHit 1301, 1033, 36.4648, 0
PixelHit 1301, 1034, 31.2585, 0
PixelHit 1301, 1035, 16.3708, 0
PixelHit 1301, 1036, 8.49793, 0
PixelHit 1301, 1037, 16.3466, 0
PixelHit 1301, 1038, 15.3769, 0
PixelHit 1301, 1039, 5.78642, 0
PixelHit 1302, 678, 3.16736, 0
PixelHit 1302, 679, 3.76953, 0
PixelHit 1302, 680, 10.0489, 0
PixelHit 1302, 681, 11.982, 0
PixelHit 1302, 682, 6.41417, 0
PixelHit 1302, 683, 4.39871, 0
PixelHit 1302, 684, 2.92383, 0
PixelHit 1302, 685, 0.302101, 0
PixelHit 1302, 1019, 1.84464, 0
PixelHit 1302, 1022, 3.39246, 0
PixelHit 1302, 1023, 4.71226, 0
PixelHit 1302, 1025, 15.4155, 0
PixelHit 1302, 1026, 25.5651, 0
PixelHit 1302, 1027, 29.556, 0
PixelHit 1302, 1028, 16.8189, 0
PixelHit 1302, 1029, 11.8761, 0
PixelHit 1302, 1030, 8.85378, 0
PixelHit 1302, 1031, 20.2385, 0
PixelHit 1302, 1032, 28.0377, 0
PixelHit 1302, 1033, 26.7482, 0
PixelHit 1302, 1034, 16.392, 0
PixelHit 1302, 1035, 4.84278, 0
PixelHit 1302, 1036, 4.50001, 0
PixelHit 1302, 1037, 3.22648, 0
PixelHit 1302, 1038, 2.38599, 0
PixelHit 1303, 680, 0.92864, 0
PixelHit 1303, 681, 1.65406, 0
PixelHit 1303, 1018, 2.32026, 0
PixelHit 1303, 1019, 5.66152, 0
PixelHit 1303, 1020, 3.60841, 0
PixelHit 1303, 1021, 8.99295, 0
PixelHit 1303, 1022, 5.37377, 0
PixelHit 1303, 1023, 5.35825, 0
PixelHit 1303, 1024, 16.9002, 0
PixelHit 1303, 1025, 46.9173, 0
PixelHit 1303, 1026, 83.7741, 0
PixelHit 1303, 1027, 74.3604, 0
PixelHit 1303, 1028, 30.2676, 0
PixelHit 1303, 1029, 7.93996, 0
PixelHit 1303, 1030, 4.99823, 0
PixelHit 1303, 1031, 5.40087, 0
PixelHit 1303, 1032, 7.07423, 0
PixelHit 1303, 1033, 7.91408, 0
PixelHit 1304, 683, 1.79102, 0
PixelHit 1304, 1014, 2.09695, 0
PixelHit 1304, 1016, 1.86651, 0
PixelHit 1304, 1017, 7.18275, 0
PixelHit 1304, 1018, 6.06468, 0
PixelHit 1304, 1019, 13.6605, 0
PixelHit 1304, 1020, 26.4258, 0
PixelHit 1304, 1021, 22.0737, 0
PixelHit 1304, 1022, 29.1261, 0
PixelHit 1304, 1023, 19.6945, 0
PixelHit 1304, 1024, 27.2059, 0
PixelHit 1304, 1025, 38.0874, 0
PixelHit 1304, 1026, 75.5812, 0
PixelHit 1304, 1027, 78.2645, 0
PixelHit 1304, 1028, 33.4069, 0
PixelHit 1304, 1029, 8.41356, 0
PixelHit 1304, 1030, 1.08647, 0
PixelHit 1304, 1031, 3.53065, 0
PixelHit 1305, 1014, 1.82946, 0
PixelHit 1305, 1015, 2.93652, 0
PixelHit 1305, 1016, 4.62241, 0
PixelHit 1305, 1017, 9.02968, 0
PixelHit 1305, 1018, 17.8429, 0
PixelHit 1305, 1019, 27.668, 0
PixelHit 1305, 1020, 59.4892, 0
PixelHit 1305, 1021, 65.4753, 0
PixelHit 1305, 1022, 31.5148, 0
PixelHit 1305, 1023, 21.738, 0
PixelHit 1305, 1024, 27.8525, 0
PixelHit 1305, 1025, 17.786, 0
PixelHit 1305, 1026, 27.4655, 0
PixelHit 1305, 1027, 21.4438, 0
PixelHit 1305, 1028, 6.05411, 0
PixelHit 1305, 1029, 1.27833, 0
PixelHit 1305, 1030, 1.65808, 0
PixelHit 1306, 1010, 2.36301, 0
PixelHit 1306, 1011, 3.33022, 0
PixelHit 1306, 1012, 4.71327, 0
PixelHit 1306, 1013, 0.227283, 0
PixelHit 1306, 1014, 5.24873, 0
PixelHit 1306, 1015, 17.3212, 0
PixelHit 1306, 1016, 10.6308, 0
PixelHit 1306, 1017, 38.5096, 0
PixelHit 1306, 1018, 42.95, 0
PixelHit 1306, 1019, 33.0011, 0
PixelHit 1306, 1020, 53.6992, 0
PixelHit 1306, 1021, 52.4039, 0
PixelHit 1306, 1022, 40.853, 0
PixelHit 1306, 1023, 16.2918, 0
PixelHit 1306, 1024, 6.07244, 0
PixelHit 1306, 1025, 6.41667, 0
PixelHit 1306, 1026, 4.83426, 0
PixelHit 1306, 1027, 3.4866, 0
PixelHit 1306, 1028, 3.30829, 0
PixelHit 1306, 1029, 1.29692, 0
PixelHit 1307, 1010, 7.02782, 0
PixelHit 1307, 1011, 8.34497, 0
PixelHit 1307, 1012, 7.41978, 0
PixelHit 1307, 1013, 13.4089, 0
PixelHit 1307, 1014, 16.6388, 0
PixelHit 1307, 1015, 8.02809, 0
PixelHit 1307, 1016, 30.4801, 0
PixelHit 1307, 1017, 38.1619, 0
PixelHit 1307, 1018, 29.7222, 0
PixelHit 1307, 1019, 16.837, 0
PixelHit 1307, 1020, 20.424, 0
PixelHit 1307, 1021, 21.2305, 0
PixelHit 1307, 1022, 8.31766, 0
PixelHit 1307, 1023, -0.85339, 0
PixelHit 1308, 1010, 4.71438, 0
PixelHit 1308, 1011, 14.1874, 0
PixelHit 1308, 1012, 19.3664, 0
PixelHit 1308, 1013, 23.4096, 0
PixelHit 1308, 1014, 13.8481, 0
PixelHit 1308, 1015, 4.44776, 0
PixelHit 1308, 1016, 15.6396, 0
PixelHit 1308, 1017, 18.8231, 0
PixelHit 1308, 1018, 11.0665, 0
PixelHit 1308, 1019, 5.60177, 0
PixelHit 1308, 1020, 9.78498, 0
PixelHit 1308, 1021, 5.17512, 0
PixelHit 1308, 1022, 2.4166, 0
PixelHit 1309, 1009, 5.27193, 0
PixelHit 1309, 1010, 12.4282, 0
PixelHit 1309, 1011, 8.45539, 0
PixelHit 1309, 1012, 19.7645, 0
PixelHit 1309, 1013, 11.3548, 0
PixelHit 1309, 1014, 8.66926, 0
PixelHit 1309, 1015, 5.99502, 0
PixelHit 1309, 1016, 5.55345, 0
PixelHit 1309, 1017, 3.95827, 0
PixelHit 1309, 1018, 1.97949, 0
PixelHit 1309, 1020, 2.5763, 0
PixelHit 1310, 1010, 3.90726, 0
PixelHit 1310, 1011, 4.44833, 0
PixelHit 1310, 1012, 14.8336, 0
PixelHit 1310, 1013, 10.2535, 0
PixelHit 1311, 1009, 3.96227, 0
PixelHit 1311, 1010, 2.59103, 0
PixelHit 1311, 1012, 3.38277, 0
PixelHit 1311, 1013, 2.50508, 0
PixelHit 1311, 1014, 1.42518, 0
PixelHit 1312, 1010, 1.37024, 0
=== 91 ===
=== 92 ===
=== 93 ===
=== 94 ===
--- mydetector ---
PixelHit 1315, 990, 1.47635, 0
PixelHit 1315, 991, 45.2185, 0
PixelHit 1315, 992, 15.6603, 0
PixelHit 1316, 985, 0.969272, 0
PixelHit 1316, 986, 3.89766, 0
PixelHit 1316, 987, 1.86089, 0
PixelHit 1316, 988, 8.3296, 0
PixelHit 1316, 989, 12.4979, 0
PixelHit 1316, 990, 17.1631, 0
PixelHit 1316, 991, 167.834, 0
PixelHit 1316, 992, 43.2611, 0
PixelHit 1317, 983, 5.00561, 0
PixelHit 1317, 984, 18.1823, 0
PixelHit 1317, 985, 34.444, 0
PixelHit 1317, 986, 45.495, 0
PixelHit 1317, 987, 28.8975, 0
PixelHit 1317, 988, 12.2161, 0
PixelHit 1317, 989, 5.071, 0
PixelHit 1318, 977, -0.0992882, 0
PixelHit 1318, 979, 0.96486, 0
PixelHit 1318, 981, 9.53993, 0
PixelHit 1318, 982, 9.53292, 0
PixelHit 1318, 983, 55.4971, 0
PixelHit 1318, 984, 144.808, 0
PixelHit 1318, 985, 148.844, 0
PixelHit 1318, 986, 70.7512, 0
PixelHit 1318, 987, 7.12895, 0
PixelHit 1319, 975, 4.40555, 0
PixelHit 1319, 976, 6.7298, 0
PixelHit 1319, 977, 34.2205, 0
PixelHit 1319, 978, 8.45737, 0
PixelHit 1319, 979, 8.45786, 0
PixelHit 1319, 980, 22.4075, 0
PixelHit 1319, 981, 37.4847, 0
PixelHit 1319, 982, 34.0783, 0
PixelHit 1319, 983, 47.7725, 0
PixelHit 1319, 984, 79.5296, 0
PixelHit 1319, 985, 40.1611, 0
PixelHit 1319, 987, 2.37627, 0
PixelHit 1320, 968, 0.869957, 0
PixelHit 1320, 974, 4.90278, 0
PixelHit 1320, 975, 25.531, 0
PixelHit 1320, 976, 189.83, 0
PixelHit 1320, 977, 261.053, 0
PixelHit 1320, 978, 78.9938, 0
PixelHit 1320, 979, 30.5409, 0
PixelHit 1320, 980, 24.4449, 0
PixelHit 1320, 981, 14.6447, 0
PixelHit 1320, 982, 8.38335, 0
PixelHit 1320, 983, 4.83208, 0
PixelHit 1320, 984, 7.06833, 0
PixelHit 1320, 985, 1.68696, 0
PixelHit 1321, 971, 3.4574, 0
PixelHit 1321, 972, 3.20099, 0
PixelHit 1321, 973, 2.22589, 0
PixelHit 1321, 974, 3.11383, 0
PixelHit 1321, 975, 66.2167, 0
PixelHit 1321, 976, 434.318, 0
PixelHit 1321, 977, 572.853, 0
PixelHit 1321, 978, 127.217, 0
PixelHit 1321, 979, 10.72, 0
PixelHit 1321, 980, 3.53975, 0
PixelHit 1321, 981, 2.81569, 0
PixelHit 1322, 967, 2.43516, 0
PixelHit 1322, 968, 5.61036, 0
PixelHit 1322, 969, 6.63217, 0
PixelHit 1322, 970, 17.0245, 0
PixelHit 1322, 971, 30.4928, 0
PixelHit 1322, 972, 23.3449, 0
PixelHit 1322, 973, 12.0554, 0
PixelHit 1322, 974, 7.7793, 0
PixelHit 1322, 975, 29.4392, 0
PixelHit 1322, 976, 174.676, 0
PixelHit 1322, 977, 245.979, 0
PixelHit 1322, 978, 55.1573, 0
PixelHit 1322, 979, 4.11346, 0
PixelHit 1323, 962, 2.30136, 0
PixelHit 1323, 963, 3.06932, 0
PixelHit 1323, 964, 3.04138, 0
PixelHit 1323, 965, 4.98941, 0
PixelHit 1323, 966, 11.8357, 0
PixelHit 1323, 967, 16.8743, 0
PixelHit 1323, 968, 22.0598, 0
PixelHit 1323, 969, 10.9062, 0
PixelHit 1323, 970, 21.1702, 0
PixelHit 1323, 971, 34.8872, 0
PixelHit 1323, 972, 32.3274, 0
PixelHit 1323, 973, 11.9988, 0
PixelHit 1323, 974, 3.4488, 0
PixelHit 1323, 975, 2.2142, 0
PixelHit 1323, 976, 14.0098, 0
PixelHit 1323, 977, 16.8377, 0
PixelHit 1324, 962, 1.48896, 0
PixelHit 1324, 963, 15.9124, 0
PixelHit 1324, 964, 16.7934, 0
PixelHit 1324, 965, 28.3644, 0
PixelHit 1324, 966, 18.6397, 0
PixelHit 1324, 967, 35.8248, 0
PixelHit 1324, 968, 28.3106, 0
PixelHit 1324, 969, 24.099, 0
PixelHit 1324, 970, 18.2975, 0
PixelHit 1324, 971, 13.2187, 0
PixelHit 1324, 972, 6.3659, 0
PixelHit 1324, 973, 5.47417, 0
PixelHit 1324, 977, 2.83617, 0
PixelHit 1325, 959, 3.38577, 0
PixelHit 1325, 960, 5.62507, 0
PixelHit 1325, 961, 7.87911, 0
PixelHit 1325, 962, 6.94633, 0
PixelHit 1325, 963, 30.025, 0
PixelHit 1325, 964, 33.6138, 0
PixelHit 1325, 965, 31.9223, 0
PixelHit 1325, 966, 36.6511, 0
PixelHit 1325, 967, 31.2779, 0
PixelHit 1325, 968, 22.5087, 0
PixelHit 1325, 969, 8.10112, 0
PixelHit 1325, 970, 6.61549, 0
PixelHit 1325, 971, 2.34093, 0
PixelHit 1325, 972, 0.556201, 0
PixelHit 1326, 952, 3.44534, 0
PixelHit 1326, 955, 1.59555, 0
PixelHit 1326, 956, 0.798472, 0
PixelHit 1326, 958, 5.76157, 0
PixelHit 1326, 959, 7.02509, 0
PixelHit 1326, 960, 21.5575, 0
PixelHit 1326, 961, 10.8523, 0
PixelHit 1326, 962, 13.1315, 0
PixelHit 1326, 963, 19.946, 0
PixelHit 1326, 964, 40.4598, 0
PixelHit 1326, 965, 27.9537, 0
PixelHit 1326, 966, 16.8297, 0
PixelHit 1326, 967, 9.08478, 0
PixelHit 1326, 968, 3.8823, 0
PixelHit 1326, 969, 3.67755, 0
PixelHit 1327, 952, 1.37909, 0
PixelHit 1327, 953, 6.2763, 0
PixelHit 1327, 954, 6.67606, 0
PixelHit 1327, 955, 6.2805, 0
PixelHit 1327, 956, 4.30267, 0
PixelHit 1327, 957, 4.15927, 0
PixelHit 1327, 958, 12.1772, 0
PixelHit 1327, 959, 14.663, 0
PixelHit 1327, 960, 16.9033, 0
PixelHit 1327, 961, 5.38842, 0
PixelHit 1327, 962, 10.509, 0
PixelHit 1327, 963, 8.35994, 0
PixelHit 1327, 964, 13.6119, 0
PixelHit 1327, 965, 11.2678, 0
PixelHit 1327, 966, 2.9328, 0
PixelHit 1327, 967, 0.906692, 0
PixelHit 1327, 970, 1.12342, 0
PixelHit 1328, 948, 2.10114, 0
PixelHit 1328, 949, 2.67076, 0
PixelHit 1328, 950, 2.10103, 0
PixelHit 1328, 951, 4.37206, 0
PixelHit 1328, 952, 5.27952, 0
PixelHit 1328, 953, 16.3136, 0
PixelHit 1328, 954, 22.2511, 0
PixelHit 1328, 955, 18.7846, 0
PixelHit 1328, 956, 5.08015, 0
PixelHit 1328, 957, 11.694, 0
PixelHit 1328, 958, 3.53454, 0
PixelHit 1328, 959, 11.4863, 0
PixelHit 1328, 960, 5.5342, 0
PixelHit 1328, 961, 2.71395, 0
PixelHit 1328, 962, 3.96058, 0
PixelHit 1328, 963, 4.27811, 0
PixelHit 1329, 948, 1.06463, 0
PixelHit 1329, 949, 9.6007, 0
PixelHit 1329, 950, 6.64458, 0
PixelHit 1329, 951, 13.4925, 0
PixelHit 1329, 952, 17.8721, 0
PixelHit 1329, 953, 32.8009, 0
PixelHit 1329, 954, 26.5129, 0
PixelHit 1329, 955, 14.4497, 0
PixelHit 1329, 956, 11.9749, 0
PixelHit 1329, 957, 4.38216, 0
PixelHit 1329, 958, 8.88648, 0
PixelHit 1329, 960, 4.49209, 0
PixelHit 1329, 962, 3.74161, 0
PixelHit 1330, 945, 2.49664, 0
PixelHit 1330, 946, 3.7668, 0
PixelHit 1330, 948, 8.53629, 0
PixelHit 1330, 949, 10.766, 0
PixelHit 1330, 950, 18.1343, 0
PixelHit 1330, 951, 17.2236, 0
PixelHit 1330, 952, 17.3923, 0
PixelHit 1330, 953, 24.9811, 0
PixelHit 1330, 954, 29.4209, 0
PixelHit 1330, 955, 8.38843, 0
PixelHit 1330, 956, 3.0356, 0
PixelHit 1330, 959, 2.24263, 0
PixelHit 1331, 945, 4.7045, 0
PixelHit 1331, 946, 7.89061, 0
PixelHit 1331, 947, 7.92541, 0
PixelHit 1331, 948, 8.36329, 0
PixelHit 1331, 949, 15.1198, 0
PixelHit 1331, 950, 20.5275, 0
PixelHit 1331, 951, 10.2905, 0
PixelHit 1331, 952, 12.4502, 0
PixelHit 1331, 953, 11.0097, 0
PixelHit 1331, 954, 7.67386, 0
PixelHit 1331, 955, 4.63453, 0
PixelHit 1331, 956, 2.35551, 0
PixelHit 1332, 944, 4.18812, 0
PixelHit 1332, 945, 1.68635, 0
PixelHit 1332, 946, 6.73265, 0
PixelHit 1332, 947, 8.87176, 0
PixelHit 1332, 948, 8.52287, 0
PixelHit 1332, 949, 8.07148, 0
PixelHit 1332, 950, 5.47662, 0
PixelHit 1332, 951, 4.69327, 0
PixelHit 1332, 952, 2.57554, 0
PixelHit 1332, 953, 3.15977, 0
PixelHit 1332, 954, 2.67247, 0
PixelHit 1333, 945, 5.84281, 0
PixelHit 1333, 947, 5.06706, 0
PixelHit 1333, 948, 5.92769, 0
PixelHit 1333, 949, 2.16859, 0
PixelHit 1333, 950, 3.12402, 0
PixelHit 1346, 897, 1.17867, 0
PixelHit 1346, 898, 26.8825, 0
PixelHit 1346, 899, 6.58656, 0
PixelHit 1347, 894, 0.96364, 0
PixelHit 1347, 895, 14.6072, 0
PixelHit 1347, 896, 142.916, 0
PixelHit 1347, 897, 20.9815, 0
PixelHit 1347, 898, 95.4624, 0
PixelHit 1347, 899, 4.42222, 0
PixelHit 1348, 892, 1.486, 0
PixelHit 1348, 893, 10.3698, 0
PixelHit 1348, 894, 38.872, 0
PixelHit 1348, 895, 16.9053, 0
PixelHit 1348, 896, 72.924, 0
PixelHit 1348, 897, 6.51642, 0
PixelHit 1349, 887, 1.28327, 0
PixelHit 1349, 888, 15.9798, 0
PixelHit 1349, 889, 15.2551, 0
PixelHit 1349, 890, 3.78351, 0
PixelHit 1349, 892, 10.3265, 0
PixelHit 1349, 893, 13.3481, 0
PixelHit 1349, 894, 9.01447, 0
PixelHit 1349, 895, 3.4604, 0
PixelHit 1350, 882, 3.89335, 0
PixelHit 1350, 884, 1.92551, 0
PixelHit 1350, 885, 2.4183, 0
PixelHit 1350, 886, 12.0733, 0
PixelHit 1350, 887, 9.86297, 0
PixelHit 1350, 888, 27.162, 0
PixelHit 1350, 889, 45.4127, 0
PixelHit 1350, 890, 14.8199, 0
PixelHit 1350, 893, 1.3945, 0
PixelHit 1351, 879, 1.97006, 0
PixelHit 1351, 880, 1.93334, 0
PixelHit 1351, 881, 9.96157, 0
PixelHit 1351, 882, 11.0782, 0
PixelHit 1351, 883, 19.4847, 0
PixelHit 1351, 884, 14.9263, 0
PixelHit 1351, 885, 16.538, 0
PixelHit 1351, 886, 21.5787, 0
PixelHit 1351, 887, 14.27, 0
PixelHit 1351, 888, 13.5345, 0
PixelHit 1351, 889, 9.71685, 0
PixelHit 1352, 878, 2.46863, 0
PixelHit 1352, 879, 10.7737, 0
PixelHit 1352, 880, 14.7226, 0
PixelHit 1352, 881, 15.3419, 0
PixelHit 1352, 882, 34.8991, 0
PixelHit 1352, 883, 30.8693, 0
PixelHit 1352, 884, 16.4097, 0
PixelHit 1352, 885, 9.58754, 0
PixelHit 1352, 886, 9.89353, 0
PixelHit 1352, 887, 7.17014, 0
PixelHit 1352, 889, 1.87648, 0
PixelHit 1353, 873, 4.20663, 0
PixelHit 1353, 874, 2.2528, 0
PixelHit 1353, 875, 9.00459, 0
PixelHit 1353, 876, 7.03246, 0
PixelHit 1353, 877, 3.9867, 0
PixelHit 1353, 878, 12.8453, 0
PixelHit 1353, 879, 35.6319, 0
PixelHit 1353, 880, 61.5884, 0
PixelHit 1353, 881, 45.2209, 0
PixelHit 1353, 882, 26.3138, 0
PixelHit 1353, 883, 10.7959, 0
PixelHit 1353, 884, 7.82475, 0
PixelHit 1354, 868, 3.10212, 0
PixelHit 1354, 869, 1.27261, 0
PixelHit 1354, 871, 3.4099, 0
PixelHit 1354, 872, 6.09976, 0
PixelHit 1354, 873, 25.1457, 0
PixelHit 1354, 874, 39.9271, 0
PixelHit 1354, 875, 43.9066, 0
PixelHit 1354, 876, 18.793, 0
PixelHit 1354, 877, 4.16182, 0
PixelHit 1354, 878, 13.242, 0
PixelHit 1354, 879, 25.7085, 0
PixelHit 1354, 880, 23.6454, 0
PixelHit 1354, 881, 19.1255, 0
PixelHit 1354, 882, 5.24055, 0
PixelHit 1354, 883, 3.504, 0
PixelHit 1354, 884, 1.51507, 0
PixelHit 1355, 864, 1.61821, 0
PixelHit 1355, 868, 2.89978, 0
PixelHit 1355, 869, 7.07513, 0
PixelHit 1355, 870, 6.84638, 0
PixelHit 1355, 871, 14.9984, 0
PixelHit 1355, 872, 27.0492, 0
PixelHit 1355, 873, 50.3005, 0
PixelHit 1355, 874, 58.2211, 0
PixelHit 1355, 875, 48.0593, 0
PixelHit 1355, 876, 38.0047, 0
PixelHit 1355, 877, 5.88698, 0
PixelHit 1355, 878, 2.09108, 0
PixelHit 1355, 879, 8.36398, 0
PixelHit 1355, 880, 6.8133, 0
PixelHit 1355, 881, 1.7806, 0
PixelHit 1356, 865, 0.594694, 0
PixelHit 1356, 866, 3.13597, 0
PixelHit 1356, 867, 11.654, 0
PixelHit 1356, 868, 23.6058, 0
PixelHit 1356, 869, 26.8871, 0
PixelHit 1356, 870, 20.6796, 0
PixelHit 1356, 871, 20.0633, 0
PixelHit 1356, 872, 30.8829, 0
PixelHit 1356, 873, 47.2547, 0
PixelHit 1356, 874, 55.1409, 0
PixelHit 1356, 875, 32.5779, 0
PixelHit 1356, 876, 17.5717, 0
PixelHit 1356, 877, 3.66114, 0
PixelHit 1357, 863, 5.5665, 0
PixelHit 1357, 864, 8.28335, 0
PixelHit 1357, 865, 21.4906, 0
PixelHit 1357, 866, 18.7594, 0
PixelHit 1357, 867, 24.5089, 0
PixelHit 1357, 868, 47.6046, 0
PixelHit 1357, 869, 48.8174, 0
PixelHit 1357, 870, 33.2192, 0
PixelHit 1357, 871, 19.2143, 0
PixelHit 1357, 872, 13.1677, 0
PixelHit 1357, 873, 17.9454, 0
PixelHit 1357, 874, 12.4122, 0
PixelHit 1357, 875, 7.22097, 0
PixelHit 1357, 876, 3.2123, 0
PixelHit 1357, 877, 1.27548, 0
PixelHit 1358, 856, 1.21783, 0
PixelHit 1358, 859, 1.61421, 0
PixelHit 1358, 861, 3.40865, 0
PixelHit 1358, 862, 3.32768, 0
PixelHit 1358, 863, 6.08186, 0
PixelHit 1358, 864, 14.2852, 0
PixelHit 1358, 865, 24.7216, 0
PixelHit 1358, 866, 18.7464, 0
PixelHit 1358, 867, 28.5964, 0
PixelHit 1358, 868, 31.8055, 0
PixelHit 1358, 869, 27.2928, 0
PixelHit 1358, 870, 26.0798, 0
PixelHit 1358, 871, 9.34809, 0
PixelHit 1358, 872, 4.60199, 0
PixelHit 1358, 873, 1.18715, 0
PixelHit 1359, 855, 0.874567, 0
PixelHit 1359, 856, 5.58478, 0
PixelHit 1359, 857, 5.14206, 0
PixelHit 1359, 858, 14.9319, 0
PixelHit 1359, 859, 16.3583, 0
PixelHit 1359, 860, 17.6014, 0
PixelHit 1359, 861, 7.62512, 0
PixelHit 1359, 862, 9.08102, 0
PixelHit 1359, 863, 16.0203, 0
PixelHit 1359, 864, 24.6312, 0
PixelHit 1359, 865, 22.3413, 0
PixelHit 1359, 866, 17.4653, 0
PixelHit 1359, 867, 15.1276, 0
PixelHit 1359, 868, 11.3844, 0
PixelHit 1359, 869, 7.5097, 0
PixelHit 1359, 870, 2.30918, 0
PixelHit 1359, 871, 1.98357, 0
PixelHit 1360, 854, 4.83753, 0
PixelHit 1360, 855, 9.02163, 0
PixelHit 1360, 856, 13.4809, 0
PixelHit 1360, 857, 23.539, 0
PixelHit 1360, 858, 31.55, 0
PixelHit 1360, 859, 29.9495, 0
PixelHit 1360, 860, 23.9251, 0
PixelHit 1360, 861, 6.13122, 0
PixelHit 1360, 862, 10.2685, 0
PixelHit 1360, 863, 12.4524, 0
PixelHit 1360, 864, 13.7741, 0
PixelHit 1360, 865, 6.21224, 0
PixelHit 1360, 866, 4.60977, 0
PixelHit 1360, 867, 7.83282, 0
PixelHit 1360, 869, 5.2104, 0
PixelHit 1361, 853, 0.202349, 0
PixelHit 1361, 854, 9.57333, 0
PixelHit 1361, 855, 20.8736, 0
PixelHit 1361, 856, 36.4253, 0
PixelHit 1361, 857, 38.6904, 0
PixelHit 1361, 858, 42.8884, 0
PixelHit 1361, 859, 25.6667, 0
PixelHit 1361, 860, 11.1935, 0
PixelHit 1361, 861, 13.2476, 0
PixelHit 1361, 862, 4.7449, 0
PixelHit 1361, 863, 3.77253, 0
PixelHit 1361, 864, 5.66106, 0
PixelHit 1361, 865, 3.83247, 0
PixelHit 1361, 868, 1.00758, 0
PixelHit 1362, 852, 2.02778, 0
PixelHit 1362, 853, 7.42151, 0
PixelHit 1362, 854, 13.0633, 0
PixelHit 1362, 855, 26.6847, 0
PixelHit 1362, 856, 49.528, 0
PixelHit 1362, 857, 31.9756, 0
PixelHit 1362, 858, 21.8907, 0
PixelHit 1362, 859, 18.7436, 0
PixelHit 1362, 860, 12.9688, 0
PixelHit 1362, 861, 4.70561, 0
PixelHit 1362, 862, 3.30667, 0
PixelHit 1363, 853, 2.96914, 0
PixelHit 1363, 854, 6.12206, 0
PixelHit 1363, 855, 14.4309, 0
PixelHit 1363, 856, 21.3939, 0
PixelHit 1363, 857, 12.2916, 0
PixelHit 1363, 858, 9.24217, 0
PixelHit 1363, 859, 5.69203, 0
PixelHit 1364, 853, 2.39668, 0
PixelHit 1364, 854, 2.35863, 0
PixelHit 1364, 855, 2.51805, 0
PixelHit 1364, 856, 5.73027, 0
PixelHit 1364, 857, 2.50129, 0
PixelHit 1364, 859, 3.08649, 0
PixelHit 1364, 860, 1.48344, 0
PixelHit 1365, 855, 1.65309, 0
=== 95 ===
=== 96 ===
=== 97 ===
=== 98 ===
=== 99 ===
=== 100 ===
# 3131 objects from 7 messages
