# Allpix Squared ASCII data - https://cern.ch/allpix-squared

=== 1 ===
=== 2 ===
=== 3 ===
=== 4 ===
=== 5 ===
=== 6 ===
=== 7 ===
=== 8 ===
=== 9 ===
=== 10 ===
=== 11 ===
--- mydetector ---
PixelHit 1272, 924, 3.6063, 0
PixelHit 1273, 923, 173.883, 0
PixelHit 1273, 924, 253.059, 0
PixelHit 1274, 921, 7.98808, 0
PixelHit 1274, 922, 18.3377, 0
PixelHit 1274, 923, 144.168, 0
PixelHit 1274, 924, 167.664, 0
PixelHit 1275, 919, 7.52375, 0
PixelHit 1275, 920, 42.013, 0
PixelHit 1275, 921, 61.0997, 0
PixelHit 1275, 922, 14.8829, 0
PixelHit 1276, 917, 3.33056, 0
PixelHit 1276, 918, 3.54196, 0
PixelHit 1276, 919, 37.4682, 0
PixelHit 1276, 920, 50.3332, 0
PixelHit 1276, 921, 16.2507, 0
PixelHit 1276, 922, 1.70422, 0
PixelHit 1277, 915, 3.94953, 0
PixelHit 1277, 916, 11.9758, 0
PixelHit 1277, 917, 20.1877, 0
PixelHit 1277, 918, 16.6475, 0
PixelHit 1277, 919, 8.56501, 0
PixelHit 1278, 911, 1.1146, 0
PixelHit 1278, 912, 1.38134, 0
PixelHit 1278, 913, 6.61824, 0
PixelHit 1278, 914, 17.0633, 0
PixelHit 1278, 915, 35.2216, 0
PixelHit 1278, 916, 36.331, 0
PixelHit 1278, 917, 20.4627, 0
PixelHit 1278, 918, 2.1405, 0
PixelHit 1279, 910, 3.06767, 0
PixelHit 1279, 911, 8.62894, 0
PixelHit 1279, 912, 22.5799, 0
PixelHit 1279, 913, 60.0074, 0
PixelHit 1279, 914, 59.0649, 0
PixelHit 1279, 915, 36.5372, 0
PixelHit 1279, 916, 14.1932, 0
PixelHit 1279, 917, 2.58919, 0
PixelHit 1279, 918, 1.62231, 0
PixelHit 1280, 909, 4.69794, 0
PixelHit 1280, 910, 34.4534, 0
PixelHit 1280, 911, 81.5926, 0
PixelHit 1280, 912, 56.7288, 0
PixelHit 1280, 913, 64.4309, 0
PixelHit 1280, 914, 37.954, 0
PixelHit 1280, 915, 3.7738, 0
PixelHit 1281, 907, 2.75584, 0
PixelHit 1281, 908, 6.30424, 0
PixelHit 1281, 909, 26.676, 0
PixelHit 1281, 910, 58.2217, 0
PixelHit 1281, 911, 137.63, 0
PixelHit 1281, 912, 92.1415, 0
PixelHit 1281, 913, 18.6304, 0
PixelHit 1281, 914, 3.48225, 0
PixelHit 1282, 906, 25.2432, 0
PixelHit 1282, 907, 22.252, 0
PixelHit 1282, 908, 15.8297, 0
PixelHit 1282, 909, 33.5308, 0
PixelHit 1282, 910, 68.4108, 0
PixelHit 1282, 911, 54.9715, 0
PixelHit 1282, 912, 32.2817, 0
PixelHit 1282, 913, 2.37385, 0
PixelHit 1283, 904, 4.91819, 0
PixelHit 1283, 905, 18.8921, 0
PixelHit 1283, 906, 70.2125, 0
PixelHit 1283, 907, 75.6369, 0
PixelHit 1283, 908, 38.561, 0
PixelHit 1283, 909, 14.7819, 0
PixelHit 1283, 910, 9.38992, 0
PixelHit 1283, 911, 4.17555, 0
PixelHit 1284, 902, 4.34951, 0
PixelHit 1284, 903, 6.0445, 0
PixelHit 1284, 904, 18.8703, 0
PixelHit 1284, 905, 36.665, 0
PixelHit 1284, 906, 63.9747, 0
PixelHit 1284, 907, 78.8736, 0
PixelHit 1284, 908, 29.6132, 0
PixelHit 1284, 909, 1.81167, 0
PixelHit 1285, 902, 6.95736, 0
PixelHit 1285, 903, 16.8379, 0
PixelHit 1285, 904, 26.8628, 0
PixelHit 1285, 905, 20.8256, 0
PixelHit 1285, 906, 29.4574, 0
PixelHit 1285, 907, 19.1834, 0
PixelHit 1285, 908, 6.9535, 0
PixelHit 1286, 897, 0.940469, 0
PixelHit 1286, 898, 2.20128, 0
PixelHit 1286, 899, 1.33465, 0
PixelHit 1286, 900, 3.48244, 0
PixelHit 1286, 901, 8.51994, 0
PixelHit 1286, 902, 17.2354, 0
PixelHit 1286, 903, 10.6782, 0
PixelHit 1286, 904, 15.8467, 0
PixelHit 1286, 905, 11.0593, 0
PixelHit 1286, 906, 4.5482, 0
PixelHit 1286, 907, 1.28552, 0
PixelHit 1287, 897, 11.3777, 0
PixelHit 1287, 898, 14.9257, 0
PixelHit 1287, 899, 10.2725, 0
PixelHit 1287, 900, 8.45173, 0
PixelHit 1287, 901, 13.4021, 0
PixelHit 1287, 902, 23.9049, 0
PixelHit 1287, 903, 4.12976, 0
PixelHit 1287, 904, 4.84668, 0
PixelHit 1287, 906, 1.10336, 0
PixelHit 1288, 894, 3.31422, 0
PixelHit 1288, 895, 3.18625, 0
PixelHit 1288, 896, 3.44587, 0
PixelHit 1288, 897, 23.4311, 0
PixelHit 1288, 898, 31.8106, 0
PixelHit 1288, 899, 21.6015, 0
PixelHit 1288, 900, 14.3106, 0
PixelHit 1288, 901, 3.14794, 0
PixelHit 1288, 902, 1.15531, 0
PixelHit 1288, 903, 1.33536, 0
PixelHit 1288, 904, 2.80765, 0
PixelHit 1289, 894, 4.10795, 0
PixelHit 1289, 895, 13.168, 0
PixelHit 1289, 896, 16.6441, 0
PixelHit 1289, 897, 31.7779, 0
PixelHit 1289, 898, 48.6898, 0
PixelHit 1289, 899, 28.9185, 0
PixelHit 1289, 900, 9.12296, 0
PixelHit 1289, 901, 2.18413, 0
PixelHit 1290, 892, 2.33936, 0
PixelHit 1290, 893, 1.99969, 0
PixelHit 1290, 894, 15.5287, 0
PixelHit 1290, 895, 19.5715, 0
PixelHit 1290, 896, 22.7129, 0
PixelHit 1290, 897, 23.7587, 0
PixelHit 1290, 898, 25.5323, 0
PixelHit 1290, 899, 11.1981, 0
PixelHit 1290, 900, 4.46554, 0
PixelHit 1290, 901, 1.23067, 0
PixelHit 1291, 889, 1.53399, 0
PixelHit 1291, 890, 3.28874, 0
PixelHit 1291, 891, 2.68866, 0
PixelHit 1291, 892, 6.73742, 0
PixelHit 1291, 893, 11.5334, 0
PixelHit 1291, 894, 16.1331, 0
PixelHit 1291, 895, 19.6694, 0
PixelHit 1291, 896, 10.562, 0
PixelHit 1291, 897, 7.1731, 0
PixelHit 1291, 898, 4.45879, 0
PixelHit 1292, 885, 0.825902, 0
PixelHit 1292, 887, 1.87478, 0
PixelHit 1292, 889, 3.0055, 0
PixelHit 1292, 890, 9.0313, 0
PixelHit 1292, 891, 11.2397, 0
PixelHit 1292, 892, 6.74756, 0
PixelHit 1292, 893, 13.0249, 0
PixelHit 1292, 894, 9.64027, 0
PixelHit 1292, 895, 4.04816, 0
PixelHit 1292, 896, 6.37749, 0
PixelHit 1292, 897, 0.998185, 0
PixelHit 1293, 885, 2.96946, 0
PixelHit 1293, 886, 12.4685, 0
PixelHit 1293, 887, 9.68548, 0
PixelHit 1293, 888, 4.20686, 0
PixelHit 1293, 889, 7.17485, 0
PixelHit 1293, 890, 15.8494, 0
PixelHit 1293, 891, 19.3843, 0
PixelHit 1293, 892, 6.32596, 0
PixelHit 1293, 893, 5.79227, 0
PixelHit 1293, 894, 3.25139, 0
PixelHit 1293, 895, 2.68965, 0
PixelHit 1294, 884, 1.64088, 0
PixelHit 1294, 885, 11.8873, 0
PixelHit 1294, 886, 15.0392, 0
PixelHit 1294, 887, 27.6441, 0
PixelHit 1294, 888, 18.2994, 0
PixelHit 1294, 889, 6.93918, 0
PixelHit 1294, 890, 13.5416, 0
PixelHit 1294, 891, 7.72047, 0
PixelHit 1294, 892, 7.47601, 0
PixelHit 1294, 893, 2.30527, 0
PixelHit 1295, 883, 1.26086, 0
PixelHit 1295, 885, 22.0243, 0
PixelHit 1295, 886, 38.1292, 0
PixelHit 1295, 887, 47.6542, 0
PixelHit 1295, 888, 33.3819, 0
PixelHit 1295, 889, 15.0188, 0
PixelHit 1295, 890, 6.81859, 0
PixelHit 1295, 891, 8.81857, 0
PixelHit 1295, 892, 9.57898, 0
PixelHit 1295, 894, 1.1066, 0
PixelHit 1296, 884, 7.24688, 0
PixelHit 1296, 885, 17.664, 0
PixelHit 1296, 886, 34.9209, 0
PixelHit 1296, 887, 44.5194, 0
PixelHit 1296, 888, 27.2579, 0
PixelHit 1296, 889, 11.1621, 0
PixelHit 1296, 890, 4.20081, 0
PixelHit 1296, 891, 2.40856, 0
PixelHit 1297, 882, 1.70839, 0
PixelHit 1297, 883, 4.98739, 0
PixelHit 1297, 884, 2.31937, 0
PixelHit 1297, 885, 15.5638, 0
PixelHit 1297, 886, 19.0422, 0
PixelHit 1297, 887, 20.4916, 0
PixelHit 1297, 888, 15.0679, 0
PixelHit 1297, 889, 6.73754, 0
PixelHit 1298, 884, 2.73536, 0
PixelHit 1298, 886, 8.87761, 0
PixelHit 1298, 887, 6.68296, 0
PixelHit 1298, 888, 0.794631, 0
PixelHit 1298, 892, 1.97146, 0
PixelHit 1299, 884, 2.15777, 0
PixelHit 1299, 886, 1.75397, 0
PixelHit 1594, 610, 2.02421, 0
PixelHit 1594, 611, 3.42226, 0
PixelHit 1595, 608, 3.53795, 0
PixelHit 1595, 609, 4.57594, 0
PixelHit 1595, 610, 6.49489, 0
PixelHit 1595, 611, 3.62175, 0
PixelHit 1596, 606, 6.16452, 0
PixelHit 1596, 607, 3.79491, 0
PixelHit 1596, 608, 96.6308, 0
PixelHit 1596, 609, 34.4968, 0
PixelHit 1596, 610, 0.874946, 0
PixelHit 1597, 604, 6.42162, 0
PixelHit 1597, 605, 15.6252, 0
PixelHit 1597, 606, 44.6101, 0
PixelHit 1597, 607, 12.5049, 0
PixelHit 1597, 608, 7.60748, 0
PixelHit 1598, 600, 1.24433, 0
PixelHit 1598, 602, 3.55629, 0
PixelHit 1598, 603, 13.1038, 0
PixelHit 1598, 604, 36.9174, 0
PixelHit 1598, 605, 17.7413, 0
PixelHit 1598, 606, 24.8754, 0
PixelHit 1599, 600, 6.64885, 0
PixelHit 1599, 601, 6.22058, 0
PixelHit 1599, 602, 4.5857, 0
PixelHit 1599, 603, 7.74657, 0
PixelHit 1599, 604, 13.9536, 0
PixelHit 1599, 605, 7.57638, 0
PixelHit 1600, 596, 0.939763, 0
PixelHit 1600, 598, 4.11795, 0
PixelHit 1600, 600, 16.9106, 0
PixelHit 1600, 601, 20.1247, 0
PixelHit 1600, 602, 7.30747, 0
PixelHit 1600, 604, 0.496064, 0
PixelHit 1601, 596, 1.0842, 0
PixelHit 1601, 597, 2.66503, 0
PixelHit 1601, 598, 3.69475, 0
PixelHit 1601, 599, 9.52274, 0
PixelHit 1601, 600, 8.21377, 0
PixelHit 1601, 601, 11.3497, 0
PixelHit 1601, 602, 2.60476, 0
PixelHit 1602, 593, 3.49544, 0
PixelHit 1602, 594, 6.23936, 0
PixelHit 1602, 595, 6.26856, 0
PixelHit 1602, 596, 9.08152, 0
PixelHit 1602, 597, 7.32432, 0
PixelHit 1602, 598, 9.44693, 0
PixelHit 1602, 599, 7.41348, 0
PixelHit 1602, 600, 4.85693, 0
PixelHit 1602, 601, 2.82973, 0
PixelHit 1603, 592, 2.77054, 0
PixelHit 1603, 593, 14.4305, 0
PixelHit 1603, 594, 24.761, 0
PixelHit 1603, 595, 35.6738, 0
PixelHit 1603, 596, 13.1154, 0
PixelHit 1603, 597, 3.68076, 0
PixelHit 1603, 598, 4.42685, 0
PixelHit 1604, 589, 4.40521, 0
PixelHit 1604, 590, 3.66132, 0
PixelHit 1604, 592, 10.6531, 0
PixelHit 1604, 593, 29.2684, 0
PixelHit 1604, 594, 34.0228, 0
PixelHit 1604, 595, 24.6848, 0
PixelHit 1604, 596, 8.86228, 0
PixelHit 1604, 597, 1.83171, 0
PixelHit 1605, 586, 1.79086, 0
PixelHit 1605, 588, 1.32798, 0
PixelHit 1605, 589, 11.3807, 0
PixelHit 1605, 590, 12.3545, 0
PixelHit 1605, 591, 23.0066, 0
PixelHit 1605, 592, 29.8663, 0
PixelHit 1605, 593, 19.6618, 0
PixelHit 1605, 594, 26.9013, 0
PixelHit 1605, 595, 11.4019, 0
PixelHit 1606, 584, 1.90021, 0
PixelHit 1606, 586, 1.73788, 0
PixelHit 1606, 587, 4.21105, 0
PixelHit 1606, 588, 10.626, 0
PixelHit 1606, 589, 20.4694, 0
PixelHit 1606, 590, 41.9164, 0
PixelHit 1606, 591, 29.5027, 0
PixelHit 1606, 592, 20.3004, 0
PixelHit 1606, 593, 8.58275, 0
PixelHit 1606, 594, 3.95587, 0
PixelHit 1606, 595, 1.4845, 0
PixelHit 1607, 582, 5.45646, 0
PixelHit 1607, 584, 5.54249, 0
PixelHit 1607, 585, 5.61371, 0
PixelHit 1607, 586, 10.7935, 0
PixelHit 1607, 587, 12.5282, 0
PixelHit 1607, 588, 21.9921, 0
PixelHit 1607, 589, 19.3641, 0
PixelHit 1607, 590, 16.1155, 0
PixelHit 1607, 591, 10.6601, 0
PixelHit 1607, 592, 7.14709, 0
PixelHit 1607, 593, 1.72308, 0
PixelHit 1608, 583, 13.1616, 0
PixelHit 1608, 584, 22.2946, 0
PixelHit 1608, 585, 33.8965, 0
PixelHit 1608, 586, 13.5234, 0
PixelHit 1608, 587, 18.2532, 0
PixelHit 1608, 588, 17.8288, 0
PixelHit 1608, 589, 7.7728, 0
PixelHit 1608, 590, 2.03743, 0
PixelHit 1608, 591, 2.67321, 0
PixelHit 1609, 580, 2.96371, 0
PixelHit 1609, 581, 3.89835, 0
PixelHit 1609, 582, 6.52084, 0
PixelHit 1609, 583, 21.5924, 0
PixelHit 1609, 584, 40.7568, 0
PixelHit 1609, 585, 45.215, 0
PixelHit 1609, 586, 25.2285, 0
PixelHit 1609, 587, 15.1728, 0
PixelHit 1609, 589, 1.58141, 0
PixelHit 1610, 578, 2.96929, 0
PixelHit 1610, 580, 3.1014, 0
PixelHit 1610, 581, 13.9449, 0
PixelHit 1610, 582, 14.1332, 0
PixelHit 1610, 583, 36.2097, 0
PixelHit 1610, 584, 46.0666, 0
PixelHit 1610, 585, 19.9322, 0
PixelHit 1610, 586, 11.7325, 0
PixelHit 1610, 587, 6.52814, 0
PixelHit 1610, 588, 3.31879, 0
PixelHit 1611, 575, 2.40417, 0
PixelHit 1611, 576, 1.45791, 0
PixelHit 1611, 577, 4.24661, 0
PixelHit 1611, 578, 3.14377, 0
PixelHit 1611, 579, 6.66257, 0
PixelHit 1611, 580, 6.97608, 0
PixelHit 1611, 581, 4.81823, 0
PixelHit 1611, 582, 9.01586, 0
PixelHit 1611, 583, 19.3531, 0
PixelHit 1611, 584, 21.9421, 0
PixelHit 1611, 585, 9.53156, 0
PixelHit 1611, 586, 5.09215, 0
PixelHit 1611, 587, -0.125616, 0
PixelHit 1612, 573, 2.34989, 0
PixelHit 1612, 574, 2.42615, 0
PixelHit 1612, 575, 6.47176, 0
PixelHit 1612, 576, 8.18739, 0
PixelHit 1612, 577, 7.96339, 0
PixelHit 1612, 578, 6.68109, 0
PixelHit 1612, 579, 6.06604, 0
PixelHit 1612, 580, 8.25751, 0
PixelHit 1612, 581, 4.87584, 0
PixelHit 1612, 582, 7.23752, 0
PixelHit 1612, 583, 5.62537, 0
PixelHit 1612, 584, 3.73239, 0
PixelHit 1612, 585, 3.96727, 0
PixelHit 1613, 573, 3.00814, 0
PixelHit 1613, 574, 5.44902, 0
PixelHit 1613, 575, 8.19587, 0
PixelHit 1613, 576, 15.3918, 0
PixelHit 1613, 577, 15.4985, 0
PixelHit 1613, 578, 20.4314, 0
PixelHit 1613, 579, 3.01843, 0
PixelHit 1613, 580, 7.2581, 0
PixelHit 1613, 581, 4.93793, 0
PixelHit 1613, 582, 3.4545, 0
PixelHit 1613, 583, 1.06449, 0
PixelHit 1613, 584, 2.14271, 0
PixelHit 1614, 573, 5.07317, 0
PixelHit 1614, 574, 4.54604, 0
PixelHit 1614, 575, 15.5872, 0
PixelHit 1614, 576, 8.96562, 0
PixelHit 1614, 577, 14.2821, 0
PixelHit 1614, 578, 6.92706, 0
PixelHit 1614, 579, 4.93177, 0
PixelHit 1614, 582, 1.80186, 0
PixelHit 1615, 573, 3.39275, 0
PixelHit 1615, 574, 6.47348, 0
PixelHit 1615, 575, 8.84503, 0
PixelHit 1615, 576, 13.4237, 0
PixelHit 1615, 577, 6.19899, 0
PixelHit 1615, 578, 6.62256, 0
PixelHit 1616, 572, 4.29847, 0
PixelHit 1616, 573, 1.74713, 0
PixelHit 1616, 574, 2.88349, 0
PixelHit 1616, 575, 5.68366, 0
PixelHit 1616, 576, 3.76353, 0
PixelHit 1616, 577, 3.41345, 0
PixelHit 1616, 578, 1.43502, 0
PixelHit 1617, 575, 2.0658, 0
=== 12 ===
=== 13 ===
=== 14 ===
=== 15 ===
=== 16 ===
=== 17 ===
=== 18 ===
=== 19 ===
=== 20 ===
=== 21 ===
=== 22 ===
=== 23 ===
=== 24 ===
=== 25 ===
=== 26 ===
=== 27 ===
=== 28 ===
=== 29 ===
=== 30 ===
=== 31 ===
=== 32 ===
=== 33 ===
=== 34 ===
=== 35 ===
=== 36 ===
=== 37 ===
=== 38 ===
=== 39 ===
--- mydetector ---
PixelHit 997, 1336, 3.05698, 0
PixelHit 997, 1337, 25.3564, 0
PixelHit 997, 1338, 6.53485, 0
PixelHit 998, 1334, 2.59299, 0
PixelHit 998, 1335, 25.6648, 0
PixelHit 998, 1336, 40.8836, 0
PixelHit 998, 1337, 69.366, 0
PixelHit 999, 1334, 51.6362, 0
PixelHit 999, 1335, 103.796, 0
PixelHit 999, 1336, 14.2717, 0
PixelHit 1000, 1331, 6.89858, 0
PixelHit 1000, 1332, 14.8817, 0
PixelHit 1000, 1333, 2.35588, 0
PixelHit 1000, 1334, 6.84321, 0
PixelHit 1000, 1335, 9.70335, 0
PixelHit 1001, 1328, 2.5207, 0
PixelHit 1001, 1329, 14.0149, 0
PixelHit 1001, 1330, 33.2367, 0
PixelHit 1001, 1331, 44.1206, 0
PixelHit 1001, 1332, 18.5869, 0
PixelHit 1001, 1333, 1.68523, 0
PixelHit 1002, 1327, 8.82321, 0
PixelHit 1002, 1328, 43.2322, 0
PixelHit 1002, 1329, 45.2228, 0
PixelHit 1002, 1330, 68.9591, 0
PixelHit 1002, 1331, 21.5692, 0
PixelHit 1002, 1332, 2.18259, 0
PixelHit 1003, 1323, 2.25325, 0
PixelHit 1003, 1326, 10.1274, 0
PixelHit 1003, 1327, 46.6697, 0
PixelHit 1003, 1328, 67.471, 0
PixelHit 1003, 1329, 34.9635, 0
PixelHit 1003, 1330, 10.7962, 0
PixelHit 1003, 1331, 4.38694, 0
PixelHit 1004, 1323, 1.87254, 0
PixelHit 1004, 1324, 2.18825, 0
PixelHit 1004, 1325, 11.2448, 0
PixelHit 1004, 1326, 24.1001, 0
PixelHit 1004, 1327, 46.6867, 0
PixelHit 1004, 1328, 26.2539, 0
PixelHit 1004, 1329, 9.35317, 0
PixelHit 1005, 1320, 0.577393, 0
PixelHit 1005, 1321, 5.08338, 0
PixelHit 1005, 1322, 2.74072, 0
PixelHit 1005, 1323, 14.7032, 0
PixelHit 1005, 1324, 12.8734, 0
PixelHit 1005, 1325, 9.65034, 0
PixelHit 1005, 1326, 10.4169, 0
PixelHit 1005, 1327, 3.12993, 0
PixelHit 1005, 1328, 0.57659, 0
PixelHit 1006, 1319, 0.525134, 0
PixelHit 1006, 1320, 4.86265, 0
PixelHit 1006, 1321, 11.9311, 0
PixelHit 1006, 1322, 15.0752, 0
PixelHit 1006, 1323, 10.4329, 0
PixelHit 1006, 1324, 4.42308, 0
PixelHit 1006, 1325, 3.47851, 0
PixelHit 1007, 1318, 8.77188, 0
PixelHit 1007, 1319, 20.2096, 0
PixelHit 1007, 1320, 33.9587, 0
PixelHit 1007, 1321, 23.6892, 0
PixelHit 1007, 1322, 13.2758, 0
PixelHit 1007, 1323, 5.68856, 0
PixelHit 1008, 1316, 5.25425, 0
PixelHit 1008, 1317, 10.8817, 0
PixelHit 1008, 1318, 28.8427, 0
PixelHit 1008, 1319, 44.8151, 0
PixelHit 1008, 1320, 31.0378, 0
PixelHit 1008, 1321, 18.4257, 0
PixelHit 1008, 1322, 4.81975, 0
PixelHit 1009, 1314, 2.73809, 0
PixelHit 1009, 1315, 6.63287, 0
PixelHit 1009, 1316, 15.1109, 0
PixelHit 1009, 1317, 28.8009, 0
PixelHit 1009, 1318, 37.4155, 0
PixelHit 1009, 1319, 30.363, 0
PixelHit 1009, 1320, 8.03833, 0
PixelHit 1009, 1321, 3.8868, 0
PixelHit 1010, 1312, 2.68891, 0
PixelHit 1010, 1314, 5.64852, 0
PixelHit 1010, 1315, 6.63496, 0
PixelHit 1010, 1316, 18.9852, 0
PixelHit 1010, 1317, 23.7292, 0
PixelHit 1010, 1318, 20.434, 0
PixelHit 1010, 1319, 10.3299, 0
PixelHit 1011, 1311, 3.36295, 0
PixelHit 1011, 1312, 2.70647, 0
PixelHit 1011, 1313, 1.00567, 0
PixelHit 1011, 1314, 6.1364, 0
PixelHit 1011, 1315, 5.28088, 0
PixelHit 1011, 1316, 8.20938, 0
PixelHit 1011, 1317, 3.96831, 0
PixelHit 1011, 1318, 1.54355, 0
PixelHit 1012, 1309, 0.629106, 0
PixelHit 1012, 1310, 2.44431, 0
PixelHit 1012, 1311, 4.0269, 0
PixelHit 1012, 1312, 13.2026, 0
PixelHit 1012, 1313, 10.7076, 0
PixelHit 1012, 1314, 2.33158, 0
PixelHit 1012, 1315, 1.58302, 0
PixelHit 1012, 1316, 2.65423, 0
PixelHit 1013, 1305, -0.40242, 0
PixelHit 1013, 1306, 4.78786, 0
PixelHit 1013, 1307, 2.72956, 0
PixelHit 1013, 1308, 5.76058, 0
PixelHit 1013, 1309, 5.87932, 0
PixelHit 1013, 1310, 8.29447, 0
PixelHit 1013, 1311, 17.8959, 0
PixelHit 1013, 1312, 7.04022, 0
PixelHit 1013, 1313, 4.58897, 0
PixelHit 1014, 1305, 1.84905, 0
PixelHit 1014, 1306, 8.65108, 0
PixelHit 1014, 1307, 10.4577, 0
PixelHit 1014, 1308, 7.26535, 0
PixelHit 1014, 1309, 11.9734, 0
PixelHit 1014, 1310, 8.53529, 0
PixelHit 1014, 1311, 5.25699, 0
PixelHit 1014, 1312, 2.30494, 0
PixelHit 1015, 1303, 1.05854, 0
PixelHit 1015, 1304, 3.14872, 0
PixelHit 1015, 1305, 12.856, 0
PixelHit 1015, 1306, 25.2759, 0
PixelHit 1015, 1307, 29.3477, 0
PixelHit 1015, 1308, 20.5686, 0
PixelHit 1015, 1309, 11.5891, 0
PixelHit 1015, 1310, 2.43722, 0
PixelHit 1015, 1311, 3.47434, 0
PixelHit 1015, 1312, 1.52922, 0
PixelHit 1016, 1301, 1.65606, 0
PixelHit 1016, 1302, -0.0654738, 0
PixelHit 1016, 1303, 5.3101, 0
PixelHit 1016, 1304, 5.3273, 0
PixelHit 1016, 1305, 17.2172, 0
PixelHit 1016, 1306, 26.3435, 0
PixelHit 1016, 1307, 28.9083, 0
PixelHit 1016, 1308, 5.31269, 0
PixelHit 1016, 1309, 8.96016, 0
PixelHit 1017, 1301, 3.22196, 0
PixelHit 1017, 1302, 5.85031, 0
PixelHit 1017, 1303, 11.5119, 0
PixelHit 1017, 1304, 14.5529, 0
PixelHit 1017, 1305, 12.7216, 0
PixelHit 1017, 1306, 12.4347, 0
PixelHit 1017, 1307, 8.96512, 0
PixelHit 1017, 1308, 4.3009, 0
PixelHit 1018, 1296, 1.49193, 0
PixelHit 1018, 1297, 0.781238, 0
PixelHit 1018, 1298, 4.04234, 0
PixelHit 1018, 1299, 4.25237, 0
PixelHit 1018, 1300, 3.31186, 0
PixelHit 1018, 1301, 10.5001, 0
PixelHit 1018, 1302, 5.53132, 0
PixelHit 1018, 1303, 12.0768, 0
PixelHit 1018, 1304, 7.74164, 0
PixelHit 1018, 1306, 3.81064, 0
PixelHit 1018, 1307, 3.60354, 0
PixelHit 1019, 1296, 2.54827, 0
PixelHit 1019, 1297, 7.80886, 0
PixelHit 1019, 1298, 17.8431, 0
PixelHit 1019, 1299, 13.2607, 0
PixelHit 1019, 1300, 10.0048, 0
PixelHit 1019, 1301, 9.66843, 0
PixelHit 1019, 1302, 9.71234, 0
PixelHit 1019, 1303, 3.38878, 0
PixelHit 1019, 1306, 1.8487, 0
PixelHit 1020, 1293, 0.93754, 0
PixelHit 1020, 1295, 1.85131, 0
PixelHit 1020, 1296, 9.52411, 0
PixelHit 1020, 1297, 6.96252, 0
PixelHit 1020, 1298, 17.237, 0
PixelHit 1020, 1299, 25.6059, 0
PixelHit 1020, 1300, 23.8487, 0
PixelHit 1020, 1301, 13.7528, 0
PixelHit 1020, 1302, 2.36489, 0
PixelHit 1020, 1303, 3.23913, 0
PixelHit 1021, 1292, 2.50669, 0
PixelHit 1021, 1293, 3.68541, 0
PixelHit 1021, 1294, 8.1293, 0
PixelHit 1021, 1295, 7.42904, 0
PixelHit 1021, 1296, 19.3593, 0
PixelHit 1021, 1297, 15.3804, 0
PixelHit 1021, 1298, 18.7525, 0
PixelHit 1021, 1299, 19.7333, 0
PixelHit 1021, 1300, 12.6965, 0
PixelHit 1021, 1301, 2.15018, 0
PixelHit 1022, 1291, 1.10799, 0
PixelHit 1022, 1292, 5.08178, 0
PixelHit 1022, 1293, 15.5857, 0
PixelHit 1022, 1294, 8.16297, 0
PixelHit 1022, 1295, 17.8805, 0
PixelHit 1022, 1296, 14.7692, 0
PixelHit 1022, 1297, 12.7652, 0
PixelHit 1022, 1298, 13.2199, 0
PixelHit 1022, 1299, 4.84076, 0
PixelHit 1022, 1300, 6.52949, 0
PixelHit 1022, 1301, 3.29336, 0
PixelHit 1023, 1291, 1.10577, 0
PixelHit 1023, 1292, 9.23168, 0
PixelHit 1023, 1293, 15.5113, 0
PixelHit 1023, 1294, 17.7986, 0
PixelHit 1023, 1295, 16.3762, 0
PixelHit 1023, 1296, 9.60305, 0
PixelHit 1023, 1297, 10.5013, 0
PixelHit 1023, 1298, 3.66322, 0
PixelHit 1024, 1291, 1.39894, 0
PixelHit 1024, 1292, 4.73062, 0
PixelHit 1024, 1293, 11.9662, 0
PixelHit 1024, 1294, 15.568, 0
PixelHit 1024, 1295, 7.9594, 0
PixelHit 1024, 1296, 3.33334, 0
PixelHit 1024, 1297, 4.75701, 0
PixelHit 1025, 1290, 0.36933, 0
PixelHit 1025, 1291, 1.06616, 0
PixelHit 1025, 1292, 4.48927, 0
PixelHit 1025, 1293, 2.53101, 0
PixelHit 1025, 1294, 9.37974, 0
PixelHit 1025, 1295, 2.98562, 0
PixelHit 1025, 1296, 3.53743, 0
PixelHit 1025, 1297, 2.64889, 0
PixelHit 1026, 1293, 2.74272, 0
PixelHit 1026, 1294, 2.80138, 0
PixelHit 1026, 1295, 1.87987, 0
PixelHit 1289, 1025, 4.85214, 0
PixelHit 1290, 1024, 19.0625, 0
PixelHit 1290, 1025, 86.1957, 0
PixelHit 1290, 1026, 5.42493, 0
PixelHit 1291, 1021, 2.926, 0
PixelHit 1291, 1022, 49.3246, 0
PixelHit 1291, 1023, 85.3108, 0
PixelHit 1291, 1024, 7.82127, 0
PixelHit 1291, 1025, 3.51614, 0
PixelHit 1291, 1026, 1.18479, 0
PixelHit 1292, 1018, 0.18135, 0
PixelHit 1292, 1019, 13.0426, 0
PixelHit 1292, 1020, 54.5179, 0
PixelHit 1292, 1021, 33.3442, 0
PixelHit 1292, 1022, 38.3291, 0
PixelHit 1292, 1023, 31.0921, 0
PixelHit 1293, 1017, 0.769242, 0
PixelHit 1293, 1018, 24.1847, 0
PixelHit 1293, 1019, 57.6242, 0
PixelHit 1293, 1020, 204.622, 0
PixelHit 1293, 1021, 42.9583, 0
PixelHit 1294, 1015, 1.80078, 0
PixelHit 1294, 1016, 14.1638, 0
PixelHit 1294, 1017, 29.8395, 0
PixelHit 1294, 1018, 35.7563, 0
PixelHit 1294, 1019, 30.1935, 0
PixelHit 1294, 1020, 22.8144, 0
PixelHit 1294, 1021, 3.80888, 0
PixelHit 1295, 1013, 3.57453, 0
PixelHit 1295, 1014, 1.55332, 0
PixelHit 1295, 1015, 15.8426, 0
PixelHit 1295, 1016, 38.6516, 0
PixelHit 1295, 1017, 47.0258, 0
PixelHit 1295, 1018, 8.54011, 0
PixelHit 1295, 1019, 3.02088, 0
PixelHit 1296, 1010, 2.45843, 0
PixelHit 1296, 1011, 5.60178, 0
PixelHit 1296, 1012, 11.1658, 0
PixelHit 1296, 1013, 23.3525, 0
PixelHit 1296, 1014, 29.7273, 0
PixelHit 1296, 1015, 12.3039, 0
PixelHit 1296, 1016, 11.5233, 0
PixelHit 1296, 1017, 5.54132, 0
PixelHit 1297, 1009, 10.6647, 0
PixelHit 1297, 1010, 29.0243, 0
PixelHit 1297, 1011, 60.0344, 0
PixelHit 1297, 1012, 66.5197, 0
PixelHit 1297, 1013, 63.3171, 0
PixelHit 1297, 1014, 21.0099, 0
PixelHit 1297, 1015, 7.90935, 0
PixelHit 1298, 1007, 2.45079, 0
PixelHit 1298, 1008, 8.5632, 0
PixelHit 1298, 1009, 50.9717, 0
PixelHit 1298, 1010, 128.105, 0
PixelHit 1298, 1011, 113.794, 0
PixelHit 1298, 1012, 60.2604, 0
PixelHit 1298, 1013, 18.0036, 0
PixelHit 1298, 1014, 6.33172, 0
PixelHit 1299, 1007, 5.30782, 0
PixelHit 1299, 1008, 11.3075, 0
PixelHit 1299, 1009, 72.4155, 0
PixelHit 1299, 1010, 127.389, 0
PixelHit 1299, 1011, 63.9095, 0
PixelHit 1299, 1012, 24.1032, 0
PixelHit 1299, 1013, 5.39419, 0
PixelHit 1300, 1003, 3.82979, 0
PixelHit 1300, 1004, 5.96185, 0
PixelHit 1300, 1005, 16.3116, 0
PixelHit 1300, 1006, 17.4536, 0
PixelHit 1300, 1007, 14.3501, 0
PixelHit 1300, 1008, 14.5713, 0
PixelHit 1300, 1009, 30.8586, 0
PixelHit 1300, 1010, 25.6522, 0
PixelHit 1300, 1011, 11.5975, 0
PixelHit 1300, 1012, 1.41461, 0
PixelHit 1301, 999, 1.96092, 0
PixelHit 1301, 1001, 1.16882, 0
PixelHit 1301, 1002, 3.02141, 0
PixelHit 1301, 1003, 12.0223, 0
PixelHit 1301, 1004, 21.6062, 0
PixelHit 1301, 1005, 26.1892, 0
PixelHit 1301, 1006, 23.4069, 0
PixelHit 1301, 1007, 10.5175, 0
PixelHit 1301, 1008, 9.82663, 0
PixelHit 1301, 1010, 4.95563, 0
PixelHit 1302, 999, 5.94998, 0
PixelHit 1302, 1000, 13.503, 0
PixelHit 1302, 1001, 9.95635, 0
PixelHit 1302, 1002, 19.3266, 0
PixelHit 1302, 1003, 16.1643, 0
PixelHit 1302, 1004, 37.9571, 0
PixelHit 1302, 1005, 39.3935, 0
PixelHit 1302, 1006, 15.665, 0
PixelHit 1302, 1007, 6.00416, 0
PixelHit 1302, 1008, 1.40355, 0
PixelHit 1302, 1011, 2.08678, 0
PixelHit 1303, 998, 6.84231, 0
PixelHit 1303, 999, 18.4359, 0
PixelHit 1303, 1000, 38.9529, 0
PixelHit 1303, 1001, 49.868, 0
PixelHit 1303, 1002, 31.1683, 0
PixelHit 1303, 1003, 26.8454, 0
PixelHit 1303, 1004, 28.8266, 0
PixelHit 1303, 1005, 12.6905, 0
PixelHit 1303, 1006, 3.06293, 0
PixelHit 1303, 1007, 2.16383, 0
PixelHit 1304, 997, 5.79564, 0
PixelHit 1304, 998, 15.3027, 0
PixelHit 1304, 999, 45.5739, 0
PixelHit 1304, 1000, 84.8736, 0
PixelHit 1304, 1001, 72.602, 0
PixelHit 1304, 1002, 24.8623, 0
PixelHit 1304, 1003, 13.5218, 0
PixelHit 1304, 1004, 3.89747, 0
PixelHit 1305, 992, 0.848955, 0
PixelHit 1305, 993, 3.86859, 0
PixelHit 1305, 995, 5.30308, 0
PixelHit 1305, 996, 8.12055, 0
PixelHit 1305, 997, 9.07587, 0
PixelHit 1305, 998, 21.3158, 0
PixelHit 1305, 999, 45.2707, 0
PixelHit 1305, 1000, 52.526, 0
PixelHit 1305, 1001, 47.7708, 0
PixelHit 1305, 1002, 18.0538, 0
PixelHit 1305, 1003, 1.60411, 0
PixelHit 1306, 992, 2.61712, 0
PixelHit 1306, 993, 6.29293, 0
PixelHit 1306, 994, 9.07884, 0
PixelHit 1306, 995, 16.0793, 0
PixelHit 1306, 996, 17.0285, 0
PixelHit 1306, 997, 28.271, 0
PixelHit 1306, 998, 30.1023, 0
PixelHit 1306, 999, 19.0802, 0
PixelHit 1306, 1000, 15.5325, 0
PixelHit 1306, 1001, 11.6315, 0
PixelHit 1306, 1002, 2.07554, 0
PixelHit 1307, 991, 0.331131, 0
PixelHit 1307, 992, 3.7323, 0
PixelHit 1307, 993, 18.2919, 0
PixelHit 1307, 994, 24.5972, 0
PixelHit 1307, 995, 12.7948, 0
PixelHit 1307, 996, 15.7389, 0
PixelHit 1307, 997, 15.0499, 0
PixelHit 1307, 998, 10.6634, 0
PixelHit 1307, 999, 3.64322, 0
PixelHit 1307, 1001, 0.0524815, 0
PixelHit 1308, 988, 2.51983, 0
PixelHit 1308, 989, 1.98713, 0
PixelHit 1308, 990, 7.37299, 0
PixelHit 1308, 991, 7.50257, 0
PixelHit 1308, 992, 18.3729, 0
PixelHit 1308, 993, 27.4023, 0
PixelHit 1308, 994, 19.9584, 0
PixelHit 1308, 995, 12.5261, 0
PixelHit 1308, 996, 7.73526, 0
PixelHit 1308, 997, 4.15298, 0
PixelHit 1309, 985, 3.56371, 0
PixelHit 1309, 987, 0.939614, 0
PixelHit 1309, 988, 15.1066, 0
PixelHit 1309, 989, 13.792, 0
PixelHit 1309, 990, 12.8509, 0
PixelHit 1309, 991, 10.922, 0
PixelHit 1309, 992, 14.2893, 0
PixelHit 1309, 993, 11.5837, 0
PixelHit 1309, 994, 12.6684, 0
PixelHit 1309, 995, 9.71964, 0
PixelHit 1309, 996, 1.0841, 0
PixelHit 1309, 997, 1.92707, 0
PixelHit 1310, 984, 2.34087, 0
PixelHit 1310, 985, 3.6041, 0
PixelHit 1310, 986, 6.56311, 0
PixelHit 1310, 987, 12.9451, 0
PixelHit 1310, 988, 18.5287, 0
PixelHit 1310, 989, 24.8739, 0
PixelHit 1310, 990, 17.8188, 0
PixelHit 1310, 991, 13.1931, 0
PixelHit 1310, 992, 7.66502, 0
PixelHit 1310, 993, 4.13767, 0
PixelHit 1310, 994, 3.08039, 0
PixelHit 1311, 985, 4.50295, 0
PixelHit 1311, 986, 8.26232, 0
PixelHit 1311, 987, 16.8426, 0
PixelHit 1311, 988, 37.6366, 0
PixelHit 1311, 989, 32.2654, 0
PixelHit 1311, 990, 14.9682, 0
PixelHit 1311, 991, 6.674, 0
PixelHit 1311, 992, 2.045, 0
PixelHit 1311, 994, 1.92605, 0
PixelHit 1312, 983, 1.47758, 0
PixelHit 1312, 984, 7.8773, 0
PixelHit 1312, 985, 14.693, 0
PixelHit 1312, 986, 16.2627, 0
PixelHit 1312, 987, 27.4924, 0
PixelHit 1312, 988, 31.0197, 0
PixelHit 1312, 989, 15.9795, 0
PixelHit 1312, 990, 10.5762, 0
PixelHit 1312, 991, 4.49325, 0
PixelHit 1312, 992, 1.76447, 0
PixelHit 1313, 983, 4.99892, 0
PixelHit 1313, 984, 3.31073, 0
PixelHit 1313, 985, 14.9441, 0
PixelHit 1313, 986, 13.2569, 0
PixelHit 1313, 987, 12.0293, 0
PixelHit 1313, 988, 15.3242, 0
PixelHit 1313, 989, 3.45377, 0
PixelHit 1313, 990, 2.31648, 0
PixelHit 1314, 982, 1.49976, 0
PixelHit 1314, 983, 5.95574, 0
PixelHit 1314, 984, 5.13724, 0
PixelHit 1314, 985, 4.89345, 0
PixelHit 1314, 986, 9.86651, 0
PixelHit 1314, 988, 3.83464, 0
PixelHit 1315, 984, 5.21046, 0
=== 40 ===
=== 41 ===
=== 42 ===
=== 43 ===
=== 44 ===
=== 45 ===
=== 46 ===
=== 47 ===
=== 48 ===
=== 49 ===
=== 50 ===
=== 51 ===
=== 52 ===
=== 53 ===
--- mydetector ---
PixelHit 1196, 1046, 8.15622, 0
PixelHit 1196, 1047, 1.93689, 0
PixelHit 1197, 1044, 16.1973, 0
PixelHit 1197, 1045, 59.852, 0
PixelHit 1197, 1046, 70.2362, 0
PixelHit 1197, 1047, 2.18919, 0
PixelHit 1198, 1042, 5.38585, 0
PixelHit 1198, 1043, 50.7502, 0
PixelHit 1198, 1044, 101.191, 0
PixelHit 1198, 1045, 50.2581, 0
PixelHit 1198, 1046, 4.13716, 0
PixelHit 1199, 1040, 14.7827, 0
PixelHit 1199, 1041, 11.4155, 0
PixelHit 1199, 1042, 8.98836, 0
PixelHit 1199, 1043, 41.1259, 0
PixelHit 1199, 1044, 11.9979, 0
PixelHit 1199, 1045, 1.36555, 0
PixelHit 1200, 1038, 2.1878, 0
PixelHit 1200, 1039, 7.50204, 0
PixelHit 1200, 1040, 50.9304, 0
PixelHit 1200, 1041, 59.9912, 0
PixelHit 1200, 1042, 4.89983, 0
PixelHit 1201, 1035, 2.26313, 0
PixelHit 1201, 1036, 3.32056, 0
PixelHit 1201, 1037, 10.4794, 0
PixelHit 1201, 1038, 31.3519, 0
PixelHit 1201, 1039, 16.97, 0
PixelHit 1201, 1040, 21.1483, 0
PixelHit 1201, 1041, 14.9607, 0
PixelHit 1202, 1032, 1.74905, 0
PixelHit 1202, 1034, 1.91609, 0
PixelHit 1202, 1035, 15.2972, 0
PixelHit 1202, 1036, 17.689, 0
PixelHit 1202, 1037, 26.8007, 0
PixelHit 1202, 1038, 27.6221, 0
PixelHit 1202, 1039, 6.38848, 0
PixelHit 1203, 1032, 2.7824, 0
PixelHit 1203, 1033, 5.51215, 0
PixelHit 1203, 1034, 7.44163, 0
PixelHit 1203, 1035, 44.8427, 0
PixelHit 1203, 1036, 48.945, 0
PixelHit 1203, 1037, 12.9259, 0
PixelHit 1203, 1038, 0.381527, 0
PixelHit 1203, 1040, 2.3478, 0
PixelHit 1204, 1030, 2.45837, 0
PixelHit 1204, 1031, 4.18129, 0
PixelHit 1204, 1032, 28.5493, 0
PixelHit 1204, 1033, 28.5995, 0
PixelHit 1204, 1034, 10.196, 0
PixelHit 1204, 1035, 17.4433, 0
PixelHit 1204, 1036, 18.8815, 0
PixelHit 1204, 1037, 2.26511, 0
PixelHit 1205, 1028, 1.59698, 0
PixelHit 1205, 1029, 5.05989, 0
PixelHit 1205, 1030, 12.1303, 0
PixelHit 1205, 1031, 26.4046, 0
PixelHit 1205, 1032, 56.1197, 0
PixelHit 1205, 1033, 42.0319, 0
PixelHit 1205, 1034, 8.59512, 0
PixelHit 1206, 1028, 14.1312, 0
PixelHit 1206, 1029, 21.7634, 0
PixelHit 1206, 1030, 17.3458, 0
PixelHit 1206, 1031, 13.5352, 0
PixelHit 1206, 1032, 22.7199, 0
PixelHit 1206, 1033, 11.838, 0
PixelHit 1206, 1034, 2.4335, 0
PixelHit 1207, 1024, 2.25943, 0
PixelHit 1207, 1025, 7.18171, 0
PixelHit 1207, 1026, 2.61592, 0
PixelHit 1207, 1027, 8.4771, 0
PixelHit 1207, 1028, 21.6806, 0
PixelHit 1207, 1029, 25.4575, 0
PixelHit 1207, 1030, 17.9783, 0
PixelHit 1207, 1032, 2.13317, 0
PixelHit 1208, 1023, 3.56499, 0
PixelHit 1208, 1024, 11.199, 0
PixelHit 1208, 1025, 12.0566, 0
PixelHit 1208, 1026, 25.3062, 0
PixelHit 1208, 1027, 17.532, 0
PixelHit 1208, 1028, 16.8462, 0
PixelHit 1208, 1029, 13.6798, 0
PixelHit 1208, 1030, 6.19392, 0
PixelHit 1209, 1021, 1.42349, 0
PixelHit 1209, 1022, 1.67372, 0
PixelHit 1209, 1023, 4.3989, 0
PixelHit 1209, 1024, 8.05454, 0
PixelHit 1209, 1025, 28.5078, 0
PixelHit 1209, 1026, 34.5482, 0
PixelHit 1209, 1027, 8.12019, 0
PixelHit 1209, 1028, 9.88712, 0
PixelHit 1209, 1029, 2.42896, 0
PixelHit 1210, 1019, 3.12041, 0
PixelHit 1210, 1020, 4.38599, 0
PixelHit 1210, 1021, 11.3004, 0
PixelHit 1210, 1022, 19.6145, 0
PixelHit 1210, 1023, 20.4725, 0
PixelHit 1210, 1024, 19.79, 0
PixelHit 1210, 1025, 10.2585, 0
PixelHit 1210, 1026, 8.89042, 0
PixelHit 1210, 1027, 3.40635, 0
PixelHit 1211, 1017, 1.89519, 0
PixelHit 1211, 1019, 9.19347, 0
PixelHit 1211, 1020, 21.7635, 0
PixelHit 1211, 1021, 21.9251, 0
PixelHit 1211, 1022, 21.1436, 0
PixelHit 1211, 1023, 14.904, 0
PixelHit 1211, 1024, 8.13461, 0
PixelHit 1211, 1025, 4.45447, 0
PixelHit 1212, 1014, 2.68589, 0
PixelHit 1212, 1016, 0.261821, 0
PixelHit 1212, 1017, 9.62191, 0
PixelHit 1212, 1018, 29.8829, 0
PixelHit 1212, 1019, 20.1615, 0
PixelHit 1212, 1020, 30.2858, 0
PixelHit 1212, 1021, 16.1464, 0
PixelHit 1212, 1022, 17.3279, 0
PixelHit 1212, 1023, 5.99451, 0
PixelHit 1213, 1014, 4.00151, 0
PixelHit 1213, 1015, 5.48174, 0
PixelHit 1213, 1016, 13.0485, 0
PixelHit 1213, 1017, 34.9243, 0
PixelHit 1213, 1018, 34.8898, 0
PixelHit 1213, 1019, 27.4351, 0
PixelHit 1213, 1020, 16.9823, 0
PixelHit 1213, 1021, 14.1422, 0
PixelHit 1213, 1022, 4.55673, 0
PixelHit 1213, 1023, 2.56211, 0
PixelHit 1214, 1013, 2.58409, 0
PixelHit 1214, 1014, 3.02097, 0
PixelHit 1214, 1015, 13.824, 0
PixelHit 1214, 1016, 14.6304, 0
PixelHit 1214, 1017, 25.8347, 0
PixelHit 1214, 1018, 31.7507, 0
PixelHit 1214, 1019, 17.635, 0
PixelHit 1214, 1020, 8.11303, 0
PixelHit 1214, 1022, 2.47741, 0
PixelHit 1215, 1011, 1.13859, 0
PixelHit 1215, 1012, 3.16716, 0
PixelHit 1215, 1013, 2.02852, 0
PixelHit 1215, 1014, 4.12935, 0
PixelHit 1215, 1015, 11.2293, 0
PixelHit 1215, 1016, 12.93, 0
PixelHit 1215, 1017, 16.9175, 0
PixelHit 1215, 1018, 8.48771, 0
PixelHit 1215, 1019, 9.67373, 0
PixelHit 1216, 1008, -0.0505395, 0
PixelHit 1216, 1009, 1.4954, 0
PixelHit 1216, 1010, 5.19729, 0
PixelHit 1216, 1011, 7.74566, 0
PixelHit 1216, 1012, 13.9581, 0
PixelHit 1216, 1013, 15.6719, 0
PixelHit 1216, 1014, 3.84133, 0
PixelHit 1216, 1015, 3.93189, 0
PixelHit 1216, 1016, 7.48004, 0
PixelHit 1216, 1018, 3.58849, 0
PixelHit 1216, 1019, 0.170071, 0
PixelHit 1217, 1006, 0.757083, 0
PixelHit 1217, 1007, 2.22423, 0
PixelHit 1217, 1008, 4.50083, 0
PixelHit 1217, 1009, 3.19311, 0
PixelHit 1217, 1010, 7.63378, 0
PixelHit 1217, 1011, 10.6236, 0
PixelHit 1217, 1012, 16.2851, 0
PixelHit 1217, 1013, 7.1625, 0
PixelHit 1217, 1014, 3.83843, 0
PixelHit 1217, 1015, 0.84223, 0
PixelHit 1217, 1016, 5.31428, 0
PixelHit 1218, 1004, 2.08106, 0
PixelHit 1218, 1005, 3.52774, 0
PixelHit 1218, 1006, 7.70699, 0
PixelHit 1218, 1007, 8.73631, 0
PixelHit 1218, 1008, 9.61944, 0
PixelHit 1218, 1009, 7.52618, 0
PixelHit 1218, 1010, 8.8656, 0
PixelHit 1218, 1011, 13.4598, 0
PixelHit 1218, 1012, 8.0949, 0
PixelHit 1218, 1014, 2.76746, 0
PixelHit 1218, 1015, 1.03994, 0
PixelHit 1219, 1004, 3.06464, 0
PixelHit 1219, 1005, 12.3858, 0
PixelHit 1219, 1006, 13.1201, 0
PixelHit 1219, 1007, 16.4433, 0
PixelHit 1219, 1008, 11.7518, 0
PixelHit 1219, 1009, 13.7036, 0
PixelHit 1219, 1010, 7.55722, 0
PixelHit 1219, 1011, 2.65634, 0
PixelHit 1219, 1013, 4.04004, 0
PixelHit 1220, 1002, 1.23163, 0
PixelHit 1220, 1003, 2.35086, 0
PixelHit 1220, 1004, 7.05917, 0
PixelHit 1220, 1005, 16.7208, 0
PixelHit 1220, 1006, 24.4053, 0
PixelHit 1220, 1007, 12.5917, 0
PixelHit 1220, 1008, 8.2642, 0
PixelHit 1220, 1009, 3.77786, 0
PixelHit 1220, 1011, 0.984279, 0
PixelHit 1220, 1012, 2.78188, 0
PixelHit 1221, 1003, 0.897955, 0
PixelHit 1221, 1004, 8.85402, 0
PixelHit 1221, 1005, 16.2994, 0
PixelHit 1221, 1006, 25.4824, 0
PixelHit 1221, 1007, 16.0939, 0
PixelHit 1221, 1008, 4.99306, 0
PixelHit 1221, 1009, 1.95662, 0
PixelHit 1222, 1004, 4.11514, 0
PixelHit 1222, 1005, 15.1788, 0
PixelHit 1222, 1006, 8.47014, 0
PixelHit 1222, 1007, 7.68686, 0
PixelHit 1222, 1008, 1.21234, 0
PixelHit 1222, 1009, 1.93178, 0
PixelHit 1223, 1003, 3.77561, 0
PixelHit 1223, 1004, 4.86107, 0
PixelHit 1223, 1005, 1.78862, 0
PixelHit 1223, 1006, 2.40751, 0
PixelHit 1303, 1156, 1.97784, 0
PixelHit 1303, 1157, 11.1834, 0
PixelHit 1304, 1153, 1.10274, 0
PixelHit 1304, 1155, 6.63698, 0
PixelHit 1304, 1156, 55.769, 0
PixelHit 1304, 1157, 90.208, 0
PixelHit 1304, 1158, 22.8994, 0
PixelHit 1305, 1153, 38.6673, 0
PixelHit 1305, 1154, 54.1449, 0
PixelHit 1305, 1155, 46.8964, 0
PixelHit 1305, 1156, 45.8746, 0
PixelHit 1305, 1157, 1.65553, 0
PixelHit 1306, 1150, 2.75694, 0
PixelHit 1306, 1151, 6.32963, 0
PixelHit 1306, 1152, 18.4829, 0
PixelHit 1306, 1153, 105.939, 0
PixelHit 1306, 1154, 109.757, 0
PixelHit 1306, 1155, 5.2446, 0
PixelHit 1307, 1148, 2.74156, 0
PixelHit 1307, 1149, 5.94013, 0
PixelHit 1307, 1150, 20.1751, 0
PixelHit 1307, 1151, 24.1389, 0
PixelHit 1307, 1152, 9.54304, 0
PixelHit 1307, 1153, 10.5891, 0
PixelHit 1307, 1154, 1.89061, 0
PixelHit 1308, 1146, 1.73679, 0
PixelHit 1308, 1147, 6.72955, 0
PixelHit 1308, 1148, 12.5529, 0
PixelHit 1308, 1149, 24.0027, 0
PixelHit 1308, 1150, 53.2257, 0
PixelHit 1308, 1151, 16.1539, 0
PixelHit 1308, 1152, 3.58571, 0
PixelHit 1309, 1145, 5.08316, 0
PixelHit 1309, 1146, 22.9791, 0
PixelHit 1309, 1147, 29.9674, 0
PixelHit 1309, 1148, 20.7607, 0
PixelHit 1309, 1149, 13.4769, 0
PixelHit 1309, 1150, 3.13529, 0
PixelHit 1310, 1142, 3.40418, 0
PixelHit 1310, 1143, 5.8664, 0
PixelHit 1310, 1144, 13.0053, 0
PixelHit 1310, 1145, 22.4584, 0
PixelHit 1310, 1146, 61.4022, 0
PixelHit 1310, 1147, 33.7836, 0
PixelHit 1310, 1148, 5.69212, 0
PixelHit 1311, 1140, 2.36131, 0
PixelHit 1311, 1141, 4.74461, 0
PixelHit 1311, 1142, 21.5098, 0
PixelHit 1311, 1143, 26.989, 0
PixelHit 1311, 1144, 23.5538, 0
PixelHit 1311, 1145, 13.5398, 0
PixelHit 1311, 1146, 11.9268, 0
PixelHit 1311, 1147, 7.63206, 0
PixelHit 1311, 1148, 4.06663, 0
PixelHit 1312, 1139, 6.3952, 0
PixelHit 1312, 1140, 16.3662, 0
PixelHit 1312, 1141, 25.1129, 0
PixelHit 1312, 1142, 36.2565, 0
PixelHit 1312, 1143, 37.7759, 0
PixelHit 1312, 1144, 21.7263, 0
PixelHit 1312, 1145, 1.00434, 0
PixelHit 1312, 1148, 2.05704, 0
PixelHit 1313, 1135, 2.73403, 0
PixelHit 1313, 1136, 7.5805, 0
PixelHit 1313, 1137, 10.3245, 0
PixelHit 1313, 1138, 4.51864, 0
PixelHit 1313, 1139, 25.2024, 0
PixelHit 1313, 1140, 33.7677, 0
PixelHit 1313, 1141, 24.7, 0
PixelHit 1313, 1142, 7.60284, 0
PixelHit 1313, 1143, 9.26839, 0
PixelHit 1313, 1144, 4.91825, 0
PixelHit 1314, 1132, 2.67819, 0
PixelHit 1314, 1135, 1.94147, 0
PixelHit 1314, 1136, 12.7168, 0
PixelHit 1314, 1137, 23.0877, 0
PixelHit 1314, 1138, 27.0175, 0
PixelHit 1314, 1139, 28.4983, 0
PixelHit 1314, 1140, 17.708, 0
PixelHit 1314, 1141, 9.56031, 0
PixelHit 1314, 1142, 1.40528, 0
PixelHit 1315, 1132, 5.02421, 0
PixelHit 1315, 1133, 12.4776, 0
PixelHit 1315, 1134, 11.5012, 0
PixelHit 1315, 1135, 7.39087, 0
PixelHit 1315, 1136, 18.3553, 0
PixelHit 1315, 1137, 30.0475, 0
PixelHit 1315, 1138, 17.7831, 0
PixelHit 1315, 1139, 9.26445, 0
PixelHit 1315, 1140, 1.97671, 0
PixelHit 1316, 1129, 1.34947, 0
PixelHit 1316, 1131, 5.88414, 0
PixelHit 1316, 1132, 7.24224, 0
PixelHit 1316, 1133, 15.8662, 0
PixelHit 1316, 1134, 34.624, 0
PixelHit 1316, 1135, 29.9312, 0
PixelHit 1316, 1136, 12.926, 0
PixelHit 1316, 1137, 10.344, 0
PixelHit 1316, 1138, 5.1794, 0
PixelHit 1316, 1139, 3.53654, 0
PixelHit 1316, 1140, 1.32897, 0
PixelHit 1317, 1126, 1.74846, 0
PixelHit 1317, 1128, 6.50746, 0
PixelHit 1317, 1129, 8.93055, 0
PixelHit 1317, 1130, 7.75194, 0
PixelHit 1317, 1131, 18.9863, 0
PixelHit 1317, 1132, 26.0905, 0
PixelHit 1317, 1133, 36.8447, 0
PixelHit 1317, 1134, 29.2525, 0
PixelHit 1317, 1135, 16.6618, 0
PixelHit 1317, 1136, 5.84251, 0
PixelHit 1317, 1137, 0.614096, 0
PixelHit 1318, 1126, 2.68803, 0
PixelHit 1318, 1127, 9.10126, 0
PixelHit 1318, 1128, 21.4217, 0
PixelHit 1318, 1129, 20.3592, 0
PixelHit 1318, 1130, 41.8784, 0
PixelHit 1318, 1131, 21.7218, 0
PixelHit 1318, 1132, 21.9642, 0
PixelHit 1318, 1133, 10.0631, 0
PixelHit 1318, 1134, 15.9737, 0
PixelHit 1318, 1135, 5.38905, 0
PixelHit 1318, 1136, 1.17736, 0
PixelHit 1318, 1137, 1.98704, 0
PixelHit 1319, 1124, 0.387198, 0
PixelHit 1319, 1125, 4.31187, 0
PixelHit 1319, 1126, 8.56506, 0
PixelHit 1319, 1127, 19.5148, 0
PixelHit 1319, 1128, 60.8694, 0
PixelHit 1319, 1129, 56.3531, 0
PixelHit 1319, 1130, 29.1293, 0
PixelHit 1319, 1131, 12.9226, 0
PixelHit 1319, 1132, 11.8016, 0
PixelHit 1319, 1133, 4.11468, 0
PixelHit 1320, 1123, 1.91165, 0
PixelHit 1320, 1124, 3.13152, 0
PixelHit 1320, 1125, 10.4277, 0
PixelHit 1320, 1126, 17.5662, 0
PixelHit 1320, 1127, 37.1998, 0
PixelHit 1320, 1128, 58.6645, 0
PixelHit 1320, 1129, 44.4466, 0
PixelHit 1320, 1130, 27.6625, 0
PixelHit 1320, 1131, 6.74014, 0
PixelHit 1320, 1132, 2.91792, 0
PixelHit 1320, 1133, 3.00468, 0
PixelHit 1321, 1120, 4.63879, 0
PixelHit 1321, 1121, 2.91111, 0
PixelHit 1321, 1122, 7.35558, 0
PixelHit 1321, 1123, 10.2219, 0
PixelHit 1321, 1124, 15.137, 0
PixelHit 1321, 1125, 13.9779, 0
PixelHit 1321, 1126, 31.2325, 0
PixelHit 1321, 1127, 20.9185, 0
PixelHit 1321, 1128, 31.5197, 0
PixelHit 1321, 1129, 15.6968, 0
PixelHit 1321, 1130, 11.8876, 0
PixelHit 1321, 1131, 2.3641, 0
PixelHit 1322, 1119, 1.40662, 0
PixelHit 1322, 1120, 7.31147, 0
PixelHit 1322, 1121, 12.4592, 0
PixelHit 1322, 1122, 17.5328, 0
PixelHit 1322, 1123, 19.2263, 0
PixelHit 1322, 1124, 21.1825, 0
PixelHit 1322, 1125, 13.3423, 0
PixelHit 1322, 1126, 9.90426, 0
PixelHit 1322, 1127, 8.84388, 0
PixelHit 1322, 1128, 4.95167, 0
PixelHit 1323, 1117, 2.87633, 0
PixelHit 1323, 1118, 3.45545, 0
PixelHit 1323, 1119, 5.04409, 0
PixelHit 1323, 1120, 16.7744, 0
PixelHit 1323, 1121, 14.5614, 0
PixelHit 1323, 1122, 22.4837, 0
PixelHit 1323, 1123, 24.0097, 0
PixelHit 1323, 1124, 11.3647, 0
PixelHit 1323, 1125, 4.13025, 0
PixelHit 1323, 1126, 4.61798, 0
PixelHit 1324, 1114, 3.34884, 0
PixelHit 1324, 1115, 4.72056, 0
PixelHit 1324, 1116, 7.52307, 0
PixelHit 1324, 1117, 13.1066, 0
PixelHit 1324, 1118, 17.9659, 0
PixelHit 1324, 1119, 8.32089, 0
PixelHit 1324, 1120, 12.9618, 0
PixelHit 1324, 1121, 14.4499, 0
PixelHit 1324, 1122, 17.2814, 0
PixelHit 1324, 1123, 14.2969, 0
PixelHit 1324, 1124, 6.72354, 0
PixelHit 1324, 1125, 2.93218, 0
PixelHit 1325, 1114, -0.0922902, 0
PixelHit 1325, 1115, 4.50549, 0
PixelHit 1325, 1116, 13.179, 0
PixelHit 1325, 1117, 19.7007, 0
PixelHit 1325, 1118, 24.5462, 0
PixelHit 1325, 1119, 14.897, 0
PixelHit 1325, 1120, 9.96866, 0
PixelHit 1325, 1121, 10.8015, 0
PixelHit 1325, 1122, 1.92772, 0
PixelHit 1325, 1124, 6.05366, 0
PixelHit 1325, 1126, 1.76492, 0
PixelHit 1326, 1114, 4.07312, 0
PixelHit 1326, 1115, 12.3975, 0
PixelHit 1326, 1116, 25.4508, 0
PixelHit 1326, 1117, 29.9658, 0
PixelHit 1326, 1118, 26.2337, 0
PixelHit 1326, 1119, 5.58373, 0
PixelHit 1326, 1121, 3.44709, 0
PixelHit 1327, 1114, 1.39284, 0
PixelHit 1327, 1115, 3.75235, 0
PixelHit 1327, 1116, 9.73724, 0
PixelHit 1327, 1117, 9.76056, 0
PixelHit 1327, 1118, 12.5641, 0
PixelHit 1327, 1119, 3.14092, 0
PixelHit 1327, 1120, 2.16531, 0
PixelHit 1328, 1116, 4.09386, 0
PixelHit 1328, 1117, 2.39985, 0
PixelHit 1328, 1118, 5.15383, 0
=== 54 ===
=== 55 ===
=== 56 ===
=== 57 ===
=== 58 ===
=== 59 ===
=== 60 ===
=== 61 ===
--- mydetector ---
PixelHit 1317, 848, 1.25491, 0
PixelHit 1317, 849, 49.3546, 0
PixelHit 1317, 850, 10.3857, 0
PixelHit 1318, 847, 38.2193, 0
PixelHit 1318, 848, 72.188, 0
PixelHit 1318, 849, 20.5633, 0
PixelHit 1319, 844, 6.25449, 0
PixelHit 1319, 845, 22.0148, 0
PixelHit 1319, 846, 49.2775, 0
PixelHit 1319, 847, 14.1264, 0
PixelHit 1319, 848, 10.7054, 0
PixelHit 1320, 843, 11.3464, 0
PixelHit 1320, 844, 85.9854, 0
PixelHit 1320, 845, 72.0952, 0
PixelHit 1320, 846, 12.8976, 0
PixelHit 1321, 840, 1.24818, 0
PixelHit 1321, 841, 3.73927, 0
PixelHit 1321, 842, 8.36211, 0
PixelHit 1321, 843, 17.9876, 0
PixelHit 1321, 844, 41.048, 0
PixelHit 1321, 845, 7.75236, 0
PixelHit 1322, 840, 4.9565, 0
PixelHit 1322, 841, 10.7571, 0
PixelHit 1322, 842, 16.8763, 0
PixelHit 1322, 843, 2.40673, 0
PixelHit 1322, 844, 1.48473, 0
PixelHit 1323, 837, 14.1917, 0
PixelHit 1323, 838, 20.1544, 0
PixelHit 1323, 839, 15.0539, 0
PixelHit 1323, 840, 6.87582, 0
PixelHit 1323, 841, 2.82249, 0
PixelHit 1323, 842, 5.4089, 0
PixelHit 1324, 835, 5.30796, 0
PixelHit 1324, 836, 29.607, 0
PixelHit 1324, 837, 59.7035, 0
PixelHit 1324, 838, 45.6836, 0
PixelHit 1324, 839, 15.8176, 0
PixelHit 1324, 840, 1.57781, 0
PixelHit 1325, 833, 2.84255, 0
PixelHit 1325, 834, 6.24958, 0
PixelHit 1325, 835, 21.3019, 0
PixelHit 1325, 836, 46.2924, 0
PixelHit 1325, 837, 64.1149, 0
PixelHit 1325, 838, 24.773, 0
PixelHit 1325, 839, 6.06577, 0
PixelHit 1325, 840, 0.757729, 0
PixelHit 1326, 832, 5.00006, 0
PixelHit 1326, 833, 7.91868, 0
PixelHit 1326, 834, 22.9953, 0
PixelHit 1326, 835, 20.5326, 0
PixelHit 1326, 836, 17.7765, 0
PixelHit 1326, 837, 10.7539, 0
PixelHit 1327, 827, 1.0681, 0
PixelHit 1327, 829, 3.99015, 0
PixelHit 1327, 830, 6.86643, 0
PixelHit 1327, 832, 2.45827, 0
PixelHit 1327, 833, 2.57836, 0
PixelHit 1327, 834, 10.6233, 0
PixelHit 1327, 835, 5.33647, 0
PixelHit 1327, 836, 0.711431, 0
PixelHit 1328, 826, 3.02551, 0
PixelHit 1328, 827, 3.45847, 0
PixelHit 1328, 828, 6.09976, 0
PixelHit 1328, 829, 15.464, 0
PixelHit 1328, 830, 19.4101, 0
PixelHit 1328, 831, 12.225, 0
PixelHit 1328, 832, 7.97867, 0
PixelHit 1328, 834, 1.8147, 0
PixelHit 1329, 824, 0.767166, 0
PixelHit 1329, 825, 4.35191, 0
PixelHit 1329, 826, 6.12088, 0
PixelHit 1329, 827, 8.12373, 0
PixelHit 1329, 828, 12.7939, 0
PixelHit 1329, 829, 23.8753, 0
PixelHit 1329, 830, 15.5895, 0
PixelHit 1329, 831, 14.7951, 0
PixelHit 1329, 832, 2.48094, 0
PixelHit 1330, 823, 4.97486, 0
PixelHit 1330, 824, 10.3878, 0
PixelHit 1330, 825, 14.5139, 0
PixelHit 1330, 826, 30.2267, 0
PixelHit 1330, 827, 33.8957, 0
PixelHit 1330, 828, 27.3673, 0
PixelHit 1330, 829, 20.9977, 0
PixelHit 1330, 830, 10.5566, 0
PixelHit 1330, 831, 5.1228, 0
PixelHit 1330, 832, -0.206158, 0
PixelHit 1330, 833, 2.9695, 0
PixelHit 1331, 820, 0.958955, 0
PixelHit 1331, 822, 5.79524, 0
PixelHit 1331, 823, 7.34387, 0
PixelHit 1331, 824, 22.9022, 0
PixelHit 1331, 825, 35.9443, 0
PixelHit 1331, 826, 33.5708, 0
PixelHit 1331, 827, 30.9325, 0
PixelHit 1331, 828, 23.2448, 0
PixelHit 1331, 829, 7.54909, 0
PixelHit 1331, 830, 3.23759, 0
PixelHit 1332, 820, 3.51791, 0
PixelHit 1332, 821, 1.08342, 0
PixelHit 1332, 822, 5.61297, 0
PixelHit 1332, 823, 23.6093, 0
PixelHit 1332, 824, 37.9598, 0
PixelHit 1332, 825, 50.3262, 0
PixelHit 1332, 826, 26.1446, 0
PixelHit 1332, 827, 15.7931, 0
PixelHit 1332, 828, 1.38404, 0
PixelHit 1332, 829, 3.29491, 0
PixelHit 1333, 816, 3.11099, 0
PixelHit 1333, 817, 2.91685, 0
PixelHit 1333, 820, 3.52599, 0
PixelHit 1333, 821, 4.91869, 0
PixelHit 1333, 822, 9.41355, 0
PixelHit 1333, 823, 18.492, 0
PixelHit 1333, 824, 19.8457, 0
PixelHit 1333, 825, 12.6138, 0
PixelHit 1333, 826, 16.8716, 0
PixelHit 1333, 827, 1.35291, 0
PixelHit 1334, 815, 1.41482, 0
PixelHit 1334, 816, 1.60759, 0
PixelHit 1334, 817, 4.07817, 0
PixelHit 1334, 818, 11.0619, 0
PixelHit 1334, 819, 9.25128, 0
PixelHit 1334, 820, 7.41465, 0
PixelHit 1334, 821, 10.3971, 0
PixelHit 1334, 822, 9.68855, 0
PixelHit 1334, 823, 5.8857, 0
PixelHit 1334, 824, 5.18358, 0
PixelHit 1334, 825, 3.79443, 0
PixelHit 1334, 826, 3.28956, 0
PixelHit 1335, 814, 0.990732, 0
PixelHit 1335, 816, 14.2851, 0
PixelHit 1335, 817, 20.8143, 0
PixelHit 1335, 818, 16.1085, 0
PixelHit 1335, 819, 12.2244, 0
PixelHit 1335, 820, 11.3448, 0
PixelHit 1335, 821, 3.64875, 0
PixelHit 1335, 822, 3.20295, 0
PixelHit 1335, 824, 1.88002, 0
PixelHit 1336, 813, 4.23085, 0
PixelHit 1336, 814, 3.0702, 0
PixelHit 1336, 815, 15.1034, 0
PixelHit 1336, 816, 35.0723, 0
PixelHit 1336, 817, 28.7816, 0
PixelHit 1336, 818, 21.9988, 0
PixelHit 1336, 819, 9.65646, 0
PixelHit 1336, 820, 5.00028, 0
PixelHit 1336, 821, 2.95116, 0
PixelHit 1337, 810, 0.668457, 0
PixelHit 1337, 812, 7.28511, 0
PixelHit 1337, 813, 11.0422, 0
PixelHit 1337, 814, 7.86214, 0
PixelHit 1337, 815, 13.313, 0
PixelHit 1337, 816, 24.3157, 0
PixelHit 1337, 817, 17.6703, 0
PixelHit 1337, 818, 19.0698, 0
PixelHit 1337, 820, 2.42961, 0
PixelHit 1337, 823, 0.747645, 0
PixelHit 1338, 809, 3.63164, 0
PixelHit 1338, 810, 3.73616, 0
PixelHit 1338, 811, 7.97501, 0
PixelHit 1338, 812, 16.7359, 0
PixelHit 1338, 813, 16.2757, 0
PixelHit 1338, 814, 12.5438, 0
PixelHit 1338, 815, 5.40987, 0
PixelHit 1338, 816, 17.1308, 0
PixelHit 1338, 817, 18.5692, 0
PixelHit 1338, 818, 8.36849, 0
PixelHit 1338, 819, 2.92917, 0
PixelHit 1339, 808, 4.94698, 0
PixelHit 1339, 809, 8.67415, 0
PixelHit 1339, 810, 10.2655, 0
PixelHit 1339, 811, 9.65651, 0
PixelHit 1339, 812, 21.8154, 0
PixelHit 1339, 813, 10.5223, 0
PixelHit 1339, 814, 5.468, 0
PixelHit 1339, 815, 10.845, 0
PixelHit 1339, 816, 2.48361, 0
PixelHit 1340, 807, 3.66647, 0
PixelHit 1340, 808, 6.1642, 0
PixelHit 1340, 809, 16.5895, 0
PixelHit 1340, 810, 13.2962, 0
PixelHit 1340, 811, 26.3258, 0
PixelHit 1340, 812, 16.353, 0
PixelHit 1340, 813, 8.16029, 0
PixelHit 1340, 814, 4.01627, 0
PixelHit 1341, 806, 0.60543, 0
PixelHit 1341, 808, 8.09461, 0
PixelHit 1341, 809, 18.9727, 0
PixelHit 1341, 810, 20.5534, 0
PixelHit 1341, 811, 8.17182, 0
PixelHit 1341, 812, 1.87041, 0
PixelHit 1341, 813, 6.46117, 0
PixelHit 1341, 814, -0.118147, 0
PixelHit 1342, 806, 0.616375, 0
PixelHit 1342, 807, 2.81763, 0
PixelHit 1342, 808, 4.62964, 0
PixelHit 1342, 809, 10.2221, 0
PixelHit 1342, 810, 4.32413, 0
PixelHit 1342, 811, 12.3666, 0
PixelHit 1343, 810, 0.544142, 0
PixelHit 1343, 811, 1.958, 0
=== 62 ===
=== 63 ===
=== 64 ===
--- mydetector ---
PixelHit 1238, 948, 3.36754, 0
PixelHit 1238, 949, 4.85342, 0
PixelHit 1238, 950, 12.7002, 0
PixelHit 1238, 951, 12.5995, 0
PixelHit 1239, 946, 2.16365, 0
PixelHit 1239, 947, 9.47079, 0
PixelHit 1239, 948, 17.2114, 0
PixelHit 1239, 949, 16.3692, 0
PixelHit 1239, 950, 3.23576, 0
PixelHit 1240, 944, 3.23787, 0
PixelHit 1240, 945, 5.31693, 0
PixelHit 1240, 946, 25.5223, 0
PixelHit 1240, 947, 30.0575, 0
PixelHit 1240, 948, 13.5886, 0
PixelHit 1241, 943, 17.0303, 0
PixelHit 1241, 944, 28.7686, 0
PixelHit 1241, 945, 25.8039, 0
PixelHit 1241, 946, 14.4362, 0
PixelHit 1241, 947, 8.38665, 0
PixelHit 1242, 941, 15.9906, 0
PixelHit 1242, 942, 59.0992, 0
PixelHit 1242, 943, 61.5542, 0
PixelHit 1242, 944, 40.4738, 0
PixelHit 1242, 945, 10.0707, 0
PixelHit 1243, 939, 2.04227, 0
PixelHit 1243, 940, 6.34765, 0
PixelHit 1243, 941, 78.4506, 0
PixelHit 1243, 942, 85.3901, 0
PixelHit 1243, 943, 36.1822, 0
PixelHit 1243, 944, 7.72682, 0
PixelHit 1244, 937, 5.35126, 0
PixelHit 1244, 938, 24.294, 0
PixelHit 1244, 939, 16.5727, 0
PixelHit 1244, 940, 16.4604, 0
PixelHit 1244, 941, 25.5333, 0
PixelHit 1244, 942, 21.2196, 0
PixelHit 1244, 943, 1.96895, 0
PixelHit 1245, 934, 2.21976, 0
PixelHit 1245, 936, 3.96742, 0
PixelHit 1245, 937, 13.7257, 0
PixelHit 1245, 938, 43.8277, 0
PixelHit 1245, 939, 23.6876, 0
PixelHit 1245, 940, 7.08218, 0
PixelHit 1245, 941, 5.47629, 0
PixelHit 1245, 942, 2.26175, 0
PixelHit 1246, 934, 3.93336, 0
PixelHit 1246, 935, 12.0074, 0
PixelHit 1246, 936, 7.50868, 0
PixelHit 1246, 937, 7.23436, 0
PixelHit 1246, 938, 26.356, 0
PixelHit 1246, 939, 6.28348, 0
PixelHit 1247, 931, 2.33488, 0
PixelHit 1247, 932, 3.40174, 0
PixelHit 1247, 933, 2.82865, 0
PixelHit 1247, 934, 10.5711, 0
PixelHit 1247, 935, 15.2014, 0
PixelHit 1247, 936, 13.3263, 0
PixelHit 1247, 937, 3.96278, 0
PixelHit 1247, 938, 3.70012, 0
PixelHit 1248, 929, 2.16186, 0
PixelHit 1248, 930, 5.59416, 0
PixelHit 1248, 931, 22.7543, 0
PixelHit 1248, 932, 9.72825, 0
PixelHit 1248, 933, 17.8446, 0
PixelHit 1248, 934, 5.05708, 0
PixelHit 1248, 935, 10.3423, 0
PixelHit 1249, 928, 4.18913, 0
PixelHit 1249, 929, 6.45585, 0
PixelHit 1249, 930, 16.6855, 0
PixelHit 1249, 931, 28.5261, 0
PixelHit 1249, 932, 18.3233, 0
PixelHit 1249, 933, 12.2519, 0
PixelHit 1249, 934, 3.06022, 0
PixelHit 1249, 935, 1.31173, 0
PixelHit 1250, 924, 2.33813, 0
PixelHit 1250, 925, 3.49953, 0
PixelHit 1250, 926, 9.0533, 0
PixelHit 1250, 927, 4.25653, 0
PixelHit 1250, 928, 8.86913, 0
PixelHit 1250, 929, 18.7383, 0
PixelHit 1250, 930, 14.6999, 0
PixelHit 1250, 931, 18.7157, 0
PixelHit 1250, 932, 6.88656, 0
PixelHit 1250, 933, 4.03423, 0
PixelHit 1250, 934, 0.165303, 0
PixelHit 1251, 921, 1.85777, 0
PixelHit 1251, 922, 0.831679, 0
PixelHit 1251, 924, 3.31051, 0
PixelHit 1251, 925, 16.3596, 0
PixelHit 1251, 926, 23.7682, 0
PixelHit 1251, 927, 16.4995, 0
PixelHit 1251, 928, 20.3402, 0
PixelHit 1251, 929, 18.8329, 0
PixelHit 1251, 930, 8.26809, 0
PixelHit 1251, 931, 4.7051, 0
PixelHit 1251, 932, 2.96918, 0
PixelHit 1251, 933, 2.87047, 0
PixelHit 1252, 920, 0.878127, 0
PixelHit 1252, 921, 3.3872, 0
PixelHit 1252, 922, 4.32311, 0
PixelHit 1252, 923, 7.67896, 0
PixelHit 1252, 924, 14.9866, 0
PixelHit 1252, 925, 34.7439, 0
PixelHit 1252, 926, 64.1259, 0
PixelHit 1252, 927, 29.9836, 0
PixelHit 1252, 928, 15.14, 0
PixelHit 1252, 929, 4.22057, 0
PixelHit 1253, 918, 0.301655, 0
PixelHit 1253, 920, 5.68487, 0
PixelHit 1253, 921, 14.7777, 0
PixelHit 1253, 922, 20.5203, 0
PixelHit 1253, 923, 18.9519, 0
PixelHit 1253, 924, 20.1432, 0
PixelHit 1253, 925, 28.5339, 0
PixelHit 1253, 926, 44.1868, 0
PixelHit 1253, 927, 25.2669, 0
PixelHit 1253, 928, 16.3713, 0
PixelHit 1253, 929, 2.76602, 0
PixelHit 1254, 917, 2.26603, 0
PixelHit 1254, 918, 0.745466, 0
PixelHit 1254, 919, 1.44409, 0
PixelHit 1254, 920, 24.8079, 0
PixelHit 1254, 921, 27.5059, 0
PixelHit 1254, 922, 43.9866, 0
PixelHit 1254, 923, 29.3237, 0
PixelHit 1254, 924, 14.4375, 0
PixelHit 1254, 925, 17.5823, 0
PixelHit 1254, 926, 14.1812, 0
PixelHit 1254, 927, 2.2249, 0
PixelHit 1254, 928, 1.28956, 0
PixelHit 1255, 917, 1.05603, 0
PixelHit 1255, 918, 8.08685, 0
PixelHit 1255, 919, 20.5865, 0
PixelHit 1255, 920, 44.3855, 0
PixelHit 1255, 921, 68.3276, 0
PixelHit 1255, 922, 47.9482, 0
PixelHit 1255, 923, 29.3522, 0
PixelHit 1255, 924, 10.734, 0
PixelHit 1255, 925, 3.64398, 0
PixelHit 1256, 914, 2.19104, 0
PixelHit 1256, 915, 3.19779, 0
PixelHit 1256, 916, 13.8864, 0
PixelHit 1256, 917, 10.3987, 0
PixelHit 1256, 918, 13.8755, 0
PixelHit 1256, 919, 28.2893, 0
PixelHit 1256, 920, 37.8284, 0
PixelHit 1256, 921, 41.2381, 0
PixelHit 1256, 922, 22.2082, 0
PixelHit 1256, 923, 24.6083, 0
PixelHit 1256, 924, 3.50178, 0
PixelHit 1257, 914, 5.92444, 0
PixelHit 1257, 915, 6.32253, 0
PixelHit 1257, 916, 24.2148, 0
PixelHit 1257, 917, 22.4227, 0
PixelHit 1257, 918, 22.3043, 0
PixelHit 1257, 919, 18.1553, 0
PixelHit 1257, 920, 12.0373, 0
PixelHit 1257, 921, 17.0169, 0
PixelHit 1257, 922, 11.4656, 0
PixelHit 1257, 923, 2.61563, 0
PixelHit 1258, 911, 4.78563, 0
PixelHit 1258, 912, 8.40278, 0
PixelHit 1258, 913, 8.27957, 0
PixelHit 1258, 914, 6.7141, 0
PixelHit 1258, 915, 19.346, 0
PixelHit 1258, 916, 18.9544, 0
PixelHit 1258, 917, 24.1652, 0
PixelHit 1258, 918, 20.1925, 0
PixelHit 1258, 919, 12.882, 0
PixelHit 1258, 920, 4.72045, 0
PixelHit 1258, 921, 3.48945, 0
PixelHit 1258, 922, 1.87664, 0
PixelHit 1259, 910, 1.37206, 0
PixelHit 1259, 911, 6.31163, 0
PixelHit 1259, 912, 23.8999, 0
PixelHit 1259, 913, 28.0193, 0
PixelHit 1259, 914, 26.2879, 0
PixelHit 1259, 915, 21.6984, 0
PixelHit 1259, 916, 20.5769, 0
PixelHit 1259, 917, 16.6741, 0
PixelHit 1259, 918, 5.34145, 0
PixelHit 1259, 919, 2.61542, 0
PixelHit 1259, 920, 2.79375, 0
PixelHit 1260, 910, 5.44856, 0
PixelHit 1260, 911, 11.841, 0
PixelHit 1260, 912, 20.5428, 0
PixelHit 1260, 913, 46.4927, 0
PixelHit 1260, 914, 29.3991, 0
PixelHit 1260, 915, 9.33986, 0
PixelHit 1260, 916, 8.46213, 0
PixelHit 1260, 917, 9.04017, 0
PixelHit 1260, 918, 4.81093, 0
PixelHit 1261, 910, 5.75251, 0
PixelHit 1261, 911, 9.41015, 0
PixelHit 1261, 912, 16.0664, 0
PixelHit 1261, 913, 23.0132, 0
PixelHit 1261, 914, 14.0315, 0
PixelHit 1261, 915, 7.81332, 0
PixelHit 1262, 910, 4.64251, 0
PixelHit 1262, 912, 5.3146, 0
PixelHit 1262, 913, 12.2411, 0
PixelHit 1262, 914, 11.989, 0
PixelHit 1262, 915, 0.466708, 0
PixelHit 1263, 911, 2.14894, 0
PixelHit 1263, 913, 3.01685, 0
PixelHit 1821, 360, 1.21924, 0
PixelHit 1821, 362, 21.5583, 0
PixelHit 1821, 363, 1.49762, 0
PixelHit 1822, 359, 5.42744, 0
PixelHit 1822, 360, 38.2111, 0
PixelHit 1822, 361, 53.266, 0
PixelHit 1822, 362, 7.61097, 0
PixelHit 1822, 363, 1.86341, 0
PixelHit 1823, 355, 0.442173, 0
PixelHit 1823, 358, 34.2323, 0
PixelHit 1823, 359, 39.1102, 0
PixelHit 1823, 360, 10.7951, 0
PixelHit 1823, 361, 5.27161, 0
PixelHit 1824, 354, 6.68587, 0
PixelHit 1824, 355, 11.9444, 0
PixelHit 1824, 356, 31.1393, 0
PixelHit 1824, 357, 19.1018, 0
PixelHit 1824, 358, 27.422, 0
PixelHit 1824, 359, 11.1431, 0
PixelHit 1825, 350, 2.26122, 0
PixelHit 1825, 351, 2.52388, 0
PixelHit 1825, 352, 1.10707, 0
PixelHit 1825, 353, 8.96973, 0
PixelHit 1825, 354, 14.3181, 0
PixelHit 1825, 355, 51.4966, 0
PixelHit 1825, 356, 32.7307, 0
PixelHit 1825, 357, 10.3887, 0
PixelHit 1826, 350, 2.47419, 0
PixelHit 1826, 351, 32.8335, 0
PixelHit 1826, 352, 35.7014, 0
PixelHit 1826, 353, 42.5229, 0
PixelHit 1826, 354, 18.1751, 0
PixelHit 1826, 355, 17.473, 0
PixelHit 1826, 356, 2.19836, 0
PixelHit 1826, 357, 2.38764, 0
PixelHit 1827, 347, 2.79091, 0
PixelHit 1827, 348, 6.82255, 0
PixelHit 1827, 349, 27.3565, 0
PixelHit 1827, 350, 15.7144, 0
PixelHit 1827, 351, 58.2802, 0
PixelHit 1827, 352, 63.6468, 0
PixelHit 1827, 353, 31.0079, 0
PixelHit 1827, 354, 4.61539, 0
PixelHit 1828, 347, 8.42081, 0
PixelHit 1828, 348, 73.2007, 0
PixelHit 1828, 349, 69.1032, 0
PixelHit 1828, 350, 44.0162, 0
PixelHit 1828, 351, 14.9114, 0
PixelHit 1828, 352, 24.5359, 0
PixelHit 1828, 353, 9.81749, 0
PixelHit 1829, 344, 1.82984, 0
PixelHit 1829, 345, 8.0721, 0
PixelHit 1829, 346, 5.43634, 0
PixelHit 1829, 347, 13.1073, 0
PixelHit 1829, 348, 56.5587, 0
PixelHit 1829, 349, 78.453, 0
PixelHit 1829, 350, 37.422, 0
PixelHit 1829, 351, 3.93241, 0
PixelHit 1829, 352, 2.63604, 0
PixelHit 1830, 342, 4.16239, 0
PixelHit 1830, 343, 7.92701, 0
PixelHit 1830, 344, 12.4341, 0
PixelHit 1830, 345, 16.7498, 0
PixelHit 1830, 346, 15.4184, 0
PixelHit 1830, 347, 12.5793, 0
PixelHit 1830, 348, 12.688, 0
PixelHit 1830, 349, 9.61748, 0
PixelHit 1830, 350, 3.18503, 0
PixelHit 1831, 339, 3.42338, 0
PixelHit 1831, 343, 13.618, 0
PixelHit 1831, 344, 19.9166, 0
PixelHit 1831, 345, 19.011, 0
PixelHit 1831, 346, 9.10094, 0
PixelHit 1831, 347, 6.47166, 0
PixelHit 1831, 350, 1.69942, 0
PixelHit 1832, 338, 5.24736, 0
PixelHit 1832, 339, 12.3084, 0
PixelHit 1832, 340, 19.6006, 0
PixelHit 1832, 341, 12.2399, 0
PixelHit 1832, 342, 14.0233, 0
PixelHit 1832, 343, 11.7222, 0
PixelHit 1832, 344, 14.0548, 0
PixelHit 1832, 345, 10.8414, 0
PixelHit 1832, 346, 7.74366, 0
PixelHit 1833, 333, 2.37159, 0
PixelHit 1833, 335, 2.30579, 0
PixelHit 1833, 337, 9.76844, 0
PixelHit 1833, 338, 28.2434, 0
PixelHit 1833, 339, 34.3276, 0
PixelHit 1833, 340, 37.233, 0
PixelHit 1833, 341, 23.5457, 0
PixelHit 1833, 342, 10.9416, 0
PixelHit 1833, 343, 2.81354, 0
PixelHit 1834, 333, 2.63368, 0
PixelHit 1834, 335, 8.42291, 0
PixelHit 1834, 336, 11.0566, 0
PixelHit 1834, 337, 30.539, 0
PixelHit 1834, 338, 49.1244, 0
PixelHit 1834, 339, 62.2022, 0
PixelHit 1834, 340, 44.2449, 0
PixelHit 1834, 341, 16.2467, 0
PixelHit 1834, 342, 6.9523, 0
PixelHit 1835, 331, 2.44412, 0
PixelHit 1835, 332, 1.23842, 0
PixelHit 1835, 333, 4.60512, 0
PixelHit 1835, 334, 5.71698, 0
PixelHit 1835, 335, 22.1449, 0
PixelHit 1835, 336, 40.4886, 0
PixelHit 1835, 337, 46.3645, 0
PixelHit 1835, 338, 35.1926, 0
PixelHit 1835, 339, 33.9667, 0
PixelHit 1835, 340, 16.1571, 0
PixelHit 1835, 341, 10.3307, 0
PixelHit 1836, 328, 1.91908, 0
PixelHit 1836, 332, 5.00492, 0
PixelHit 1836, 333, 4.8559, 0
PixelHit 1836, 334, 21.8719, 0
PixelHit 1836, 335, 30.4706, 0
PixelHit 1836, 336, 38.2564, 0
PixelHit 1836, 337, 20.2965, 0
PixelHit 1836, 338, 23.9127, 0
PixelHit 1836, 339, 14.2846, 0
PixelHit 1836, 340, 3.11675, 0
PixelHit 1836, 341, 1.55287, 0
PixelHit 1837, 326, 1.08337, 0
PixelHit 1837, 328, 2.06145, 0
PixelHit 1837, 329, 6.4818, 0
PixelHit 1837, 330, 18.1942, 0
PixelHit 1837, 331, 15.7623, 0
PixelHit 1837, 332, 10.3137, 0
PixelHit 1837, 333, 9.63324, 0
PixelHit 1837, 334, 12.2546, 0
PixelHit 1837, 335, 10.2781, 0
PixelHit 1837, 336, 8.31254, 0
PixelHit 1837, 337, 8.36659, 0
PixelHit 1837, 338, 2.66354, 0
PixelHit 1837, 339, 0.536498, 0
PixelHit 1838, 327, 1.94739, 0
PixelHit 1838, 328, 6.11681, 0
PixelHit 1838, 329, 11.7822, 0
PixelHit 1838, 330, 21.2569, 0
PixelHit 1838, 331, 25.9923, 0
PixelHit 1838, 332, 15.9701, 0
PixelHit 1838, 333, 8.4545, 0
PixelHit 1838, 334, 2.56023, 0
PixelHit 1838, 335, 4.01046, 0
PixelHit 1838, 337, 1.6002, 0
PixelHit 1839, 325, 1.94944, 0
PixelHit 1839, 326, 1.74798, 0
PixelHit 1839, 327, 1.83156, 0
PixelHit 1839, 328, 11.9774, 0
PixelHit 1839, 329, 18.9714, 0
PixelHit 1839, 330, 31.3912, 0
PixelHit 1839, 331, 27.1108, 0
PixelHit 1839, 332, 11.2993, 0
PixelHit 1839, 333, 3.61837, 0
PixelHit 1839, 334, 3.27135, 0
PixelHit 1839, 335, 4.14557, 0
PixelHit 1839, 337, 2.01898, 0
PixelHit 1840, 325, 3.17619, 0
PixelHit 1840, 326, 4.53495, 0
PixelHit 1840, 327, 9.18348, 0
PixelHit 1840, 328, 13.3419, 0
PixelHit 1840, 329, 17.3724, 0
PixelHit 1840, 330, 22.7922, 0
PixelHit 1840, 331, 9.74294, 0
PixelHit 1840, 332, 3.57224, 0
PixelHit 1840, 333, 0.400427, 0
PixelHit 1841, 323, 3.38548, 0
PixelHit 1841, 324, 5.31189, 0
PixelHit 1841, 325, 2.69399, 0
PixelHit 1841, 326, 8.44117, 0
PixelHit 1841, 327, 1.66383, 0
PixelHit 1841, 329, 7.34062, 0
PixelHit 1841, 330, 5.20261, 0
PixelHit 1841, 331, 0.912909, 0
PixelHit 1842, 325, 3.52728, 0
PixelHit 1842, 326, 3.12807, 0
PixelHit 1842, 328, 1.84712, 0
PixelHit 1842, 330, 0.992037, 0
PixelHit 1842, 331, 0.754896, 0
PixelHit 1843, 331, 1.96057, 0
=== 65 ===
=== 66 ===
=== 67 ===
=== 68 ===
=== 69 ===
=== 70 ===
=== 71 ===
=== 72 ===
--- mydetector ---
PixelHit 1100, 859, 4.19005, 0
PixelHit 1100, 860, 60.5839, 0
PixelHit 1101, 857, 5.78838, 0
PixelHit 1101, 858, 132.022, 0
PixelHit 1101, 859, 57.5784, 0
PixelHit 1101, 860, 9.31922, 0
PixelHit 1102, 855, 2.68823, 0
PixelHit 1102, 856, 29.7875, 0
PixelHit 1102, 857, 15.3388, 0
PixelHit 1102, 858, 34.0736, 0
PixelHit 1102, 859, 13.673, 0
PixelHit 1103, 854, 6.06367, 0
PixelHit 1103, 855, 75.4984, 0
PixelHit 1103, 856, 79.2185, 0
PixelHit 1103, 857, 4.31986, 0
PixelHit 1104, 852, 4.23955, 0
PixelHit 1104, 853, 24.5396, 0
PixelHit 1104, 854, 10.8874, 0
PixelHit 1104, 855, 25.3857, 0
PixelHit 1104, 856, 14.4343, 0
PixelHit 1105, 850, 3.13079, 0
PixelHit 1105, 851, 8.35588, 0
PixelHit 1105, 852, 19.6988, 0
PixelHit 1105, 853, 34.5765, 0
PixelHit 1105, 854, 10.4572, 0
PixelHit 1105, 855, 2.31555, 0
PixelHit 1106, 848, 2.33854, 0
PixelHit 1106, 849, 7.78368, 0
PixelHit 1106, 850, 7.9253, 0
PixelHit 1106, 851, 18.6511, 0
PixelHit 1106, 852, 10.6183, 0
PixelHit 1106, 853, 6.48831, 0
PixelHit 1107, 845, 2.26234, 0
PixelHit 1107, 846, 4.62907, 0
PixelHit 1107, 847, 13.5796, 0
PixelHit 1107, 848, 19.9233, 0
PixelHit 1107, 849, 19.5881, 0
PixelHit 1107, 850, 12.6175, 0
PixelHit 1107, 851, 8.45477, 0
PixelHit 1108, 842, 0.576546, 0
PixelHit 1108, 844, 1.86018, 0
PixelHit 1108, 845, 13.7577, 0
PixelHit 1108, 846, 53.5126, 0
PixelHit 1108, 847, 36.9781, 0
PixelHit 1108, 848, 29.2399, 0
PixelHit 1108, 849, 17.8661, 0
PixelHit 1108, 850, 6.11046, 0
PixelHit 1108, 851, 2.3871, 0
PixelHit 1109, 841, 1.79428, 0
PixelHit 1109, 842, 2.19212, 0
PixelHit 1109, 843, 6.50911, 0
PixelHit 1109, 844, 9.24334, 0
PixelHit 1109, 845, 23.8595, 0
PixelHit 1109, 846, 64.7128, 0
PixelHit 1109, 847, 49.1313, 0
PixelHit 1109, 848, 15.9956, 0
PixelHit 1109, 850, 1.19205, 0
PixelHit 1110, 840, 3.37665, 0
PixelHit 1110, 841, 3.34435, 0
PixelHit 1110, 842, 10.7748, 0
PixelHit 1110, 843, 17.0436, 0
PixelHit 1110, 844, 14.406, 0
PixelHit 1110, 845, 16.5253, 0
PixelHit 1110, 846, 31.4937, 0
PixelHit 1110, 847, 13.0689, 0
PixelHit 1110, 848, 2.32227, 0
PixelHit 1111, 839, 2.08926, 0
PixelHit 1111, 840, 3.89669, 0
PixelHit 1111, 841, 16.7643, 0
PixelHit 1111, 842, 26.5043, 0
PixelHit 1111, 843, 28.1487, 0
PixelHit 1111, 844, 19.0843, 0
PixelHit 1111, 845, 9.58136, 0
PixelHit 1111, 846, 2.60649, 0
PixelHit 1112, 837, 2.4009, 0
PixelHit 1112, 838, 9.19682, 0
PixelHit 1112, 839, 5.84739, 0
PixelHit 1112, 840, 25.3445, 0
PixelHit 1112, 841, 23.0949, 0
PixelHit 1112, 842, 24.4269, 0
PixelHit 1112, 843, 21.4484, 0
PixelHit 1112, 844, 6.66055, 0
PixelHit 1112, 845, 3.14667, 0
PixelHit 1113, 835, 3.95201, 0
PixelHit 1113, 836, 8.87211, 0
PixelHit 1113, 837, 23.9774, 0
PixelHit 1113, 838, 25.1909, 0
PixelHit 1113, 839, 34.5097, 0
PixelHit 1113, 840, 23.4256, 0
PixelHit 1113, 841, 24.8074, 0
PixelHit 1113, 842, 4.15416, 0
PixelHit 1113, 843, 4.04879, 0
PixelHit 1114, 834, 1.78139, 0
PixelHit 1114, 835, 8.90197, 0
PixelHit 1114, 836, 20.8327, 0
PixelHit 1114, 837, 43.6497, 0
PixelHit 1114, 838, 50.8268, 0
PixelHit 1114, 839, 40.4196, 0
PixelHit 1114, 840, 12.261, 0
PixelHit 1114, 841, 4.88737, 0
PixelHit 1114, 842, 2.95614, 0
PixelHit 1115, 830, 4.07884, 0
PixelHit 1115, 831, 1.38154, 0
PixelHit 1115, 833, 5.67853, 0
PixelHit 1115, 834, 8.44396, 0
PixelHit 1115, 835, 22.3371, 0
PixelHit 1115, 836, 22.7364, 0
PixelHit 1115, 837, 45.6154, 0
PixelHit 1115, 838, 40.5391, 0
PixelHit 1115, 839, 21.4269, 0
PixelHit 1115, 840, 4.47967, 0
PixelHit 1115, 841, 3.04621, 0
PixelHit 1116, 829, 3.26415, 0
PixelHit 1116, 830, 10.7949, 0
PixelHit 1116, 831, 24.5822, 0
PixelHit 1116, 832, 21.0996, 0
PixelHit 1116, 833, 29.0347, 0
PixelHit 1116, 834, 22.7838, 0
PixelHit 1116, 835, 16.3096, 0
PixelHit 1116, 836, 18.9935, 0
PixelHit 1116, 837, 18.8914, 0
PixelHit 1116, 838, 9.28756, 0
PixelHit 1116, 839, 2.13744, 0
PixelHit 1116, 840, 0.988969, 0
PixelHit 1117, 827, 2.1858, 0
PixelHit 1117, 828, 3.64612, 0
PixelHit 1117, 829, 15.232, 0
PixelHit 1117, 830, 39.3641, 0
PixelHit 1117, 831, 75.3693, 0
PixelHit 1117, 832, 65.7085, 0
PixelHit 1117, 833, 42.8975, 0
PixelHit 1117, 834, 37.8818, 0
PixelHit 1117, 835, 9.33854, 0
PixelHit 1117, 837, 2.8222, 0
PixelHit 1118, 827, 6.51009, 0
PixelHit 1118, 828, 14.5122, 0
PixelHit 1118, 829, 38.581, 0
PixelHit 1118, 830, 76.64, 0
PixelHit 1118, 831, 122.023, 0
PixelHit 1118, 832, 109.598, 0
PixelHit 1118, 833, 44.3512, 0
PixelHit 1118, 834, 7.41413, 0
PixelHit 1118, 835, 2.86557, 0
PixelHit 1118, 836, 1.39368, 0
PixelHit 1119, 827, 18.9644, 0
PixelHit 1119, 828, 32.6392, 0
PixelHit 1119, 829, 63.8862, 0
PixelHit 1119, 830, 87.9783, 0
PixelHit 1119, 831, 109.249, 0
PixelHit 1119, 832, 67.3863, 0
PixelHit 1119, 833, 23.4113, 0
PixelHit 1119, 834, 9.09662, 0
PixelHit 1120, 824, 1.70392, 0
PixelHit 1120, 825, 4.83549, 0
PixelHit 1120, 826, 23.4081, 0
PixelHit 1120, 827, 23.3459, 0
PixelHit 1120, 828, 41.6796, 0
PixelHit 1120, 829, 68.202, 0
PixelHit 1120, 830, 41.5112, 0
PixelHit 1120, 831, 42.2546, 0
PixelHit 1120, 832, 25.1234, 0
PixelHit 1120, 833, 6.66332, 0
PixelHit 1121, 822, 1.46931, 0
PixelHit 1121, 823, 2.65743, 0
PixelHit 1121, 824, 10.8642, 0
PixelHit 1121, 825, 15.455, 0
PixelHit 1121, 826, 13.5579, 0
PixelHit 1121, 827, 25.0348, 0
PixelHit 1121, 828, 31.4572, 0
PixelHit 1121, 829, 20.3921, 0
PixelHit 1121, 830, 14.6888, 0
PixelHit 1121, 831, 3.07878, 0
PixelHit 1121, 832, 5.52115, 0
PixelHit 1122, 820, 1.71021, 0
PixelHit 1122, 821, 9.06719, 0
PixelHit 1122, 822, 5.00751, 0
PixelHit 1122, 823, 14.0919, 0
PixelHit 1122, 824, 18.1634, 0
PixelHit 1122, 825, 14.3744, 0
PixelHit 1122, 826, 11.5462, 0
PixelHit 1122, 827, 18.1197, 0
PixelHit 1122, 828, 6.86302, 0
PixelHit 1122, 829, 12.0367, 0
PixelHit 1122, 830, 6.47501, 0
PixelHit 1122, 831, 0.517905, 0
PixelHit 1122, 832, 1.37383, 0
PixelHit 1123, 819, 5.01404, 0
PixelHit 1123, 820, 8.98659, 0
PixelHit 1123, 821, 16.9555, 0
PixelHit 1123, 822, 13.6329, 0
PixelHit 1123, 823, 14.4196, 0
PixelHit 1123, 824, 25.4379, 0
PixelHit 1123, 825, 14.9904, 0
PixelHit 1123, 826, 7.73766, 0
PixelHit 1123, 827, 3.43251, 0
PixelHit 1123, 828, 4.1911, 0
PixelHit 1123, 829, 1.52686, 0
PixelHit 1124, 819, 7.5305, 0
PixelHit 1124, 820, 18.395, 0
PixelHit 1124, 821, 25.6407, 0
PixelHit 1124, 822, 16.7587, 0
PixelHit 1124, 823, 19.5933, 0
PixelHit 1124, 824, 7.83001, 0
PixelHit 1124, 825, 12.7989, 0
PixelHit 1124, 826, 2.6199, 0
PixelHit 1124, 827, 2.94322, 0
PixelHit 1125, 818, 1.65263, 0
PixelHit 1125, 819, 12.1003, 0
PixelHit 1125, 820, 32.5805, 0
PixelHit 1125, 821, 31.3766, 0
PixelHit 1125, 822, 31.2901, 0
PixelHit 1125, 823, 12.9465, 0
PixelHit 1125, 824, 1.89322, 0
PixelHit 1125, 825, 0.953079, 0
PixelHit 1125, 826, 2.21441, 0
PixelHit 1126, 818, 0.760546, 0
PixelHit 1126, 819, 3.93434, 0
PixelHit 1126, 820, 10.4069, 0
PixelHit 1126, 821, 27.0343, 0
PixelHit 1126, 822, 9.20329, 0
PixelHit 1126, 823, 6.4151, 0
PixelHit 1127, 818, 1.19182, 0
PixelHit 1127, 819, 2.38673, 0
PixelHit 1127, 821, 5.86427, 0
PixelHit 1127, 822, 3.94121, 0
PixelHit 1524, 854, 8.51325, 0
PixelHit 1524, 855, 76.8653, 0
PixelHit 1525, 852, 8.20944, 0
PixelHit 1525, 853, 48.3372, 0
PixelHit 1525, 854, 248.766, 0
PixelHit 1525, 855, 118.61, 0
PixelHit 1526, 849, 1.80665, 0
PixelHit 1526, 850, 3.81649, 0
PixelHit 1526, 851, 55.8064, 0
PixelHit 1526, 852, 115.321, 0
PixelHit 1526, 853, 47.9469, 0
PixelHit 1526, 854, 39.4345, 0
PixelHit 1527, 848, 9.62152, 0
PixelHit 1527, 849, 36.5383, 0
PixelHit 1527, 850, 66.6034, 0
PixelHit 1527, 851, 115.058, 0
PixelHit 1527, 852, 52.9193, 0
PixelHit 1528, 846, 6.13129, 0
PixelHit 1528, 847, 23.3032, 0
PixelHit 1528, 848, 34.7948, 0
PixelHit 1528, 849, 87.7955, 0
PixelHit 1528, 850, 48.6036, 0
PixelHit 1528, 851, 16.6638, 0
PixelHit 1528, 852, 2.21973, 0
PixelHit 1529, 844, 10.5946, 0
PixelHit 1529, 845, 20.9303, 0
PixelHit 1529, 846, 58.3857, 0
PixelHit 1529, 847, 38.9426, 0
PixelHit 1529, 848, 28.8335, 0
PixelHit 1529, 849, 13.6362, 0
PixelHit 1529, 850, 3.22583, 0
PixelHit 1530, 840, 1.19961, 0
PixelHit 1530, 842, 3.5441, 0
PixelHit 1530, 843, 8.96469, 0
PixelHit 1530, 844, 49.6229, 0
PixelHit 1530, 845, 65.7767, 0
PixelHit 1530, 846, 52.5777, 0
PixelHit 1530, 847, 16.7395, 0
PixelHit 1530, 849, 1.11845, 0
PixelHit 1531, 840, 2.41865, 0
PixelHit 1531, 841, 17.8712, 0
PixelHit 1531, 842, 27.9462, 0
PixelHit 1531, 843, 16.0047, 0
PixelHit 1531, 844, 38.8551, 0
PixelHit 1531, 845, 38.7368, 0
PixelHit 1531, 846, 9.9091, 0
PixelHit 1531, 847, 2.03473, 0
PixelHit 1532, 837, 3.24322, 0
PixelHit 1532, 838, 6.01234, 0
PixelHit 1532, 839, 7.20204, 0
PixelHit 1532, 840, 10.2993, 0
PixelHit 1532, 841, 27.2924, 0
PixelHit 1532, 842, 54.5208, 0
PixelHit 1532, 843, 15.938, 0
PixelHit 1532, 844, 7.74708, 0
PixelHit 1532, 846, 0.136486, 0
PixelHit 1533, 836, 2.63654, 0
PixelHit 1533, 837, 8.83799, 0
PixelHit 1533, 838, 26.5073, 0
PixelHit 1533, 839, 47.8694, 0
PixelHit 1533, 840, 17.4547, 0
PixelHit 1533, 841, 10.8372, 0
PixelHit 1533, 842, 7.26516, 0
PixelHit 1534, 832, 0.982522, 0
PixelHit 1534, 833, 7.68394, 0
PixelHit 1534, 835, 7.70027, 0
PixelHit 1534, 836, 7.45754, 0
PixelHit 1534, 837, 23.9034, 0
PixelHit 1534, 838, 27.3243, 0
PixelHit 1534, 839, 27.7178, 0
PixelHit 1534, 840, 14.7888, 0
PixelHit 1534, 841, 3.04478, 0
PixelHit 1535, 830, 1.82899, 0
PixelHit 1535, 831, 5.20483, 0
PixelHit 1535, 832, 27.2466, 0
PixelHit 1535, 833, 50.4122, 0
PixelHit 1535, 834, 33.5018, 0
PixelHit 1535, 835, 18.7961, 0
PixelHit 1535, 836, 22.139, 0
PixelHit 1535, 837, 24.7094, 0
PixelHit 1535, 838, 13.0989, 0
PixelHit 1535, 839, 11.4431, 0
PixelHit 1535, 840, 1.8619, 0
PixelHit 1536, 827, 0.914867, 0
PixelHit 1536, 830, 1.97378, 0
PixelHit 1536, 831, 22.8492, 0
PixelHit 1536, 832, 110.302, 0
PixelHit 1536, 833, 177.897, 0
PixelHit 1536, 834, 121.258, 0
PixelHit 1536, 835, 31.641, 0
PixelHit 1536, 836, 8.55029, 0
PixelHit 1536, 837, 8.0361, 0
PixelHit 1536, 838, 6.63247, 0
PixelHit 1536, 839, 2.54902, 0
PixelHit 1537, 827, 0.147017, 0
PixelHit 1537, 828, 1.75998, 0
PixelHit 1537, 829, 3.80495, 0
PixelHit 1537, 830, 10.0876, 0
PixelHit 1537, 831, 34.323, 0
PixelHit 1537, 832, 106.569, 0
PixelHit 1537, 833, 172.237, 0
PixelHit 1537, 834, 121.15, 0
PixelHit 1537, 835, 27.8124, 0
PixelHit 1537, 836, 3.50318, 0
PixelHit 1538, 826, 3.55087, 0
PixelHit 1538, 827, 3.72393, 0
PixelHit 1538, 828, 2.54703, 0
PixelHit 1538, 829, 9.32822, 0
PixelHit 1538, 830, 10.8086, 0
PixelHit 1538, 831, 23.2592, 0
PixelHit 1538, 832, 58.2564, 0
PixelHit 1538, 833, 57.7334, 0
PixelHit 1538, 834, 41.7356, 0
PixelHit 1538, 835, 4.2952, 0
PixelHit 1538, 836, 2.19716, 0
PixelHit 1539, 824, 1.02336, 0
PixelHit 1539, 825, 3.49628, 0
PixelHit 1539, 826, 7.4578, 0
PixelHit 1539, 827, 11.7755, 0
PixelHit 1539, 828, 11.327, 0
PixelHit 1539, 829, 14.0286, 0
PixelHit 1539, 830, 6.25999, 0
PixelHit 1539, 831, 4.69004, 0
PixelHit 1539, 832, 7.99883, 0
PixelHit 1539, 833, 12.1311, 0
PixelHit 1539, 834, 7.48716, 0
PixelHit 1540, 821, 1.97051, 0
PixelHit 1540, 822, 5.22898, 0
PixelHit 1540, 823, 8.8763, 0
PixelHit 1540, 824, 11.3476, 0
PixelHit 1540, 825, 9.75092, 0
PixelHit 1540, 826, 8.91359, 0
PixelHit 1540, 827, 11.5618, 0
PixelHit 1540, 828, 14.8287, 0
PixelHit 1540, 829, 6.86298, 0
PixelHit 1540, 830, 3.57846, 0
PixelHit 1540, 831, 2.24027, 0
PixelHit 1541, 821, 7.61064, 0
PixelHit 1541, 822, 7.5271, 0
PixelHit 1541, 823, 21.9722, 0
PixelHit 1541, 824, 27.3146, 0
PixelHit 1541, 825, 15.3642, 0
PixelHit 1541, 826, 3.27145, 0
PixelHit 1541, 827, 2.46624, 0
PixelHit 1541, 828, 2.71794, 0
PixelHit 1541, 829, 1.8905, 0
PixelHit 1541, 830, 1.40866, 0
PixelHit 1542, 816, 3.39886, 0
PixelHit 1542, 817, 5.3792, 0
PixelHit 1542, 818, 2.76372, 0
PixelHit 1542, 819, 2.73273, 0
PixelHit 1542, 820, 7.62104, 0
PixelHit 1542, 821, 17.2726, 0
PixelHit 1542, 822, 15.0369, 0
PixelHit 1542, 823, 26.9499, 0
PixelHit 1542, 824, 21.4316, 0
PixelHit 1542, 825, 19.9525, 0
PixelHit 1542, 826, 4.23423, 0
PixelHit 1542, 828, 0.156913, 0
PixelHit 1543, 814, 2.17739, 0
PixelHit 1543, 815, 2.79551, 0
PixelHit 1543, 816, 9.75296, 0
PixelHit 1543, 817, 21.7079, 0
PixelHit 1543, 818, 26.3051, 0
PixelHit 1543, 819, 14.9327, 0
PixelHit 1543, 820, 14.6772, 0
PixelHit 1543, 821, 23.2446, 0
PixelHit 1543, 822, 29.3029, 0
PixelHit 1543, 823, 25.4269, 0
PixelHit 1543, 824, 18.001, 0
PixelHit 1543, 825, 4.10789, 0
PixelHit 1543, 826, 2.56927, 0
PixelHit 1543, 827, 2.37373, 0
PixelHit 1544, 814, 3.06162, 0
PixelHit 1544, 815, 15.8771, 0
PixelHit 1544, 816, 47.5069, 0
PixelHit 1544, 817, 83.6816, 0
PixelHit 1544, 818, 69.5517, 0
PixelHit 1544, 819, 46.5072, 0
PixelHit 1544, 820, 14.2648, 0
PixelHit 1544, 821, 22.4366, 0
PixelHit 1544, 822, 11.8979, 0
PixelHit 1544, 823, 9.21962, 0
PixelHit 1544, 824, 2.99402, 0
PixelHit 1544, 825, 3.74007, 0
PixelHit 1545, 814, 8.96232, 0
PixelHit 1545, 815, 21.677, 0
PixelHit 1545, 816, 84.803, 0
PixelHit 1545, 817, 155.441, 0
PixelHit 1545, 818, 128.038, 0
PixelHit 1545, 819, 56.0124, 0
PixelHit 1545, 820, 21.4059, 0
PixelHit 1545, 821, 5.61042, 0
PixelHit 1545, 822, 3.42005, 0
PixelHit 1545, 823, 2.28691, 0
PixelHit 1546, 813, 0.621676, 0
PixelHit 1546, 814, 4.69574, 0
PixelHit 1546, 815, 17.7288, 0
PixelHit 1546, 816, 79.2117, 0
PixelHit 1546, 817, 130.524, 0
PixelHit 1546, 818, 115.741, 0
PixelHit 1546, 819, 30.7377, 0
PixelHit 1546, 820, 12.2739, 0
PixelHit 1546, 821, 2.21382, 0
PixelHit 1547, 812, 1.13612, 0
PixelHit 1547, 813, 1.49504, 0
PixelHit 1547, 814, 5.66043, 0
PixelHit 1547, 815, 17.7543, 0
PixelHit 1547, 816, 30.8552, 0
PixelHit 1547, 817, 60.1113, 0
PixelHit 1547, 818, 31.2343, 0
PixelHit 1547, 819, 25.1511, 0
PixelHit 1547, 820, 5.72743, 0
PixelHit 1548, 813, 2.28216, 0
PixelHit 1548, 814, 5.96054, 0
PixelHit 1548, 815, 4.30464, 0
PixelHit 1548, 816, 5.25289, 0
PixelHit 1548, 817, 6.94278, 0
PixelHit 1548, 818, 8.19898, 0
PixelHit 1549, 815, 2.9174, 0
PixelHit 1549, 817, 2.64818, 0
=== 73 ===
=== 74 ===
=== 75 ===
=== 76 ===
=== 77 ===
=== 78 ===
=== 79 ===
=== 80 ===
=== 81 ===
=== 82 ===
=== 83 ===
=== 84 ===
=== 85 ===
=== 86 ===
=== 87 ===
=== 88 ===
=== 89 ===
=== 90 ===
=== 91 ===
=== 92 ===
=== 93 ===
=== 94 ===
=== 95 ===
=== 96 ===
=== 97 ===
=== 98 ===
=== 99 ===
=== 100 ===
# 2294 objects from 6 messages
