# Allpix Squared ASCII data - https://cern.ch/allpix-squared

=== 1 ===
=== 2 ===
=== 3 ===
=== 4 ===
=== 5 ===
=== 6 ===
=== 7 ===
=== 8 ===
=== 9 ===
=== 10 ===
--- mydetector ---
PixelHit 1254, 1174, 1.3858, 0
PixelHit 1254, 1175, 62.8588, 0
PixelHit 1254, 1176, 0.698136, 0
PixelHit 1255, 1174, 26.7062, 0
PixelHit 1255, 1175, 34.3314, 0
PixelHit 1256, 1174, 108.854, 0
PixelHit 1256, 1175, 36.6743, 0
PixelHit 1257, 1173, 6.43727, 0
PixelHit 1257, 1174, 63.3462, 0
PixelHit 1257, 1175, 8.69357, 0
PixelHit 1258, 1173, 12.8323, 0
PixelHit 1258, 1174, 29.2395, 0
PixelHit 1258, 1175, 3.18171, 0
PixelHit 1259, 1172, 2.70655, 0
PixelHit 1259, 1173, 43.3712, 0
PixelHit 1259, 1174, 42.7763, 0
PixelHit 1259, 1175, 3.37144, 0
PixelHit 1260, 1172, 3.03984, 0
PixelHit 1260, 1173, 48.2441, 0
PixelHit 1260, 1174, 44.9492, 0
PixelHit 1260, 1175, 2.32097, 0
PixelHit 1261, 1171, 1.86212, 0
PixelHit 1261, 1172, 2.5205, 0
PixelHit 1261, 1173, 24.7376, 0
PixelHit 1261, 1174, 17.14, 0
PixelHit 1262, 1171, 1.31182, 0
PixelHit 1262, 1172, 11.6118, 0
PixelHit 1262, 1173, 11.5343, 0
PixelHit 1262, 1174, 2.25517, 0
PixelHit 1263, 1171, 3.29437, 0
PixelHit 1263, 1172, 23.8176, 0
PixelHit 1263, 1173, 28.9706, 0
PixelHit 1264, 1171, 10.6988, 0
PixelHit 1264, 1172, 30.1179, 0
PixelHit 1264, 1173, 25.0755, 0
PixelHit 1264, 1174, 4.00942, 0
PixelHit 1265, 1170, 0.0109876, 0
PixelHit 1265, 1171, 15.1316, 0
PixelHit 1265, 1172, 33.9076, 0
PixelHit 1265, 1173, 21.9889, 0
PixelHit 1266, 1170, 2.63642, 0
PixelHit 1266, 1171, 25.0179, 0
PixelHit 1266, 1172, 33.4494, 0
PixelHit 1266, 1173, 15.4607, 0
PixelHit 1266, 1174, 1.28186, 0
PixelHit 1267, 1170, 3.74329, 0
PixelHit 1267, 1171, 23.4686, 0
PixelHit 1267, 1172, 21.6699, 0
PixelHit 1267, 1173, 7.94192, 0
PixelHit 1268, 1170, 11.5328, 0
PixelHit 1268, 1171, 18.212, 0
PixelHit 1268, 1172, 21.9459, 0
PixelHit 1268, 1173, 3.42033, 0
PixelHit 1269, 1170, 14.4308, 0
PixelHit 1269, 1171, 21.8107, 0
PixelHit 1269, 1172, 12.9811, 0
PixelHit 1269, 1173, 4.63226, 0
PixelHit 1270, 1169, 4.4908, 0
PixelHit 1270, 1170, 15.9131, 0
PixelHit 1270, 1171, 24.8288, 0
PixelHit 1270, 1172, 6.47116, 0
PixelHit 1271, 1169, 6.40025, 0
PixelHit 1271, 1170, 18.0348, 0
PixelHit 1271, 1171, 23.3705, 0
PixelHit 1271, 1172, 6.66232, 0
PixelHit 1271, 1173, 3.06393, 0
PixelHit 1272, 1168, 3.03343, 0
PixelHit 1272, 1169, 5.09569, 0
PixelHit 1272, 1170, 32.7188, 0
PixelHit 1272, 1171, 17.16, 0
PixelHit 1272, 1172, 13.5106, 0
PixelHit 1272, 1173, 2.19296, 0
PixelHit 1273, 1168, 1.61326, 0
PixelHit 1273, 1169, 19.2155, 0
PixelHit 1273, 1170, 27.4233, 0
PixelHit 1273, 1171, 19.3984, 0
PixelHit 1273, 1172, 4.47481, 0
PixelHit 1273, 1173, 3.13686, 0
PixelHit 1274, 1168, 0.797076, 0
PixelHit 1274, 1169, 9.4753, 0
PixelHit 1274, 1170, 15.6093, 0
PixelHit 1274, 1171, 11.4173, 0
PixelHit 1274, 1172, -0.281298, 0
PixelHit 1275, 1167, 2.39475, 0
PixelHit 1275, 1168, 3.17369, 0
PixelHit 1275, 1169, 10.2042, 0
PixelHit 1275, 1170, 11.2767, 0
PixelHit 1275, 1171, 9.28516, 0
PixelHit 1275, 1172, 2.72892, 0
PixelHit 1276, 1166, 3.18937, 0
PixelHit 1276, 1167, 2.38537, 0
PixelHit 1276, 1168, 14.1422, 0
PixelHit 1276, 1169, 22.9794, 0
PixelHit 1276, 1170, 21.1148, 0
PixelHit 1276, 1171, 15.3717, 0
PixelHit 1277, 1166, 2.09574, 0
PixelHit 1277, 1167, 6.91534, 0
PixelHit 1277, 1168, 13.2499, 0
PixelHit 1277, 1169, 27.8008, 0
PixelHit 1277, 1170, 17.8836, 0
PixelHit 1277, 1171, 5.66297, 0
PixelHit 1277, 1172, 1.76527, 0
PixelHit 1278, 1167, 7.38644, 0
PixelHit 1278, 1168, 21.3805, 0
PixelHit 1278, 1169, 32.077, 0
PixelHit 1278, 1170, 29.4513, 0
PixelHit 1278, 1171, 3.37083, 0
PixelHit 1278, 1172, 2.04177, 0
PixelHit 1279, 1167, 11.9706, 0
PixelHit 1279, 1168, 23.5573, 0
PixelHit 1279, 1169, 46.0541, 0
PixelHit 1279, 1170, 21.4774, 0
PixelHit 1279, 1171, 6.6235, 0
PixelHit 1279, 1172, 2.39352, 0
PixelHit 1280, 1167, 12.3395, 0
PixelHit 1280, 1168, 20.0375, 0
PixelHit 1280, 1169, 28.5728, 0
PixelHit 1280, 1170, 16.9131, 0
PixelHit 1280, 1171, 6.47131, 0
PixelHit 1280, 1172, 1.06261, 0
PixelHit 1281, 1167, 7.475, 0
PixelHit 1281, 1168, 18.2537, 0
PixelHit 1281, 1169, 9.54659, 0
PixelHit 1281, 1170, 8.34038, 0
PixelHit 1282, 1168, 5.68185, 0
PixelHit 1282, 1169, 3.69292, 0
PixelHit 1283, 1166, 1.68557, 0
PixelHit 1283, 1167, 1.71862, 0
PixelHit 1283, 1168, 2.99405, 0
PixelHit 1283, 1169, 0.0612207, 0
PixelHit 1283, 1170, 3.99232, 0
PixelHit 1284, 1168, 1.24404, 0
PixelHit 1351, 940, 2.12134, 0
PixelHit 1351, 941, 8.16801, 0
PixelHit 1352, 940, 18.3168, 0
PixelHit 1352, 941, 40.3116, 0
PixelHit 1353, 940, 28.5748, 0
PixelHit 1353, 941, 50.7502, 0
PixelHit 1354, 939, 1.94026, 0
PixelHit 1354, 940, 74.2803, 0
PixelHit 1354, 941, 26.637, 0
PixelHit 1355, 939, 7.08013, 0
PixelHit 1355, 940, 62.3226, 0
PixelHit 1355, 941, 27.2162, 0
PixelHit 1356, 939, 6.33135, 0
PixelHit 1356, 940, 39.7151, 0
PixelHit 1356, 941, 9.41228, 0
PixelHit 1356, 942, 1.92112, 0
PixelHit 1357, 939, 6.60977, 0
PixelHit 1357, 940, 9.78685, 0
PixelHit 1357, 941, 3.55632, 0
PixelHit 1358, 938, 2.21137, 0
PixelHit 1358, 939, 16.4075, 0
PixelHit 1358, 940, 24.9554, 0
PixelHit 1358, 941, 7.41155, 0
PixelHit 1359, 939, 35.3164, 0
PixelHit 1359, 940, 25.4034, 0
PixelHit 1359, 941, 5.43009, 0
PixelHit 1360, 938, 12.2215, 0
PixelHit 1360, 939, 35.1539, 0
PixelHit 1360, 940, 18.4664, 0
PixelHit 1360, 941, 5.01504, 0
PixelHit 1361, 937, 2.42223, 0
PixelHit 1361, 938, 14.4677, 0
PixelHit 1361, 939, 43.8268, 0
PixelHit 1361, 940, 32.1709, 0
PixelHit 1361, 941, 3.80462, 0
PixelHit 1362, 937, 4.11002, 0
PixelHit 1362, 938, 14.2852, 0
PixelHit 1362, 939, 52.5105, 0
PixelHit 1362, 940, 23.2281, 0
PixelHit 1362, 941, 4.25466, 0
PixelHit 1363, 937, 2.18636, 0
PixelHit 1363, 938, 10.6861, 0
PixelHit 1363, 939, 22.4906, 0
PixelHit 1363, 940, 4.25847, 0
PixelHit 1364, 937, 5.62431, 0
PixelHit 1364, 938, 14.7055, 0
PixelHit 1364, 939, 16.8943, 0
PixelHit 1364, 940, 10.0962, 0
PixelHit 1365, 937, 8.67773, 0
PixelHit 1365, 938, 32.3049, 0
PixelHit 1365, 939, 36.1922, 0
PixelHit 1365, 940, 12.6081, 0
PixelHit 1366, 936, 2.65694, 0
PixelHit 1366, 937, 10.0727, 0
PixelHit 1366, 938, 38.3215, 0
PixelHit 1366, 939, 42.0037, 0
PixelHit 1366, 940, 8.62353, 0
PixelHit 1366, 941, 2.03398, 0
PixelHit 1367, 936, 2.16582, 0
PixelHit 1367, 937, 8.68004, 0
PixelHit 1367, 938, 37.5247, 0
PixelHit 1367, 939, 18.1536, 0
PixelHit 1367, 940, 3.80508, 0
PixelHit 1367, 941, 0.658671, 0
PixelHit 1368, 937, 10.641, 0
PixelHit 1368, 938, 19.6373, 0
PixelHit 1368, 939, 10.5843, 0
PixelHit 1368, 941, 1.69351, 0
PixelHit 1369, 935, 4.90653, 0
PixelHit 1369, 936, 20.2314, 0
PixelHit 1369, 937, 17.5182, 0
PixelHit 1369, 938, 21.3365, 0
PixelHit 1369, 939, 9.44657, 0
PixelHit 1370, 934, 5.89244, 0
PixelHit 1370, 935, 32.8415, 0
PixelHit 1370, 936, 108.336, 0
PixelHit 1370, 937, 126.855, 0
PixelHit 1370, 938, 81.16, 0
PixelHit 1370, 939, 32.0622, 0
PixelHit 1370, 940, 4.37726, 0
PixelHit 1371, 934, 16.8678, 0
PixelHit 1371, 935, 87.7388, 0
PixelHit 1371, 936, 296.907, 0
PixelHit 1371, 937, 432.904, 0
PixelHit 1371, 938, 295.408, 0
PixelHit 1371, 939, 103.548, 0
PixelHit 1371, 940, 9.52952, 0
PixelHit 1371, 941, 4.14385, 0
PixelHit 1371, 943, 1.44601, 0
PixelHit 1372, 932, 2.45218, 0
PixelHit 1372, 934, 35.0878, 0
PixelHit 1372, 935, 175.086, 0
PixelHit 1372, 936, 462.507, 0
PixelHit 1372, 937, 686.948, 0
PixelHit 1372, 938, 460.22, 0
PixelHit 1372, 939, 170.134, 0
PixelHit 1372, 940, 27.192, 0
PixelHit 1372, 941, 2.37201, 0
PixelHit 1373, 933, 1.05919, 0
PixelHit 1373, 934, 29.7332, 0
PixelHit 1373, 935, 125.471, 0
PixelHit 1373, 936, 419.154, 0
PixelHit 1373, 937, 564.206, 0
PixelHit 1373, 938, 393.433, 0
PixelHit 1373, 939, 119.114, 0
PixelHit 1373, 940, 20.6127, 0
PixelHit 1374, 934, 5.67306, 0
PixelHit 1374, 935, 60.7113, 0
PixelHit 1374, 936, 162.755, 0
PixelHit 1374, 937, 214.766, 0
PixelHit 1374, 938, 139.13, 0
PixelHit 1374, 939, 46.5503, 0
PixelHit 1374, 940, 5.19898, 0
PixelHit 1375, 935, 27.7693, 0
PixelHit 1375, 936, 52.6114, 0
PixelHit 1375, 937, 46.7176, 0
PixelHit 1375, 938, 35.9017, 0
PixelHit 1375, 939, 12.6734, 0
PixelHit 1376, 933, 1.6347, 0
PixelHit 1376, 935, 15.2855, 0
PixelHit 1376, 936, 35.1794, 0
PixelHit 1376, 937, 29.0936, 0
PixelHit 1376, 938, 13.3785, 0
PixelHit 1376, 939, 4.27256, 0
PixelHit 1377, 934, 2.82955, 0
PixelHit 1377, 935, 19.5211, 0
PixelHit 1377, 936, 21.2455, 0
PixelHit 1377, 937, 16.7923, 0
PixelHit 1377, 938, 6.51019, 0
PixelHit 1377, 939, 3.43429, 0
PixelHit 1378, 932, 0.677866, 0
PixelHit 1378, 933, 3.03015, 0
PixelHit 1378, 934, 2.18246, 0
PixelHit 1378, 935, 10.443, 0
PixelHit 1378, 936, 16.4422, 0
PixelHit 1378, 937, 20.9107, 0
PixelHit 1378, 938, 6.65572, 0
PixelHit 1378, 939, 3.08232, 0
PixelHit 1379, 935, 4.2713, 0
PixelHit 1379, 936, 7.85249, 0
PixelHit 1379, 937, 10.3907, 0
PixelHit 1379, 938, 4.51889, 0
PixelHit 1380, 935, 7.23467, 0
PixelHit 1380, 936, 7.34847, 0
PixelHit 1380, 937, 5.25616, 0
PixelHit 1380, 939, 1.69096, 0
PixelHit 1381, 936, 1.03971, 0
PixelHit 1381, 937, 3.81262, 0
=== 11 ===
=== 12 ===
=== 13 ===
=== 14 ===
=== 15 ===
=== 16 ===
=== 17 ===
=== 18 ===
=== 19 ===
=== 20 ===
=== 21 ===
=== 22 ===
=== 23 ===
=== 24 ===
=== 25 ===
=== 26 ===
=== 27 ===
=== 28 ===
=== 29 ===
=== 30 ===
=== 31 ===
=== 32 ===
=== 33 ===
=== 34 ===
=== 35 ===
=== 36 ===
=== 37 ===
=== 38 ===
=== 39 ===
=== 40 ===
=== 41 ===
=== 42 ===
=== 43 ===
=== 44 ===
=== 45 ===
=== 46 ===
=== 47 ===
=== 48 ===
=== 49 ===
=== 50 ===
=== 51 ===
=== 52 ===
=== 53 ===
=== 54 ===
=== 55 ===
=== 56 ===
=== 57 ===
=== 58 ===
=== 59 ===
=== 60 ===
=== 61 ===
=== 62 ===
--- mydetector ---
PixelHit 1285, 956, 1.66106, 0
PixelHit 1286, 956, 10.567, 0
PixelHit 1287, 956, 58.4899, 0
PixelHit 1287, 957, 7.9678, 0
PixelHit 1288, 955, 5.8167, 0
PixelHit 1288, 956, 14.715, 0
PixelHit 1289, 955, 46.5834, 0
PixelHit 1289, 956, 91.0618, 0
PixelHit 1289, 957, 7.03701, 0
PixelHit 1290, 955, 61.8165, 0
PixelHit 1290, 956, 70.5586, 0
PixelHit 1290, 957, 4.08936, 0
PixelHit 1291, 954, 3.8992, 0
PixelHit 1291, 955, 61.5865, 0
PixelHit 1291, 956, 45.4882, 0
PixelHit 1291, 957, 2.58329, 0
PixelHit 1292, 953, 3.55255, 0
PixelHit 1292, 954, 16.5721, 0
PixelHit 1292, 955, 43.8943, 0
PixelHit 1292, 956, 30.3599, 0
PixelHit 1293, 953, 11.0735, 0
PixelHit 1293, 954, 103.64, 0
PixelHit 1293, 955, 182.114, 0
PixelHit 1293, 956, 55.5003, 0
PixelHit 1294, 953, 17.3916, 0
PixelHit 1294, 954, 235.447, 0
PixelHit 1294, 955, 384.772, 0
PixelHit 1294, 956, 123.036, 0
PixelHit 1294, 957, 5.84233, 0
PixelHit 1295, 952, 1.61636, 0
PixelHit 1295, 953, 10.2571, 0
PixelHit 1295, 954, 110.439, 0
PixelHit 1295, 955, 197.124, 0
PixelHit 1295, 956, 58.1157, 0
PixelHit 1295, 957, 4.69221, 0
PixelHit 1296, 952, 2.93716, 0
PixelHit 1296, 953, 3.54474, 0
PixelHit 1296, 954, 28.8739, 0
PixelHit 1296, 955, 36.9542, 0
PixelHit 1296, 956, 3.67491, 0
PixelHit 1296, 957, 2.25131, 0
PixelHit 1297, 953, 8.35819, 0
PixelHit 1297, 954, 13.2261, 0
PixelHit 1297, 955, 8.55723, 0
PixelHit 1297, 956, 3.76089, 0
PixelHit 1298, 953, 13.8123, 0
PixelHit 1298, 954, 17.8481, 0
PixelHit 1298, 955, 7.32118, 0
PixelHit 1298, 956, 3.74549, 0
PixelHit 1299, 952, 1.93093, 0
PixelHit 1299, 953, 14.7497, 0
PixelHit 1299, 954, 27.0676, 0
PixelHit 1299, 955, 6.60456, 0
PixelHit 1299, 956, 1.79503, 0
PixelHit 1299, 957, 2.66478, 0
PixelHit 1300, 953, 7.92325, 0
PixelHit 1300, 954, 22.6903, 0
PixelHit 1300, 955, 9.55335, 0
PixelHit 1301, 952, 3.60546, 0
PixelHit 1301, 953, 8.55931, 0
PixelHit 1301, 954, 12.2357, 0
PixelHit 1301, 955, 6.27336, 0
PixelHit 1301, 956, 0.481934, 0
PixelHit 1302, 952, 2.09346, 0
PixelHit 1302, 953, 17.0653, 0
PixelHit 1302, 954, 19.8168, 0
PixelHit 1303, 952, 15.8796, 0
PixelHit 1303, 953, 15.8702, 0
PixelHit 1303, 954, 18.3858, 0
PixelHit 1303, 955, 9.37538, 0
PixelHit 1304, 951, 3.56301, 0
PixelHit 1304, 952, 27.9956, 0
PixelHit 1304, 953, 30.7279, 0
PixelHit 1304, 954, 24.2241, 0
PixelHit 1304, 955, 10.7777, 0
PixelHit 1304, 956, 2.1528, 0
PixelHit 1305, 951, 6.05462, 0
PixelHit 1305, 952, 32.0321, 0
PixelHit 1305, 953, 42.4637, 0
PixelHit 1305, 954, 28.0073, 0
PixelHit 1305, 955, 5.56295, 0
PixelHit 1305, 956, 1.77608, 0
PixelHit 1306, 950, -0.13482, 0
PixelHit 1306, 951, 6.46679, 0
PixelHit 1306, 952, 25.7331, 0
PixelHit 1306, 953, 42.6056, 0
PixelHit 1306, 954, 28.0604, 0
PixelHit 1306, 955, 11.1588, 0
PixelHit 1307, 950, 3.57769, 0
PixelHit 1307, 951, 18.4131, 0
PixelHit 1307, 952, 31.4384, 0
PixelHit 1307, 953, 45.1485, 0
PixelHit 1307, 954, 14.0738, 0
PixelHit 1307, 955, 4.18732, 0
PixelHit 1308, 950, 6.19208, 0
PixelHit 1308, 951, 13.7364, 0
PixelHit 1308, 952, 44.8689, 0
PixelHit 1308, 953, 32.3876, 0
PixelHit 1308, 954, 15.1324, 0
PixelHit 1308, 955, 3.5269, 0
PixelHit 1309, 949, 2.19768, 0
PixelHit 1309, 950, 6.59517, 0
PixelHit 1309, 951, 19.458, 0
PixelHit 1309, 952, 40.1557, 0
PixelHit 1309, 953, 38.5699, 0
PixelHit 1309, 954, 13.242, 0
PixelHit 1310, 949, 2.00694, 0
PixelHit 1310, 950, 11.548, 0
PixelHit 1310, 951, 38.4824, 0
PixelHit 1310, 952, 49.9106, 0
PixelHit 1310, 953, 37.1204, 0
PixelHit 1310, 954, 11.8122, 0
PixelHit 1310, 955, 5.65782, 0
PixelHit 1311, 949, 3.50982, 0
PixelHit 1311, 950, 12.9124, 0
PixelHit 1311, 951, 43.2347, 0
PixelHit 1311, 952, 60.0224, 0
PixelHit 1311, 953, 48.3422, 0
PixelHit 1311, 954, 17.0026, 0
PixelHit 1312, 949, 1.80727, 0
PixelHit 1312, 950, 7.35967, 0
PixelHit 1312, 951, 21.6861, 0
PixelHit 1312, 952, 53.9057, 0
PixelHit 1312, 953, 33.9916, 0
PixelHit 1312, 954, 9.16896, 0
PixelHit 1313, 950, 9.30726, 0
PixelHit 1313, 951, 26.4103, 0
PixelHit 1313, 952, 24.3364, 0
PixelHit 1313, 953, 18.6694, 0
PixelHit 1313, 954, 8.16326, 0
PixelHit 1313, 955, 2.21667, 0
PixelHit 1314, 949, 5.14927, 0
PixelHit 1314, 950, 6.2584, 0
PixelHit 1314, 951, 8.88565, 0
PixelHit 1314, 952, 10.1605, 0
PixelHit 1314, 953, 4.46786, 0
PixelHit 1314, 954, 0.964179, 0
PixelHit 1315, 951, 6.43305, 0
PixelHit 1315, 952, 4.45577, 0
PixelHit 1315, 953, 3.9735, 0
PixelHit 1319, 945, 62.1313, 0
PixelHit 1319, 946, 4.53543, 0
PixelHit 1320, 945, 79.6676, 0
PixelHit 1320, 946, 1.51393, 0
PixelHit 1321, 944, 3.86385, 0
PixelHit 1321, 945, 25.2694, 0
PixelHit 1321, 946, -0.407546, 0
PixelHit 1322, 944, 14.9397, 0
PixelHit 1322, 945, 19.038, 0
PixelHit 1323, 944, 29.6764, 0
PixelHit 1323, 945, 17.8612, 0
PixelHit 1324, 943, 9.95336, 0
PixelHit 1324, 944, 61.3642, 0
PixelHit 1324, 945, 21.3039, 0
PixelHit 1325, 942, 2.29525, 0
PixelHit 1325, 943, 20.6346, 0
PixelHit 1325, 944, 75.9978, 0
PixelHit 1325, 945, 27.9629, 0
PixelHit 1325, 946, 3.69363, 0
PixelHit 1326, 943, 14.9917, 0
PixelHit 1326, 944, 42.5464, 0
PixelHit 1326, 945, 12.7874, 0
PixelHit 1327, 942, 4.4902, 0
PixelHit 1327, 943, 20.0843, 0
PixelHit 1327, 944, 39.9682, 0
PixelHit 1327, 945, 6.36706, 0
PixelHit 1328, 942, 9.55073, 0
PixelHit 1328, 943, 24.5731, 0
PixelHit 1328, 944, 44.2248, 0
PixelHit 1328, 945, 20.875, 0
PixelHit 1329, 943, 28.3184, 0
PixelHit 1329, 944, 24.3425, 0
PixelHit 1329, 945, 4.33518, 0
PixelHit 1329, 946, 1.61921, 0
PixelHit 1330, 941, 1.97741, 0
PixelHit 1330, 942, 13.085, 0
PixelHit 1330, 943, 26.5747, 0
PixelHit 1330, 944, 20.5602, 0
PixelHit 1330, 945, 6.39591, 0
PixelHit 1331, 941, 4.6154, 0
PixelHit 1331, 942, 11.1819, 0
PixelHit 1331, 943, 24.1919, 0
PixelHit 1331, 944, 29.0438, 0
PixelHit 1331, 945, 3.00377, 0
PixelHit 1331, 946, 0.522415, 0
PixelHit 1332, 941, 3.12294, 0
PixelHit 1332, 942, 27.3115, 0
PixelHit 1332, 943, 34.5571, 0
PixelHit 1332, 944, 26.1621, 0
PixelHit 1332, 945, 4.80751, 0
PixelHit 1333, 941, 3.8147, 0
PixelHit 1333, 942, 16.3481, 0
PixelHit 1333, 943, 23.8362, 0
PixelHit 1333, 944, 12.5254, 0
PixelHit 1334, 940, 1.85491, 0
PixelHit 1334, 941, 6.63076, 0
PixelHit 1334, 942, 33.5394, 0
PixelHit 1334, 943, 43.3408, 0
PixelHit 1334, 944, 15.691, 0
PixelHit 1334, 945, 2.25193, 0
PixelHit 1335, 941, 13.6249, 0
PixelHit 1335, 942, 18.8206, 0
PixelHit 1335, 943, 22.9611, 0
PixelHit 1335, 944, 5.72639, 0
PixelHit 1336, 941, 3.29862, 0
PixelHit 1336, 942, 16.6891, 0
PixelHit 1336, 943, 13.1547, 0
PixelHit 1336, 944, 3.69007, 0
PixelHit 1337, 940, 2.31678, 0
PixelHit 1337, 941, 3.98941, 0
PixelHit 1337, 942, 10.8646, 0
PixelHit 1337, 943, 7.54821, 0
PixelHit 1337, 944, 4.37842, 0
PixelHit 1338, 940, 4.27984, 0
PixelHit 1338, 941, 10.2525, 0
PixelHit 1338, 942, 13.321, 0
PixelHit 1338, 943, 9.68901, 0
PixelHit 1339, 939, 3.24327, 0
PixelHit 1339, 940, 4.6302, 0
PixelHit 1339, 941, 10.9284, 0
PixelHit 1339, 942, 16.6505, 0
PixelHit 1339, 943, 9.59476, 0
PixelHit 1339, 944, 5.27058, 0
PixelHit 1340, 938, 1.32335, 0
PixelHit 1340, 939, 4.14025, 0
PixelHit 1340, 940, 7.65344, 0
PixelHit 1340, 941, 19.0659, 0
PixelHit 1340, 942, 31.5246, 0
PixelHit 1340, 943, 10.2302, 0
PixelHit 1340, 944, 2.62035, 0
PixelHit 1341, 939, 0.185016, 0
PixelHit 1341, 940, 13.4084, 0
PixelHit 1341, 941, 37.0207, 0
PixelHit 1341, 942, 21.6982, 0
PixelHit 1341, 943, 11.0615, 0
PixelHit 1342, 939, 5.4078, 0
PixelHit 1342, 940, 14.9388, 0
PixelHit 1342, 941, 33.5703, 0
PixelHit 1342, 942, 19.7399, 0
PixelHit 1342, 943, 7.15945, 0
PixelHit 1342, 944, 3.26682, 0
PixelHit 1343, 938, 2.64449, 0
PixelHit 1343, 939, 14.3075, 0
PixelHit 1343, 940, 30.3199, 0
PixelHit 1343, 941, 36.977, 0
PixelHit 1343, 942, 19.4772, 0
PixelHit 1343, 943, 7.21574, 0
PixelHit 1343, 944, 4.25999, 0
PixelHit 1344, 938, 1.27706, 0
PixelHit 1344, 939, 16.4033, 0
PixelHit 1344, 940, 50.0264, 0
PixelHit 1344, 941, 49.2736, 0
PixelHit 1344, 942, 34.5958, 0
PixelHit 1344, 943, 7.4419, 0
PixelHit 1345, 937, 1.97252, 0
PixelHit 1345, 938, 8.21595, 0
PixelHit 1345, 939, 11.4882, 0
PixelHit 1345, 940, 29.6524, 0
PixelHit 1345, 941, 57.013, 0
PixelHit 1345, 942, 24.3618, 0
PixelHit 1345, 943, 9.2622, 0
PixelHit 1345, 944, 0.486131, 0
PixelHit 1346, 939, 16.3737, 0
PixelHit 1346, 940, 25.0339, 0
PixelHit 1346, 941, 24.7194, 0
PixelHit 1346, 942, 14.1794, 0
PixelHit 1346, 943, 3.44027, 0
PixelHit 1347, 939, 6.12103, 0
PixelHit 1347, 940, 16.686, 0
PixelHit 1347, 941, 7.23691, 0
PixelHit 1347, 942, 4.68409, 0
PixelHit 1347, 943, 3.71014, 0
PixelHit 1348, 939, 3.05318, 0
PixelHit 1348, 940, 0.931125, 0
PixelHit 1348, 941, 8.21202, 0
PixelHit 1348, 943, 1.27554, 0
PixelHit 1349, 940, 2.37282, 0
PixelHit 1349, 942, 0.055269, 0
=== 63 ===
=== 64 ===
=== 65 ===
=== 66 ===
=== 67 ===
=== 68 ===
=== 69 ===
=== 70 ===
=== 71 ===
=== 72 ===
=== 73 ===
=== 74 ===
=== 75 ===
=== 76 ===
=== 77 ===
=== 78 ===
=== 79 ===
=== 80 ===
=== 81 ===
=== 82 ===
=== 83 ===
=== 84 ===
=== 85 ===
=== 86 ===
=== 87 ===
=== 88 ===
=== 89 ===
=== 90 ===
=== 91 ===
=== 92 ===
=== 93 ===
=== 94 ===
=== 95 ===
=== 96 ===
=== 97 ===
=== 98 ===
=== 99 ===
=== 100 ===
# 558 objects from 2 messages
