# Allpix Squared ASCII data - https://cern.ch/allpix-squared

=== 1 ===
=== 2 ===
=== 3 ===
=== 4 ===
=== 5 ===
=== 6 ===
=== 7 ===
=== 8 ===
=== 9 ===
=== 10 ===
=== 11 ===
=== 12 ===
=== 13 ===
--- mydetector ---
PixelHit 1249, 997, 32.8448, 0
PixelHit 1249, 998, 17.4088, 0
PixelHit 1250, 996, 3.21651, 0
PixelHit 1250, 997, 19.5394, 0
PixelHit 1250, 998, 4.80126, 0
PixelHit 1251, 996, 8.46957, 0
PixelHit 1251, 997, 10.2995, 0
PixelHit 1252, 995, 6.72103, 0
PixelHit 1252, 996, 33.2287, 0
PixelHit 1252, 997, 24.1762, 0
PixelHit 1252, 998, 2.8073, 0
PixelHit 1253, 995, 9.11836, 0
PixelHit 1253, 996, 38.588, 0
PixelHit 1253, 997, 5.28061, 0
PixelHit 1254, 994, 7.49591, 0
PixelHit 1254, 995, 35.7935, 0
PixelHit 1254, 996, 43.7864, 0
PixelHit 1254, 997, 7.17615, 0
PixelHit 1255, 993, 2.75569, 0
PixelHit 1255, 994, 28.7376, 0
PixelHit 1255, 995, 62.9407, 0
PixelHit 1255, 996, 36.1526, 0
PixelHit 1255, 997, 4.36085, 0
PixelHit 1256, 993, 11.0567, 0
PixelHit 1256, 994, 26.7804, 0
PixelHit 1256, 995, 44.1114, 0
PixelHit 1256, 996, 21.5735, 0
PixelHit 1256, 997, 1.83979, 0
PixelHit 1257, 993, 13.3726, 0
PixelHit 1257, 994, 57.7233, 0
PixelHit 1257, 995, 42.8239, 0
PixelHit 1257, 996, 10.1574, 0
PixelHit 1257, 997, 4.13149, 0
PixelHit 1258, 992, 5.80006, 0
PixelHit 1258, 993, 28.9084, 0
PixelHit 1258, 994, 55.5309, 0
PixelHit 1258, 995, 43.0873, 0
PixelHit 1258, 996, 4.92611, 0
PixelHit 1259, 992, 7.62833, 0
PixelHit 1259, 993, 39.6017, 0
PixelHit 1259, 994, 63.4523, 0
PixelHit 1259, 995, 31.0166, 0
PixelHit 1259, 996, 6.43297, 0
PixelHit 1260, 991, 2.04733, 0
PixelHit 1260, 992, 21.7246, 0
PixelHit 1260, 993, 53.4051, 0
PixelHit 1260, 994, 38.4746, 0
PixelHit 1260, 995, 15.8866, 0
PixelHit 1261, 989, 1.91246, 0
PixelHit 1261, 990, 3.15316, 0
PixelHit 1261, 991, 5.07717, 0
PixelHit 1261, 992, 21.453, 0
PixelHit 1261, 993, 36.213, 0
PixelHit 1261, 994, 29.8338, 0
PixelHit 1261, 995, 8.89811, 0
PixelHit 1262, 990, 1.79485, 0
PixelHit 1262, 991, 11.4844, 0
PixelHit 1262, 992, 24.8761, 0
PixelHit 1262, 993, 31.9126, 0
PixelHit 1262, 994, 12.3548, 0
PixelHit 1262, 995, 3.1233, 0
PixelHit 1263, 989, 0.496034, 0
PixelHit 1263, 990, 5.79265, 0
PixelHit 1263, 991, 18.4949, 0
PixelHit 1263, 992, 21.8106, 0
PixelHit 1263, 993, 22.234, 0
PixelHit 1263, 994, 8.8422, 0
PixelHit 1263, 995, 0.0862226, 0
PixelHit 1264, 989, 4.83746, 0
PixelHit 1264, 990, 2.99566, 0
PixelHit 1264, 991, 27.7685, 0
PixelHit 1264, 992, 30.7824, 0
PixelHit 1264, 993, 29.7093, 0
PixelHit 1264, 994, 12.4636, 0
PixelHit 1264, 996, 1.84719, 0
PixelHit 1265, 988, 2.04126, 0
PixelHit 1265, 989, 6.31954, 0
PixelHit 1265, 990, 23.266, 0
PixelHit 1265, 991, 41.4781, 0
PixelHit 1265, 992, 49.0411, 0
PixelHit 1265, 993, 21.8203, 0
PixelHit 1265, 994, 6.96552, 0
PixelHit 1265, 995, 1.22042, 0
PixelHit 1266, 988, 3.52781, 0
PixelHit 1266, 989, 7.64307, 0
PixelHit 1266, 990, 20.18, 0
PixelHit 1266, 991, 41.9348, 0
PixelHit 1266, 992, 31.2006, 0
PixelHit 1266, 993, 16.0478, 0
PixelHit 1266, 994, 4.38164, 0
PixelHit 1267, 988, 2.09529, 0
PixelHit 1267, 989, 6.71307, 0
PixelHit 1267, 990, 16.2163, 0
PixelHit 1267, 991, 39.6856, 0
PixelHit 1267, 992, 33.6832, 0
PixelHit 1267, 993, 7.99221, 0
PixelHit 1267, 994, 3.92547, 0
PixelHit 1268, 988, 1.41909, 0
PixelHit 1268, 989, 3.38335, 0
PixelHit 1268, 990, 12.3921, 0
PixelHit 1268, 991, 16.5063, 0
PixelHit 1268, 992, 14.5588, 0
PixelHit 1268, 993, 1.46885, 0
PixelHit 1269, 990, 8.52492, 0
PixelHit 1269, 991, 4.83579, 0
PixelHit 1269, 992, 4.82441, 0
PixelHit 1269, 993, 2.31375, 0
PixelHit 1270, 990, 1.04763, 0
PixelHit 1301, 975, 15.2644, 0
PixelHit 1301, 976, 15.5916, 0
PixelHit 1302, 974, 2.08547, 0
PixelHit 1302, 975, 46.9913, 0
PixelHit 1302, 976, 19.2413, 0
PixelHit 1303, 974, 30.6491, 0
PixelHit 1303, 975, 157.604, 0
PixelHit 1303, 976, 18.7021, 0
PixelHit 1304, 973, 3.45464, 0
PixelHit 1304, 974, 100.991, 0
PixelHit 1304, 975, 120.085, 0
PixelHit 1304, 976, 7.96473, 0
PixelHit 1305, 973, 8.98954, 0
PixelHit 1305, 974, 67.7209, 0
PixelHit 1305, 975, 42.4994, 0
PixelHit 1306, 972, 1.70566, 0
PixelHit 1306, 973, 20.7699, 0
PixelHit 1306, 974, 50.8208, 0
PixelHit 1306, 975, 16.9064, 0
PixelHit 1307, 972, 12.4577, 0
PixelHit 1307, 973, 42.1854, 0
PixelHit 1307, 974, 21.3588, 0
PixelHit 1307, 975, 3.71075, 0
PixelHit 1308, 971, 1.39512, 0
PixelHit 1308, 972, 31.7088, 0
PixelHit 1308, 973, 53.0553, 0
PixelHit 1308, 974, 40.7049, 0
PixelHit 1309, 971, 11.2021, 0
PixelHit 1309, 972, 24.0504, 0
PixelHit 1309, 973, 39.6326, 0
PixelHit 1309, 974, 17.5189, 0
PixelHit 1309, 975, 1.88039, 0
PixelHit 1310, 971, 9.19632, 0
PixelHit 1310, 972, 28.4196, 0
PixelHit 1310, 973, 24.0165, 0
PixelHit 1310, 974, 5.92164, 0
PixelHit 1310, 975, 0.925486, 0
PixelHit 1311, 970, 7.60675, 0
PixelHit 1311, 971, 11.3842, 0
PixelHit 1311, 972, 13.5201, 0
PixelHit 1311, 973, 13.6153, 0
PixelHit 1312, 970, 7.28226, 0
PixelHit 1312, 971, 23.3621, 0
PixelHit 1312, 972, 40.7369, 0
PixelHit 1312, 973, 11.5547, 0
PixelHit 1313, 969, 3.59306, 0
PixelHit 1313, 970, 12.6894, 0
PixelHit 1313, 971, 35.3891, 0
PixelHit 1313, 972, 36.6764, 0
PixelHit 1313, 973, 9.71052, 0
PixelHit 1313, 975, 1.94037, 0
PixelHit 1314, 968, 3.19919, 0
PixelHit 1314, 970, 22.3187, 0
PixelHit 1314, 971, 34.2895, 0
PixelHit 1314, 972, 21.4432, 0
PixelHit 1314, 973, 6.62655, 0
PixelHit 1315, 969, 9.48422, 0
PixelHit 1315, 970, 19.8483, 0
PixelHit 1315, 971, 20.5784, 0
PixelHit 1315, 972, 6.46217, 0
PixelHit 1315, 973, 2.26995, 0
PixelHit 1316, 968, 2.42208, 0
PixelHit 1316, 969, 14.4906, 0
PixelHit 1316, 970, 16.0824, 0
PixelHit 1316, 971, 13.3036, 0
PixelHit 1316, 972, 9.5327, 0
PixelHit 1316, 973, 1.38906, 0
PixelHit 1316, 975, 0.883683, 0
PixelHit 1317, 966, 1.55213, 0
PixelHit 1317, 967, 2.34796, 0
PixelHit 1317, 968, 2.91934, 0
PixelHit 1317, 969, 9.96075, 0
PixelHit 1317, 970, 12.2729, 0
PixelHit 1317, 971, 7.42515, 0
PixelHit 1317, 973, 2.27218, 0
PixelHit 1318, 965, 1.1297, 0
PixelHit 1318, 966, 2.55077, 0
PixelHit 1318, 967, 5.64428, 0
PixelHit 1318, 968, 15.7784, 0
PixelHit 1318, 969, 27.3368, 0
PixelHit 1318, 970, 27.1254, 0
PixelHit 1318, 971, 7.79067, 0
PixelHit 1318, 972, 1.60013, 0
PixelHit 1319, 965, 1.40617, 0
PixelHit 1319, 967, 18.3697, 0
PixelHit 1319, 968, 43.7552, 0
PixelHit 1319, 969, 56.3368, 0
PixelHit 1319, 970, 50.0306, 0
PixelHit 1319, 971, 6.17227, 0
PixelHit 1320, 965, 2.47659, 0
PixelHit 1320, 966, 3.1731, 0
PixelHit 1320, 967, 17.1202, 0
PixelHit 1320, 968, 43.0199, 0
PixelHit 1320, 969, 60.2995, 0
PixelHit 1320, 970, 45.9962, 0
PixelHit 1320, 971, 14.7779, 0
PixelHit 1321, 967, 11.9528, 0
PixelHit 1321, 968, 33.9733, 0
PixelHit 1321, 969, 36.6122, 0
PixelHit 1321, 970, 26.7629, 0
PixelHit 1321, 971, 10.282, 0
PixelHit 1321, 972, 2.71417, 0
PixelHit 1322, 966, 2.5892, 0
PixelHit 1322, 967, 5.41236, 0
PixelHit 1322, 968, 8.81272, 0
PixelHit 1322, 969, 7.19371, 0
PixelHit 1322, 970, 4.74184, 0
PixelHit 1323, 967, 2.32486, 0
PixelHit 1323, 969, 2.41409, 0
PixelHit 1323, 971, 1.87763, 0
PixelHit 1324, 970, 0.0761296, 0
=== 14 ===
=== 15 ===
=== 16 ===
=== 17 ===
=== 18 ===
=== 19 ===
=== 20 ===
=== 21 ===
=== 22 ===
=== 23 ===
=== 24 ===
=== 25 ===
=== 26 ===
=== 27 ===
=== 28 ===
=== 29 ===
=== 30 ===
=== 31 ===
=== 32 ===
=== 33 ===
=== 34 ===
=== 35 ===
=== 36 ===
=== 37 ===
=== 38 ===
=== 39 ===
=== 40 ===
=== 41 ===
=== 42 ===
=== 43 ===
=== 44 ===
=== 45 ===
=== 46 ===
=== 47 ===
=== 48 ===
=== 49 ===
=== 50 ===
=== 51 ===
=== 52 ===
=== 53 ===
=== 54 ===
=== 55 ===
=== 56 ===
=== 57 ===
=== 58 ===
=== 59 ===
=== 60 ===
=== 61 ===
=== 62 ===
=== 63 ===
=== 64 ===
=== 65 ===
=== 66 ===
=== 67 ===
=== 68 ===
=== 69 ===
=== 70 ===
=== 71 ===
=== 72 ===
=== 73 ===
=== 74 ===
=== 75 ===
=== 76 ===
=== 77 ===
=== 78 ===
=== 79 ===
--- mydetector ---
PixelHit 1233, 977, 1.63671, 0
PixelHit 1234, 976, 2.72443, 0
PixelHit 1234, 977, 38.6733, 0
PixelHit 1234, 978, 103.274, 0
PixelHit 1235, 976, 2.11067, 0
PixelHit 1235, 977, 22.0213, 0
PixelHit 1235, 978, 8.78662, 0
PixelHit 1236, 976, 7.69005, 0
PixelHit 1236, 977, 73.0958, 0
PixelHit 1236, 978, 10.1223, 0
PixelHit 1237, 976, 19.9706, 0
PixelHit 1237, 977, 36.3024, 0
PixelHit 1238, 975, 3.84997, 0
PixelHit 1238, 976, 28.8527, 0
PixelHit 1238, 977, 12.3484, 0
PixelHit 1239, 974, 0.987658, 0
PixelHit 1239, 975, 35.5529, 0
PixelHit 1239, 976, 45.2181, 0
PixelHit 1239, 977, 16.1931, 0
PixelHit 1240, 974, 8.32622, 0
PixelHit 1240, 975, 41.6233, 0
PixelHit 1240, 976, 35.0803, 0
PixelHit 1240, 977, 10.9035, 0
PixelHit 1241, 973, 2.31824, 0
PixelHit 1241, 974, 10.2699, 0
PixelHit 1241, 975, 27.5087, 0
PixelHit 1241, 976, 14.0408, 0
PixelHit 1242, 971, 2.57697, 0
PixelHit 1242, 973, 6.7084, 0
PixelHit 1242, 974, 19.9674, 0
PixelHit 1242, 975, 35.8743, 0
PixelHit 1242, 976, 15.7597, 0
PixelHit 1243, 973, 9.23078, 0
PixelHit 1243, 974, 36.4868, 0
PixelHit 1243, 975, 29.3489, 0
PixelHit 1243, 976, 12.1241, 0
PixelHit 1243, 977, 1.10647, 0
PixelHit 1244, 972, 2.7243, 0
PixelHit 1244, 973, 27.2744, 0
PixelHit 1244, 974, 38.8652, 0
PixelHit 1244, 975, 23.2537, 0
PixelHit 1244, 976, 5.23707, 0
PixelHit 1245, 972, 6.45899, 0
PixelHit 1245, 973, 22.3156, 0
PixelHit 1245, 974, 35.7108, 0
PixelHit 1245, 975, 8.92701, 0
PixelHit 1246, 971, 6.08405, 0
PixelHit 1246, 972, 9.74067, 0
PixelHit 1246, 973, 30.0833, 0
PixelHit 1246, 974, 27.6603, 0
PixelHit 1246, 975, 12.0514, 0
PixelHit 1246, 976, 1.26676, 0
PixelHit 1247, 970, 1.60672, 0
PixelHit 1247, 971, 6.15127, 0
PixelHit 1247, 972, 25.0667, 0
PixelHit 1247, 973, 31.4684, 0
PixelHit 1247, 974, 26.9913, 0
PixelHit 1247, 975, 5.5278, 0
PixelHit 1248, 970, 2.64055, 0
PixelHit 1248, 971, 6.88104, 0
PixelHit 1248, 972, 24.7125, 0
PixelHit 1248, 973, 26.8714, 0
PixelHit 1248, 974, 4.82567, 0
PixelHit 1248, 975, 5.54239, 0
PixelHit 1249, 971, 14.234, 0
PixelHit 1249, 972, 14.3858, 0
PixelHit 1249, 973, 8.63879, 0
PixelHit 1249, 974, 5.92759, 0
PixelHit 1250, 969, 1.93386, 0
PixelHit 1250, 970, 6.63372, 0
PixelHit 1250, 971, 16.89, 0
PixelHit 1250, 972, 19.3858, 0
PixelHit 1250, 973, 9.32682, 0
PixelHit 1250, 974, 4.43603, 0
PixelHit 1250, 975, 1.42179, 0
PixelHit 1251, 967, 1.99342, 0
PixelHit 1251, 968, 1.80317, 0
PixelHit 1251, 969, 5.05539, 0
PixelHit 1251, 970, 15.006, 0
PixelHit 1251, 971, 34.8409, 0
PixelHit 1251, 972, 25.2579, 0
PixelHit 1251, 973, 22.6396, 0
PixelHit 1251, 974, 4.49212, 0
PixelHit 1252, 968, 0.57363, 0
PixelHit 1252, 969, 10.6025, 0
PixelHit 1252, 970, 26.1507, 0
PixelHit 1252, 971, 52.4097, 0
PixelHit 1252, 972, 33.2293, 0
PixelHit 1252, 973, 17.8186, 0
PixelHit 1253, 968, 4.47448, 0
PixelHit 1253, 969, 13.0288, 0
PixelHit 1253, 970, 40.4853, 0
PixelHit 1253, 971, 51.823, 0
PixelHit 1253, 972, 28.7532, 0
PixelHit 1253, 973, 10.4021, 0
PixelHit 1253, 974, 2.36561, 0
PixelHit 1254, 968, 3.53093, 0
PixelHit 1254, 969, 12.4277, 0
PixelHit 1254, 970, 27.3253, 0
PixelHit 1254, 971, 30.0047, 0
PixelHit 1254, 972, 21.2876, 0
PixelHit 1254, 973, 4.03921, 0
PixelHit 1255, 969, 4.01558, 0
PixelHit 1255, 970, 13.279, 0
PixelHit 1255, 971, 8.5363, 0
PixelHit 1255, 972, 1.3161, 0
PixelHit 1256, 970, 2.39419, 0
PixelHit 1256, 972, 3.20005, 0
PixelHit 1363, 972, 5.0847, 0
PixelHit 1364, 971, 16.9418, 0
PixelHit 1364, 972, 87.4528, 0
PixelHit 1364, 973, 0.292894, 0
PixelHit 1365, 971, 48.173, 0
PixelHit 1365, 972, 55.6801, 0
PixelHit 1366, 969, 1.76822, 0
PixelHit 1366, 970, 17.8573, 0
PixelHit 1366, 971, 49.5197, 0
PixelHit 1366, 972, 15.8765, 0
PixelHit 1367, 969, 0.826244, 0
PixelHit 1367, 970, 48.3791, 0
PixelHit 1367, 971, 54.4076, 0
PixelHit 1367, 972, 11.2338, 0
PixelHit 1368, 969, 8.36751, 0
PixelHit 1368, 970, 53.9645, 0
PixelHit 1368, 971, 46.4985, 0
PixelHit 1369, 968, 0.333182, 0
PixelHit 1369, 969, 16.9559, 0
PixelHit 1369, 970, 33.6517, 0
PixelHit 1369, 971, 11.1635, 0
PixelHit 1370, 967, 1.93833, 0
PixelHit 1370, 968, 4.89921, 0
PixelHit 1370, 969, 30.9908, 0
PixelHit 1370, 970, 34.7588, 0
PixelHit 1370, 971, 6.24341, 0
PixelHit 1371, 967, 4.20706, 0
PixelHit 1371, 968, 11.1412, 0
PixelHit 1371, 969, 35.2886, 0
PixelHit 1371, 970, 26.1337, 0
PixelHit 1371, 971, 3.17152, 0
PixelHit 1372, 967, 6.33695, 0
PixelHit 1372, 968, 20.5307, 0
PixelHit 1372, 969, 23.4309, 0
PixelHit 1372, 970, 14.363, 0
PixelHit 1372, 971, 4.16719, 0
PixelHit 1373, 966, 2.77296, 0
PixelHit 1373, 967, 17.7645, 0
PixelHit 1373, 968, 40.6944, 0
PixelHit 1373, 969, 29.7548, 0
PixelHit 1373, 970, 8.22862, 0
PixelHit 1373, 971, 0.917136, 0
PixelHit 1374, 965, 2.33228, 0
PixelHit 1374, 966, 9.12812, 0
PixelHit 1374, 967, 39.7727, 0
PixelHit 1374, 968, 65.7705, 0
PixelHit 1374, 969, 32.0214, 0
PixelHit 1374, 970, 2.75653, 0
PixelHit 1374, 971, 0.044834, 0
PixelHit 1375, 965, 1.51913, 0
PixelHit 1375, 966, 14.5172, 0
PixelHit 1375, 967, 35.5998, 0
PixelHit 1375, 968, 51.6011, 0
PixelHit 1375, 969, 22.9485, 0
PixelHit 1375, 970, 3.84802, 0
PixelHit 1376, 965, 8.04419, 0
PixelHit 1376, 966, 21.1651, 0
PixelHit 1376, 967, 40.1526, 0
PixelHit 1376, 968, 28.2459, 0
PixelHit 1376, 969, 10.1351, 0
PixelHit 1376, 970, 0.455605, 0
PixelHit 1376, 971, 2.43411, 0
PixelHit 1377, 964, 2.4014, 0
PixelHit 1377, 965, 9.97173, 0
PixelHit 1377, 966, 17.632, 0
PixelHit 1377, 967, 24.2769, 0
PixelHit 1377, 968, 14.1039, 0
PixelHit 1377, 969, 4.97495, 0
PixelHit 1378, 964, 3.22257, 0
PixelHit 1378, 965, 20.4052, 0
PixelHit 1378, 966, 35.3749, 0
PixelHit 1378, 967, 37.1855, 0
PixelHit 1378, 968, 7.21516, 0
PixelHit 1378, 969, 1.64629, 0
PixelHit 1379, 964, 7.30028, 0
PixelHit 1379, 965, 26.751, 0
PixelHit 1379, 966, 30.4475, 0
PixelHit 1379, 967, 30.6671, 0
PixelHit 1379, 968, 4.74254, 0
PixelHit 1380, 963, 3.03163, 0
PixelHit 1380, 964, 12.3273, 0
PixelHit 1380, 965, 27.5959, 0
PixelHit 1380, 966, 32.8364, 0
PixelHit 1380, 967, 21.8461, 0
PixelHit 1380, 968, 7.36956, 0
PixelHit 1380, 969, 3.24814, 0
PixelHit 1381, 963, 3.99983, 0
PixelHit 1381, 964, 13.9885, 0
PixelHit 1381, 965, 27.0068, 0
PixelHit 1381, 966, 21.3858, 0
PixelHit 1381, 967, 9.86392, 0
PixelHit 1381, 968, 6.35915, 0
PixelHit 1382, 963, 6.68463, 0
PixelHit 1382, 964, 16.0456, 0
PixelHit 1382, 965, 20.7698, 0
PixelHit 1382, 966, 16.8521, 0
PixelHit 1382, 967, 5.84161, 0
PixelHit 1382, 968, 5.22162, 0
PixelHit 1382, 969, 1.17732, 0
PixelHit 1383, 963, 1.69805, 0
PixelHit 1383, 964, 1.61244, 0
PixelHit 1383, 965, 2.59297, 0
PixelHit 1383, 966, 6.05409, 0
PixelHit 1384, 966, 1.97101, 0
PixelHit 1384, 967, 3.44202, 0
=== 80 ===
=== 81 ===
=== 82 ===
=== 83 ===
=== 84 ===
=== 85 ===
=== 86 ===
=== 87 ===
=== 88 ===
=== 89 ===
=== 90 ===
=== 91 ===
=== 92 ===
=== 93 ===
=== 94 ===
=== 95 ===
=== 96 ===
=== 97 ===
=== 98 ===
=== 99 ===
=== 100 ===
# 432 objects from 2 messages
