# Allpix Squared ASCII data - https://cern.ch/allpix-squared

=== 1 ===
=== 2 ===
=== 3 ===
=== 4 ===
=== 5 ===
=== 6 ===
--- mydetector ---
PixelHit 1326, 922, 1.53785, 0
PixelHit 1327, 919, 7.03671, 0
PixelHit 1327, 920, 4.95654, 0
PixelHit 1327, 921, 28.4342, 0
PixelHit 1327, 922, 82.0397, 0
PixelHit 1327, 923, 17.1576, 0
PixelHit 1328, 915, 2.08287, 0
PixelHit 1328, 916, 3.49434, 0
PixelHit 1328, 917, 11.8574, 0
PixelHit 1328, 918, 15.417, 0
PixelHit 1328, 919, 38.1659, 0
PixelHit 1328, 920, 96.1335, 0
PixelHit 1328, 921, 100.367, 0
PixelHit 1328, 922, 41.2177, 0
PixelHit 1329, 912, 4.02145, 0
PixelHit 1329, 913, 8.47507, 0
PixelHit 1329, 914, 7.31016, 0
PixelHit 1329, 915, 16.1527, 0
PixelHit 1329, 916, 38.9919, 0
PixelHit 1329, 917, 42.5866, 0
PixelHit 1329, 918, 23.8926, 0
PixelHit 1329, 919, 17.423, 0
PixelHit 1329, 920, 35.1548, 0
PixelHit 1329, 921, 6.51498, 0
PixelHit 1330, 903, 1.32065, 0
PixelHit 1330, 907, 2.08629, 0
PixelHit 1330, 908, 3.65304, 0
PixelHit 1330, 909, 2.22617, 0
PixelHit 1330, 910, 2.95213, 0
PixelHit 1330, 911, 17.4561, 0
PixelHit 1330, 912, 38.7182, 0
PixelHit 1330, 913, 16.1044, 0
PixelHit 1330, 914, 28.8222, 0
PixelHit 1330, 915, 34.1113, 0
PixelHit 1330, 916, 36.3359, 0
PixelHit 1330, 917, 26.699, 0
PixelHit 1330, 918, 8.91382, 0
PixelHit 1331, 901, 0.966943, 0
PixelHit 1331, 905, 1.44559, 0
PixelHit 1331, 906, 1.51216, 0
PixelHit 1331, 907, 8.28958, 0
PixelHit 1331, 908, 8.13318, 0
PixelHit 1331, 909, 13.5675, 0
PixelHit 1331, 910, 11.2035, 0
PixelHit 1331, 911, 38.7543, 0
PixelHit 1331, 912, 49.2316, 0
PixelHit 1331, 913, 46.1855, 0
PixelHit 1331, 914, 17.9929, 0
PixelHit 1331, 915, 11.397, 0
PixelHit 1331, 916, 6.22678, 0
PixelHit 1331, 917, 5.72459, 0
PixelHit 1332, 902, 2.01947, 0
PixelHit 1332, 903, 2.34347, 0
PixelHit 1332, 904, 1.21843, 0
PixelHit 1332, 905, 9.43697, 0
PixelHit 1332, 906, 5.30955, 0
PixelHit 1332, 907, 32.9304, 0
PixelHit 1332, 908, 44.9825, 0
PixelHit 1332, 909, 20.3997, 0
PixelHit 1332, 910, 28.9189, 0
PixelHit 1332, 911, 21.8372, 0
PixelHit 1332, 912, 31.066, 0
PixelHit 1332, 913, 21.682, 0
PixelHit 1332, 914, 4.66235, 0
PixelHit 1332, 915, 1.89589, 0
PixelHit 1333, 897, 3.21231, 0
PixelHit 1333, 898, 0.190026, 0
PixelHit 1333, 900, 2.08009, 0
PixelHit 1333, 901, 3.84121, 0
PixelHit 1333, 902, 14.7264, 0
PixelHit 1333, 903, 28.017, 0
PixelHit 1333, 904, 24.8919, 0
PixelHit 1333, 905, 16.0337, 0
PixelHit 1333, 906, 16.7069, 0
PixelHit 1333, 907, 37.2, 0
PixelHit 1333, 908, 23.379, 0
PixelHit 1333, 909, 21.2307, 0
PixelHit 1333, 910, 7.71198, 0
PixelHit 1333, 911, 9.41288, 0
PixelHit 1333, 912, 5.9253, 0
PixelHit 1334, 896, 3.54641, 0
PixelHit 1334, 897, 3.99002, 0
PixelHit 1334, 898, 1.2493, 0
PixelHit 1334, 899, 8.15545, 0
PixelHit 1334, 900, 8.87464, 0
PixelHit 1334, 901, 16.5782, 0
PixelHit 1334, 902, 19.9783, 0
PixelHit 1334, 903, 39.7634, 0
PixelHit 1334, 904, 33.463, 0
PixelHit 1334, 905, 18.4865, 0
PixelHit 1334, 906, 12.0205, 0
PixelHit 1334, 907, 15.2189, 0
PixelHit 1334, 908, 10.9057, 0
PixelHit 1334, 909, 13.0444, 0
PixelHit 1334, 910, 1.66606, 0
PixelHit 1335, 896, 6.99442, 0
PixelHit 1335, 897, 6.90915, 0
PixelHit 1335, 898, 13.082, 0
PixelHit 1335, 899, 11.6666, 0
PixelHit 1335, 900, 22.4762, 0
PixelHit 1335, 901, 33.1215, 0
PixelHit 1335, 902, 40.0189, 0
PixelHit 1335, 903, 24.5297, 0
PixelHit 1335, 904, 32.0591, 0
PixelHit 1335, 905, 13.5381, 0
PixelHit 1335, 906, 4.99901, 0
PixelHit 1335, 907, 6.31595, 0
PixelHit 1336, 893, 3.25452, 0
PixelHit 1336, 895, 3.03664, 0
PixelHit 1336, 896, 6.82696, 0
PixelHit 1336, 897, 11.0901, 0
PixelHit 1336, 898, 12.5272, 0
PixelHit 1336, 899, 16.0177, 0
PixelHit 1336, 900, 12.2048, 0
PixelHit 1336, 901, 13.9526, 0
PixelHit 1336, 902, 15.5354, 0
PixelHit 1336, 903, 8.73326, 0
PixelHit 1336, 904, 9.29688, 0
PixelHit 1336, 905, 3.09516, 0
PixelHit 1336, 906, 2.17832, 0
PixelHit 1337, 895, 4.02394, 0
PixelHit 1337, 896, 0.878991, 0
PixelHit 1337, 897, 9.94536, 0
PixelHit 1337, 898, 8.29607, 0
PixelHit 1337, 899, 8.81216, 0
PixelHit 1337, 900, 2.13217, 0
PixelHit 1337, 901, 2.95413, 0
PixelHit 1337, 902, 1.661, 0
PixelHit 1337, 903, 1.17853, 0
PixelHit 1337, 904, 1.71424, 0
PixelHit 1338, 896, 3.82252, 0
PixelHit 1338, 897, 4.23611, 0
PixelHit 1338, 898, 4.65862, 0
PixelHit 1338, 899, 6.46569, 0
PixelHit 1339, 899, 3.22809, 0
PixelHit 1340, 897, 2.50965, 0
PixelHit 1340, 899, 0.889875, 0
PixelHit 1385, 1185, 2.61337, 0
PixelHit 1385, 1189, 1.99997, 0
PixelHit 1385, 1190, 5.77502, 0
PixelHit 1385, 1191, 3.82373, 0
PixelHit 1386, 1184, 5.27088, 0
PixelHit 1386, 1185, 17.4165, 0
PixelHit 1386, 1186, 14.3985, 0
PixelHit 1386, 1187, 8.9883, 0
PixelHit 1386, 1188, 44.964, 0
PixelHit 1386, 1189, 118.896, 0
PixelHit 1386, 1190, 105.37, 0
PixelHit 1386, 1191, 2.67321, 0
PixelHit 1387, 1181, 2.51771, 0
PixelHit 1387, 1182, 18.9395, 0
PixelHit 1387, 1183, 27.0117, 0
PixelHit 1387, 1184, 43.9747, 0
PixelHit 1387, 1185, 183.679, 0
PixelHit 1387, 1186, 111.669, 0
PixelHit 1387, 1187, 35.2192, 0
PixelHit 1387, 1188, 35.7128, 0
PixelHit 1387, 1189, 14.2511, 0
PixelHit 1387, 1190, 1.23749, 0
PixelHit 1388, 1173, 1.40474, 0
PixelHit 1388, 1174, 0.285677, 0
PixelHit 1388, 1175, 3.00149, 0
PixelHit 1388, 1176, 2.22448, 0
PixelHit 1388, 1178, 4.7962, 0
PixelHit 1388, 1179, 16.3427, 0
PixelHit 1388, 1180, 14.6872, 0
PixelHit 1388, 1181, 22.4804, 0
PixelHit 1388, 1182, 70.7009, 0
PixelHit 1388, 1183, 75.5488, 0
PixelHit 1388, 1184, 70.3548, 0
PixelHit 1388, 1185, 95.1612, 0
PixelHit 1388, 1186, 52.3422, 0
PixelHit 1388, 1187, 3.69233, 0
PixelHit 1388, 1188, 1.15618, 0
PixelHit 1389, 1169, 1.27094, 0
PixelHit 1389, 1171, 2.71395, 0
PixelHit 1389, 1172, 3.37523, 0
PixelHit 1389, 1173, 0.770125, 0
PixelHit 1389, 1174, 6.01928, 0
PixelHit 1389, 1175, 8.40903, 0
PixelHit 1389, 1176, 27.5902, 0
PixelHit 1389, 1177, 24.5793, 0
PixelHit 1389, 1178, 26.4236, 0
PixelHit 1389, 1179, 24.8322, 0
PixelHit 1389, 1180, 27.5003, 0
PixelHit 1389, 1181, 10.102, 0
PixelHit 1389, 1182, 33.5827, 0
PixelHit 1389, 1183, 31.3499, 0
PixelHit 1389, 1184, 10.5925, 0
PixelHit 1389, 1185, 10.8972, 0
PixelHit 1389, 1186, 2.83214, 0
PixelHit 1390, 1164, 1.87268, 0
PixelHit 1390, 1166, 1.37766, 0
PixelHit 1390, 1167, 2.82708, 0
PixelHit 1390, 1168, 1.29822, 0
PixelHit 1390, 1169, 4.8353, 0
PixelHit 1390, 1170, 6.76611, 0
PixelHit 1390, 1171, 10.2884, 0
PixelHit 1390, 1172, 17.0469, 0
PixelHit 1390, 1173, 11.9209, 0
PixelHit 1390, 1174, 12.1744, 0
PixelHit 1390, 1175, 26.0934, 0
PixelHit 1390, 1176, 29.569, 0
PixelHit 1390, 1177, 41.8455, 0
PixelHit 1390, 1178, 18.9408, 0
PixelHit 1390, 1179, 19.2246, 0
PixelHit 1390, 1180, 4.9357, 0
PixelHit 1390, 1181, 1.16337, 0
PixelHit 1390, 1182, 3.7033, 0
PixelHit 1390, 1183, 0.83518, 0
PixelHit 1390, 1184, 1.49124, 0
PixelHit 1391, 1163, 2.89779, 0
PixelHit 1391, 1165, 4.57036, 0
PixelHit 1391, 1166, 16.3843, 0
PixelHit 1391, 1167, 15.0032, 0
PixelHit 1391, 1168, 21.172, 0
PixelHit 1391, 1169, 25.4295, 0
PixelHit 1391, 1170, 24.1844, 0
PixelHit 1391, 1171, 25.2136, 0
PixelHit 1391, 1172, 19.3257, 0
PixelHit 1391, 1173, 21.2561, 0
PixelHit 1391, 1174, 17.9642, 0
PixelHit 1391, 1175, 19.3884, 0
PixelHit 1391, 1176, 20.1985, 0
PixelHit 1391, 1177, 4.9114, 0
PixelHit 1391, 1178, 10.9628, 0
PixelHit 1391, 1179, 2.69758, 0
PixelHit 1392, 1162, 3.64408, 0
PixelHit 1392, 1163, 6.30136, 0
PixelHit 1392, 1164, 11.2948, 0
PixelHit 1392, 1165, 23.1356, 0
PixelHit 1392, 1166, 31.4988, 0
PixelHit 1392, 1167, 40.654, 0
PixelHit 1392, 1168, 44.5098, 0
PixelHit 1392, 1169, 31.2485, 0
PixelHit 1392, 1170, 34.0588, 0
PixelHit 1392, 1171, 34.0517, 0
PixelHit 1392, 1172, 26.2902, 0
PixelHit 1392, 1173, 12.266, 0
PixelHit 1392, 1174, 5.75476, 0
PixelHit 1392, 1175, 2.36402, 0
PixelHit 1392, 1176, 3.76999, 0
PixelHit 1392, 1178, 1.77008, 0
PixelHit 1393, 1162, 3.61221, 0
PixelHit 1393, 1163, 11.4067, 0
PixelHit 1393, 1164, 28.3799, 0
PixelHit 1393, 1165, 66.2657, 0
PixelHit 1393, 1166, 55.8746, 0
PixelHit 1393, 1167, 43.2355, 0
PixelHit 1393, 1168, 42.8066, 0
PixelHit 1393, 1169, 29.1833, 0
PixelHit 1393, 1170, 26.6601, 0
PixelHit 1393, 1171, 15.3362, 0
PixelHit 1393, 1172, 5.33445, 0
PixelHit 1393, 1173, 2.58149, 0
PixelHit 1394, 1160, 2.13794, 0
PixelHit 1394, 1161, 3.80148, 0
PixelHit 1394, 1162, 8.11757, 0
PixelHit 1394, 1163, 14.3816, 0
PixelHit 1394, 1164, 33.4383, 0
PixelHit 1394, 1165, 52.5665, 0
PixelHit 1394, 1166, 48.6248, 0
PixelHit 1394, 1167, 23.9825, 0
PixelHit 1394, 1168, 23.474, 0
PixelHit 1394, 1169, 11.6487, 0
PixelHit 1394, 1170, 1.00274, 0
PixelHit 1394, 1171, 2.20083, 0
PixelHit 1394, 1173, 1.30958, 0
PixelHit 1395, 1162, 3.3458, 0
PixelHit 1395, 1163, 10.5852, 0
PixelHit 1395, 1164, 13.5348, 0
PixelHit 1395, 1165, 18.0909, 0
PixelHit 1395, 1166, 13.5861, 0
PixelHit 1395, 1167, 8.00733, 0
PixelHit 1395, 1168, 5.90125, 0
PixelHit 1395, 1170, 3.62305, 0
PixelHit 1396, 1162, 1.82357, 0
PixelHit 1396, 1163, 2.87746, 0
PixelHit 1396, 1164, 2.2403, 0
PixelHit 1396, 1165, 1.92053, 0
PixelHit 1396, 1166, 1.05486, 0
PixelHit 1396, 1167, 0.0622332, 0
PixelHit 1396, 1168, 2.1206, 0
PixelHit 1397, 1165, 3.74767, 0
PixelHit 1397, 1166, 1.90851, 0
=== 7 ===
=== 8 ===
=== 9 ===
=== 10 ===
=== 11 ===
=== 12 ===
=== 13 ===
=== 14 ===
=== 15 ===
=== 16 ===
=== 17 ===
=== 18 ===
=== 19 ===
=== 20 ===
=== 21 ===
=== 22 ===
=== 23 ===
=== 24 ===
=== 25 ===
=== 26 ===
=== 27 ===
=== 28 ===
=== 29 ===
=== 30 ===
=== 31 ===
=== 32 ===
=== 33 ===
=== 34 ===
=== 35 ===
=== 36 ===
=== 37 ===
=== 38 ===
=== 39 ===
=== 40 ===
=== 41 ===
=== 42 ===
=== 43 ===
=== 44 ===
=== 45 ===
=== 46 ===
=== 47 ===
=== 48 ===
=== 49 ===
=== 50 ===
--- mydetector ---
PixelHit 1199, 1378, 1.61075, 0
PixelHit 1200, 1374, 2.56185, 0
PixelHit 1200, 1375, 16.3064, 0
PixelHit 1200, 1376, 27.1688, 0
PixelHit 1200, 1377, 19.5814, 0
PixelHit 1200, 1378, 15.6706, 0
PixelHit 1200, 1379, 2.69546, 0
PixelHit 1201, 1370, 1.87253, 0
PixelHit 1201, 1371, 9.44313, 0
PixelHit 1201, 1372, 19.4359, 0
PixelHit 1201, 1373, 10.8415, 0
PixelHit 1201, 1374, 19.3504, 0
PixelHit 1201, 1375, 51.5198, 0
PixelHit 1201, 1376, 81.4537, 0
PixelHit 1201, 1377, 31.5638, 0
PixelHit 1201, 1378, 2.14587, 0
PixelHit 1202, 1366, 3.58692, 0
PixelHit 1202, 1369, 3.22142, 0
PixelHit 1202, 1370, 23.9806, 0
PixelHit 1202, 1371, 97.4315, 0
PixelHit 1202, 1372, 92.3924, 0
PixelHit 1202, 1373, 29.054, 0
PixelHit 1202, 1374, 25.2334, 0
PixelHit 1202, 1375, 14.5463, 0
PixelHit 1202, 1376, 13.0925, 0
PixelHit 1202, 1377, -0.710871, 0
PixelHit 1203, 1364, 6.54447, 0
PixelHit 1203, 1365, 9.34362, 0
PixelHit 1203, 1366, 22.9249, 0
PixelHit 1203, 1367, 17.5762, 0
PixelHit 1203, 1368, 6.91018, 0
PixelHit 1203, 1369, 12.4498, 0
PixelHit 1203, 1370, 35.578, 0
PixelHit 1203, 1371, 90.9493, 0
PixelHit 1203, 1372, 68.4056, 0
PixelHit 1203, 1373, 12.9593, 0
PixelHit 1203, 1374, 2.0297, 0
PixelHit 1203, 1375, 0.589434, 0
PixelHit 1204, 1358, 2.74285, 0
PixelHit 1204, 1360, 1.93792, 0
PixelHit 1204, 1361, 6.13504, 0
PixelHit 1204, 1362, 8.63482, 0
PixelHit 1204, 1363, 9.06002, 0
PixelHit 1204, 1364, 12.2297, 0
PixelHit 1204, 1365, 38.3394, 0
PixelHit 1204, 1366, 55.1881, 0
PixelHit 1204, 1367, 50.3754, 0
PixelHit 1204, 1368, 12.5398, 0
PixelHit 1204, 1369, 4.31297, 0
PixelHit 1204, 1370, 6.06009, 0
PixelHit 1204, 1371, 11.0043, 0
PixelHit 1204, 1372, 5.9494, 0
PixelHit 1204, 1373, 0.742034, 0
PixelHit 1205, 1356, 4.08604, 0
PixelHit 1205, 1357, 5.44978, 0
PixelHit 1205, 1358, 7.77276, 0
PixelHit 1205, 1359, 11.2642, 0
PixelHit 1205, 1360, 11.8478, 0
PixelHit 1205, 1361, 17.9958, 0
PixelHit 1205, 1362, 32.5332, 0
PixelHit 1205, 1363, 33.9964, 0
PixelHit 1205, 1364, 32.3167, 0
PixelHit 1205, 1365, 42.5565, 0
PixelHit 1205, 1366, 40.3398, 0
PixelHit 1205, 1367, 16.4027, 0
PixelHit 1205, 1368, 10.0856, 0
PixelHit 1206, 1354, 2.52803, 0
PixelHit 1206, 1355, 2.80189, 0
PixelHit 1206, 1356, 9.80493, 0
PixelHit 1206, 1357, 22.3952, 0
PixelHit 1206, 1358, 23.5094, 0
PixelHit 1206, 1359, 30.3556, 0
PixelHit 1206, 1360, 32.6044, 0
PixelHit 1206, 1361, 24.5117, 0
PixelHit 1206, 1362, 42.6382, 0
PixelHit 1206, 1363, 28.2411, 0
PixelHit 1206, 1364, 16.396, 0
PixelHit 1206, 1365, 10.7051, 0
PixelHit 1206, 1366, 5.39083, 0
PixelHit 1206, 1367, 2.66144, 0
PixelHit 1207, 1348, 1.65504, 0
PixelHit 1207, 1349, 1.99034, 0
PixelHit 1207, 1350, 5.13127, 0
PixelHit 1207, 1351, 2.38773, 0
PixelHit 1207, 1353, 3.35301, 0
PixelHit 1207, 1354, 5.48528, 0
PixelHit 1207, 1355, 13.8833, 0
PixelHit 1207, 1356, 19.4097, 0
PixelHit 1207, 1357, 36.3272, 0
PixelHit 1207, 1358, 49.7832, 0
PixelHit 1207, 1359, 40.3809, 0
PixelHit 1207, 1360, 14.8653, 0
PixelHit 1207, 1361, 16.0191, 0
PixelHit 1207, 1362, 14.9424, 0
PixelHit 1207, 1363, 4.48899, 0
PixelHit 1207, 1366, 0.934908, 0
PixelHit 1207, 1367, 2.3777, 0
PixelHit 1208, 1349, 3.98221, 0
PixelHit 1208, 1350, 3.38584, 0
PixelHit 1208, 1351, 15.7903, 0
PixelHit 1208, 1352, 18.4355, 0
PixelHit 1208, 1353, 5.80272, 0
PixelHit 1208, 1354, 7.65665, 0
PixelHit 1208, 1355, 21.6994, 0
PixelHit 1208, 1356, 28.5436, 0
PixelHit 1208, 1357, 39.0822, 0
PixelHit 1208, 1358, 22.1492, 0
PixelHit 1208, 1359, 14.7447, 0
PixelHit 1208, 1360, 8.5175, 0
PixelHit 1208, 1362, 4.97013, 0
PixelHit 1208, 1363, 1.95681, 0
PixelHit 1209, 1348, 4.69823, 0
PixelHit 1209, 1349, 12.175, 0
PixelHit 1209, 1350, 12.8095, 0
PixelHit 1209, 1351, 19.3712, 0
PixelHit 1209, 1352, 11.6539, 0
PixelHit 1209, 1353, 10.1316, 0
PixelHit 1209, 1354, 12.1986, 0
PixelHit 1209, 1355, 13.4135, 0
PixelHit 1209, 1356, 17.3784, 0
PixelHit 1209, 1357, 12.9658, 0
PixelHit 1209, 1358, 12.5015, 0
PixelHit 1209, 1359, 5.23066, 0
PixelHit 1209, 1361, 1.75104, 0
PixelHit 1210, 1348, 4.91758, 0
PixelHit 1210, 1349, 12.3818, 0
PixelHit 1210, 1350, 22.1405, 0
PixelHit 1210, 1351, 19.8333, 0
PixelHit 1210, 1352, 11.6956, 0
PixelHit 1210, 1353, 3.67144, 0
PixelHit 1210, 1354, 5.56407, 0
PixelHit 1210, 1355, 7.29857, 0
PixelHit 1210, 1356, 2.14804, 0
PixelHit 1210, 1358, 3.4559, 0
PixelHit 1211, 1347, 1.95929, 0
PixelHit 1211, 1349, 10.444, 0
PixelHit 1211, 1350, 6.4989, 0
PixelHit 1211, 1351, 9.24288, 0
PixelHit 1211, 1352, 4.78565, 0
PixelHit 1211, 1353, 5.81089, 0
PixelHit 1211, 1354, 1.26792, 0
PixelHit 1212, 1349, 3.71085, 0
PixelHit 1212, 1350, 5.76342, 0
PixelHit 1212, 1351, 3.53549, 0
PixelHit 1212, 1352, 2.49344, 0
PixelHit 1253, 1054, 1.54455, 0
PixelHit 1253, 1055, 5.35145, 0
PixelHit 1253, 1056, 19.3203, 0
PixelHit 1254, 1051, 4.56464, 0
PixelHit 1254, 1052, 41.6007, 0
PixelHit 1254, 1053, 79.2752, 0
PixelHit 1254, 1054, 72.348, 0
PixelHit 1254, 1055, 76.9803, 0
PixelHit 1254, 1056, 97.3578, 0
PixelHit 1255, 1045, 2.2224, 0
PixelHit 1255, 1048, 3.92224, 0
PixelHit 1255, 1049, 29.5105, 0
PixelHit 1255, 1050, 142.424, 0
PixelHit 1255, 1051, 83.5641, 0
PixelHit 1255, 1052, 222.428, 0
PixelHit 1255, 1053, 189.057, 0
PixelHit 1255, 1054, 58.0849, 0
PixelHit 1255, 1055, 5.18266, 0
PixelHit 1256, 1042, 0.631687, 0
PixelHit 1256, 1043, 11.2783, 0
PixelHit 1256, 1044, 28.7716, 0
PixelHit 1256, 1045, 23.6749, 0
PixelHit 1256, 1046, 13.37, 0
PixelHit 1256, 1048, 7.58979, 0
PixelHit 1256, 1049, 75.719, 0
PixelHit 1256, 1050, 206.465, 0
PixelHit 1256, 1051, 115.866, 0
PixelHit 1256, 1052, 31.8915, 0
PixelHit 1256, 1053, 24.1903, 0
PixelHit 1256, 1054, 1.57746, 0
PixelHit 1257, 1038, 2.23181, 0
PixelHit 1257, 1039, 3.14861, 0
PixelHit 1257, 1041, 0.348782, 0
PixelHit 1257, 1042, 17.0522, 0
PixelHit 1257, 1043, 62.1378, 0
PixelHit 1257, 1044, 177.824, 0
PixelHit 1257, 1045, 164.776, 0
PixelHit 1257, 1046, 43.9986, 0
PixelHit 1257, 1047, 12.6355, 0
PixelHit 1257, 1048, 7.63068, 0
PixelHit 1257, 1049, 23.1857, 0
PixelHit 1257, 1050, 33.6879, 0
PixelHit 1257, 1051, 13.1217, 0
PixelHit 1257, 1052, 1.41442, 0
PixelHit 1258, 1036, 2.11766, 0
PixelHit 1258, 1037, 2.08869, 0
PixelHit 1258, 1038, 5.17398, 0
PixelHit 1258, 1039, 8.54835, 0
PixelHit 1258, 1040, 11.8928, 0
PixelHit 1258, 1041, 10.5126, 0
PixelHit 1258, 1042, 39.8209, 0
PixelHit 1258, 1043, 109.659, 0
PixelHit 1258, 1044, 280.182, 0
PixelHit 1258, 1045, 231.845, 0
PixelHit 1258, 1046, 83.8566, 0
PixelHit 1258, 1047, 7.22897, 0
PixelHit 1258, 1048, 0.826117, 0
PixelHit 1258, 1052, 1.92822, 0
PixelHit 1259, 1031, 2.30234, 0
PixelHit 1259, 1034, 2.41133, 0
PixelHit 1259, 1035, 5.94049, 0
PixelHit 1259, 1036, 11.487, 0
PixelHit 1259, 1037, 12.4533, 0
PixelHit 1259, 1038, 20.7259, 0
PixelHit 1259, 1039, 27.8697, 0
PixelHit 1259, 1040, 32.9698, 0
PixelHit 1259, 1041, 35.2237, 0
PixelHit 1259, 1042, 34.5598, 0
PixelHit 1259, 1043, 69.3637, 0
PixelHit 1259, 1044, 115.897, 0
PixelHit 1259, 1045, 100.224, 0
PixelHit 1259, 1046, 28.8562, 0
PixelHit 1259, 1047, 3.56848, 0
PixelHit 1260, 1030, 1.70414, 0
PixelHit 1260, 1032, 9.29157, 0
PixelHit 1260, 1033, 6.80027, 0
PixelHit 1260, 1034, 16.3056, 0
PixelHit 1260, 1035, 22.0982, 0
PixelHit 1260, 1036, 23.6694, 0
PixelHit 1260, 1037, 27.2274, 0
PixelHit 1260, 1038, 29.9256, 0
PixelHit 1260, 1039, 43.2415, 0
PixelHit 1260, 1040, 48.874, 0
PixelHit 1260, 1041, 28.8902, 0
PixelHit 1260, 1042, 21.3109, 0
PixelHit 1260, 1043, 20.7631, 0
PixelHit 1260, 1044, 6.8502, 0
PixelHit 1260, 1045, 7.00746, 0
PixelHit 1260, 1046, 0.329139, 0
PixelHit 1261, 1027, 1.18556, 0
PixelHit 1261, 1029, 10.9021, 0
PixelHit 1261, 1030, 17.0799, 0
PixelHit 1261, 1031, 34.6206, 0
PixelHit 1261, 1032, 30.4533, 0
PixelHit 1261, 1033, 35.1409, 0
PixelHit 1261, 1034, 19.4374, 0
PixelHit 1261, 1035, 28.5629, 0
PixelHit 1261, 1036, 30.3413, 0
PixelHit 1261, 1037, 20.6007, 0
PixelHit 1261, 1038, 19.859, 0
PixelHit 1261, 1039, 17.9965, 0
PixelHit 1261, 1040, 15.3173, 0
PixelHit 1261, 1041, 8.56581, 0
PixelHit 1261, 1042, 4.64764, 0
PixelHit 1261, 1044, 2.68603, 0
PixelHit 1261, 1045, 3.31055, 0
PixelHit 1262, 1027, 2.6266, 0
PixelHit 1262, 1028, 6.22457, 0
PixelHit 1262, 1029, 22.9099, 0
PixelHit 1262, 1030, 55.7508, 0
PixelHit 1262, 1031, 68.726, 0
PixelHit 1262, 1032, 69.1101, 0
PixelHit 1262, 1033, 50.6497, 0
PixelHit 1262, 1034, 27.836, 0
PixelHit 1262, 1035, 21.3911, 0
PixelHit 1262, 1036, 20.7225, 0
PixelHit 1262, 1037, 9.74052, 0
PixelHit 1262, 1038, 10.6772, 0
PixelHit 1262, 1039, 5.49523, 0
PixelHit 1263, 1027, 6.3644, 0
PixelHit 1263, 1028, 11.7226, 0
PixelHit 1263, 1029, 36.2734, 0
PixelHit 1263, 1030, 78.3312, 0
PixelHit 1263, 1031, 103.225, 0
PixelHit 1263, 1032, 76.8971, 0
PixelHit 1263, 1033, 35.6642, 0
PixelHit 1263, 1034, 13.4039, 0
PixelHit 1263, 1035, 11.3365, 0
PixelHit 1263, 1036, 8.18667, 0
PixelHit 1263, 1037, 2.81951, 0
PixelHit 1263, 1040, 2.23609, 0
PixelHit 1264, 1027, 3.65749, 0
PixelHit 1264, 1028, 9.05692, 0
PixelHit 1264, 1029, 29.092, 0
PixelHit 1264, 1030, 59.6169, 0
PixelHit 1264, 1031, 60.4067, 0
PixelHit 1264, 1032, 36.698, 0
PixelHit 1264, 1033, 14.8138, 0
PixelHit 1264, 1034, 3.288, 0
PixelHit 1264, 1035, 0.901804, 0
PixelHit 1265, 1027, 2.07912, 0
PixelHit 1265, 1028, 4.74436, 0
PixelHit 1265, 1029, 13.5333, 0
PixelHit 1265, 1030, 30.2039, 0
PixelHit 1265, 1031, 21.0515, 0
PixelHit 1265, 1032, 9.4523, 0
PixelHit 1265, 1033, 3.36854, 0
PixelHit 1266, 1029, 6.15915, 0
PixelHit 1266, 1030, 2.89668, 0
PixelHit 1266, 1031, 3.97069, 0
PixelHit 1267, 1029, 1.00894, 0
PixelHit 1267, 1031, 1.78204, 0
=== 51 ===
=== 52 ===
--- mydetector ---
PixelHit 1279, 988, 1.13386, 0
PixelHit 1279, 991, 3.64099, 0
PixelHit 1279, 992, 1.27128, 0
PixelHit 1280, 986, 4.10886, 0
PixelHit 1280, 987, 3.90874, 0
PixelHit 1280, 988, 8.98086, 0
PixelHit 1280, 989, 28.8035, 0
PixelHit 1280, 990, 35.3862, 0
PixelHit 1280, 991, 48.1619, 0
PixelHit 1280, 992, 45.4879, 0
PixelHit 1281, 983, 5.60537, 0
PixelHit 1281, 984, 6.96997, 0
PixelHit 1281, 985, 12.9775, 0
PixelHit 1281, 986, 41.1775, 0
PixelHit 1281, 987, 58.7518, 0
PixelHit 1281, 988, 36.7886, 0
PixelHit 1281, 989, 56.9688, 0
PixelHit 1281, 990, 35.4629, 0
PixelHit 1281, 991, 13.426, 0
PixelHit 1282, 979, 2.5667, 0
PixelHit 1282, 981, 11.0384, 0
PixelHit 1282, 982, 47.0792, 0
PixelHit 1282, 983, 37.8801, 0
PixelHit 1282, 984, 38.1796, 0
PixelHit 1282, 985, 37.8438, 0
PixelHit 1282, 986, 105.46, 0
PixelHit 1282, 987, 77.9087, 0
PixelHit 1282, 988, 19.2296, 0
PixelHit 1282, 989, 4.52872, 0
PixelHit 1282, 990, 1.63612, 0
PixelHit 1283, 967, 0.757713, 0
PixelHit 1283, 971, 1.93297, 0
PixelHit 1283, 974, 1.78457, 0
PixelHit 1283, 975, 1.79506, 0
PixelHit 1283, 976, 4.19086, 0
PixelHit 1283, 977, 7.44779, 0
PixelHit 1283, 978, 4.80207, 0
PixelHit 1283, 979, 3.65373, 0
PixelHit 1283, 980, 24.6859, 0
PixelHit 1283, 981, 76.0855, 0
PixelHit 1283, 982, 169.719, 0
PixelHit 1283, 983, 114.913, 0
PixelHit 1283, 984, 29.7323, 0
PixelHit 1283, 985, 30.9644, 0
PixelHit 1283, 986, 23.3409, 0
PixelHit 1283, 987, 8.17601, 0
PixelHit 1283, 988, 1.32532, 0
PixelHit 1284, 969, 5.73502, 0
PixelHit 1284, 970, 12.8477, 0
PixelHit 1284, 971, 15.3327, 0
PixelHit 1284, 972, 7.68867, 0
PixelHit 1284, 973, 7.3962, 0
PixelHit 1284, 974, 9.99014, 0
PixelHit 1284, 975, 35.8381, 0
PixelHit 1284, 976, 80.943, 0
PixelHit 1284, 977, 58.6174, 0
PixelHit 1284, 978, 27.6674, 0
PixelHit 1284, 979, 14.9015, 0
PixelHit 1284, 980, 35.0911, 0
PixelHit 1284, 981, 94.3007, 0
PixelHit 1284, 982, 152.588, 0
PixelHit 1284, 983, 86.2474, 0
PixelHit 1284, 984, 7.38189, 0
PixelHit 1284, 985, 3.54268, 0
PixelHit 1284, 986, 4.77159, 0
PixelHit 1285, 968, 8.96897, 0
PixelHit 1285, 969, 45.7702, 0
PixelHit 1285, 970, 108.213, 0
PixelHit 1285, 971, 97.8897, 0
PixelHit 1285, 972, 45.3795, 0
PixelHit 1285, 973, 24.2553, 0
PixelHit 1285, 974, 40.2826, 0
PixelHit 1285, 975, 190.8, 0
PixelHit 1285, 976, 288.663, 0
PixelHit 1285, 977, 191.968, 0
PixelHit 1285, 978, 67.6828, 0
PixelHit 1285, 979, 29.9253, 0
PixelHit 1285, 980, 21.266, 0
PixelHit 1285, 981, 27.1236, 0
PixelHit 1285, 982, 21.171, 0
PixelHit 1285, 983, 13.3034, 0
PixelHit 1285, 984, 3.26144, 0
PixelHit 1286, 967, 1.84771, 0
PixelHit 1286, 968, 23.1007, 0
PixelHit 1286, 969, 138.488, 0
PixelHit 1286, 970, 274.249, 0
PixelHit 1286, 971, 312.057, 0
PixelHit 1286, 972, 168.669, 0
PixelHit 1286, 973, 86.3859, 0
PixelHit 1286, 974, 73.3741, 0
PixelHit 1286, 975, 235.435, 0
PixelHit 1286, 976, 370.026, 0
PixelHit 1286, 977, 251.939, 0
PixelHit 1286, 978, 75.9772, 0
PixelHit 1286, 979, 14.2373, 0
PixelHit 1286, 981, 2.93517, 0
PixelHit 1286, 982, 2.46687, 0
PixelHit 1287, 964, 4.11142, 0
PixelHit 1287, 965, 2.56794, 0
PixelHit 1287, 966, 4.11927, 0
PixelHit 1287, 967, 11.2741, 0
PixelHit 1287, 968, 35.8803, 0
PixelHit 1287, 969, 178.643, 0
PixelHit 1287, 970, 396.03, 0
PixelHit 1287, 971, 410.66, 0
PixelHit 1287, 972, 233.105, 0
PixelHit 1287, 973, 92.6177, 0
PixelHit 1287, 974, 50.4744, 0
PixelHit 1287, 975, 116.655, 0
PixelHit 1287, 976, 187.285, 0
PixelHit 1287, 977, 127.959, 0
PixelHit 1287, 978, 26.2746, 0
PixelHit 1287, 979, 4.41907, 0
PixelHit 1287, 980, -0.0515116, 0
PixelHit 1288, 964, 1.26496, 0
PixelHit 1288, 965, 4.23816, 0
PixelHit 1288, 966, 9.2568, 0
PixelHit 1288, 967, 18.5832, 0
PixelHit 1288, 968, 42.998, 0
PixelHit 1288, 969, 111.116, 0
PixelHit 1288, 970, 244.478, 0
PixelHit 1288, 971, 235.207, 0
PixelHit 1288, 972, 143.676, 0
PixelHit 1288, 973, 49.283, 0
PixelHit 1288, 974, 29.0109, 0
PixelHit 1288, 975, 29.5561, 0
PixelHit 1288, 976, 28.683, 0
PixelHit 1288, 977, 22.2079, 0
PixelHit 1288, 978, 9.2089, 0
PixelHit 1289, 964, 1.85406, 0
PixelHit 1289, 965, 7.87845, 0
PixelHit 1289, 966, 13.6444, 0
PixelHit 1289, 967, 20.0035, 0
PixelHit 1289, 968, 26.8578, 0
PixelHit 1289, 969, 57.4138, 0
PixelHit 1289, 970, 83.2494, 0
PixelHit 1289, 971, 91.1825, 0
PixelHit 1289, 972, 51.3115, 0
PixelHit 1289, 973, 14.7508, 0
PixelHit 1289, 974, 3.58821, 0
PixelHit 1289, 975, 2.54447, 0
PixelHit 1289, 976, 4.08376, 0
PixelHit 1289, 977, 1.72671, 0
PixelHit 1290, 963, 3.97975, 0
PixelHit 1290, 964, 4.48785, 0
PixelHit 1290, 965, 10.8126, 0
PixelHit 1290, 966, 10.9542, 0
PixelHit 1290, 967, 13.6849, 0
PixelHit 1290, 968, 14.1284, 0
PixelHit 1290, 969, 8.07076, 0
PixelHit 1290, 970, 12.6016, 0
PixelHit 1290, 971, 14.7865, 0
PixelHit 1290, 972, 4.46445, 0
PixelHit 1290, 973, 4.72778, 0
PixelHit 1290, 974, 2.87464, 0
PixelHit 1291, 965, 2.25062, 0
PixelHit 1291, 966, 2.70099, 0
PixelHit 1291, 967, 7.48297, 0
PixelHit 1291, 968, 5.14738, 0
PixelHit 1301, 953, 2.10795, 0
PixelHit 1301, 957, 3.98518, 0
PixelHit 1301, 958, 3.96977, 0
PixelHit 1301, 959, 18.377, 0
PixelHit 1301, 961, 11.8899, 0
PixelHit 1302, 954, 1.59869, 0
PixelHit 1302, 955, 1.11223, 0
PixelHit 1302, 956, 15.6196, 0
PixelHit 1302, 957, 45.4923, 0
PixelHit 1302, 958, 135.941, 0
PixelHit 1302, 959, 113.49, 0
PixelHit 1302, 960, 24.7308, 0
PixelHit 1303, 951, 4.25804, 0
PixelHit 1303, 952, 10.5395, 0
PixelHit 1303, 953, 9.27833, 0
PixelHit 1303, 954, 9.48822, 0
PixelHit 1303, 955, 15.5012, 0
PixelHit 1303, 956, 32.6906, 0
PixelHit 1303, 957, 57.3399, 0
PixelHit 1303, 958, 54.2089, 0
PixelHit 1303, 959, 17.5501, 0
PixelHit 1304, 944, 1.60776, 0
PixelHit 1304, 946, 1.68574, 0
PixelHit 1304, 947, 1.44265, 0
PixelHit 1304, 948, 8.75285, 0
PixelHit 1304, 949, 11.2502, 0
PixelHit 1304, 950, 9.82678, 0
PixelHit 1304, 951, 14.749, 0
PixelHit 1304, 952, 28.3804, 0
PixelHit 1304, 953, 7.21909, 0
PixelHit 1304, 954, 17.7489, 0
PixelHit 1304, 955, 12.2639, 0
PixelHit 1304, 956, 6.25782, 0
PixelHit 1304, 957, 4.65365, 0
PixelHit 1305, 945, 2.62092, 0
PixelHit 1305, 946, 9.49571, 0
PixelHit 1305, 947, 15.5197, 0
PixelHit 1305, 948, 29.6269, 0
PixelHit 1305, 949, 27.992, 0
PixelHit 1305, 950, 24.7349, 0
PixelHit 1305, 951, 25.8458, 0
PixelHit 1305, 952, 20.8038, 0
PixelHit 1305, 953, 8.9057, 0
PixelHit 1305, 954, 6.60017, 0
PixelHit 1305, 955, 1.17193, 0
PixelHit 1306, 939, 2.76228, 0
PixelHit 1306, 940, 1.53366, 0
PixelHit 1306, 943, 3.1063, 0
PixelHit 1306, 944, 5.14943, 0
PixelHit 1306, 945, 2.91953, 0
PixelHit 1306, 946, 19.7899, 0
PixelHit 1306, 947, 41.2111, 0
PixelHit 1306, 948, 47.3576, 0
PixelHit 1306, 949, 25.5604, 0
PixelHit 1306, 950, 11.1374, 0
PixelHit 1306, 951, 14.0835, 0
PixelHit 1306, 952, 2.50954, 0
PixelHit 1307, 935, 1.11627, 0
PixelHit 1307, 937, 2.40545, 0
PixelHit 1307, 938, 7.40593, 0
PixelHit 1307, 939, 8.67262, 0
PixelHit 1307, 940, 3.17744, 0
PixelHit 1307, 941, 2.62007, 0
PixelHit 1307, 942, 2.19865, 0
PixelHit 1307, 943, 3.42002, 0
PixelHit 1307, 944, 5.07919, 0
PixelHit 1307, 945, 4.78269, 0
PixelHit 1307, 946, 11.3598, 0
PixelHit 1307, 947, 17.9458, 0
PixelHit 1307, 948, 20.0103, 0
PixelHit 1307, 949, 19.5009, 0
PixelHit 1307, 950, 7.33792, 0
PixelHit 1307, 951, 1.08219, 0
PixelHit 1308, 935, 4.9915, 0
PixelHit 1308, 936, 9.62054, 0
PixelHit 1308, 937, 14.9252, 0
PixelHit 1308, 938, 22.9715, 0
PixelHit 1308, 939, 31.4461, 0
PixelHit 1308, 940, 25.9376, 0
PixelHit 1308, 941, 8.89857, 0
PixelHit 1308, 942, 7.99577, 0
PixelHit 1308, 943, 7.10866, 0
PixelHit 1308, 944, 4.33066, 0
PixelHit 1308, 945, 8.45398, 0
PixelHit 1308, 946, 5.33373, 0
PixelHit 1308, 947, 3.84872, 0
PixelHit 1308, 948, 2.4144, 0
PixelHit 1308, 949, 4.89954, 0
PixelHit 1309, 933, 1.14626, 0
PixelHit 1309, 934, 5.72387, 0
PixelHit 1309, 935, 8.57696, 0
PixelHit 1309, 936, 26.5365, 0
PixelHit 1309, 937, 43.4519, 0
PixelHit 1309, 938, 47.2119, 0
PixelHit 1309, 939, 51.494, 0
PixelHit 1309, 940, 40.5149, 0
PixelHit 1309, 941, 20.4786, 0
PixelHit 1309, 942, 9.80148, 0
PixelHit 1309, 943, 0.510263, 0
PixelHit 1309, 946, 0.91431, 0
PixelHit 1310, 934, 4.89976, 0
PixelHit 1310, 935, 24.2064, 0
PixelHit 1310, 936, 27.7072, 0
PixelHit 1310, 937, 54.6961, 0
PixelHit 1310, 938, 45.8302, 0
PixelHit 1310, 939, 34.9553, 0
PixelHit 1310, 940, 27.3494, 0
PixelHit 1310, 941, 9.97475, 0
PixelHit 1310, 942, 5.52476, 0
PixelHit 1310, 945, 0.136258, 0
PixelHit 1311, 934, 2.37324, 0
PixelHit 1311, 935, 15.8594, 0
PixelHit 1311, 936, 24.1001, 0
PixelHit 1311, 937, 27.4817, 0
PixelHit 1311, 938, 30.951, 0
PixelHit 1311, 939, 15.6921, 0
PixelHit 1311, 940, 10.3258, 0
PixelHit 1311, 941, 3.79979, 0
PixelHit 1311, 942, 2.41378, 0
PixelHit 1312, 934, 2.10551, 0
PixelHit 1312, 935, 7.06033, 0
PixelHit 1312, 936, 10.9632, 0
PixelHit 1312, 937, 12.8537, 0
PixelHit 1312, 938, 6.83754, 0
PixelHit 1312, 939, 5.44276, 0
PixelHit 1312, 940, 3.09367, 0
PixelHit 1313, 936, 2.01048, 0
=== 53 ===
=== 54 ===
=== 55 ===
=== 56 ===
=== 57 ===
=== 58 ===
=== 59 ===
=== 60 ===
=== 61 ===
=== 62 ===
=== 63 ===
=== 64 ===
=== 65 ===
=== 66 ===
=== 67 ===
=== 68 ===
=== 69 ===
=== 70 ===
=== 71 ===
=== 72 ===
=== 73 ===
=== 74 ===
=== 75 ===
=== 76 ===
=== 77 ===
=== 78 ===
=== 79 ===
=== 80 ===
=== 81 ===
=== 82 ===
=== 83 ===
=== 84 ===
=== 85 ===
=== 86 ===
=== 87 ===
=== 88 ===
=== 89 ===
=== 90 ===
=== 91 ===
=== 92 ===
=== 93 ===
=== 94 ===
=== 95 ===
=== 96 ===
=== 97 ===
=== 98 ===
=== 99 ===
=== 100 ===
# 868 objects from 3 messages
