# Allpix Squared ASCII data - https://cern.ch/allpix-squared

=== 1 ===
=== 2 ===
=== 3 ===
=== 4 ===
=== 5 ===
=== 6 ===
=== 7 ===
=== 8 ===
=== 9 ===
--- mydetector ---
PixelHit 1255, 1062, 3.18862, 0
PixelHit 1256, 1061, 6.66547, 0
PixelHit 1256, 1062, 57.2768, 0
PixelHit 1256, 1063, 11.7038, 0
PixelHit 1257, 1061, 52.4551, 0
PixelHit 1257, 1062, 123.457, 0
PixelHit 1257, 1063, 19.4708, 0
PixelHit 1258, 1060, 11.9093, 0
PixelHit 1258, 1061, 89.9557, 0
PixelHit 1258, 1062, 99.3358, 0
PixelHit 1258, 1063, 9.76652, 0
PixelHit 1259, 1060, 29.3654, 0
PixelHit 1259, 1061, 134.504, 0
PixelHit 1259, 1062, 64.9718, 0
PixelHit 1259, 1063, 4.54095, 0
PixelHit 1260, 1059, 11.6753, 0
PixelHit 1260, 1060, 60.0068, 0
PixelHit 1260, 1061, 80.7071, 0
PixelHit 1260, 1062, 30.6828, 0
PixelHit 1260, 1063, 2.13141, 0
PixelHit 1261, 1059, 20.0689, 0
PixelHit 1261, 1060, 68.9437, 0
PixelHit 1261, 1061, 47.5677, 0
PixelHit 1261, 1062, 13.1066, 0
PixelHit 1262, 1058, 4.38323, 0
PixelHit 1262, 1059, 21.5899, 0
PixelHit 1262, 1060, 37.4507, 0
PixelHit 1262, 1061, 26.2601, 0
PixelHit 1262, 1062, 2.75334, 0
PixelHit 1263, 1057, 3.75867, 0
PixelHit 1263, 1058, 15.9076, 0
PixelHit 1263, 1059, 52.0905, 0
PixelHit 1263, 1060, 43.0849, 0
PixelHit 1263, 1061, 8.76541, 0
PixelHit 1264, 1056, 3.45848, 0
PixelHit 1264, 1057, 11.7866, 0
PixelHit 1264, 1058, 50.6915, 0
PixelHit 1264, 1059, 64.0143, 0
PixelHit 1264, 1060, 50.2713, 0
PixelHit 1264, 1061, 11.308, 0
PixelHit 1264, 1062, 1.60009, 0
PixelHit 1265, 1056, 6.58426, 0
PixelHit 1265, 1057, 18.1669, 0
PixelHit 1265, 1058, 46.9104, 0
PixelHit 1265, 1059, 56.2749, 0
PixelHit 1265, 1060, 33.574, 0
PixelHit 1265, 1061, 7.16136, 0
PixelHit 1266, 1055, 2.89868, 0
PixelHit 1266, 1056, 6.57482, 0
PixelHit 1266, 1057, 28.6078, 0
PixelHit 1266, 1058, 49.1881, 0
PixelHit 1266, 1059, 53.2671, 0
PixelHit 1266, 1060, 14.1751, 0
PixelHit 1266, 1061, 4.29117, 0
PixelHit 1267, 1055, 6.20843, 0
PixelHit 1267, 1056, 11.5144, 0
PixelHit 1267, 1057, 32.0029, 0
PixelHit 1267, 1058, 33.0153, 0
PixelHit 1267, 1059, 38.855, 0
PixelHit 1267, 1060, 13.8195, 0
PixelHit 1267, 1061, 0.574086, 0
PixelHit 1268, 1055, 2.34849, 0
PixelHit 1268, 1056, 7.31753, 0
PixelHit 1268, 1057, 24.6752, 0
PixelHit 1268, 1058, 33.3449, 0
PixelHit 1268, 1059, 22.905, 0
PixelHit 1268, 1060, 3.50404, 0
PixelHit 1269, 1056, 5.46815, 0
PixelHit 1269, 1057, 20.7608, 0
PixelHit 1269, 1058, 15.3687, 0
PixelHit 1269, 1059, 10.0456, 0
PixelHit 1270, 1056, 3.81083, 0
PixelHit 1270, 1057, 2.42056, 0
PixelHit 1270, 1058, 2.84882, 0
PixelHit 1270, 1059, 1.97643, 0
PixelHit 1271, 1057, 3.63148, 0
PixelHit 1271, 1058, 1.03073, 0
PixelHit 1271, 1059, 2.06026, 0
PixelHit 1292, 938, 4.09273, 0
PixelHit 1292, 939, 53.9748, 0
PixelHit 1292, 940, 2.5213, 0
PixelHit 1293, 938, 34.1753, 0
PixelHit 1293, 939, 118.486, 0
PixelHit 1293, 940, 4.41614, 0
PixelHit 1294, 937, 0.578418, 0
PixelHit 1294, 938, 67.7081, 0
PixelHit 1294, 939, 159.935, 0
PixelHit 1294, 940, 8.98535, 0
PixelHit 1295, 937, 8.19547, 0
PixelHit 1295, 938, 28.7608, 0
PixelHit 1295, 939, 28.2966, 0
PixelHit 1296, 936, 13.0093, 0
PixelHit 1296, 937, 33.6814, 0
PixelHit 1296, 938, 51.1375, 0
PixelHit 1296, 939, 15.9311, 0
PixelHit 1297, 935, 1.71113, 0
PixelHit 1297, 936, 35.0658, 0
PixelHit 1297, 937, 106.801, 0
PixelHit 1297, 938, 102.087, 0
PixelHit 1297, 939, 25.924, 0
PixelHit 1298, 935, 2.83899, 0
PixelHit 1298, 936, 36.262, 0
PixelHit 1298, 937, 123.666, 0
PixelHit 1298, 938, 110.631, 0
PixelHit 1298, 939, 29.3631, 0
PixelHit 1299, 935, 2.45928, 0
PixelHit 1299, 936, 21.5505, 0
PixelHit 1299, 937, 59.2125, 0
PixelHit 1299, 938, 47.933, 0
PixelHit 1299, 939, 9.20927, 0
PixelHit 1300, 935, 6.90136, 0
PixelHit 1300, 936, 15.9669, 0
PixelHit 1300, 937, 12.8868, 0
PixelHit 1300, 938, 7.71901, 0
PixelHit 1300, 939, 1.44034, 0
PixelHit 1301, 933, 1.75963, 0
PixelHit 1301, 934, 8.50135, 0
PixelHit 1301, 935, 21.0876, 0
PixelHit 1301, 936, 20.0924, 0
PixelHit 1301, 937, 17.0408, 0
PixelHit 1301, 938, 7.95173, 0
PixelHit 1302, 933, 2.69328, 0
PixelHit 1302, 934, 9.70669, 0
PixelHit 1302, 935, 38.0531, 0
PixelHit 1302, 936, 43.9427, 0
PixelHit 1302, 937, 24.1243, 0
PixelHit 1302, 938, 6.46149, 0
PixelHit 1303, 933, 7.28576, 0
PixelHit 1303, 934, 13.1834, 0
PixelHit 1303, 935, 29.0537, 0
PixelHit 1303, 936, 49.4533, 0
PixelHit 1303, 937, 23.3131, 0
PixelHit 1303, 938, 3.85408, 0
PixelHit 1304, 932, 2.57837, 0
PixelHit 1304, 934, 6.94024, 0
PixelHit 1304, 935, 22.8602, 0
PixelHit 1304, 936, 20.2816, 0
PixelHit 1304, 937, 10.6526, 0
PixelHit 1304, 938, 1.93498, 0
PixelHit 1304, 939, 1.54454, 0
PixelHit 1305, 933, 4.58401, 0
PixelHit 1305, 934, 7.98598, 0
PixelHit 1305, 935, 10.3124, 0
PixelHit 1305, 936, 3.97477, 0
PixelHit 1305, 937, 5.19215, 0
PixelHit 1306, 933, 1.32818, 0
PixelHit 1306, 934, 1.71134, 0
PixelHit 1306, 935, 4.9907, 0
PixelHit 1306, 937, 1.09729, 0
=== 10 ===
=== 11 ===
=== 12 ===
=== 13 ===
=== 14 ===
=== 15 ===
=== 16 ===
=== 17 ===
=== 18 ===
=== 19 ===
=== 20 ===
=== 21 ===
=== 22 ===
=== 23 ===
=== 24 ===
=== 25 ===
=== 26 ===
=== 27 ===
=== 28 ===
=== 29 ===
=== 30 ===
=== 31 ===
=== 32 ===
=== 33 ===
--- mydetector ---
PixelHit 1280, 972, 0.800006, 0
PixelHit 1280, 973, 11.0944, 0
PixelHit 1281, 971, 1.50213, 0
PixelHit 1281, 972, 20.5748, 0
PixelHit 1281, 973, 206.1, 0
PixelHit 1281, 974, 5.1606, 0
PixelHit 1282, 971, 1.60289, 0
PixelHit 1282, 972, 27.4082, 0
PixelHit 1282, 973, 38.6986, 0
PixelHit 1283, 971, 6.9261, 0
PixelHit 1283, 972, 47.1164, 0
PixelHit 1283, 973, 17.2427, 0
PixelHit 1284, 969, 0.631416, 0
PixelHit 1284, 971, 11.6474, 0
PixelHit 1284, 972, 21.2544, 0
PixelHit 1284, 973, 7.61591, 0
PixelHit 1285, 970, 5.49635, 0
PixelHit 1285, 971, 35.9407, 0
PixelHit 1285, 972, 36.9678, 0
PixelHit 1285, 973, 5.55084, 0
PixelHit 1286, 970, 24.8036, 0
PixelHit 1286, 971, 28.7458, 0
PixelHit 1286, 972, 27.4043, 0
PixelHit 1286, 973, 4.2799, 0
PixelHit 1287, 969, 12.9948, 0
PixelHit 1287, 970, 30.632, 0
PixelHit 1287, 971, 38.6819, 0
PixelHit 1287, 972, 15.1546, 0
PixelHit 1288, 968, 9.42967, 0
PixelHit 1288, 969, 26.285, 0
PixelHit 1288, 970, 63.5962, 0
PixelHit 1288, 971, 57.7536, 0
PixelHit 1288, 972, 16.7495, 0
PixelHit 1288, 973, 4.49721, 0
PixelHit 1289, 968, 7.46817, 0
PixelHit 1289, 969, 32.4537, 0
PixelHit 1289, 970, 48.4684, 0
PixelHit 1289, 971, 36.7181, 0
PixelHit 1289, 972, 7.57284, 0
PixelHit 1290, 967, 5.43257, 0
PixelHit 1290, 968, 28.1199, 0
PixelHit 1290, 969, 43.7959, 0
PixelHit 1290, 970, 38.871, 0
PixelHit 1290, 971, 37.2659, 0
PixelHit 1290, 972, 10.0471, 0
PixelHit 1291, 966, 1.72771, 0
PixelHit 1291, 967, 12.3467, 0
PixelHit 1291, 968, 35.2778, 0
PixelHit 1291, 969, 70.1759, 0
PixelHit 1291, 970, 60.7346, 0
PixelHit 1291, 971, 20.665, 0
PixelHit 1291, 972, 6.48007, 0
PixelHit 1291, 973, 1.09977, 0
PixelHit 1292, 966, 2.61574, 0
PixelHit 1292, 967, 11.9793, 0
PixelHit 1292, 968, 47.3922, 0
PixelHit 1292, 969, 67.3699, 0
PixelHit 1292, 970, 44.8777, 0
PixelHit 1292, 971, 17.3034, 0
PixelHit 1292, 972, 5.35021, 0
PixelHit 1293, 965, 0.567824, 0
PixelHit 1293, 967, 12.1854, 0
PixelHit 1293, 968, 21.9314, 0
PixelHit 1293, 969, 40.1651, 0
PixelHit 1293, 970, 24.4114, 0
PixelHit 1293, 971, 3.95949, 0
PixelHit 1294, 967, 1.66186, 0
PixelHit 1294, 968, 8.52528, 0
PixelHit 1294, 969, 10.6446, 0
PixelHit 1294, 970, 3.9648, 0
PixelHit 1294, 971, 4.45599, 0
PixelHit 1295, 967, 2.48687, 0
PixelHit 1295, 969, 5.95222, 0
PixelHit 1296, 968, 1.46069, 0
PixelHit 1297, 967, 17.277, 0
PixelHit 1297, 968, 97.9244, 0
PixelHit 1298, 966, 3.97343, 0
PixelHit 1298, 967, 60.3039, 0
PixelHit 1298, 968, 100.994, 0
PixelHit 1298, 969, 1.67792, 0
PixelHit 1299, 966, 23.2351, 0
PixelHit 1299, 967, 117.039, 0
PixelHit 1299, 968, 56.6025, 0
PixelHit 1299, 969, 6.03919, 0
PixelHit 1300, 965, 3.53695, 0
PixelHit 1300, 966, 25.4549, 0
PixelHit 1300, 967, 81.787, 0
PixelHit 1300, 968, 26.4109, 0
PixelHit 1300, 969, 2.13731, 0
PixelHit 1301, 964, 1.66114, 0
PixelHit 1301, 965, 20.7826, 0
PixelHit 1301, 966, 28.4464, 0
PixelHit 1301, 967, 42.9242, 0
PixelHit 1301, 968, 4.49795, 0
PixelHit 1302, 964, 13.9888, 0
PixelHit 1302, 965, 45.987, 0
PixelHit 1302, 966, 94.0424, 0
PixelHit 1302, 967, 46.8281, 0
PixelHit 1302, 968, 9.11488, 0
PixelHit 1303, 963, 1.99307, 0
PixelHit 1303, 964, 7.05841, 0
PixelHit 1303, 965, 82.9764, 0
PixelHit 1303, 966, 110.309, 0
PixelHit 1303, 967, 54.8753, 0
PixelHit 1303, 968, 9.93542, 0
PixelHit 1304, 963, 2.63408, 0
PixelHit 1304, 964, 23.5375, 0
PixelHit 1304, 965, 77.6563, 0
PixelHit 1304, 966, 83.9829, 0
PixelHit 1304, 967, 34.823, 0
PixelHit 1304, 968, 2.9522, 0
PixelHit 1305, 962, 1.05417, 0
PixelHit 1305, 963, 7.78854, 0
PixelHit 1305, 964, 18.7004, 0
PixelHit 1305, 965, 58.0579, 0
PixelHit 1305, 966, 25.5604, 0
PixelHit 1305, 967, 12.9622, 0
PixelHit 1305, 968, 3.47249, 0
PixelHit 1306, 962, 2.29908, 0
PixelHit 1306, 963, 10.1443, 0
PixelHit 1306, 964, 11.6181, 0
PixelHit 1306, 965, 20.9279, 0
PixelHit 1306, 966, 8.81057, 0
PixelHit 1306, 967, 7.01852, 0
PixelHit 1307, 961, 1.40212, 0
PixelHit 1307, 962, 4.54837, 0
PixelHit 1307, 963, 16.4496, 0
PixelHit 1307, 964, 24.8623, 0
PixelHit 1307, 965, 19.7458, 0
PixelHit 1307, 966, 11.2505, 0
PixelHit 1307, 967, 4.21959, 0
PixelHit 1307, 968, 1.90827, 0
PixelHit 1308, 960, 1.57868, 0
PixelHit 1308, 961, 3.1094, 0
PixelHit 1308, 962, 5.3849, 0
PixelHit 1308, 963, 20.9654, 0
PixelHit 1308, 964, 29.3792, 0
PixelHit 1308, 965, 20.0608, 0
PixelHit 1308, 966, 9.01085, 0
PixelHit 1309, 961, 1.39185, 0
PixelHit 1309, 962, 9.99505, 0
PixelHit 1309, 963, 11.5483, 0
PixelHit 1309, 964, 13.8011, 0
PixelHit 1309, 965, 13.4816, 0
PixelHit 1309, 966, 7.39805, 0
PixelHit 1310, 962, 2.50841, 0
PixelHit 1310, 963, 5.30811, 0
PixelHit 1310, 964, 8.42423, 0
PixelHit 1310, 965, 2.19832, 0
PixelHit 1311, 962, 0.667199, 0
PixelHit 1311, 965, 1.60861, 0
=== 34 ===
=== 35 ===
=== 36 ===
=== 37 ===
=== 38 ===
=== 39 ===
=== 40 ===
=== 41 ===
=== 42 ===
=== 43 ===
=== 44 ===
=== 45 ===
=== 46 ===
--- mydetector ---
PixelHit 1270, 973, 2.14102, 0
PixelHit 1271, 971, 12.1776, 0
PixelHit 1271, 972, 74.0664, 0
PixelHit 1271, 973, 7.6741, 0
PixelHit 1272, 970, 3.65053, 0
PixelHit 1272, 971, 75.1546, 0
PixelHit 1272, 972, 107.697, 0
PixelHit 1272, 973, 5.09169, 0
PixelHit 1273, 970, 6.72579, 0
PixelHit 1273, 971, 72.8245, 0
PixelHit 1273, 972, 70.7505, 0
PixelHit 1273, 973, 5.00853, 0
PixelHit 1274, 970, 4.08698, 0
PixelHit 1274, 971, 21.7464, 0
PixelHit 1274, 972, 16.4469, 0
PixelHit 1274, 973, 1.51172, 0
PixelHit 1275, 968, 2.97296, 0
PixelHit 1275, 969, 2.93258, 0
PixelHit 1275, 970, 23.5992, 0
PixelHit 1275, 971, 23.2807, 0
PixelHit 1275, 972, 2.67301, 0
PixelHit 1276, 968, 1.8391, 0
PixelHit 1276, 969, 4.99464, 0
PixelHit 1276, 970, 29.1281, 0
PixelHit 1276, 971, 25.1325, 0
PixelHit 1276, 972, 8.06669, 0
PixelHit 1277, 968, 3.7889, 0
PixelHit 1277, 969, 26.5339, 0
PixelHit 1277, 970, 33.7685, 0
PixelHit 1277, 971, 20.1473, 0
PixelHit 1277, 972, 3.55415, 0
PixelHit 1278, 966, 1.9422, 0
PixelHit 1278, 967, 2.14565, 0
PixelHit 1278, 968, 13.4474, 0
PixelHit 1278, 969, 36.6042, 0
PixelHit 1278, 970, 30.7647, 0
PixelHit 1278, 971, 9.52595, 0
PixelHit 1278, 972, 4.96367, 0
PixelHit 1278, 973, 1.62965, 0
PixelHit 1279, 967, 3.88041, 0
PixelHit 1279, 968, 19.5938, 0
PixelHit 1279, 969, 48.2567, 0
PixelHit 1279, 970, 20.3234, 0
PixelHit 1279, 971, 11.8489, 0
PixelHit 1280, 966, 2.7031, 0
PixelHit 1280, 967, 16.0596, 0
PixelHit 1280, 968, 43.1508, 0
PixelHit 1280, 969, 55.7145, 0
PixelHit 1280, 970, 42.5487, 0
PixelHit 1280, 971, 11.2749, 0
PixelHit 1280, 973, 2.10719, 0
PixelHit 1280, 976, 9.07923, 0
PixelHit 1281, 965, 2.67526, 0
PixelHit 1281, 966, 7.09442, 0
PixelHit 1281, 967, 27.9576, 0
PixelHit 1281, 968, 57.5315, 0
PixelHit 1281, 969, 68.8414, 0
PixelHit 1281, 970, 32.7021, 0
PixelHit 1281, 971, 9.79898, 0
PixelHit 1281, 972, 1.73384, 0
PixelHit 1281, 975, 16.4872, 0
PixelHit 1281, 976, 20.5983, 0
PixelHit 1282, 966, 11.5609, 0
PixelHit 1282, 967, 31.9957, 0
PixelHit 1282, 968, 59.3798, 0
PixelHit 1282, 969, 48.8313, 0
PixelHit 1282, 970, 23.5342, 0
PixelHit 1282, 971, 7.78148, 0
PixelHit 1282, 972, 2.65021, 0
PixelHit 1282, 974, 9.13129, 0
PixelHit 1282, 975, 36.136, 0
PixelHit 1282, 976, 6.97968, 0
PixelHit 1283, 966, 4.75365, 0
PixelHit 1283, 967, 23.4972, 0
PixelHit 1283, 968, 34.3633, 0
PixelHit 1283, 969, 24.2254, 0
PixelHit 1283, 970, 14.6976, 0
PixelHit 1283, 971, 1.08732, 0
PixelHit 1283, 973, 5.71422, 0
PixelHit 1283, 974, 51.6089, 0
PixelHit 1283, 975, 75.0549, 0
PixelHit 1283, 976, 9.59179, 0
PixelHit 1284, 967, 4.2818, 0
PixelHit 1284, 968, 11.3699, 0
PixelHit 1284, 969, 4.01874, 0
PixelHit 1284, 970, 2.67188, 0
PixelHit 1284, 972, 2.56649, 0
PixelHit 1284, 973, 13.7023, 0
PixelHit 1284, 974, 57.0891, 0
PixelHit 1284, 975, 58.4331, 0
PixelHit 1284, 976, 5.90342, 0
PixelHit 1285, 969, 2.63786, 0
PixelHit 1285, 971, 2.93524, 0
PixelHit 1285, 972, 6.72633, 0
PixelHit 1285, 973, 60.8022, 0
PixelHit 1285, 974, 88.5785, 0
PixelHit 1285, 975, 23.6354, 0
PixelHit 1285, 976, 4.45069, 0
PixelHit 1286, 971, 5.11379, 0
PixelHit 1286, 972, 22.4983, 0
PixelHit 1286, 973, 91.1358, 0
PixelHit 1286, 974, 112.508, 0
PixelHit 1286, 975, 36.507, 0
PixelHit 1286, 976, 6.24976, 0
PixelHit 1287, 970, 2.32587, 0
PixelHit 1287, 971, 7.23349, 0
PixelHit 1287, 972, 44.4825, 0
PixelHit 1287, 973, 117.619, 0
PixelHit 1287, 974, 76.1206, 0
PixelHit 1287, 975, 40.9091, 0
PixelHit 1287, 976, 2.08135, 0
PixelHit 1288, 969, 1.79705, 0
PixelHit 1288, 971, 15.9912, 0
PixelHit 1288, 972, 67.2003, 0
PixelHit 1288, 973, 89.6866, 0
PixelHit 1288, 974, 66.5804, 0
PixelHit 1288, 975, 21.2405, 0
PixelHit 1288, 976, 0.722322, 0
PixelHit 1289, 969, 3.30416, 0
PixelHit 1289, 970, 9.00137, 0
PixelHit 1289, 971, 23.6967, 0
PixelHit 1289, 972, 73.0229, 0
PixelHit 1289, 973, 75.015, 0
PixelHit 1289, 974, 41.8027, 0
PixelHit 1289, 975, 2.11127, 0
PixelHit 1289, 976, 4.36828, 0
PixelHit 1290, 969, 2.19281, 0
PixelHit 1290, 970, 11.5113, 0
PixelHit 1290, 971, 52.2508, 0
PixelHit 1290, 972, 73.6929, 0
PixelHit 1290, 973, 69.0247, 0
PixelHit 1290, 974, 32.9135, 0
PixelHit 1290, 975, 3.3132, 0
PixelHit 1291, 970, 17.6536, 0
PixelHit 1291, 971, 51.5853, 0
PixelHit 1291, 972, 58.7507, 0
PixelHit 1291, 973, 68.3539, 0
PixelHit 1291, 974, 18.2853, 0
PixelHit 1291, 975, 2.64905, 0
PixelHit 1292, 970, 24.3355, 0
PixelHit 1292, 971, 36.8672, 0
PixelHit 1292, 972, 47.0157, 0
PixelHit 1292, 973, 34.7691, 0
PixelHit 1292, 974, 8.52655, 0
PixelHit 1293, 970, 13.3581, 0
PixelHit 1293, 971, 28.3301, 0
PixelHit 1293, 972, 33.4173, 0
PixelHit 1293, 973, 10.2649, 0
PixelHit 1293, 974, 2.90773, 0
PixelHit 1294, 969, 3.57409, 0
PixelHit 1294, 970, 5.10098, 0
PixelHit 1294, 971, 1.50843, 0
PixelHit 1294, 972, 13.0886, 0
PixelHit 1295, 969, 3.02612, 0
PixelHit 1295, 973, 2.11818, 0
=== 47 ===
=== 48 ===
=== 49 ===
=== 50 ===
=== 51 ===
=== 52 ===
=== 53 ===
=== 54 ===
=== 55 ===
=== 56 ===
=== 57 ===
=== 58 ===
=== 59 ===
=== 60 ===
=== 61 ===
=== 62 ===
=== 63 ===
=== 64 ===
=== 65 ===
=== 66 ===
=== 67 ===
=== 68 ===
=== 69 ===
=== 70 ===
=== 71 ===
=== 72 ===
=== 73 ===
=== 74 ===
=== 75 ===
=== 76 ===
=== 77 ===
=== 78 ===
=== 79 ===
=== 80 ===
=== 81 ===
=== 82 ===
=== 83 ===
=== 84 ===
=== 85 ===
=== 86 ===
=== 87 ===
=== 88 ===
=== 89 ===
=== 90 ===
=== 91 ===
=== 92 ===
=== 93 ===
=== 94 ===
=== 95 ===
=== 96 ===
=== 97 ===
=== 98 ===
=== 99 ===
=== 100 ===
# 455 objects from 3 messages
