# Allpix Squared ASCII data - https://cern.ch/allpix-squared

=== 1 ===
=== 2 ===
=== 3 ===
=== 4 ===
=== 5 ===
=== 6 ===
=== 7 ===
=== 8 ===
=== 9 ===
=== 10 ===
=== 11 ===
=== 12 ===
=== 13 ===
=== 14 ===
=== 15 ===
=== 16 ===
=== 17 ===
=== 18 ===
=== 19 ===
=== 20 ===
=== 21 ===
=== 22 ===
=== 23 ===
=== 24 ===
=== 25 ===
=== 26 ===
=== 27 ===
=== 28 ===
=== 29 ===
=== 30 ===
=== 31 ===
=== 32 ===
=== 33 ===
=== 34 ===
=== 35 ===
=== 36 ===
=== 37 ===
=== 38 ===
=== 39 ===
=== 40 ===
=== 41 ===
=== 42 ===
=== 43 ===
=== 44 ===
=== 45 ===
=== 46 ===
=== 47 ===
=== 48 ===
=== 49 ===
=== 50 ===
=== 51 ===
=== 52 ===
=== 53 ===
=== 54 ===
=== 55 ===
=== 56 ===
=== 57 ===
=== 58 ===
--- mydetector ---
PixelHit 297, 1083, 2.25097, 0
PixelHit 298, 1081, 1.92367, 0
PixelHit 298, 1082, 2.07545, 0
PixelHit 299, 1078, 2.7696, 0
PixelHit 299, 1080, 6.71659, 0
PixelHit 299, 1081, 5.88732, 0
PixelHit 299, 1082, 9.49282, 0
PixelHit 300, 1077, 2.0017, 0
PixelHit 300, 1079, 4.72346, 0
PixelHit 300, 1080, 5.64815, 0
PixelHit 300, 1081, 6.53788, 0
PixelHit 300, 1082, 16.8885, 0
PixelHit 300, 1083, 6.37537, 0
PixelHit 301, 1078, 4.30703, 0
PixelHit 301, 1079, 12.4431, 0
PixelHit 301, 1080, 14.1374, 0
PixelHit 301, 1081, 15.2035, 0
PixelHit 301, 1082, 12.8312, 0
PixelHit 301, 1083, 7.04108, 0
PixelHit 301, 1084, 4.97844, 0
PixelHit 302, 1076, 2.47978, 0
PixelHit 302, 1077, 3.10921, 0
PixelHit 302, 1078, 4.78439, 0
PixelHit 302, 1079, 10.4342, 0
PixelHit 302, 1080, 13.8414, 0
PixelHit 302, 1081, 10.5908, 0
PixelHit 302, 1082, 6.43236, 0
PixelHit 302, 1083, 1.96506, 0
PixelHit 303, 1075, 3.54739, 0
PixelHit 303, 1076, 8.64525, 0
PixelHit 303, 1077, 9.81447, 0
PixelHit 303, 1078, 11.7949, 0
PixelHit 303, 1079, 17.4823, 0
PixelHit 303, 1080, 6.42942, 0
PixelHit 303, 1081, 5.88382, 0
PixelHit 304, 1074, 2.44217, 0
PixelHit 304, 1075, 5.84045, 0
PixelHit 304, 1076, 14.9697, 0
PixelHit 304, 1077, 22.0797, 0
PixelHit 304, 1078, 17.6344, 0
PixelHit 304, 1079, 5.5515, 0
PixelHit 304, 1080, 2.01573, 0
PixelHit 304, 1081, 2.00579, 0
PixelHit 304, 1082, 2.81817, 0
PixelHit 304, 1083, 1.61003, 0
PixelHit 305, 1074, 6.07967, 0
PixelHit 305, 1075, 3.40163, 0
PixelHit 305, 1076, 10.4391, 0
PixelHit 305, 1077, 15.5508, 0
PixelHit 305, 1078, 14.9441, 0
PixelHit 305, 1079, 2.72985, 0
PixelHit 305, 1080, 1.20341, 0
PixelHit 306, 1072, -0.613839, 0
PixelHit 306, 1073, 6.08421, 0
PixelHit 306, 1074, 15.2023, 0
PixelHit 306, 1075, 8.4705, 0
PixelHit 306, 1076, 13.5623, 0
PixelHit 306, 1077, 8.39137, 0
PixelHit 306, 1079, 1.69686, 0
PixelHit 306, 1080, 1.85177, 0
PixelHit 307, 1070, 1.80952, 0
PixelHit 307, 1072, 4.28141, 0
PixelHit 307, 1073, 11.8574, 0
PixelHit 307, 1074, 14.9788, 0
PixelHit 307, 1075, 15.8576, 0
PixelHit 307, 1076, 12.8724, 0
PixelHit 307, 1077, 2.63021, 0
PixelHit 307, 1078, 1.7304, 0
PixelHit 308, 1070, 2.39035, 0
PixelHit 308, 1071, 3.48304, 0
PixelHit 308, 1072, 13.481, 0
PixelHit 308, 1073, 18.4486, 0
PixelHit 308, 1074, 33.703, 0
PixelHit 308, 1075, 16.4402, 0
PixelHit 308, 1076, 2.64656, 0
PixelHit 308, 1077, 2.84095, 0
PixelHit 309, 1069, 2.02211, 0
PixelHit 309, 1070, 4.26944, 0
PixelHit 309, 1071, 18.3634, 0
PixelHit 309, 1072, 20.9112, 0
PixelHit 309, 1073, 19.3661, 0
PixelHit 309, 1074, 14.5694, 0
PixelHit 309, 1075, 2.66749, 0
PixelHit 310, 1069, 4.44843, 0
PixelHit 310, 1070, 13.5906, 0
PixelHit 310, 1071, 20.8813, 0
PixelHit 310, 1072, 13.5596, 0
PixelHit 310, 1073, 12.268, 0
PixelHit 310, 1074, 3.09884, 0
PixelHit 310, 1075, 2.87953, 0
PixelHit 311, 1069, 10.8337, 0
PixelHit 311, 1070, 26.2424, 0
PixelHit 311, 1071, 29.0057, 0
PixelHit 311, 1072, 5.51536, 0
PixelHit 311, 1073, 6.02846, 0
PixelHit 311, 1074, 4.92324, 0
PixelHit 311, 1075, 2.75998, 0
PixelHit 312, 1067, 3.41666, 0
PixelHit 312, 1068, 17.3439, 0
PixelHit 312, 1069, 34.7016, 0
PixelHit 312, 1070, 16.058, 0
PixelHit 312, 1071, 14.6151, 0
PixelHit 312, 1073, 2.21199, 0
PixelHit 313, 1066, 4.5082, 0
PixelHit 313, 1067, 12.3606, 0
PixelHit 313, 1068, 51.0421, 0
PixelHit 313, 1069, 41.3538, 0
PixelHit 313, 1070, 19.1262, 0
PixelHit 313, 1071, 4.71784, 0
PixelHit 313, 1072, 1.4467, 0
PixelHit 314, 1065, 5.55665, 0
PixelHit 314, 1066, 10.1942, 0
PixelHit 314, 1067, 22.354, 0
PixelHit 314, 1068, 47.7702, 0
PixelHit 314, 1069, 38.7369, 0
PixelHit 314, 1070, 16.8195, 0
PixelHit 314, 1071, 1.54094, 0
PixelHit 315, 1065, 8.12661, 0
PixelHit 315, 1066, 18.2507, 0
PixelHit 315, 1067, 28.5736, 0
PixelHit 315, 1068, 34.4055, 0
PixelHit 315, 1069, 16.5786, 0
PixelHit 315, 1070, 4.25436, 0
PixelHit 316, 1063, 1.32163, 0
PixelHit 316, 1064, 5.82997, 0
PixelHit 316, 1065, 10.4686, 0
PixelHit 316, 1066, 39.073, 0
PixelHit 316, 1067, 22.4917, 0
PixelHit 316, 1068, 10.5067, 0
PixelHit 316, 1069, 3.79163, 0
PixelHit 317, 1063, 2.20067, 0
PixelHit 317, 1064, 3.49211, 0
PixelHit 317, 1065, 20.1697, 0
PixelHit 317, 1066, 14.8182, 0
PixelHit 317, 1067, 8.18244, 0
PixelHit 317, 1068, 3.01786, 0
PixelHit 318, 1063, 9.92235, 0
PixelHit 318, 1064, 19.9876, 0
PixelHit 318, 1065, 13.894, 0
PixelHit 318, 1066, 7.71654, 0
PixelHit 318, 1067, 6.01743, 0
PixelHit 319, 1061, 1.60581, 0
PixelHit 319, 1062, 20.3774, 0
PixelHit 319, 1063, 22.4626, 0
PixelHit 319, 1064, 12.3072, 0
PixelHit 319, 1065, 9.33786, 0
PixelHit 320, 1060, 6.14067, 0
PixelHit 320, 1061, 7.58307, 0
PixelHit 320, 1062, 41.0097, 0
PixelHit 320, 1063, 40.2161, 0
PixelHit 320, 1064, 12.8221, 0
PixelHit 320, 1065, 5.39267, 0
PixelHit 320, 1066, 2.29285, 0
PixelHit 321, 1059, 3.39699, 0
PixelHit 321, 1060, 6.53035, 0
PixelHit 321, 1061, 48.7601, 0
PixelHit 321, 1062, 77.998, 0
PixelHit 321, 1063, 35.3978, 0
PixelHit 321, 1064, 10.7093, 0
PixelHit 322, 1059, 1.02807, 0
PixelHit 322, 1060, 16.7632, 0
PixelHit 322, 1061, 63.8394, 0
PixelHit 322, 1062, 81.1949, 0
PixelHit 322, 1063, 17.7961, 0
PixelHit 322, 1064, 4.10136, 0
PixelHit 323, 1058, 1.7107, 0
PixelHit 323, 1059, 6.05589, 0
PixelHit 323, 1060, 22.7431, 0
PixelHit 323, 1061, 34.6742, 0
PixelHit 323, 1062, 18.6233, 0
PixelHit 323, 1063, 6.48973, 0
PixelHit 323, 1064, 1.03041, 0
PixelHit 324, 1058, 8.66928, 0
PixelHit 324, 1059, 14.6579, 0
PixelHit 324, 1060, 27.8699, 0
PixelHit 324, 1061, 12.6696, 0
PixelHit 324, 1062, 4.62004, 0
PixelHit 325, 1055, 1.84912, 0
PixelHit 325, 1056, 0.889724, 0
PixelHit 325, 1057, 8.91323, 0
PixelHit 325, 1058, 25.5288, 0
PixelHit 325, 1059, 28.3315, 0
PixelHit 325, 1060, 11.3242, 0
PixelHit 325, 1061, 4.06695, 0
PixelHit 326, 1056, 9.0871, 0
PixelHit 326, 1057, 52.1595, 0
PixelHit 326, 1058, 51.5748, 0
PixelHit 326, 1059, 26.8046, 0
PixelHit 326, 1060, 6.46273, 0
PixelHit 327, 1055, 7.04759, 0
PixelHit 327, 1056, 59.7947, 0
PixelHit 327, 1057, 252.641, 0
PixelHit 327, 1058, 266.67, 0
PixelHit 327, 1059, 65.7381, 0
PixelHit 327, 1060, 6.94013, 0
PixelHit 328, 1055, 20.6396, 0
PixelHit 328, 1056, 153.987, 0
PixelHit 328, 1057, 723.396, 0
PixelHit 328, 1058, 801.053, 0
PixelHit 328, 1059, 196.253, 0
PixelHit 328, 1060, 10.766, 0
PixelHit 329, 1054, 5.29762, 0
PixelHit 329, 1055, 24.055, 0
PixelHit 329, 1056, 99.8067, 0
PixelHit 329, 1057, 411.565, 0
PixelHit 329, 1058, 488.032, 0
PixelHit 329, 1059, 134.131, 0
PixelHit 329, 1060, 7.45224, 0
PixelHit 330, 1053, 2.50305, 0
PixelHit 330, 1054, 10.519, 0
PixelHit 330, 1055, 14.6662, 0
PixelHit 330, 1056, 22.0918, 0
PixelHit 330, 1057, 47.0283, 0
PixelHit 330, 1058, 43.9546, 0
PixelHit 330, 1059, 11.7272, 0
PixelHit 331, 1052, 1.5075, 0
PixelHit 331, 1053, 4.51333, 0
PixelHit 331, 1054, 26.3055, 0
PixelHit 331, 1055, 12.3888, 0
PixelHit 331, 1056, 2.91383, 0
PixelHit 331, 1057, 0.344295, 0
PixelHit 331, 1058, 2.80596, 0
PixelHit 332, 1052, 4.38374, 0
PixelHit 332, 1053, 7.5958, 0
PixelHit 332, 1054, 2.12232, 0
PixelHit 333, 1052, 4.03824, 0
PixelHit 333, 1053, 6.88332, 0
PixelHit 334, 1051, 5.19922, 0
PixelHit 334, 1052, 9.39232, 0
PixelHit 335, 1047, 4.57728, 0
PixelHit 335, 1048, 103.364, 0
PixelHit 335, 1049, 45.9414, 0
PixelHit 335, 1050, 7.35468, 0
PixelHit 335, 1051, 3.58671, 0
PixelHit 336, 1047, 60.2839, 0
PixelHit 336, 1048, 2689.74, 0
PixelHit 336, 1049, 945.871, 0
PixelHit 336, 1050, 71.5909, 0
PixelHit 336, 1051, 3.00514, 0
PixelHit 337, 1047, 27.1757, 0
PixelHit 337, 1048, 549.779, 0
PixelHit 337, 1049, 677.653, 0
PixelHit 337, 1050, 44.6948, 0
PixelHit 338, 1048, 31.8069, 0
PixelHit 338, 1049, 41.417, 0
PixelHit 338, 1050, 1.87262, 0
=== 59 ===
=== 60 ===
=== 61 ===
=== 62 ===
=== 63 ===
=== 64 ===
=== 65 ===
=== 66 ===
=== 67 ===
=== 68 ===
=== 69 ===
=== 70 ===
=== 71 ===
=== 72 ===
=== 73 ===
=== 74 ===
=== 75 ===
=== 76 ===
=== 77 ===
=== 78 ===
=== 79 ===
=== 80 ===
=== 81 ===
=== 82 ===
=== 83 ===
=== 84 ===
=== 85 ===
=== 86 ===
=== 87 ===
=== 88 ===
=== 89 ===
=== 90 ===
=== 91 ===
=== 92 ===
=== 93 ===
=== 94 ===
=== 95 ===
=== 96 ===
=== 97 ===
=== 98 ===
=== 99 ===
=== 100 ===
# 246 objects from 1 messages
