# Allpix Squared ASCII data - https://cern.ch/allpix-squared

=== 1 ===
=== 2 ===
=== 3 ===
=== 4 ===
=== 5 ===
=== 6 ===
=== 7 ===
=== 8 ===
=== 9 ===
=== 10 ===
=== 11 ===
=== 12 ===
=== 13 ===
=== 14 ===
=== 15 ===
=== 16 ===
=== 17 ===
=== 18 ===
=== 19 ===
=== 20 ===
=== 21 ===
=== 22 ===
=== 23 ===
=== 24 ===
=== 25 ===
=== 26 ===
=== 27 ===
=== 28 ===
=== 29 ===
=== 30 ===
=== 31 ===
=== 32 ===
=== 33 ===
=== 34 ===
=== 35 ===
=== 36 ===
=== 37 ===
=== 38 ===
=== 39 ===
--- mydetector ---
PixelHit 1733, 1785, 2.80418, 0
PixelHit 1735, 1782, 1.41766, 0
PixelHit 1735, 1784, 4.38935, 0
PixelHit 1735, 1785, 1.8973, 0
PixelHit 1736, 1782, 1.56561, 0
PixelHit 1736, 1783, 7.95963, 0
PixelHit 1736, 1784, 4.90861, 0
PixelHit 1736, 1785, 1.80687, 0
PixelHit 1736, 1787, 2.16863, 0
PixelHit 1736, 1788, 1.37509, 0
PixelHit 1737, 1780, 1.38946, 0
PixelHit 1737, 1781, 11.5748, 0
PixelHit 1737, 1782, 15.3057, 0
PixelHit 1737, 1783, 25.6668, 0
PixelHit 1737, 1784, 29.1572, 0
PixelHit 1737, 1785, 20.1798, 0
PixelHit 1737, 1786, 3.89261, 0
PixelHit 1738, 1780, 1.81488, 0
PixelHit 1738, 1781, 6.89833, 0
PixelHit 1738, 1782, 30.2738, 0
PixelHit 1738, 1783, 63.0803, 0
PixelHit 1738, 1784, 49.2791, 0
PixelHit 1738, 1785, 39.7057, 0
PixelHit 1738, 1786, 3.8278, 0
PixelHit 1739, 1781, 3.90391, 0
PixelHit 1739, 1782, 33.2192, 0
PixelHit 1739, 1783, 58.1042, 0
PixelHit 1739, 1784, 45.8521, 0
PixelHit 1739, 1785, 32.3918, 0
PixelHit 1739, 1786, 8.58827, 0
PixelHit 1740, 1781, 8.6517, 0
PixelHit 1740, 1782, 33.6268, 0
PixelHit 1740, 1783, 72.1696, 0
PixelHit 1740, 1784, 57.4423, 0
PixelHit 1740, 1785, 41.8663, 0
PixelHit 1740, 1786, 13.6457, 0
PixelHit 1740, 1787, 1.8476, 0
PixelHit 1741, 1781, 4.77279, 0
PixelHit 1741, 1782, 19.0292, 0
PixelHit 1741, 1783, 40.6284, 0
PixelHit 1741, 1784, 56.3125, 0
PixelHit 1741, 1785, 36.2179, 0
PixelHit 1741, 1786, 19.7028, 0
PixelHit 1741, 1787, 8.90996, 0
PixelHit 1742, 1781, 2.58563, 0
PixelHit 1742, 1782, 12.4296, 0
PixelHit 1742, 1783, 38.7077, 0
PixelHit 1742, 1784, 79.0518, 0
PixelHit 1742, 1785, 77.1191, 0
PixelHit 1742, 1786, 35.0841, 0
PixelHit 1742, 1787, 9.77504, 0
PixelHit 1742, 1788, 1.94817, 0
PixelHit 1743, 1781, 3.10725, 0
PixelHit 1743, 1782, 7.47049, 0
PixelHit 1743, 1783, 38.7322, 0
PixelHit 1743, 1784, 68.073, 0
PixelHit 1743, 1785, 84.4074, 0
PixelHit 1743, 1786, 65.1711, 0
PixelHit 1743, 1787, 16.7609, 0
PixelHit 1743, 1788, 3.15911, 0
PixelHit 1744, 1782, 5.47796, 0
PixelHit 1744, 1783, 19.9495, 0
PixelHit 1744, 1784, 54.9246, 0
PixelHit 1744, 1785, 82.0815, 0
PixelHit 1744, 1786, 34.5586, 0
PixelHit 1744, 1787, 29.4308, 0
PixelHit 1744, 1788, 2.67379, 0
PixelHit 1745, 1782, 2.56072, 0
PixelHit 1745, 1783, 15.3226, 0
PixelHit 1745, 1784, 60.8092, 0
PixelHit 1745, 1785, 68.804, 0
PixelHit 1745, 1786, 60.7358, 0
PixelHit 1745, 1787, 22.6587, 0
PixelHit 1746, 1782, 3.27854, 0
PixelHit 1746, 1783, 11.1373, 0
PixelHit 1746, 1784, 54.8217, 0
PixelHit 1746, 1785, 68.2661, 0
PixelHit 1746, 1786, 39.8143, 0
PixelHit 1746, 1787, 19.3912, 0
PixelHit 1746, 1788, 1.95198, 0
PixelHit 1746, 1789, 2.44897, 0
PixelHit 1747, 1783, 6.67709, 0
PixelHit 1747, 1784, 30.9621, 0
PixelHit 1747, 1785, 70.6086, 0
PixelHit 1747, 1786, 72.8942, 0
PixelHit 1747, 1787, 35.6808, 0
PixelHit 1747, 1788, 6.10577, 0
PixelHit 1747, 1789, 0.882166, 0
PixelHit 1748, 1783, 4.01268, 0
PixelHit 1748, 1784, 29.5719, 0
PixelHit 1748, 1785, 69.1351, 0
PixelHit 1748, 1786, 94.7543, 0
PixelHit 1748, 1787, 45.1491, 0
PixelHit 1748, 1788, 24.2528, 0
PixelHit 1748, 1789, 0.619894, 0
PixelHit 1749, 1782, 1.70096, 0
PixelHit 1749, 1783, 3.98558, 0
PixelHit 1749, 1784, 47.4415, 0
PixelHit 1749, 1785, 73.6912, 0
PixelHit 1749, 1786, 101.562, 0
PixelHit 1749, 1787, 74.4434, 0
PixelHit 1749, 1788, 18.4772, 0
PixelHit 1750, 1782, 3.63056, 0
PixelHit 1750, 1783, 5.93825, 0
PixelHit 1750, 1784, 25.2322, 0
PixelHit 1750, 1785, 71.6726, 0
PixelHit 1750, 1786, 86.9677, 0
PixelHit 1750, 1787, 47.2647, 0
PixelHit 1750, 1788, 17.427, 0
PixelHit 1750, 1789, 5.3109, 0
PixelHit 1750, 1790, 0.436219, 0
PixelHit 1751, 1783, 5.00478, 0
PixelHit 1751, 1784, 23.7352, 0
PixelHit 1751, 1785, 52.8758, 0
PixelHit 1751, 1786, 66.8568, 0
PixelHit 1751, 1787, 42.2886, 0
PixelHit 1751, 1788, 12.938, 0
PixelHit 1752, 1783, 7.04177, 0
PixelHit 1752, 1784, 25.7173, 0
PixelHit 1752, 1785, 40.802, 0
PixelHit 1752, 1786, 59.6621, 0
PixelHit 1752, 1787, 37.7695, 0
PixelHit 1752, 1788, 11.2445, 0
PixelHit 1752, 1789, 1.40346, 0
PixelHit 1753, 1782, 3.67306, 0
PixelHit 1753, 1783, 6.74005, 0
PixelHit 1753, 1784, 47.7516, 0
PixelHit 1753, 1785, 92.2319, 0
PixelHit 1753, 1786, 66.8277, 0
PixelHit 1753, 1787, 28.0816, 0
PixelHit 1753, 1788, 9.80376, 0
PixelHit 1754, 1783, 6.85321, 0
PixelHit 1754, 1784, 43.3217, 0
PixelHit 1754, 1785, 63.45, 0
PixelHit 1754, 1786, 64.6228, 0
PixelHit 1754, 1787, 26.3431, 0
PixelHit 1754, 1788, 10.8407, 0
PixelHit 1755, 1783, 14.3515, 0
PixelHit 1755, 1784, 27.419, 0
PixelHit 1755, 1785, 72.6568, 0
PixelHit 1755, 1786, 56.9989, 0
PixelHit 1755, 1787, 41.0989, 0
PixelHit 1755, 1788, 11.1341, 0
PixelHit 1755, 1789, 0.925785, 0
PixelHit 1756, 1782, 2.19341, 0
PixelHit 1756, 1783, 6.10327, 0
PixelHit 1756, 1784, 24.7114, 0
PixelHit 1756, 1785, 59.0576, 0
PixelHit 1756, 1786, 71.2121, 0
PixelHit 1756, 1787, 27.1653, 0
PixelHit 1756, 1788, 6.98148, 0
PixelHit 1756, 1789, 2.65289, 0
PixelHit 1757, 1783, 11.308, 0
PixelHit 1757, 1784, 27.2019, 0
PixelHit 1757, 1785, 61.9499, 0
PixelHit 1757, 1786, 74.6553, 0
PixelHit 1757, 1787, 34.9662, 0
PixelHit 1757, 1788, 15.7041, 0
PixelHit 1757, 1790, 0.378003, 0
PixelHit 1758, 1783, 6.49796, 0
PixelHit 1758, 1784, 34.8417, 0
PixelHit 1758, 1785, 60.6643, 0
PixelHit 1758, 1786, 95.155, 0
PixelHit 1758, 1787, 61.2135, 0
PixelHit 1758, 1788, 10.7044, 0
PixelHit 1759, 1782, 1.9404, 0
PixelHit 1759, 1783, 9.82439, 0
PixelHit 1759, 1784, 30.0808, 0
PixelHit 1759, 1785, 90.2274, 0
PixelHit 1759, 1786, 98.9215, 0
PixelHit 1759, 1787, 66.9307, 0
PixelHit 1759, 1788, 22.2685, 0
PixelHit 1759, 1789, 2.4075, 0
PixelHit 1760, 1782, 3.64454, 0
PixelHit 1760, 1783, 13.2994, 0
PixelHit 1760, 1784, 26.8431, 0
PixelHit 1760, 1785, 64.1704, 0
PixelHit 1760, 1786, 69.2833, 0
PixelHit 1760, 1787, 47.6897, 0
PixelHit 1760, 1788, 6.74204, 0
PixelHit 1761, 1782, 1.80073, 0
PixelHit 1761, 1784, 23.4589, 0
PixelHit 1761, 1785, 55.0474, 0
PixelHit 1761, 1786, 45.4262, 0
PixelHit 1761, 1787, 26.969, 0
PixelHit 1761, 1788, 4.83133, 0
PixelHit 1762, 1782, 2.28385, 0
PixelHit 1762, 1783, 7.6267, 0
PixelHit 1762, 1784, 31.8205, 0
PixelHit 1762, 1785, 45.7208, 0
PixelHit 1762, 1786, 40.5076, 0
PixelHit 1762, 1787, 16.1521, 0
PixelHit 1762, 1788, 10.0595, 0
PixelHit 1763, 1783, 8.00694, 0
PixelHit 1763, 1784, 31.3109, 0
PixelHit 1763, 1785, 52.5162, 0
PixelHit 1763, 1786, 33.2127, 0
PixelHit 1763, 1787, 15.2796, 0
PixelHit 1763, 1788, 0.531803, 0
PixelHit 1764, 1781, 0.88282, 0
PixelHit 1764, 1782, 8.92608, 0
PixelHit 1764, 1783, 20.4692, 0
PixelHit 1764, 1784, 44.359, 0
PixelHit 1764, 1785, 59.0472, 0
PixelHit 1764, 1786, 40.6214, 0
PixelHit 1764, 1787, 14.0483, 0
PixelHit 1764, 1788, 3.65558, 0
PixelHit 1765, 1780, 1.10883, 0
PixelHit 1765, 1781, 6.94456, 0
PixelHit 1765, 1782, 17.4173, 0
PixelHit 1765, 1783, 56.706, 0
PixelHit 1765, 1784, 75.1839, 0
PixelHit 1765, 1785, 69.8534, 0
PixelHit 1765, 1786, 45.5934, 0
PixelHit 1765, 1787, 12.2685, 0
PixelHit 1765, 1788, 3.26506, 0
PixelHit 1766, 1779, 1.78998, 0
PixelHit 1766, 1781, 7.89668, 0
PixelHit 1766, 1782, 29.6638, 0
PixelHit 1766, 1783, 72.8547, 0
PixelHit 1766, 1784, 102.729, 0
PixelHit 1766, 1785, 96.6862, 0
PixelHit 1766, 1786, 25.6644, 0
PixelHit 1766, 1787, 2.80753, 0
PixelHit 1767, 1781, 14.2509, 0
PixelHit 1767, 1782, 34.1048, 0
PixelHit 1767, 1783, 76.2446, 0
PixelHit 1767, 1784, 120.243, 0
PixelHit 1767, 1785, 95.2091, 0
PixelHit 1767, 1786, 29.8197, 0
PixelHit 1767, 1787, 5.20347, 0
PixelHit 1768, 1781, 4.34532, 0
PixelHit 1768, 1782, 33.5014, 0
PixelHit 1768, 1783, 64.5804, 0
PixelHit 1768, 1784, 84.523, 0
PixelHit 1768, 1785, 43.6204, 0
PixelHit 1768, 1786, 7.47092, 0
PixelHit 1768, 1787, 4.07242, 0
PixelHit 1769, 1781, 7.65883, 0
PixelHit 1769, 1782, 14.5005, 0
PixelHit 1769, 1783, 16.7087, 0
PixelHit 1769, 1784, 26.7347, 0
PixelHit 1769, 1785, 14.8782, 0
PixelHit 1769, 1786, 3.08227, 0
PixelHit 1770, 1782, 3.28705, 0
PixelHit 1770, 1783, 6.20923, 0
PixelHit 1770, 1784, 2.86708, 0
PixelHit 1770, 1786, 2.12068, 0
PixelHit 1771, 1785, 2.42929, 0
=== 40 ===
=== 41 ===
=== 42 ===
=== 43 ===
=== 44 ===
=== 45 ===
=== 46 ===
=== 47 ===
=== 48 ===
=== 49 ===
=== 50 ===
=== 51 ===
=== 52 ===
=== 53 ===
=== 54 ===
=== 55 ===
=== 56 ===
=== 57 ===
=== 58 ===
=== 59 ===
=== 60 ===
=== 61 ===
=== 62 ===
=== 63 ===
=== 64 ===
=== 65 ===
=== 66 ===
=== 67 ===
=== 68 ===
=== 69 ===
=== 70 ===
=== 71 ===
=== 72 ===
=== 73 ===
=== 74 ===
=== 75 ===
=== 76 ===
=== 77 ===
=== 78 ===
=== 79 ===
=== 80 ===
=== 81 ===
=== 82 ===
=== 83 ===
=== 84 ===
=== 85 ===
=== 86 ===
=== 87 ===
=== 88 ===
=== 89 ===
=== 90 ===
=== 91 ===
=== 92 ===
=== 93 ===
=== 94 ===
=== 95 ===
=== 96 ===
=== 97 ===
=== 98 ===
=== 99 ===
=== 100 ===
# 249 objects from 1 messages
