# Allpix Squared ASCII data - https://cern.ch/allpix-squared

=== 1 ===
=== 2 ===
=== 3 ===
=== 4 ===
=== 5 ===
=== 6 ===
=== 7 ===
=== 8 ===
=== 9 ===
=== 10 ===
=== 11 ===
=== 12 ===
=== 13 ===
=== 14 ===
=== 15 ===
=== 16 ===
=== 17 ===
=== 18 ===
=== 19 ===
=== 20 ===
=== 21 ===
=== 22 ===
=== 23 ===
=== 24 ===
=== 25 ===
=== 26 ===
=== 27 ===
=== 28 ===
=== 29 ===
=== 30 ===
=== 31 ===
=== 32 ===
=== 33 ===
=== 34 ===
=== 35 ===
=== 36 ===
=== 37 ===
=== 38 ===
=== 39 ===
=== 40 ===
=== 41 ===
=== 42 ===
=== 43 ===
=== 44 ===
=== 45 ===
=== 46 ===
=== 47 ===
=== 48 ===
=== 49 ===
=== 50 ===
=== 51 ===
=== 52 ===
=== 53 ===
=== 54 ===
=== 55 ===
=== 56 ===
=== 57 ===
=== 58 ===
=== 59 ===
=== 60 ===
=== 61 ===
--- mydetector ---
PixelHit 1872, 1593, 10.8796, 0
PixelHit 1872, 1594, 108.65, 0
PixelHit 1872, 1595, 0.961294, 0
PixelHit 1873, 1591, 4.88396, 0
PixelHit 1873, 1592, 56.5391, 0
PixelHit 1873, 1593, 65.4362, 0
PixelHit 1873, 1594, 1.35034, 0
PixelHit 1874, 1589, 27.1167, 0
PixelHit 1874, 1590, 152.268, 0
PixelHit 1874, 1591, 25.6781, 0
PixelHit 1874, 1592, 10.0315, 0
PixelHit 1874, 1593, 1.80456, 0
PixelHit 1875, 1587, 257.349, 0
PixelHit 1875, 1588, 483.995, 0
PixelHit 1875, 1589, 29.3674, 0
PixelHit 1875, 1590, 52.6932, 0
PixelHit 1876, 1584, 7.99917, 0
PixelHit 1876, 1585, 29.0346, 0
PixelHit 1876, 1586, 19.6487, 0
PixelHit 1876, 1587, 158.177, 0
PixelHit 1876, 1588, 206.701, 0
PixelHit 1877, 1582, 5.25203, 0
PixelHit 1877, 1583, 26.3636, 0
PixelHit 1877, 1584, 34.1535, 0
PixelHit 1877, 1585, 93.1446, 0
PixelHit 1877, 1586, 11.3567, 0
PixelHit 1878, 1580, 6.98999, 0
PixelHit 1878, 1581, 23.5792, 0
PixelHit 1878, 1582, 42.2045, 0
PixelHit 1878, 1583, 46.4864, 0
PixelHit 1878, 1584, 14.0529, 0
PixelHit 1878, 1585, 5.24493, 0
PixelHit 1879, 1578, 5.30192, 0
PixelHit 1879, 1579, 29.0246, 0
PixelHit 1879, 1580, 166.373, 0
PixelHit 1879, 1581, 96.276, 0
PixelHit 1879, 1582, 19.7761, 0
PixelHit 1879, 1583, 4.26175, 0
PixelHit 1880, 1576, 4.97911, 0
PixelHit 1880, 1577, 7.35142, 0
PixelHit 1880, 1578, 11.5518, 0
PixelHit 1880, 1579, 38.8904, 0
PixelHit 1880, 1580, 53.0353, 0
PixelHit 1880, 1581, 19.8688, 0
PixelHit 1881, 1573, 5.53123, 0
PixelHit 1881, 1575, 6.02571, 0
PixelHit 1881, 1576, 23.5384, 0
PixelHit 1881, 1577, 21.2785, 0
PixelHit 1881, 1578, 5.00872, 0
PixelHit 1881, 1579, 4.65958, 0
PixelHit 1882, 1572, 4.3161, 0
PixelHit 1882, 1573, 10.3757, 0
PixelHit 1882, 1574, 14.9889, 0
PixelHit 1882, 1575, 11.3091, 0
PixelHit 1882, 1576, 7.43528, 0
PixelHit 1882, 1577, 4.16915, 0
PixelHit 1883, 1568, 2.63149, 0
PixelHit 1883, 1569, 6.44348, 0
PixelHit 1883, 1571, 2.28719, 0
PixelHit 1883, 1572, 9.4315, 0
PixelHit 1883, 1573, 32.4185, 0
PixelHit 1883, 1574, 10.6012, 0
PixelHit 1883, 1575, 5.95745, 0
PixelHit 1884, 1567, 4.87935, 0
PixelHit 1884, 1568, 7.95744, 0
PixelHit 1884, 1569, 44.5617, 0
PixelHit 1884, 1570, 16.55, 0
PixelHit 1884, 1571, 2.44063, 0
PixelHit 1884, 1572, 2.29815, 0
PixelHit 1884, 1573, 6.65183, 0
PixelHit 1885, 1566, 5.63553, 0
PixelHit 1885, 1567, 39.1323, 0
PixelHit 1885, 1568, 69.025, 0
PixelHit 1885, 1569, 67.1884, 0
PixelHit 1885, 1570, 35.1642, 0
PixelHit 1886, 1562, 0.304221, 0
PixelHit 1886, 1563, 3.64687, 0
PixelHit 1886, 1564, 2.20391, 0
PixelHit 1886, 1565, 8.13885, 0
PixelHit 1886, 1566, 1.81678, 0
PixelHit 1886, 1567, 39.9388, 0
PixelHit 1886, 1568, 32.647, 0
PixelHit 1886, 1569, 11.8982, 0
PixelHit 1887, 1562, 10.8326, 0
PixelHit 1887, 1563, 28.0609, 0
PixelHit 1887, 1564, 20.3828, 0
PixelHit 1887, 1565, 4.60158, 0
PixelHit 1887, 1566, 2.80942, 0
PixelHit 1887, 1567, 4.66904, 0
PixelHit 1887, 1568, 4.68095, 0
PixelHit 1888, 1558, 2.59126, 0
PixelHit 1888, 1560, 2.4166, 0
PixelHit 1888, 1561, 4.18664, 0
PixelHit 1888, 1562, 31.6804, 0
PixelHit 1888, 1563, 53.2695, 0
PixelHit 1888, 1564, 17.7566, 0
PixelHit 1888, 1565, 1.87067, 0
PixelHit 1889, 1557, 3.63593, 0
PixelHit 1889, 1558, 32.6928, 0
PixelHit 1889, 1559, 41.1726, 0
PixelHit 1889, 1560, 21.6164, 0
PixelHit 1889, 1561, 7.94934, 0
PixelHit 1889, 1562, 18.7648, 0
PixelHit 1889, 1563, 23.3156, 0
PixelHit 1889, 1564, 10.2848, 0
PixelHit 1890, 1554, 1.49157, 0
PixelHit 1890, 1555, 2.00834, 0
PixelHit 1890, 1556, 5.06883, 0
PixelHit 1890, 1557, 20.2061, 0
PixelHit 1890, 1558, 81.0018, 0
PixelHit 1890, 1559, 90.9587, 0
PixelHit 1890, 1560, 23.7397, 0
PixelHit 1890, 1561, 3.67653, 0
PixelHit 1890, 1562, 1.20313, 0
PixelHit 1891, 1553, 2.20593, 0
PixelHit 1891, 1554, 2.93507, 0
PixelHit 1891, 1555, 8.52706, 0
PixelHit 1891, 1556, 34.8136, 0
PixelHit 1891, 1557, 48.1709, 0
PixelHit 1891, 1558, 69.2501, 0
PixelHit 1891, 1559, 38.7526, 0
PixelHit 1891, 1560, 3.74841, 0
PixelHit 1892, 1551, 1.76638, 0
PixelHit 1892, 1552, 1.28203, 0
PixelHit 1892, 1553, 11.7373, 0
PixelHit 1892, 1554, 6.56739, 0
PixelHit 1892, 1555, 8.52121, 0
PixelHit 1892, 1556, 12.3068, 0
PixelHit 1892, 1557, 18.3421, 0
PixelHit 1892, 1558, 12.1911, 0
PixelHit 1892, 1559, 4.27487, 0
PixelHit 1893, 1549, 2.83091, 0
PixelHit 1893, 1550, 4.81373, 0
PixelHit 1893, 1551, 9.38893, 0
PixelHit 1893, 1552, 19.5311, 0
PixelHit 1893, 1553, 15.2172, 0
PixelHit 1893, 1554, 10.9842, 0
PixelHit 1893, 1555, 5.57289, 0
PixelHit 1893, 1556, 1.29522, 0
PixelHit 1894, 1548, 0.907213, 0
PixelHit 1894, 1549, 20.1026, 0
PixelHit 1894, 1550, 22.0702, 0
PixelHit 1894, 1551, 22.8895, 0
PixelHit 1894, 1552, 14.6171, 0
PixelHit 1894, 1553, 7.3122, 0
PixelHit 1894, 1554, 3.62144, 0
PixelHit 1895, 1543, 1.34531, 0
PixelHit 1895, 1545, 2.26793, 0
PixelHit 1895, 1546, 7.9111, 0
PixelHit 1895, 1547, 11.6918, 0
PixelHit 1895, 1548, 24.1671, 0
PixelHit 1895, 1549, 30.8114, 0
PixelHit 1895, 1550, 20.7275, 0
PixelHit 1895, 1551, 15.3684, 0
PixelHit 1895, 1552, 4.294, 0
PixelHit 1895, 1553, 2.26133, 0
PixelHit 1896, 1543, 1.02431, 0
PixelHit 1896, 1544, 3.76189, 0
PixelHit 1896, 1545, 7.0544, 0
PixelHit 1896, 1546, 26.8433, 0
PixelHit 1896, 1547, 39.236, 0
PixelHit 1896, 1548, 23.4591, 0
PixelHit 1896, 1549, 3.46356, 0
PixelHit 1896, 1550, 7.27773, 0
PixelHit 1896, 1551, 2.55688, 0
PixelHit 1896, 1553, 1.17815, 0
PixelHit 1897, 1539, 2.83598, 0
PixelHit 1897, 1541, 1.10232, 0
PixelHit 1897, 1542, 6.90191, 0
PixelHit 1897, 1543, 9.69737, 0
PixelHit 1897, 1544, 8.88585, 0
PixelHit 1897, 1545, 19.4341, 0
PixelHit 1897, 1546, 26.2412, 0
PixelHit 1897, 1547, 32.3019, 0
PixelHit 1897, 1548, 1.54412, 0
PixelHit 1898, 1537, 2.53561, 0
PixelHit 1898, 1540, 7.92553, 0
PixelHit 1898, 1541, 11.4702, 0
PixelHit 1898, 1542, 14.2471, 0
PixelHit 1898, 1543, 16.9456, 0
PixelHit 1898, 1544, 9.44313, 0
PixelHit 1898, 1545, 7.79596, 0
PixelHit 1898, 1546, 10.5597, 0
PixelHit 1898, 1547, 4.89086, 0
PixelHit 1899, 1538, 10.9466, 0
PixelHit 1899, 1539, 18.3602, 0
PixelHit 1899, 1540, 23.7159, 0
PixelHit 1899, 1541, 8.7356, 0
PixelHit 1899, 1542, 9.71771, 0
PixelHit 1899, 1543, 7.28069, 0
PixelHit 1899, 1544, 3.41488, 0
PixelHit 1900, 1535, 2.12881, 0
PixelHit 1900, 1536, 6.51281, 0
PixelHit 1900, 1537, 4.73181, 0
PixelHit 1900, 1538, 38.8181, 0
PixelHit 1900, 1539, 43.673, 0
PixelHit 1900, 1540, 24.3282, 0
PixelHit 1900, 1541, 13.0562, 0
PixelHit 1900, 1542, 3.31258, 0
PixelHit 1900, 1543, 2.20379, 0
PixelHit 1901, 1534, 2.96408, 0
PixelHit 1901, 1535, 7.81656, 0
PixelHit 1901, 1536, 8.50828, 0
PixelHit 1901, 1537, 11.3325, 0
PixelHit 1901, 1538, 26.9023, 0
PixelHit 1901, 1539, 28.5747, 0
PixelHit 1901, 1540, 11.5913, 0
PixelHit 1901, 1541, 1.4833, 0
PixelHit 1902, 1529, 1.31073, 0
PixelHit 1902, 1532, 1.62941, 0
PixelHit 1902, 1533, 3.94293, 0
PixelHit 1902, 1534, 3.15477, 0
PixelHit 1902, 1535, 11.4274, 0
PixelHit 1902, 1536, 19.2029, 0
PixelHit 1902, 1537, 5.77466, 0
PixelHit 1902, 1538, 9.53883, 0
PixelHit 1902, 1539, 6.51101, 0
PixelHit 1902, 1540, 2.6791, 0
PixelHit 1903, 1528, 2.78168, 0
PixelHit 1903, 1529, 5.92318, 0
PixelHit 1903, 1530, 2.96445, 0
PixelHit 1903, 1531, 6.29943, 0
PixelHit 1903, 1532, 11.3207, 0
PixelHit 1903, 1533, 9.14987, 0
PixelHit 1903, 1534, 2.11685, 0
PixelHit 1903, 1535, 6.01716, 0
PixelHit 1903, 1538, 2.72269, 0
PixelHit 1904, 1527, 1.01392, 0
PixelHit 1904, 1528, 5.00826, 0
PixelHit 1904, 1529, 24.3459, 0
PixelHit 1904, 1530, 24.6986, 0
PixelHit 1904, 1531, 17.7036, 0
PixelHit 1904, 1532, 15.6289, 0
PixelHit 1904, 1533, 7.96473, 0
PixelHit 1904, 1534, 6.63563, 0
PixelHit 1904, 1535, 5.23383, 0
PixelHit 1904, 1537, 3.23369, 0
PixelHit 1905, 1524, 2.52694, 0
PixelHit 1905, 1525, 5.33275, 0
PixelHit 1905, 1526, 4.27166, 0
PixelHit 1905, 1527, 11.876, 0
PixelHit 1905, 1528, 8.94755, 0
PixelHit 1905, 1529, 23.4565, 0
PixelHit 1905, 1530, 30.2196, 0
PixelHit 1905, 1531, 14.1566, 0
PixelHit 1905, 1532, 4.66871, 0
PixelHit 1905, 1533, 1.88999, 0
PixelHit 1905, 1535, 2.7543, 0
PixelHit 1906, 1524, 18.2077, 0
PixelHit 1906, 1525, 20.1182, 0
PixelHit 1906, 1526, 19.5214, 0
PixelHit 1906, 1527, 14.1374, 0
PixelHit 1906, 1528, 10.1092, 0
PixelHit 1906, 1529, 23.4081, 0
PixelHit 1906, 1530, 9.41248, 0
PixelHit 1906, 1531, 1.54711, 0
PixelHit 1906, 1533, 1.57448, 0
PixelHit 1907, 1522, 10.155, 0
PixelHit 1907, 1523, 11.3524, 0
PixelHit 1907, 1524, 24.3919, 0
PixelHit 1907, 1525, 38.5524, 0
PixelHit 1907, 1526, 39.3732, 0
PixelHit 1907, 1527, 17.9047, 0
PixelHit 1907, 1528, 5.85853, 0
PixelHit 1907, 1530, 3.63076, 0
PixelHit 1908, 1519, 1.73316, 0
PixelHit 1908, 1520, 3.79546, 0
PixelHit 1908, 1521, 4.89863, 0
PixelHit 1908, 1522, 14.6491, 0
PixelHit 1908, 1523, 15.1086, 0
PixelHit 1908, 1524, 21.0872, 0
PixelHit 1908, 1525, 36.0414, 0
PixelHit 1908, 1526, 29.0398, 0
PixelHit 1908, 1527, 2.50212, 0
PixelHit 1908, 1528, 3.1254, 0
PixelHit 1909, 1517, 2.91075, 0
PixelHit 1909, 1518, 5.43645, 0
PixelHit 1909, 1519, 4.14713, 0
PixelHit 1909, 1520, 7.51469, 0
PixelHit 1909, 1521, 4.29466, 0
PixelHit 1909, 1522, 14.5394, 0
PixelHit 1909, 1523, 13.0302, 0
PixelHit 1909, 1524, 12.3645, 0
PixelHit 1909, 1525, 12.7425, 0
PixelHit 1909, 1526, 4.48978, 0
PixelHit 1910, 1513, 3.33813, 0
PixelHit 1910, 1514, 3.11572, 0
PixelHit 1910, 1515, 4.86226, 0
PixelHit 1910, 1516, 7.9827, 0
PixelHit 1910, 1517, 13.3268, 0
PixelHit 1910, 1518, 14.005, 0
PixelHit 1910, 1519, 19.7818, 0
PixelHit 1910, 1520, 7.83405, 0
PixelHit 1910, 1522, 7.17993, 0
PixelHit 1910, 1523, 4.5343, 0
PixelHit 1910, 1524, 2.7259, 0
PixelHit 1910, 1525, 2.7526, 0
PixelHit 1911, 1514, 5.4241, 0
PixelHit 1911, 1515, 22.5817, 0
PixelHit 1911, 1516, 25.3581, 0
PixelHit 1911, 1517, 33.9672, 0
PixelHit 1911, 1518, 16.8034, 0
PixelHit 1911, 1519, 15.3901, 0
PixelHit 1911, 1520, 11.4146, 0
PixelHit 1911, 1521, 3.05156, 0
PixelHit 1912, 1512, 2.12245, 0
PixelHit 1912, 1513, 8.65888, 0
PixelHit 1912, 1514, 22.5695, 0
PixelHit 1912, 1515, 32.0227, 0
PixelHit 1912, 1516, 37.8489, 0
PixelHit 1912, 1517, 22.2536, 0
PixelHit 1912, 1518, 13.1156, 0
PixelHit 1912, 1519, 9.97771, 0
PixelHit 1912, 1520, 3.65176, 0
PixelHit 1913, 1506, 0.790293, 0
PixelHit 1913, 1510, 5.15148, 0
PixelHit 1913, 1512, 16.1888, 0
PixelHit 1913, 1513, 23.3867, 0
PixelHit 1913, 1514, 17.7594, 0
PixelHit 1913, 1515, 22.3108, 0
PixelHit 1913, 1516, 17.9659, 0
PixelHit 1913, 1517, 13.1516, 0
PixelHit 1913, 1518, 3.81174, 0
PixelHit 1913, 1519, 1.55194, 0
PixelHit 1914, 1506, 1.2834, 0
PixelHit 1914, 1508, 3.77394, 0
PixelHit 1914, 1509, 4.98452, 0
PixelHit 1914, 1510, 6.56332, 0
PixelHit 1914, 1511, 9.49455, 0
PixelHit 1914, 1512, 12.7091, 0
PixelHit 1914, 1513, 29.1131, 0
PixelHit 1914, 1514, 13.3866, 0
PixelHit 1914, 1515, 10.6172, 0
PixelHit 1914, 1516, 3.10375, 0
PixelHit 1914, 1517, 1.52713, 0
PixelHit 1915, 1505, 3.03007, 0
PixelHit 1915, 1506, 6.35124, 0
PixelHit 1915, 1507, 6.1457, 0
PixelHit 1915, 1508, 8.28078, 0
PixelHit 1915, 1509, 5.97171, 0
PixelHit 1915, 1510, 8.73632, 0
PixelHit 1915, 1511, 4.34642, 0
PixelHit 1915, 1512, 4.82946, 0
PixelHit 1915, 1513, 7.36934, 0
PixelHit 1915, 1514, 2.40473, 0
PixelHit 1915, 1515, 3.12377, 0
PixelHit 1916, 1504, 3.40795, 0
PixelHit 1916, 1505, 6.0187, 0
PixelHit 1916, 1506, 21.2419, 0
PixelHit 1916, 1507, 19.0831, 0
PixelHit 1916, 1508, 12.097, 0
PixelHit 1916, 1509, 8.99457, 0
PixelHit 1916, 1510, 4.83997, 0
PixelHit 1916, 1511, 4.91192, 0
PixelHit 1916, 1512, -0.0494401, 0
PixelHit 1916, 1514, 2.25375, 0
PixelHit 1917, 1501, 4.15547, 0
PixelHit 1917, 1502, 2.16511, 0
PixelHit 1917, 1503, 6.89897, 0
PixelHit 1917, 1504, 6.29974, 0
PixelHit 1917, 1505, 10.8492, 0
PixelHit 1917, 1506, 25.7351, 0
PixelHit 1917, 1507, 28.721, 0
PixelHit 1917, 1508, 8.90612, 0
PixelHit 1917, 1509, 11.2548, 0
PixelHit 1917, 1510, 2.28518, 0
PixelHit 1918, 1499, 3.4693, 0
PixelHit 1918, 1500, 4.80074, 0
PixelHit 1918, 1501, 4.46983, 0
PixelHit 1918, 1502, 8.18611, 0
PixelHit 1918, 1503, 5.35165, 0
PixelHit 1918, 1504, 3.14444, 0
PixelHit 1918, 1505, 14.1766, 0
PixelHit 1918, 1506, 11.4236, 0
PixelHit 1918, 1507, 7.91013, 0
PixelHit 1918, 1508, 4.08948, 0
PixelHit 1918, 1509, 4.25221, 0
PixelHit 1919, 1497, 0.26795, 0
PixelHit 1919, 1498, 4.49293, 0
PixelHit 1919, 1499, 4.27123, 0
PixelHit 1919, 1500, 7.29707, 0
PixelHit 1919, 1501, 12.1749, 0
PixelHit 1919, 1502, 10.2781, 0
PixelHit 1919, 1503, 13.6101, 0
PixelHit 1919, 1505, 6.94884, 0
PixelHit 1919, 1507, 3.96687, 0
PixelHit 1919, 1508, 3.43988, 0
PixelHit 1920, 1494, 2.13161, 0
PixelHit 1920, 1495, 4.05702, 0
PixelHit 1920, 1496, 3.92368, 0
PixelHit 1920, 1497, 4.3227, 0
PixelHit 1920, 1498, 6.42524, 0
PixelHit 1920, 1499, 13.974, 0
PixelHit 1920, 1500, 9.74094, 0
PixelHit 1920, 1501, 16.5448, 0
PixelHit 1920, 1502, 6.24788, 0
PixelHit 1920, 1503, 5.14166, 0
PixelHit 1920, 1504, 1.80199, 0
PixelHit 1921, 1491, 0.746104, 0
PixelHit 1921, 1494, 4.52386, 0
PixelHit 1921, 1495, 9.51861, 0
PixelHit 1921, 1496, 17.5559, 0
PixelHit 1921, 1497, 12.6464, 0
PixelHit 1921, 1498, 11.7383, 0
PixelHit 1921, 1499, 15.6468, 0
PixelHit 1921, 1500, 10.6368, 0
PixelHit 1921, 1501, 2.86955, 0
PixelHit 1921, 1502, 2.34797, 0
PixelHit 1921, 1503, 2.44333, 0
PixelHit 1921, 1504, 1.74125, 0
PixelHit 1922, 1491, 3.57275, 0
PixelHit 1922, 1492, 5.84267, 0
PixelHit 1922, 1493, 12.422, 0
PixelHit 1922, 1494, 20.0079, 0
PixelHit 1922, 1495, 26.2878, 0
PixelHit 1922, 1496, 24.9604, 0
PixelHit 1922, 1497, 16.0939, 0
PixelHit 1922, 1498, 17.0777, 0
PixelHit 1922, 1499, 10.2155, 0
PixelHit 1922, 1500, 6.8352, 0
PixelHit 1922, 1501, 3.63381, 0
PixelHit 1922, 1502, 1.27145, 0
PixelHit 1923, 1489, 3.943, 0
PixelHit 1923, 1490, 1.9954, 0
PixelHit 1923, 1492, 6.78566, 0
PixelHit 1923, 1493, 14.5121, 0
PixelHit 1923, 1494, 26.9472, 0
PixelHit 1923, 1495, 31.2043, 0
PixelHit 1923, 1496, 18.2102, 0
PixelHit 1923, 1497, 10.9269, 0
PixelHit 1923, 1498, 6.39018, 0
PixelHit 1923, 1500, 1.31863, 0
PixelHit 1924, 1487, 4.08276, 0
PixelHit 1924, 1488, 3.87066, 0
PixelHit 1924, 1489, 3.12093, 0
PixelHit 1924, 1490, 8.13463, 0
PixelHit 1924, 1491, 11.7205, 0
PixelHit 1924, 1492, 22.7545, 0
PixelHit 1924, 1493, 20.2265, 0
PixelHit 1924, 1494, 21.4918, 0
PixelHit 1924, 1495, 20.3036, 0
PixelHit 1924, 1496, 8.76305, 0
PixelHit 1924, 1497, 2.14802, 0
PixelHit 1924, 1498, 0.946384, 0
PixelHit 1924, 1500, 1.37033, 0
PixelHit 1925, 1484, 1.48933, 0
PixelHit 1925, 1486, 9.95344, 0
PixelHit 1925, 1487, 11.2917, 0
PixelHit 1925, 1488, 14.6761, 0
PixelHit 1925, 1489, 9.8654, 0
PixelHit 1925, 1490, 8.95093, 0
PixelHit 1925, 1491, 8.06684, 0
PixelHit 1925, 1492, 12.3262, 0
PixelHit 1925, 1493, 9.69988, 0
PixelHit 1925, 1494, 6.2687, 0
PixelHit 1925, 1495, 3.47473, 0
PixelHit 1925, 1496, 5.66496, 0
PixelHit 1926, 1484, 4.88604, 0
PixelHit 1926, 1485, 11.4102, 0
PixelHit 1926, 1486, 14.2892, 0
PixelHit 1926, 1487, 16.2341, 0
PixelHit 1926, 1488, 12.6947, 0
PixelHit 1926, 1489, 16.822, 0
PixelHit 1926, 1490, 14.8989, 0
PixelHit 1926, 1491, 9.89717, 0
PixelHit 1926, 1492, 5.70718, 0
PixelHit 1927, 1483, 2.28532, 0
PixelHit 1927, 1484, 15.6458, 0
PixelHit 1927, 1485, 41.4666, 0
PixelHit 1927, 1486, 38.4283, 0
PixelHit 1927, 1487, 14.5134, 0
PixelHit 1927, 1488, 11.4926, 0
PixelHit 1927, 1489, 16.8104, 0
PixelHit 1927, 1490, 7.94368, 0
PixelHit 1927, 1491, 2.24032, 0
PixelHit 1928, 1478, 0.998851, 0
PixelHit 1928, 1479, 3.17553, 0
PixelHit 1928, 1480, 4.59507, 0
PixelHit 1928, 1481, 2.57951, 0
PixelHit 1928, 1482, 6.28361, 0
PixelHit 1928, 1483, 8.64171, 0
PixelHit 1928, 1484, 15.328, 0
PixelHit 1928, 1485, 43.4953, 0
PixelHit 1928, 1486, 24.3715, 0
PixelHit 1928, 1487, 23.3187, 0
PixelHit 1928, 1488, 9.30737, 0
PixelHit 1928, 1489, 3.75562, 0
PixelHit 1929, 1474, 1.49433, 0
PixelHit 1929, 1478, 5.32291, 0
PixelHit 1929, 1479, 8.13353, 0
PixelHit 1929, 1480, 13.4399, 0
PixelHit 1929, 1481, 17.6068, 0
PixelHit 1929, 1482, 17.1407, 0
PixelHit 1929, 1483, 3.88666, 0
PixelHit 1929, 1484, 2.18346, 0
PixelHit 1929, 1485, 12.5462, 0
PixelHit 1929, 1486, 13.4188, 0
PixelHit 1929, 1487, 12.2277, 0
PixelHit 1929, 1488, 3.20458, 0
PixelHit 1930, 1475, 3.78245, 0
PixelHit 1930, 1476, 3.45777, 0
PixelHit 1930, 1477, 4.92917, 0
PixelHit 1930, 1478, 18.4427, 0
PixelHit 1930, 1479, 20.365, 0
PixelHit 1930, 1480, 35.5997, 0
PixelHit 1930, 1481, 28.2651, 0
PixelHit 1930, 1482, 19.4232, 0
PixelHit 1930, 1483, 8.98925, 0
PixelHit 1930, 1484, 6.19396, 0
PixelHit 1930, 1485, 2.56484, 0
PixelHit 1930, 1486, 2.86831, 0
PixelHit 1930, 1487, 3.40077, 0
PixelHit 1930, 1490, 0.608276, 0
PixelHit 1931, 1472, 1.19635, 0
PixelHit 1931, 1474, 1.055, 0
PixelHit 1931, 1475, 5.12048, 0
PixelHit 1931, 1476, 12.7204, 0
PixelHit 1931, 1477, 17.2655, 0
PixelHit 1931, 1478, 24.5852, 0
PixelHit 1931, 1479, 18.6249, 0
PixelHit 1931, 1480, 19.6605, 0
PixelHit 1931, 1481, 34.0921, 0
PixelHit 1931, 1482, 21.5713, 0
PixelHit 1931, 1483, 5.76548, 0
PixelHit 1932, 1472, 3.92018, 0
PixelHit 1932, 1473, 3.30671, 0
PixelHit 1932, 1474, 14.5396, 0
PixelHit 1932, 1475, 14.4989, 0
PixelHit 1932, 1476, 23.1021, 0
PixelHit 1932, 1477, 15.5052, 0
PixelHit 1932, 1478, 22.4299, 0
PixelHit 1932, 1479, 16.5198, 0
PixelHit 1932, 1480, 24.7249, 0
PixelHit 1932, 1481, 16.4049, 0
PixelHit 1932, 1482, 3.98233, 0
PixelHit 1932, 1483, 3.34466, 0
PixelHit 1932, 1484, 2.2531, 0
PixelHit 1933, 1469, 2.70893, 0
PixelHit 1933, 1470, 4.53601, 0
PixelHit 1933, 1471, 4.28733, 0
PixelHit 1933, 1472, 7.22411, 0
PixelHit 1933, 1473, 16.9528, 0
PixelHit 1933, 1474, 27.2249, 0
PixelHit 1933, 1475, 32.8226, 0
PixelHit 1933, 1476, 32.4221, 0
PixelHit 1933, 1477, 15.6408, 0
PixelHit 1933, 1478, 13.3809, 0
PixelHit 1933, 1479, 2.82321, 0
PixelHit 1933, 1480, 2.81284, 0
PixelHit 1933, 1481, 3.66951, 0
PixelHit 1934, 1469, 8.11432, 0
PixelHit 1934, 1470, 6.29707, 0
PixelHit 1934, 1471, 7.58418, 0
PixelHit 1934, 1472, 14.7614, 0
PixelHit 1934, 1473, 19.1506, 0
PixelHit 1934, 1474, 14.9486, 0
PixelHit 1934, 1475, 20.0894, 0
PixelHit 1934, 1476, 21.1055, 0
PixelHit 1934, 1477, 9.22477, 0
PixelHit 1934, 1478, 6.15336, 0
PixelHit 1935, 1465, 1.16687, 0
PixelHit 1935, 1467, 4.34434, 0
PixelHit 1935, 1468, 4.64236, 0
PixelHit 1935, 1469, 6.46415, 0
PixelHit 1935, 1470, 14.5608, 0
PixelHit 1935, 1471, 19.8506, 0
PixelHit 1935, 1472, 16.3319, 0
PixelHit 1935, 1473, 19.9041, 0
PixelHit 1935, 1474, 14.7901, 0
PixelHit 1935, 1475, 7.33619, 0
PixelHit 1935, 1476, 6.04848, 0
PixelHit 1935, 1477, 2.6258, 0
PixelHit 1936, 1465, 2.27645, 0
PixelHit 1936, 1467, 2.31629, 0
PixelHit 1936, 1468, 17.116, 0
PixelHit 1936, 1469, 24.2965, 0
PixelHit 1936, 1470, 11.9621, 0
PixelHit 1936, 1471, 10.1776, 0
PixelHit 1936, 1472, 18.9256, 0
PixelHit 1936, 1473, 11.6994, 0
PixelHit 1936, 1474, 8.86281, 0
PixelHit 1936, 1475, 2.30501, 0
PixelHit 1937, 1463, 5.90712, 0
PixelHit 1937, 1464, 10.952, 0
PixelHit 1937, 1465, 9.64619, 0
PixelHit 1937, 1466, 7.34368, 0
PixelHit 1937, 1467, 11.4422, 0
PixelHit 1937, 1468, 13.5164, 0
PixelHit 1937, 1469, 17.8449, 0
PixelHit 1937, 1470, 9.94154, 0
PixelHit 1937, 1471, 7.57751, 0
PixelHit 1937, 1472, 2.30575, 0
PixelHit 1937, 1473, 2.19675, 0
PixelHit 1938, 1459, -0.0746339, 0
PixelHit 1938, 1460, 1.573, 0
PixelHit 1938, 1461, 3.68562, 0
PixelHit 1938, 1462, 2.49523, 0
PixelHit 1938, 1463, 12.5621, 0
PixelHit 1938, 1464, 20.6203, 0
PixelHit 1938, 1465, 23.8465, 0
PixelHit 1938, 1466, 15.0669, 0
PixelHit 1938, 1467, 9.1503, 0
PixelHit 1938, 1468, 7.88442, 0
PixelHit 1938, 1469, 8.40456, 0
PixelHit 1938, 1470, 7.66837, 0
PixelHit 1938, 1471, 1.22157, 0
PixelHit 1938, 1472, 2.06943, 0
PixelHit 1939, 1461, 2.54411, 0
PixelHit 1939, 1462, 3.60996, 0
PixelHit 1939, 1463, 16.1298, 0
PixelHit 1939, 1464, 28.2827, 0
PixelHit 1939, 1465, 24.2197, 0
PixelHit 1939, 1466, 17.8494, 0
PixelHit 1939, 1467, 7.34783, 0
PixelHit 1939, 1468, 7.91039, 0
PixelHit 1939, 1470, 1.91169, 0
PixelHit 1940, 1460, 3.18729, 0
PixelHit 1940, 1461, 6.24722, 0
PixelHit 1940, 1462, 19.569, 0
PixelHit 1940, 1463, 27.1773, 0
PixelHit 1940, 1464, 24.3529, 0
PixelHit 1940, 1465, 17.5639, 0
PixelHit 1940, 1466, 15.0976, 0
PixelHit 1940, 1467, 2.39285, 0
PixelHit 1941, 1460, 5.1108, 0
PixelHit 1941, 1461, 5.7554, 0
PixelHit 1941, 1462, 10.1408, 0
PixelHit 1941, 1463, 11.3506, 0
PixelHit 1941, 1464, 4.19759, 0
PixelHit 1941, 1465, 13.3364, 0
PixelHit 1941, 1466, 6.03572, 0
PixelHit 1942, 1460, 3.16363, 0
PixelHit 1942, 1461, 6.75194, 0
PixelHit 1942, 1462, 6.16976, 0
PixelHit 1942, 1463, 7.42979, 0
PixelHit 1942, 1464, 2.06754, 0
PixelHit 1943, 1460, 1.37538, 0
PixelHit 1943, 1461, 1.14741, 0
PixelHit 1943, 1462, 2.90222, 0
PixelHit 1943, 1463, 1.82336, 0
=== 62 ===
=== 63 ===
=== 64 ===
=== 65 ===
=== 66 ===
=== 67 ===
=== 68 ===
=== 69 ===
=== 70 ===
=== 71 ===
=== 72 ===
=== 73 ===
=== 74 ===
=== 75 ===
=== 76 ===
=== 77 ===
=== 78 ===
=== 79 ===
=== 80 ===
=== 81 ===
=== 82 ===
=== 83 ===
=== 84 ===
=== 85 ===
=== 86 ===
=== 87 ===
=== 88 ===
=== 89 ===
=== 90 ===
=== 91 ===
=== 92 ===
=== 93 ===
=== 94 ===
=== 95 ===
=== 96 ===
=== 97 ===
=== 98 ===
=== 99 ===
=== 100 ===
# 640 objects from 1 messages
