# Allpix Squared ASCII data - https://cern.ch/allpix-squared

=== 1 ===
=== 2 ===
=== 3 ===
=== 4 ===
=== 5 ===
=== 6 ===
=== 7 ===
=== 8 ===
=== 9 ===
=== 10 ===
=== 11 ===
=== 12 ===
=== 13 ===
=== 14 ===
--- mydetector ---
PixelHit 796, 575, 1.5433, 0
PixelHit 796, 576, 3.02679, 0
PixelHit 797, 575, 18.1674, 0
PixelHit 797, 576, 41.3171, 0
PixelHit 797, 577, 48.786, 0
PixelHit 797, 578, 6.78285, 0
PixelHit 798, 575, 25.3063, 0
PixelHit 798, 576, 127.277, 0
PixelHit 798, 577, 90.9617, 0
PixelHit 798, 578, 5.69273, 0
PixelHit 799, 575, 3.06509, 0
PixelHit 799, 576, 53.8499, 0
PixelHit 799, 577, 27.5607, 0
PixelHit 799, 578, 4.33436, 0
PixelHit 800, 577, 2.23344, 0
PixelHit 807, 585, 2.45254, 0
PixelHit 811, 593, 5.39164, 0
PixelHit 812, 591, 1.0659, 0
PixelHit 812, 592, 56.4073, 0
PixelHit 812, 593, 1170.08, 0
PixelHit 812, 594, 165.672, 0
PixelHit 813, 592, 31.8822, 0
PixelHit 813, 593, 2149.08, 0
PixelHit 813, 594, 641.724, 0
PixelHit 813, 595, 2.50616, 0
PixelHit 814, 593, 262.127, 0
PixelHit 814, 594, 334.653, 0
PixelHit 815, 592, 4.02443, 0
PixelHit 815, 593, 201.488, 0
PixelHit 815, 594, 357.352, 0
PixelHit 816, 591, 3.06475, 0
PixelHit 816, 592, 316.576, 0
PixelHit 816, 593, 315.654, 0
PixelHit 816, 594, 138.423, 0
PixelHit 816, 595, 12.7839, 0
PixelHit 817, 590, 3.5971, 0
PixelHit 817, 591, 22.5903, 0
PixelHit 817, 592, 23.6809, 0
PixelHit 817, 593, 173.498, 0
PixelHit 817, 594, 556.059, 0
PixelHit 817, 595, 165.426, 0
PixelHit 818, 590, 33.7899, 0
PixelHit 818, 591, 460.051, 0
PixelHit 818, 592, 28.247, 0
PixelHit 818, 593, 54.276, 0
PixelHit 818, 594, 330.877, 0
PixelHit 818, 595, 357.452, 0
PixelHit 818, 596, 15.1186, 0
PixelHit 819, 590, 21.6171, 0
PixelHit 819, 591, 367.079, 0
PixelHit 819, 592, 253.701, 0
PixelHit 819, 593, 292.395, 0
PixelHit 819, 594, 303.513, 0
PixelHit 819, 595, 167.458, 0
PixelHit 819, 596, 13.3296, 0
PixelHit 820, 591, 4.12075, 0
PixelHit 820, 592, 3.1697, 0
PixelHit 820, 593, 2.98583, 0
PixelHit 840, 585, 1.92778, 0
PixelHit 840, 586, 2.07944, 0
PixelHit 842, 583, 1.70393, 0
=== 15 ===
=== 16 ===
--- mydetector ---
PixelHit 429, 1687, 6.00964, 0
PixelHit 429, 1688, 3.77686, 0
PixelHit 430, 1686, 1.13897, 0
PixelHit 430, 1687, 51.7359, 0
PixelHit 430, 1688, 6.66482, 0
PixelHit 431, 1686, 12.4837, 0
PixelHit 431, 1687, 9.80845, 0
PixelHit 431, 1688, 1.52675, 0
PixelHit 432, 1686, 32.1798, 0
PixelHit 432, 1687, 7.68085, 0
PixelHit 433, 1684, 2.63105, 0
PixelHit 433, 1685, 75.3376, 0
PixelHit 433, 1686, 13.2294, 0
PixelHit 434, 1684, 2.18774, 0
PixelHit 434, 1685, 112.504, 0
PixelHit 434, 1686, 24.9355, 0
PixelHit 434, 1687, 0.388257, 0
PixelHit 435, 1684, 15.146, 0
PixelHit 435, 1685, 15.5299, 0
PixelHit 436, 1683, 7.75433, 0
PixelHit 436, 1684, 19.7651, 0
PixelHit 436, 1685, 2.04291, 0
PixelHit 437, 1683, 15.2668, 0
PixelHit 437, 1684, 17.6867, 0
PixelHit 438, 1682, 4.06379, 0
PixelHit 438, 1683, 15.3677, 0
PixelHit 438, 1684, 2.62246, 0
PixelHit 439, 1681, 7.11167, 0
PixelHit 439, 1682, 9.07839, 0
PixelHit 440, 1680, 3.41156, 0
PixelHit 440, 1681, 29.4699, 0
PixelHit 440, 1682, 32.0613, 0
PixelHit 440, 1683, 4.13609, 0
PixelHit 441, 1680, 3.56562, 0
PixelHit 441, 1681, 27.3344, 0
PixelHit 441, 1682, 24.6451, 0
PixelHit 441, 1683, 2.80119, 0
PixelHit 442, 1679, 2.36628, 0
PixelHit 442, 1680, 19.1233, 0
PixelHit 442, 1681, 11.8783, 0
PixelHit 442, 1682, 1.47951, 0
PixelHit 443, 1678, 7.69191, 0
PixelHit 443, 1679, 28.1204, 0
PixelHit 443, 1680, 34.9365, 0
PixelHit 443, 1681, 6.16519, 0
PixelHit 443, 1682, 1.99172, 0
PixelHit 444, 1677, 3.53405, 0
PixelHit 444, 1678, 25.1218, 0
PixelHit 444, 1679, 96.5793, 0
PixelHit 444, 1680, 66.9997, 0
PixelHit 444, 1681, 3.62937, 0
PixelHit 445, 1677, 8.91484, 0
PixelHit 445, 1678, 26.9612, 0
PixelHit 445, 1679, 57.8868, 0
PixelHit 445, 1680, 21.1357, 0
PixelHit 445, 1681, 1.93119, 0
PixelHit 446, 1676, 2.08771, 0
PixelHit 446, 1677, 17.3736, 0
PixelHit 446, 1678, 55.6992, 0
PixelHit 446, 1679, 37.4891, 0
PixelHit 446, 1680, 5.77421, 0
PixelHit 447, 1676, 2.58082, 0
PixelHit 447, 1677, 22.0016, 0
PixelHit 447, 1678, 55.671, 0
PixelHit 447, 1679, 24.7498, 0
PixelHit 447, 1680, 1.70141, 0
PixelHit 448, 1676, 5.30278, 0
PixelHit 448, 1677, 15.5252, 0
PixelHit 448, 1678, 15.4035, 0
PixelHit 448, 1679, 5.13551, 0
PixelHit 449, 1675, 8.84744, 0
PixelHit 449, 1676, 21.9544, 0
PixelHit 449, 1677, 13.1294, 0
PixelHit 449, 1678, 9.31509, 0
PixelHit 450, 1674, 5.35435, 0
PixelHit 450, 1675, 12.2858, 0
PixelHit 450, 1676, 48.6608, 0
PixelHit 450, 1677, 27.2864, 0
PixelHit 450, 1678, 6.68967, 0
PixelHit 451, 1674, 5.45502, 0
PixelHit 451, 1675, 27.9798, 0
PixelHit 451, 1676, 40.7596, 0
PixelHit 451, 1677, 16.8645, 0
PixelHit 452, 1673, 7.50453, 0
PixelHit 452, 1674, 21.1443, 0
PixelHit 452, 1675, 40.8581, 0
PixelHit 452, 1676, 20.7154, 0
PixelHit 452, 1677, 4.69376, 0
PixelHit 453, 1673, 10.735, 0
PixelHit 453, 1674, 52.6221, 0
PixelHit 453, 1675, 56.5213, 0
PixelHit 453, 1676, 12.7465, 0
PixelHit 454, 1672, 3.6268, 0
PixelHit 454, 1673, 12.2197, 0
PixelHit 454, 1674, 50.1543, 0
PixelHit 454, 1675, 30.2578, 0
PixelHit 454, 1676, 7.06403, 0
PixelHit 455, 1672, 4.40604, 0
PixelHit 455, 1673, 15.8409, 0
PixelHit 455, 1674, 22.7644, 0
PixelHit 455, 1675, 13.2099, 0
PixelHit 455, 1676, 3.96951, 0
PixelHit 456, 1671, 1.11024, 0
PixelHit 456, 1672, 10.8572, 0
PixelHit 456, 1673, 17.8407, 0
PixelHit 456, 1674, 7.23084, 0
PixelHit 456, 1675, 1.83827, 0
PixelHit 457, 1671, 8.18558, 0
PixelHit 457, 1672, 20.4393, 0
PixelHit 457, 1673, 10.1443, 0
PixelHit 457, 1674, 6.70381, 0
PixelHit 457, 1675, 1.89665, 0
PixelHit 458, 1670, 5.77776, 0
PixelHit 458, 1671, 7.36891, 0
PixelHit 458, 1672, 17.0792, 0
PixelHit 458, 1673, 11.1475, 0
PixelHit 458, 1674, 2.14782, 0
PixelHit 459, 1670, 1.98077, 0
PixelHit 459, 1671, 15.4487, 0
PixelHit 459, 1672, 12.9975, 0
PixelHit 459, 1673, 1.88306, 0
PixelHit 460, 1669, 5.59448, 0
PixelHit 460, 1670, 16.0098, 0
PixelHit 460, 1671, 7.74824, 0
PixelHit 460, 1672, 10.302, 0
PixelHit 460, 1673, 2.73999, 0
PixelHit 461, 1667, 0.888344, 0
PixelHit 461, 1669, 14.2325, 0
PixelHit 461, 1670, 19.5967, 0
PixelHit 461, 1671, 14.2575, 0
PixelHit 461, 1672, 4.73874, 0
PixelHit 462, 1668, 14.2499, 0
PixelHit 462, 1669, 21.8898, 0
PixelHit 462, 1670, 34.0607, 0
PixelHit 462, 1671, 10.6648, 0
PixelHit 462, 1672, 5.16671, 0
PixelHit 463, 1667, 5.83774, 0
PixelHit 463, 1668, 21.3296, 0
PixelHit 463, 1669, 35.5956, 0
PixelHit 463, 1670, 21.0879, 0
PixelHit 463, 1671, 15.4474, 0
PixelHit 463, 1672, 5.58079, 0
PixelHit 464, 1667, 3.02615, 0
PixelHit 464, 1668, 28.9453, 0
PixelHit 464, 1669, 50.8301, 0
PixelHit 464, 1670, 23.1292, 0
PixelHit 464, 1671, 7.46154, 0
PixelHit 464, 1672, 2.64447, 0
PixelHit 465, 1666, 2.32541, 0
PixelHit 465, 1667, 14.3256, 0
PixelHit 465, 1668, 33.5699, 0
PixelHit 465, 1669, 42.9412, 0
PixelHit 465, 1670, 15.2437, 0
PixelHit 465, 1671, 4.1543, 0
PixelHit 465, 1672, 3.0781, 0
PixelHit 466, 1664, 0.938729, 0
PixelHit 466, 1666, 2.1275, 0
PixelHit 466, 1667, 13.0739, 0
PixelHit 466, 1668, 13.6262, 0
PixelHit 466, 1669, 14.4358, 0
PixelHit 466, 1670, 0.25782, 0
PixelHit 467, 1665, 3.56576, 0
PixelHit 467, 1666, 7.28602, 0
PixelHit 467, 1667, 14.0276, 0
PixelHit 467, 1668, 12.0037, 0
PixelHit 467, 1669, 1.54131, 0
PixelHit 468, 1665, 6.97177, 0
PixelHit 468, 1666, 8.87272, 0
PixelHit 468, 1667, 12.8354, 0
PixelHit 468, 1668, 4.53284, 0
PixelHit 468, 1669, 5.15277, 0
PixelHit 469, 1662, 2.1886, 0
PixelHit 469, 1663, 2.07907, 0
PixelHit 469, 1664, 6.4053, 0
PixelHit 469, 1665, 12.1911, 0
PixelHit 469, 1666, 22.9821, 0
PixelHit 469, 1667, 17.0352, 0
PixelHit 469, 1668, 5.70958, 0
PixelHit 469, 1670, 3.36601, 0
PixelHit 470, 1663, 6.04537, 0
PixelHit 470, 1664, 15.7688, 0
PixelHit 470, 1665, 26.236, 0
PixelHit 470, 1666, 30.2692, 0
PixelHit 470, 1667, 10.2401, 0
PixelHit 470, 1668, 1.00185, 0
PixelHit 471, 1662, 1.403, 0
PixelHit 471, 1663, 7.76066, 0
PixelHit 471, 1664, 29.2992, 0
PixelHit 471, 1665, 48.483, 0
PixelHit 471, 1666, 24.3512, 0
PixelHit 471, 1667, 10.6459, 0
PixelHit 471, 1668, 1.93231, 0
PixelHit 472, 1662, 7.13039, 0
PixelHit 472, 1663, 13.6451, 0
PixelHit 472, 1664, 24.7883, 0
PixelHit 472, 1665, 25.734, 0
PixelHit 472, 1666, 14.74, 0
PixelHit 472, 1667, 5.7449, 0
PixelHit 473, 1661, 4.92252, 0
PixelHit 473, 1662, 9.56204, 0
PixelHit 473, 1663, 38.5192, 0
PixelHit 473, 1664, 30.8023, 0
PixelHit 473, 1665, 31.4104, 0
PixelHit 473, 1666, 8.27482, 0
PixelHit 473, 1667, 5.03151, 0
PixelHit 473, 1668, 0.487945, 0
PixelHit 474, 1660, 1.25588, 0
PixelHit 474, 1661, 4.66247, 0
PixelHit 474, 1662, 17.7235, 0
PixelHit 474, 1663, 47.8716, 0
PixelHit 474, 1664, 40.3056, 0
PixelHit 474, 1665, 21.2243, 0
PixelHit 474, 1666, 3.76713, 0
PixelHit 475, 1660, 2.48183, 0
PixelHit 475, 1661, 3.46425, 0
PixelHit 475, 1662, 24.5856, 0
PixelHit 475, 1663, 35.1881, 0
PixelHit 475, 1664, 19.8583, 0
PixelHit 475, 1665, 12.0371, 0
PixelHit 476, 1661, 9.59215, 0
PixelHit 476, 1662, 18.5146, 0
PixelHit 476, 1663, 19.1244, 0
PixelHit 476, 1664, 14.3877, 0
PixelHit 476, 1665, 5.56644, 0
PixelHit 477, 1659, 3.52486, 0
PixelHit 477, 1660, 10.091, 0
PixelHit 477, 1661, 14.5124, 0
PixelHit 477, 1662, 18.5259, 0
PixelHit 477, 1663, 2.47616, 0
PixelHit 477, 1664, 4.59184, 0
PixelHit 478, 1659, 5.71738, 0
PixelHit 478, 1660, 20.4934, 0
PixelHit 478, 1661, 23.6278, 0
PixelHit 478, 1662, 16.9829, 0
PixelHit 478, 1663, 10.5124, 0
PixelHit 479, 1659, 9.01757, 0
PixelHit 479, 1660, 10.8852, 0
PixelHit 479, 1661, 19.5872, 0
PixelHit 479, 1662, 11.8951, 0
PixelHit 479, 1663, 3.35083, 0
PixelHit 480, 1657, 0.944101, 0
PixelHit 480, 1658, 1.33796, 0
PixelHit 480, 1659, 10.4755, 0
PixelHit 480, 1660, 21.325, 0
PixelHit 480, 1661, 9.27462, 0
PixelHit 480, 1662, 7.20696, 0
PixelHit 481, 1657, 1.05682, 0
PixelHit 481, 1658, 2.5327, 0
PixelHit 481, 1659, 7.93522, 0
PixelHit 481, 1660, 8.34426, 0
PixelHit 481, 1661, 9.82036, 0
PixelHit 481, 1662, 7.05421, 0
PixelHit 482, 1659, 5.89465, 0
PixelHit 482, 1660, 6.41594, 0
PixelHit 482, 1661, 4.80308, 0
PixelHit 482, 1662, 5.13315, 0
PixelHit 483, 1658, 2.13983, 0
PixelHit 483, 1660, 3.91727, 0
PixelHit 484, 1657, 2.12575, 0
PixelHit 484, 1658, 0.859775, 0
=== 17 ===
=== 18 ===
=== 19 ===
=== 20 ===
=== 21 ===
=== 22 ===
=== 23 ===
=== 24 ===
=== 25 ===
=== 26 ===
=== 27 ===
=== 28 ===
=== 29 ===
=== 30 ===
=== 31 ===
=== 32 ===
=== 33 ===
=== 34 ===
=== 35 ===
=== 36 ===
=== 37 ===
=== 38 ===
=== 39 ===
=== 40 ===
=== 41 ===
=== 42 ===
=== 43 ===
=== 44 ===
=== 45 ===
=== 46 ===
=== 47 ===
=== 48 ===
=== 49 ===
=== 50 ===
=== 51 ===
=== 52 ===
=== 53 ===
=== 54 ===
=== 55 ===
=== 56 ===
=== 57 ===
=== 58 ===
=== 59 ===
=== 60 ===
=== 61 ===
=== 62 ===
=== 63 ===
=== 64 ===
=== 65 ===
=== 66 ===
=== 67 ===
=== 68 ===
=== 69 ===
=== 70 ===
=== 71 ===
=== 72 ===
=== 73 ===
=== 74 ===
=== 75 ===
=== 76 ===
=== 77 ===
=== 78 ===
=== 79 ===
=== 80 ===
=== 81 ===
=== 82 ===
=== 83 ===
=== 84 ===
=== 85 ===
=== 86 ===
--- mydetector ---
PixelHit 950, 1402, 53.6397, 0
PixelHit 951, 1401, 23.4756, 0
PixelHit 951, 1402, 101.976, 0
PixelHit 952, 1400, 0.589285, 0
PixelHit 952, 1401, 52.6194, 0
PixelHit 952, 1402, 41.4453, 0
PixelHit 953, 1400, 15.1657, 0
PixelHit 953, 1401, 41.4688, 0
PixelHit 953, 1402, 2.79221, 0
PixelHit 954, 1400, 5.77681, 0
PixelHit 954, 1401, 6.87782, 0
PixelHit 955, 1399, 1.88361, 0
PixelHit 956, 1398, 3.9924, 0
PixelHit 956, 1399, 14.0173, 0
PixelHit 956, 1400, 3.55841, 0
PixelHit 957, 1397, 1.70696, 0
PixelHit 957, 1398, 34.6883, 0
PixelHit 957, 1399, 28.8556, 0
PixelHit 958, 1397, 10.063, 0
PixelHit 958, 1398, 113.823, 0
PixelHit 958, 1399, 43.2852, 0
PixelHit 959, 1396, 7.64209, 0
PixelHit 959, 1397, 84.1391, 0
PixelHit 959, 1398, 56.1054, 0
PixelHit 959, 1399, 5.35063, 0
PixelHit 960, 1396, 11.1098, 0
PixelHit 960, 1397, 175.588, 0
PixelHit 960, 1398, 83.0443, 0
PixelHit 961, 1395, 2.77942, 0
PixelHit 961, 1396, 7.95703, 0
PixelHit 961, 1397, 18.781, 0
PixelHit 961, 1398, 8.67098, 0
PixelHit 962, 1395, 42.3742, 0
PixelHit 962, 1396, 79.5496, 0
PixelHit 962, 1397, 10.4059, 0
PixelHit 963, 1393, 1.87929, 0
PixelHit 963, 1394, 4.1934, 0
PixelHit 963, 1395, 66.5938, 0
PixelHit 963, 1396, 146.166, 0
PixelHit 963, 1397, 7.73735, 0
PixelHit 964, 1394, 12.9265, 0
PixelHit 964, 1395, 32.0333, 0
PixelHit 964, 1396, 27.4934, 0
PixelHit 964, 1397, 2.88971, 0
PixelHit 965, 1393, 18.195, 0
PixelHit 965, 1394, 40.3845, 0
PixelHit 965, 1395, 20.8743, 0
PixelHit 965, 1396, 3.21513, 0
PixelHit 966, 1392, 21.6327, 0
PixelHit 966, 1393, 174.763, 0
PixelHit 966, 1394, 165.843, 0
PixelHit 966, 1395, 31.931, 0
PixelHit 967, 1392, 40.7152, 0
PixelHit 967, 1393, 397.783, 0
PixelHit 967, 1394, 269.799, 0
PixelHit 967, 1395, 30.7911, 0
PixelHit 968, 1392, 9.9709, 0
PixelHit 968, 1393, 103.479, 0
PixelHit 968, 1394, 76.7533, 0
PixelHit 968, 1395, 5.42964, 0
PixelHit 969, 1391, 2.58584, 0
PixelHit 969, 1392, 5.46538, 0
PixelHit 970, 1390, 3.91489, 0
PixelHit 970, 1391, 36.2453, 0
PixelHit 970, 1392, 37.2058, 0
PixelHit 970, 1393, 6.23361, 0
PixelHit 971, 1390, 18.6954, 0
PixelHit 971, 1391, 59.6592, 0
PixelHit 971, 1392, 53.7459, 0
PixelHit 971, 1393, 9.84604, 0
PixelHit 972, 1389, 4.03141, 0
PixelHit 972, 1390, 11.0009, 0
PixelHit 972, 1391, 26.4532, 0
PixelHit 972, 1392, 20.0194, 0
PixelHit 973, 1389, 13.5975, 0
PixelHit 973, 1390, 29.7087, 0
PixelHit 973, 1391, 19.9552, 0
PixelHit 973, 1392, 0.778287, 0
PixelHit 974, 1388, 5.55039, 0
PixelHit 974, 1389, 24.4218, 0
PixelHit 974, 1390, 30.3588, 0
PixelHit 974, 1391, 15.0919, 0
PixelHit 975, 1388, 17.7831, 0
PixelHit 975, 1389, 48.6223, 0
PixelHit 975, 1390, 28.2753, 0
PixelHit 975, 1391, 4.02996, 0
PixelHit 976, 1387, 5.68692, 0
PixelHit 976, 1388, 21.9078, 0
PixelHit 976, 1389, 36.7128, 0
PixelHit 976, 1390, 18.7446, 0
PixelHit 977, 1386, 2.76513, 0
PixelHit 977, 1387, 2.57186, 0
PixelHit 977, 1388, 17.8186, 0
PixelHit 977, 1389, 15.9439, 0
PixelHit 977, 1390, 3.83116, 0
PixelHit 978, 1386, 2.32733, 0
PixelHit 978, 1387, 9.19329, 0
PixelHit 978, 1388, 11.1574, 0
PixelHit 978, 1389, 5.91473, 0
PixelHit 979, 1385, 0.907119, 0
PixelHit 979, 1386, 5.97304, 0
PixelHit 979, 1387, 12.3132, 0
PixelHit 979, 1388, 14.7818, 0
PixelHit 980, 1385, 7.67542, 0
PixelHit 980, 1386, 20.9728, 0
PixelHit 980, 1387, 14.7571, 0
PixelHit 980, 1388, 7.57712, 0
PixelHit 981, 1384, 3.16848, 0
PixelHit 981, 1385, 11.1427, 0
PixelHit 981, 1386, 21.829, 0
PixelHit 981, 1387, 21.4136, 0
PixelHit 981, 1388, 2.53149, 0
PixelHit 982, 1384, 8.05462, 0
PixelHit 982, 1385, 30.1091, 0
PixelHit 982, 1386, 27.1365, 0
PixelHit 982, 1387, 17.523, 0
PixelHit 983, 1383, 1.91053, 0
PixelHit 983, 1384, 12.7126, 0
PixelHit 983, 1385, 31.6939, 0
PixelHit 983, 1386, 20.2604, 0
PixelHit 983, 1387, 4.02346, 0
PixelHit 984, 1383, 5.11153, 0
PixelHit 984, 1384, 7.51528, 0
PixelHit 984, 1385, 22.0482, 0
PixelHit 984, 1386, 7.32209, 0
PixelHit 985, 1383, 11.8, 0
PixelHit 985, 1384, 25.7314, 0
PixelHit 985, 1385, 10.2071, 0
PixelHit 985, 1386, 2.80999, 0
PixelHit 986, 1381, 1.78457, 0
PixelHit 986, 1382, 11.5902, 0
PixelHit 986, 1383, 49.9542, 0
PixelHit 986, 1384, 51.4815, 0
PixelHit 986, 1385, 10.05, 0
PixelHit 986, 1386, 0.659822, 0
PixelHit 987, 1381, 3.86942, 0
PixelHit 987, 1382, 14.0172, 0
PixelHit 987, 1383, 58.2726, 0
PixelHit 987, 1384, 36.0094, 0
PixelHit 987, 1385, 11.0789, 0
PixelHit 987, 1386, 1.68521, 0
PixelHit 988, 1380, 3.37836, 0
PixelHit 988, 1381, 3.08664, 0
PixelHit 988, 1382, 14.3631, 0
PixelHit 988, 1383, 24.6149, 0
PixelHit 988, 1384, 18.2983, 0
PixelHit 988, 1385, 3.60941, 0
PixelHit 989, 1380, 4.92413, 0
PixelHit 989, 1381, 12.1178, 0
PixelHit 989, 1382, 24.0474, 0
PixelHit 989, 1383, 11.6637, 0
PixelHit 989, 1384, 5.64073, 0
PixelHit 989, 1385, 3.0243, 0
PixelHit 990, 1378, 0.101947, 0
PixelHit 990, 1380, 5.18783, 0
PixelHit 990, 1381, 32.2696, 0
PixelHit 990, 1382, 26.414, 0
PixelHit 990, 1383, 8.13682, 0
PixelHit 991, 1379, 3.06902, 0
PixelHit 991, 1380, 6.19965, 0
PixelHit 991, 1381, 24.5284, 0
PixelHit 991, 1382, 19.8818, 0
PixelHit 991, 1383, 5.18686, 0
PixelHit 991, 1384, 2.40249, 0
PixelHit 992, 1379, 10.9087, 0
PixelHit 992, 1380, 10.023, 0
PixelHit 992, 1381, 10.5278, 0
PixelHit 992, 1382, 8.2312, 0
PixelHit 993, 1377, 2.23396, 0
PixelHit 993, 1378, 3.23557, 0
PixelHit 993, 1379, 11.1627, 0
PixelHit 993, 1380, 29.6473, 0
PixelHit 993, 1381, 15.2626, 0
PixelHit 994, 1378, 9.70866, 0
PixelHit 994, 1379, 35.2363, 0
PixelHit 994, 1380, 26.3469, 0
PixelHit 994, 1381, 8.55277, 0
PixelHit 995, 1377, 3.5444, 0
PixelHit 995, 1378, 19.5628, 0
PixelHit 995, 1379, 37.8782, 0
PixelHit 995, 1380, 31.8189, 0
PixelHit 995, 1381, 7.40436, 0
PixelHit 996, 1376, 2.38529, 0
PixelHit 996, 1377, 16.4575, 0
PixelHit 996, 1378, 42.4511, 0
PixelHit 996, 1379, 27.8945, 0
PixelHit 996, 1380, 14.2663, 0
PixelHit 996, 1381, 5.93133, 0
PixelHit 997, 1376, 4.50107, 0
PixelHit 997, 1377, 31.5168, 0
PixelHit 997, 1378, 41.6895, 0
PixelHit 997, 1379, 27.5285, 0
PixelHit 997, 1380, 6.44, 0
PixelHit 998, 1373, 1.81625, 0
PixelHit 998, 1375, 2.46699, 0
PixelHit 998, 1376, 12.7581, 0
PixelHit 998, 1377, 29.4136, 0
PixelHit 998, 1378, 33.4588, 0
PixelHit 998, 1379, 15.9589, 0
PixelHit 998, 1380, 4.05049, 0
PixelHit 999, 1375, 4.90958, 0
PixelHit 999, 1376, 11.6306, 0
PixelHit 999, 1377, 21.0375, 0
PixelHit 999, 1378, 18.2263, 0
PixelHit 999, 1379, 5.71325, 0
PixelHit 999, 1380, 4.08041, 0
PixelHit 1000, 1375, 4.26281, 0
PixelHit 1000, 1376, 7.71469, 0
PixelHit 1000, 1377, 4.01789, 0
PixelHit 1000, 1378, 9.38147, 0
PixelHit 1000, 1379, 2.47404, 0
PixelHit 1001, 1373, 2.18276, 0
PixelHit 1001, 1374, 3.11722, 0
PixelHit 1001, 1375, 6.43059, 0
PixelHit 1001, 1376, 10.4813, 0
PixelHit 1001, 1377, 4.47032, 0
PixelHit 1001, 1378, 2.45329, 0
PixelHit 1002, 1374, 2.83389, 0
PixelHit 1002, 1375, 8.48397, 0
PixelHit 1002, 1376, 5.06482, 0
PixelHit 1002, 1377, 2.18285, 0
PixelHit 1003, 1373, 3.78816, 0
PixelHit 1003, 1374, 1.21495, 0
PixelHit 1003, 1375, 4.59312, 0
PixelHit 1003, 1376, 3.20292, 0
PixelHit 1003, 1377, 3.30735, 0
PixelHit 1004, 1370, 1.93558, 0
PixelHit 1004, 1371, 2.23732, 0
PixelHit 1004, 1372, 1.48569, 0
PixelHit 1004, 1373, 8.11218, 0
PixelHit 1004, 1374, 9.49249, 0
PixelHit 1004, 1375, 7.5892, 0
PixelHit 1004, 1377, 2.00281, 0
PixelHit 1005, 1370, 2.8462, 0
PixelHit 1005, 1371, 3.35169, 0
PixelHit 1005, 1372, 10.377, 0
PixelHit 1005, 1373, 19.5982, 0
PixelHit 1005, 1374, 18.0743, 0
PixelHit 1005, 1375, 4.30698, 0
PixelHit 1006, 1372, 10.2866, 0
PixelHit 1006, 1373, 26.9891, 0
PixelHit 1006, 1374, 27.0236, 0
PixelHit 1006, 1375, 11.7812, 0
PixelHit 1007, 1371, 4.4621, 0
PixelHit 1007, 1372, 18.579, 0
PixelHit 1007, 1373, 21.0591, 0
PixelHit 1007, 1374, 19.118, 0
PixelHit 1007, 1375, 6.40069, 0
PixelHit 1008, 1371, 8.08048, 0
PixelHit 1008, 1372, 8.01114, 0
PixelHit 1008, 1373, 13.1806, 0
PixelHit 1008, 1374, 8.72225, 0
PixelHit 1008, 1375, 2.20371, 0
PixelHit 1009, 1370, 6.5292, 0
PixelHit 1009, 1371, 7.38513, 0
PixelHit 1009, 1372, 7.14322, 0
PixelHit 1009, 1373, 10.8649, 0
PixelHit 1009, 1374, 3.89682, 0
PixelHit 1010, 1369, 4.27888, 0
PixelHit 1010, 1370, 7.36636, 0
PixelHit 1010, 1371, 2.67612, 0
PixelHit 1010, 1372, 8.97303, 0
PixelHit 1010, 1373, 4.39383, 0
PixelHit 1010, 1375, 1.2243, 0
PixelHit 1011, 1368, 3.27032, 0
PixelHit 1011, 1369, 8.69865, 0
PixelHit 1011, 1370, 18.9463, 0
PixelHit 1011, 1371, 13.4729, 0
PixelHit 1011, 1372, 6.70659, 0
PixelHit 1011, 1373, 3.04373, 0
PixelHit 1012, 1367, 1.14713, 0
PixelHit 1012, 1368, 3.93085, 0
PixelHit 1012, 1369, 16.5377, 0
PixelHit 1012, 1370, 16.563, 0
PixelHit 1012, 1371, 7.13788, 0
PixelHit 1012, 1372, 10.2727, 0
PixelHit 1013, 1367, 2.1707, 0
PixelHit 1013, 1368, 4.46175, 0
PixelHit 1013, 1369, 18.3446, 0
PixelHit 1013, 1370, 16.2332, 0
PixelHit 1013, 1371, 8.47748, 0
PixelHit 1013, 1372, 1.65167, 0
PixelHit 1014, 1366, 2.70195, 0
PixelHit 1014, 1367, 2.62583, 0
PixelHit 1014, 1368, 17.9693, 0
PixelHit 1014, 1369, 20.0924, 0
PixelHit 1014, 1370, 22.8377, 0
PixelHit 1014, 1371, 5.86199, 0
PixelHit 1014, 1372, 1.81079, 0
PixelHit 1015, 1367, 2.65818, 0
PixelHit 1015, 1368, 17.485, 0
PixelHit 1015, 1369, 12.1329, 0
PixelHit 1015, 1370, 12.5512, 0
PixelHit 1015, 1371, 5.48161, 0
PixelHit 1015, 1372, 0.863631, 0
PixelHit 1016, 1366, 2.88568, 0
PixelHit 1016, 1367, 6.11344, 0
PixelHit 1016, 1368, 10.0743, 0
PixelHit 1016, 1369, 2.8147, 0
PixelHit 1016, 1370, 5.57331, 0
PixelHit 1017, 1366, 3.42872, 0
PixelHit 1017, 1367, 5.84718, 0
PixelHit 1017, 1368, 7.0437, 0
PixelHit 1017, 1369, 6.1585, 0
PixelHit 1017, 1370, 3.58761, 0
PixelHit 1018, 1364, 3.12982, 0
PixelHit 1018, 1365, 5.39689, 0
PixelHit 1018, 1366, 5.76842, 0
PixelHit 1018, 1367, 7.97771, 0
PixelHit 1018, 1368, 6.34207, 0
PixelHit 1018, 1369, 3.72817, 0
PixelHit 1019, 1364, -0.749395, 0
PixelHit 1019, 1365, 6.26812, 0
PixelHit 1019, 1366, 8.43254, 0
PixelHit 1019, 1367, 9.06875, 0
PixelHit 1019, 1368, 4.43592, 0
PixelHit 1019, 1369, 2.45776, 0
PixelHit 1020, 1365, 3.41213, 0
PixelHit 1020, 1366, 11.649, 0
PixelHit 1020, 1367, 12.3915, 0
PixelHit 1020, 1368, 3.9861, 0
PixelHit 1021, 1364, 5.71872, 0
PixelHit 1021, 1365, 2.10965, 0
PixelHit 1021, 1366, 7.30613, 0
PixelHit 1021, 1367, 7.58294, 0
PixelHit 1021, 1368, 0.86364, 0
PixelHit 1022, 1364, 2.87059, 0
PixelHit 1022, 1365, 4.80909, 0
PixelHit 1022, 1366, 7.12886, 0
PixelHit 1022, 1369, 1.2199, 0
PixelHit 1023, 1364, 2.03565, 0
PixelHit 1023, 1366, 4.15423, 0
PixelHit 1023, 1368, 1.36616, 0
PixelHit 1025, 1365, 1.4792, 0
=== 87 ===
=== 88 ===
=== 89 ===
=== 90 ===
=== 91 ===
=== 92 ===
=== 93 ===
=== 94 ===
=== 95 ===
=== 96 ===
=== 97 ===
=== 98 ===
=== 99 ===
=== 100 ===
# 655 objects from 3 messages
