# Allpix Squared ASCII data - https://cern.ch/allpix-squared

=== 1 ===
=== 2 ===
=== 3 ===
=== 4 ===
=== 5 ===
=== 6 ===
=== 7 ===
--- mydetector ---
PixelHit 520, 756, 0.441962, 0
PixelHit 521, 755, 55.1691, 0
PixelHit 521, 756, 93.1514, 0
PixelHit 522, 755, 71.6822, 0
PixelHit 522, 756, 41.3909, 0
PixelHit 523, 754, 3.5357, 0
PixelHit 523, 755, 56.7388, 0
PixelHit 523, 756, 2.35043, 0
PixelHit 524, 754, 9.45083, 0
PixelHit 524, 755, 85.2077, 0
PixelHit 524, 756, 4.74754, 0
PixelHit 525, 754, 9.85127, 0
PixelHit 525, 755, 11.9194, 0
PixelHit 526, 754, 4.4793, 0
PixelHit 526, 755, 6.32986, 0
PixelHit 527, 753, 2.33164, 0
PixelHit 527, 754, 8.04966, 0
PixelHit 527, 755, 4.90586, 0
PixelHit 528, 753, 11.9655, 0
PixelHit 528, 754, 49.8667, 0
PixelHit 528, 755, 15.5437, 0
PixelHit 529, 753, 13.2173, 0
PixelHit 529, 754, 32.8903, 0
PixelHit 529, 755, 9.1574, 0
PixelHit 530, 752, 0.56091, 0
PixelHit 530, 753, 22.1905, 0
PixelHit 530, 754, 54.3572, 0
PixelHit 530, 755, 4.64844, 0
PixelHit 531, 752, 1.42621, 0
PixelHit 531, 753, 13.7833, 0
PixelHit 531, 754, 21.3232, 0
PixelHit 532, 752, 4.95071, 0
PixelHit 532, 753, 14.6886, 0
PixelHit 533, 752, 9.95184, 0
PixelHit 533, 753, 22.9141, 0
PixelHit 533, 754, 10.8995, 0
PixelHit 533, 755, 1.75959, 0
PixelHit 534, 752, 6.50235, 0
PixelHit 534, 753, 13.5728, 0
PixelHit 534, 754, 9.78441, 0
PixelHit 535, 751, 2.57453, 0
PixelHit 535, 752, 9.58809, 0
PixelHit 535, 753, 15.4762, 0
PixelHit 535, 754, 2.68986, 0
PixelHit 536, 750, 1.75115, 0
PixelHit 536, 751, 10.6287, 0
PixelHit 536, 752, 36.1346, 0
PixelHit 536, 753, 29.5162, 0
PixelHit 536, 754, 4.44232, 0
PixelHit 537, 751, 25.7434, 0
PixelHit 537, 752, 57.0252, 0
PixelHit 537, 753, 30.6427, 0
PixelHit 537, 754, 5.08948, 0
PixelHit 538, 751, 37.4224, 0
PixelHit 538, 752, 65.3114, 0
PixelHit 538, 753, 31.5429, 0
PixelHit 538, 754, 7.44005, 0
PixelHit 538, 755, 1.71191, 0
PixelHit 539, 750, 4.50366, 0
PixelHit 539, 751, 26.847, 0
PixelHit 539, 752, 39.506, 0
PixelHit 539, 753, 22.3295, 0
PixelHit 540, 750, 9.58369, 0
PixelHit 540, 751, 37.7848, 0
PixelHit 540, 752, 35.7898, 0
PixelHit 540, 753, 10.9611, 0
PixelHit 541, 750, 6.63801, 0
PixelHit 541, 751, 16.4089, 0
PixelHit 541, 752, 13.7325, 0
PixelHit 541, 753, 5.12912, 0
PixelHit 542, 750, 4.88378, 0
PixelHit 542, 751, 5.56678, 0
PixelHit 542, 752, 1.58822, 0
PixelHit 543, 749, 2.78969, 0
PixelHit 543, 750, 8.67888, 0
PixelHit 543, 751, 7.79299, 0
PixelHit 543, 754, 0.63981, 0
PixelHit 544, 750, 9.35972, 0
PixelHit 544, 751, 3.89601, 0
PixelHit 544, 752, 4.91906, 0
PixelHit 544, 753, 3.97393, 0
PixelHit 545, 748, 3.18145, 0
PixelHit 545, 749, 11.1063, 0
PixelHit 545, 750, 31.7323, 0
PixelHit 545, 751, 37.3783, 0
PixelHit 545, 752, 18.6125, 0
PixelHit 545, 753, 1.96689, 0
PixelHit 546, 747, 1.52743, 0
PixelHit 546, 749, 11.1556, 0
PixelHit 546, 750, 45.3776, 0
PixelHit 546, 751, 29.4094, 0
PixelHit 546, 752, 13.9191, 0
PixelHit 546, 753, 0.456671, 0
PixelHit 547, 747, 1.4151, 0
PixelHit 547, 748, 4.03111, 0
PixelHit 547, 749, 10.6947, 0
PixelHit 547, 750, 23.9635, 0
PixelHit 547, 751, 15.6721, 0
PixelHit 547, 752, 4.4758, 0
PixelHit 548, 748, 5.07094, 0
PixelHit 548, 749, 3.89724, 0
PixelHit 548, 750, 17.7338, 0
PixelHit 548, 751, 9.13521, 0
PixelHit 548, 752, 1.49549, 0
PixelHit 549, 748, 2.59158, 0
PixelHit 549, 749, 10.7168, 0
PixelHit 549, 750, 13.7664, 0
PixelHit 549, 751, 4.27639, 0
PixelHit 549, 752, 1.96379, 0
PixelHit 550, 747, 0.440685, 0
PixelHit 550, 748, 7.63932, 0
PixelHit 550, 749, 2.84906, 0
PixelHit 550, 750, 5.61502, 0
PixelHit 550, 751, 6.34958, 0
PixelHit 551, 747, 1.78483, 0
PixelHit 551, 748, 3.15338, 0
PixelHit 551, 749, 7.61122, 0
PixelHit 551, 750, 5.18172, 0
PixelHit 551, 751, 1.41689, 0
PixelHit 552, 748, 0.934466, 0
PixelHit 552, 749, 7.95127, 0
PixelHit 552, 750, 2.54023, 0
PixelHit 552, 751, 1.29363, 0
PixelHit 552, 752, 1.61776, 0
PixelHit 553, 747, 2.20287, 0
PixelHit 553, 748, 4.52473, 0
PixelHit 553, 749, 2.76742, 0
PixelHit 553, 750, 4.56383, 0
PixelHit 553, 751, 4.51755, 0
PixelHit 554, 748, 8.19698, 0
PixelHit 554, 749, 9.46065, 0
PixelHit 554, 750, 4.121, 0
PixelHit 555, 746, 2.54688, 0
PixelHit 555, 747, 1.17834, 0
PixelHit 555, 748, 4.63217, 0
PixelHit 555, 749, 1.63168, 0
PixelHit 556, 746, 1.47407, 0
PixelHit 556, 747, 6.82213, 0
PixelHit 556, 748, 16.2578, 0
PixelHit 556, 749, 11.2429, 0
PixelHit 556, 750, 2.26033, 0
PixelHit 556, 751, 1.43879, 0
PixelHit 557, 745, 4.456, 0
PixelHit 557, 746, 8.68016, 0
PixelHit 557, 747, 23.7803, 0
PixelHit 557, 748, 27.1167, 0
PixelHit 557, 749, 19.9569, 0
PixelHit 557, 750, 6.07857, 0
PixelHit 557, 751, 2.8698, 0
PixelHit 558, 745, 5.0247, 0
PixelHit 558, 746, 16.7469, 0
PixelHit 558, 747, 35.8481, 0
PixelHit 558, 748, 39.3851, 0
PixelHit 558, 749, 30.1008, 0
PixelHit 558, 750, 7.8218, 0
PixelHit 559, 745, 1.71464, 0
PixelHit 559, 746, 21.9895, 0
PixelHit 559, 747, 45.869, 0
PixelHit 559, 748, 48.6286, 0
PixelHit 559, 749, 26.6457, 0
PixelHit 559, 750, 11.0383, 0
PixelHit 560, 745, -1.03304, 0
PixelHit 560, 746, 20.2594, 0
PixelHit 560, 747, 25.5201, 0
PixelHit 560, 748, 47.4373, 0
PixelHit 560, 749, 13.3229, 0
PixelHit 561, 746, 5.95136, 0
PixelHit 561, 747, 10.8721, 0
PixelHit 561, 748, 14.0492, 0
PixelHit 561, 749, 7.68648, 0
PixelHit 562, 746, 2.57521, 0
PixelHit 562, 747, 1.89363, 0
PixelHit 562, 748, 3.97488, 0
PixelHit 564, 748, 1.00327, 0
=== 8 ===
=== 9 ===
=== 10 ===
=== 11 ===
=== 12 ===
=== 13 ===
=== 14 ===
=== 15 ===
=== 16 ===
=== 17 ===
=== 18 ===
=== 19 ===
=== 20 ===
--- mydetector ---
PixelHit 1232, 1347, 3.33595, 0
PixelHit 1232, 1348, 3.81419, 0
PixelHit 1233, 1347, 40.8755, 0
PixelHit 1233, 1348, 9.71753, 0
PixelHit 1234, 1346, 4.55746, 0
PixelHit 1234, 1347, 66.4625, 0
PixelHit 1234, 1348, 2.05821, 0
PixelHit 1235, 1346, 20.0036, 0
PixelHit 1235, 1347, 44.7673, 0
PixelHit 1235, 1348, 2.2497, 0
PixelHit 1236, 1345, 1.12018, 0
PixelHit 1236, 1346, 42.7963, 0
PixelHit 1236, 1347, 27.2314, 0
PixelHit 1236, 1348, 2.66565, 0
PixelHit 1237, 1345, 9.51109, 0
PixelHit 1237, 1346, 80.5121, 0
PixelHit 1237, 1347, 30.8992, 0
PixelHit 1238, 1346, 19.0141, 0
PixelHit 1238, 1347, 5.09803, 0
PixelHit 1239, 1344, 2.54133, 0
PixelHit 1239, 1345, 14.2575, 0
PixelHit 1239, 1346, 20.1888, 0
PixelHit 1239, 1347, 1.75172, 0
PixelHit 1240, 1344, 6.29033, 0
PixelHit 1240, 1345, 12.7344, 0
PixelHit 1240, 1346, 10.0767, 0
PixelHit 1241, 1343, 2.37499, 0
PixelHit 1241, 1344, 18.907, 0
PixelHit 1241, 1345, 53.9471, 0
PixelHit 1241, 1346, 6.3472, 0
PixelHit 1242, 1344, 31.7956, 0
PixelHit 1242, 1345, 53.0739, 0
PixelHit 1242, 1346, 4.89604, 0
PixelHit 1243, 1343, 4.92607, 0
PixelHit 1243, 1344, 14.1993, 0
PixelHit 1243, 1345, 2.18089, 0
PixelHit 1244, 1343, 8.01024, 0
PixelHit 1244, 1344, 20.5182, 0
PixelHit 1244, 1345, 6.79894, 0
PixelHit 1245, 1342, 3.28198, 0
PixelHit 1245, 1343, 12.5577, 0
PixelHit 1245, 1344, 21.468, 0
PixelHit 1245, 1345, 11.2926, 0
PixelHit 1246, 1343, 11.3779, 0
PixelHit 1246, 1344, 10.8485, 0
PixelHit 1246, 1345, 1.65011, 0
PixelHit 1247, 1342, 3.30965, 0
PixelHit 1247, 1343, 5.43144, 0
PixelHit 1247, 1344, 8.18052, 0
PixelHit 1248, 1341, 5.36496, 0
PixelHit 1248, 1342, 7.68647, 0
PixelHit 1248, 1343, 5.63384, 0
PixelHit 1249, 1340, 2.35082, 0
PixelHit 1249, 1341, 7.06412, 0
PixelHit 1249, 1342, 21.4596, 0
PixelHit 1249, 1343, 11.1963, 0
PixelHit 1249, 1344, 3.11374, 0
PixelHit 1250, 1340, 3.54589, 0
PixelHit 1250, 1341, 15.2371, 0
PixelHit 1250, 1342, 33.5728, 0
PixelHit 1250, 1343, 13.2768, 0
PixelHit 1250, 1344, 6.65665, 0
PixelHit 1251, 1341, 18.6996, 0
PixelHit 1251, 1342, 28.1291, 0
PixelHit 1251, 1343, 13.3487, 0
PixelHit 1252, 1339, 3.18718, 0
PixelHit 1252, 1340, 2.1539, 0
PixelHit 1252, 1341, 30.3847, 0
PixelHit 1252, 1342, 24.9599, 0
PixelHit 1252, 1343, 4.32669, 0
PixelHit 1253, 1339, 2.26814, 0
PixelHit 1253, 1340, 16.6186, 0
PixelHit 1253, 1341, 31.9473, 0
PixelHit 1253, 1342, 24.3001, 0
PixelHit 1253, 1343, 3.82675, 0
PixelHit 1254, 1338, 3.16322, 0
PixelHit 1254, 1339, 3.70439, 0
PixelHit 1254, 1340, 27.2307, 0
PixelHit 1254, 1341, 30.4815, 0
PixelHit 1254, 1342, 14.9619, 0
PixelHit 1254, 1343, 1.35633, 0
PixelHit 1254, 1345, 1.35431, 0
PixelHit 1255, 1338, 2.01191, 0
PixelHit 1255, 1339, 16.0005, 0
PixelHit 1255, 1340, 20.4971, 0
PixelHit 1255, 1341, 39.3029, 0
PixelHit 1255, 1342, 11.3116, 0
PixelHit 1255, 1343, 4.76287, 0
PixelHit 1256, 1338, 9.68937, 0
PixelHit 1256, 1339, 13.392, 0
PixelHit 1256, 1340, 30.2856, 0
PixelHit 1256, 1341, 18.5959, 0
PixelHit 1256, 1342, 4.34854, 0
PixelHit 1257, 1338, 5.84744, 0
PixelHit 1257, 1339, 16.6117, 0
PixelHit 1257, 1340, 21.5717, 0
PixelHit 1257, 1341, 11.0069, 0
PixelHit 1257, 1342, 1.95067, 0
PixelHit 1258, 1337, 4.26529, 0
PixelHit 1258, 1338, 16.1752, 0
PixelHit 1258, 1339, 25.9292, 0
PixelHit 1258, 1340, 21.7602, 0
PixelHit 1258, 1341, 6.79904, 0
PixelHit 1258, 1342, 0.22828, 0
PixelHit 1259, 1337, 7.58595, 0
PixelHit 1259, 1338, 18.6969, 0
PixelHit 1259, 1339, 17.8536, 0
PixelHit 1259, 1340, 13.5841, 0
PixelHit 1259, 1341, 10.2791, 0
PixelHit 1259, 1342, 1.81257, 0
PixelHit 1260, 1336, 1.24475, 0
PixelHit 1260, 1337, 11.6639, 0
PixelHit 1260, 1338, 19.2713, 0
PixelHit 1260, 1339, 36.2927, 0
PixelHit 1260, 1340, 17.4212, 0
PixelHit 1260, 1341, 5.61453, 0
PixelHit 1260, 1342, 3.02462, 0
PixelHit 1261, 1336, 2.38635, 0
PixelHit 1261, 1337, 11.1905, 0
PixelHit 1261, 1338, 26.6323, 0
PixelHit 1261, 1339, 30.7178, 0
PixelHit 1261, 1340, 16.0106, 0
PixelHit 1261, 1341, 1.9682, 0
PixelHit 1261, 1342, 1.12556, 0
PixelHit 1262, 1336, 9.7469, 0
PixelHit 1262, 1337, 25.0755, 0
PixelHit 1262, 1338, 30.2536, 0
PixelHit 1262, 1339, 31.9263, 0
PixelHit 1262, 1340, 10.2878, 0
PixelHit 1263, 1336, 18.0937, 0
PixelHit 1263, 1337, 31.0697, 0
PixelHit 1263, 1338, 34.5545, 0
PixelHit 1263, 1339, 23.8255, 0
PixelHit 1263, 1340, 7.41258, 0
PixelHit 1264, 1335, 7.52455, 0
PixelHit 1264, 1336, 18.1322, 0
PixelHit 1264, 1337, 29.2049, 0
PixelHit 1264, 1338, 34.3962, 0
PixelHit 1264, 1339, 16.8171, 0
PixelHit 1264, 1340, 3.01039, 0
PixelHit 1264, 1341, 2.12713, 0
PixelHit 1265, 1334, 2.21345, 0
PixelHit 1265, 1335, 7.65944, 0
PixelHit 1265, 1336, 21.4066, 0
PixelHit 1265, 1337, 16.549, 0
PixelHit 1265, 1338, 21.0072, 0
PixelHit 1265, 1339, 11.9979, 0
PixelHit 1266, 1334, 1.94303, 0
PixelHit 1266, 1335, 10.41, 0
PixelHit 1266, 1336, 14.5435, 0
PixelHit 1266, 1337, 11.0996, 0
PixelHit 1266, 1338, 19.5531, 0
PixelHit 1266, 1339, 8.53502, 0
PixelHit 1267, 1334, 1.52691, 0
PixelHit 1267, 1335, 9.46749, 0
PixelHit 1267, 1336, 21.1348, 0
PixelHit 1267, 1337, 18.5513, 0
PixelHit 1267, 1338, 10.3234, 0
PixelHit 1267, 1339, 5.96852, 0
PixelHit 1268, 1334, 3.81965, 0
PixelHit 1268, 1335, 9.06642, 0
PixelHit 1268, 1336, 14.7144, 0
PixelHit 1268, 1337, 10.8433, 0
PixelHit 1268, 1338, 9.22528, 0
PixelHit 1268, 1339, 3.14236, 0
PixelHit 1269, 1333, 2.29481, 0
PixelHit 1269, 1334, 2.29849, 0
PixelHit 1269, 1336, 6.56519, 0
PixelHit 1269, 1337, 0.328481, 0
PixelHit 1269, 1339, 2.50477, 0
PixelHit 1270, 1336, 1.08601, 0
PixelHit 1270, 1337, 3.95779, 0
=== 21 ===
=== 22 ===
=== 23 ===
=== 24 ===
=== 25 ===
=== 26 ===
=== 27 ===
=== 28 ===
=== 29 ===
=== 30 ===
=== 31 ===
=== 32 ===
=== 33 ===
=== 34 ===
=== 35 ===
=== 36 ===
=== 37 ===
=== 38 ===
=== 39 ===
=== 40 ===
=== 41 ===
=== 42 ===
=== 43 ===
=== 44 ===
--- mydetector ---
PixelHit 1936, 644, 10.3194, 0
PixelHit 1936, 645, 10.1703, 0
PixelHit 1937, 643, 5.35624, 0
PixelHit 1937, 644, 45.845, 0
PixelHit 1937, 645, 6.39093, 0
PixelHit 1938, 642, 1.8047, 0
PixelHit 1938, 643, 38.4329, 0
PixelHit 1938, 644, 63.1785, 0
PixelHit 1938, 645, 6.00068, 0
PixelHit 1939, 642, 10.7965, 0
PixelHit 1939, 643, 74.0553, 0
PixelHit 1939, 644, 77.1068, 0
PixelHit 1939, 645, 3.09603, 0
PixelHit 1940, 642, 21.8857, 0
PixelHit 1940, 643, 55.7102, 0
PixelHit 1940, 644, 25.5953, 0
PixelHit 1940, 645, 0.38919, 0
PixelHit 1941, 642, 16.1963, 0
PixelHit 1941, 643, 31.2013, 0
PixelHit 1941, 644, 2.32641, 0
PixelHit 1942, 640, 3.80318, 0
PixelHit 1942, 641, 34.8791, 0
PixelHit 1942, 642, 53.0521, 0
PixelHit 1942, 643, 17.8241, 0
PixelHit 1943, 640, 7.32071, 0
PixelHit 1943, 641, 76.7106, 0
PixelHit 1943, 642, 121.054, 0
PixelHit 1943, 643, 38.63, 0
PixelHit 1944, 640, 16.6048, 0
PixelHit 1944, 641, 68.4282, 0
PixelHit 1944, 642, 83.4179, 0
PixelHit 1944, 643, 9.77496, 0
PixelHit 1945, 639, 3.81606, 0
PixelHit 1945, 640, 19.5149, 0
PixelHit 1945, 641, 28.7938, 0
PixelHit 1945, 642, 17.8388, 0
PixelHit 1946, 638, 1.66509, 0
PixelHit 1946, 639, 19.4402, 0
PixelHit 1946, 640, 31.215, 0
PixelHit 1946, 641, 40.5088, 0
PixelHit 1946, 642, 12.2425, 0
PixelHit 1947, 639, 21.1989, 0
PixelHit 1947, 640, 40.4013, 0
PixelHit 1947, 641, 24.7977, 0
PixelHit 1947, 642, 5.20036, 0
PixelHit 1948, 637, 1.4952, 0
PixelHit 1948, 638, 10.2269, 0
PixelHit 1948, 639, 24.4349, 0
PixelHit 1948, 640, 20.1642, 0
PixelHit 1948, 641, 17.7271, 0
PixelHit 1948, 642, 1.87733, 0
PixelHit 1949, 637, 6.07743, 0
PixelHit 1949, 638, 13.6932, 0
PixelHit 1949, 639, 41.1769, 0
PixelHit 1949, 640, 25.2089, 0
PixelHit 1949, 641, 5.86656, 0
PixelHit 1950, 637, 2.24992, 0
PixelHit 1950, 638, 24.5069, 0
PixelHit 1950, 639, 32.6379, 0
PixelHit 1950, 640, 24.612, 0
PixelHit 1950, 641, 5.21131, 0
PixelHit 1951, 636, 1.14015, 0
PixelHit 1951, 637, 6.29003, 0
PixelHit 1951, 638, 19.181, 0
PixelHit 1951, 639, 14.1672, 0
PixelHit 1951, 640, 7.51784, 0
PixelHit 1951, 641, 1.86987, 0
PixelHit 1952, 635, 3.25378, 0
PixelHit 1952, 636, 10.2551, 0
PixelHit 1952, 637, 23.2355, 0
PixelHit 1952, 638, 26.1649, 0
PixelHit 1952, 639, 24.5274, 0
PixelHit 1952, 640, 2.8478, 0
PixelHit 1952, 641, 1.62823, 0
PixelHit 1953, 634, 2.06789, 0
PixelHit 1953, 635, 6.94648, 0
PixelHit 1953, 636, 27.4331, 0
PixelHit 1953, 637, 36.9983, 0
PixelHit 1953, 638, 35.7523, 0
PixelHit 1953, 639, 22.7529, 0
PixelHit 1953, 640, 4.37907, 0
PixelHit 1954, 633, 1.60765, 0
PixelHit 1954, 634, 5.78072, 0
PixelHit 1954, 635, 22.8676, 0
PixelHit 1954, 636, 59.9842, 0
PixelHit 1954, 637, 92.6715, 0
PixelHit 1954, 638, 59.128, 0
PixelHit 1954, 639, 17.691, 0
PixelHit 1955, 634, 8.57585, 0
PixelHit 1955, 635, 24.9457, 0
PixelHit 1955, 636, 73.9305, 0
PixelHit 1955, 637, 96.9552, 0
PixelHit 1955, 638, 61.043, 0
PixelHit 1955, 639, 18.7099, 0
PixelHit 1956, 634, 5.52393, 0
PixelHit 1956, 635, 31.992, 0
PixelHit 1956, 636, 61.9601, 0
PixelHit 1956, 637, 63.2423, 0
PixelHit 1956, 638, 32.2683, 0
PixelHit 1956, 639, 7.63529, 0
PixelHit 1957, 633, 5.62073, 0
PixelHit 1957, 634, 5.86591, 0
PixelHit 1957, 635, 17.4636, 0
PixelHit 1957, 636, 45.0078, 0
PixelHit 1957, 637, 38.8569, 0
PixelHit 1957, 638, 12.8603, 0
PixelHit 1957, 639, 4.9728, 0
PixelHit 1958, 633, 3.74173, 0
PixelHit 1958, 634, 12.9405, 0
PixelHit 1958, 635, 24.9914, 0
PixelHit 1958, 636, 21.8018, 0
PixelHit 1958, 637, 23.0162, 0
PixelHit 1958, 638, 11.5531, 0
PixelHit 1958, 639, 0.998399, 0
PixelHit 1959, 633, 0.702547, 0
PixelHit 1959, 634, 5.42181, 0
PixelHit 1959, 635, 18.6259, 0
PixelHit 1959, 636, 10.2557, 0
PixelHit 1959, 637, 9.56738, 0
PixelHit 1960, 635, 15.7326, 0
PixelHit 1960, 636, 4.56586, 0
PixelHit 1960, 637, 2.90889, 0
PixelHit 1960, 638, 2.67673, 0
PixelHit 1961, 634, 4.5765, 0
PixelHit 1961, 636, 6.5989, 0
PixelHit 1962, 635, 1.70133, 0
PixelHit 1962, 636, 1.74025, 0
PixelHit 1962, 637, 2.22713, 0
=== 45 ===
=== 46 ===
=== 47 ===
=== 48 ===
=== 49 ===
=== 50 ===
--- mydetector ---
PixelHit 1489, 1678, 19.4449, 0
PixelHit 1489, 1679, 17.5949, 0
PixelHit 1490, 1677, 6.72274, 0
PixelHit 1490, 1678, 148.966, 0
PixelHit 1490, 1679, 26.0023, 0
PixelHit 1491, 1677, 28.5423, 0
PixelHit 1491, 1678, 68.3611, 0
PixelHit 1492, 1677, 50.0191, 0
PixelHit 1492, 1678, 17.4825, 0
PixelHit 1493, 1676, 3.29916, 0
PixelHit 1493, 1677, 7.42596, 0
PixelHit 1494, 1675, 2.14738, 0
PixelHit 1494, 1676, 13.7278, 0
PixelHit 1494, 1677, 1.44485, 0
PixelHit 1495, 1674, 1.97208, 0
PixelHit 1495, 1675, 22.8018, 0
PixelHit 1495, 1676, 33.4375, 0
PixelHit 1495, 1677, 1.19679, 0
PixelHit 1496, 1674, 1.88202, 0
PixelHit 1496, 1675, 30.9874, 0
PixelHit 1496, 1676, 25.3246, 0
PixelHit 1496, 1677, 1.56315, 0
PixelHit 1497, 1674, 5.35251, 0
PixelHit 1497, 1675, 16.0583, 0
PixelHit 1497, 1676, 5.16789, 0
PixelHit 1498, 1673, 7.60728, 0
PixelHit 1498, 1674, 6.54902, 0
PixelHit 1498, 1675, 5.1784, 0
PixelHit 1499, 1672, 5.87307, 0
PixelHit 1499, 1673, 40.0837, 0
PixelHit 1499, 1674, 37.6374, 0
PixelHit 1499, 1675, 4.47121, 0
PixelHit 1500, 1672, 13.2896, 0
PixelHit 1500, 1673, 35.0532, 0
PixelHit 1500, 1674, 36.3349, 0
PixelHit 1500, 1675, 5.80616, 0
PixelHit 1501, 1671, 3.19465, 0
PixelHit 1501, 1672, 25.2722, 0
PixelHit 1501, 1673, 23.3177, 0
PixelHit 1501, 1674, 13.5206, 0
PixelHit 1501, 1675, 1.58491, 0
PixelHit 1502, 1670, 2.78986, 0
PixelHit 1502, 1671, 13.5144, 0
PixelHit 1502, 1672, 35.4545, 0
PixelHit 1502, 1673, 28.2655, 0
PixelHit 1502, 1674, 3.28311, 0
PixelHit 1503, 1670, 6.45184, 0
PixelHit 1503, 1671, 17.3436, 0
PixelHit 1503, 1672, 29.0218, 0
PixelHit 1503, 1673, 15.923, 0
PixelHit 1504, 1669, 4.33534, 0
PixelHit 1504, 1670, 4.32601, 0
PixelHit 1504, 1671, 13.2712, 0
PixelHit 1504, 1672, 21.5026, 0
PixelHit 1504, 1673, 6.82289, 0
PixelHit 1505, 1668, 3.20181, 0
PixelHit 1505, 1669, 15.1154, 0
PixelHit 1505, 1670, 32.1473, 0
PixelHit 1505, 1671, 16.6646, 0
PixelHit 1505, 1672, 6.94613, 0
PixelHit 1506, 1668, 0.9344, 0
PixelHit 1506, 1669, 20.4556, 0
PixelHit 1506, 1670, 40.9017, 0
PixelHit 1506, 1671, 33.9998, 0
PixelHit 1506, 1672, 13.1212, 0
PixelHit 1507, 1668, 6.59139, 0
PixelHit 1507, 1669, 27.5471, 0
PixelHit 1507, 1670, 47.8869, 0
PixelHit 1507, 1671, 19.001, 0
PixelHit 1507, 1672, 6.16909, 0
PixelHit 1508, 1668, 9.41482, 0
PixelHit 1508, 1669, 36.7777, 0
PixelHit 1508, 1670, 29.2574, 0
PixelHit 1508, 1671, 12.2574, 0
PixelHit 1509, 1667, 2.6448, 0
PixelHit 1509, 1668, 7.75804, 0
PixelHit 1509, 1669, 23.4826, 0
PixelHit 1509, 1670, 18.9504, 0
PixelHit 1509, 1671, 4.02236, 0
PixelHit 1510, 1667, 4.10047, 0
PixelHit 1510, 1668, 8.9269, 0
PixelHit 1510, 1669, 10.6448, 0
PixelHit 1510, 1670, 5.28379, 0
PixelHit 1511, 1667, 3.36354, 0
PixelHit 1511, 1668, 6.07025, 0
PixelHit 1511, 1669, 1.22957, 0
PixelHit 1511, 1670, 1.49088, 0
PixelHit 1512, 1666, 8.0978, 0
PixelHit 1512, 1667, 5.89429, 0
PixelHit 1512, 1668, 1.89067, 0
PixelHit 1513, 1664, 1.86972, 0
PixelHit 1513, 1665, 3.41526, 0
PixelHit 1513, 1666, 9.10891, 0
PixelHit 1513, 1667, 4.34521, 0
PixelHit 1513, 1668, 1.91114, 0
PixelHit 1514, 1664, 1.13155, 0
PixelHit 1514, 1665, 8.25524, 0
PixelHit 1514, 1666, 8.30644, 0
PixelHit 1514, 1667, 10.1137, 0
PixelHit 1514, 1668, 5.72247, 0
PixelHit 1515, 1662, 2.79279, 0
PixelHit 1515, 1663, 3.99095, 0
PixelHit 1515, 1664, 9.78451, 0
PixelHit 1515, 1665, 21.3041, 0
PixelHit 1515, 1666, 28.5204, 0
PixelHit 1515, 1667, 11.015, 0
PixelHit 1515, 1668, 7.20696, 0
PixelHit 1515, 1669, 0.242475, 0
PixelHit 1516, 1662, 1.30661, 0
PixelHit 1516, 1663, 7.06168, 0
PixelHit 1516, 1664, 21.1104, 0
PixelHit 1516, 1665, 52.5552, 0
PixelHit 1516, 1666, 45.8479, 0
PixelHit 1516, 1667, 8.19753, 0
PixelHit 1517, 1663, 5.77785, 0
PixelHit 1517, 1664, 30.5685, 0
PixelHit 1517, 1665, 48.7014, 0
PixelHit 1517, 1666, 43.5687, 0
PixelHit 1517, 1667, 5.77036, 0
PixelHit 1517, 1668, 1.49015, 0
PixelHit 1518, 1663, 6.22677, 0
PixelHit 1518, 1664, 15.3714, 0
PixelHit 1518, 1665, 31.1033, 0
PixelHit 1518, 1666, 11.716, 0
PixelHit 1518, 1667, 6.71169, 0
PixelHit 1518, 1668, 1.82019, 0
PixelHit 1519, 1662, 6.61762, 0
PixelHit 1519, 1663, 6.16169, 0
PixelHit 1519, 1664, 10.5314, 0
PixelHit 1519, 1665, 6.71528, 0
PixelHit 1519, 1666, 2.54328, 0
PixelHit 1520, 1662, 3.75499, 0
PixelHit 1520, 1663, 7.67229, 0
PixelHit 1520, 1664, 9.80547, 0
PixelHit 1520, 1665, 4.96516, 0
PixelHit 1520, 1666, 1.4574, 0
PixelHit 1521, 1660, 1.79392, 0
PixelHit 1521, 1661, 9.90234, 0
PixelHit 1521, 1662, 7.96803, 0
PixelHit 1521, 1663, 8.87615, 0
PixelHit 1521, 1664, 10.3642, 0
PixelHit 1521, 1665, 3.48557, 0
PixelHit 1522, 1659, 1.29571, 0
PixelHit 1522, 1660, 9.77036, 0
PixelHit 1522, 1661, 18.3784, 0
PixelHit 1522, 1662, 25.7353, 0
PixelHit 1522, 1663, 14.9485, 0
PixelHit 1522, 1664, 7.49962, 0
PixelHit 1522, 1666, 2.8772, 0
PixelHit 1523, 1658, 2.71696, 0
PixelHit 1523, 1659, 4.67872, 0
PixelHit 1523, 1660, 15.4366, 0
PixelHit 1523, 1661, 30.999, 0
PixelHit 1523, 1662, 26.4628, 0
PixelHit 1523, 1663, 23.3753, 0
PixelHit 1523, 1664, 6.03978, 0
PixelHit 1524, 1659, 1.70386, 0
PixelHit 1524, 1660, 9.92923, 0
PixelHit 1524, 1661, 22.0526, 0
PixelHit 1524, 1662, 36.6767, 0
PixelHit 1524, 1663, 16.6712, 0
PixelHit 1524, 1664, 4.94146, 0
PixelHit 1524, 1665, 2.24091, 0
PixelHit 1525, 1658, 3.89634, 0
PixelHit 1525, 1659, 5.49416, 0
PixelHit 1525, 1660, 9.5924, 0
PixelHit 1525, 1661, 18.2367, 0
PixelHit 1525, 1662, 15.2745, 0
PixelHit 1525, 1663, 9.54716, 0
PixelHit 1525, 1664, 1.21487, 0
PixelHit 1525, 1665, 2.08496, 0
PixelHit 1526, 1656, 2.02224, 0
PixelHit 1526, 1659, 5.05389, 0
PixelHit 1526, 1660, 5.52071, 0
PixelHit 1526, 1661, 8.01829, 0
PixelHit 1526, 1662, 5.29906, 0
PixelHit 1526, 1663, 3.07002, 0
PixelHit 1527, 1657, 1.5383, 0
PixelHit 1527, 1658, 5.8857, 0
PixelHit 1527, 1659, 7.06594, 0
PixelHit 1527, 1660, 15.463, 0
PixelHit 1527, 1661, 10.3164, 0
PixelHit 1527, 1662, 4.52343, 0
PixelHit 1528, 1659, 5.13133, 0
PixelHit 1528, 1660, 7.18764, 0
PixelHit 1528, 1661, 10.137, 0
PixelHit 1528, 1662, 4.39052, 0
PixelHit 1529, 1658, 1.77016, 0
PixelHit 1529, 1659, 8.79571, 0
PixelHit 1529, 1660, 4.43918, 0
PixelHit 1529, 1661, 2.60728, 0
PixelHit 1529, 1662, 1.74363, 0
PixelHit 1530, 1661, 2.06511, 0
=== 51 ===
=== 52 ===
=== 53 ===
=== 54 ===
=== 55 ===
=== 56 ===
=== 57 ===
=== 58 ===
=== 59 ===
=== 60 ===
=== 61 ===
=== 62 ===
=== 63 ===
=== 64 ===
=== 65 ===
=== 66 ===
=== 67 ===
=== 68 ===
=== 69 ===
=== 70 ===
=== 71 ===
--- mydetector ---
PixelHit 1232, 711, 13.3324, 0
PixelHit 1232, 712, 49.4234, 0
PixelHit 1233, 711, 54.5247, 0
PixelHit 1233, 712, 13.9731, 0
PixelHit 1234, 710, 1.24375, 0
PixelHit 1234, 711, 16.0451, 0
PixelHit 1234, 712, 3.20266, 0
PixelHit 1235, 710, 16.9511, 0
PixelHit 1235, 711, 65.2501, 0
PixelHit 1236, 710, 21.9719, 0
PixelHit 1236, 711, 24.9795, 0
PixelHit 1236, 712, 2.8233, 0
PixelHit 1237, 709, 8.98177, 0
PixelHit 1237, 710, 56.9932, 0
PixelHit 1237, 711, 17.715, 0
PixelHit 1238, 709, 10.5612, 0
PixelHit 1238, 710, 43.0775, 0
PixelHit 1238, 711, 5.49319, 0
PixelHit 1239, 708, 2.28274, 0
PixelHit 1239, 709, 10.4999, 0
PixelHit 1239, 710, 21.5261, 0
PixelHit 1239, 711, 4.37943, 0
PixelHit 1240, 708, 11.6431, 0
PixelHit 1240, 709, 73.685, 0
PixelHit 1240, 710, 34.1188, 0
PixelHit 1240, 711, 6.50612, 0
PixelHit 1241, 707, 2.02351, 0
PixelHit 1241, 708, 10.6445, 0
PixelHit 1241, 709, 45.6364, 0
PixelHit 1241, 710, 25.3526, 0
PixelHit 1242, 707, 1.4652, 0
PixelHit 1242, 708, 32.3516, 0
PixelHit 1242, 709, 60.8716, 0
PixelHit 1242, 710, 8.25971, 0
PixelHit 1242, 711, 1.29279, 0
PixelHit 1243, 707, 7.085, 0
PixelHit 1243, 708, 71.0532, 0
PixelHit 1243, 709, 62.6614, 0
PixelHit 1243, 710, 8.90993, 0
PixelHit 1243, 711, 1.33398, 0
PixelHit 1244, 707, 21.6814, 0
PixelHit 1244, 708, 81.864, 0
PixelHit 1244, 709, 60.2907, 0
PixelHit 1244, 710, 8.12858, 0
PixelHit 1245, 706, 2.26745, 0
PixelHit 1245, 707, 24.9499, 0
PixelHit 1245, 708, 36.7563, 0
PixelHit 1245, 709, 20.9082, 0
PixelHit 1245, 710, 2.57812, 0
PixelHit 1246, 706, 7.22132, 0
PixelHit 1246, 707, 40.3439, 0
PixelHit 1246, 708, 54.6449, 0
PixelHit 1246, 709, 16.1391, 0
PixelHit 1247, 705, 0.545473, 0
PixelHit 1247, 706, 8.22757, 0
PixelHit 1247, 707, 72.9812, 0
PixelHit 1247, 708, 58.5692, 0
PixelHit 1247, 709, 17.1376, 0
PixelHit 1247, 710, 1.31802, 0
PixelHit 1248, 705, 0.449835, 0
PixelHit 1248, 706, 15.0016, 0
PixelHit 1248, 707, 58.9091, 0
PixelHit 1248, 708, 30.8732, 0
PixelHit 1248, 709, 4.512, 0
PixelHit 1249, 705, 4.30174, 0
PixelHit 1249, 706, 12.9565, 0
PixelHit 1249, 707, 29.7207, 0
PixelHit 1249, 708, 14.004, 0
PixelHit 1250, 704, 2.26254, 0
PixelHit 1250, 705, 1.5107, 0
PixelHit 1250, 706, 17.4351, 0
PixelHit 1250, 707, 21.9319, 0
PixelHit 1250, 708, 3.67128, 0
PixelHit 1251, 705, 13.9889, 0
PixelHit 1251, 706, 36.506, 0
PixelHit 1251, 707, 37.545, 0
PixelHit 1251, 708, 10.534, 0
PixelHit 1252, 705, 25.3918, 0
PixelHit 1252, 706, 39.3235, 0
PixelHit 1252, 707, 33.153, 0
PixelHit 1252, 708, 4.50264, 0
PixelHit 1253, 705, 16.8853, 0
PixelHit 1253, 706, 33.1879, 0
PixelHit 1253, 707, 22.0222, 0
PixelHit 1253, 708, 4.47153, 0
PixelHit 1253, 709, 1.85661, 0
PixelHit 1254, 703, 1.73489, 0
PixelHit 1254, 704, 13.6827, 0
PixelHit 1254, 705, 27.4935, 0
PixelHit 1254, 706, 41.4632, 0
PixelHit 1254, 707, 11.1405, 0
PixelHit 1254, 708, 3.10842, 0
PixelHit 1255, 703, 0.605015, 0
PixelHit 1255, 704, 21.563, 0
PixelHit 1255, 705, 54.0222, 0
PixelHit 1255, 706, 25.8371, 0
PixelHit 1255, 707, 11.6118, 0
PixelHit 1255, 708, 2.14943, 0
PixelHit 1256, 703, 8.01059, 0
PixelHit 1256, 704, 31.3332, 0
PixelHit 1256, 705, 49.9681, 0
PixelHit 1256, 706, 32.001, 0
PixelHit 1256, 707, 8.5239, 0
PixelHit 1256, 708, 1.10507, 0
PixelHit 1257, 702, 2.69755, 0
PixelHit 1257, 703, 17.9055, 0
PixelHit 1257, 704, 63.4042, 0
PixelHit 1257, 705, 69.1021, 0
PixelHit 1257, 706, 28.7749, 0
PixelHit 1257, 707, 7.77961, 0
PixelHit 1258, 702, 1.34716, 0
PixelHit 1258, 703, 21.1587, 0
PixelHit 1258, 704, 70.6156, 0
PixelHit 1258, 705, 74.082, 0
PixelHit 1258, 706, 21.2127, 0
PixelHit 1258, 707, 8.36927, 0
PixelHit 1259, 701, 1.2841, 0
PixelHit 1259, 702, 1.49289, 0
PixelHit 1259, 703, 12.3587, 0
PixelHit 1259, 704, 48.7125, 0
PixelHit 1259, 705, 42.2113, 0
PixelHit 1259, 706, 18.5084, 0
PixelHit 1259, 707, 4.43551, 0
PixelHit 1260, 701, 0.953691, 0
PixelHit 1260, 702, 6.72972, 0
PixelHit 1260, 703, 25.306, 0
PixelHit 1260, 704, 36.9357, 0
PixelHit 1260, 705, 11.439, 0
PixelHit 1260, 706, 3.29081, 0
PixelHit 1261, 701, 3.46751, 0
PixelHit 1261, 702, 5.93974, 0
PixelHit 1261, 703, 19.7027, 0
PixelHit 1261, 704, 18.4243, 0
PixelHit 1261, 705, 13.8788, 0
PixelHit 1261, 706, 0.430212, 0
PixelHit 1262, 701, 0.0878379, 0
PixelHit 1262, 702, 7.53419, 0
PixelHit 1262, 703, 20.7815, 0
PixelHit 1262, 704, 22.0648, 0
PixelHit 1262, 705, 8.9213, 0
PixelHit 1262, 706, 4.44048, 0
PixelHit 1263, 701, 1.0477, 0
PixelHit 1263, 702, 2.94669, 0
PixelHit 1263, 703, 11.0568, 0
PixelHit 1263, 704, 11.3443, 0
PixelHit 1263, 705, 2.85921, 0
PixelHit 1263, 706, 3.1923, 0
PixelHit 1264, 699, 0.901525, 0
PixelHit 1264, 701, 3.46234, 0
PixelHit 1264, 702, 5.94798, 0
PixelHit 1264, 703, 1.49476, 0
PixelHit 1264, 704, 3.62055, 0
PixelHit 1264, 706, 1.40017, 0
PixelHit 1265, 700, 5.00092, 0
PixelHit 1265, 701, 6.66275, 0
PixelHit 1265, 702, 4.99518, 0
PixelHit 1265, 703, 2.99365, 0
PixelHit 1265, 704, 2.48321, 0
PixelHit 1266, 700, 2.26282, 0
PixelHit 1266, 701, 10.814, 0
PixelHit 1266, 702, 19.9344, 0
PixelHit 1266, 703, 7.08324, 0
PixelHit 1266, 704, 4.84953, 0
PixelHit 1267, 700, 5.06748, 0
PixelHit 1267, 701, 10.899, 0
PixelHit 1267, 702, 13.263, 0
PixelHit 1267, 703, 18.5107, 0
PixelHit 1267, 704, 1.89951, 0
PixelHit 1268, 698, 3.01224, 0
PixelHit 1268, 700, 1.55562, 0
PixelHit 1268, 701, 12.3897, 0
PixelHit 1268, 702, 17.5524, 0
PixelHit 1268, 703, 6.3446, 0
PixelHit 1268, 704, 5.74672, 0
PixelHit 1269, 700, 8.71225, 0
PixelHit 1269, 701, 13.0218, 0
PixelHit 1269, 702, 13.1821, 0
PixelHit 1269, 703, 5.05335, 0
PixelHit 1269, 704, 3.2502, 0
PixelHit 1270, 699, 0.856128, 0
PixelHit 1270, 700, 6.48071, 0
PixelHit 1270, 701, 7.30185, 0
PixelHit 1270, 702, 13.6073, 0
PixelHit 1270, 703, 3.46829, 0
PixelHit 1270, 704, 2.59617, 0
PixelHit 1271, 699, 2.08921, 0
PixelHit 1271, 700, 8.2055, 0
PixelHit 1271, 701, 8.79515, 0
PixelHit 1271, 702, 7.35957, 0
PixelHit 1271, 703, 2.08923, 0
PixelHit 1272, 699, 0.162915, 0
PixelHit 1272, 700, 2.68544, 0
PixelHit 1272, 701, 8.08809, 0
PixelHit 1272, 702, 4.62465, 0
PixelHit 1273, 699, 2.73489, 0
PixelHit 1273, 702, 4.83529, 0
PixelHit 1274, 701, 1.85633, 0
PixelHit 1275, 699, 2.44955, 0
=== 72 ===
=== 73 ===
=== 74 ===
=== 75 ===
=== 76 ===
=== 77 ===
=== 78 ===
=== 79 ===
=== 80 ===
=== 81 ===
=== 82 ===
=== 83 ===
=== 84 ===
=== 85 ===
=== 86 ===
=== 87 ===
=== 88 ===
=== 89 ===
=== 90 ===
=== 91 ===
=== 92 ===
=== 93 ===
=== 94 ===
=== 95 ===
=== 96 ===
=== 97 ===
=== 98 ===
=== 99 ===
=== 100 ===
# 865 objects from 5 messages
