# Allpix Squared ASCII data - https://cern.ch/allpix-squared

=== 1 ===
=== 2 ===
=== 3 ===
=== 4 ===
=== 5 ===
=== 6 ===
=== 7 ===
=== 8 ===
=== 9 ===
=== 10 ===
=== 11 ===
=== 12 ===
=== 13 ===
=== 14 ===
=== 15 ===
--- mydetector ---
PixelHit 113, 1774, 24.2161, 0
PixelHit 113, 1775, 54.0713, 0
PixelHit 114, 1772, 22.2758, 0
PixelHit 114, 1773, 42.5544, 0
PixelHit 114, 1774, 15.344, 0
PixelHit 115, 1771, 15.8148, 0
PixelHit 115, 1772, 36.7213, 0
PixelHit 115, 1773, 8.66342, 0
PixelHit 116, 1768, 2.33173, 0
PixelHit 116, 1769, 17.2434, 0
PixelHit 116, 1770, 33.7184, 0
PixelHit 116, 1771, 15.1548, 0
PixelHit 116, 1772, 1.0079, 0
PixelHit 117, 1767, 6.40237, 0
PixelHit 117, 1768, 32.2353, 0
PixelHit 117, 1769, 31.4188, 0
PixelHit 117, 1770, 23.4941, 0
PixelHit 117, 1771, 1.02223, 0
PixelHit 118, 1766, 8.23554, 0
PixelHit 118, 1767, 30.0802, 0
PixelHit 118, 1768, 41.4496, 0
PixelHit 118, 1769, 14.8173, 0
PixelHit 118, 1770, 3.44392, 0
PixelHit 119, 1764, 1.92377, 0
PixelHit 119, 1765, 7.25923, 0
PixelHit 119, 1766, 17.8829, 0
PixelHit 119, 1767, 21.5968, 0
PixelHit 119, 1768, 4.85931, 0
PixelHit 120, 1762, 3.62919, 0
PixelHit 120, 1763, 12.2883, 0
PixelHit 120, 1764, 27.5805, 0
PixelHit 120, 1765, 27.1307, 0
PixelHit 120, 1766, 5.70209, 0
PixelHit 120, 1768, 2.83196, 0
PixelHit 121, 1760, 2.24045, 0
PixelHit 121, 1761, 3.68696, 0
PixelHit 121, 1762, 23.0762, 0
PixelHit 121, 1763, 51.4491, 0
PixelHit 121, 1764, 34.5757, 0
PixelHit 121, 1765, 8.60106, 0
PixelHit 122, 1760, 5.76292, 0
PixelHit 122, 1761, 10.0217, 0
PixelHit 122, 1762, 24.7546, 0
PixelHit 122, 1763, 39.0521, 0
PixelHit 122, 1764, 8.23012, 0
PixelHit 123, 1757, 2.73888, 0
PixelHit 123, 1758, 9.6446, 0
PixelHit 123, 1759, 11.993, 0
PixelHit 123, 1760, 11.0373, 0
PixelHit 123, 1761, 11.0956, 0
PixelHit 123, 1762, 8.8797, 0
PixelHit 123, 1763, 5.42188, 0
PixelHit 123, 1764, 0.816627, 0
PixelHit 123, 1765, 2.09973, 0
PixelHit 124, 1757, 7.60346, 0
PixelHit 124, 1758, 25.0672, 0
PixelHit 124, 1759, 51.3747, 0
PixelHit 124, 1760, 21.4316, 0
PixelHit 124, 1761, 5.35935, 0
PixelHit 125, 1755, 2.31784, 0
PixelHit 125, 1756, 4.31433, 0
PixelHit 125, 1757, 11.2823, 0
PixelHit 125, 1758, 23.0773, 0
PixelHit 125, 1759, 24.2121, 0
PixelHit 125, 1760, 12.8645, 0
PixelHit 126, 1753, 1.6347, 0
PixelHit 126, 1754, 3.78988, 0
PixelHit 126, 1755, 2.44043, 0
PixelHit 126, 1756, 8.94997, 0
PixelHit 126, 1757, 4.93732, 0
PixelHit 126, 1758, 7.16085, 0
PixelHit 126, 1759, 6.6203, 0
PixelHit 126, 1760, 4.19429, 0
PixelHit 127, 1752, 10.3153, 0
PixelHit 127, 1753, 14.3466, 0
PixelHit 127, 1754, 21.3588, 0
PixelHit 127, 1755, 15.0015, 0
PixelHit 127, 1756, 17.9886, 0
PixelHit 127, 1757, 4.81629, 0
PixelHit 128, 1750, 1.31777, 0
PixelHit 128, 1751, 4.09835, 0
PixelHit 128, 1752, 17.973, 0
PixelHit 128, 1753, 39.5042, 0
PixelHit 128, 1754, 42.6509, 0
PixelHit 128, 1755, 13.5888, 0
PixelHit 128, 1756, 5.32177, 0
PixelHit 128, 1757, 3.26649, 0
PixelHit 129, 1750, 7.58402, 0
PixelHit 129, 1751, 21.0871, 0
PixelHit 129, 1752, 45.5509, 0
PixelHit 129, 1753, 47.8896, 0
PixelHit 129, 1754, 17.7112, 0
PixelHit 129, 1755, 1.83527, 0
PixelHit 130, 1749, 10.7417, 0
PixelHit 130, 1750, 11.9635, 0
PixelHit 130, 1751, 30.497, 0
PixelHit 130, 1752, 22.6037, 0
PixelHit 130, 1753, 33.811, 0
PixelHit 130, 1754, 15.4656, 0
PixelHit 130, 1755, 0.5159, 0
PixelHit 131, 1747, 2.87506, 0
PixelHit 131, 1748, 3.41648, 0
PixelHit 131, 1749, 16.6463, 0
PixelHit 131, 1750, 15.5616, 0
PixelHit 131, 1751, 16.3582, 0
PixelHit 131, 1752, 6.5775, 0
PixelHit 131, 1753, 7.81504, 0
PixelHit 132, 1746, 1.04403, 0
PixelHit 132, 1747, 2.48219, 0
PixelHit 132, 1748, 20.9804, 0
PixelHit 132, 1749, 30.0545, 0
PixelHit 132, 1750, 11.3358, 0
PixelHit 132, 1751, 3.23827, 0
PixelHit 132, 1752, 1.8344, 0
PixelHit 133, 1744, 1.44919, 0
PixelHit 133, 1745, 6.07121, 0
PixelHit 133, 1746, 7.64736, 0
PixelHit 133, 1747, 9.77154, 0
PixelHit 133, 1748, 16.6987, 0
PixelHit 133, 1749, 9.09632, 0
PixelHit 133, 1750, 5.31186, 0
PixelHit 133, 1751, 1.67365, 0
PixelHit 134, 1744, 5.53021, 0
PixelHit 134, 1745, 22.4084, 0
PixelHit 134, 1746, 16.8685, 0
PixelHit 134, 1747, 16.3285, 0
PixelHit 134, 1748, 11.7033, 0
PixelHit 134, 1749, 3.73951, 0
PixelHit 134, 1750, 1.60169, 0
PixelHit 135, 1742, 1.70772, 0
PixelHit 135, 1743, 5.41542, 0
PixelHit 135, 1744, 10.8465, 0
PixelHit 135, 1745, 23.6641, 0
PixelHit 135, 1746, 19.729, 0
PixelHit 135, 1747, 5.07495, 0
PixelHit 135, 1748, 2.67384, 0
PixelHit 136, 1740, 1.04611, 0
PixelHit 136, 1741, 11.7701, 0
PixelHit 136, 1742, 8.19651, 0
PixelHit 136, 1743, 4.05704, 0
PixelHit 136, 1744, 6.92001, 0
PixelHit 136, 1745, 9.35843, 0
PixelHit 136, 1746, 13.3371, 0
PixelHit 136, 1747, 8.49489, 0
PixelHit 136, 1748, 2.85111, 0
PixelHit 137, 1739, 1.94291, 0
PixelHit 137, 1740, 10.6017, 0
PixelHit 137, 1741, 18.7604, 0
PixelHit 137, 1742, 19.9087, 0
PixelHit 137, 1743, 22.9434, 0
PixelHit 137, 1744, 12.7926, 0
PixelHit 137, 1745, 1.94782, 0
PixelHit 137, 1746, 2.28534, 0
PixelHit 138, 1738, 5.08443, 0
PixelHit 138, 1739, 11.6523, 0
PixelHit 138, 1740, 24.1713, 0
PixelHit 138, 1741, 18.3175, 0
PixelHit 138, 1742, 23.0477, 0
PixelHit 138, 1743, 22.4841, 0
PixelHit 138, 1744, 8.26677, 0
PixelHit 138, 1745, 1.04642, 0
PixelHit 139, 1737, 5.52311, 0
PixelHit 139, 1738, 12.7493, 0
PixelHit 139, 1739, 24.0505, 0
PixelHit 139, 1740, 31.7277, 0
PixelHit 139, 1741, 27.4666, 0
PixelHit 139, 1742, 17.2751, 0
PixelHit 139, 1743, 10.3616, 0
PixelHit 139, 1744, 3.66652, 0
PixelHit 139, 1745, 2.21693, 0
PixelHit 140, 1735, 1.81924, 0
PixelHit 140, 1736, 6.49665, 0
PixelHit 140, 1737, 18.4758, 0
PixelHit 140, 1738, 24.427, 0
PixelHit 140, 1739, 28.8102, 0
PixelHit 140, 1740, 38.0328, 0
PixelHit 140, 1741, 15.9403, 0
PixelHit 140, 1742, 5.70261, 0
PixelHit 140, 1744, 1.13664, 0
PixelHit 141, 1734, 2.08873, 0
PixelHit 141, 1735, 8.94283, 0
PixelHit 141, 1736, 18.1398, 0
PixelHit 141, 1737, 45.7356, 0
PixelHit 141, 1738, 47.9095, 0
PixelHit 141, 1739, 38.4972, 0
PixelHit 141, 1740, 24.6396, 0
PixelHit 141, 1741, 12.9278, 0
PixelHit 141, 1742, 1.53869, 0
PixelHit 142, 1732, 0.636055, 0
PixelHit 142, 1733, 1.40061, 0
PixelHit 142, 1734, 7.43318, 0
PixelHit 142, 1735, 9.66656, 0
PixelHit 142, 1736, 35.6537, 0
PixelHit 142, 1737, 42.7179, 0
PixelHit 142, 1738, 37.6102, 0
PixelHit 142, 1739, 25.195, 0
PixelHit 142, 1740, 9.43331, 0
PixelHit 142, 1741, 4.39116, 0
PixelHit 142, 1743, 2.0297, 0
PixelHit 143, 1731, 1.74752, 0
PixelHit 143, 1733, 4.93886, 0
PixelHit 143, 1734, 14.56, 0
PixelHit 143, 1735, 24.6429, 0
PixelHit 143, 1736, 24.9571, 0
PixelHit 143, 1737, 28.1939, 0
PixelHit 143, 1738, 23.2522, 0
PixelHit 143, 1739, 7.91261, 0
PixelHit 143, 1740, 3.98132, 0
PixelHit 144, 1731, 1.71518, 0
PixelHit 144, 1732, 4.08837, 0
PixelHit 144, 1733, 16.1041, 0
PixelHit 144, 1734, 28.5366, 0
PixelHit 144, 1735, 22.5483, 0
PixelHit 144, 1736, 17.9172, 0
PixelHit 144, 1737, 11.8933, 0
PixelHit 144, 1738, 5.72068, 0
PixelHit 145, 1731, 4.02446, 0
PixelHit 145, 1732, 10.6986, 0
PixelHit 145, 1733, 17.3218, 0
PixelHit 145, 1734, 23.9568, 0
PixelHit 145, 1735, 21.1651, 0
PixelHit 145, 1736, 9.41654, 0
PixelHit 145, 1738, 1.73868, 0
PixelHit 146, 1731, 4.64798, 0
PixelHit 146, 1732, 12.8547, 0
PixelHit 146, 1733, 7.0781, 0
PixelHit 146, 1734, 14.386, 0
PixelHit 146, 1735, 14.952, 0
PixelHit 146, 1736, 2.84118, 0
PixelHit 147, 1732, 5.59461, 0
PixelHit 147, 1733, 7.33041, 0
PixelHit 147, 1734, 4.24007, 0
PixelHit 148, 1733, 2.60519, 0
=== 16 ===
=== 17 ===
=== 18 ===
=== 19 ===
=== 20 ===
=== 21 ===
=== 22 ===
=== 23 ===
=== 24 ===
=== 25 ===
=== 26 ===
=== 27 ===
=== 28 ===
=== 29 ===
=== 30 ===
=== 31 ===
=== 32 ===
=== 33 ===
=== 34 ===
=== 35 ===
=== 36 ===
=== 37 ===
=== 38 ===
=== 39 ===
=== 40 ===
=== 41 ===
=== 42 ===
=== 43 ===
=== 44 ===
=== 45 ===
=== 46 ===
=== 47 ===
=== 48 ===
=== 49 ===
=== 50 ===
=== 51 ===
--- mydetector ---
PixelHit 1782, 195, 2.43083, 0
PixelHit 1782, 197, 2.10219, 0
PixelHit 1783, 194, 5.42689, 0
PixelHit 1783, 195, 52.4536, 0
PixelHit 1783, 196, 51.8801, 0
PixelHit 1783, 197, 4.58029, 0
PixelHit 1784, 190, 7.51536, 0
PixelHit 1784, 191, 21.2507, 0
PixelHit 1784, 192, 5.26387, 0
PixelHit 1784, 193, 11.1498, 0
PixelHit 1784, 194, 89.1458, 0
PixelHit 1784, 195, 32.9618, 0
PixelHit 1784, 196, 16.6617, 0
PixelHit 1785, 189, 1.74755, 0
PixelHit 1785, 190, 105.166, 0
PixelHit 1785, 191, 612.207, 0
PixelHit 1785, 192, 141.577, 0
PixelHit 1785, 193, 8.4678, 0
PixelHit 1785, 194, 10.7546, 0
PixelHit 1785, 195, 3.89099, 0
PixelHit 1786, 186, 1.02262, 0
PixelHit 1786, 187, 3.03583, 0
PixelHit 1786, 188, 11.3174, 0
PixelHit 1786, 189, 35.8805, 0
PixelHit 1786, 190, 114.894, 0
PixelHit 1786, 191, 472.83, 0
PixelHit 1786, 192, 97.0507, 0
PixelHit 1786, 193, 1.15065, 0
PixelHit 1787, 185, 2.24009, 0
PixelHit 1787, 186, 12.4349, 0
PixelHit 1787, 187, 19.6763, 0
PixelHit 1787, 188, 22.0332, 0
PixelHit 1787, 189, 28.5644, 0
PixelHit 1787, 190, 19.1794, 0
PixelHit 1787, 191, 17.613, 0
PixelHit 1787, 192, 2.17888, 0
PixelHit 1788, 182, 1.32461, 0
PixelHit 1788, 183, 2.01494, 0
PixelHit 1788, 184, 4.75462, 0
PixelHit 1788, 185, 11.2901, 0
PixelHit 1788, 186, 16.1265, 0
PixelHit 1788, 187, 28.2228, 0
PixelHit 1788, 188, 7.62552, 0
PixelHit 1788, 189, 5.75771, 0
PixelHit 1789, 179, 4.12618, 0
PixelHit 1789, 180, 5.73477, 0
PixelHit 1789, 181, 11.1744, 0
PixelHit 1789, 182, 16.5455, 0
PixelHit 1789, 183, 14.4162, 0
PixelHit 1789, 184, 4.66212, 0
PixelHit 1789, 185, 8.39368, 0
PixelHit 1789, 186, 6.94909, 0
PixelHit 1789, 187, 7.79119, 0
PixelHit 1789, 188, 3.34694, 0
PixelHit 1790, 179, 12.2951, 0
PixelHit 1790, 180, 41.4421, 0
PixelHit 1790, 181, 55.9232, 0
PixelHit 1790, 182, 39.748, 0
PixelHit 1790, 183, 13.612, 0
PixelHit 1790, 184, 5.90413, 0
PixelHit 1791, 175, 2.40693, 0
PixelHit 1791, 176, 2.41033, 0
PixelHit 1791, 177, 3.45034, 0
PixelHit 1791, 178, 2.32266, 0
PixelHit 1791, 179, 26.9263, 0
PixelHit 1791, 180, 48.8848, 0
PixelHit 1791, 181, 68.8077, 0
PixelHit 1791, 182, 39.3197, 0
PixelHit 1791, 183, 12.2886, 0
PixelHit 1792, 174, 1.99519, 0
PixelHit 1792, 175, 1.85943, 0
PixelHit 1792, 176, 13.2655, 0
PixelHit 1792, 177, 7.17272, 0
PixelHit 1792, 178, 9.00022, 0
PixelHit 1792, 179, 14.5509, 0
PixelHit 1792, 180, 22.0022, 0
PixelHit 1792, 181, 14.3327, 0
PixelHit 1792, 182, 5.75862, 0
PixelHit 1792, 183, 1.355, 0
PixelHit 1793, 172, 2.80118, 0
PixelHit 1793, 173, 12.0496, 0
PixelHit 1793, 174, 16.074, 0
PixelHit 1793, 175, 14.1032, 0
PixelHit 1793, 176, 16.3696, 0
PixelHit 1793, 177, 16.4602, 0
PixelHit 1793, 178, 5.59095, 0
PixelHit 1793, 179, 4.11994, 0
PixelHit 1793, 180, 2.16443, 0
PixelHit 1794, 170, 1.50203, 0
PixelHit 1794, 171, 7.30608, 0
PixelHit 1794, 172, 14.8869, 0
PixelHit 1794, 173, 19.6475, 0
PixelHit 1794, 174, 36.2857, 0
PixelHit 1794, 175, 16.487, 0
PixelHit 1794, 176, 14.2839, 0
PixelHit 1794, 177, 9.11447, 0
PixelHit 1794, 178, 1.09334, 0
PixelHit 1795, 168, 2.36233, 0
PixelHit 1795, 169, 5.2608, 0
PixelHit 1795, 170, 8.52155, 0
PixelHit 1795, 171, 7.66643, 0
PixelHit 1795, 172, 14.5709, 0
PixelHit 1795, 173, 21.7708, 0
PixelHit 1795, 174, 32.2257, 0
PixelHit 1795, 175, 18.017, 0
PixelHit 1795, 176, 2.12422, 0
PixelHit 1795, 179, 0.795912, 0
PixelHit 1796, 164, 3.0023, 0
PixelHit 1796, 165, 4.75991, 0
PixelHit 1796, 166, 6.29699, 0
PixelHit 1796, 167, 7.0636, 0
PixelHit 1796, 168, 9.04525, 0
PixelHit 1796, 169, 10.7579, 0
PixelHit 1796, 170, 12.7097, 0
PixelHit 1796, 171, 12.7475, 0
PixelHit 1796, 172, 7.48249, 0
PixelHit 1796, 173, 14.1319, 0
PixelHit 1796, 174, 5.1124, 0
PixelHit 1796, 175, 2.95491, 0
PixelHit 1796, 176, 1.61136, 0
PixelHit 1797, 162, 0.242672, 0
PixelHit 1797, 164, 3.66294, 0
PixelHit 1797, 165, 7.01898, 0
PixelHit 1797, 166, 16.8249, 0
PixelHit 1797, 167, 15.1682, 0
PixelHit 1797, 168, 22.9206, 0
PixelHit 1797, 169, 11.6499, 0
PixelHit 1797, 171, 8.58539, 0
PixelHit 1797, 172, 5.34864, 0
PixelHit 1798, 162, 2.90433, 0
PixelHit 1798, 163, 15.574, 0
PixelHit 1798, 164, 9.25448, 0
PixelHit 1798, 165, 7.67508, 0
PixelHit 1798, 166, 21.6323, 0
PixelHit 1798, 167, 21.9554, 0
PixelHit 1798, 168, 21.0644, 0
PixelHit 1798, 169, 4.9262, 0
PixelHit 1798, 170, 6.60034, 0
PixelHit 1799, 160, 1.06093, 0
PixelHit 1799, 161, 4.56799, 0
PixelHit 1799, 162, 6.48738, 0
PixelHit 1799, 163, 7.04196, 0
PixelHit 1799, 164, 13.0647, 0
PixelHit 1799, 165, 7.5312, 0
PixelHit 1799, 166, 11.3401, 0
PixelHit 1799, 167, 4.85847, 0
PixelHit 1799, 168, 8.14145, 0
PixelHit 1799, 169, 3.70409, 0
PixelHit 1799, 171, 2.44611, 0
PixelHit 1800, 156, 1.84711, 0
PixelHit 1800, 157, 6.86071, 0
PixelHit 1800, 158, 5.67097, 0
PixelHit 1800, 159, 3.5113, 0
PixelHit 1800, 161, 11.6093, 0
PixelHit 1800, 162, 9.25782, 0
PixelHit 1800, 163, 8.40848, 0
PixelHit 1800, 164, 8.34088, 0
PixelHit 1800, 165, 8.37165, 0
PixelHit 1800, 166, 8.95099, 0
PixelHit 1800, 168, 1.85903, 0
PixelHit 1801, 152, 2.30139, 0
PixelHit 1801, 155, 2.99705, 0
PixelHit 1801, 156, 7.82749, 0
PixelHit 1801, 157, 17.9446, 0
PixelHit 1801, 158, 23.3942, 0
PixelHit 1801, 159, 7.59734, 0
PixelHit 1801, 160, 13.9131, 0
PixelHit 1801, 161, 7.14639, 0
PixelHit 1801, 162, 3.62157, 0
PixelHit 1801, 163, 1.87787, 0
PixelHit 1801, 165, 3.58038, 0
PixelHit 1802, 153, 0.882403, 0
PixelHit 1802, 154, 4.15993, 0
PixelHit 1802, 155, 5.12601, 0
PixelHit 1802, 156, 11.9105, 0
PixelHit 1802, 157, 19.8355, 0
PixelHit 1802, 158, 33.5097, 0
PixelHit 1802, 159, 22.5169, 0
PixelHit 1802, 160, 11.004, 0
PixelHit 1802, 161, 4.51897, 0
PixelHit 1802, 162, 1.7291, 0
PixelHit 1802, 164, 1.76933, 0
PixelHit 1803, 151, 0.940102, 0
PixelHit 1803, 152, 1.2077, 0
PixelHit 1803, 154, 7.50358, 0
PixelHit 1803, 155, 9.40253, 0
PixelHit 1803, 156, 14.1524, 0
PixelHit 1803, 157, 16.3161, 0
PixelHit 1803, 158, 26.186, 0
PixelHit 1803, 159, 16.3996, 0
PixelHit 1803, 160, 5.78156, 0
PixelHit 1803, 161, 2.08173, 0
PixelHit 1804, 153, 2.71269, 0
PixelHit 1804, 154, 9.17808, 0
PixelHit 1804, 155, 14.4261, 0
PixelHit 1804, 156, 8.89171, 0
PixelHit 1804, 157, 9.85069, 0
PixelHit 1804, 158, 7.16125, 0
PixelHit 1804, 159, 2.08576, 0
PixelHit 1804, 160, 2.29573, 0
PixelHit 1804, 161, 2.88696, 0
PixelHit 1805, 153, 5.90333, 0
PixelHit 1805, 154, 5.63538, 0
PixelHit 1805, 155, 9.24027, 0
PixelHit 1805, 156, 4.4377, 0
PixelHit 1805, 157, 0.998937, 0
PixelHit 1805, 158, 1.71762, 0
PixelHit 1805, 159, 1.47353, 0
PixelHit 1806, 153, 1.67253, 0
PixelHit 1806, 156, 2.17285, 0
PixelHit 1807, 154, 1.08959, 0
=== 52 ===
=== 53 ===
=== 54 ===
=== 55 ===
=== 56 ===
=== 57 ===
=== 58 ===
=== 59 ===
=== 60 ===
=== 61 ===
=== 62 ===
=== 63 ===
=== 64 ===
=== 65 ===
=== 66 ===
=== 67 ===
=== 68 ===
=== 69 ===
=== 70 ===
=== 71 ===
=== 72 ===
=== 73 ===
=== 74 ===
=== 75 ===
=== 76 ===
=== 77 ===
=== 78 ===
=== 79 ===
--- mydetector ---
PixelHit 733, 1096, 2.44108, 0
PixelHit 733, 1097, 3.01245, 0
PixelHit 733, 1098, 8.7679, 0
PixelHit 734, 1094, 7.83224, 0
PixelHit 734, 1095, 5.99791, 0
PixelHit 734, 1096, 16.0616, 0
PixelHit 734, 1097, 8.68953, 0
PixelHit 735, 1091, 3.05867, 0
PixelHit 735, 1092, 1.04699, 0
PixelHit 735, 1093, 15.8594, 0
PixelHit 735, 1094, 34.3739, 0
PixelHit 735, 1095, 16.8717, 0
PixelHit 735, 1097, 1.26422, 0
PixelHit 736, 1089, 4.46324, 0
PixelHit 736, 1090, 9.60595, 0
PixelHit 736, 1091, 16.297, 0
PixelHit 736, 1092, 30.2247, 0
PixelHit 736, 1093, 19.7163, 0
PixelHit 736, 1094, 3.82938, 0
PixelHit 737, 1087, 5.48727, 0
PixelHit 737, 1088, 8.67746, 0
PixelHit 737, 1089, 17.3943, 0
PixelHit 737, 1090, 58.0257, 0
PixelHit 737, 1091, 18.1611, 0
PixelHit 737, 1092, 3.10399, 0
PixelHit 737, 1093, 2.13178, 0
PixelHit 738, 1085, 5.10131, 0
PixelHit 738, 1086, 11.6272, 0
PixelHit 738, 1087, 33.733, 0
PixelHit 738, 1088, 42.3329, 0
PixelHit 738, 1089, 6.90199, 0
PixelHit 738, 1090, 15.2552, 0
PixelHit 739, 1082, 3.32694, 0
PixelHit 739, 1083, 3.67961, 0
PixelHit 739, 1084, 7.10508, 0
PixelHit 739, 1085, 13.9068, 0
PixelHit 739, 1086, 26.7125, 0
PixelHit 739, 1087, 36.0653, 0
PixelHit 739, 1088, 7.84124, 0
PixelHit 739, 1089, 2.23961, 0
PixelHit 740, 1080, 1.3622, 0
PixelHit 740, 1081, 3.93085, 0
PixelHit 740, 1082, 24.6132, 0
PixelHit 740, 1083, 32.329, 0
PixelHit 740, 1084, 27.121, 0
PixelHit 740, 1085, 14.475, 0
PixelHit 740, 1086, 10.6308, 0
PixelHit 740, 1087, 1.60949, 0
PixelHit 741, 1079, 5.72088, 0
PixelHit 741, 1080, 18.9204, 0
PixelHit 741, 1081, 37.063, 0
PixelHit 741, 1082, 55.4793, 0
PixelHit 741, 1083, 59.6616, 0
PixelHit 741, 1084, 20.7278, 0
PixelHit 741, 1085, 4.02056, 0
PixelHit 742, 1075, 1.70523, 0
PixelHit 742, 1076, 2.91435, 0
PixelHit 742, 1077, 11.5844, 0
PixelHit 742, 1078, 21.4683, 0
PixelHit 742, 1079, 36.7275, 0
PixelHit 742, 1080, 49.1696, 0
PixelHit 742, 1081, 53.0043, 0
PixelHit 742, 1082, 21.3202, 0
PixelHit 743, 1075, 4.72362, 0
PixelHit 743, 1076, 8.74466, 0
PixelHit 743, 1077, 26.3053, 0
PixelHit 743, 1078, 57.0269, 0
PixelHit 743, 1079, 35.1924, 0
PixelHit 743, 1080, 15.7135, 0
PixelHit 743, 1081, 12.7212, 0
PixelHit 743, 1082, 4.64446, 0
PixelHit 744, 1072, 3.03893, 0
PixelHit 744, 1073, 1.19269, 0
PixelHit 744, 1074, 5.01577, 0
PixelHit 744, 1075, 14.198, 0
PixelHit 744, 1076, 11.4921, 0
PixelHit 744, 1077, 20.108, 0
PixelHit 744, 1078, 18.9898, 0
PixelHit 744, 1079, 12.2382, 0
PixelHit 744, 1080, 2.51476, 0
PixelHit 744, 1081, 0.25751, 0
PixelHit 745, 1070, 4.06447, 0
PixelHit 745, 1071, 3.79004, 0
PixelHit 745, 1072, 4.58076, 0
PixelHit 745, 1073, 2.47347, 0
PixelHit 745, 1074, 5.01364, 0
PixelHit 745, 1075, 14.5639, 0
PixelHit 745, 1076, 11.0715, 0
PixelHit 745, 1078, 3.88181, 0
PixelHit 746, 1067, 0.610051, 0
PixelHit 746, 1068, 1.33356, 0
PixelHit 746, 1071, 5.11139, 0
PixelHit 746, 1072, 8.27538, 0
PixelHit 746, 1073, 6.6522, 0
PixelHit 746, 1074, 4.71171, 0
PixelHit 746, 1075, 1.92691, 0
PixelHit 746, 1076, 1.46748, 0
PixelHit 746, 1077, 1.91052, 0
PixelHit 747, 1065, 0.750201, 0
PixelHit 747, 1066, 4.83001, 0
PixelHit 747, 1067, 9.13824, 0
PixelHit 747, 1068, 8.72882, 0
PixelHit 747, 1069, 12.7786, 0
PixelHit 747, 1070, 16.4287, 0
PixelHit 747, 1071, 2.6822, 0
PixelHit 747, 1072, 3.09406, 0
PixelHit 747, 1074, 2.72219, 0
PixelHit 748, 1065, 2.06026, 0
PixelHit 748, 1066, 15.8952, 0
PixelHit 748, 1067, 14.9133, 0
PixelHit 748, 1068, 25.6878, 0
PixelHit 748, 1069, 16.2259, 0
PixelHit 748, 1070, 10.7943, 0
PixelHit 748, 1071, 5.09307, 0
PixelHit 748, 1073, 3.34015, 0
PixelHit 749, 1062, 2.47301, 0
PixelHit 749, 1063, 2.5066, 0
PixelHit 749, 1064, 6.45798, 0
PixelHit 749, 1065, 4.26928, 0
PixelHit 749, 1066, 14.0898, 0
PixelHit 749, 1067, 24.3145, 0
PixelHit 749, 1068, 20.6528, 0
PixelHit 749, 1069, 9.12507, 0
PixelHit 750, 1058, 1.0157, 0
PixelHit 750, 1060, 3.06475, 0
PixelHit 750, 1061, 5.47712, 0
PixelHit 750, 1062, 4.21146, 0
PixelHit 750, 1063, 18.2112, 0
PixelHit 750, 1064, 21.7058, 0
PixelHit 750, 1065, 18.416, 0
PixelHit 750, 1066, 13.4031, 0
PixelHit 750, 1067, 12.1564, 0
PixelHit 750, 1068, 7.30625, 0
PixelHit 751, 1058, 5.98274, 0
PixelHit 751, 1059, 12.1353, 0
PixelHit 751, 1060, 12.7241, 0
PixelHit 751, 1061, 8.69876, 0
PixelHit 751, 1062, 20.6653, 0
PixelHit 751, 1063, 22.9506, 0
PixelHit 751, 1064, 16.8358, 0
PixelHit 751, 1065, 10.487, 0
PixelHit 751, 1066, 2.02044, 0
PixelHit 751, 1067, 1.83725, 0
PixelHit 752, 1056, 0.240441, 0
PixelHit 752, 1057, 4.98041, 0
PixelHit 752, 1058, 7.22022, 0
PixelHit 752, 1059, 21.0501, 0
PixelHit 752, 1060, 28.1499, 0
PixelHit 752, 1061, 25.4165, 0
PixelHit 752, 1062, 20.8598, 0
PixelHit 752, 1063, 14.0011, 0
PixelHit 752, 1064, 17.0487, 0
PixelHit 752, 1065, 1.45872, 0
PixelHit 753, 1053, 3.17424, 0
PixelHit 753, 1054, 3.16015, 0
PixelHit 753, 1055, 4.29449, 0
PixelHit 753, 1056, 6.43038, 0
PixelHit 753, 1057, 14.5764, 0
PixelHit 753, 1058, 11.5932, 0
PixelHit 753, 1059, 31.2985, 0
PixelHit 753, 1060, 34.8888, 0
PixelHit 753, 1061, 15.4211, 0
PixelHit 753, 1062, 15.3903, 0
PixelHit 753, 1065, 2.16929, 0
PixelHit 754, 1051, 3.79078, 0
PixelHit 754, 1053, 11.8428, 0
PixelHit 754, 1054, 14.8325, 0
PixelHit 754, 1055, 18.8104, 0
PixelHit 754, 1056, 19.1908, 0
PixelHit 754, 1057, 25.3498, 0
PixelHit 754, 1058, 20.2669, 0
PixelHit 754, 1059, 14.4389, 0
PixelHit 754, 1060, 14.36, 0
PixelHit 754, 1061, 10.1308, 0
PixelHit 755, 1050, 2.98758, 0
PixelHit 755, 1052, 4.65119, 0
PixelHit 755, 1053, 19.3411, 0
PixelHit 755, 1054, 41.9903, 0
PixelHit 755, 1055, 38.3423, 0
PixelHit 755, 1056, 28.6904, 0
PixelHit 755, 1057, 13.2401, 0
PixelHit 755, 1058, 10.7284, 0
PixelHit 755, 1059, 7.97371, 0
PixelHit 755, 1060, 3.62898, 0
PixelHit 755, 1061, 1.80133, 0
PixelHit 756, 1048, 1.94444, 0
PixelHit 756, 1049, 5.32601, 0
PixelHit 756, 1050, 7.70273, 0
PixelHit 756, 1051, 7.70504, 0
PixelHit 756, 1052, 20.3801, 0
PixelHit 756, 1053, 29.4242, 0
PixelHit 756, 1054, 48.1459, 0
PixelHit 756, 1055, 25.0635, 0
PixelHit 756, 1056, 23.099, 0
PixelHit 756, 1057, 8.39161, 0
PixelHit 756, 1058, 8.29536, 0
PixelHit 756, 1059, 1.57227, 0
PixelHit 757, 1047, 1.89556, 0
PixelHit 757, 1048, 2.83884, 0
PixelHit 757, 1049, 6.02604, 0
PixelHit 757, 1050, 6.02032, 0
PixelHit 757, 1051, 9.03749, 0
PixelHit 757, 1052, 19.9795, 0
PixelHit 757, 1053, 32.0393, 0
PixelHit 757, 1054, 21.2854, 0
PixelHit 757, 1055, 14.8492, 0
PixelHit 757, 1056, 3.88295, 0
PixelHit 758, 1045, 5.15314, 0
PixelHit 758, 1046, 5.76542, 0
PixelHit 758, 1047, 7.81302, 0
PixelHit 758, 1048, 6.97083, 0
PixelHit 758, 1049, 12.1255, 0
PixelHit 758, 1050, 6.67243, 0
PixelHit 758, 1051, 9.04291, 0
PixelHit 758, 1052, 5.66352, 0
PixelHit 758, 1053, 6.24982, 0
PixelHit 758, 1054, 2.12142, 0
PixelHit 758, 1055, 1.65327, 0
PixelHit 758, 1056, 2.15321, 0
PixelHit 758, 1058, 3.09641, 0
PixelHit 759, 1042, 3.18833, 0
PixelHit 759, 1044, 3.94002, 0
PixelHit 759, 1045, 10.2721, 0
PixelHit 759, 1046, 8.83572, 0
PixelHit 759, 1047, 14.8276, 0
PixelHit 759, 1048, 14.2138, 0
PixelHit 759, 1049, 9.43828, 0
PixelHit 759, 1050, 3.97304, 0
PixelHit 759, 1051, 7.73383, 0
PixelHit 759, 1053, 1.99217, 0
PixelHit 759, 1056, 3.37482, 0
PixelHit 760, 1041, 2.17215, 0
PixelHit 760, 1042, 1.72531, 0
PixelHit 760, 1043, 4.33449, 0
PixelHit 760, 1044, 9.75232, 0
PixelHit 760, 1045, 6.59498, 0
PixelHit 760, 1046, 18.9874, 0
PixelHit 760, 1047, 18.2974, 0
PixelHit 760, 1048, 9.92574, 0
PixelHit 760, 1049, 5.4897, 0
PixelHit 761, 1040, 3.05999, 0
PixelHit 761, 1041, 2.38793, 0
PixelHit 761, 1042, 6.98317, 0
PixelHit 761, 1043, 7.51628, 0
PixelHit 761, 1044, 11.8239, 0
PixelHit 761, 1045, 7.32244, 0
PixelHit 761, 1046, 5.14284, 0
PixelHit 761, 1047, 7.46608, 0
PixelHit 761, 1048, 8.94104, 0
PixelHit 761, 1049, 7.21398, 0
PixelHit 762, 1040, 4.34248, 0
PixelHit 762, 1042, 13.397, 0
PixelHit 762, 1043, 8.77906, 0
PixelHit 762, 1044, 13.0725, 0
PixelHit 762, 1045, 9.61748, 0
PixelHit 762, 1046, 4.18372, 0
PixelHit 762, 1047, 4.45443, 0
PixelHit 763, 1040, 1.71126, 0
PixelHit 763, 1042, 6.84341, 0
PixelHit 763, 1043, 6.33975, 0
PixelHit 763, 1044, 3.80277, 0
PixelHit 763, 1045, 4.88802, 0
PixelHit 763, 1046, 2.37181, 0
PixelHit 763, 1047, 3.0176, 0
PixelHit 764, 1041, 1.87307, 0
PixelHit 764, 1043, 1.78286, 0
=== 80 ===
=== 81 ===
=== 82 ===
=== 83 ===
=== 84 ===
=== 85 ===
=== 86 ===
=== 87 ===
=== 88 ===
=== 89 ===
=== 90 ===
=== 91 ===
=== 92 ===
=== 93 ===
=== 94 ===
=== 95 ===
=== 96 ===
=== 97 ===
=== 98 ===
=== 99 ===
=== 100 ===
# 710 objects from 3 messages
