# Allpix Squared ASCII data - https://cern.ch/allpix-squared

=== 1 ===
=== 2 ===
=== 3 ===
=== 4 ===
=== 5 ===
=== 6 ===
=== 7 ===
=== 8 ===
=== 9 ===
=== 10 ===
=== 11 ===
=== 12 ===
=== 13 ===
=== 14 ===
=== 15 ===
=== 16 ===
=== 17 ===
=== 18 ===
=== 19 ===
=== 20 ===
=== 21 ===
=== 22 ===
=== 23 ===
=== 24 ===
=== 25 ===
=== 26 ===
=== 27 ===
=== 28 ===
=== 29 ===
=== 30 ===
=== 31 ===
=== 32 ===
=== 33 ===
=== 34 ===
=== 35 ===
=== 36 ===
=== 37 ===
=== 38 ===
=== 39 ===
=== 40 ===
=== 41 ===
=== 42 ===
--- mydetector ---
PixelHit 1942, 337, 29.4183, 0
PixelHit 1942, 338, 0.481079, 0
PixelHit 1943, 337, 42.1379, 0
PixelHit 1944, 336, 4.1865, 0
PixelHit 1944, 337, 49.8829, 0
PixelHit 1944, 338, 1.10406, 0
PixelHit 1945, 336, 1.76966, 0
PixelHit 1945, 337, 18.1176, 0
PixelHit 1946, 336, 7.49941, 0
PixelHit 1946, 337, 23.7369, 0
PixelHit 1947, 336, 13.9498, 0
PixelHit 1947, 337, 32.4155, 0
PixelHit 1947, 338, 3.32518, 0
PixelHit 1948, 336, 16.6974, 0
PixelHit 1948, 337, 30.0986, 0
PixelHit 1949, 336, 18.785, 0
PixelHit 1949, 337, 39.0374, 0
PixelHit 1949, 338, 2.99869, 0
PixelHit 1950, 336, 9.23257, 0
PixelHit 1950, 337, 14.7284, 0
PixelHit 1950, 338, 3.59488, 0
PixelHit 1951, 336, 11.3855, 0
PixelHit 1951, 337, 22.4457, 0
PixelHit 1951, 338, 2.5234, 0
PixelHit 1952, 335, 2.25062, 0
PixelHit 1952, 336, 7.05597, 0
PixelHit 1952, 337, 22.2328, 0
PixelHit 1952, 338, 0.25156, 0
PixelHit 1953, 336, 20.4463, 0
PixelHit 1953, 337, 28.5358, 0
PixelHit 1953, 338, 3.01111, 0
PixelHit 1954, 335, 7.4598, 0
PixelHit 1954, 336, 45.6586, 0
PixelHit 1954, 337, 52.7186, 0
PixelHit 1954, 338, 8.38348, 0
PixelHit 1955, 335, 6.01387, 0
PixelHit 1955, 336, 34.7702, 0
PixelHit 1955, 337, 56.4738, 0
PixelHit 1955, 338, 8.3999, 0
PixelHit 1956, 335, 2.11255, 0
PixelHit 1956, 336, 22.2978, 0
PixelHit 1956, 337, 26.7635, 0
PixelHit 1956, 338, 5.06104, 0
PixelHit 1957, 335, 3.84959, 0
PixelHit 1957, 336, 17.931, 0
PixelHit 1957, 337, 11.3304, 0
PixelHit 1957, 338, 5.28927, 0
PixelHit 1958, 335, 5.22378, 0
PixelHit 1958, 336, 18.1816, 0
PixelHit 1958, 337, 25.7178, 0
PixelHit 1958, 338, 4.32464, 0
PixelHit 1959, 335, 5.4668, 0
PixelHit 1959, 336, 33.1926, 0
PixelHit 1959, 337, 40.0852, 0
PixelHit 1959, 338, 5.75757, 0
PixelHit 1959, 339, 0.458784, 0
PixelHit 1960, 335, 15.9654, 0
PixelHit 1960, 336, 52.2121, 0
PixelHit 1960, 337, 61.9251, 0
PixelHit 1960, 338, 7.51636, 0
PixelHit 1961, 335, 11.1493, 0
PixelHit 1961, 336, 63.6043, 0
PixelHit 1961, 337, 64.7009, 0
PixelHit 1961, 338, 11.8219, 0
PixelHit 1962, 334, 2.43927, 0
PixelHit 1962, 335, 20.1293, 0
PixelHit 1962, 336, 57.516, 0
PixelHit 1962, 337, 61.337, 0
PixelHit 1962, 338, 3.38569, 0
PixelHit 1963, 335, 3.7768, 0
PixelHit 1963, 336, 31.1965, 0
PixelHit 1963, 337, 24.5302, 0
PixelHit 1963, 338, 5.94504, 0
PixelHit 1964, 335, 8.12022, 0
PixelHit 1964, 336, 10.881, 0
PixelHit 1964, 337, 5.80786, 0
PixelHit 1964, 338, 2.10501, 0
PixelHit 1965, 334, 6.37059, 0
PixelHit 1965, 335, 1.89178, 0
PixelHit 1965, 336, 16.7706, 0
PixelHit 1965, 337, 16.9044, 0
PixelHit 1965, 338, 3.15247, 0
PixelHit 1966, 334, 3.06591, 0
PixelHit 1966, 335, 5.95076, 0
PixelHit 1966, 336, 18.5259, 0
PixelHit 1966, 337, 22.4349, 0
PixelHit 1966, 338, 5.64303, 0
PixelHit 1967, 334, 2.77534, 0
PixelHit 1967, 335, 16.677, 0
PixelHit 1967, 336, 27.5488, 0
PixelHit 1967, 337, 23.3492, 0
PixelHit 1967, 338, 3.0683, 0
PixelHit 1968, 334, 2.32848, 0
PixelHit 1968, 335, 10.4193, 0
PixelHit 1968, 336, 15.4524, 0
PixelHit 1968, 337, 13.9832, 0
PixelHit 1968, 338, 7.15638, 0
PixelHit 1968, 339, 1.87895, 0
PixelHit 1969, 334, 1.39529, 0
PixelHit 1969, 335, 10.3226, 0
PixelHit 1969, 336, 12.8015, 0
PixelHit 1969, 337, 9.27613, 0
PixelHit 1969, 339, 1.10139, 0
PixelHit 1970, 335, 2.00044, 0
PixelHit 1970, 336, 17.93, 0
PixelHit 1970, 337, 8.59266, 0
PixelHit 1971, 333, 0.841775, 0
PixelHit 1971, 335, 19.1258, 0
PixelHit 1971, 336, 20.7076, 0
PixelHit 1971, 337, 14.8248, 0
PixelHit 1972, 335, 18.8825, 0
PixelHit 1972, 336, 32.4994, 0
PixelHit 1972, 337, 11.3, 0
PixelHit 1973, 334, 2.07032, 0
PixelHit 1973, 335, 8.33503, 0
PixelHit 1973, 336, 23.6692, 0
PixelHit 1973, 337, 8.30592, 0
PixelHit 1974, 333, 1.49514, 0
PixelHit 1974, 334, 7.3054, 0
PixelHit 1974, 335, 14.9827, 0
PixelHit 1974, 336, 15.6607, 0
PixelHit 1974, 337, 13.2731, 0
PixelHit 1975, 333, 1.34316, 0
PixelHit 1975, 335, 4.43864, 0
PixelHit 1975, 336, 21.5444, 0
PixelHit 1975, 337, 10.0132, 0
PixelHit 1975, 338, 2.8629, 0
PixelHit 1976, 334, 1.83451, 0
PixelHit 1976, 335, 2.26374, 0
PixelHit 1976, 336, 5.01861, 0
PixelHit 1977, 334, 3.52261, 0
PixelHit 1977, 335, 6.9206, 0
PixelHit 1977, 336, 6.75241, 0
PixelHit 1977, 337, 2.55351, 0
PixelHit 1978, 332, 0.908083, 0
PixelHit 1978, 334, 3.88451, 0
PixelHit 1978, 335, 8.02665, 0
PixelHit 1978, 336, 6.03556, 0
PixelHit 1978, 337, 5.24749, 0
PixelHit 1978, 338, 1.93344, 0
PixelHit 1979, 333, 3.63575, 0
PixelHit 1979, 334, 8.31283, 0
PixelHit 1979, 335, 32.7629, 0
PixelHit 1979, 336, 27.5346, 0
PixelHit 1979, 337, 12.8861, 0
PixelHit 1979, 338, 4.47033, 0
PixelHit 1980, 334, 9.56109, 0
PixelHit 1980, 335, 23.8904, 0
PixelHit 1980, 336, 34.4731, 0
PixelHit 1980, 337, 26.588, 0
PixelHit 1980, 338, 3.2535, 0
PixelHit 1981, 333, 3.14358, 0
PixelHit 1981, 334, 10.153, 0
PixelHit 1981, 335, 23.9364, 0
PixelHit 1981, 336, 32.4422, 0
PixelHit 1981, 337, 11.8093, 0
PixelHit 1982, 332, -0.635964, 0
PixelHit 1982, 334, 11.6132, 0
PixelHit 1982, 335, 15.2446, 0
PixelHit 1982, 336, 18.2344, 0
PixelHit 1982, 337, 11.0779, 0
PixelHit 1983, 333, 2.98575, 0
PixelHit 1983, 334, 7.91528, 0
PixelHit 1983, 335, 14.7466, 0
PixelHit 1983, 336, 14.2967, 0
PixelHit 1983, 337, 7.989, 0
PixelHit 1983, 338, 0.696892, 0
PixelHit 1984, 334, 15.6776, 0
PixelHit 1984, 335, 24.0427, 0
PixelHit 1984, 336, 20.8305, 0
PixelHit 1984, 337, 8.06871, 0
PixelHit 1984, 338, 2.82877, 0
PixelHit 1985, 333, 1.45672, 0
PixelHit 1985, 334, 18.2255, 0
PixelHit 1985, 335, 25.676, 0
PixelHit 1985, 336, 15.3007, 0
PixelHit 1985, 337, 14.7162, 0
PixelHit 1986, 333, 7.88046, 0
PixelHit 1986, 334, 16.5102, 0
PixelHit 1986, 335, 26.2675, 0
PixelHit 1986, 336, 20.8725, 0
PixelHit 1986, 337, 9.37672, 0
PixelHit 1987, 332, 0.796504, 0
PixelHit 1987, 333, 9.44752, 0
PixelHit 1987, 334, 6.31254, 0
PixelHit 1987, 335, 28.1953, 0
PixelHit 1987, 336, 19.1966, 0
PixelHit 1987, 337, 7.869, 0
PixelHit 1987, 338, 3.13644, 0
PixelHit 1987, 339, 1.29008, 0
PixelHit 1988, 333, 8.10563, 0
PixelHit 1988, 334, 12.9352, 0
PixelHit 1988, 335, 21.9736, 0
PixelHit 1988, 336, 22.3933, 0
PixelHit 1988, 337, 5.87465, 0
PixelHit 1988, 338, 2.11044, 0
PixelHit 1989, 333, 11.88, 0
PixelHit 1989, 334, 13.5773, 0
PixelHit 1989, 335, 23.5593, 0
PixelHit 1989, 336, 12.6362, 0
PixelHit 1989, 337, 4.07823, 0
PixelHit 1990, 334, 9.26761, 0
PixelHit 1990, 335, 5.28184, 0
PixelHit 1990, 336, 7.66181, 0
PixelHit 1990, 337, 0.881398, 0
PixelHit 1991, 334, 4.9582, 0
PixelHit 1991, 335, 6.48872, 0
PixelHit 1991, 337, 2.94351, 0
PixelHit 1992, 335, 1.71227, 0
PixelHit 1992, 337, 2.09938, 0
=== 43 ===
--- mydetector ---
PixelHit 2187, 864, 2.58035, 0
PixelHit 2187, 865, 2.84236, 0
PixelHit 2187, 866, 11.4688, 0
PixelHit 2188, 865, 4.14904, 0
PixelHit 2188, 866, 65.1837, 0
PixelHit 2188, 867, 3.31966, 0
PixelHit 2189, 865, 1.4691, 0
PixelHit 2189, 866, 23.2674, 0
PixelHit 2190, 866, 7.13534, 0
PixelHit 2191, 865, 2.94246, 0
PixelHit 2191, 866, 18.5805, 0
PixelHit 2191, 867, 3.56307, 0
PixelHit 2192, 865, 4.65228, 0
PixelHit 2192, 866, 13.765, 0
PixelHit 2192, 867, 4.24463, 0
PixelHit 2193, 865, 3.05737, 0
PixelHit 2193, 866, 19.0273, 0
PixelHit 2193, 867, 11.3701, 0
PixelHit 2194, 865, 0.629545, 0
PixelHit 2194, 866, 39.8994, 0
PixelHit 2194, 867, 9.97907, 0
PixelHit 2195, 865, 4.0815, 0
PixelHit 2195, 866, 41.7735, 0
PixelHit 2195, 867, 15.1316, 0
PixelHit 2196, 865, 1.16527, 0
PixelHit 2196, 866, 17.1802, 0
PixelHit 2196, 867, 7.43849, 0
PixelHit 2197, 865, 3.67149, 0
PixelHit 2197, 866, 10.6318, 0
PixelHit 2197, 867, 10.8033, 0
PixelHit 2198, 866, 48.9131, 0
PixelHit 2198, 867, 35.227, 0
PixelHit 2198, 868, 7.7834, 0
PixelHit 2199, 865, 3.21681, 0
PixelHit 2199, 866, 51.216, 0
PixelHit 2199, 867, 33.5923, 0
PixelHit 2199, 868, 0.18206, 0
PixelHit 2200, 866, 31.8202, 0
PixelHit 2200, 867, 45.3435, 0
PixelHit 2200, 868, 6.67529, 0
PixelHit 2201, 865, 4.0668, 0
PixelHit 2201, 866, 72.8482, 0
PixelHit 2201, 867, 71.3622, 0
PixelHit 2201, 868, 12.8963, 0
PixelHit 2202, 865, 4.67735, 0
PixelHit 2202, 866, 38.3791, 0
PixelHit 2202, 867, 51.5508, 0
PixelHit 2202, 868, 15.6785, 0
PixelHit 2203, 866, 20.1523, 0
PixelHit 2203, 867, 12.6478, 0
PixelHit 2203, 868, 9.44341, 0
PixelHit 2204, 865, 2.57399, 0
PixelHit 2204, 866, 5.11131, 0
PixelHit 2204, 867, 37.8324, 0
PixelHit 2204, 868, 9.28841, 0
PixelHit 2205, 866, 28.4031, 0
PixelHit 2205, 867, 37.8904, 0
PixelHit 2205, 868, 13.6664, 0
PixelHit 2206, 865, 2.47415, 0
PixelHit 2206, 866, 15.4598, 0
PixelHit 2206, 867, 30.8011, 0
PixelHit 2206, 868, 15.3724, 0
PixelHit 2207, 865, 4.87519, 0
PixelHit 2207, 866, 14.1001, 0
PixelHit 2207, 867, 29.8273, 0
PixelHit 2207, 868, 31.682, 0
PixelHit 2207, 870, 2.20171, 0
PixelHit 2208, 866, 19.5969, 0
PixelHit 2208, 867, 41.0325, 0
PixelHit 2208, 868, 23.5504, 0
PixelHit 2208, 869, 2.1683, 0
PixelHit 2208, 870, 2.02995, 0
PixelHit 2209, 865, 3.06108, 0
PixelHit 2209, 866, 12.9144, 0
PixelHit 2209, 867, 30.9276, 0
PixelHit 2209, 868, 26.8932, 0
PixelHit 2209, 869, 5.43697, 0
PixelHit 2210, 865, 3.90805, 0
PixelHit 2210, 866, 16.0945, 0
PixelHit 2210, 867, 32.4934, 0
PixelHit 2210, 868, 19.2297, 0
PixelHit 2210, 869, 1.64009, 0
PixelHit 2211, 865, 0.606785, 0
PixelHit 2211, 866, 9.18298, 0
PixelHit 2211, 867, 24.2867, 0
PixelHit 2211, 868, 8.55918, 0
PixelHit 2211, 869, 4.10411, 0
PixelHit 2212, 866, 5.07499, 0
PixelHit 2212, 867, 15.9116, 0
PixelHit 2212, 868, 8.48233, 0
PixelHit 2212, 869, 6.32285, 0
PixelHit 2213, 865, 1.59669, 0
PixelHit 2213, 866, 11.9051, 0
PixelHit 2213, 867, 32.5143, 0
PixelHit 2213, 868, 31.581, 0
PixelHit 2213, 869, 6.81631, 0
PixelHit 2213, 870, 2.62696, 0
PixelHit 2214, 865, 0.745267, 0
PixelHit 2214, 866, 19.9681, 0
PixelHit 2214, 867, 42.7226, 0
PixelHit 2214, 868, 32.361, 0
PixelHit 2214, 869, 11.268, 0
PixelHit 2215, 866, 8.59899, 0
PixelHit 2215, 867, 15.7897, 0
PixelHit 2215, 868, 22.1974, 0
PixelHit 2215, 869, 6.07318, 0
PixelHit 2216, 866, 6.89063, 0
PixelHit 2216, 867, 6.66395, 0
PixelHit 2216, 868, 8.74271, 0
PixelHit 2216, 869, 2.01525, 0
PixelHit 2217, 866, 8.23434, 0
PixelHit 2217, 867, 14.1393, 0
PixelHit 2217, 868, 17.9234, 0
PixelHit 2217, 869, 3.03809, 0
PixelHit 2218, 866, 5.68787, 0
PixelHit 2218, 867, 11.0101, 0
PixelHit 2218, 868, 30.0919, 0
PixelHit 2218, 869, 9.71001, 0
PixelHit 2218, 870, 2.06183, 0
PixelHit 2219, 866, 1.46565, 0
PixelHit 2219, 867, 34.5765, 0
PixelHit 2219, 868, 46.7649, 0
PixelHit 2219, 869, 19.2956, 0
PixelHit 2219, 870, 6.92177, 0
PixelHit 2220, 865, 4.06674, 0
PixelHit 2220, 866, 10.3163, 0
PixelHit 2220, 867, 35.9754, 0
PixelHit 2220, 868, 58.7964, 0
PixelHit 2220, 869, 34.8735, 0
PixelHit 2220, 870, 3.68883, 0
PixelHit 2221, 865, 1.19223, 0
PixelHit 2221, 866, 6.58681, 0
PixelHit 2221, 867, 29.7075, 0
PixelHit 2221, 868, 38.949, 0
PixelHit 2221, 869, 21.9623, 0
PixelHit 2221, 870, 5.88734, 0
PixelHit 2222, 865, 1.48251, 0
PixelHit 2222, 866, 3.60766, 0
PixelHit 2222, 867, 16.598, 0
PixelHit 2222, 868, 26.2801, 0
PixelHit 2222, 869, 29.1441, 0
PixelHit 2222, 870, 4.31165, 0
PixelHit 2223, 866, 7.70113, 0
PixelHit 2223, 867, 8.82433, 0
PixelHit 2223, 868, 15.7799, 0
PixelHit 2223, 869, 7.10762, 0
PixelHit 2223, 870, 2.88045, 0
PixelHit 2224, 866, 3.0602, 0
PixelHit 2224, 867, 3.20074, 0
PixelHit 2224, 868, 16.3264, 0
PixelHit 2224, 869, 10.5068, 0
PixelHit 2224, 870, 1.50306, 0
PixelHit 2224, 871, 2.05224, 0
PixelHit 2225, 866, 5.01532, 0
PixelHit 2225, 867, 18.0668, 0
PixelHit 2225, 868, 19.3774, 0
PixelHit 2225, 869, 16.0736, 0
PixelHit 2225, 871, 3.06088, 0
PixelHit 2226, 866, 2.62847, 0
PixelHit 2226, 867, 6.97159, 0
PixelHit 2226, 868, 22.0789, 0
PixelHit 2226, 869, 11.2592, 0
PixelHit 2226, 870, 4.68809, 0
PixelHit 2227, 866, 2.26052, 0
PixelHit 2227, 867, 10.7073, 0
PixelHit 2227, 868, 37.1876, 0
PixelHit 2227, 869, 21.6064, 0
PixelHit 2227, 870, 8.20373, 0
PixelHit 2227, 871, 1.43878, 0
PixelHit 2227, 872, 2.0767, 0
PixelHit 2228, 866, 2.75159, 0
PixelHit 2228, 867, 19.7543, 0
PixelHit 2228, 868, 43.9929, 0
PixelHit 2228, 869, 23.2491, 0
PixelHit 2228, 870, 14.0996, 0
PixelHit 2229, 865, 1.71093, 0
PixelHit 2229, 866, 3.79014, 0
PixelHit 2229, 867, 19.1178, 0
PixelHit 2229, 868, 34.2139, 0
PixelHit 2229, 869, 34.8737, 0
PixelHit 2229, 870, 12.84, 0
PixelHit 2229, 871, 4.42644, 0
PixelHit 2230, 865, 2.39012, 0
PixelHit 2230, 867, 10.7128, 0
PixelHit 2230, 868, 28.163, 0
PixelHit 2230, 869, 19.0741, 0
PixelHit 2230, 870, 5.80536, 0
PixelHit 2230, 871, 1.62758, 0
PixelHit 2231, 867, 8.27369, 0
PixelHit 2231, 868, 6.15081, 0
PixelHit 2231, 869, 10.891, 0
PixelHit 2231, 870, 5.67184, 0
PixelHit 2231, 871, 0.739459, 0
PixelHit 2232, 867, 6.82203, 0
PixelHit 2232, 868, 7.98441, 0
PixelHit 2232, 869, 10.1382, 0
PixelHit 2232, 870, 3.30908, 0
PixelHit 2232, 871, 1.01551, 0
PixelHit 2232, 872, 0.160399, 0
PixelHit 2233, 867, 4.00321, 0
PixelHit 2233, 868, 9.503, 0
PixelHit 2233, 869, 8.40726, 0
PixelHit 2233, 870, 2.32345, 0
PixelHit 2234, 866, 3.07356, 0
PixelHit 2234, 867, 1.66196, 0
PixelHit 2234, 868, 8.87796, 0
PixelHit 2234, 869, 10.6336, 0
PixelHit 2234, 870, 6.14858, 0
PixelHit 2235, 867, 8.47411, 0
PixelHit 2235, 868, 12.6429, 0
PixelHit 2235, 869, 11.3767, 0
PixelHit 2235, 870, 8.54596, 0
PixelHit 2235, 871, 1.65508, 0
PixelHit 2235, 872, 2.04656, 0
PixelHit 2236, 867, 3.38722, 0
PixelHit 2236, 868, 21.7568, 0
PixelHit 2236, 869, 15.0817, 0
PixelHit 2236, 870, 4.87337, 0
PixelHit 2236, 871, 1.13929, 0
PixelHit 2236, 872, 2.5037, 0
PixelHit 2237, 866, 2.34765, 0
PixelHit 2237, 867, 7.99266, 0
PixelHit 2237, 868, 10.053, 0
PixelHit 2237, 869, 20.3819, 0
PixelHit 2237, 870, 13.5094, 0
PixelHit 2237, 871, 6.24654, 0
PixelHit 2238, 867, 0.300785, 0
PixelHit 2238, 868, 12.6873, 0
PixelHit 2238, 869, 12.2925, 0
PixelHit 2238, 870, 11.598, 0
PixelHit 2239, 868, 4.76129, 0
PixelHit 2239, 869, 5.40616, 0
PixelHit 2239, 870, 2.37652, 0
PixelHit 2239, 872, 2.31366, 0
PixelHit 2240, 868, 1.94308, 0
PixelHit 2240, 869, 2.30463, 0
PixelHit 2240, 871, 2.39711, 0
PixelHit 2241, 871, 1.14857, 0
=== 44 ===
=== 45 ===
=== 46 ===
=== 47 ===
=== 48 ===
=== 49 ===
=== 50 ===
=== 51 ===
=== 52 ===
=== 53 ===
=== 54 ===
=== 55 ===
=== 56 ===
=== 57 ===
=== 58 ===
=== 59 ===
=== 60 ===
=== 61 ===
=== 62 ===
=== 63 ===
=== 64 ===
=== 65 ===
=== 66 ===
=== 67 ===
=== 68 ===
=== 69 ===
=== 70 ===
=== 71 ===
=== 72 ===
=== 73 ===
=== 74 ===
=== 75 ===
--- mydetector ---
PixelHit 476, 1381, 1.4083, 0
PixelHit 476, 1382, 8.79773, 0
PixelHit 477, 1381, 6.56666, 0
PixelHit 477, 1382, 24.1488, 0
PixelHit 478, 1381, 10.9456, 0
PixelHit 478, 1382, 66.0835, 0
PixelHit 479, 1381, 13.4442, 0
PixelHit 479, 1382, 49.6563, 0
PixelHit 480, 1382, 9.09634, 0
PixelHit 480, 1383, 0.891859, 0
PixelHit 481, 1382, 8.73192, 0
PixelHit 481, 1383, 2.83643, 0
PixelHit 482, 1381, 4.08941, 0
PixelHit 482, 1382, 28.5358, 0
PixelHit 482, 1383, 7.71191, 0
PixelHit 483, 1381, 3.4342, 0
PixelHit 483, 1382, 24.5186, 0
PixelHit 483, 1383, 7.49662, 0
PixelHit 484, 1381, 1.66141, 0
PixelHit 484, 1382, 8.11569, 0
PixelHit 484, 1383, 5.19448, 0
PixelHit 485, 1382, 3.69297, 0
PixelHit 485, 1383, 0.190245, 0
PixelHit 486, 1382, 6.22525, 0
PixelHit 486, 1383, 5.30219, 0
PixelHit 487, 1382, 9.80956, 0
PixelHit 487, 1383, 15.0458, 0
PixelHit 487, 1384, 1.41212, 0
PixelHit 488, 1381, 2.43672, 0
PixelHit 488, 1382, 31.3962, 0
PixelHit 488, 1383, 25.3094, 0
PixelHit 488, 1384, 2.07424, 0
PixelHit 489, 1381, 2.11308, 0
PixelHit 489, 1382, 25.5219, 0
PixelHit 489, 1383, 22.2476, 0
PixelHit 489, 1384, 2.80593, 0
PixelHit 490, 1381, 1.33463, 0
PixelHit 490, 1382, 21.5647, 0
PixelHit 490, 1383, 29.2283, 0
PixelHit 490, 1384, 2.39133, 0
PixelHit 490, 1385, 1.82013, 0
PixelHit 491, 1381, 4.51733, 0
PixelHit 491, 1382, 28.6222, 0
PixelHit 491, 1383, 86.3649, 0
PixelHit 491, 1384, 21.102, 0
PixelHit 492, 1381, 15.3796, 0
PixelHit 492, 1382, 134.566, 0
PixelHit 492, 1383, 187.238, 0
PixelHit 492, 1384, 55.7597, 0
PixelHit 492, 1385, 2.63398, 0
PixelHit 493, 1381, 6.6719, 0
PixelHit 493, 1382, 72.2478, 0
PixelHit 493, 1383, 125.563, 0
PixelHit 493, 1384, 30.6067, 0
PixelHit 493, 1385, 2.42513, 0
PixelHit 494, 1382, 24.8297, 0
PixelHit 494, 1383, 63.0169, 0
PixelHit 494, 1384, 18.12, 0
PixelHit 495, 1381, 4.65207, 0
PixelHit 495, 1382, 28.6334, 0
PixelHit 495, 1383, 55.8774, 0
PixelHit 495, 1384, 20.9865, 0
PixelHit 495, 1385, 4.70396, 0
PixelHit 496, 1381, 2.67626, 0
PixelHit 496, 1382, 21.5554, 0
PixelHit 496, 1383, 42.5117, 0
PixelHit 496, 1384, 24.2443, 0
PixelHit 497, 1382, 14.3778, 0
PixelHit 497, 1383, 34.5682, 0
PixelHit 497, 1384, 12.8429, 0
PixelHit 497, 1385, 1.91754, 0
PixelHit 498, 1382, 6.10662, 0
PixelHit 498, 1383, 18.0833, 0
PixelHit 498, 1384, 9.26789, 0
PixelHit 498, 1385, -0.385385, 0
PixelHit 499, 1382, 9.58146, 0
PixelHit 499, 1383, 25.5466, 0
PixelHit 499, 1384, 16.7779, 0
PixelHit 499, 1385, 8.65982, 0
PixelHit 500, 1381, 4.95358, 0
PixelHit 500, 1382, 37.7233, 0
PixelHit 500, 1383, 116.766, 0
PixelHit 500, 1384, 86.5255, 0
PixelHit 500, 1385, 15.9786, 0
PixelHit 500, 1386, 2.23002, 0
PixelHit 501, 1381, 7.89012, 0
PixelHit 501, 1382, 55.9338, 0
PixelHit 501, 1383, 177.142, 0
PixelHit 501, 1384, 131.654, 0
PixelHit 501, 1385, 25.1053, 0
PixelHit 501, 1386, 1.08412, 0
PixelHit 502, 1382, 25.2933, 0
PixelHit 502, 1383, 71.4713, 0
PixelHit 502, 1384, 58.0185, 0
PixelHit 502, 1385, 12.8626, 0
PixelHit 502, 1386, 3.78897, 0
PixelHit 503, 1382, 6.3327, 0
PixelHit 503, 1383, 20.5609, 0
PixelHit 503, 1384, 10.8336, 0
PixelHit 503, 1385, 2.076, 0
PixelHit 504, 1382, 5.23022, 0
PixelHit 504, 1383, 17.3952, 0
PixelHit 504, 1384, 21.74, 0
PixelHit 505, 1382, 3.50586, 0
PixelHit 505, 1383, 16.0945, 0
PixelHit 505, 1384, 15.3138, 0
PixelHit 505, 1385, 8.32058, 0
PixelHit 506, 1383, 5.49795, 0
PixelHit 506, 1384, 10.7033, 0
PixelHit 506, 1385, 5.32607, 0
PixelHit 506, 1387, 1.70367, 0
PixelHit 507, 1382, 3.1412, 0
PixelHit 507, 1383, 9.07145, 0
PixelHit 507, 1384, 9.99931, 0
PixelHit 507, 1385, 1.84999, 0
PixelHit 508, 1381, 1.4658, 0
PixelHit 508, 1383, 14.9717, 0
PixelHit 508, 1384, 14.1501, 0
PixelHit 508, 1385, 2.53791, 0
PixelHit 509, 1382, 0.599819, 0
PixelHit 509, 1383, 13.5615, 0
PixelHit 509, 1384, 15.0924, 0
PixelHit 509, 1385, 9.49151, 0
PixelHit 509, 1386, 2.42896, 0
PixelHit 510, 1381, 2.15159, 0
PixelHit 510, 1382, 6.69522, 0
PixelHit 510, 1383, 21.2811, 0
PixelHit 510, 1384, 31.3314, 0
PixelHit 510, 1385, 14.8797, 0
PixelHit 510, 1386, 1.37212, 0
PixelHit 511, 1382, 3.58403, 0
PixelHit 511, 1383, 22.9028, 0
PixelHit 511, 1384, 37.8644, 0
PixelHit 511, 1385, 26.5603, 0
PixelHit 511, 1386, 5.4084, 0
PixelHit 512, 1381, 0.391359, 0
PixelHit 512, 1382, 3.72656, 0
PixelHit 512, 1383, 20.8742, 0
PixelHit 512, 1384, 29.1517, 0
PixelHit 512, 1385, 12.4882, 0
PixelHit 512, 1386, 1.4795, 0
PixelHit 513, 1382, 0.878632, 0
PixelHit 513, 1383, 12.3862, 0
PixelHit 513, 1384, 23.01, 0
PixelHit 513, 1385, 21.1116, 0
PixelHit 513, 1386, 3.53882, 0
PixelHit 514, 1382, 3.25903, 0
PixelHit 514, 1383, 14.1426, 0
PixelHit 514, 1384, 23.1696, 0
PixelHit 514, 1385, 11.7151, 0
PixelHit 514, 1386, 1.92336, 0
PixelHit 515, 1382, 3.06252, 0
PixelHit 515, 1383, 4.42544, 0
PixelHit 515, 1384, 12.1323, 0
PixelHit 515, 1385, 9.23513, 0
PixelHit 516, 1382, 3.78242, 0
PixelHit 516, 1383, 2.95509, 0
PixelHit 516, 1384, 8.7851, 0
PixelHit 516, 1385, 8.36584, 0
PixelHit 517, 1382, 2.27859, 0
PixelHit 517, 1383, 5.88981, 0
PixelHit 517, 1384, 11.1968, 0
PixelHit 517, 1385, 13.1279, 0
PixelHit 517, 1386, 7.12987, 0
PixelHit 517, 1387, 1.16122, 0
PixelHit 518, 1381, 2.51041, 0
PixelHit 518, 1382, 5.75301, 0
PixelHit 518, 1383, 6.40936, 0
PixelHit 518, 1384, 27.1495, 0
PixelHit 518, 1385, 24.6418, 0
PixelHit 518, 1386, 10.1894, 0
PixelHit 519, 1382, 5.82922, 0
PixelHit 519, 1383, 18.3756, 0
PixelHit 519, 1384, 32.3606, 0
PixelHit 519, 1385, 18.9306, 0
PixelHit 519, 1386, 7.17896, 0
PixelHit 519, 1387, 1.42861, 0
PixelHit 520, 1382, 3.86602, 0
PixelHit 520, 1383, 20.4473, 0
PixelHit 520, 1384, 35.6029, 0
PixelHit 520, 1385, 27.8574, 0
PixelHit 520, 1386, 9.01256, 0
PixelHit 520, 1388, 1.15124, 0
PixelHit 521, 1381, 0.709881, 0
PixelHit 521, 1382, 7.08545, 0
PixelHit 521, 1383, 36.2531, 0
PixelHit 521, 1384, 61.1417, 0
PixelHit 521, 1385, 52.6453, 0
PixelHit 521, 1386, 9.15809, 0
PixelHit 521, 1387, 3.7591, 0
PixelHit 521, 1388, 0.376442, 0
PixelHit 522, 1381, 4.15947, 0
PixelHit 522, 1382, 11.1871, 0
PixelHit 522, 1383, 42.6586, 0
PixelHit 522, 1384, 58.4951, 0
PixelHit 522, 1385, 62.9472, 0
PixelHit 522, 1386, 15.5703, 0
PixelHit 522, 1387, 4.71107, 0
PixelHit 522, 1388, 1.81211, 0
PixelHit 523, 1380, 2.69674, 0
PixelHit 523, 1382, 3.63707, 0
PixelHit 523, 1383, 29.1079, 0
PixelHit 523, 1384, 43.7211, 0
PixelHit 523, 1385, 37.8213, 0
PixelHit 523, 1386, 12.8881, 0
PixelHit 523, 1387, 3.27739, 0
PixelHit 524, 1382, 3.26733, 0
PixelHit 524, 1383, 15.4651, 0
PixelHit 524, 1384, 23.7838, 0
PixelHit 524, 1385, 24.1318, 0
PixelHit 524, 1386, 3.0491, 0
PixelHit 524, 1387, 2.79213, 0
PixelHit 525, 1383, 11.9426, 0
PixelHit 525, 1384, 5.18942, 0
PixelHit 525, 1385, 5.53099, 0
PixelHit 526, 1382, 2.19361, 0
PixelHit 526, 1383, 4.63423, 0
PixelHit 526, 1384, 8.7048, 0
PixelHit 526, 1385, 7.3111, 0
PixelHit 526, 1386, 0.926305, 0
PixelHit 526, 1387, 1.22675, 0
PixelHit 527, 1382, 2.22677, 0
PixelHit 527, 1383, 4.32954, 0
PixelHit 527, 1384, 9.85355, 0
PixelHit 527, 1385, 6.96741, 0
PixelHit 527, 1386, 4.62385, 0
PixelHit 528, 1381, 2.18443, 0
PixelHit 528, 1382, 4.56402, 0
PixelHit 528, 1383, 15.4291, 0
PixelHit 528, 1384, 15.2284, 0
PixelHit 528, 1385, 17.9285, 0
PixelHit 528, 1386, 5.05208, 0
PixelHit 528, 1387, 2.69123, 0
PixelHit 529, 1382, 2.79885, 0
PixelHit 529, 1383, 12.1483, 0
PixelHit 529, 1384, 12.1007, 0
PixelHit 529, 1385, 8.8226, 0
PixelHit 529, 1386, 6.30006, 0
PixelHit 530, 1382, 3.41834, 0
PixelHit 530, 1383, 7.40904, 0
PixelHit 530, 1384, 17.4028, 0
PixelHit 530, 1385, 18.2681, 0
PixelHit 530, 1386, 9.19254, 0
PixelHit 530, 1387, 3.55362, 0
PixelHit 531, 1383, 10.8219, 0
PixelHit 531, 1384, 19.4681, 0
PixelHit 531, 1385, 22.3237, 0
PixelHit 531, 1386, 6.76508, 0
PixelHit 531, 1387, 3.39303, 0
PixelHit 531, 1388, 2.75182, 0
PixelHit 532, 1382, 3.25311, 0
PixelHit 532, 1383, 10.2944, 0
PixelHit 532, 1384, 16.6941, 0
PixelHit 532, 1385, 17.7981, 0
PixelHit 532, 1386, 8.61215, 0
PixelHit 533, 1382, 3.9777, 0
PixelHit 533, 1383, 4.68577, 0
PixelHit 533, 1384, 18.9559, 0
PixelHit 533, 1385, 11.3242, 0
PixelHit 533, 1386, 7.19964, 0
PixelHit 533, 1387, 0.17, 0
PixelHit 534, 1382, 2.69306, 0
PixelHit 534, 1383, 7.40446, 0
PixelHit 534, 1384, 16.2933, 0
PixelHit 534, 1385, 20.8598, 0
PixelHit 534, 1386, 10.9408, 0
PixelHit 535, 1383, 5.95522, 0
PixelHit 535, 1384, 16.8972, 0
PixelHit 535, 1385, 16.3297, 0
PixelHit 535, 1386, 7.01472, 0
PixelHit 535, 1387, 5.60398, 0
PixelHit 536, 1382, 3.21851, 0
PixelHit 536, 1383, 3.19763, 0
PixelHit 536, 1384, 4.54013, 0
PixelHit 536, 1385, 5.93833, 0
PixelHit 536, 1386, 3.65462, 0
PixelHit 536, 1387, 1.97415, 0
PixelHit 537, 1385, 3.15694, 0
PixelHit 537, 1386, 2.39372, 0
=== 76 ===
=== 77 ===
=== 78 ===
=== 79 ===
=== 80 ===
=== 81 ===
=== 82 ===
=== 83 ===
=== 84 ===
=== 85 ===
=== 86 ===
=== 87 ===
=== 88 ===
=== 89 ===
=== 90 ===
=== 91 ===
=== 92 ===
=== 93 ===
=== 94 ===
=== 95 ===
=== 96 ===
=== 97 ===
=== 98 ===
=== 99 ===
=== 100 ===
# 727 objects from 3 messages
