# Allpix Squared ASCII data - https://cern.ch/allpix-squared

=== 1 ===
=== 2 ===
=== 3 ===
=== 4 ===
=== 5 ===
=== 6 ===
=== 7 ===
=== 8 ===
=== 9 ===
=== 10 ===
=== 11 ===
=== 12 ===
=== 13 ===
=== 14 ===
=== 15 ===
=== 16 ===
--- mydetector ---
PixelHit 2407, 1472, 4.42503, 0
PixelHit 2408, 1468, 1.75498, 0
PixelHit 2408, 1469, 0.853566, 0
PixelHit 2408, 1471, 2.18857, 0
PixelHit 2408, 1472, 36.9239, 0
PixelHit 2408, 1473, 49.8338, 0
PixelHit 2409, 1465, 0.194332, 0
PixelHit 2409, 1467, 6.3992, 0
PixelHit 2409, 1468, 11.7379, 0
PixelHit 2409, 1469, 24.4616, 0
PixelHit 2409, 1470, 9.39272, 0
PixelHit 2409, 1471, 4.97267, 0
PixelHit 2409, 1472, 46.153, 0
PixelHit 2409, 1473, 8.73086, 0
PixelHit 2410, 1457, 1.01467, 0
PixelHit 2410, 1463, 3.06646, 0
PixelHit 2410, 1464, 8.2478, 0
PixelHit 2410, 1465, 15.3605, 0
PixelHit 2410, 1466, 20.2401, 0
PixelHit 2410, 1467, 51.7689, 0
PixelHit 2410, 1468, 82.6569, 0
PixelHit 2410, 1469, 98.3203, 0
PixelHit 2410, 1470, 22.3174, 0
PixelHit 2410, 1471, 3.33657, 0
PixelHit 2410, 1472, 3.11774, 0
PixelHit 2411, 1457, 1.56495, 0
PixelHit 2411, 1461, 9.68227, 0
PixelHit 2411, 1462, 10.3084, 0
PixelHit 2411, 1463, 32.897, 0
PixelHit 2411, 1464, 156.817, 0
PixelHit 2411, 1465, 195.618, 0
PixelHit 2411, 1466, 60.5421, 0
PixelHit 2411, 1467, 63.1742, 0
PixelHit 2411, 1468, 27.9836, 0
PixelHit 2411, 1469, 16.2689, 0
PixelHit 2412, 1451, 1.93367, 0
PixelHit 2412, 1452, 2.73904, 0
PixelHit 2412, 1453, 1.98984, 0
PixelHit 2412, 1454, 6.98476, 0
PixelHit 2412, 1455, 4.68731, 0
PixelHit 2412, 1456, 14.1292, 0
PixelHit 2412, 1457, 14.9131, 0
PixelHit 2412, 1459, 5.64045, 0
PixelHit 2412, 1460, 9.27495, 0
PixelHit 2412, 1461, 15.1575, 0
PixelHit 2412, 1462, 22.1337, 0
PixelHit 2412, 1463, 107.225, 0
PixelHit 2412, 1464, 648.613, 0
PixelHit 2412, 1465, 700.888, 0
PixelHit 2412, 1466, 104.033, 0
PixelHit 2412, 1467, 8.55192, 0
PixelHit 2412, 1468, 3.09872, 0
PixelHit 2413, 1442, 0.806413, 0
PixelHit 2413, 1443, 2.58684, 0
PixelHit 2413, 1448, 3.71669, 0
PixelHit 2413, 1450, 5.85937, 0
PixelHit 2413, 1451, 3.90299, 0
PixelHit 2413, 1452, 6.97239, 0
PixelHit 2413, 1453, 16.5335, 0
PixelHit 2413, 1454, 27.704, 0
PixelHit 2413, 1455, 25.161, 0
PixelHit 2413, 1456, 53.3917, 0
PixelHit 2413, 1457, 31.4822, 0
PixelHit 2413, 1458, 23.859, 0
PixelHit 2413, 1459, 7.98908, 0
PixelHit 2413, 1460, 12.506, 0
PixelHit 2413, 1461, 10.8484, 0
PixelHit 2413, 1462, 5.40624, 0
PixelHit 2413, 1463, 71.8254, 0
PixelHit 2413, 1464, 869.497, 0
PixelHit 2413, 1465, 1127.37, 0
PixelHit 2413, 1466, 114.278, 0
PixelHit 2414, 1440, 0.657254, 0
PixelHit 2414, 1444, 2.0201, 0
PixelHit 2414, 1445, 1.94973, 0
PixelHit 2414, 1446, 3.97899, 0
PixelHit 2414, 1447, 3.45554, 0
PixelHit 2414, 1448, 15.6031, 0
PixelHit 2414, 1449, 10.1844, 0
PixelHit 2414, 1450, 16.1285, 0
PixelHit 2414, 1451, 19.242, 0
PixelHit 2414, 1452, 12.3017, 0
PixelHit 2414, 1453, 27.5284, 0
PixelHit 2414, 1454, 42.7353, 0
PixelHit 2414, 1455, 47.7406, 0
PixelHit 2414, 1456, 58.4384, 0
PixelHit 2414, 1457, 60.3646, 0
PixelHit 2414, 1458, 21.4003, 0
PixelHit 2414, 1459, 4.69204, 0
PixelHit 2414, 1460, 3.88884, 0
PixelHit 2414, 1462, 1.96835, 0
PixelHit 2414, 1463, 25.5077, 0
PixelHit 2414, 1464, 258.38, 0
PixelHit 2414, 1465, 304.529, 0
PixelHit 2414, 1466, 43.492, 0
PixelHit 2414, 1467, 2.75327, 0
PixelHit 2415, 1439, 4.38444, 0
PixelHit 2415, 1440, 3.84366, 0
PixelHit 2415, 1441, 5.87478, 0
PixelHit 2415, 1442, 13.4691, 0
PixelHit 2415, 1443, 6.56728, 0
PixelHit 2415, 1444, 8.88397, 0
PixelHit 2415, 1445, 9.6812, 0
PixelHit 2415, 1446, 17.3713, 0
PixelHit 2415, 1447, 10.9952, 0
PixelHit 2415, 1448, 20.2149, 0
PixelHit 2415, 1449, 20.7794, 0
PixelHit 2415, 1450, 34.7981, 0
PixelHit 2415, 1451, 18.4242, 0
PixelHit 2415, 1452, 19.7325, 0
PixelHit 2415, 1453, 31.2457, 0
PixelHit 2415, 1454, 20.9428, 0
PixelHit 2415, 1455, 21.3792, 0
PixelHit 2415, 1456, 14.4849, 0
PixelHit 2415, 1457, 20.7309, 0
PixelHit 2415, 1459, 2.81523, 0
PixelHit 2415, 1464, 3.97562, 0
PixelHit 2415, 1465, 10.3245, 0
PixelHit 2415, 1466, 1.12859, 0
PixelHit 2416, 1436, 1.74984, 0
PixelHit 2416, 1438, 0.999784, 0
PixelHit 2416, 1439, 12.5864, 0
PixelHit 2416, 1440, 21.1077, 0
PixelHit 2416, 1441, 31.6417, 0
PixelHit 2416, 1442, 48.5352, 0
PixelHit 2416, 1443, 43.8693, 0
PixelHit 2416, 1444, 28.8406, 0
PixelHit 2416, 1445, 21.0595, 0
PixelHit 2416, 1446, 19.4899, 0
PixelHit 2416, 1447, 24.3692, 0
PixelHit 2416, 1448, 21.6088, 0
PixelHit 2416, 1449, 20.5221, 0
PixelHit 2416, 1450, 23.5386, 0
PixelHit 2416, 1451, 9.79275, 0
PixelHit 2416, 1452, 7.98941, 0
PixelHit 2416, 1453, 10.8443, 0
PixelHit 2416, 1454, 5.63737, 0
PixelHit 2416, 1455, 3.05147, 0
PixelHit 2416, 1457, 2.88041, 0
PixelHit 2416, 1463, 1.23631, 0
PixelHit 2417, 1437, 2.08126, 0
PixelHit 2417, 1438, 4.75382, 0
PixelHit 2417, 1439, 9.38486, 0
PixelHit 2417, 1440, 48.2102, 0
PixelHit 2417, 1441, 62.5502, 0
PixelHit 2417, 1442, 66.2509, 0
PixelHit 2417, 1443, 39.7941, 0
PixelHit 2417, 1444, 31.3653, 0
PixelHit 2417, 1445, 30.5932, 0
PixelHit 2417, 1446, 24.2629, 0
PixelHit 2417, 1447, 2.91528, 0
PixelHit 2417, 1448, 12.3063, 0
PixelHit 2417, 1449, 12.1959, 0
PixelHit 2417, 1450, 4.22276, 0
PixelHit 2417, 1451, 3.19934, 0
PixelHit 2417, 1452, 1.86188, 0
PixelHit 2418, 1438, 5.37015, 0
PixelHit 2418, 1439, 15.6798, 0
PixelHit 2418, 1440, 40.1913, 0
PixelHit 2418, 1441, 47.79, 0
PixelHit 2418, 1442, 47.3299, 0
PixelHit 2418, 1443, 36.1591, 0
PixelHit 2418, 1444, 21.1423, 0
PixelHit 2418, 1445, 8.2969, 0
PixelHit 2418, 1446, 12.5768, 0
PixelHit 2418, 1447, 7.03829, 0
PixelHit 2418, 1448, 5.67968, 0
PixelHit 2418, 1455, 1.54265, 0
PixelHit 2419, 1437, 1.03523, 0
PixelHit 2419, 1439, 10.2744, 0
PixelHit 2419, 1440, 16.3946, 0
PixelHit 2419, 1441, 20.7038, 0
PixelHit 2419, 1442, 15.2509, 0
PixelHit 2419, 1443, 10.8384, 0
PixelHit 2419, 1444, 7.49519, 0
PixelHit 2419, 1445, 2.6466, 0
PixelHit 2419, 1446, 0.88372, 0
PixelHit 2420, 1440, 4.96247, 0
PixelHit 2420, 1441, 2.65163, 0
PixelHit 2420, 1442, 5.36787, 0
PixelHit 2420, 1443, 1.75979, 0
PixelHit 2421, 1442, 0.16047, 0
=== 17 ===
=== 18 ===
=== 19 ===
=== 20 ===
=== 21 ===
=== 22 ===
=== 23 ===
=== 24 ===
=== 25 ===
=== 26 ===
=== 27 ===
=== 28 ===
=== 29 ===
--- mydetector ---
PixelHit 1388, 404, 1.53958, 0
PixelHit 1389, 404, 5.93282, 0
PixelHit 1390, 403, 11.3629, 0
PixelHit 1390, 404, 27.4081, 0
PixelHit 1391, 401, 2.95366, 0
PixelHit 1391, 402, 3.27161, 0
PixelHit 1391, 403, 103.068, 0
PixelHit 1391, 404, 14.6344, 0
PixelHit 1392, 400, 2.229, 0
PixelHit 1392, 401, 26.7875, 0
PixelHit 1392, 402, 20.3597, 0
PixelHit 1392, 403, 3.53271, 0
PixelHit 1392, 404, 2.73505, 0
PixelHit 1393, 400, 5.49999, 0
PixelHit 1393, 401, 226.689, 0
PixelHit 1393, 402, 107.951, 0
PixelHit 1393, 403, 2.69975, 0
PixelHit 1394, 400, 2.87565, 0
PixelHit 1394, 401, 25.8271, 0
PixelHit 1394, 402, 9.35916, 0
PixelHit 1395, 399, 14.7725, 0
PixelHit 1395, 400, 6.50013, 0
PixelHit 1396, 397, 1.636, 0
PixelHit 1396, 398, 13.4897, 0
PixelHit 1396, 399, 14.4052, 0
PixelHit 1396, 400, 2.41393, 0
PixelHit 1397, 396, 5.47429, 0
PixelHit 1397, 397, 28.1271, 0
PixelHit 1397, 398, 23.0108, 0
PixelHit 1397, 399, 6.10201, 0
PixelHit 1397, 400, 1.66407, 0
PixelHit 1398, 395, 9.24235, 0
PixelHit 1398, 396, 51.6638, 0
PixelHit 1398, 397, 76.4723, 0
PixelHit 1398, 398, 14.4334, 0
PixelHit 1398, 399, 0.487889, 0
PixelHit 1399, 394, 3.1441, 0
PixelHit 1399, 395, 40.7863, 0
PixelHit 1399, 396, 95.3263, 0
PixelHit 1399, 397, 43.0251, 0
PixelHit 1399, 398, 8.48208, 0
PixelHit 1400, 394, 15.9246, 0
PixelHit 1400, 395, 63.0821, 0
PixelHit 1400, 396, 50.8904, 0
PixelHit 1400, 397, 8.64976, 0
PixelHit 1401, 393, 4.7327, 0
PixelHit 1401, 394, 19.401, 0
PixelHit 1401, 395, 22.9508, 0
PixelHit 1401, 396, 12.7654, 0
PixelHit 1402, 391, 2.37304, 0
PixelHit 1402, 392, 12.8121, 0
PixelHit 1402, 393, 23.0546, 0
PixelHit 1402, 394, 10.1426, 0
PixelHit 1403, 391, 9.21356, 0
PixelHit 1403, 392, 24.2075, 0
PixelHit 1403, 393, 25.0393, 0
PixelHit 1403, 394, 2.15304, 0
PixelHit 1404, 389, 0.875252, 0
PixelHit 1404, 390, 3.41925, 0
PixelHit 1404, 391, 14.0458, 0
PixelHit 1404, 392, 22.9528, 0
PixelHit 1404, 393, 12.3323, 0
PixelHit 1404, 394, 3.28317, 0
PixelHit 1405, 389, 1.70023, 0
PixelHit 1405, 390, 4.12359, 0
PixelHit 1405, 391, 13.3123, 0
PixelHit 1405, 392, 8.84908, 0
PixelHit 1405, 393, 3.45515, 0
PixelHit 1406, 386, 2.89983, 0
PixelHit 1406, 387, 2.29195, 0
PixelHit 1406, 388, 8.07799, 0
PixelHit 1406, 389, 11.0663, 0
PixelHit 1406, 390, 8.7948, 0
PixelHit 1406, 391, 2.51877, 0
PixelHit 1406, 392, 4.3659, 0
PixelHit 1407, 386, 3.90034, 0
PixelHit 1407, 387, 4.06975, 0
PixelHit 1407, 388, 19.8944, 0
PixelHit 1407, 389, 19.8711, 0
PixelHit 1407, 390, 8.18218, 0
PixelHit 1408, 385, 3.85136, 0
PixelHit 1408, 386, 6.18008, 0
PixelHit 1408, 387, 31.6835, 0
PixelHit 1408, 388, 40.078, 0
PixelHit 1408, 389, 15.345, 0
PixelHit 1408, 390, 2.92776, 0
PixelHit 1408, 391, 1.78165, 0
PixelHit 1409, 384, 6.22864, 0
PixelHit 1409, 385, 9.44736, 0
PixelHit 1409, 386, 17.2793, 0
PixelHit 1409, 387, 41.1062, 0
PixelHit 1409, 388, 37.3152, 0
PixelHit 1409, 389, 11.6703, 0
PixelHit 1409, 390, 4.05181, 0
PixelHit 1410, 384, 6.99147, 0
PixelHit 1410, 385, 26.019, 0
PixelHit 1410, 386, 21.7219, 0
PixelHit 1410, 387, 31.8109, 0
PixelHit 1410, 388, 9.14208, 0
PixelHit 1410, 389, 12.101, 0
PixelHit 1411, 382, 0.493717, 0
PixelHit 1411, 383, 4.01769, 0
PixelHit 1411, 384, 7.61301, 0
PixelHit 1411, 385, 27.8977, 0
PixelHit 1411, 386, 29.2347, 0
PixelHit 1411, 387, 13.5425, 0
PixelHit 1411, 388, 3.38178, 0
PixelHit 1411, 389, 3.33029, 0
PixelHit 1412, 380, 2.17501, 0
PixelHit 1412, 381, 0.575399, 0
PixelHit 1412, 382, 7.87761, 0
PixelHit 1412, 383, 16.6162, 0
PixelHit 1412, 384, 16.5443, 0
PixelHit 1412, 385, 21.2631, 0
PixelHit 1412, 386, 11.6115, 0
PixelHit 1412, 387, 2.15327, 0
PixelHit 1413, 381, 11.6917, 0
PixelHit 1413, 382, 22.1979, 0
PixelHit 1413, 383, 45.3202, 0
PixelHit 1413, 384, 22.9344, 0
PixelHit 1413, 385, 6.85586, 0
PixelHit 1413, 386, 1.70483, 0
PixelHit 1414, 379, 2.25585, 0
PixelHit 1414, 380, 7.44841, 0
PixelHit 1414, 381, 36.8229, 0
PixelHit 1414, 382, 56.1788, 0
PixelHit 1414, 383, 47.4029, 0
PixelHit 1414, 384, 29.4529, 0
PixelHit 1414, 385, 2.3288, 0
PixelHit 1415, 378, 4.26488, 0
PixelHit 1415, 379, 4.71258, 0
PixelHit 1415, 380, 24.4849, 0
PixelHit 1415, 381, 41.8151, 0
PixelHit 1415, 382, 62.9045, 0
PixelHit 1415, 383, 33.6914, 0
PixelHit 1415, 384, 5.61336, 0
PixelHit 1415, 385, 2.02691, 0
PixelHit 1416, 377, 6.25032, 0
PixelHit 1416, 378, 18.3334, 0
PixelHit 1416, 379, 26.1711, 0
PixelHit 1416, 380, 34.8533, 0
PixelHit 1416, 381, 30.9411, 0
PixelHit 1416, 382, 18.7567, 0
PixelHit 1416, 383, 11.272, 0
PixelHit 1416, 384, 2.27458, 0
PixelHit 1417, 377, 34.3445, 0
PixelHit 1417, 378, 78.7986, 0
PixelHit 1417, 379, 95.2872, 0
PixelHit 1417, 380, 66.6788, 0
PixelHit 1417, 381, 20.1905, 0
PixelHit 1417, 382, 8.65676, 0
PixelHit 1418, 376, 11.7038, 0
PixelHit 1418, 377, 54.8951, 0
PixelHit 1418, 378, 167.387, 0
PixelHit 1418, 379, 185.716, 0
PixelHit 1418, 380, 84.4259, 0
PixelHit 1418, 381, 34.9491, 0
PixelHit 1418, 382, 5.53005, 0
PixelHit 1418, 383, 2.90997, 0
PixelHit 1419, 372, 1.83071, 0
PixelHit 1419, 376, 9.98602, 0
PixelHit 1419, 377, 56.3563, 0
PixelHit 1419, 378, 111.802, 0
PixelHit 1419, 379, 158.991, 0
PixelHit 1419, 380, 67.5633, 0
PixelHit 1419, 381, 13.1303, 0
PixelHit 1420, 371, 0.647943, 0
PixelHit 1420, 374, 2.95436, 0
PixelHit 1420, 375, 6.90234, 0
PixelHit 1420, 376, 14.1686, 0
PixelHit 1420, 377, 25.9164, 0
PixelHit 1420, 378, 52.0921, 0
PixelHit 1420, 379, 57.5931, 0
PixelHit 1420, 380, 29.0329, 0
PixelHit 1420, 381, 4.67679, 0
PixelHit 1421, 373, 1.803, 0
PixelHit 1421, 374, 8.84145, 0
PixelHit 1421, 375, 22.1302, 0
PixelHit 1421, 376, 13.4088, 0
PixelHit 1421, 377, 12.7878, 0
PixelHit 1421, 378, 11.1723, 0
PixelHit 1421, 379, 9.47282, 0
PixelHit 1421, 380, 4.57683, 0
PixelHit 1422, 372, 2.84216, 0
PixelHit 1422, 373, 4.75394, 0
PixelHit 1422, 374, 13.3464, 0
PixelHit 1422, 375, 24.8111, 0
PixelHit 1422, 376, 17.8315, 0
PixelHit 1422, 377, 18.244, 0
PixelHit 1422, 378, 3.31926, 0
PixelHit 1422, 379, 1.1079, 0
PixelHit 1423, 370, 2.48322, 0
PixelHit 1423, 371, 9.36693, 0
PixelHit 1423, 372, 3.63232, 0
PixelHit 1423, 373, 2.71332, 0
PixelHit 1423, 374, 13.2727, 0
PixelHit 1423, 375, 20.0217, 0
PixelHit 1423, 376, 8.3035, 0
PixelHit 1423, 377, 6.19981, 0
PixelHit 1423, 378, 1.3549, 0
PixelHit 1424, 370, 0.310487, 0
PixelHit 1424, 371, 11.1687, 0
PixelHit 1424, 372, 19.3644, 0
PixelHit 1424, 373, 15.1636, 0
PixelHit 1424, 374, 12.0076, 0
PixelHit 1424, 375, 7.5235, 0
PixelHit 1424, 376, 3.24588, 0
PixelHit 1424, 377, 4.15238, 0
PixelHit 1425, 370, 4.67425, 0
PixelHit 1425, 371, 20.6382, 0
PixelHit 1425, 372, 28.9411, 0
PixelHit 1425, 373, 20.0263, 0
PixelHit 1425, 374, 10.5994, 0
PixelHit 1425, 375, 7.04802, 0
PixelHit 1425, 376, 3.12989, 0
PixelHit 1426, 369, 5.45836, 0
PixelHit 1426, 370, 9.37792, 0
PixelHit 1426, 371, 17.7396, 0
PixelHit 1426, 372, 22.8047, 0
PixelHit 1426, 373, 14.2137, 0
PixelHit 1426, 374, 7.20815, 0
PixelHit 1427, 370, 5.42494, 0
PixelHit 1427, 371, 7.44595, 0
PixelHit 1427, 372, 8.39909, 0
PixelHit 1427, 373, 7.02151, 0
PixelHit 1427, 374, 4.73147, 0
PixelHit 1428, 370, 2.55801, 0
PixelHit 1428, 371, 4.31, 0
PixelHit 1428, 372, 4.00084, 0
PixelHit 1428, 373, 3.72518, 0
=== 30 ===
=== 31 ===
=== 32 ===
=== 33 ===
=== 34 ===
=== 35 ===
=== 36 ===
=== 37 ===
=== 38 ===
=== 39 ===
=== 40 ===
=== 41 ===
--- mydetector ---
PixelHit 2415, 337, 2.89158, 0
PixelHit 2416, 335, 3.58643, 0
PixelHit 2416, 336, 19.9575, 0
PixelHit 2416, 337, 13.1015, 0
PixelHit 2417, 335, 33.1468, 0
PixelHit 2417, 336, 42.4462, 0
PixelHit 2418, 333, 2.73775, 0
PixelHit 2418, 334, 8.19366, 0
PixelHit 2418, 335, 8.99621, 0
PixelHit 2418, 336, 4.21936, 0
PixelHit 2419, 330, 10.3347, 0
PixelHit 2419, 331, 41.0083, 0
PixelHit 2419, 332, 40.2321, 0
PixelHit 2419, 333, 9.64023, 0
PixelHit 2419, 334, 5.87387, 0
PixelHit 2420, 330, 59.6858, 0
PixelHit 2420, 331, 489.103, 0
PixelHit 2420, 332, 287.115, 0
PixelHit 2420, 333, 19.2532, 0
PixelHit 2421, 328, 6.3113, 0
PixelHit 2421, 329, 18.0988, 0
PixelHit 2421, 330, 58.0524, 0
PixelHit 2421, 331, 291.317, 0
PixelHit 2421, 332, 174.874, 0
PixelHit 2421, 333, 4.19156, 0
PixelHit 2422, 325, 2.67764, 0
PixelHit 2422, 326, 3.74589, 0
PixelHit 2422, 327, 7.55121, 0
PixelHit 2422, 328, 27.1144, 0
PixelHit 2422, 329, 55.5648, 0
PixelHit 2422, 330, 30.2401, 0
PixelHit 2422, 331, 17.8548, 0
PixelHit 2422, 332, 11.9632, 0
PixelHit 2422, 333, 1.41116, 0
PixelHit 2423, 324, 2.03432, 0
PixelHit 2423, 325, 3.62861, 0
PixelHit 2423, 326, 8.52907, 0
PixelHit 2423, 327, 33.8168, 0
PixelHit 2423, 328, 25.9322, 0
PixelHit 2423, 329, 26.8374, 0
PixelHit 2423, 330, 14.5002, 0
PixelHit 2424, 323, 2.0739, 0
PixelHit 2424, 324, 9.39597, 0
PixelHit 2424, 325, 14.3501, 0
PixelHit 2424, 326, 18.857, 0
PixelHit 2424, 327, 15.844, 0
PixelHit 2424, 328, 16.7632, 0
PixelHit 2424, 329, 4.03666, 0
PixelHit 2425, 323, 12.3637, 0
PixelHit 2425, 324, 32.079, 0
PixelHit 2425, 325, 48.7901, 0
PixelHit 2425, 326, 26.114, 0
PixelHit 2425, 327, 2.37479, 0
PixelHit 2425, 328, 5.62172, 0
PixelHit 2425, 329, 0.816565, 0
PixelHit 2426, 320, 0.954726, 0
PixelHit 2426, 321, 2.3673, 0
PixelHit 2426, 322, 17.4938, 0
PixelHit 2426, 323, 30.4328, 0
PixelHit 2426, 324, 42.8243, 0
PixelHit 2426, 325, 38.2084, 0
PixelHit 2426, 326, 11.3009, 0
PixelHit 2426, 327, 2.07935, 0
PixelHit 2427, 320, 4.49664, 0
PixelHit 2427, 321, 10.1412, 0
PixelHit 2427, 322, 24.0894, 0
PixelHit 2427, 323, 24.4019, 0
PixelHit 2427, 324, 19.6106, 0
PixelHit 2427, 325, 10.9677, 0
PixelHit 2427, 326, 3.36771, 0
PixelHit 2428, 319, 2.332, 0
PixelHit 2428, 320, 3.57332, 0
PixelHit 2428, 321, 19.9195, 0
PixelHit 2428, 322, 20.1479, 0
PixelHit 2428, 323, 14.9282, 0
PixelHit 2428, 324, 8.83968, 0
PixelHit 2429, 317, 5.72753, 0
PixelHit 2429, 318, 5.33488, 0
PixelHit 2429, 319, 6.14523, 0
PixelHit 2429, 320, 11.0246, 0
PixelHit 2429, 321, 12.2785, 0
PixelHit 2429, 322, 10.5209, 0
PixelHit 2429, 323, 3.14678, 0
PixelHit 2430, 315, 0.792269, 0
PixelHit 2430, 316, 1.26611, 0
PixelHit 2430, 317, 9.29883, 0
PixelHit 2430, 318, 12.3354, 0
PixelHit 2430, 319, 9.37683, 0
PixelHit 2430, 320, 10.8191, 0
PixelHit 2430, 321, 4.43253, 0
PixelHit 2430, 322, 0.7525, 0
PixelHit 2431, 314, 1.20817, 0
PixelHit 2431, 315, 13.9433, 0
PixelHit 2431, 316, 10.6352, 0
PixelHit 2431, 317, 13.5176, 0
PixelHit 2431, 318, 18.169, 0
PixelHit 2431, 319, 12.1866, 0
PixelHit 2431, 320, 6.23708, 0
PixelHit 2432, 313, 1.58414, 0
PixelHit 2432, 314, 8.63597, 0
PixelHit 2432, 315, 23.5397, 0
PixelHit 2432, 316, 33.4936, 0
PixelHit 2432, 317, 23.3953, 0
PixelHit 2432, 318, 9.48689, 0
PixelHit 2432, 319, 4.55181, 0
PixelHit 2433, 311, 2.40551, 0
PixelHit 2433, 312, 5.31219, 0
PixelHit 2433, 313, 9.21469, 0
PixelHit 2433, 314, 24.4194, 0
PixelHit 2433, 315, 29.3064, 0
PixelHit 2433, 316, 26.8085, 0
PixelHit 2433, 317, 12.9028, 0
PixelHit 2433, 318, 5.95069, 0
PixelHit 2434, 311, 4.93985, 0
PixelHit 2434, 312, 22.9488, 0
PixelHit 2434, 313, 15.2938, 0
PixelHit 2434, 314, 21.736, 0
PixelHit 2434, 315, 26.5303, 0
PixelHit 2434, 316, 15.8743, 0
PixelHit 2434, 317, 5.18962, 0
PixelHit 2435, 308, 2.65694, 0
PixelHit 2435, 310, 4.60735, 0
PixelHit 2435, 311, 14.4291, 0
PixelHit 2435, 312, 23.7428, 0
PixelHit 2435, 313, 24.7142, 0
PixelHit 2435, 314, 12.4202, 0
PixelHit 2435, 315, 4.06755, 0
PixelHit 2435, 316, 0.953655, 0
PixelHit 2436, 307, 3.48835, 0
PixelHit 2436, 308, 7.54853, 0
PixelHit 2436, 309, 4.92907, 0
PixelHit 2436, 310, 13.5835, 0
PixelHit 2436, 311, 16.6032, 0
PixelHit 2436, 312, 22.0413, 0
PixelHit 2436, 313, 6.77253, 0
PixelHit 2436, 314, 10.7658, 0
PixelHit 2436, 315, 9.70065, 0
PixelHit 2437, 306, 2.32254, 0
PixelHit 2437, 307, 15.5966, 0
PixelHit 2437, 308, 14.6647, 0
PixelHit 2437, 309, 10.8737, 0
PixelHit 2437, 310, 9.93687, 0
PixelHit 2437, 311, 13.7557, 0
PixelHit 2437, 312, 4.99828, 0
PixelHit 2437, 313, 6.86768, 0
PixelHit 2438, 305, 3.84143, 0
PixelHit 2438, 306, 13.405, 0
PixelHit 2438, 307, 20.4289, 0
PixelHit 2438, 308, 29.0054, 0
PixelHit 2438, 309, 29.439, 0
PixelHit 2438, 310, 9.68691, 0
PixelHit 2438, 311, 8.64938, 0
PixelHit 2438, 313, 3.09837, 0
PixelHit 2439, 305, 4.90708, 0
PixelHit 2439, 306, 18.1037, 0
PixelHit 2439, 307, 30.5992, 0
PixelHit 2439, 308, 28.3924, 0
PixelHit 2439, 309, 16.0541, 0
PixelHit 2439, 310, 11.6675, 0
PixelHit 2439, 312, 2.19845, 0
PixelHit 2440, 305, 5.02973, 0
PixelHit 2440, 306, 13.3138, 0
PixelHit 2440, 307, 21.6344, 0
PixelHit 2440, 308, 21.7377, 0
PixelHit 2440, 309, 8.8011, 0
PixelHit 2440, 310, 0.721543, 0
PixelHit 2440, 312, 1.13734, 0
PixelHit 2441, 306, 6.88342, 0
PixelHit 2441, 307, 2.21002, 0
PixelHit 2441, 308, 5.61953, 0
PixelHit 2441, 309, 1.69529, 0
PixelHit 2441, 310, 3.71531, 0
PixelHit 2442, 304, 0.377119, 0
=== 42 ===
=== 43 ===
=== 44 ===
=== 45 ===
=== 46 ===
=== 47 ===
=== 48 ===
=== 49 ===
=== 50 ===
=== 51 ===
=== 52 ===
=== 53 ===
=== 54 ===
=== 55 ===
=== 56 ===
=== 57 ===
=== 58 ===
=== 59 ===
=== 60 ===
=== 61 ===
=== 62 ===
=== 63 ===
=== 64 ===
=== 65 ===
=== 66 ===
=== 67 ===
=== 68 ===
=== 69 ===
=== 70 ===
=== 71 ===
=== 72 ===
=== 73 ===
=== 74 ===
--- mydetector ---
PixelHit 2304, 783, 1.70127, 0
PixelHit 2305, 782, 9.69645, 0
PixelHit 2305, 783, 231.405, 0
PixelHit 2305, 784, 11.7015, 0
PixelHit 2306, 780, 1.67517, 0
PixelHit 2306, 781, 4.07879, 0
PixelHit 2306, 782, 22.3191, 0
PixelHit 2306, 783, 122.817, 0
PixelHit 2306, 784, 11.8786, 0
PixelHit 2307, 779, 16.5388, 0
PixelHit 2307, 780, 153.274, 0
PixelHit 2307, 781, 50.1047, 0
PixelHit 2307, 782, 2.87595, 0
PixelHit 2307, 783, 1.22708, 0
PixelHit 2308, 777, 3.64899, 0
PixelHit 2308, 779, 42.8855, 0
PixelHit 2308, 780, 133.934, 0
PixelHit 2308, 781, 23.8018, 0
PixelHit 2309, 776, 4.11909, 0
PixelHit 2309, 777, 18.8751, 0
PixelHit 2309, 778, 23.827, 0
PixelHit 2309, 779, 14.8745, 0
PixelHit 2310, 775, 5.96831, 0
PixelHit 2310, 776, 11.7451, 0
PixelHit 2310, 777, 17.9637, 0
PixelHit 2310, 778, 4.89106, 0
PixelHit 2311, 773, 4.69818, 0
PixelHit 2311, 774, 18.6541, 0
PixelHit 2311, 775, 17.1356, 0
PixelHit 2311, 776, 8.51642, 0
PixelHit 2311, 777, 3.93218, 0
PixelHit 2312, 772, 10.1761, 0
PixelHit 2312, 773, 22.2484, 0
PixelHit 2312, 774, 40.0089, 0
PixelHit 2312, 775, 13.1046, 0
PixelHit 2313, 770, 5.67866, 0
PixelHit 2313, 771, 22.3108, 0
PixelHit 2313, 772, 39.5829, 0
PixelHit 2313, 773, 17.938, 0
PixelHit 2313, 774, 13.9595, 0
PixelHit 2313, 775, 1.52959, 0
PixelHit 2314, 770, 14.8056, 0
PixelHit 2314, 771, 26.782, 0
PixelHit 2314, 772, 26.4248, 0
PixelHit 2314, 773, 8.19277, 0
PixelHit 2315, 767, 2.89954, 0
PixelHit 2315, 768, 9.81772, 0
PixelHit 2315, 769, 12.4881, 0
PixelHit 2315, 770, 9.7485, 0
PixelHit 2315, 771, 9.91222, 0
PixelHit 2315, 773, 1.02551, 0
PixelHit 2316, 766, 16.4076, 0
PixelHit 2316, 767, 19.0273, 0
PixelHit 2316, 768, 19.5455, 0
PixelHit 2316, 769, 16.168, 0
PixelHit 2316, 770, 5.62258, 0
PixelHit 2316, 771, 0.841565, 0
PixelHit 2317, 764, 3.58526, 0
PixelHit 2317, 765, 9.66635, 0
PixelHit 2317, 766, 57.9386, 0
PixelHit 2317, 767, 56.2694, 0
PixelHit 2317, 768, 35.4033, 0
PixelHit 2317, 769, 8.02012, 0
PixelHit 2317, 770, 2.77125, 0
PixelHit 2318, 763, 2.00187, 0
PixelHit 2318, 764, 6.25009, 0
PixelHit 2318, 765, 20.684, 0
PixelHit 2318, 766, 39.5117, 0
PixelHit 2318, 767, 39.5508, 0
PixelHit 2318, 768, 7.59471, 0
PixelHit 2319, 761, 10.2972, 0
PixelHit 2319, 762, 27.2674, 0
PixelHit 2319, 763, 22.5395, 0
PixelHit 2319, 764, 17.3265, 0
PixelHit 2319, 765, 14.4672, 0
PixelHit 2319, 766, 12.3727, 0
PixelHit 2319, 767, 6.7171, 0
PixelHit 2319, 768, 1.81875, 0
PixelHit 2319, 769, 1.02253, 0
PixelHit 2320, 758, 1.05288, 0
PixelHit 2320, 759, 6.45248, 0
PixelHit 2320, 760, 17.8001, 0
PixelHit 2320, 761, 27.8117, 0
PixelHit 2320, 762, 48.4115, 0
PixelHit 2320, 763, 44.1975, 0
PixelHit 2320, 764, 32.781, 0
PixelHit 2320, 765, 4.67831, 0
PixelHit 2320, 766, 2.00979, 0
PixelHit 2320, 767, 2.19344, 0
PixelHit 2321, 758, 3.23349, 0
PixelHit 2321, 759, 16.1604, 0
PixelHit 2321, 760, 66.8118, 0
PixelHit 2321, 761, 75.3024, 0
PixelHit 2321, 762, 56.4175, 0
PixelHit 2321, 763, 29.3303, 0
PixelHit 2321, 764, 6.22561, 0
PixelHit 2321, 765, 3.59825, 0
PixelHit 2322, 758, 7.57382, 0
PixelHit 2322, 759, 14.0498, 0
PixelHit 2322, 760, 69.9156, 0
PixelHit 2322, 761, 81.4471, 0
PixelHit 2322, 762, 31.0757, 0
PixelHit 2322, 763, 6.55669, 0
PixelHit 2323, 755, 2.61183, 0
PixelHit 2323, 756, 4.53246, 0
PixelHit 2323, 757, 6.19044, 0
PixelHit 2323, 758, 10.0191, 0
PixelHit 2323, 759, 19.3492, 0
PixelHit 2323, 760, 20.3715, 0
PixelHit 2323, 761, 30.8737, 0
PixelHit 2323, 762, 9.75363, 0
PixelHit 2324, 755, 8.20062, 0
PixelHit 2324, 756, 5.84035, 0
PixelHit 2324, 757, 14.6177, 0
PixelHit 2324, 758, 10.9071, 0
PixelHit 2324, 759, 9.17452, 0
PixelHit 2324, 761, 2.83421, 0
PixelHit 2325, 750, 0.744184, 0
PixelHit 2325, 751, 2.39095, 0
PixelHit 2325, 753, 3.22629, 0
PixelHit 2325, 754, 7.94737, 0
PixelHit 2325, 755, 7.71105, 0
PixelHit 2325, 756, 11.5642, 0
PixelHit 2325, 757, 7.76789, 0
PixelHit 2325, 758, 5.05407, 0
PixelHit 2326, 748, 2.29998, 0
PixelHit 2326, 751, 2.54097, 0
PixelHit 2326, 752, 12.2905, 0
PixelHit 2326, 753, 14.2524, 0
PixelHit 2326, 754, 4.27063, 0
PixelHit 2326, 755, 9.43027, 0
PixelHit 2326, 756, 4.29258, 0
PixelHit 2327, 748, 2.30701, 0
PixelHit 2327, 749, 2.6968, 0
PixelHit 2327, 750, 16.2439, 0
PixelHit 2327, 751, 11.0883, 0
PixelHit 2327, 752, 23.033, 0
PixelHit 2327, 753, 15.4293, 0
PixelHit 2327, 754, 13.4174, 0
PixelHit 2327, 755, 8.80751, 0
PixelHit 2327, 756, 3.38953, 0
PixelHit 2328, 747, 2.63386, 0
PixelHit 2328, 748, 12.6333, 0
PixelHit 2328, 749, 13.0096, 0
PixelHit 2328, 750, 13.429, 0
PixelHit 2328, 751, 18.7554, 0
PixelHit 2328, 752, 18.9876, 0
PixelHit 2328, 753, 13.4673, 0
PixelHit 2328, 754, 10.7582, 0
PixelHit 2328, 755, 6.86259, 0
PixelHit 2329, 747, 11.7666, 0
PixelHit 2329, 748, 16.0735, 0
PixelHit 2329, 749, 21.5146, 0
PixelHit 2329, 750, 29.9433, 0
PixelHit 2329, 751, 16.7166, 0
PixelHit 2329, 752, 12.429, 0
PixelHit 2329, 753, 4.88981, 0
PixelHit 2329, 754, 1.81259, 0
PixelHit 2330, 744, 2.89664, 0
PixelHit 2330, 745, 5.0893, 0
PixelHit 2330, 746, 7.82181, 0
PixelHit 2330, 747, 17.932, 0
PixelHit 2330, 748, 46.7029, 0
PixelHit 2330, 749, 32.7054, 0
PixelHit 2330, 750, 22.445, 0
PixelHit 2330, 751, 22.3747, 0
PixelHit 2330, 752, 6.49467, 0
PixelHit 2330, 754, 1.34718, 0
PixelHit 2331, 743, 3.86905, 0
PixelHit 2331, 744, 6.59854, 0
PixelHit 2331, 745, 13.3326, 0
PixelHit 2331, 746, 19.8894, 0
PixelHit 2331, 747, 27.32, 0
PixelHit 2331, 748, 27.922, 0
PixelHit 2331, 749, 27.1081, 0
PixelHit 2331, 750, 15.8842, 0
PixelHit 2331, 751, 5.80032, 0
PixelHit 2331, 753, 1.61889, 0
PixelHit 2332, 741, 1.10184, 0
PixelHit 2332, 742, 10.6242, 0
PixelHit 2332, 743, 7.72662, 0
PixelHit 2332, 744, 15.8121, 0
PixelHit 2332, 745, 19.0243, 0
PixelHit 2332, 746, 25.5926, 0
PixelHit 2332, 747, 24.5739, 0
PixelHit 2332, 748, 19.2326, 0
PixelHit 2332, 749, 8.89589, 0
PixelHit 2332, 750, 8.50143, 0
PixelHit 2332, 751, 1.44662, 0
PixelHit 2333, 741, 10.461, 0
PixelHit 2333, 742, 13.7874, 0
PixelHit 2333, 743, 20.8969, 0
PixelHit 2333, 744, 23.8179, 0
PixelHit 2333, 745, 19.1045, 0
PixelHit 2333, 746, 18.1797, 0
PixelHit 2333, 747, 5.26418, 0
PixelHit 2333, 748, 2.49089, 0
PixelHit 2333, 749, 3.72611, 0
PixelHit 2333, 750, 2.20421, 0
PixelHit 2334, 740, 4.15631, 0
PixelHit 2334, 741, 6.68207, 0
PixelHit 2334, 742, 21.312, 0
PixelHit 2334, 743, 26.7401, 0
PixelHit 2334, 744, 21.1158, 0
PixelHit 2334, 745, 20.076, 0
PixelHit 2334, 746, 10.362, 0
PixelHit 2334, 747, 5.13866, 0
PixelHit 2334, 748, 1.87688, 0
PixelHit 2335, 740, 3.92199, 0
PixelHit 2335, 741, 4.53421, 0
PixelHit 2335, 742, 17.1001, 0
PixelHit 2335, 743, 11.1772, 0
PixelHit 2335, 744, 6.66828, 0
PixelHit 2335, 745, 6.32918, 0
PixelHit 2335, 746, 6.65003, 0
PixelHit 2336, 739, 1.88739, 0
PixelHit 2336, 741, 8.01455, 0
PixelHit 2336, 742, 5.33213, 0
PixelHit 2336, 743, 4.73275, 0
PixelHit 2336, 744, 1.20851, 0
PixelHit 2337, 743, 3.50836, 0
=== 75 ===
=== 76 ===
=== 77 ===
=== 78 ===
=== 79 ===
=== 80 ===
=== 81 ===
=== 82 ===
=== 83 ===
=== 84 ===
=== 85 ===
=== 86 ===
=== 87 ===
=== 88 ===
=== 89 ===
=== 90 ===
=== 91 ===
=== 92 ===
=== 93 ===
=== 94 ===
=== 95 ===
=== 96 ===
=== 97 ===
=== 98 ===
=== 99 ===
=== 100 ===
# 806 objects from 4 messages
