# Allpix Squared ASCII data - https://cern.ch/allpix-squared

=== 1 ===
=== 2 ===
=== 3 ===
=== 4 ===
=== 5 ===
=== 6 ===
=== 7 ===
=== 8 ===
=== 9 ===
=== 10 ===
=== 11 ===
=== 12 ===
=== 13 ===
=== 14 ===
=== 15 ===
=== 16 ===
=== 17 ===
=== 18 ===
=== 19 ===
=== 20 ===
=== 21 ===
=== 22 ===
=== 23 ===
=== 24 ===
=== 25 ===
=== 26 ===
=== 27 ===
=== 28 ===
=== 29 ===
=== 30 ===
=== 31 ===
=== 32 ===
=== 33 ===
=== 34 ===
=== 35 ===
=== 36 ===
=== 37 ===
=== 38 ===
=== 39 ===
=== 40 ===
=== 41 ===
=== 42 ===
=== 43 ===
--- mydetector ---
PixelHit 1310, 231, 14.1774, 0
PixelHit 1310, 232, 5.41752, 0
PixelHit 1311, 230, 12.9163, 0
PixelHit 1311, 231, 106.814, 0
PixelHit 1311, 232, 4.39811, 0
PixelHit 1312, 230, 66.7539, 0
PixelHit 1312, 231, 14.3391, 0
PixelHit 1313, 229, 17.2667, 0
PixelHit 1313, 230, 6.60948, 0
PixelHit 1313, 231, 1.82664, 0
PixelHit 1314, 228, 25.9164, 0
PixelHit 1314, 229, 3.72404, 0
PixelHit 1315, 227, 19.779, 0
PixelHit 1315, 228, 86.9472, 0
PixelHit 1315, 229, 6.07285, 0
PixelHit 1316, 226, 7.1322, 0
PixelHit 1316, 227, 24.9588, 0
PixelHit 1316, 228, 1.90897, 0
PixelHit 1317, 224, 2.13021, 0
PixelHit 1317, 225, 15.7107, 0
PixelHit 1317, 226, 50.9778, 0
PixelHit 1317, 227, 3.43578, 0
PixelHit 1318, 223, 1.159, 0
PixelHit 1318, 224, 35.477, 0
PixelHit 1318, 225, 94.0668, 0
PixelHit 1318, 226, 14.4892, 0
PixelHit 1318, 227, 1.39269, 0
PixelHit 1319, 223, 2.40666, 0
PixelHit 1319, 224, 134.349, 0
PixelHit 1319, 225, 107.259, 0
PixelHit 1319, 226, 4.62143, 0
PixelHit 1320, 222, 4.4312, 0
PixelHit 1320, 223, 18.1398, 0
PixelHit 1320, 224, 27.295, 0
PixelHit 1320, 225, 4.1313, 0
PixelHit 1321, 221, 2.33595, 0
PixelHit 1321, 222, 50.5629, 0
PixelHit 1321, 223, 33.4215, 0
PixelHit 1321, 224, 3.74201, 0
PixelHit 1322, 221, 24.9925, 0
PixelHit 1322, 222, 44.5506, 0
PixelHit 1322, 223, 17.2842, 0
PixelHit 1323, 220, 6.94207, 0
PixelHit 1323, 221, 24.4912, 0
PixelHit 1323, 222, 10.7083, 0
PixelHit 1324, 219, 4.38409, 0
PixelHit 1324, 221, 17.0941, 0
PixelHit 1324, 222, 3.05659, 0
PixelHit 1325, 218, 5.52265, 0
PixelHit 1325, 219, 14.6956, 0
PixelHit 1325, 220, 5.86645, 0
PixelHit 1326, 217, 5.83358, 0
PixelHit 1326, 218, 40.3912, 0
PixelHit 1326, 219, 34.294, 0
PixelHit 1326, 220, 1.74006, 0
PixelHit 1327, 217, 4.87602, 0
PixelHit 1327, 218, 24.271, 0
PixelHit 1327, 219, 13.575, 0
PixelHit 1327, 220, 2.91204, 0
PixelHit 1328, 215, 5.56716, 0
PixelHit 1328, 216, 27.2462, 0
PixelHit 1328, 217, 20.9039, 0
PixelHit 1328, 218, 2.11443, 0
PixelHit 1329, 214, 6.59712, 0
PixelHit 1329, 215, 28.3792, 0
PixelHit 1329, 216, 46.7137, 0
PixelHit 1329, 217, 17.3077, 0
PixelHit 1330, 212, 2.16229, 0
PixelHit 1330, 214, 23.212, 0
PixelHit 1330, 215, 48.2003, 0
PixelHit 1330, 216, 38.7038, 0
PixelHit 1330, 217, 3.88906, 0
PixelHit 1331, 213, 12.1609, 0
PixelHit 1331, 214, 50.1505, 0
PixelHit 1331, 215, 36.7726, 0
PixelHit 1331, 216, 7.25163, 0
PixelHit 1332, 213, 14.2886, 0
PixelHit 1332, 214, 33.7116, 0
PixelHit 1332, 215, 10.0994, 0
PixelHit 1332, 216, 2.47869, 0
PixelHit 1333, 211, 3.26708, 0
PixelHit 1333, 212, 1.80326, 0
PixelHit 1333, 213, 4.34587, 0
PixelHit 1333, 214, 5.55615, 0
PixelHit 1334, 210, 3.49369, 0
PixelHit 1334, 211, 8.18218, 0
PixelHit 1334, 212, 11.023, 0
PixelHit 1334, 213, 7.62315, 0
PixelHit 1335, 209, 7.05175, 0
PixelHit 1335, 210, 52.2631, 0
PixelHit 1335, 211, 46.5144, 0
PixelHit 1335, 212, 18.8653, 0
PixelHit 1336, 208, 0.854354, 0
PixelHit 1336, 209, 25.8841, 0
PixelHit 1336, 210, 137.947, 0
PixelHit 1336, 211, 92.2931, 0
PixelHit 1336, 212, 9.32574, 0
PixelHit 1337, 208, 8.61304, 0
PixelHit 1337, 209, 13.7909, 0
PixelHit 1337, 210, 45.0315, 0
PixelHit 1337, 211, 32.7459, 0
PixelHit 1337, 212, 4.22925, 0
PixelHit 1338, 207, 11.5424, 0
PixelHit 1338, 208, 22.0459, 0
PixelHit 1338, 209, 21.6404, 0
PixelHit 1338, 210, 7.72839, 0
PixelHit 1338, 211, 2.14711, 0
PixelHit 1339, 207, 7.17954, 0
PixelHit 1339, 208, 14.0489, 0
PixelHit 1339, 209, 15.5171, 0
PixelHit 1339, 210, 1.9608, 0
PixelHit 1340, 208, 1.75536, 0
PixelHit 1341, 205, 7.80783, 0
PixelHit 1341, 206, 8.2371, 0
PixelHit 1341, 207, 4.11497, 0
PixelHit 1342, 204, 1.08925, 0
PixelHit 1342, 205, 18.1702, 0
PixelHit 1342, 206, 7.48545, 0
PixelHit 1342, 207, 2.54872, 0
PixelHit 1343, 202, 5.25111, 0
PixelHit 1343, 203, 3.82752, 0
PixelHit 1343, 204, 2.04106, 0
PixelHit 1343, 205, 6.95826, 0
PixelHit 1343, 206, 3.11869, 0
PixelHit 1344, 201, 3.82298, 0
PixelHit 1344, 202, 4.80425, 0
PixelHit 1344, 203, 11.7725, 0
PixelHit 1344, 204, 4.30572, 0
PixelHit 1344, 205, 4.06163, 0
PixelHit 1345, 201, 6.97116, 0
PixelHit 1345, 202, 18.3241, 0
PixelHit 1345, 203, 31.5276, 0
PixelHit 1345, 204, 6.9464, 0
PixelHit 1345, 205, 0.901419, 0
PixelHit 1346, 201, 6.41525, 0
PixelHit 1346, 202, 8.8183, 0
PixelHit 1346, 203, 17.3885, 0
PixelHit 1346, 204, 4.0123, 0
PixelHit 1347, 199, 2.12484, 0
PixelHit 1347, 202, 4.22091, 0
PixelHit 1347, 203, 3.39966, 0
PixelHit 1348, 198, 4.24604, 0
PixelHit 1348, 199, 6.60089, 0
PixelHit 1348, 200, 4.04493, 0
PixelHit 1348, 201, 3.78027, 0
PixelHit 1349, 196, 2.86748, 0
PixelHit 1349, 197, 9.27566, 0
PixelHit 1349, 198, 8.32403, 0
PixelHit 1349, 199, 15.3495, 0
PixelHit 1349, 200, 10.1797, 0
PixelHit 1350, 196, 3.61404, 0
PixelHit 1350, 197, 23.993, 0
PixelHit 1350, 198, 58.7198, 0
PixelHit 1350, 199, 27.9755, 0
PixelHit 1350, 200, 10.1057, 0
PixelHit 1350, 201, 0.350367, 0
PixelHit 1351, 196, 6.48855, 0
PixelHit 1351, 197, 37.8768, 0
PixelHit 1351, 198, 70.5952, 0
PixelHit 1351, 199, 36.6268, 0
PixelHit 1352, 195, 1.77463, 0
PixelHit 1352, 196, 12.3754, 0
PixelHit 1352, 197, 19.5208, 0
PixelHit 1352, 198, 29.4699, 0
PixelHit 1352, 199, 9.73741, 0
PixelHit 1353, 194, 5.02384, 0
PixelHit 1353, 195, 4.82413, 0
PixelHit 1353, 196, 10.8857, 0
PixelHit 1353, 197, 13.8623, 0
PixelHit 1353, 198, 4.2892, 0
PixelHit 1353, 199, 3.09988, 0
PixelHit 1354, 192, 2.40432, 0
PixelHit 1354, 193, 2.06097, 0
PixelHit 1354, 194, 16.9654, 0
PixelHit 1354, 195, 9.8508, 0
PixelHit 1354, 196, 6.66572, 0
PixelHit 1354, 197, 1.80827, 0
PixelHit 1355, 193, 14.5397, 0
PixelHit 1355, 194, 36.5805, 0
PixelHit 1355, 195, 21.8325, 0
PixelHit 1355, 196, 2.48432, 0
PixelHit 1355, 197, 2.45655, 0
PixelHit 1356, 191, 2.81446, 0
PixelHit 1356, 192, 11.1117, 0
PixelHit 1356, 193, 24.3199, 0
PixelHit 1356, 194, 29.8897, 0
PixelHit 1356, 195, 19.7752, 0
PixelHit 1357, 191, 0.993164, 0
PixelHit 1357, 192, 12.5779, 0
PixelHit 1357, 193, 21.3951, 0
PixelHit 1357, 194, 13.1347, 0
PixelHit 1357, 195, 3.80864, 0
PixelHit 1358, 191, 3.90138, 0
PixelHit 1358, 192, 16.6708, 0
PixelHit 1358, 193, 7.30034, 0
PixelHit 1358, 194, 5.66563, 0
PixelHit 1358, 195, 2.51832, 0
PixelHit 1359, 190, 3.28875, 0
PixelHit 1359, 191, 8.74588, 0
PixelHit 1359, 192, 6.08909, 0
PixelHit 1359, 193, 2.28135, 0
PixelHit 1360, 188, 3.49929, 0
PixelHit 1360, 189, 1.97313, 0
PixelHit 1360, 190, 5.5563, 0
PixelHit 1360, 191, 9.20359, 0
PixelHit 1360, 192, 4.62655, 0
PixelHit 1361, 187, 7.6466, 0
PixelHit 1361, 188, 32.904, 0
PixelHit 1361, 189, 28.1963, 0
PixelHit 1361, 190, 2.3362, 0
PixelHit 1361, 191, 0.709985, 0
PixelHit 1362, 186, 10.4043, 0
PixelHit 1362, 187, 40.9258, 0
PixelHit 1362, 188, 118.877, 0
PixelHit 1362, 189, 91.4663, 0
PixelHit 1362, 190, 26.6028, 0
PixelHit 1362, 191, 6.0629, 0
PixelHit 1362, 192, 3.23555, 0
PixelHit 1363, 185, 1.19328, 0
PixelHit 1363, 186, 18.9443, 0
PixelHit 1363, 187, 57.9522, 0
PixelHit 1363, 188, 133.855, 0
PixelHit 1363, 189, 94.4219, 0
PixelHit 1363, 190, 23.2988, 0
PixelHit 1364, 184, 1.71613, 0
PixelHit 1364, 185, 8.15655, 0
PixelHit 1364, 186, 24.6173, 0
PixelHit 1364, 187, 38.571, 0
PixelHit 1364, 188, 70.1074, 0
PixelHit 1364, 189, 40.2797, 0
PixelHit 1364, 190, 6.98965, 0
PixelHit 1365, 184, 5.18703, 0
PixelHit 1365, 185, 22.2096, 0
PixelHit 1365, 186, 61.8373, 0
PixelHit 1365, 187, 43.8818, 0
PixelHit 1365, 188, 17.1421, 0
PixelHit 1365, 189, 10.0428, 0
PixelHit 1365, 190, 3.07315, 0
PixelHit 1366, 183, 1.7276, 0
PixelHit 1366, 184, 16.4297, 0
PixelHit 1366, 185, 52.7248, 0
PixelHit 1366, 186, 63.4834, 0
PixelHit 1366, 187, 31.961, 0
PixelHit 1366, 188, 9.46709, 0
PixelHit 1367, 183, 6.54886, 0
PixelHit 1367, 184, 25.3372, 0
PixelHit 1367, 185, 42.8992, 0
PixelHit 1367, 186, 33.3513, 0
PixelHit 1367, 187, 20.8124, 0
PixelHit 1368, 181, 1.46341, 0
PixelHit 1368, 182, 5.31212, 0
PixelHit 1368, 183, 19.5752, 0
PixelHit 1368, 184, 24.0886, 0
PixelHit 1368, 185, 29.5824, 0
PixelHit 1368, 186, 7.49785, 0
PixelHit 1368, 187, 3.89501, 0
PixelHit 1369, 181, 2.00331, 0
PixelHit 1369, 182, 17.3266, 0
PixelHit 1369, 183, 24.8698, 0
PixelHit 1369, 184, 22.5957, 0
PixelHit 1369, 185, 5.7461, 0
PixelHit 1369, 186, 2.96655, 0
PixelHit 1370, 180, 3.83515, 0
PixelHit 1370, 181, 10.9744, 0
PixelHit 1370, 182, 18.5095, 0
PixelHit 1370, 183, 26.1938, 0
PixelHit 1370, 184, 15.0572, 0
PixelHit 1370, 185, 2.11411, 0
PixelHit 1371, 180, 0.666961, 0
PixelHit 1371, 181, 11.3595, 0
PixelHit 1371, 182, 13.0326, 0
PixelHit 1371, 183, 13.8042, 0
PixelHit 1371, 184, 5.73447, 0
PixelHit 1372, 178, 1.34842, 0
PixelHit 1372, 179, 5.45475, 0
PixelHit 1372, 180, 3.58235, 0
PixelHit 1372, 181, 8.0721, 0
PixelHit 1372, 182, 8.97839, 0
PixelHit 1372, 183, 4.48136, 0
PixelHit 1373, 178, 3.13467, 0
PixelHit 1373, 179, 9.19433, 0
PixelHit 1373, 180, 17.0852, 0
PixelHit 1373, 181, 5.95704, 0
PixelHit 1373, 182, 0.309277, 0
PixelHit 1373, 184, 0.795496, 0
PixelHit 1374, 176, 1.241, 0
PixelHit 1374, 177, 2.73099, 0
PixelHit 1374, 178, 11.6929, 0
PixelHit 1374, 179, 18.2249, 0
PixelHit 1374, 180, 9.94657, 0
PixelHit 1374, 181, 4.23874, 0
PixelHit 1374, 182, 2.22817, 0
PixelHit 1375, 175, 2.18447, 0
PixelHit 1375, 177, 10.2126, 0
PixelHit 1375, 178, 13.3148, 0
PixelHit 1375, 179, 17.5754, 0
PixelHit 1375, 180, 10.5206, 0
PixelHit 1376, 176, 9.5437, 0
PixelHit 1376, 177, 12.5493, 0
PixelHit 1376, 178, 13.8677, 0
PixelHit 1376, 179, 11.8811, 0
PixelHit 1376, 180, 3.66888, 0
PixelHit 1376, 181, 1.90858, 0
PixelHit 1377, 174, 5.28065, 0
PixelHit 1377, 175, 6.29741, 0
PixelHit 1377, 176, 21.1916, 0
PixelHit 1377, 177, 24.1212, 0
PixelHit 1377, 178, 8.18384, 0
PixelHit 1377, 179, 1.87519, 0
PixelHit 1378, 174, 7.73181, 0
PixelHit 1378, 175, 9.59289, 0
PixelHit 1378, 176, 24.6457, 0
PixelHit 1378, 177, 12.5938, 0
PixelHit 1378, 178, 6.36332, 0
PixelHit 1378, 179, 1.88418, 0
PixelHit 1379, 173, 1.10565, 0
PixelHit 1379, 174, 10.2643, 0
PixelHit 1379, 175, 17.9702, 0
PixelHit 1379, 176, 20.536, 0
PixelHit 1379, 177, 10.5967, 0
PixelHit 1379, 178, 3.09453, 0
PixelHit 1379, 179, 1.05338, 0
PixelHit 1380, 172, 0.930619, 0
PixelHit 1380, 173, 0.567105, 0
PixelHit 1380, 174, 11.3223, 0
PixelHit 1380, 175, 13.3338, 0
PixelHit 1380, 176, 7.80359, 0
PixelHit 1380, 177, 4.07585, 0
PixelHit 1381, 171, 0.624373, 0
PixelHit 1381, 172, 5.5246, 0
PixelHit 1381, 173, 15.2168, 0
PixelHit 1381, 174, 11.3969, 0
PixelHit 1381, 175, 8.5212, 0
PixelHit 1381, 176, 4.08346, 0
PixelHit 1381, 177, 2.28959, 0
PixelHit 1382, 170, 3.00335, 0
PixelHit 1382, 171, 4.19062, 0
PixelHit 1382, 172, 13.0428, 0
PixelHit 1382, 173, 12.4996, 0
PixelHit 1382, 174, 13.4913, 0
PixelHit 1382, 175, 5.63874, 0
PixelHit 1383, 168, 1.26661, 0
PixelHit 1383, 169, 0.699664, 0
PixelHit 1383, 171, 8.89535, 0
PixelHit 1383, 172, 15.2482, 0
PixelHit 1383, 173, 7.36751, 0
PixelHit 1383, 174, 6.35222, 0
PixelHit 1383, 175, 3.35708, 0
PixelHit 1384, 168, 0.613231, 0
PixelHit 1384, 169, 6.204, 0
PixelHit 1384, 170, 8.99652, 0
PixelHit 1384, 171, 25.0858, 0
PixelHit 1384, 172, 13.8428, 0
PixelHit 1384, 173, 8.54841, 0
PixelHit 1384, 174, 2.28127, 0
PixelHit 1385, 168, 2.4687, 0
PixelHit 1385, 169, 12.8679, 0
PixelHit 1385, 170, 20.575, 0
PixelHit 1385, 171, 33.2259, 0
PixelHit 1385, 172, 10.2799, 0
PixelHit 1385, 173, 5.24224, 0
PixelHit 1386, 168, 8.30184, 0
PixelHit 1386, 169, 15.0447, 0
PixelHit 1386, 170, 27.4683, 0
PixelHit 1386, 171, 17.1613, 0
PixelHit 1386, 172, 8.10183, 0
PixelHit 1386, 173, 1.11438, 0
PixelHit 1386, 174, 3.76349, 0
PixelHit 1387, 165, 0.047813, 0
PixelHit 1387, 168, 2.467, 0
PixelHit 1387, 169, 15.3458, 0
PixelHit 1387, 170, 18.8305, 0
PixelHit 1387, 171, 7.32814, 0
PixelHit 1388, 166, 3.99741, 0
PixelHit 1388, 167, 4.40776, 0
PixelHit 1388, 168, 4.48958, 0
PixelHit 1388, 169, 4.327, 0
PixelHit 1388, 170, 6.44796, 0
PixelHit 1388, 171, 2.24673, 0
PixelHit 1389, 165, 2.96328, 0
PixelHit 1389, 166, 1.75105, 0
PixelHit 1389, 167, 5.19805, 0
PixelHit 1389, 168, 7.5073, 0
PixelHit 1389, 169, 4.77138, 0
PixelHit 1389, 170, 1.74871, 0
PixelHit 1389, 172, 3.65318, 0
PixelHit 1390, 165, 2.3827, 0
PixelHit 1390, 166, 7.89979, 0
PixelHit 1390, 167, 11.9067, 0
PixelHit 1390, 168, 3.76717, 0
PixelHit 1391, 165, 5.90134, 0
PixelHit 1391, 166, 9.91044, 0
PixelHit 1391, 167, 5.31887, 0
PixelHit 1392, 163, 1.69699, 0
PixelHit 1392, 164, 7.95636, 0
PixelHit 1392, 165, 8.36053, 0
PixelHit 1392, 166, 4.58953, 0
PixelHit 1392, 167, 3.23402, 0
PixelHit 1393, 162, 0.572705, 0
PixelHit 1393, 163, 2.23962, 0
PixelHit 1393, 164, 5.31184, 0
PixelHit 1393, 165, 10.0825, 0
PixelHit 1393, 166, 5.13717, 0
PixelHit 1393, 167, 2.23203, 0
PixelHit 1394, 161, 0.297582, 0
PixelHit 1394, 162, 2.95226, 0
PixelHit 1394, 163, 6.14608, 0
PixelHit 1394, 164, 4.43976, 0
PixelHit 1394, 165, 4.43279, 0
PixelHit 1395, 160, 5.06981, 0
PixelHit 1395, 161, 2.16025, 0
PixelHit 1395, 162, 1.54996, 0
PixelHit 1395, 163, 3.66154, 0
PixelHit 1395, 164, 5.3996, 0
PixelHit 1395, 165, 0.655832, 0
PixelHit 1396, 158, 2.10101, 0
PixelHit 1396, 159, 0.562757, 0
PixelHit 1396, 160, 6.81237, 0
PixelHit 1396, 161, 8.77832, 0
PixelHit 1396, 162, 16.3752, 0
PixelHit 1396, 163, 10.6919, 0
PixelHit 1396, 164, 2.27353, 0
PixelHit 1397, 159, 4.93552, 0
PixelHit 1397, 160, 9.59131, 0
PixelHit 1397, 161, 17.1014, 0
PixelHit 1397, 162, 30.1451, 0
PixelHit 1397, 163, 6.76217, 0
PixelHit 1397, 164, 6.52205, 0
PixelHit 1398, 158, 3.52938, 0
PixelHit 1398, 159, 7.35318, 0
PixelHit 1398, 160, 20.0246, 0
PixelHit 1398, 161, 33.1892, 0
PixelHit 1398, 162, 17.2865, 0
PixelHit 1398, 163, 10.1264, 0
PixelHit 1398, 165, 1.21136, 0
PixelHit 1399, 156, 2.86773, 0
PixelHit 1399, 157, 2.40573, 0
PixelHit 1399, 158, 7.6924, 0
PixelHit 1399, 159, 11.4743, 0
PixelHit 1399, 160, 23.0461, 0
PixelHit 1399, 161, 19.7228, 0
PixelHit 1399, 162, 5.87141, 0
PixelHit 1399, 163, 3.28318, 0
PixelHit 1400, 156, 4.67236, 0
PixelHit 1400, 157, 6.86425, 0
PixelHit 1400, 158, 8.62178, 0
PixelHit 1400, 159, 22.3842, 0
PixelHit 1400, 160, 28.8135, 0
PixelHit 1400, 161, 14.853, 0
PixelHit 1400, 162, 5.03381, 0
PixelHit 1400, 163, 0.483695, 0
PixelHit 1401, 156, 2.83428, 0
PixelHit 1401, 157, 17.5661, 0
PixelHit 1401, 158, 24.0745, 0
PixelHit 1401, 159, 27.7263, 0
PixelHit 1401, 160, 11.5137, 0
PixelHit 1401, 161, 5.24257, 0
PixelHit 1401, 162, 2.37722, 0
PixelHit 1402, 155, 3.44935, 0
PixelHit 1402, 156, 2.83377, 0
PixelHit 1402, 157, 12.3276, 0
PixelHit 1402, 158, 17.2699, 0
PixelHit 1402, 159, 18.3864, 0
PixelHit 1402, 160, 8.30291, 0
PixelHit 1402, 161, 4.07771, 0
PixelHit 1403, 154, 3.18508, 0
PixelHit 1403, 155, 4.64502, 0
PixelHit 1403, 156, 12.8234, 0
PixelHit 1403, 157, 6.15025, 0
PixelHit 1403, 158, 5.29192, 0
PixelHit 1403, 159, 13.3781, 0
PixelHit 1403, 161, 2.13516, 0
PixelHit 1404, 153, 2.1759, 0
PixelHit 1404, 154, 4.43992, 0
PixelHit 1404, 155, 16.5349, 0
PixelHit 1404, 156, 13.9194, 0
PixelHit 1404, 157, 11.3386, 0
PixelHit 1404, 158, 9.88508, 0
PixelHit 1404, 159, 3.19456, 0
PixelHit 1405, 152, 2.65692, 0
PixelHit 1405, 153, 4.51563, 0
PixelHit 1405, 154, 10.729, 0
PixelHit 1405, 155, 21.6664, 0
PixelHit 1405, 156, 20.115, 0
PixelHit 1405, 157, 18.7234, 0
PixelHit 1405, 158, 5.77075, 0
PixelHit 1405, 159, 1.58064, 0
PixelHit 1406, 152, 3.5462, 0
PixelHit 1406, 153, 10.4155, 0
PixelHit 1406, 154, 14.1625, 0
PixelHit 1406, 155, 28.4576, 0
PixelHit 1406, 156, 15.3309, 0
PixelHit 1406, 157, 13.9342, 0
PixelHit 1406, 158, 4.47767, 0
PixelHit 1407, 152, 3.34001, 0
PixelHit 1407, 153, 10.9919, 0
PixelHit 1407, 154, 27.8348, 0
PixelHit 1407, 155, 10.1944, 0
PixelHit 1407, 156, 10.1501, 0
PixelHit 1407, 157, 2.84617, 0
PixelHit 1408, 151, 2.76586, 0
PixelHit 1408, 152, 7.35381, 0
PixelHit 1408, 153, 14.9117, 0
PixelHit 1408, 154, 14.3762, 0
PixelHit 1408, 155, 1.55717, 0
PixelHit 1408, 156, 5.11549, 0
PixelHit 1409, 151, 6.83945, 0
PixelHit 1409, 152, 7.92206, 0
PixelHit 1409, 153, 8.22425, 0
PixelHit 1409, 154, 6.20814, 0
PixelHit 1409, 155, 3.29213, 0
PixelHit 1410, 148, 0.139193, 0
PixelHit 1410, 149, 3.4641, 0
PixelHit 1410, 150, 4.16927, 0
PixelHit 1410, 151, 4.96172, 0
PixelHit 1410, 152, 8.01428, 0
PixelHit 1410, 155, 2.40135, 0
PixelHit 1411, 149, 2.77409, 0
PixelHit 1411, 150, 9.39573, 0
PixelHit 1411, 151, 8.54746, 0
PixelHit 1411, 152, 5.17538, 0
PixelHit 1411, 153, 1.92749, 0
PixelHit 1412, 147, 1.31122, 0
PixelHit 1412, 148, 2.91649, 0
PixelHit 1412, 149, 9.21132, 0
PixelHit 1412, 150, 16.5662, 0
PixelHit 1412, 151, 7.84918, 0
PixelHit 1412, 152, 6.46664, 0
PixelHit 1412, 153, 2.42815, 0
PixelHit 1413, 146, 2.58577, 0
PixelHit 1413, 148, 8.24455, 0
PixelHit 1413, 149, 12.8923, 0
PixelHit 1413, 150, 11.8245, 0
PixelHit 1413, 151, 7.10992, 0
PixelHit 1413, 152, 6.06383, 0
PixelHit 1414, 144, 1.92309, 0
PixelHit 1414, 147, 3.01018, 0
PixelHit 1414, 148, 9.57776, 0
PixelHit 1414, 149, 13.7119, 0
PixelHit 1414, 150, 5.72848, 0
PixelHit 1414, 151, 5.16349, 0
PixelHit 1415, 145, 2.76458, 0
PixelHit 1415, 146, 4.54962, 0
PixelHit 1415, 147, 7.14558, 0
PixelHit 1415, 148, 4.53973, 0
PixelHit 1415, 149, 3.69822, 0
PixelHit 1415, 151, 1.0942, 0
PixelHit 1416, 146, 2.71694, 0
PixelHit 1416, 147, 10.8685, 0
PixelHit 1416, 148, 4.61786, 0
PixelHit 1416, 149, 4.77152, 0
PixelHit 1416, 150, 0.499163, 0
PixelHit 1417, 145, 4.83049, 0
PixelHit 1417, 146, 11.2705, 0
PixelHit 1417, 147, 8.91313, 0
PixelHit 1417, 148, 8.1957, 0
PixelHit 1417, 149, 3.86642, 0
PixelHit 1418, 145, 3.62588, 0
PixelHit 1418, 146, 5.67877, 0
PixelHit 1418, 147, 7.50478, 0
PixelHit 1418, 148, 5.65766, 0
PixelHit 1418, 149, 3.60845, 0
PixelHit 1419, 145, 2.18171, 0
PixelHit 1419, 146, 2.95736, 0
PixelHit 1419, 147, 2.95604, 0
PixelHit 1419, 148, 1.01071, 0
PixelHit 1419, 150, 0.649076, 0
PixelHit 1420, 145, 3.59956, 0
PixelHit 1420, 147, 2.56284, 0
=== 44 ===
=== 45 ===
=== 46 ===
=== 47 ===
=== 48 ===
=== 49 ===
=== 50 ===
=== 51 ===
=== 52 ===
=== 53 ===
=== 54 ===
=== 55 ===
=== 56 ===
=== 57 ===
=== 58 ===
=== 59 ===
=== 60 ===
=== 61 ===
=== 62 ===
=== 63 ===
=== 64 ===
=== 65 ===
=== 66 ===
=== 67 ===
=== 68 ===
=== 69 ===
=== 70 ===
=== 71 ===
=== 72 ===
=== 73 ===
=== 74 ===
=== 75 ===
=== 76 ===
=== 77 ===
=== 78 ===
=== 79 ===
=== 80 ===
=== 81 ===
=== 82 ===
=== 83 ===
=== 84 ===
=== 85 ===
=== 86 ===
=== 87 ===
=== 88 ===
=== 89 ===
=== 90 ===
=== 91 ===
=== 92 ===
=== 93 ===
=== 94 ===
=== 95 ===
=== 96 ===
=== 97 ===
=== 98 ===
=== 99 ===
=== 100 ===
# 569 objects from 1 messages
