# Allpix Squared ASCII data - https://cern.ch/allpix-squared

=== 1 ===
=== 2 ===
=== 3 ===
=== 4 ===
=== 5 ===
=== 6 ===
=== 7 ===
=== 8 ===
=== 9 ===
=== 10 ===
=== 11 ===
=== 12 ===
=== 13 ===
=== 14 ===
=== 15 ===
=== 16 ===
=== 17 ===
=== 18 ===
=== 19 ===
=== 20 ===
=== 21 ===
=== 22 ===
=== 23 ===
=== 24 ===
=== 25 ===
=== 26 ===
=== 27 ===
=== 28 ===
=== 29 ===
=== 30 ===
--- mydetector ---
PixelHit 2490, 1677, 2.0536, 0
PixelHit 2491, 1676, 4.87623, 0
PixelHit 2491, 1677, 54.9812, 0
PixelHit 2492, 1675, 4.19033, 0
PixelHit 2492, 1676, 29.5087, 0
PixelHit 2492, 1677, 5.79094, 0
PixelHit 2493, 1674, 3.70854, 0
PixelHit 2493, 1675, 14.6991, 0
PixelHit 2493, 1676, 21.4645, 0
PixelHit 2493, 1677, -0.0186523, 0
PixelHit 2494, 1673, 0.358875, 0
PixelHit 2494, 1674, 18.4797, 0
PixelHit 2494, 1675, 8.57383, 0
PixelHit 2495, 1673, 30.3051, 0
PixelHit 2495, 1674, 81.8337, 0
PixelHit 2495, 1675, 3.94377, 0
PixelHit 2496, 1672, 4.08966, 0
PixelHit 2496, 1673, 35.6996, 0
PixelHit 2496, 1674, 29.3539, 0
PixelHit 2497, 1671, 1.54989, 0
PixelHit 2497, 1672, 31.5899, 0
PixelHit 2497, 1673, 31.0631, 0
PixelHit 2498, 1670, 2.5702, 0
PixelHit 2498, 1671, 41.4755, 0
PixelHit 2498, 1672, 43.6108, 0
PixelHit 2498, 1673, 7.95715, 0
PixelHit 2499, 1670, 20.4433, 0
PixelHit 2499, 1671, 84.4252, 0
PixelHit 2499, 1672, 26.6519, 0
PixelHit 2500, 1669, 4.34174, 0
PixelHit 2500, 1670, 33.4152, 0
PixelHit 2500, 1671, 23.3342, 0
PixelHit 2500, 1672, 1.22257, 0
PixelHit 2501, 1668, 5.42442, 0
PixelHit 2501, 1669, 33.5237, 0
PixelHit 2501, 1670, 21.1138, 0
PixelHit 2501, 1671, 2.8838, 0
PixelHit 2502, 1667, 3.00923, 0
PixelHit 2502, 1668, 5.71139, 0
PixelHit 2502, 1669, 23.661, 0
PixelHit 2502, 1670, 10.7652, 0
PixelHit 2502, 1671, -0.2956, 0
PixelHit 2503, 1666, 2.29726, 0
PixelHit 2503, 1667, 24.1338, 0
PixelHit 2503, 1668, 39.6114, 0
PixelHit 2503, 1669, 7.51333, 0
PixelHit 2503, 1670, 2.07099, 0
PixelHit 2504, 1666, 17.4696, 0
PixelHit 2504, 1667, 88.0733, 0
PixelHit 2504, 1668, 65.9462, 0
PixelHit 2504, 1669, 6.90961, 0
PixelHit 2505, 1665, 3.92147, 0
PixelHit 2505, 1666, 45.2779, 0
PixelHit 2505, 1667, 64.1837, 0
PixelHit 2505, 1668, 18.1762, 0
PixelHit 2506, 1664, 4.72745, 0
PixelHit 2506, 1665, 14.5697, 0
PixelHit 2506, 1666, 34.2373, 0
PixelHit 2506, 1667, 20.1173, 0
PixelHit 2506, 1668, 1.41289, 0
PixelHit 2507, 1663, 5.33236, 0
PixelHit 2507, 1664, 28.2405, 0
PixelHit 2507, 1665, 41.1675, 0
PixelHit 2507, 1666, 24.3809, 0
PixelHit 2507, 1667, 4.82661, 0
PixelHit 2508, 1663, 27.9854, 0
PixelHit 2508, 1664, 128.204, 0
PixelHit 2508, 1665, 96.2025, 0
PixelHit 2508, 1666, 9.24902, 0
PixelHit 2509, 1662, 8.92404, 0
PixelHit 2509, 1663, 53.5194, 0
PixelHit 2509, 1664, 96.3122, 0
PixelHit 2509, 1665, 48.5277, 0
PixelHit 2509, 1666, 2.65962, 0
PixelHit 2510, 1660, 1.7822, 0
PixelHit 2510, 1661, 10.039, 0
PixelHit 2510, 1662, 43.3125, 0
PixelHit 2510, 1663, 95.8498, 0
PixelHit 2510, 1664, 49.4794, 0
PixelHit 2510, 1665, 4.75612, 0
PixelHit 2511, 1660, 3.17488, 0
PixelHit 2511, 1661, 30.9392, 0
PixelHit 2511, 1662, 114.473, 0
PixelHit 2511, 1663, 63.2232, 0
PixelHit 2511, 1664, 11.2744, 0
PixelHit 2512, 1660, 7.85306, 0
PixelHit 2512, 1661, 34.2618, 0
PixelHit 2512, 1662, 59.3314, 0
PixelHit 2512, 1663, 31.3774, 0
PixelHit 2512, 1664, 4.01382, 0
PixelHit 2513, 1659, 16.8553, 0
PixelHit 2513, 1660, 48.6706, 0
PixelHit 2513, 1661, 45.6201, 0
PixelHit 2513, 1662, 19.8944, 0
PixelHit 2513, 1664, 3.10421, 0
PixelHit 2514, 1658, 4.77113, 0
PixelHit 2514, 1659, 35.2654, 0
PixelHit 2514, 1660, 120.273, 0
PixelHit 2514, 1661, 83.3175, 0
PixelHit 2514, 1662, 11.4442, 0
PixelHit 2515, 1658, 17.8564, 0
PixelHit 2515, 1659, 49.0832, 0
PixelHit 2515, 1660, 87.34, 0
PixelHit 2515, 1661, 36.0614, 0
PixelHit 2516, 1656, 1.97734, 0
PixelHit 2516, 1657, 11.3471, 0
PixelHit 2516, 1658, 48.459, 0
PixelHit 2516, 1659, 47.2165, 0
PixelHit 2516, 1660, 14.7394, 0
PixelHit 2517, 1656, 8.57276, 0
PixelHit 2517, 1657, 50.2543, 0
PixelHit 2517, 1658, 73.3009, 0
PixelHit 2517, 1659, 35.3586, 0
PixelHit 2517, 1660, 7.36095, 0
PixelHit 2518, 1655, 1.77691, 0
PixelHit 2518, 1656, 22.6133, 0
PixelHit 2518, 1657, 70.2767, 0
PixelHit 2518, 1658, 43.8274, 0
PixelHit 2518, 1659, 7.30035, 0
PixelHit 2518, 1660, 1.35714, 0
PixelHit 2519, 1655, 5.76889, 0
PixelHit 2519, 1656, 20.0976, 0
PixelHit 2519, 1657, 25.7717, 0
PixelHit 2519, 1658, 16.2381, 0
PixelHit 2519, 1659, 3.63529, 0
PixelHit 2520, 1655, 9.09346, 0
PixelHit 2520, 1656, 15.4781, 0
PixelHit 2520, 1657, 5.24926, 0
PixelHit 2520, 1658, 1.82688, 0
PixelHit 2521, 1653, 6.99565, 0
PixelHit 2521, 1654, 12.8864, 0
PixelHit 2521, 1655, 22.9521, 0
PixelHit 2521, 1656, 12.7384, 0
PixelHit 2522, 1652, 1.36555, 0
PixelHit 2522, 1653, 6.21497, 0
PixelHit 2522, 1654, 17.9668, 0
PixelHit 2522, 1655, 10.9304, 0
PixelHit 2523, 1652, 4.93275, 0
PixelHit 2523, 1653, 14.7072, 0
PixelHit 2523, 1654, 10.9431, 0
PixelHit 2523, 1655, 6.71234, 0
PixelHit 2523, 1656, 2.76842, 0
PixelHit 2524, 1651, 5.78436, 0
PixelHit 2524, 1652, 8.61734, 0
PixelHit 2524, 1653, 21.4907, 0
PixelHit 2524, 1654, 7.94387, 0
PixelHit 2524, 1655, 4.49593, 0
PixelHit 2525, 1651, 2.12471, 0
PixelHit 2525, 1652, 3.03022, 0
PixelHit 2525, 1654, 4.62468, 0
PixelHit 2526, 1649, 2.04878, 0
PixelHit 2526, 1650, 10.2435, 0
PixelHit 2526, 1651, 4.45758, 0
PixelHit 2526, 1653, 1.93924, 0
PixelHit 2527, 1649, 8.55062, 0
PixelHit 2527, 1650, 13.0485, 0
PixelHit 2527, 1651, 11.902, 0
PixelHit 2527, 1652, 1.5979, 0
PixelHit 2528, 1648, 6.21754, 0
PixelHit 2528, 1649, 9.8198, 0
PixelHit 2528, 1650, 18.7673, 0
PixelHit 2528, 1651, 4.96417, 0
PixelHit 2528, 1652, 1.42616, 0
PixelHit 2529, 1646, 5.78955, 0
PixelHit 2529, 1647, 2.625, 0
PixelHit 2529, 1648, 15.7206, 0
PixelHit 2529, 1649, 15.7579, 0
PixelHit 2529, 1650, 7.15008, 0
PixelHit 2529, 1651, 4.13166, 0
PixelHit 2530, 1645, 2.62344, 0
PixelHit 2530, 1646, 10.9451, 0
PixelHit 2530, 1647, 20.5803, 0
PixelHit 2530, 1648, 29.8269, 0
PixelHit 2530, 1649, 23.9709, 0
PixelHit 2530, 1650, 2.34543, 0
PixelHit 2531, 1645, 2.40835, 0
PixelHit 2531, 1646, 12.7847, 0
PixelHit 2531, 1647, 42.8054, 0
PixelHit 2531, 1648, 30.2514, 0
PixelHit 2531, 1649, 10.8053, 0
PixelHit 2531, 1650, 2.40431, 0
PixelHit 2532, 1644, 3.85649, 0
PixelHit 2532, 1645, 4.31726, 0
PixelHit 2532, 1646, 21.8627, 0
PixelHit 2532, 1647, 33.4373, 0
PixelHit 2532, 1648, 15.4687, 0
PixelHit 2532, 1649, 3.70868, 0
PixelHit 2533, 1644, 4.44437, 0
PixelHit 2533, 1645, 12.9237, 0
PixelHit 2533, 1646, 20.5237, 0
PixelHit 2533, 1647, 15.6442, 0
PixelHit 2533, 1648, 9.12402, 0
PixelHit 2534, 1643, 2.722, 0
PixelHit 2534, 1644, 20.4801, 0
PixelHit 2534, 1645, 20.4748, 0
PixelHit 2534, 1646, 15.8492, 0
PixelHit 2534, 1647, 7.82798, 0
PixelHit 2534, 1648, 0.952839, 0
PixelHit 2535, 1642, 4.04628, 0
PixelHit 2535, 1643, 22.7993, 0
PixelHit 2535, 1644, 27.3165, 0
PixelHit 2535, 1645, 21.2143, 0
PixelHit 2535, 1646, 11.7554, 0
PixelHit 2536, 1640, 2.23791, 0
PixelHit 2536, 1641, 9.86551, 0
PixelHit 2536, 1642, 18.7117, 0
PixelHit 2536, 1643, 40.7697, 0
PixelHit 2536, 1644, 44.6794, 0
PixelHit 2536, 1645, 21.2418, 0
PixelHit 2536, 1646, 11.8638, 0
PixelHit 2537, 1639, 0.744841, 0
PixelHit 2537, 1640, 0.531431, 0
PixelHit 2537, 1641, 7.21884, 0
PixelHit 2537, 1642, 11.8522, 0
PixelHit 2537, 1643, 25.2453, 0
PixelHit 2537, 1644, 29.6405, 0
PixelHit 2537, 1645, 16.9959, 0
PixelHit 2537, 1646, 1.83314, 0
PixelHit 2538, 1640, 9.3038, 0
PixelHit 2538, 1641, 22.1587, 0
PixelHit 2538, 1642, 30.6242, 0
PixelHit 2538, 1643, 11.0785, 0
PixelHit 2538, 1644, 13.4809, 0
PixelHit 2538, 1645, 3.59451, 0
PixelHit 2539, 1639, 6.41766, 0
PixelHit 2539, 1640, 8.54097, 0
PixelHit 2539, 1641, 53.8218, 0
PixelHit 2539, 1642, 37.8061, 0
PixelHit 2539, 1643, 20.9459, 0
PixelHit 2539, 1644, 4.64999, 0
PixelHit 2540, 1638, 2.96539, 0
PixelHit 2540, 1639, 4.83523, 0
PixelHit 2540, 1640, 15.2263, 0
PixelHit 2540, 1641, 31.6374, 0
PixelHit 2540, 1642, 31.0402, 0
PixelHit 2540, 1643, 9.84516, 0
PixelHit 2540, 1644, 4.14695, 0
PixelHit 2541, 1638, 1.66079, 0
PixelHit 2541, 1639, 6.68195, 0
PixelHit 2541, 1640, 13.9734, 0
PixelHit 2541, 1641, 16.001, 0
PixelHit 2541, 1642, 9.65308, 0
PixelHit 2541, 1643, 2.56676, 0
PixelHit 2542, 1637, 1.16015, 0
PixelHit 2542, 1638, 1.13028, 0
PixelHit 2542, 1639, 9.51796, 0
PixelHit 2542, 1640, 2.7482, 0
PixelHit 2542, 1641, 7.36391, 0
PixelHit 2542, 1642, 5.89898, 0
PixelHit 2543, 1635, 3.56565, 0
PixelHit 2543, 1637, 4.15191, 0
PixelHit 2543, 1638, 3.09659, 0
PixelHit 2543, 1639, 2.73582, 0
PixelHit 2543, 1640, 4.16885, 0
PixelHit 2544, 1634, 1.89639, 0
PixelHit 2544, 1635, 4.46619, 0
PixelHit 2544, 1636, 6.5765, 0
PixelHit 2544, 1637, 8.73525, 0
PixelHit 2544, 1638, 5.89063, 0
PixelHit 2544, 1639, 7.58153, 0
PixelHit 2544, 1640, 3.10343, 0
PixelHit 2545, 1633, 3.4167, 0
PixelHit 2545, 1635, 8.20616, 0
PixelHit 2545, 1636, 31.1017, 0
PixelHit 2545, 1637, 15.6906, 0
PixelHit 2545, 1638, 15.3661, 0
PixelHit 2545, 1639, 2.95736, 0
PixelHit 2546, 1633, 2.19719, 0
PixelHit 2546, 1634, 8.91349, 0
PixelHit 2546, 1635, 31.8846, 0
PixelHit 2546, 1636, 46.5608, 0
PixelHit 2546, 1637, 27.075, 0
PixelHit 2546, 1638, 13.2878, 0
PixelHit 2546, 1639, 3.84187, 0
PixelHit 2547, 1633, 5.41641, 0
PixelHit 2547, 1634, 28.8775, 0
PixelHit 2547, 1635, 50.7285, 0
PixelHit 2547, 1636, 48.2658, 0
PixelHit 2547, 1637, 26.9133, 0
PixelHit 2547, 1638, 13.5282, 0
PixelHit 2547, 1639, 2.11027, 0
PixelHit 2548, 1632, 2.26032, 0
PixelHit 2548, 1633, 16.0708, 0
PixelHit 2548, 1634, 32.6902, 0
PixelHit 2548, 1635, 37.0958, 0
PixelHit 2548, 1636, 38.337, 0
PixelHit 2548, 1637, 14.1071, 0
PixelHit 2548, 1638, 1.95123, 0
PixelHit 2549, 1630, 1.72646, 0
PixelHit 2549, 1631, 3.02814, 0
PixelHit 2549, 1632, 9.02467, 0
PixelHit 2549, 1633, 22.284, 0
PixelHit 2549, 1634, 48.358, 0
PixelHit 2549, 1635, 32.7092, 0
PixelHit 2549, 1636, 14.1418, 0
PixelHit 2549, 1637, 4.23545, 0
PixelHit 2549, 1638, 2.414, 0
PixelHit 2550, 1631, 9.28265, 0
PixelHit 2550, 1632, 19.1169, 0
PixelHit 2550, 1633, 22.804, 0
PixelHit 2550, 1634, 30.9543, 0
PixelHit 2550, 1635, 15.4076, 0
PixelHit 2550, 1636, 7.86329, 0
PixelHit 2551, 1628, 4.49329, 0
PixelHit 2551, 1630, 5.30687, 0
PixelHit 2551, 1631, 14.1233, 0
PixelHit 2551, 1632, 22.9509, 0
PixelHit 2551, 1633, 24.4014, 0
PixelHit 2551, 1634, 15.8512, 0
PixelHit 2551, 1635, 7.5466, 0
PixelHit 2551, 1636, 0.448395, 0
PixelHit 2551, 1637, 2.29238, 0
PixelHit 2552, 1630, 11.2772, 0
PixelHit 2552, 1631, 18.1467, 0
PixelHit 2552, 1632, 22.5974, 0
PixelHit 2552, 1633, 23.8356, 0
PixelHit 2552, 1634, 10.5262, 0
PixelHit 2552, 1635, 1.68501, 0
PixelHit 2553, 1628, -0.343247, 0
PixelHit 2553, 1629, 2.16132, 0
PixelHit 2553, 1630, 9.67584, 0
PixelHit 2553, 1631, 11.7051, 0
PixelHit 2553, 1632, 11.1223, 0
PixelHit 2553, 1633, 9.51824, 0
PixelHit 2553, 1634, 2.77803, 0
PixelHit 2554, 1626, 2.16908, 0
PixelHit 2554, 1627, 5.01518, 0
PixelHit 2554, 1628, 8.52039, 0
PixelHit 2554, 1629, 5.80316, 0
PixelHit 2554, 1630, 5.29657, 0
PixelHit 2554, 1631, 10.21, 0
PixelHit 2554, 1632, 2.60838, 0
PixelHit 2554, 1633, 5.71638, 0
PixelHit 2554, 1634, 3.19368, 0
PixelHit 2555, 1626, 4.74645, 0
PixelHit 2555, 1627, 7.05523, 0
PixelHit 2555, 1628, 4.63813, 0
PixelHit 2555, 1629, 6.92855, 0
PixelHit 2555, 1630, 8.16166, 0
PixelHit 2555, 1632, 1.14715, 0
PixelHit 2555, 1633, 1.74836, 0
PixelHit 2556, 1625, 1.55226, 0
PixelHit 2556, 1626, 3.79123, 0
PixelHit 2556, 1627, 11.5524, 0
PixelHit 2556, 1628, 20.7664, 0
PixelHit 2556, 1629, 15.7374, 0
PixelHit 2556, 1630, 5.18234, 0
PixelHit 2557, 1627, 4.41448, 0
PixelHit 2557, 1628, 8.76728, 0
PixelHit 2557, 1629, 7.4191, 0
PixelHit 2557, 1630, 1.26883, 0
PixelHit 2558, 1624, 1.19778, 0
PixelHit 2558, 1625, 2.1647, 0
PixelHit 2558, 1626, 5.13947, 0
PixelHit 2558, 1627, 6.15643, 0
PixelHit 2558, 1628, 6.35602, 0
PixelHit 2558, 1629, 6.00128, 0
PixelHit 2558, 1630, 4.45781, 0
PixelHit 2559, 1623, 2.96974, 0
PixelHit 2559, 1624, 5.64575, 0
PixelHit 2559, 1625, 2.50984, 0
PixelHit 2559, 1626, 4.2145, 0
PixelHit 2559, 1627, 4.44657, 0
PixelHit 2559, 1628, 2.99269, 0
PixelHit 2560, 1621, 2.29509, 0
PixelHit 2560, 1622, 2.5074, 0
PixelHit 2560, 1623, 5.23873, 0
PixelHit 2560, 1624, 14.5156, 0
PixelHit 2560, 1625, 17.0978, 0
PixelHit 2560, 1626, 6.75103, 0
PixelHit 2560, 1627, 4.74743, 0
PixelHit 2561, 1621, 1.2733, 0
PixelHit 2561, 1623, 11.6152, 0
PixelHit 2561, 1624, 20.0831, 0
PixelHit 2561, 1625, 30.0362, 0
PixelHit 2561, 1626, 14.2207, 0
PixelHit 2561, 1627, 2.57716, 0
PixelHit 2561, 1628, 0.864445, 0
PixelHit 2562, 1621, 3.02887, 0
PixelHit 2562, 1622, 6.1931, 0
PixelHit 2562, 1623, 16.2904, 0
PixelHit 2562, 1624, 30.2107, 0
PixelHit 2562, 1625, 18.7659, 0
PixelHit 2562, 1626, 10.607, 0
PixelHit 2562, 1627, 0.975523, 0
PixelHit 2563, 1622, 6.92531, 0
PixelHit 2563, 1623, 15.3333, 0
PixelHit 2563, 1624, 23.3389, 0
PixelHit 2563, 1625, 10.428, 0
PixelHit 2563, 1626, 7.32752, 0
PixelHit 2563, 1627, 1.03907, 0
PixelHit 2564, 1621, 0.923195, 0
PixelHit 2564, 1622, 2.07211, 0
PixelHit 2564, 1623, 7.55145, 0
PixelHit 2564, 1624, 3.68032, 0
PixelHit 2564, 1625, 2.60297, 0
PixelHit 2564, 1626, 2.41619, 0
PixelHit 2565, 1621, 0.791513, 0
PixelHit 2565, 1622, 2.08531, 0
PixelHit 2565, 1623, 3.69434, 0
PixelHit 2565, 1625, 1.60238, 0
PixelHit 2566, 1624, 1.74628, 0
=== 31 ===
=== 32 ===
=== 33 ===
=== 34 ===
=== 35 ===
=== 36 ===
=== 37 ===
=== 38 ===
=== 39 ===
=== 40 ===
=== 41 ===
=== 42 ===
=== 43 ===
=== 44 ===
=== 45 ===
=== 46 ===
=== 47 ===
=== 48 ===
=== 49 ===
=== 50 ===
=== 51 ===
=== 52 ===
=== 53 ===
=== 54 ===
=== 55 ===
=== 56 ===
=== 57 ===
=== 58 ===
=== 59 ===
=== 60 ===
=== 61 ===
=== 62 ===
=== 63 ===
=== 64 ===
=== 65 ===
=== 66 ===
=== 67 ===
=== 68 ===
=== 69 ===
=== 70 ===
=== 71 ===
=== 72 ===
=== 73 ===
=== 74 ===
=== 75 ===
=== 76 ===
=== 77 ===
=== 78 ===
=== 79 ===
=== 80 ===
=== 81 ===
--- mydetector ---
PixelHit 1871, 93, 1.28049, 0
PixelHit 1871, 94, 74.8865, 0
PixelHit 1871, 95, 16.3064, 0
PixelHit 1872, 93, 55.6299, 0
PixelHit 1872, 94, 29.9954, 0
PixelHit 1872, 95, 4.49789, 0
PixelHit 1873, 92, 4.02196, 0
PixelHit 1873, 93, 286.396, 0
PixelHit 1873, 94, 78.4755, 0
PixelHit 1874, 91, 1.54977, 0
PixelHit 1874, 92, 56.2085, 0
PixelHit 1874, 93, 53.0931, 0
PixelHit 1874, 94, 3.75323, 0
PixelHit 1875, 92, 29.414, 0
PixelHit 1875, 93, 10.975, 0
PixelHit 1876, 91, 8.55396, 0
PixelHit 1876, 92, 6.7082, 0
PixelHit 1877, 90, 6.46644, 0
PixelHit 1877, 91, 13.8432, 0
PixelHit 1877, 92, 3.45155, 0
PixelHit 1878, 89, 1.65422, 0
PixelHit 1878, 90, 3.59985, 0
PixelHit 1878, 91, 3.53237, 0
PixelHit 1879, 88, 2.27178, 0
PixelHit 1879, 89, 6.07183, 0
PixelHit 1879, 90, 5.48766, 0
PixelHit 1880, 88, 9.81367, 0
PixelHit 1880, 89, 19.3382, 0
PixelHit 1880, 90, 5.80555, 0
PixelHit 1881, 87, 2.83807, 0
PixelHit 1881, 88, 10.8191, 0
PixelHit 1881, 89, 8.88626, 0
PixelHit 1881, 90, 2.59973, 0
PixelHit 1882, 87, 5.06972, 0
PixelHit 1882, 88, 15.9218, 0
PixelHit 1882, 89, 4.58533, 0
PixelHit 1883, 85, 1.715, 0
PixelHit 1883, 86, 3.32925, 0
PixelHit 1883, 87, 21.796, 0
PixelHit 1883, 88, 6.14117, 0
PixelHit 1884, 84, 3.3062, 0
PixelHit 1884, 85, 6.52318, 0
PixelHit 1884, 86, 20.2929, 0
PixelHit 1884, 87, 12.4742, 0
PixelHit 1884, 88, 1.86467, 0
PixelHit 1885, 84, 2.17461, 0
PixelHit 1885, 85, 11.5124, 0
PixelHit 1885, 86, 23.9176, 0
PixelHit 1885, 87, 6.91647, 0
PixelHit 1885, 88, 5.03585, 0
PixelHit 1886, 84, 14.8569, 0
PixelHit 1886, 85, 17.6823, 0
PixelHit 1886, 86, 21.2923, 0
PixelHit 1886, 87, 5.05981, 0
PixelHit 1887, 83, 6.85919, 0
PixelHit 1887, 84, 22.279, 0
PixelHit 1887, 85, 32.255, 0
PixelHit 1887, 86, 8.98651, 0
PixelHit 1888, 83, 10.3977, 0
PixelHit 1888, 84, 32.6839, 0
PixelHit 1888, 85, 21.5596, 0
PixelHit 1888, 86, 2.58816, 0
PixelHit 1889, 82, 2.7143, 0
PixelHit 1889, 83, 15.3151, 0
PixelHit 1889, 84, 17.2003, 0
PixelHit 1889, 85, 15.6744, 0
PixelHit 1889, 86, 4.2067, 0
PixelHit 1890, 81, 6.70621, 0
PixelHit 1890, 82, 12.7295, 0
PixelHit 1890, 83, 15.4267, 0
PixelHit 1890, 84, 9.04364, 0
PixelHit 1891, 79, 3.24839, 0
PixelHit 1891, 80, 6.91288, 0
PixelHit 1891, 81, 11.4725, 0
PixelHit 1891, 82, 25.8256, 0
PixelHit 1891, 83, 26.1835, 0
PixelHit 1891, 84, 3.81992, 0
PixelHit 1891, 85, 2.12947, 0
PixelHit 1892, 79, 3.23171, 0
PixelHit 1892, 80, 10.8351, 0
PixelHit 1892, 81, 26.5782, 0
PixelHit 1892, 82, 31.831, 0
PixelHit 1892, 83, 11.9601, 0
PixelHit 1892, 84, 2.44347, 0
PixelHit 1893, 79, 9.38259, 0
PixelHit 1893, 80, 25.3398, 0
PixelHit 1893, 81, 72.0275, 0
PixelHit 1893, 82, 44.718, 0
PixelHit 1893, 83, 9.82195, 0
PixelHit 1894, 78, 4.64092, 0
PixelHit 1894, 79, 17.9555, 0
PixelHit 1894, 80, 35.8626, 0
PixelHit 1894, 81, 40.5569, 0
PixelHit 1894, 82, 28.2647, 0
PixelHit 1894, 83, 2.96744, 0
PixelHit 1895, 78, 6.87927, 0
PixelHit 1895, 79, 11.9967, 0
PixelHit 1895, 80, 21.6978, 0
PixelHit 1895, 81, 28.2655, 0
PixelHit 1895, 82, 6.96969, 0
PixelHit 1896, 77, 6.51186, 0
PixelHit 1896, 78, 8.80461, 0
PixelHit 1896, 79, 23.2433, 0
PixelHit 1896, 80, 16.2171, 0
PixelHit 1896, 81, 5.89074, 0
PixelHit 1896, 82, 1.12831, 0
PixelHit 1897, 75, 2.70694, 0
PixelHit 1897, 76, 4.22177, 0
PixelHit 1897, 77, 10.5859, 0
PixelHit 1897, 78, 18.618, 0
PixelHit 1897, 79, 15.6456, 0
PixelHit 1897, 80, 9.4533, 0
PixelHit 1898, 75, 0.456364, 0
PixelHit 1898, 76, 21.5357, 0
PixelHit 1898, 77, 50.3074, 0
PixelHit 1898, 78, 37.9344, 0
PixelHit 1898, 79, 29.3292, 0
PixelHit 1898, 80, 9.79708, 0
PixelHit 1898, 81, 2.88281, 0
PixelHit 1899, 74, 0.933412, 0
PixelHit 1899, 75, 8.7089, 0
PixelHit 1899, 76, 35.6924, 0
PixelHit 1899, 77, 73.774, 0
PixelHit 1899, 78, 70.8499, 0
PixelHit 1899, 79, 32.0937, 0
PixelHit 1899, 80, 7.90779, 0
PixelHit 1900, 74, 3.16035, 0
PixelHit 1900, 75, 6.46717, 0
PixelHit 1900, 76, 27.4163, 0
PixelHit 1900, 77, 51.808, 0
PixelHit 1900, 78, 39.8668, 0
PixelHit 1900, 79, 24.8, 0
PixelHit 1900, 80, 7.28976, 0
PixelHit 1900, 82, 0.8205, 0
PixelHit 1901, 74, 4.35415, 0
PixelHit 1901, 75, 10.9095, 0
PixelHit 1901, 76, 26.6328, 0
PixelHit 1901, 77, 23.4477, 0
PixelHit 1901, 78, 17.2191, 0
PixelHit 1901, 79, 6.84478, 0
PixelHit 1901, 80, 2.97794, 0
PixelHit 1902, 74, 8.0231, 0
PixelHit 1902, 75, 19.9007, 0
PixelHit 1902, 76, 12.1348, 0
PixelHit 1902, 77, 19.0292, 0
PixelHit 1902, 78, 2.25087, 0
PixelHit 1902, 80, 1.71884, 0
PixelHit 1903, 73, 11.6023, 0
PixelHit 1903, 74, 14.4452, 0
PixelHit 1903, 75, 20.3994, 0
PixelHit 1903, 76, 17.8909, 0
PixelHit 1903, 77, 1.34009, 0
PixelHit 1904, 72, 3.34457, 0
PixelHit 1904, 73, 12.5302, 0
PixelHit 1904, 74, 23.4432, 0
PixelHit 1904, 75, 19.6338, 0
PixelHit 1904, 76, 14.1044, 0
PixelHit 1904, 77, 1.8478, 0
PixelHit 1905, 71, 1.55543, 0
PixelHit 1905, 72, 0.656954, 0
PixelHit 1905, 73, 11.1575, 0
PixelHit 1905, 74, 12.1031, 0
PixelHit 1905, 75, 10.794, 0
PixelHit 1905, 76, 12.0324, 0
PixelHit 1905, 77, 1.05324, 0
PixelHit 1906, 70, 2.4733, 0
PixelHit 1906, 71, 6.2449, 0
PixelHit 1906, 72, 4.77885, 0
PixelHit 1906, 73, 12.7709, 0
PixelHit 1906, 74, 15.1907, 0
PixelHit 1906, 75, 10.9692, 0
PixelHit 1906, 76, 4.03657, 0
PixelHit 1906, 77, 2.08548, 0
PixelHit 1907, 70, 8.78978, 0
PixelHit 1907, 71, 16.7428, 0
PixelHit 1907, 72, 24.3683, 0
PixelHit 1907, 73, 18.1708, 0
PixelHit 1907, 74, 15.1715, 0
PixelHit 1907, 75, 2.22115, 0
PixelHit 1907, 76, 1.0366, 0
PixelHit 1908, 69, 2.48378, 0
PixelHit 1908, 70, 5.40874, 0
PixelHit 1908, 71, 23.0748, 0
PixelHit 1908, 72, 16.3659, 0
PixelHit 1908, 73, 13.5715, 0
PixelHit 1908, 74, 4.61232, 0
PixelHit 1909, 69, 1.77917, 0
PixelHit 1909, 70, 10.0667, 0
PixelHit 1909, 71, 21.3979, 0
PixelHit 1909, 72, 18.3145, 0
PixelHit 1909, 73, 8.44923, 0
PixelHit 1909, 76, 0.0203719, 0
PixelHit 1910, 70, 3.12311, 0
PixelHit 1910, 71, 11.0348, 0
PixelHit 1910, 72, 11.9769, 0
PixelHit 1910, 73, 7.10951, 0
PixelHit 1910, 74, 2.11956, 0
PixelHit 1911, 70, 1.85793, 0
PixelHit 1911, 71, 1.61598, 0
PixelHit 1911, 72, 2.96725, 0
PixelHit 1911, 73, 2.2211, 0
PixelHit 1911, 75, 1.32654, 0
PixelHit 1912, 74, 0.639144, 0
=== 82 ===
=== 83 ===
=== 84 ===
=== 85 ===
=== 86 ===
=== 87 ===
=== 88 ===
=== 89 ===
=== 90 ===
=== 91 ===
--- mydetector ---
PixelHit 2488, 1942, 1.35757, 0
PixelHit 2489, 1942, 7.97754, 0
PixelHit 2489, 1943, 20.7294, 0
PixelHit 2490, 1941, 7.08076, 0
PixelHit 2490, 1942, 23.4671, 0
PixelHit 2490, 1943, 30.2877, 0
PixelHit 2491, 1941, 35.7537, 0
PixelHit 2491, 1942, 49.3906, 0
PixelHit 2491, 1943, 13.919, 0
PixelHit 2492, 1938, 2.48403, 0
PixelHit 2492, 1939, 3.3905, 0
PixelHit 2492, 1940, 14.8458, 0
PixelHit 2492, 1941, 40.1426, 0
PixelHit 2492, 1942, 29.0085, 0
PixelHit 2492, 1943, 3.81574, 0
PixelHit 2493, 1938, 5.86058, 0
PixelHit 2493, 1939, 19.8357, 0
PixelHit 2493, 1940, 52.9428, 0
PixelHit 2493, 1941, 46.1801, 0
PixelHit 2493, 1942, 6.38873, 0
PixelHit 2493, 1943, 1.49349, 0
PixelHit 2494, 1937, 2.70138, 0
PixelHit 2494, 1938, 8.63745, 0
PixelHit 2494, 1939, 26.1787, 0
PixelHit 2494, 1940, 42.1532, 0
PixelHit 2494, 1941, 17.7591, 0
PixelHit 2494, 1942, 4.41478, 0
PixelHit 2495, 1936, 3.42933, 0
PixelHit 2495, 1937, 8.87855, 0
PixelHit 2495, 1938, 15.7294, 0
PixelHit 2495, 1939, 23.3358, 0
PixelHit 2495, 1940, 11.1924, 0
PixelHit 2495, 1941, 1.35588, 0
PixelHit 2495, 1942, 1.61406, 0
PixelHit 2496, 1935, 3.11222, 0
PixelHit 2496, 1936, 4.82156, 0
PixelHit 2496, 1937, 21.5573, 0
PixelHit 2496, 1938, 30.5013, 0
PixelHit 2496, 1939, 17.0159, 0
PixelHit 2496, 1940, 2.17048, 0
PixelHit 2497, 1935, 5.25993, 0
PixelHit 2497, 1936, 16.0541, 0
PixelHit 2497, 1937, 31.1626, 0
PixelHit 2497, 1938, 24.8752, 0
PixelHit 2497, 1939, 9.34489, 0
PixelHit 2498, 1934, 2.60401, 0
PixelHit 2498, 1935, 12.753, 0
PixelHit 2498, 1936, 26.6734, 0
PixelHit 2498, 1937, 30.9947, 0
PixelHit 2498, 1938, 16.6092, 0
PixelHit 2499, 1934, 4.24772, 0
PixelHit 2499, 1935, 24.522, 0
PixelHit 2499, 1936, 21.7917, 0
PixelHit 2499, 1937, 17.8306, 0
PixelHit 2499, 1938, 3.88551, 0
PixelHit 2500, 1934, 4.58635, 0
PixelHit 2500, 1935, 16.4238, 0
PixelHit 2500, 1936, 10.4559, 0
PixelHit 2500, 1937, 6.71779, 0
PixelHit 2501, 1932, 3.25586, 0
PixelHit 2501, 1933, 6.98094, 0
PixelHit 2501, 1934, 14.3208, 0
PixelHit 2501, 1935, 16.9687, 0
PixelHit 2501, 1936, 2.13981, 0
PixelHit 2501, 1937, 2.72477, 0
PixelHit 2502, 1932, 3.0485, 0
PixelHit 2502, 1933, 13.2198, 0
PixelHit 2502, 1934, 14.5391, 0
PixelHit 2502, 1935, 12.774, 0
PixelHit 2503, 1930, 1.43191, 0
PixelHit 2503, 1931, 4.40325, 0
PixelHit 2503, 1932, 24.9788, 0
PixelHit 2503, 1933, 25.7293, 0
PixelHit 2503, 1934, 21.1026, 0
PixelHit 2503, 1935, 6.40045, 0
PixelHit 2504, 1930, 1.28463, 0
PixelHit 2504, 1931, 12.6226, 0
PixelHit 2504, 1932, 27.1975, 0
PixelHit 2504, 1933, 25.4367, 0
PixelHit 2504, 1934, 12.2846, 0
PixelHit 2504, 1935, 3.58625, 0
PixelHit 2505, 1930, 9.01481, 0
PixelHit 2505, 1931, 16.0046, 0
PixelHit 2505, 1932, 14.1461, 0
PixelHit 2505, 1933, 14.5443, 0
PixelHit 2505, 1934, 6.9026, 0
PixelHit 2506, 1928, 0.578574, 0
PixelHit 2506, 1929, 10.3433, 0
PixelHit 2506, 1930, 15.246, 0
PixelHit 2506, 1931, 14.2692, 0
PixelHit 2506, 1932, 16.3072, 0
PixelHit 2506, 1933, 5.76964, 0
PixelHit 2507, 1926, 1.2158, 0
PixelHit 2507, 1928, 8.82077, 0
PixelHit 2507, 1929, 18.6449, 0
PixelHit 2507, 1930, 30.3316, 0
PixelHit 2507, 1931, 24.1312, 0
PixelHit 2507, 1932, 11.9606, 0
PixelHit 2507, 1933, 3.62196, 0
PixelHit 2507, 1935, 1.69263, 0
PixelHit 2508, 1926, 2.12834, 0
PixelHit 2508, 1927, 6.01376, 0
PixelHit 2508, 1928, 13.7583, 0
PixelHit 2508, 1929, 39.6702, 0
PixelHit 2508, 1930, 31.404, 0
PixelHit 2508, 1931, 23.5932, 0
PixelHit 2508, 1932, 9.65613, 0
PixelHit 2509, 1928, 15.7134, 0
PixelHit 2509, 1929, 21.1107, 0
PixelHit 2509, 1930, 37.3136, 0
PixelHit 2509, 1931, 18.6174, 0
PixelHit 2509, 1932, 5.53779, 0
PixelHit 2510, 1926, 3.45216, 0
PixelHit 2510, 1927, 8.85319, 0
PixelHit 2510, 1928, 24.3038, 0
PixelHit 2510, 1929, 26.6951, 0
PixelHit 2510, 1930, 16.607, 0
PixelHit 2510, 1931, 10.0339, 0
PixelHit 2511, 1925, 3.90864, 0
PixelHit 2511, 1926, 11.2836, 0
PixelHit 2511, 1927, 20.5513, 0
PixelHit 2511, 1928, 10.6365, 0
PixelHit 2511, 1929, 8.74945, 0
PixelHit 2511, 1930, 3.25898, 0
PixelHit 2511, 1932, 1.04086, 0
PixelHit 2512, 1926, 14.0818, 0
PixelHit 2512, 1927, 17.7533, 0
PixelHit 2512, 1928, 16.8823, 0
PixelHit 2512, 1930, 2.18159, 0
PixelHit 2513, 1924, 2.36448, 0
PixelHit 2513, 1926, 19.2513, 0
PixelHit 2513, 1927, 14.6152, 0
PixelHit 2513, 1928, 5.47965, 0
PixelHit 2513, 1931, 1.52112, 0
PixelHit 2514, 1925, 5.17342, 0
PixelHit 2514, 1926, 3.34959, 0
PixelHit 2514, 1927, 11.2437, 0
PixelHit 2514, 1928, 0.683255, 0
PixelHit 2514, 1929, 3.19237, 0
PixelHit 2515, 1926, 4.44373, 0
PixelHit 2515, 1928, 3.06384, 0
=== 92 ===
--- mydetector ---
PixelHit 2068, 397, 43.6123, 0
PixelHit 2068, 398, 13.1448, 0
PixelHit 2069, 396, 2.53944, 0
PixelHit 2069, 397, 70.9167, 0
PixelHit 2069, 398, 7.99801, 0
PixelHit 2070, 396, 28.8938, 0
PixelHit 2070, 397, 37.2142, 0
PixelHit 2071, 395, 4.13094, 0
PixelHit 2071, 396, 263.524, 0
PixelHit 2071, 397, 128.843, 0
PixelHit 2072, 395, 7.62708, 0
PixelHit 2072, 396, 110.969, 0
PixelHit 2072, 397, 21.6007, 0
PixelHit 2073, 395, 37.7696, 0
PixelHit 2073, 396, 25.6361, 0
PixelHit 2074, 394, 5.26218, 0
PixelHit 2074, 395, 57.742, 0
PixelHit 2074, 396, 26.5201, 0
PixelHit 2075, 394, 14.6388, 0
PixelHit 2075, 395, 48.3142, 0
PixelHit 2075, 396, 3.17113, 0
PixelHit 2076, 393, 4.59287, 0
PixelHit 2076, 394, 49.5927, 0
PixelHit 2076, 395, 32.2321, 0
PixelHit 2077, 392, 3.24109, 0
PixelHit 2077, 393, 25.0487, 0
PixelHit 2077, 394, 66.3549, 0
PixelHit 2077, 395, 19.4334, 0
PixelHit 2078, 392, 1.4246, 0
PixelHit 2078, 393, 41.8607, 0
PixelHit 2078, 394, 78.5972, 0
PixelHit 2078, 395, 9.52494, 0
PixelHit 2079, 392, 5.53307, 0
PixelHit 2079, 393, 36.539, 0
PixelHit 2079, 394, 20.8025, 0
PixelHit 2079, 395, 4.04806, 0
PixelHit 2080, 390, 0.635108, 0
PixelHit 2080, 391, 2.24515, 0
PixelHit 2080, 392, 20.3501, 0
PixelHit 2080, 393, 36.685, 0
PixelHit 2080, 394, 12.3423, 0
PixelHit 2081, 392, 13.8337, 0
PixelHit 2081, 393, 11.7109, 0
PixelHit 2082, 391, 17.4897, 0
PixelHit 2082, 392, 38.3152, 0
PixelHit 2082, 393, 7.38348, 0
PixelHit 2083, 390, 5.24159, 0
PixelHit 2083, 391, 37.8137, 0
PixelHit 2083, 392, 36.6511, 0
PixelHit 2083, 393, 16.2961, 0
PixelHit 2084, 390, 10.1881, 0
PixelHit 2084, 391, 42.0254, 0
PixelHit 2084, 392, 26.4076, 0
PixelHit 2084, 393, 6.29941, 0
PixelHit 2085, 389, 1.53413, 0
PixelHit 2085, 390, 19.175, 0
PixelHit 2085, 391, 36.9151, 0
PixelHit 2085, 392, 12.7105, 0
PixelHit 2085, 393, 1.79878, 0
PixelHit 2086, 388, 1.75817, 0
PixelHit 2086, 389, 6.1655, 0
PixelHit 2086, 390, 21.5777, 0
PixelHit 2086, 391, 21.9931, 0
PixelHit 2086, 392, 6.43768, 0
PixelHit 2087, 388, 1.43571, 0
PixelHit 2087, 389, 12.9285, 0
PixelHit 2087, 390, 45.3025, 0
PixelHit 2087, 391, 24.0811, 0
PixelHit 2088, 388, 2.30895, 0
PixelHit 2088, 389, 21.4711, 0
PixelHit 2088, 390, 22.6181, 0
PixelHit 2088, 391, 9.66113, 0
PixelHit 2089, 387, 2.67682, 0
PixelHit 2089, 388, 9.42367, 0
PixelHit 2089, 389, 24.233, 0
PixelHit 2089, 390, 23.6276, 0
PixelHit 2089, 391, 3.77344, 0
PixelHit 2090, 387, 2.97874, 0
PixelHit 2090, 388, 17.1608, 0
PixelHit 2090, 389, 28.5722, 0
PixelHit 2090, 390, 13.7529, 0
PixelHit 2090, 391, 2.36165, 0
PixelHit 2091, 386, 0.0733409, 0
PixelHit 2091, 387, 6.12463, 0
PixelHit 2091, 388, 16.9524, 0
PixelHit 2091, 389, 28.3794, 0
PixelHit 2091, 390, 10.2048, 0
PixelHit 2092, 387, 15.2248, 0
PixelHit 2092, 388, 30.4898, 0
PixelHit 2092, 389, 21.0967, 0
PixelHit 2092, 390, 7.34526, 0
PixelHit 2093, 386, 4.8914, 0
PixelHit 2093, 387, 9.55156, 0
PixelHit 2093, 388, 14.6433, 0
PixelHit 2093, 389, 11.122, 0
PixelHit 2093, 390, 4.41192, 0
PixelHit 2094, 386, 6.79628, 0
PixelHit 2094, 387, 19.0064, 0
PixelHit 2094, 388, 13.6696, 0
PixelHit 2094, 389, 2.11415, 0
PixelHit 2094, 390, 2.89551, 0
PixelHit 2095, 385, 3.12915, 0
PixelHit 2095, 386, 7.44429, 0
PixelHit 2095, 387, 5.26596, 0
PixelHit 2095, 388, 5.53702, 0
PixelHit 2095, 389, 3.50304, 0
PixelHit 2096, 385, 6.62719, 0
PixelHit 2096, 386, 5.2914, 0
PixelHit 2096, 387, 5.40655, 0
PixelHit 2096, 388, 2.09887, 0
PixelHit 2096, 389, 1.91149, 0
PixelHit 2097, 383, 0.76906, 0
PixelHit 2097, 385, 11.6403, 0
PixelHit 2097, 386, 11.4001, 0
PixelHit 2097, 387, 12.7323, 0
PixelHit 2098, 384, 3.8145, 0
PixelHit 2098, 385, 23.3512, 0
PixelHit 2098, 386, 29.524, 0
PixelHit 2098, 387, 13.4573, 0
PixelHit 2099, 384, 7.42047, 0
PixelHit 2099, 385, 6.09964, 0
PixelHit 2099, 386, 4.91919, 0
PixelHit 2099, 387, 2.93386, 0
PixelHit 2100, 383, 3.87487, 0
PixelHit 2100, 384, 4.89717, 0
PixelHit 2100, 385, 7.65131, 0
PixelHit 2100, 386, 3.52544, 0
PixelHit 2100, 387, 1.79127, 0
PixelHit 2101, 382, 1.59713, 0
PixelHit 2101, 383, 14.3535, 0
PixelHit 2101, 384, 7.52973, 0
PixelHit 2101, 385, 12.3377, 0
PixelHit 2101, 386, 4.74715, 0
PixelHit 2102, 382, 2.22581, 0
PixelHit 2102, 383, 12.0759, 0
PixelHit 2102, 384, 24.7219, 0
PixelHit 2102, 385, 14.5763, 0
PixelHit 2102, 386, 6.54178, 0
PixelHit 2103, 381, 3.13244, 0
PixelHit 2103, 382, 2.51815, 0
PixelHit 2103, 383, 20.0661, 0
PixelHit 2103, 384, 18.7166, 0
PixelHit 2103, 385, 11.0895, 0
PixelHit 2103, 386, 2.70837, 0
PixelHit 2104, 380, 6.14983, 0
PixelHit 2104, 381, 13.7545, 0
PixelHit 2104, 382, 44.0658, 0
PixelHit 2104, 383, 53.6826, 0
PixelHit 2104, 384, 21.1495, 0
PixelHit 2104, 385, 6.94031, 0
PixelHit 2104, 387, 3.41595, 0
PixelHit 2105, 379, 4.58985, 0
PixelHit 2105, 380, 9.83317, 0
PixelHit 2105, 381, 51.9067, 0
PixelHit 2105, 382, 113.42, 0
PixelHit 2105, 383, 107.69, 0
PixelHit 2105, 384, 46.6191, 0
PixelHit 2105, 385, 7.78918, 0
PixelHit 2105, 386, 1.8474, 0
PixelHit 2106, 380, 18.0485, 0
PixelHit 2106, 381, 79.8877, 0
PixelHit 2106, 382, 166.559, 0
PixelHit 2106, 383, 168.208, 0
PixelHit 2106, 384, 55.5795, 0
PixelHit 2106, 385, 6.71186, 0
PixelHit 2106, 386, 2.1017, 0
PixelHit 2107, 378, 1.22398, 0
PixelHit 2107, 379, 10.8721, 0
PixelHit 2107, 380, 33.149, 0
PixelHit 2107, 381, 95.815, 0
PixelHit 2107, 382, 126.475, 0
PixelHit 2107, 383, 84.2094, 0
PixelHit 2107, 384, 40.0405, 0
PixelHit 2107, 385, 4.38539, 0
PixelHit 2108, 378, 1.10334, 0
PixelHit 2108, 379, 12.7164, 0
PixelHit 2108, 380, 48.2103, 0
PixelHit 2108, 381, 135.607, 0
PixelHit 2108, 382, 117.851, 0
PixelHit 2108, 383, 57.9776, 0
PixelHit 2108, 384, 23.0965, 0
PixelHit 2109, 379, 11.1704, 0
PixelHit 2109, 380, 49.8468, 0
PixelHit 2109, 381, 111.32, 0
PixelHit 2109, 382, 94.288, 0
PixelHit 2109, 383, 44.1505, 0
PixelHit 2109, 384, 6.26311, 0
PixelHit 2109, 385, 2.68348, 0
PixelHit 2110, 379, 3.34462, 0
PixelHit 2110, 380, 30.3571, 0
PixelHit 2110, 381, 55.3545, 0
PixelHit 2110, 382, 41.6168, 0
PixelHit 2110, 383, 18.5038, 0
PixelHit 2111, 378, 3.0772, 0
PixelHit 2111, 379, 3.87973, 0
PixelHit 2111, 380, 11.1389, 0
PixelHit 2111, 381, 11.594, 0
PixelHit 2111, 382, 14.0436, 0
PixelHit 2111, 384, 2.37733, 0
PixelHit 2112, 378, 6.34055, 0
PixelHit 2112, 379, 10.7796, 0
PixelHit 2112, 380, 10.0252, 0
PixelHit 2112, 381, 9.02015, 0
PixelHit 2112, 382, 2.91994, 0
PixelHit 2113, 377, 1.20669, 0
PixelHit 2113, 378, 13.9407, 0
PixelHit 2113, 379, 15.1724, 0
PixelHit 2113, 380, 21.4101, 0
PixelHit 2113, 381, 6.53986, 0
PixelHit 2113, 382, 3.86822, 0
PixelHit 2114, 376, 1.69963, 0
PixelHit 2114, 377, 5.46785, 0
PixelHit 2114, 378, 19.8777, 0
PixelHit 2114, 379, 23.1928, 0
PixelHit 2114, 380, 27.9783, 0
PixelHit 2114, 381, 4.59213, 0
PixelHit 2114, 382, 2.19085, 0
PixelHit 2115, 377, 11.9516, 0
PixelHit 2115, 378, 16.301, 0
PixelHit 2115, 379, 32.7277, 0
PixelHit 2115, 380, 16.5657, 0
PixelHit 2115, 381, 10.1041, 0
PixelHit 2115, 382, 1.08708, 0
PixelHit 2116, 376, 4.15287, 0
PixelHit 2116, 377, 9.63212, 0
PixelHit 2116, 378, 20.3558, 0
PixelHit 2116, 379, 25.9318, 0
PixelHit 2116, 380, 13.7156, 0
PixelHit 2116, 381, 6.38648, 0
PixelHit 2117, 375, 2.59309, 0
PixelHit 2117, 376, 2.70115, 0
PixelHit 2117, 377, 10.1434, 0
PixelHit 2117, 378, 13.5092, 0
PixelHit 2117, 379, 16.0335, 0
PixelHit 2117, 380, 4.18981, 0
PixelHit 2118, 374, 2.2055, 0
PixelHit 2118, 376, 3.87787, 0
PixelHit 2118, 377, 4.19687, 0
PixelHit 2118, 378, 6.58957, 0
PixelHit 2118, 379, 5.02603, 0
PixelHit 2119, 375, 3.2828, 0
PixelHit 2119, 376, 3.49924, 0
PixelHit 2119, 377, 8.3258, 0
PixelHit 2119, 378, 14.7682, 0
PixelHit 2119, 379, 6.01478, 0
PixelHit 2120, 375, 3.89738, 0
PixelHit 2120, 376, 7.51312, 0
PixelHit 2120, 377, 4.47791, 0
PixelHit 2120, 378, 12.2329, 0
PixelHit 2120, 379, 5.49727, 0
PixelHit 2121, 377, 6.53386, 0
PixelHit 2121, 378, 3.53608, 0
PixelHit 2121, 379, 4.90629, 0
PixelHit 2122, 375, 0.127575, 0
PixelHit 2122, 377, 5.44608, 0
=== 93 ===
--- mydetector ---
PixelHit 1731, 1159, 5.80075, 0
PixelHit 1732, 1158, 39.886, 0
PixelHit 1732, 1159, 22.9112, 0
PixelHit 1733, 1157, 5.75255, 0
PixelHit 1733, 1158, 39.6628, 0
PixelHit 1733, 1159, 3.17891, 0
PixelHit 1734, 1157, 7.86339, 0
PixelHit 1734, 1158, 0.55361, 0
PixelHit 1735, 1154, 4.35552, 0
PixelHit 1735, 1155, 16.2928, 0
PixelHit 1735, 1156, 49.553, 0
PixelHit 1735, 1157, 6.54114, 0
PixelHit 1736, 1154, 2.19844, 0
PixelHit 1736, 1155, 59.2236, 0
PixelHit 1736, 1156, 37.7994, 0
PixelHit 1737, 1154, 14.0714, 0
PixelHit 1737, 1155, 38.4595, 0
PixelHit 1737, 1156, 7.4573, 0
PixelHit 1738, 1152, 5.14777, 0
PixelHit 1738, 1153, 17.7555, 0
PixelHit 1738, 1154, 9.21925, 0
PixelHit 1739, 1150, 1.70176, 0
PixelHit 1739, 1151, 3.30128, 0
PixelHit 1739, 1152, 31.5813, 0
PixelHit 1739, 1153, 54.2322, 0
PixelHit 1739, 1154, 10.2371, 0
PixelHit 1739, 1155, 2.12641, 0
PixelHit 1740, 1150, 4.34954, 0
PixelHit 1740, 1151, 33.0026, 0
PixelHit 1740, 1152, 34.3118, 0
PixelHit 1740, 1153, 14.4286, 0
PixelHit 1741, 1149, 3.58245, 0
PixelHit 1741, 1150, 24.8139, 0
PixelHit 1741, 1151, 84.0561, 0
PixelHit 1741, 1152, 46.5086, 0
PixelHit 1741, 1153, 4.25424, 0
PixelHit 1742, 1149, 9.53941, 0
PixelHit 1742, 1150, 62.8661, 0
PixelHit 1742, 1151, 57.4398, 0
PixelHit 1742, 1152, 10.1542, 0
PixelHit 1743, 1148, 3.80512, 0
PixelHit 1743, 1149, 7.09482, 0
PixelHit 1743, 1150, 27.6618, 0
PixelHit 1743, 1151, 6.80199, 0
PixelHit 1744, 1147, 3.3229, 0
PixelHit 1744, 1148, 9.91446, 0
PixelHit 1744, 1149, 5.14321, 0
PixelHit 1744, 1150, 1.80271, 0
PixelHit 1744, 1151, 1.87229, 0
PixelHit 1745, 1146, 5.79785, 0
PixelHit 1745, 1147, 24.2968, 0
PixelHit 1745, 1148, 13.4398, 0
PixelHit 1745, 1149, 12.1754, 0
PixelHit 1746, 1145, 6.80826, 0
PixelHit 1746, 1146, 28.9492, 0
PixelHit 1746, 1147, 39.9432, 0
PixelHit 1746, 1148, 19.9794, 0
PixelHit 1746, 1149, 2.09325, 0
PixelHit 1747, 1145, 3.24332, 0
PixelHit 1747, 1146, 23.9895, 0
PixelHit 1747, 1147, 26.152, 0
PixelHit 1747, 1148, 11.2809, 0
PixelHit 1748, 1144, 7.81584, 0
PixelHit 1748, 1145, 10.3978, 0
PixelHit 1748, 1146, 15.0298, 0
PixelHit 1748, 1147, 6.0524, 0
PixelHit 1748, 1148, 3.45597, 0
PixelHit 1749, 1142, 3.13689, 0
PixelHit 1749, 1143, 12.6577, 0
PixelHit 1749, 1144, 41.0801, 0
PixelHit 1749, 1145, 31.5784, 0
PixelHit 1749, 1146, 8.8905, 0
PixelHit 1749, 1147, 3.34094, 0
PixelHit 1750, 1142, 2.58346, 0
PixelHit 1750, 1143, 19.053, 0
PixelHit 1750, 1144, 57.8743, 0
PixelHit 1750, 1145, 31.6352, 0
PixelHit 1750, 1146, 2.84332, 0
PixelHit 1751, 1141, 6.24789, 0
PixelHit 1751, 1142, 3.49208, 0
PixelHit 1751, 1143, 30.9452, 0
PixelHit 1751, 1144, 30.2185, 0
PixelHit 1751, 1145, 11.5849, 0
PixelHit 1751, 1146, 1.54514, 0
PixelHit 1752, 1141, 14.4698, 0
PixelHit 1752, 1142, 19.9998, 0
PixelHit 1752, 1143, 13.8194, 0
PixelHit 1752, 1144, 5.39593, 0
PixelHit 1753, 1139, 2.92693, 0
PixelHit 1753, 1140, 7.28004, 0
PixelHit 1753, 1141, 38.4068, 0
PixelHit 1753, 1142, 29.6341, 0
PixelHit 1753, 1143, 11.6305, 0
PixelHit 1754, 1139, 5.68862, 0
PixelHit 1754, 1140, 16.545, 0
PixelHit 1754, 1141, 24.8293, 0
PixelHit 1754, 1142, 28.6177, 0
PixelHit 1754, 1143, 17.7147, 0
PixelHit 1755, 1137, 3.1171, 0
PixelHit 1755, 1138, 6.31136, 0
PixelHit 1755, 1139, 8.39173, 0
PixelHit 1755, 1140, 23.912, 0
PixelHit 1755, 1141, 12.0606, 0
PixelHit 1755, 1142, 6.22117, 0
PixelHit 1755, 1143, 3.9039, 0
PixelHit 1756, 1137, 7.93142, 0
PixelHit 1756, 1138, 20.6383, 0
PixelHit 1756, 1139, 43.4963, 0
PixelHit 1756, 1140, 38.8244, 0
PixelHit 1756, 1141, 4.74029, 0
PixelHit 1756, 1142, 3.46822, 0
PixelHit 1757, 1137, 14.2422, 0
PixelHit 1757, 1138, 51.3932, 0
PixelHit 1757, 1139, 65.1792, 0
PixelHit 1757, 1140, 27.6703, 0
PixelHit 1757, 1141, 3.66786, 0
PixelHit 1758, 1136, 5.06566, 0
PixelHit 1758, 1137, 19.5952, 0
PixelHit 1758, 1138, 53.494, 0
PixelHit 1758, 1139, 39.7317, 0
PixelHit 1758, 1140, 11.383, 0
PixelHit 1759, 1135, 0.638512, 0
PixelHit 1759, 1136, 21.0232, 0
PixelHit 1759, 1137, 20.4671, 0
PixelHit 1759, 1138, 18.4919, 0
PixelHit 1759, 1139, 8.4459, 0
PixelHit 1759, 1140, 4.55251, 0
PixelHit 1760, 1135, 9.83458, 0
PixelHit 1760, 1136, 19.9243, 0
PixelHit 1760, 1137, 16.8317, 0
PixelHit 1760, 1138, 5.15133, 0
PixelHit 1761, 1134, 5.23314, 0
PixelHit 1761, 1135, 23.0685, 0
PixelHit 1761, 1136, 11.92, 0
PixelHit 1761, 1137, 9.47855, 0
PixelHit 1761, 1139, 1.33102, 0
PixelHit 1762, 1133, 10.1719, 0
PixelHit 1762, 1134, 19.2353, 0
PixelHit 1762, 1135, 19.3334, 0
PixelHit 1762, 1136, 15.1374, 0
PixelHit 1762, 1137, 2.62193, 0
PixelHit 1762, 1139, 3.06551, 0
PixelHit 1763, 1132, 3.90855, 0
PixelHit 1763, 1133, 9.26554, 0
PixelHit 1763, 1134, 21.368, 0
PixelHit 1763, 1135, 15.7644, 0
PixelHit 1763, 1136, 8.19604, 0
PixelHit 1764, 1131, 6.19766, 0
PixelHit 1764, 1132, 11.4289, 0
PixelHit 1764, 1133, 32.7172, 0
PixelHit 1764, 1134, 28.4601, 0
PixelHit 1764, 1135, 7.54424, 0
PixelHit 1765, 1130, 1.99106, 0
PixelHit 1765, 1131, 12.9489, 0
PixelHit 1765, 1132, 15.4467, 0
PixelHit 1765, 1133, 16.6999, 0
PixelHit 1765, 1134, 12.2702, 0
PixelHit 1765, 1135, 0.944544, 0
PixelHit 1765, 1136, -0.128175, 0
PixelHit 1766, 1129, 2.41788, 0
PixelHit 1766, 1130, 4.80772, 0
PixelHit 1766, 1131, 23.4391, 0
PixelHit 1766, 1132, 17.5272, 0
PixelHit 1766, 1133, 18.7193, 0
PixelHit 1766, 1134, 5.81947, 0
PixelHit 1767, 1129, 7.46037, 0
PixelHit 1767, 1130, 12.4995, 0
PixelHit 1767, 1131, 22.8522, 0
PixelHit 1767, 1132, 20.2234, 0
PixelHit 1767, 1133, 7.01408, 0
PixelHit 1767, 1134, 1.25613, 0
PixelHit 1768, 1127, 2.6566, 0
PixelHit 1768, 1128, 5.13109, 0
PixelHit 1768, 1129, 10.0464, 0
PixelHit 1768, 1130, 15.5402, 0
PixelHit 1768, 1131, 20.0722, 0
PixelHit 1768, 1132, 9.26107, 0
PixelHit 1768, 1133, 4.36694, 0
PixelHit 1769, 1127, 8.82425, 0
PixelHit 1769, 1128, 13.8204, 0
PixelHit 1769, 1129, 20.2074, 0
PixelHit 1769, 1130, 15.9106, 0
PixelHit 1769, 1131, 8.1971, 0
PixelHit 1769, 1132, 3.59691, 0
PixelHit 1769, 1133, 2.4979, 0
PixelHit 1770, 1127, 14.7469, 0
PixelHit 1770, 1128, 27.0568, 0
PixelHit 1770, 1129, 32.4862, 0
PixelHit 1770, 1130, 21.9667, 0
PixelHit 1770, 1131, 5.62979, 0
PixelHit 1771, 1125, 2.47595, 0
PixelHit 1771, 1126, 6.93177, 0
PixelHit 1771, 1127, 25.7107, 0
PixelHit 1771, 1128, 33.7279, 0
PixelHit 1771, 1129, 30.3491, 0
PixelHit 1771, 1130, 7.88276, 0
PixelHit 1771, 1131, 6.5565, 0
PixelHit 1772, 1125, 2.06107, 0
PixelHit 1772, 1126, 7.23803, 0
PixelHit 1772, 1127, 24.1247, 0
PixelHit 1772, 1128, 34.9804, 0
PixelHit 1772, 1129, 27.242, 0
PixelHit 1772, 1130, 10.203, 0
PixelHit 1772, 1131, 2.70732, 0
PixelHit 1773, 1124, 0.45354, 0
PixelHit 1773, 1125, 2.42068, 0
PixelHit 1773, 1126, 17.5416, 0
PixelHit 1773, 1127, 16.2925, 0
PixelHit 1773, 1128, 19.5298, 0
PixelHit 1773, 1129, 8.64387, 0
PixelHit 1773, 1130, 2.84858, 0
PixelHit 1774, 1125, 1.77829, 0
PixelHit 1774, 1126, 5.94071, 0
PixelHit 1774, 1127, 11.6344, 0
PixelHit 1774, 1129, 4.12821, 0
PixelHit 1775, 1123, 1.13113, 0
PixelHit 1775, 1124, 1.65083, 0
PixelHit 1775, 1125, 3.91797, 0
PixelHit 1775, 1126, 6.43804, 0
PixelHit 1775, 1128, 0.596106, 0
PixelHit 1775, 1130, 1.43025, 0
PixelHit 1776, 1123, 3.49726, 0
PixelHit 1776, 1124, 3.61771, 0
PixelHit 1776, 1125, 4.22573, 0
PixelHit 1776, 1127, 3.93071, 0
PixelHit 1777, 1119, 0.668797, 0
PixelHit 1777, 1120, 1.86623, 0
PixelHit 1777, 1123, 2.25331, 0
PixelHit 1777, 1124, 4.96839, 0
PixelHit 1777, 1125, 6.05105, 0
PixelHit 1777, 1126, 2.29222, 0
PixelHit 1778, 1121, 4.65132, 0
PixelHit 1778, 1122, 16.3224, 0
PixelHit 1778, 1123, 15.6191, 0
PixelHit 1778, 1124, 7.91793, 0
PixelHit 1778, 1125, 3.20316, 0
PixelHit 1779, 1119, 2.0837, 0
PixelHit 1779, 1120, 8.78719, 0
PixelHit 1779, 1121, 9.82784, 0
PixelHit 1779, 1122, 14.5928, 0
PixelHit 1779, 1123, 11.4689, 0
PixelHit 1779, 1124, 8.06558, 0
PixelHit 1779, 1125, 4.47667, 0
PixelHit 1780, 1119, 1.59665, 0
PixelHit 1780, 1120, 2.92963, 0
PixelHit 1780, 1121, 13.3041, 0
PixelHit 1780, 1122, 10.9211, 0
PixelHit 1780, 1123, 9.76201, 0
PixelHit 1780, 1124, 3.54681, 0
PixelHit 1781, 1117, 1.25752, 0
PixelHit 1781, 1118, 2.91161, 0
PixelHit 1781, 1119, 5.60295, 0
PixelHit 1781, 1120, 7.47662, 0
PixelHit 1781, 1121, 12.5742, 0
PixelHit 1781, 1122, 3.28315, 0
PixelHit 1781, 1123, 2.10698, 0
PixelHit 1781, 1124, 1.91983, 0
PixelHit 1782, 1118, 3.20209, 0
PixelHit 1782, 1119, 7.2006, 0
PixelHit 1782, 1120, 6.55796, 0
PixelHit 1782, 1121, 7.1511, 0
PixelHit 1782, 1122, 3.8163, 0
PixelHit 1782, 1123, -0.15049, 0
PixelHit 1782, 1124, 1.34136, 0
PixelHit 1783, 1118, 4.07344, 0
PixelHit 1783, 1119, 10.1289, 0
PixelHit 1783, 1120, 5.17198, 0
PixelHit 1783, 1121, 2.13549, 0
PixelHit 1783, 1122, 0.853916, 0
PixelHit 1783, 1123, 2.88522, 0
PixelHit 1784, 1118, 5.54134, 0
PixelHit 1784, 1119, 4.60274, 0
PixelHit 1784, 1120, 5.7112, 0
PixelHit 1784, 1122, 0.739326, 0
PixelHit 1784, 1123, 1.1932, 0
PixelHit 1785, 1118, 7.40751, 0
=== 94 ===
=== 95 ===
=== 96 ===
=== 97 ===
=== 98 ===
=== 99 ===
=== 100 ===
# 1277 objects from 5 messages
