# Allpix Squared ASCII data - https://cern.ch/allpix-squared

=== 1 ===
=== 2 ===
=== 3 ===
=== 4 ===
=== 5 ===
=== 6 ===
=== 7 ===
=== 8 ===
=== 9 ===
--- mydetector ---
PixelHit 1935, 495, 1.13337, 0
PixelHit 1936, 492, 0.897167, 0
PixelHit 1936, 493, 10.0931, 0
PixelHit 1936, 494, 11.761, 0
PixelHit 1936, 495, 12.196, 0
PixelHit 1936, 496, 5.758, 0
PixelHit 1937, 490, 1.12695, 0
PixelHit 1937, 492, 10.104, 0
PixelHit 1937, 493, 34.975, 0
PixelHit 1937, 494, 73.0319, 0
PixelHit 1937, 495, 45.3112, 0
PixelHit 1937, 496, 20.0078, 0
PixelHit 1937, 501, 2.46879, 0
PixelHit 1937, 505, 2.56925, 0
PixelHit 1938, 492, 13.1807, 0
PixelHit 1938, 493, 62.155, 0
PixelHit 1938, 494, 104.625, 0
PixelHit 1938, 495, 104.733, 0
PixelHit 1938, 496, 31.9553, 0
PixelHit 1938, 497, 6.69978, 0
PixelHit 1938, 499, 1.44355, 0
PixelHit 1938, 500, 4.07255, 0
PixelHit 1938, 501, 12.018, 0
PixelHit 1938, 502, 10.5847, 0
PixelHit 1938, 503, 4.66734, 0
PixelHit 1938, 504, 5.42295, 0
PixelHit 1938, 507, -0.141969, 0
PixelHit 1939, 492, 7.05714, 0
PixelHit 1939, 493, 48.1569, 0
PixelHit 1939, 494, 80.8944, 0
PixelHit 1939, 495, 88.6474, 0
PixelHit 1939, 496, 29.1912, 0
PixelHit 1939, 497, 7.07226, 0
PixelHit 1939, 499, 8.81455, 0
PixelHit 1939, 500, 12.3011, 0
PixelHit 1939, 501, 26.4941, 0
PixelHit 1939, 502, 18.7895, 0
PixelHit 1939, 503, 13.5088, 0
PixelHit 1939, 504, 9.18211, 0
PixelHit 1939, 506, 1.61289, 0
PixelHit 1940, 491, 3.16475, 0
PixelHit 1940, 492, 3.98151, 0
PixelHit 1940, 493, 26.119, 0
PixelHit 1940, 494, 32.3947, 0
PixelHit 1940, 495, 41.1659, 0
PixelHit 1940, 496, 8.54956, 0
PixelHit 1940, 497, 6.76276, 0
PixelHit 1940, 498, 3.67387, 0
PixelHit 1940, 499, 8.52982, 0
PixelHit 1940, 500, 23.384, 0
PixelHit 1940, 501, 28.1078, 0
PixelHit 1940, 502, 44.4832, 0
PixelHit 1940, 503, 13.9947, 0
PixelHit 1940, 504, 4.73316, 0
PixelHit 1940, 505, 3.23262, 0
PixelHit 1941, 491, 3.23627, 0
PixelHit 1941, 492, 2.70172, 0
PixelHit 1941, 493, 3.86681, 0
PixelHit 1941, 494, 11.3969, 0
PixelHit 1941, 495, 10.4982, 0
PixelHit 1941, 496, 6.64001, 0
PixelHit 1941, 497, 4.58055, 0
PixelHit 1941, 498, 5.62154, 0
PixelHit 1941, 499, 14.1355, 0
PixelHit 1941, 500, 19.6795, 0
PixelHit 1941, 501, 21.1256, 0
PixelHit 1941, 502, 18.4812, 0
PixelHit 1941, 503, 9.78956, 0
PixelHit 1941, 504, 3.37704, 0
PixelHit 1941, 505, 3.86786, 0
PixelHit 1942, 492, 5.11474, 0
PixelHit 1942, 493, 6.09591, 0
PixelHit 1942, 494, 12.2481, 0
PixelHit 1942, 495, 19.0794, 0
PixelHit 1942, 496, 13.3682, 0
PixelHit 1942, 497, 5.03923, 0
PixelHit 1942, 499, 5.06789, 0
PixelHit 1942, 500, 14.2345, 0
PixelHit 1942, 501, 9.89465, 0
PixelHit 1942, 502, 6.21303, 0
PixelHit 1942, 503, 2.20045, 0
PixelHit 1942, 504, 3.29, 0
PixelHit 1943, 491, 2.86906, 0
PixelHit 1943, 492, 15.6636, 0
PixelHit 1943, 493, 25.1566, 0
PixelHit 1943, 494, 38.106, 0
PixelHit 1943, 495, 34.5027, 0
PixelHit 1943, 496, 20.7893, 0
PixelHit 1943, 497, 11.7846, 0
PixelHit 1943, 498, 2.8733, 0
PixelHit 1943, 499, 4.67956, 0
PixelHit 1943, 500, 4.41333, 0
PixelHit 1943, 501, 1.45585, 0
PixelHit 1943, 502, 2.76827, 0
PixelHit 1944, 489, 0.269929, 0
PixelHit 1944, 490, 2.92514, 0
PixelHit 1944, 491, 8.14155, 0
PixelHit 1944, 492, 31.2446, 0
PixelHit 1944, 493, 37.1096, 0
PixelHit 1944, 494, 35.6518, 0
PixelHit 1944, 495, 25.3935, 0
PixelHit 1944, 496, 12.2101, 0
PixelHit 1944, 497, 1.18305, 0
PixelHit 1944, 498, 5.00009, 0
PixelHit 1944, 499, 1.02575, 0
PixelHit 1945, 487, 4.6834, 0
PixelHit 1945, 488, 1.71034, 0
PixelHit 1945, 489, 10.7122, 0
PixelHit 1945, 490, 14.1291, 0
PixelHit 1945, 491, 14.5659, 0
PixelHit 1945, 492, 27.7339, 0
PixelHit 1945, 493, 34.9878, 0
PixelHit 1945, 494, 28.4363, 0
PixelHit 1945, 495, 11.0807, 0
PixelHit 1945, 496, 3.42008, 0
PixelHit 1945, 499, 0.904145, 0
PixelHit 1946, 486, 1.7782, 0
PixelHit 1946, 487, 2.95546, 0
PixelHit 1946, 488, 17.7725, 0
PixelHit 1946, 489, 37.6502, 0
PixelHit 1946, 490, 36.353, 0
PixelHit 1946, 491, 18.7502, 0
PixelHit 1946, 492, 9.56696, 0
PixelHit 1946, 493, 3.15889, 0
PixelHit 1946, 494, 9.33195, 0
PixelHit 1946, 495, 3.11111, 0
PixelHit 1947, 486, 2.17539, 0
PixelHit 1947, 487, 19.2978, 0
PixelHit 1947, 488, 48.1131, 0
PixelHit 1947, 489, 58.4995, 0
PixelHit 1947, 490, 37.9573, 0
PixelHit 1947, 491, 10.597, 0
PixelHit 1947, 492, 4.85715, 0
PixelHit 1947, 493, 2.93523, 0
PixelHit 1947, 494, 0.910003, 0
PixelHit 1948, 486, 12.7794, 0
PixelHit 1948, 487, 47.041, 0
PixelHit 1948, 488, 45.3644, 0
PixelHit 1948, 489, 24.5438, 0
PixelHit 1948, 490, 16.5861, 0
PixelHit 1948, 491, 9.4389, 0
PixelHit 1948, 492, 2.17088, 0
PixelHit 1949, 484, 4.64893, 0
PixelHit 1949, 486, 15.5906, 0
PixelHit 1949, 487, 35.6732, 0
PixelHit 1949, 488, 20.9618, 0
PixelHit 1949, 489, 9.7309, 0
PixelHit 1949, 490, 5.17722, 0
PixelHit 1949, 492, 1.75872, 0
PixelHit 1950, 483, 11.5054, 0
PixelHit 1950, 484, 21.9823, 0
PixelHit 1950, 485, 16.569, 0
PixelHit 1950, 487, 4.90935, 0
PixelHit 1950, 488, 2.45572, 0
PixelHit 1951, 480, 8.77822, 0
PixelHit 1951, 481, 16.2897, 0
PixelHit 1951, 482, 28.7673, 0
PixelHit 1951, 483, 43.8869, 0
PixelHit 1951, 484, 30.4409, 0
PixelHit 1951, 485, 6.12382, 0
PixelHit 1951, 486, 1.60504, 0
PixelHit 1952, 478, 1.3601, 0
PixelHit 1952, 479, 21.1572, 0
PixelHit 1952, 480, 123.1, 0
PixelHit 1952, 481, 80.661, 0
PixelHit 1952, 482, 40.8856, 0
PixelHit 1952, 483, 26.9268, 0
PixelHit 1952, 484, 13.5215, 0
PixelHit 1952, 485, 3.74839, 0
PixelHit 1953, 478, 8.80262, 0
PixelHit 1953, 479, 22.6475, 0
PixelHit 1953, 480, 67.4856, 0
PixelHit 1953, 481, 45.9225, 0
PixelHit 1953, 482, 5.09591, 0
PixelHit 1953, 483, 6.45832, 0
PixelHit 1953, 484, 3.0658, 0
PixelHit 1954, 475, 8.85894, 0
PixelHit 1954, 476, 5.0255, 0
PixelHit 1954, 478, 7.66363, 0
PixelHit 1954, 480, 2.90215, 0
PixelHit 1954, 481, 2.10823, 0
PixelHit 1954, 482, 1.64259, 0
PixelHit 1955, 474, 50.0803, 0
PixelHit 1955, 475, 56.5234, 0
PixelHit 1955, 476, 5.7214, 0
PixelHit 1956, 474, 4.18248, 0
PixelHit 1956, 475, 0.742771, 0
PixelHit 2024, 419, 1.28196, 0
PixelHit 2025, 418, 5.95961, 0
PixelHit 2025, 419, 49.459, 0
PixelHit 2026, 417, 1.27844, 0
PixelHit 2026, 418, 37.6125, 0
PixelHit 2026, 419, 3.15398, 0
PixelHit 2027, 417, 6.06368, 0
PixelHit 2027, 418, 15.0396, 0
PixelHit 2028, 417, 16.8483, 0
PixelHit 2029, 416, 20.7956, 0
PixelHit 2029, 417, 48.2929, 0
PixelHit 2030, 416, 66.6167, 0
PixelHit 2030, 417, 42.825, 0
PixelHit 2031, 415, 15.0065, 0
PixelHit 2031, 416, 104.222, 0
PixelHit 2031, 417, 7.8265, 0
PixelHit 2032, 415, 32.0998, 0
PixelHit 2032, 416, 53.5133, 0
PixelHit 2032, 417, 4.77781, 0
PixelHit 2033, 415, 28.6816, 0
PixelHit 2033, 416, 4.99956, 0
PixelHit 2034, 414, 12.948, 0
PixelHit 2034, 415, 24.4554, 0
PixelHit 2035, 413, 4.34145, 0
PixelHit 2035, 414, 18.0646, 0
PixelHit 2035, 415, 6.57635, 0
PixelHit 2036, 413, 10.7607, 0
PixelHit 2036, 414, 23.0404, 0
PixelHit 2036, 415, 3.55489, 0
PixelHit 2037, 412, 1.47069, 0
PixelHit 2037, 413, 28.8209, 0
PixelHit 2037, 414, 3.1159, 0
PixelHit 2038, 412, 32.1247, 0
PixelHit 2038, 413, 104.288, 0
PixelHit 2038, 414, 12.3394, 0
PixelHit 2039, 411, 4.10602, 0
PixelHit 2039, 412, 30.7326, 0
PixelHit 2039, 413, 25.0192, 0
PixelHit 2039, 414, 1.94637, 0
PixelHit 2040, 410, 1.27483, 0
PixelHit 2040, 411, 5.39816, 0
PixelHit 2040, 412, 40.8946, 0
PixelHit 2040, 413, 10.0542, 0
PixelHit 2041, 410, 1.03065, 0
PixelHit 2041, 411, 5.93604, 0
PixelHit 2041, 412, 12.1909, 0
PixelHit 2042, 410, 5.78692, 0
PixelHit 2042, 411, 11.9536, 0
PixelHit 2042, 412, 4.93165, 0
PixelHit 2043, 410, 2.62184, 0
PixelHit 2043, 411, 10.8889, 0
PixelHit 2043, 412, 5.16362, 0
PixelHit 2044, 409, 3.00266, 0
PixelHit 2044, 410, 1.54569, 0
PixelHit 2044, 412, -0.680713, 0
PixelHit 2045, 408, 2.07866, 0
PixelHit 2045, 409, 10.8883, 0
PixelHit 2045, 410, 14.532, 0
PixelHit 2046, 409, 26.3982, 0
PixelHit 2046, 410, 16.449, 0
PixelHit 2047, 407, 4.04176, 0
PixelHit 2047, 408, 21.9457, 0
PixelHit 2047, 409, 25.0962, 0
PixelHit 2047, 410, 1.96523, 0
PixelHit 2048, 407, 12.3094, 0
PixelHit 2048, 408, 64.7275, 0
PixelHit 2048, 409, 41.8611, 0
PixelHit 2048, 410, 3.03612, 0
PixelHit 2049, 407, 32.7232, 0
PixelHit 2049, 408, 89.7026, 0
PixelHit 2049, 409, 36.5401, 0
PixelHit 2049, 410, 2.5707, 0
PixelHit 2050, 406, 10.5706, 0
PixelHit 2050, 407, 40.5666, 0
PixelHit 2050, 408, 57.2185, 0
PixelHit 2050, 409, 8.54839, 0
PixelHit 2051, 406, 7.20227, 0
PixelHit 2051, 407, 19.4551, 0
PixelHit 2051, 408, 12.8438, 0
PixelHit 2051, 409, 1.09698, 0
PixelHit 2052, 405, 4.33638, 0
PixelHit 2052, 406, 12.7927, 0
PixelHit 2052, 407, 30.4508, 0
PixelHit 2052, 408, 9.16207, 0
PixelHit 2052, 409, 1.2471, 0
PixelHit 2053, 405, 2.5102, 0
PixelHit 2053, 406, 10.7572, 0
PixelHit 2053, 407, 7.42722, 0
PixelHit 2053, 408, 3.273, 0
PixelHit 2054, 405, 8.28744, 0
PixelHit 2054, 406, 11.6347, 0
PixelHit 2054, 407, 0.636307, 0
PixelHit 2055, 404, 3.81916, 0
PixelHit 2055, 405, 19.6491, 0
PixelHit 2055, 406, 21.6382, 0
PixelHit 2055, 407, 1.61042, 0
PixelHit 2056, 403, 0.998611, 0
PixelHit 2056, 404, 8.09643, 0
PixelHit 2056, 405, 27.5409, 0
PixelHit 2056, 406, 12.7554, 0
PixelHit 2056, 407, 4.71259, 0
PixelHit 2057, 403, 4.29338, 0
PixelHit 2057, 404, 8.55163, 0
PixelHit 2057, 405, 13.6998, 0
PixelHit 2057, 406, 5.61289, 0
PixelHit 2058, 402, 2.83648, 0
PixelHit 2058, 403, 2.03854, 0
PixelHit 2058, 404, 15.8413, 0
PixelHit 2058, 405, 11.0696, 0
PixelHit 2058, 406, 3.0268, 0
PixelHit 2059, 403, 5.46433, 0
PixelHit 2059, 404, 14.2578, 0
PixelHit 2059, 405, 6.08855, 0
PixelHit 2060, 402, 3.3314, 0
PixelHit 2060, 403, 3.90461, 0
PixelHit 2060, 404, 4.21484, 0
PixelHit 2060, 405, 3.48614, 0
PixelHit 2061, 402, 5.0932, 0
PixelHit 2061, 403, 7.45371, 0
PixelHit 2061, 404, 5.30328, 0
PixelHit 2062, 402, 7.21934, 0
PixelHit 2062, 403, 6.56026, 0
PixelHit 2062, 404, 1.10682, 0
PixelHit 2063, 400, 6.88541, 0
PixelHit 2063, 401, 28.8067, 0
PixelHit 2063, 402, 25.2943, 0
PixelHit 2063, 403, 9.87901, 0
PixelHit 2063, 404, 1.66463, 0
PixelHit 2064, 399, 3.24995, 0
PixelHit 2064, 400, 50.441, 0
PixelHit 2064, 401, 168.681, 0
PixelHit 2064, 402, 145.482, 0
PixelHit 2064, 403, 35.4776, 0
PixelHit 2064, 404, 2.74415, 0
PixelHit 2065, 399, 8.57775, 0
PixelHit 2065, 400, 83.4931, 0
PixelHit 2065, 401, 228.327, 0
PixelHit 2065, 402, 175.575, 0
PixelHit 2065, 403, 41.8382, 0
PixelHit 2066, 399, 5.95243, 0
PixelHit 2066, 400, 20.6784, 0
PixelHit 2066, 401, 87.6092, 0
PixelHit 2066, 402, 77.5381, 0
PixelHit 2066, 403, 12.5092, 0
PixelHit 2066, 404, 0.501627, 0
PixelHit 2067, 398, 3.73966, 0
PixelHit 2067, 399, 15.3361, 0
PixelHit 2067, 400, 41.6365, 0
PixelHit 2067, 401, 33.661, 0
PixelHit 2067, 402, 11.0578, 0
PixelHit 2067, 403, 2.67898, 0
PixelHit 2068, 398, 10.3281, 0
PixelHit 2068, 399, 35.2796, 0
PixelHit 2068, 400, 44.4441, 0
PixelHit 2068, 401, 18.7955, 0
PixelHit 2068, 403, 1.11543, 0
PixelHit 2069, 397, 0.160116, 0
PixelHit 2069, 398, 8.09053, 0
PixelHit 2069, 399, 29.9244, 0
PixelHit 2069, 400, 46.6387, 0
PixelHit 2069, 401, 17.3079, 0
PixelHit 2069, 402, 4.84278, 0
PixelHit 2070, 398, 11.1722, 0
PixelHit 2070, 399, 24.9123, 0
PixelHit 2070, 400, 11.6453, 0
PixelHit 2070, 401, 4.29763, 0
PixelHit 2070, 402, 0.384793, 0
PixelHit 2071, 397, 8.73122, 0
PixelHit 2071, 398, 27.6101, 0
PixelHit 2071, 399, 17.2208, 0
PixelHit 2071, 400, 7.85251, 0
PixelHit 2072, 397, 13.9156, 0
PixelHit 2072, 398, 34.4698, 0
PixelHit 2072, 399, 25.9118, 0
PixelHit 2073, 396, 5.20574, 0
PixelHit 2073, 397, 29.0611, 0
PixelHit 2073, 398, 30.261, 0
PixelHit 2073, 399, 24.729, 0
PixelHit 2073, 400, 4.10419, 0
PixelHit 2074, 396, 8.01423, 0
PixelHit 2074, 397, 29.7346, 0
PixelHit 2074, 398, 45.5012, 0
PixelHit 2074, 399, 23.9355, 0
PixelHit 2074, 400, 2.54935, 0
PixelHit 2075, 395, 1.972, 0
PixelHit 2075, 396, 13.5097, 0
PixelHit 2075, 397, 19.8048, 0
PixelHit 2075, 398, 27.6605, 0
PixelHit 2075, 399, 7.65763, 0
PixelHit 2075, 400, 2.57301, 0
PixelHit 2076, 396, 8.42065, 0
PixelHit 2076, 397, 12.5015, 0
PixelHit 2076, 398, 11.8214, 0
PixelHit 2076, 399, 1.37366, 0
PixelHit 2077, 394, 1.94674, 0
PixelHit 2077, 395, 3.17035, 0
PixelHit 2077, 396, 5.38061, 0
PixelHit 2077, 397, 16.0794, 0
PixelHit 2077, 398, 10.2304, 0
PixelHit 2078, 393, 2.23053, 0
PixelHit 2078, 394, 4.71306, 0
PixelHit 2078, 395, 13.3857, 0
PixelHit 2078, 396, 15.4106, 0
PixelHit 2078, 397, 3.56532, 0
PixelHit 2078, 398, 3.3731, 0
PixelHit 2079, 394, 3.97412, 0
PixelHit 2079, 395, 16.7793, 0
PixelHit 2079, 396, 42.7792, 0
PixelHit 2079, 397, 13.7949, 0
PixelHit 2079, 398, 2.63105, 0
PixelHit 2080, 394, 11.5546, 0
PixelHit 2080, 395, 20.6079, 0
PixelHit 2080, 396, 23.0851, 0
PixelHit 2080, 397, 4.48967, 0
PixelHit 2081, 392, 2.55023, 0
PixelHit 2081, 393, 16.8326, 0
PixelHit 2081, 394, 30.3303, 0
PixelHit 2081, 395, 38.703, 0
PixelHit 2081, 396, 13.709, 0
PixelHit 2082, 392, 21.0415, 0
PixelHit 2082, 393, 62.9051, 0
PixelHit 2082, 394, 100.873, 0
PixelHit 2082, 395, 87.285, 0
PixelHit 2082, 396, 19.8805, 0
PixelHit 2082, 397, 2.32983, 0
PixelHit 2083, 390, 0.893909, 0
PixelHit 2083, 391, 2.74819, 0
PixelHit 2083, 392, 45.0872, 0
PixelHit 2083, 393, 160.138, 0
PixelHit 2083, 394, 220.092, 0
PixelHit 2083, 395, 142.646, 0
PixelHit 2083, 396, 33.7236, 0
PixelHit 2083, 397, 5.31674, 0
PixelHit 2084, 390, 0.595249, 0
PixelHit 2084, 391, 4.08845, 0
PixelHit 2084, 392, 29.7288, 0
PixelHit 2084, 393, 108.651, 0
PixelHit 2084, 394, 176.545, 0
PixelHit 2084, 395, 97.4705, 0
PixelHit 2084, 396, 21.008, 0
PixelHit 2084, 397, 3.88027, 0
PixelHit 2085, 392, 12.0489, 0
PixelHit 2085, 393, 48.2487, 0
PixelHit 2085, 394, 51.6118, 0
PixelHit 2085, 395, 25.1596, 0
PixelHit 2085, 396, 10.4736, 0
PixelHit 2086, 390, 0.128493, 0
PixelHit 2086, 391, 4.73798, 0
PixelHit 2086, 392, 9.75671, 0
PixelHit 2086, 393, 17.4225, 0
PixelHit 2086, 394, 5.46564, 0
PixelHit 2086, 395, 9.16762, 0
PixelHit 2086, 396, 1.09947, 0
PixelHit 2087, 390, 6.03211, 0
PixelHit 2087, 391, 6.88767, 0
PixelHit 2087, 392, 12.8981, 0
PixelHit 2087, 393, 17.7042, 0
PixelHit 2087, 394, 5.95673, 0
PixelHit 2087, 395, 1.98777, 0
PixelHit 2088, 390, 8.24892, 0
PixelHit 2088, 391, 21.608, 0
PixelHit 2088, 392, 21.0669, 0
PixelHit 2088, 393, 20.5603, 0
PixelHit 2088, 394, 5.44637, 0
PixelHit 2089, 390, 16.6829, 0
PixelHit 2089, 391, 33.2839, 0
PixelHit 2089, 392, 34.8656, 0
PixelHit 2089, 393, 17.2962, 0
PixelHit 2089, 394, 12.6675, 0
PixelHit 2089, 395, 0.744711, 0
PixelHit 2090, 389, 1.57166, 0
PixelHit 2090, 390, 13.4932, 0
PixelHit 2090, 391, 26.3422, 0
PixelHit 2090, 392, 32.3471, 0
PixelHit 2090, 393, 19.5496, 0
PixelHit 2090, 394, 4.65475, 0
PixelHit 2091, 389, 3.0523, 0
PixelHit 2091, 390, 15.1632, 0
PixelHit 2091, 391, 19.3046, 0
PixelHit 2091, 392, 19.8729, 0
PixelHit 2091, 393, 2.61422, 0
PixelHit 2091, 394, 2.85875, 0
PixelHit 2092, 388, 1.44477, 0
PixelHit 2092, 389, 3.36394, 0
PixelHit 2092, 390, 10.609, 0
PixelHit 2092, 391, 15.6466, 0
PixelHit 2092, 392, 14.3153, 0
PixelHit 2092, 393, 4.73139, 0
PixelHit 2093, 388, 0.709489, 0
PixelHit 2093, 389, 3.33779, 0
PixelHit 2093, 390, 11.8997, 0
PixelHit 2093, 391, 11.2283, 0
PixelHit 2093, 392, 3.67533, 0
PixelHit 2093, 393, 2.78559, 0
PixelHit 2094, 388, 2.53877, 0
PixelHit 2094, 389, 10.112, 0
PixelHit 2094, 390, 4.72202, 0
PixelHit 2094, 391, 7.61969, 0
PixelHit 2094, 392, 3.11111, 0
PixelHit 2095, 387, 3.37649, 0
PixelHit 2095, 388, 3.66358, 0
PixelHit 2095, 389, 8.35924, 0
PixelHit 2095, 390, 12.89, 0
PixelHit 2095, 391, 5.50828, 0
PixelHit 2095, 392, -0.370959, 0
PixelHit 2096, 388, 12.7924, 0
PixelHit 2096, 389, 29.828, 0
PixelHit 2096, 390, 11.1776, 0
PixelHit 2096, 391, 2.32486, 0
PixelHit 2097, 387, 13.0893, 0
PixelHit 2097, 388, 21.4223, 0
PixelHit 2097, 389, 29.008, 0
PixelHit 2097, 390, 13.9703, 0
PixelHit 2097, 391, 8.277, 0
PixelHit 2098, 387, 11.2163, 0
PixelHit 2098, 388, 24.6492, 0
PixelHit 2098, 389, 27.3212, 0
PixelHit 2098, 390, 8.50129, 0
PixelHit 2098, 391, 1.57101, 0
PixelHit 2099, 386, 5.97802, 0
PixelHit 2099, 387, 10.362, 0
PixelHit 2099, 388, 13.8246, 0
PixelHit 2099, 389, 18.3715, 0
PixelHit 2099, 390, 9.4869, 0
PixelHit 2099, 391, 2.88179, 0
PixelHit 2100, 385, 0.152016, 0
PixelHit 2100, 387, 14.4472, 0
PixelHit 2100, 388, 13.7511, 0
PixelHit 2100, 389, 6.93039, 0
PixelHit 2100, 390, 3.16169, 0
PixelHit 2101, 386, 13.5936, 0
PixelHit 2101, 387, 16.1912, 0
PixelHit 2101, 388, 12.8196, 0
PixelHit 2101, 389, 8.40735, 0
PixelHit 2102, 385, 8.01495, 0
PixelHit 2102, 386, 11.7901, 0
PixelHit 2102, 387, 20.4931, 0
PixelHit 2102, 388, 10.9, 0
PixelHit 2102, 389, 1.88936, 0
PixelHit 2102, 391, 1.09937, 0
PixelHit 2103, 384, 4.88549, 0
PixelHit 2103, 385, 5.0476, 0
PixelHit 2103, 386, 24.8492, 0
PixelHit 2103, 387, 16.6361, 0
PixelHit 2103, 388, 6.30671, 0
PixelHit 2103, 389, 2.16652, 0
PixelHit 2103, 390, -0.0677346, 0
PixelHit 2104, 384, 3.91259, 0
PixelHit 2104, 385, 8.99669, 0
PixelHit 2104, 386, 12.1869, 0
PixelHit 2104, 387, 14.3254, 0
PixelHit 2104, 388, 2.49311, 0
PixelHit 2104, 389, 6.55726, 0
PixelHit 2105, 383, 1.20579, 0
PixelHit 2105, 384, 1.51243, 0
PixelHit 2105, 385, 4.54126, 0
PixelHit 2105, 386, 14.3668, 0
PixelHit 2105, 387, 11.054, 0
PixelHit 2105, 388, 6.06134, 0
PixelHit 2106, 383, 1.37577, 0
PixelHit 2106, 384, 5.06821, 0
PixelHit 2106, 385, 12.8764, 0
PixelHit 2106, 386, 12.4411, 0
PixelHit 2106, 387, 6.27345, 0
PixelHit 2107, 383, 13.5391, 0
PixelHit 2107, 384, 8.50375, 0
PixelHit 2107, 385, 22.2637, 0
PixelHit 2107, 386, 16.2609, 0
PixelHit 2107, 387, 8.70414, 0
PixelHit 2108, 382, 2.44326, 0
PixelHit 2108, 383, 10.9166, 0
PixelHit 2108, 384, 21.3963, 0
PixelHit 2108, 385, 15.3302, 0
PixelHit 2108, 386, 14.2535, 0
PixelHit 2108, 387, 5.2718, 0
PixelHit 2109, 381, 0.358527, 0
PixelHit 2109, 382, 5.75897, 0
PixelHit 2109, 383, 8.48238, 0
PixelHit 2109, 384, 36.8041, 0
PixelHit 2109, 385, 41.3862, 0
PixelHit 2109, 386, 17.4882, 0
PixelHit 2109, 387, 8.59371, 0
PixelHit 2110, 382, 3.87003, 0
PixelHit 2110, 383, 19.1845, 0
PixelHit 2110, 384, 34.0506, 0
PixelHit 2110, 385, 19.6399, 0
PixelHit 2110, 386, 16.0054, 0
PixelHit 2110, 387, 5.76347, 0
PixelHit 2111, 381, 2.1745, 0
PixelHit 2111, 382, 6.89001, 0
PixelHit 2111, 383, 6.3774, 0
PixelHit 2111, 384, 33.8593, 0
PixelHit 2111, 385, 15.2369, 0
PixelHit 2111, 386, 8.88363, 0
PixelHit 2112, 383, 11.0551, 0
PixelHit 2112, 384, 9.72589, 0
PixelHit 2112, 385, 10.6634, 0
PixelHit 2112, 386, 3.43716, 0
PixelHit 2113, 382, 3.60162, 0
PixelHit 2113, 384, 6.39506, 0
PixelHit 2113, 385, 1.2809, 0
PixelHit 2113, 386, 3.70594, 0
PixelHit 2114, 381, 5.21198, 0
PixelHit 2114, 382, 7.18866, 0
PixelHit 2114, 383, 8.17409, 0
PixelHit 2114, 384, 7.39866, 0
PixelHit 2115, 380, 4.9423, 0
PixelHit 2115, 381, 7.06558, 0
PixelHit 2115, 382, 15.1483, 0
PixelHit 2115, 383, 9.42336, 0
PixelHit 2115, 384, 7.36284, 0
PixelHit 2116, 378, 2.70882, 0
PixelHit 2116, 380, 9.14766, 0
PixelHit 2116, 381, 12.3829, 0
PixelHit 2116, 382, 24.6094, 0
PixelHit 2116, 383, 25.1108, 0
PixelHit 2116, 384, 5.69026, 0
PixelHit 2117, 379, 2.46236, 0
PixelHit 2117, 380, 12.9115, 0
PixelHit 2117, 381, 14.4457, 0
PixelHit 2117, 382, 19.5941, 0
PixelHit 2117, 383, 7.02217, 0
PixelHit 2117, 384, 9.70704, 0
PixelHit 2118, 379, 7.92619, 0
PixelHit 2118, 380, 9.79665, 0
PixelHit 2118, 381, 20.5669, 0
PixelHit 2118, 382, 20.3475, 0
PixelHit 2118, 383, 15.2885, 0
PixelHit 2118, 384, 8.15386, 0
PixelHit 2119, 377, 2.28564, 0
PixelHit 2119, 379, 5.16542, 0
PixelHit 2119, 380, 3.83412, 0
PixelHit 2119, 381, 14.2027, 0
PixelHit 2119, 382, 13.5862, 0
PixelHit 2119, 383, 5.43247, 0
PixelHit 2119, 384, 2.45494, 0
PixelHit 2120, 379, 4.7058, 0
PixelHit 2120, 380, 6.6817, 0
PixelHit 2120, 381, 7.8609, 0
PixelHit 2120, 383, 1.03017, 0
PixelHit 2120, 384, 2.08987, 0
PixelHit 2121, 379, 2.4502, 0
PixelHit 2121, 380, 6.00195, 0
PixelHit 2121, 381, 6.50775, 0
PixelHit 2122, 379, 1.57544, 0
PixelHit 2122, 380, 1.9246, 0
PixelHit 2122, 382, 1.83083, 0
=== 10 ===
=== 11 ===
=== 12 ===
=== 13 ===
=== 14 ===
=== 15 ===
=== 16 ===
=== 17 ===
=== 18 ===
=== 19 ===
=== 20 ===
=== 21 ===
=== 22 ===
=== 23 ===
=== 24 ===
=== 25 ===
=== 26 ===
=== 27 ===
=== 28 ===
=== 29 ===
=== 30 ===
=== 31 ===
=== 32 ===
=== 33 ===
=== 34 ===
=== 35 ===
=== 36 ===
--- mydetector ---
PixelHit 2529, 772, 50.7007, 0
PixelHit 2530, 771, 4.19935, 0
PixelHit 2530, 772, 50.4772, 0
PixelHit 2531, 771, 3.72181, 0
PixelHit 2531, 772, 77.1041, 0
PixelHit 2531, 773, 13.301, 0
PixelHit 2532, 771, 11.5361, 0
PixelHit 2532, 772, 147.67, 0
PixelHit 2532, 773, 71.1125, 0
PixelHit 2533, 771, 5.58413, 0
PixelHit 2533, 772, 106.64, 0
PixelHit 2533, 773, 58.7066, 0
PixelHit 2534, 772, 1.78885, 0
PixelHit 2534, 773, 5.05392, 0
PixelHit 2535, 772, 9.54817, 0
PixelHit 2535, 773, 21.1513, 0
PixelHit 2535, 774, 3.63288, 0
PixelHit 2536, 771, 1.33111, 0
PixelHit 2536, 772, 4.49631, 0
PixelHit 2536, 773, 11.7984, 0
PixelHit 2536, 774, 3.33361, 0
PixelHit 2537, 773, 13.3439, 0
PixelHit 2537, 774, 10.7813, 0
PixelHit 2538, 772, 8.28799, 0
PixelHit 2538, 773, 49.8144, 0
PixelHit 2538, 774, 32.7548, 0
PixelHit 2538, 775, 4.70449, 0
PixelHit 2538, 776, 2.9255, 0
PixelHit 2539, 772, 11.8196, 0
PixelHit 2539, 773, 55.8493, 0
PixelHit 2539, 774, 19.7193, 0
PixelHit 2539, 775, 4.09674, 0
PixelHit 2540, 772, 13.8207, 0
PixelHit 2540, 773, 16.0909, 0
PixelHit 2540, 774, 14.5024, 0
PixelHit 2540, 775, 3.2482, 0
PixelHit 2541, 773, 29.4578, 0
PixelHit 2541, 774, 16.9866, 0
PixelHit 2541, 775, 8.44323, 0
PixelHit 2541, 776, 2.72834, 0
PixelHit 2542, 772, 8.06001, 0
PixelHit 2542, 773, 24.2198, 0
PixelHit 2542, 774, 30.604, 0
PixelHit 2542, 775, 18.2858, 0
PixelHit 2542, 776, 2.38559, 0
PixelHit 2543, 772, 10.4983, 0
PixelHit 2543, 773, 42.49, 0
PixelHit 2543, 774, 53.2184, 0
PixelHit 2543, 775, 27.1592, 0
PixelHit 2543, 776, 1.54087, 0
PixelHit 2544, 772, 6.44142, 0
PixelHit 2544, 773, 30.5932, 0
PixelHit 2544, 774, 61.6352, 0
PixelHit 2544, 775, 32.4734, 0
PixelHit 2544, 776, 4.93056, 0
PixelHit 2545, 772, 2.66874, 0
PixelHit 2545, 773, 33.7814, 0
PixelHit 2545, 774, 53.5166, 0
PixelHit 2545, 775, 33.5165, 0
PixelHit 2545, 776, 5.88459, 0
PixelHit 2546, 772, 3.0818, 0
PixelHit 2546, 773, 10.3859, 0
PixelHit 2546, 774, 32.3451, 0
PixelHit 2546, 775, 21.7649, 0
PixelHit 2546, 776, 3.79734, 0
PixelHit 2546, 777, 2.02512, 0
PixelHit 2547, 772, 3.51201, 0
PixelHit 2547, 773, 11.979, 0
PixelHit 2547, 774, 24.6371, 0
PixelHit 2547, 775, 24.1517, 0
PixelHit 2547, 776, 7.85156, 0
PixelHit 2548, 773, 13.6865, 0
PixelHit 2548, 774, 17.5932, 0
PixelHit 2548, 775, 29.773, 0
PixelHit 2548, 776, 13.9977, 0
PixelHit 2548, 777, 0.513352, 0
PixelHit 2549, 773, 13.3493, 0
PixelHit 2549, 774, 36.3636, 0
PixelHit 2549, 775, 41.3897, 0
PixelHit 2549, 776, 27.0666, 0
PixelHit 2549, 777, 4.82715, 0
PixelHit 2550, 773, 18.2651, 0
PixelHit 2550, 774, 49.55, 0
PixelHit 2550, 775, 55.4283, 0
PixelHit 2550, 776, 30.2461, 0
PixelHit 2550, 777, 12.3116, 0
PixelHit 2550, 778, 2.38875, 0
PixelHit 2551, 772, 2.8432, 0
PixelHit 2551, 773, 10.7704, 0
PixelHit 2551, 774, 20.4866, 0
PixelHit 2551, 775, 52.1702, 0
PixelHit 2551, 776, 20.4179, 0
PixelHit 2551, 777, 4.32574, 0
PixelHit 2551, 778, 2.50663, 0
PixelHit 2552, 773, 10.1413, 0
PixelHit 2552, 774, 27.1019, 0
PixelHit 2552, 775, 31.4363, 0
PixelHit 2552, 776, 27.4233, 0
PixelHit 2552, 777, 10.5829, 0
PixelHit 2552, 778, 1.8376, 0
PixelHit 2553, 773, 4.03277, 0
PixelHit 2553, 774, 33.4942, 0
PixelHit 2553, 775, 29.4344, 0
PixelHit 2553, 776, 19.5409, 0
PixelHit 2553, 777, 8.28389, 0
PixelHit 2554, 773, 5.61606, 0
PixelHit 2554, 774, 21.1488, 0
PixelHit 2554, 775, 15.0568, 0
PixelHit 2554, 776, 20.4517, 0
PixelHit 2554, 777, 10.9242, 0
PixelHit 2554, 779, 0.869958, 0
PixelHit 2555, 774, 5.56168, 0
PixelHit 2555, 775, 7.81917, 0
PixelHit 2555, 776, 7.92183, 0
PixelHit 2555, 777, 3.0749, 0
PixelHit 2555, 778, 2.63225, 0
PixelHit 2556, 774, 1.08721, 0
PixelHit 2556, 775, 2.55651, 0
PixelHit 2557, 773, -0.380781, 0
=== 37 ===
=== 38 ===
=== 39 ===
=== 40 ===
=== 41 ===
=== 42 ===
=== 43 ===
=== 44 ===
=== 45 ===
=== 46 ===
=== 47 ===
=== 48 ===
=== 49 ===
=== 50 ===
=== 51 ===
=== 52 ===
=== 53 ===
=== 54 ===
=== 55 ===
=== 56 ===
=== 57 ===
=== 58 ===
=== 59 ===
=== 60 ===
=== 61 ===
=== 62 ===
=== 63 ===
=== 64 ===
=== 65 ===
=== 66 ===
=== 67 ===
=== 68 ===
=== 69 ===
=== 70 ===
=== 71 ===
=== 72 ===
=== 73 ===
=== 74 ===
=== 75 ===
=== 76 ===
=== 77 ===
=== 78 ===
=== 79 ===
=== 80 ===
=== 81 ===
=== 82 ===
=== 83 ===
=== 84 ===
=== 85 ===
=== 86 ===
=== 87 ===
=== 88 ===
=== 89 ===
=== 90 ===
=== 91 ===
=== 92 ===
=== 93 ===
=== 94 ===
=== 95 ===
=== 96 ===
=== 97 ===
=== 98 ===
=== 99 ===
=== 100 ===
# 753 objects from 2 messages
