# Allpix Squared ASCII data - https://cern.ch/allpix-squared

=== 1 ===
=== 2 ===
=== 3 ===
=== 4 ===
=== 5 ===
=== 6 ===
=== 7 ===
=== 8 ===
=== 9 ===
=== 10 ===
=== 11 ===
=== 12 ===
=== 13 ===
=== 14 ===
=== 15 ===
=== 16 ===
=== 17 ===
=== 18 ===
=== 19 ===
=== 20 ===
=== 21 ===
=== 22 ===
=== 23 ===
--- mydetector ---
PixelHit 1463, 740, 1.41926, 0
PixelHit 1463, 741, 2.88709, 0
PixelHit 1463, 743, 0.838251, 0
PixelHit 1464, 738, 0.779001, 0
PixelHit 1464, 739, 2.56428, 0
PixelHit 1464, 740, 2.45971, 0
PixelHit 1464, 741, 5.18897, 0
PixelHit 1464, 742, 6.04862, 0
PixelHit 1464, 743, 6.27807, 0
PixelHit 1464, 744, 3.17168, 0
PixelHit 1464, 745, 3.57681, 0
PixelHit 1464, 747, 4.72037, 0
PixelHit 1464, 751, 4.75189, 0
PixelHit 1464, 752, 0.418067, 0
PixelHit 1465, 739, 2.40574, 0
PixelHit 1465, 740, 7.97259, 0
PixelHit 1465, 741, 22.6424, 0
PixelHit 1465, 742, 16.5388, 0
PixelHit 1465, 743, 17.0491, 0
PixelHit 1465, 744, 13.8655, 0
PixelHit 1465, 745, 11.7833, 0
PixelHit 1465, 746, 8.25873, 0
PixelHit 1465, 747, 4.49181, 0
PixelHit 1465, 748, 4.24724, 0
PixelHit 1465, 750, 0.251728, 0
PixelHit 1465, 753, 3.4762, 0
PixelHit 1465, 759, 1.95589, 0
PixelHit 1465, 760, 2.80158, 0
PixelHit 1465, 762, 2.4531, 0
PixelHit 1465, 763, 0.574304, 0
PixelHit 1466, 738, 1.18643, 0
PixelHit 1466, 739, 4.49554, 0
PixelHit 1466, 740, 6.8855, 0
PixelHit 1466, 741, 15.5015, 0
PixelHit 1466, 742, 34.1564, 0
PixelHit 1466, 743, 44.0498, 0
PixelHit 1466, 744, 33.3166, 0
PixelHit 1466, 745, 28.5705, 0
PixelHit 1466, 746, 17.7751, 0
PixelHit 1466, 747, 13.7417, 0
PixelHit 1466, 748, 16.2377, 0
PixelHit 1466, 749, 8.62294, 0
PixelHit 1466, 750, 9.78516, 0
PixelHit 1466, 751, 7.75675, 0
PixelHit 1466, 752, 18.3978, 0
PixelHit 1466, 753, 12.9053, 0
PixelHit 1466, 754, 3.98801, 0
PixelHit 1466, 755, 1.97636, 0
PixelHit 1466, 757, 7.86555, 0
PixelHit 1466, 758, 5.14823, 0
PixelHit 1466, 760, 12.3104, 0
PixelHit 1466, 761, 38.1867, 0
PixelHit 1466, 762, 28.7681, 0
PixelHit 1466, 763, 11.3386, 0
PixelHit 1466, 764, 2.82573, 0
PixelHit 1466, 765, 1.48186, 0
PixelHit 1466, 766, 1.59908, 0
PixelHit 1466, 768, 1.69586, 0
PixelHit 1466, 769, 1.40927, 0
PixelHit 1466, 770, 6.02385, 0
PixelHit 1466, 771, 0.976563, 0
PixelHit 1467, 740, 6.14034, 0
PixelHit 1467, 741, 14.6057, 0
PixelHit 1467, 742, 28.0729, 0
PixelHit 1467, 743, 30.5865, 0
PixelHit 1467, 744, 29.8014, 0
PixelHit 1467, 745, 25.5846, 0
PixelHit 1467, 746, 28.3238, 0
PixelHit 1467, 747, 15.9727, 0
PixelHit 1467, 748, 13.2089, 0
PixelHit 1467, 749, 16.3823, 0
PixelHit 1467, 750, 9.48804, 0
PixelHit 1467, 751, 14.6731, 0
PixelHit 1467, 752, 30.5508, 0
PixelHit 1467, 753, 11.2269, 0
PixelHit 1467, 754, 13.896, 0
PixelHit 1467, 755, 3.01248, 0
PixelHit 1467, 756, 4.91255, 0
PixelHit 1467, 758, 14.5148, 0
PixelHit 1467, 759, 9.17741, 0
PixelHit 1467, 760, 66.0847, 0
PixelHit 1467, 761, 137.876, 0
PixelHit 1467, 762, 109.616, 0
PixelHit 1467, 763, 37.1384, 0
PixelHit 1467, 764, 9.98016, 0
PixelHit 1467, 765, 21.6376, 0
PixelHit 1467, 766, 26.1826, 0
PixelHit 1467, 767, 22.8211, 0
PixelHit 1467, 768, 10.132, 0
PixelHit 1467, 769, 28.2186, 0
PixelHit 1467, 770, 59.3033, 0
PixelHit 1467, 771, 93.2937, 0
PixelHit 1467, 772, 31.9463, 0
PixelHit 1467, 773, 45.573, 0
PixelHit 1467, 774, 61.0583, 0
PixelHit 1467, 775, 4.83997, 0
PixelHit 1468, 740, 2.6262, 0
PixelHit 1468, 741, 2.87361, 0
PixelHit 1468, 742, 6.67309, 0
PixelHit 1468, 743, 3.68071, 0
PixelHit 1468, 744, 11.1986, 0
PixelHit 1468, 745, 8.34945, 0
PixelHit 1468, 746, 3.65576, 0
PixelHit 1468, 747, 8.27533, 0
PixelHit 1468, 748, 8.82711, 0
PixelHit 1468, 749, 5.74867, 0
PixelHit 1468, 750, 3.4135, 0
PixelHit 1468, 751, 17.1564, 0
PixelHit 1468, 752, 17.375, 0
PixelHit 1468, 753, 15.064, 0
PixelHit 1468, 754, 10.9119, 0
PixelHit 1468, 755, 5.08658, 0
PixelHit 1468, 757, 7.17336, 0
PixelHit 1468, 758, 9.82772, 0
PixelHit 1468, 759, 12.7096, 0
PixelHit 1468, 760, 45.8978, 0
PixelHit 1468, 761, 160.331, 0
PixelHit 1468, 762, 110.125, 0
PixelHit 1468, 763, 30.2091, 0
PixelHit 1468, 764, 18.3864, 0
PixelHit 1468, 765, 25.7106, 0
PixelHit 1468, 766, 32.0307, 0
PixelHit 1468, 767, 25.786, 0
PixelHit 1468, 768, 27.698, 0
PixelHit 1468, 769, 37.6016, 0
PixelHit 1468, 770, 97.1297, 0
PixelHit 1468, 771, 108.254, 0
PixelHit 1468, 772, 28.1987, 0
PixelHit 1468, 773, 47.3675, 0
PixelHit 1468, 774, 50.8066, 0
PixelHit 1469, 742, 0.164947, 0
PixelHit 1469, 743, 2.01361, 0
PixelHit 1469, 744, 5.82819, 0
PixelHit 1469, 747, 6.30232, 0
PixelHit 1469, 749, 2.177, 0
PixelHit 1469, 750, 6.9869, 0
PixelHit 1469, 751, 1.42552, 0
PixelHit 1469, 753, 7.64824, 0
PixelHit 1469, 754, 5.82419, 0
PixelHit 1469, 756, 2.66925, 0
PixelHit 1469, 757, 1.98315, 0
PixelHit 1469, 758, 3.20633, 0
PixelHit 1469, 759, 6.59084, 0
PixelHit 1469, 760, 22.507, 0
PixelHit 1469, 761, 36.1189, 0
PixelHit 1469, 762, 58.1474, 0
PixelHit 1469, 763, 11.9026, 0
PixelHit 1469, 765, 8.24908, 0
PixelHit 1469, 766, 9.16832, 0
PixelHit 1469, 767, 10.4303, 0
PixelHit 1469, 768, 4.22126, 0
PixelHit 1469, 769, 6.42156, 0
PixelHit 1469, 770, 11.2669, 0
PixelHit 1469, 771, 6.67941, 0
PixelHit 1469, 772, 8.02764, 0
PixelHit 1469, 773, 1.45698, 0
PixelHit 1470, 743, 1.52079, 0
PixelHit 1470, 745, 1.90248, 0
PixelHit 1470, 746, 1.58013, 0
PixelHit 1470, 749, 2.21216, 0
PixelHit 1470, 750, 2.75597, 0
PixelHit 1470, 752, 0.800359, 0
PixelHit 1470, 759, 1.51249, 0
PixelHit 1470, 761, 6.57527, 0
PixelHit 1470, 763, 2.11275, 0
PixelHit 1470, 765, 1.1538, 0
PixelHit 1471, 751, 2.16991, 0
PixelHit 1471, 761, 3.32635, 0
PixelHit 1482, 1389, 30.3746, 0
PixelHit 1482, 1390, 26.2064, 0
PixelHit 1482, 1391, 14.9395, 0
PixelHit 1483, 1390, 84.2066, 0
PixelHit 1483, 1391, 144.954, 0
PixelHit 1483, 1392, 165.522, 0
PixelHit 1483, 1393, 3.74628, 0
PixelHit 1484, 1390, 3.30849, 0
PixelHit 1484, 1391, 105.735, 0
PixelHit 1484, 1392, 471.114, 0
PixelHit 1484, 1393, 31.076, 0
PixelHit 1485, 1391, 0.769732, 0
PixelHit 1485, 1392, 12.0691, 0
PixelHit 1485, 1393, 84.2106, 0
PixelHit 1485, 1394, 82.2673, 0
PixelHit 1485, 1395, 1.23498, 0
PixelHit 1486, 1393, 67.246, 0
PixelHit 1486, 1394, 48.1086, 0
PixelHit 1486, 1395, 13.0521, 0
PixelHit 1486, 1396, 1.84258, 0
PixelHit 1487, 1394, 21.6586, 0
PixelHit 1487, 1395, 48.6614, 0
PixelHit 1487, 1396, 11.126, 0
PixelHit 1487, 1397, 4.45688, 0
PixelHit 1488, 1394, 3.18585, 0
PixelHit 1488, 1395, 12.114, 0
PixelHit 1488, 1396, 42.0096, 0
PixelHit 1488, 1397, 34.961, 0
PixelHit 1488, 1398, 2.91497, 0
PixelHit 1489, 1396, 25.4966, 0
PixelHit 1489, 1397, 63.7534, 0
PixelHit 1489, 1398, 26.443, 0
PixelHit 1490, 1396, 4.93137, 0
PixelHit 1490, 1397, 16.9136, 0
PixelHit 1490, 1398, 19.6192, 0
PixelHit 1490, 1399, 25.6679, 0
PixelHit 1490, 1400, 13.7416, 0
PixelHit 1490, 1401, 3.13138, 0
PixelHit 1491, 1397, 1.62061, 0
PixelHit 1491, 1398, 8.21065, 0
PixelHit 1491, 1399, 42.2238, 0
PixelHit 1491, 1400, 64.9026, 0
PixelHit 1491, 1401, 38.5632, 0
PixelHit 1491, 1402, 8.96779, 0
PixelHit 1491, 1403, 0.629565, 0
PixelHit 1491, 1404, 1.78889, 0
PixelHit 1492, 1397, 0.753769, 0
PixelHit 1492, 1398, 3.67333, 0
PixelHit 1492, 1399, 4.695, 0
PixelHit 1492, 1400, 56.1733, 0
PixelHit 1492, 1401, 80.5136, 0
PixelHit 1492, 1402, 54.3165, 0
PixelHit 1492, 1403, 8.97923, 0
PixelHit 1492, 1404, 3.3792, 0
PixelHit 1492, 1405, 0.911942, 0
PixelHit 1493, 1400, 25.5164, 0
PixelHit 1493, 1401, 53.5327, 0
PixelHit 1493, 1402, 55.3764, 0
PixelHit 1493, 1403, 38.1277, 0
PixelHit 1493, 1404, 21.3637, 0
PixelHit 1493, 1405, 4.01318, 0
PixelHit 1493, 1406, 1.58166, 0
PixelHit 1494, 1401, 13.1508, 0
PixelHit 1494, 1402, 41.5523, 0
PixelHit 1494, 1403, 68.2486, 0
PixelHit 1494, 1404, 66.7373, 0
PixelHit 1494, 1405, 23.2234, 0
PixelHit 1494, 1406, 3.28974, 0
PixelHit 1495, 1401, 3.68211, 0
PixelHit 1495, 1402, 7.31159, 0
PixelHit 1495, 1403, 33.7997, 0
PixelHit 1495, 1404, 62.8011, 0
PixelHit 1495, 1405, 44.7475, 0
PixelHit 1495, 1406, 17.1811, 0
PixelHit 1495, 1407, 3.93558, 0
PixelHit 1495, 1408, 1.05447, 0
PixelHit 1496, 1403, 5.52899, 0
PixelHit 1496, 1404, 25.6702, 0
PixelHit 1496, 1405, 34.7737, 0
PixelHit 1496, 1406, 35.2645, 0
PixelHit 1496, 1407, 22.4359, 0
PixelHit 1496, 1409, 1.34796, 0
PixelHit 1497, 1404, 3.83295, 0
PixelHit 1497, 1405, 22.6242, 0
PixelHit 1497, 1406, 50.5826, 0
PixelHit 1497, 1407, 32.8692, 0
PixelHit 1497, 1408, 9.90816, 0
PixelHit 1498, 1405, 4.9863, 0
PixelHit 1498, 1406, 25.7629, 0
PixelHit 1498, 1407, 37.909, 0
PixelHit 1498, 1408, 33.8798, 0
PixelHit 1498, 1409, 9.16988, 0
PixelHit 1498, 1410, 3.42023, 0
PixelHit 1499, 1406, 9.70328, 0
PixelHit 1499, 1407, 30.0715, 0
PixelHit 1499, 1408, 44.2342, 0
PixelHit 1499, 1409, 30.016, 0
PixelHit 1499, 1410, 6.47855, 0
PixelHit 1499, 1411, 1.39198, 0
PixelHit 1500, 1406, 2.75485, 0
PixelHit 1500, 1407, 17.8344, 0
PixelHit 1500, 1408, 58.0162, 0
PixelHit 1500, 1409, 62.162, 0
PixelHit 1500, 1410, 25.3243, 0
PixelHit 1500, 1411, 7.93821, 0
PixelHit 1501, 1407, 10.5719, 0
PixelHit 1501, 1408, 33.6875, 0
PixelHit 1501, 1409, 55.8308, 0
PixelHit 1501, 1410, 33.8574, 0
PixelHit 1501, 1411, 10.2763, 0
PixelHit 1501, 1412, 2.53063, 0
PixelHit 1501, 1413, 1.57772, 0
PixelHit 1502, 1408, 12.8517, 0
PixelHit 1502, 1409, 44.2838, 0
PixelHit 1502, 1410, 34.3739, 0
PixelHit 1502, 1411, 17.8979, 0
PixelHit 1502, 1412, 4.81484, 0
PixelHit 1503, 1408, 2.9286, 0
PixelHit 1503, 1409, 13.0338, 0
PixelHit 1503, 1410, 41.0579, 0
PixelHit 1503, 1411, 30.6687, 0
PixelHit 1503, 1412, 7.76788, 0
PixelHit 1504, 1408, 4.22873, 0
PixelHit 1504, 1409, 15.5638, 0
PixelHit 1504, 1410, 30.4782, 0
PixelHit 1504, 1411, 55.1268, 0
PixelHit 1504, 1412, 36.2006, 0
PixelHit 1504, 1413, 5.34066, 0
PixelHit 1504, 1414, 1.59737, 0
PixelHit 1505, 1408, 2.81262, 0
PixelHit 1505, 1409, 19.2025, 0
PixelHit 1505, 1410, 41.6705, 0
PixelHit 1505, 1411, 76.0734, 0
PixelHit 1505, 1412, 48.3996, 0
PixelHit 1505, 1413, 13.9987, 0
PixelHit 1506, 1409, 13.8496, 0
PixelHit 1506, 1410, 38.9168, 0
PixelHit 1506, 1411, 81.1231, 0
PixelHit 1506, 1412, 58.4423, 0
PixelHit 1506, 1413, 30.0732, 0
PixelHit 1506, 1414, 7.12297, 0
PixelHit 1507, 1409, 4.66693, 0
PixelHit 1507, 1410, 22.2873, 0
PixelHit 1507, 1411, 46.1811, 0
PixelHit 1507, 1412, 63.4534, 0
PixelHit 1507, 1413, 31.5432, 0
PixelHit 1507, 1414, 13.7437, 0
PixelHit 1508, 1409, 2.58496, 0
PixelHit 1508, 1410, 14.6957, 0
PixelHit 1508, 1411, 46.2785, 0
PixelHit 1508, 1412, 57.2722, 0
PixelHit 1508, 1413, 33.3537, 0
PixelHit 1508, 1414, 11.1279, 0
PixelHit 1509, 1410, 10.3569, 0
PixelHit 1509, 1411, 28.1762, 0
PixelHit 1509, 1412, 50.2598, 0
PixelHit 1509, 1413, 42.8897, 0
PixelHit 1509, 1414, 18.3072, 0
PixelHit 1509, 1415, 3.46009, 0
PixelHit 1510, 1409, 0.799545, 0
PixelHit 1510, 1410, 7.02296, 0
PixelHit 1510, 1411, 13.7053, 0
PixelHit 1510, 1412, 28.3482, 0
PixelHit 1510, 1413, 22.9384, 0
PixelHit 1510, 1414, 14.3002, 0
PixelHit 1511, 1409, 1.17119, 0
PixelHit 1511, 1410, 1.11129, 0
PixelHit 1511, 1411, 8.85646, 0
PixelHit 1511, 1412, 13.087, 0
PixelHit 1511, 1413, 25.1439, 0
PixelHit 1511, 1414, 9.16327, 0
PixelHit 1511, 1415, 7.37293, 0
PixelHit 1512, 1411, 2.65393, 0
PixelHit 1512, 1412, 12.9254, 0
PixelHit 1512, 1413, 19.0489, 0
PixelHit 1512, 1414, 7.64678, 0
PixelHit 1513, 1411, 4.24658, 0
PixelHit 1513, 1412, 9.06721, 0
PixelHit 1513, 1413, 18.4203, 0
PixelHit 1513, 1414, 11.9306, 0
PixelHit 1514, 1411, 2.024, 0
PixelHit 1514, 1412, 5.87582, 0
PixelHit 1514, 1413, 8.66401, 0
PixelHit 1514, 1414, 4.43486, 0
PixelHit 1514, 1415, 3.57631, 0
PixelHit 1515, 1412, 4.16151, 0
PixelHit 1515, 1413, 3.36712, 0
PixelHit 1515, 1414, 3.23522, 0
PixelHit 1515, 1415, 3.20533, 0
PixelHit 1516, 1415, 2.41247, 0
PixelHit 1517, 1413, 3.03938, 0
PixelHit 1517, 1415, 1.61206, 0
PixelHit 1518, 1412, 2.66857, 0
PixelHit 1518, 1413, 5.60211, 0
PixelHit 1518, 1414, 10.1552, 0
PixelHit 1518, 1415, 4.59049, 0
PixelHit 1518, 1416, 2.35792, 0
PixelHit 1518, 1419, 1.08875, 0
PixelHit 1519, 1413, 4.22108, 0
PixelHit 1519, 1414, 9.24002, 0
PixelHit 1519, 1415, 14.7217, 0
PixelHit 1519, 1416, 4.86316, 0
PixelHit 1519, 1417, 1.97732, 0
PixelHit 1520, 1413, 5.73705, 0
PixelHit 1520, 1414, 16.4299, 0
PixelHit 1520, 1415, 27.772, 0
PixelHit 1520, 1416, 18.4853, 0
PixelHit 1520, 1417, 6.31431, 0
PixelHit 1521, 1412, 2.27066, 0
PixelHit 1521, 1413, 12.0513, 0
PixelHit 1521, 1414, 32.7835, 0
PixelHit 1521, 1415, 56.6792, 0
PixelHit 1521, 1416, 40.8193, 0
PixelHit 1521, 1417, 14.5109, 0
PixelHit 1521, 1418, 2.4055, 0
PixelHit 1522, 1413, 8.78161, 0
PixelHit 1522, 1414, 42.8782, 0
PixelHit 1522, 1415, 61.1522, 0
PixelHit 1522, 1416, 52.3416, 0
PixelHit 1522, 1417, 19.2373, 0
PixelHit 1522, 1418, 5.27884, 0
PixelHit 1522, 1419, 1.93602, 0
PixelHit 1523, 1414, 17.385, 0
PixelHit 1523, 1415, 61.9095, 0
PixelHit 1523, 1416, 49.3677, 0
PixelHit 1523, 1417, 25.0332, 0
PixelHit 1523, 1418, 5.01191, 0
PixelHit 1524, 1414, 11.1526, 0
PixelHit 1524, 1415, 31.3875, 0
PixelHit 1524, 1416, 42.8514, 0
PixelHit 1524, 1417, 35.119, 0
PixelHit 1524, 1418, 20.8573, 0
PixelHit 1524, 1419, 3.70292, 0
PixelHit 1524, 1420, 3.92178, 0
PixelHit 1525, 1413, 2.07976, 0
PixelHit 1525, 1414, 5.30364, 0
PixelHit 1525, 1415, 24.6438, 0
PixelHit 1525, 1416, 39.4246, 0
PixelHit 1525, 1417, 42.7412, 0
PixelHit 1525, 1418, 17.3006, 0
PixelHit 1525, 1419, 8.11167, 0
PixelHit 1525, 1420, 2.83551, 0
PixelHit 1526, 1414, 4.37889, 0
PixelHit 1526, 1415, 14.1833, 0
PixelHit 1526, 1416, 16.1147, 0
PixelHit 1526, 1417, 33.9905, 0
PixelHit 1526, 1418, 23.6737, 0
PixelHit 1526, 1419, 20.4052, 0
PixelHit 1526, 1420, 3.29465, 0
PixelHit 1527, 1415, 5.90085, 0
PixelHit 1527, 1416, 19.8862, 0
PixelHit 1527, 1417, 48.2189, 0
PixelHit 1527, 1418, 46.1194, 0
PixelHit 1527, 1419, 23.1436, 0
PixelHit 1527, 1420, 12.1347, 0
PixelHit 1528, 1416, 9.41235, 0
PixelHit 1528, 1417, 20.3584, 0
PixelHit 1528, 1418, 42.3848, 0
PixelHit 1528, 1419, 28.1134, 0
PixelHit 1528, 1420, 9.24212, 0
PixelHit 1528, 1421, 1.71029, 0
PixelHit 1529, 1416, 5.39055, 0
PixelHit 1529, 1417, 25.3702, 0
PixelHit 1529, 1418, 53.8005, 0
PixelHit 1529, 1419, 45.1382, 0
PixelHit 1529, 1420, 35.3751, 0
PixelHit 1529, 1421, 9.3382, 0
PixelHit 1529, 1422, 1.64009, 0
PixelHit 1530, 1416, 1.25667, 0
PixelHit 1530, 1417, 14.7069, 0
PixelHit 1530, 1418, 50.954, 0
PixelHit 1530, 1419, 72.9418, 0
PixelHit 1530, 1420, 59.9937, 0
PixelHit 1530, 1421, 24.8951, 0
PixelHit 1530, 1422, 3.6332, 0
PixelHit 1531, 1416, 3.28216, 0
PixelHit 1531, 1417, 14.1512, 0
PixelHit 1531, 1418, 45.6017, 0
PixelHit 1531, 1419, 103.392, 0
PixelHit 1531, 1420, 75.4991, 0
PixelHit 1531, 1421, 34.4064, 0
PixelHit 1531, 1422, 2.41068, 0
PixelHit 1531, 1423, 0.621915, 0
PixelHit 1532, 1417, 4.46755, 0
PixelHit 1532, 1418, 33.0855, 0
PixelHit 1532, 1419, 69.6648, 0
PixelHit 1532, 1420, 59.7335, 0
PixelHit 1532, 1421, 34.364, 0
PixelHit 1532, 1422, 6.89715, 0
PixelHit 1533, 1416, 0.349359, 0
PixelHit 1533, 1417, 3.76522, 0
PixelHit 1533, 1418, 11.8827, 0
PixelHit 1533, 1419, 36.3498, 0
PixelHit 1533, 1420, 36.4376, 0
PixelHit 1533, 1421, 20.3677, 0
PixelHit 1533, 1422, 6.89597, 0
PixelHit 1533, 1423, 1.22499, 0
PixelHit 1534, 1418, 7.68303, 0
PixelHit 1534, 1419, 16.0901, 0
PixelHit 1534, 1420, 21.5154, 0
PixelHit 1534, 1421, 13.7804, 0
PixelHit 1534, 1422, 10.5596, 0
PixelHit 1534, 1423, 3.13834, 0
PixelHit 1535, 1419, 10.1123, 0
PixelHit 1535, 1420, 14.6035, 0
PixelHit 1535, 1421, 19.8132, 0
PixelHit 1535, 1422, 18.0296, 0
PixelHit 1535, 1423, 4.85057, 0
PixelHit 1535, 1424, 1.06181, 0
PixelHit 1536, 1419, 12.3748, 0
PixelHit 1536, 1420, 9.67231, 0
PixelHit 1536, 1421, 23.7356, 0
PixelHit 1536, 1422, 17.8051, 0
PixelHit 1536, 1423, 6.2931, 0
PixelHit 1536, 1424, 4.20337, 0
PixelHit 1537, 1418, 3.0834, 0
PixelHit 1537, 1419, 4.06788, 0
PixelHit 1537, 1420, 2.91348, 0
PixelHit 1537, 1421, 20.8377, 0
PixelHit 1537, 1422, 13.9851, 0
PixelHit 1537, 1423, 2.56843, 0
PixelHit 1537, 1424, 0.58725, 0
PixelHit 1538, 1421, 5.84997, 0
PixelHit 1538, 1422, 5.01437, 0
PixelHit 1539, 1420, 2.42556, 0
PixelHit 1539, 1422, 1.91061, 0
PixelHit 1539, 1423, 3.51055, 0
PixelHit 1539, 1424, 0.803217, 0
=== 24 ===
=== 25 ===
=== 26 ===
=== 27 ===
=== 28 ===
=== 29 ===
=== 30 ===
=== 31 ===
=== 32 ===
=== 33 ===
=== 34 ===
=== 35 ===
=== 36 ===
=== 37 ===
=== 38 ===
=== 39 ===
=== 40 ===
=== 41 ===
=== 42 ===
=== 43 ===
=== 44 ===
=== 45 ===
=== 46 ===
=== 47 ===
=== 48 ===
=== 49 ===
=== 50 ===
=== 51 ===
=== 52 ===
=== 53 ===
=== 54 ===
=== 55 ===
=== 56 ===
=== 57 ===
=== 58 ===
=== 59 ===
=== 60 ===
=== 61 ===
=== 62 ===
=== 63 ===
=== 64 ===
=== 65 ===
=== 66 ===
=== 67 ===
=== 68 ===
=== 69 ===
=== 70 ===
=== 71 ===
=== 72 ===
=== 73 ===
=== 74 ===
=== 75 ===
=== 76 ===
=== 77 ===
=== 78 ===
=== 79 ===
=== 80 ===
=== 81 ===
=== 82 ===
=== 83 ===
=== 84 ===
=== 85 ===
=== 86 ===
=== 87 ===
=== 88 ===
=== 89 ===
=== 90 ===
=== 91 ===
=== 92 ===
=== 93 ===
=== 94 ===
=== 95 ===
=== 96 ===
=== 97 ===
=== 98 ===
=== 99 ===
=== 100 ===
# 496 objects from 1 messages
