# Allpix Squared ASCII data - https://cern.ch/allpix-squared

=== 1 ===
=== 2 ===
=== 3 ===
--- mydetector ---
PixelHit 1339, 923, 3.05361, 0
PixelHit 1339, 924, 2.9674, 0
PixelHit 1340, 922, 12.4269, 0
PixelHit 1340, 923, 101.42, 0
PixelHit 1341, 921, 1.07687, 0
PixelHit 1341, 922, 27.648, 0
PixelHit 1341, 923, 11.4207, 0
PixelHit 1342, 919, 1.76844, 0
PixelHit 1342, 920, 39.568, 0
PixelHit 1342, 921, 79.9416, 0
PixelHit 1342, 922, 73.2824, 0
PixelHit 1342, 923, 7.71312, 0
PixelHit 1343, 919, 13.8181, 0
PixelHit 1343, 920, 248.137, 0
PixelHit 1343, 921, 453.574, 0
PixelHit 1343, 922, 116.513, 0
PixelHit 1343, 923, 2.27159, 0
PixelHit 1344, 919, 17.9551, 0
PixelHit 1344, 920, 176.331, 0
PixelHit 1344, 921, 331.856, 0
PixelHit 1344, 922, 76.2513, 0
PixelHit 1344, 923, 5.27518, 0
PixelHit 1345, 919, 11.0241, 0
PixelHit 1345, 920, 29.7764, 0
PixelHit 1345, 921, 30.8561, 0
PixelHit 1345, 922, 5.01805, 0
PixelHit 1346, 917, 6.14664, 0
PixelHit 1346, 918, 13.3947, 0
PixelHit 1346, 919, 25.1531, 0
PixelHit 1346, 920, 13.8603, 0
PixelHit 1346, 921, 3.19759, 0
PixelHit 1347, 916, 3.12462, 0
PixelHit 1347, 917, 10.4676, 0
PixelHit 1347, 918, 34.0829, 0
PixelHit 1347, 919, 33.8613, 0
PixelHit 1347, 920, 11.8729, 0
PixelHit 1347, 921, 1.15246, 0
PixelHit 1348, 916, 5.47192, 0
PixelHit 1348, 917, 23.3825, 0
PixelHit 1348, 918, 45.5509, 0
PixelHit 1348, 919, 36.5704, 0
PixelHit 1348, 920, 14.0657, 0
PixelHit 1349, 915, 2.65125, 0
PixelHit 1349, 916, 14.2337, 0
PixelHit 1349, 917, 31.1149, 0
PixelHit 1349, 918, 42.478, 0
PixelHit 1349, 919, 30.2534, 0
PixelHit 1349, 920, 6.44083, 0
PixelHit 1350, 914, 4.38136, 0
PixelHit 1350, 915, 10.7873, 0
PixelHit 1350, 916, 27.1973, 0
PixelHit 1350, 917, 60.6098, 0
PixelHit 1350, 918, 25.1444, 0
PixelHit 1350, 919, 10.8764, 0
PixelHit 1351, 914, 3.64778, 0
PixelHit 1351, 915, 32.346, 0
PixelHit 1351, 916, 38.4338, 0
PixelHit 1351, 917, 44.3265, 0
PixelHit 1351, 918, 18.4406, 0
PixelHit 1351, 919, 5.21632, 0
PixelHit 1351, 920, 3.74396, 0
PixelHit 1352, 913, 2.18841, 0
PixelHit 1352, 914, 6.01982, 0
PixelHit 1352, 915, 39.1496, 0
PixelHit 1352, 916, 55.7244, 0
PixelHit 1352, 917, 54.666, 0
PixelHit 1352, 918, 20.6452, 0
PixelHit 1352, 919, 7.64366, 0
PixelHit 1353, 912, 0.59993, 0
PixelHit 1353, 913, 0.406524, 0
PixelHit 1353, 914, 7.40363, 0
PixelHit 1353, 915, 11.8435, 0
PixelHit 1353, 916, 30.6519, 0
PixelHit 1353, 917, 29.0182, 0
PixelHit 1353, 918, 3.96531, 0
PixelHit 1354, 912, 0.844288, 0
PixelHit 1354, 913, 4.36471, 0
PixelHit 1354, 914, 10.4128, 0
PixelHit 1354, 915, 13.5896, 0
PixelHit 1354, 916, 14.1383, 0
PixelHit 1354, 917, 13.258, 0
PixelHit 1354, 918, 3.74643, 0
PixelHit 1355, 912, 2.73253, 0
PixelHit 1355, 914, 10.1859, 0
PixelHit 1355, 915, 14.6719, 0
PixelHit 1355, 916, 6.27467, 0
PixelHit 1356, 912, 2.55941, 0
PixelHit 1356, 913, 5.21198, 0
PixelHit 1356, 914, 8.99659, 0
PixelHit 1356, 915, 9.09833, 0
PixelHit 1356, 916, 6.72156, 0
PixelHit 1356, 917, 3.36271, 0
PixelHit 1357, 913, 2.95415, 0
PixelHit 1357, 916, 3.55378, 0
PixelHit 1358, 913, 3.88048, 0
PixelHit 1358, 916, 2.20129, 0
=== 4 ===
=== 5 ===
=== 6 ===
=== 7 ===
=== 8 ===
=== 9 ===
=== 10 ===
=== 11 ===
=== 12 ===
=== 13 ===
=== 14 ===
=== 15 ===
--- mydetector ---
PixelHit 1170, 1815, 6.05802, 0
PixelHit 1170, 1816, 162.517, 0
PixelHit 1170, 1817, 6.10433, 0
PixelHit 1171, 1815, 49.1103, 0
PixelHit 1171, 1816, 21.2039, 0
PixelHit 1171, 1817, 3.20638, 0
PixelHit 1172, 1813, 0.586744, 0
PixelHit 1172, 1814, 59.207, 0
PixelHit 1172, 1815, 167.062, 0
PixelHit 1172, 1816, 7.9612, 0
PixelHit 1173, 1813, 17.9039, 0
PixelHit 1173, 1814, 87.0017, 0
PixelHit 1173, 1815, 36.006, 0
PixelHit 1173, 1816, 1.48771, 0
PixelHit 1174, 1812, 14.5085, 0
PixelHit 1174, 1813, 59.7745, 0
PixelHit 1174, 1814, 39.769, 0
PixelHit 1174, 1815, 7.13371, 0
PixelHit 1175, 1811, 3.72064, 0
PixelHit 1175, 1812, 19.7519, 0
PixelHit 1175, 1813, 56.1526, 0
PixelHit 1175, 1814, 16.0051, 0
PixelHit 1176, 1810, 5.25778, 0
PixelHit 1176, 1811, 20.4028, 0
PixelHit 1176, 1812, 28.0193, 0
PixelHit 1176, 1813, 12.6009, 0
PixelHit 1177, 1808, 2.36584, 0
PixelHit 1177, 1809, 2.50014, 0
PixelHit 1177, 1810, 11.4183, 0
PixelHit 1177, 1811, 29.7432, 0
PixelHit 1177, 1812, 13.8489, 0
PixelHit 1177, 1813, 1.71851, 0
PixelHit 1178, 1808, 2.71921, 0
PixelHit 1178, 1809, 34.3718, 0
PixelHit 1178, 1810, 89.2776, 0
PixelHit 1178, 1811, 71.1652, 0
PixelHit 1178, 1812, 19.2372, 0
PixelHit 1178, 1813, 3.44749, 0
PixelHit 1179, 1807, 2.90662, 0
PixelHit 1179, 1808, 4.94736, 0
PixelHit 1179, 1809, 50.7081, 0
PixelHit 1179, 1810, 176.267, 0
PixelHit 1179, 1811, 95.1531, 0
PixelHit 1179, 1812, 17.2969, 0
PixelHit 1179, 1813, 1.08966, 0
PixelHit 1180, 1807, 0.957937, 0
PixelHit 1180, 1808, 13.0251, 0
PixelHit 1180, 1809, 33.9263, 0
PixelHit 1180, 1810, 65.4215, 0
PixelHit 1180, 1811, 34.2651, 0
PixelHit 1180, 1812, 6.54505, 0
PixelHit 1181, 1807, 8.81194, 0
PixelHit 1181, 1808, 19.4521, 0
PixelHit 1181, 1809, 27.1878, 0
PixelHit 1181, 1810, 34.0817, 0
PixelHit 1181, 1811, 5.38419, 0
PixelHit 1182, 1805, 1.48167, 0
PixelHit 1182, 1806, 7.29887, 0
PixelHit 1182, 1807, 24.0682, 0
PixelHit 1182, 1808, 32.5724, 0
PixelHit 1182, 1809, 36.436, 0
PixelHit 1182, 1810, 14.2094, 0
PixelHit 1182, 1811, 2.5421, 0
PixelHit 1183, 1806, 18.922, 0
PixelHit 1183, 1807, 24.4289, 0
PixelHit 1183, 1808, 48.3791, 0
PixelHit 1183, 1809, 22.3071, 0
PixelHit 1183, 1810, 8.29112, 0
PixelHit 1184, 1804, 1.8493, 0
PixelHit 1184, 1805, 5.56447, 0
PixelHit 1184, 1806, 18.1515, 0
PixelHit 1184, 1807, 30.4575, 0
PixelHit 1184, 1808, 33.2203, 0
PixelHit 1184, 1809, 16.5625, 0
PixelHit 1184, 1810, 2.69571, 0
PixelHit 1185, 1804, 3.11707, 0
PixelHit 1185, 1805, 14.7419, 0
PixelHit 1185, 1806, 34.5302, 0
PixelHit 1185, 1807, 30.8432, 0
PixelHit 1185, 1808, 19.7993, 0
PixelHit 1185, 1809, 5.12194, 0
PixelHit 1185, 1811, 1.98699, 0
PixelHit 1186, 1802, 2.3015, 0
PixelHit 1186, 1803, 1.44962, 0
PixelHit 1186, 1804, 14.1609, 0
PixelHit 1186, 1805, 35.1139, 0
PixelHit 1186, 1806, 47.4696, 0
PixelHit 1186, 1807, 27.104, 0
PixelHit 1186, 1808, 10.4196, 0
PixelHit 1186, 1809, 0.802613, 0
PixelHit 1187, 1802, 4.4429, 0
PixelHit 1187, 1803, 4.23937, 0
PixelHit 1187, 1804, 17.0012, 0
PixelHit 1187, 1805, 41.2637, 0
PixelHit 1187, 1806, 37.3107, 0
PixelHit 1187, 1807, 19.5551, 0
PixelHit 1187, 1808, 4.47234, 0
PixelHit 1188, 1801, 2.77083, 0
PixelHit 1188, 1803, 12.0588, 0
PixelHit 1188, 1804, 25.3723, 0
PixelHit 1188, 1805, 29.7613, 0
PixelHit 1188, 1806, 23.1593, 0
PixelHit 1188, 1807, 9.03439, 0
PixelHit 1188, 1808, 5.20816, 0
PixelHit 1188, 1809, 2.31868, 0
PixelHit 1189, 1800, 3.28511, 0
PixelHit 1189, 1801, 4.91239, 0
PixelHit 1189, 1802, 6.78007, 0
PixelHit 1189, 1803, 23.4898, 0
PixelHit 1189, 1804, 39.0006, 0
PixelHit 1189, 1805, 19.0081, 0
PixelHit 1189, 1806, 9.63715, 0
PixelHit 1189, 1807, 3.90589, 0
PixelHit 1190, 1802, 10.6384, 0
PixelHit 1190, 1803, 18.9351, 0
PixelHit 1190, 1804, 33.0954, 0
PixelHit 1190, 1805, 18.0857, 0
PixelHit 1190, 1806, 3.07901, 0
PixelHit 1191, 1801, 7.54417, 0
PixelHit 1191, 1802, 15.2663, 0
PixelHit 1191, 1803, 26.5432, 0
PixelHit 1191, 1804, 27.8402, 0
PixelHit 1191, 1805, 16.2924, 0
PixelHit 1191, 1806, 4.76401, 0
PixelHit 1191, 1807, 3.99441, 0
PixelHit 1192, 1800, 1.99153, 0
PixelHit 1192, 1801, 4.98684, 0
PixelHit 1192, 1802, 8.346, 0
PixelHit 1192, 1803, 10.5579, 0
PixelHit 1192, 1804, 8.6282, 0
PixelHit 1193, 1803, 2.8247, 0
PixelHit 1193, 1804, 4.85274, 0
PixelHit 1193, 1805, 3.08309, 0
PixelHit 1193, 1806, 1.92786, 0
PixelHit 1194, 1802, 0.983549, 0
=== 16 ===
=== 17 ===
=== 18 ===
=== 19 ===
=== 20 ===
=== 21 ===
=== 22 ===
=== 23 ===
=== 24 ===
=== 25 ===
=== 26 ===
=== 27 ===
=== 28 ===
=== 29 ===
=== 30 ===
=== 31 ===
=== 32 ===
=== 33 ===
=== 34 ===
=== 35 ===
=== 36 ===
=== 37 ===
=== 38 ===
=== 39 ===
=== 40 ===
=== 41 ===
=== 42 ===
=== 43 ===
=== 44 ===
=== 45 ===
=== 46 ===
--- mydetector ---
PixelHit 1562, 700, 21.2782, 0
PixelHit 1562, 701, 17.2669, 0
PixelHit 1563, 699, 4.76695, 0
PixelHit 1563, 700, 101.06, 0
PixelHit 1563, 701, 49.2493, 0
PixelHit 1564, 699, 31.0967, 0
PixelHit 1564, 700, 244.47, 0
PixelHit 1564, 701, 84.0738, 0
PixelHit 1565, 699, 32.814, 0
PixelHit 1565, 700, 187.815, 0
PixelHit 1565, 701, 86.8151, 0
PixelHit 1566, 698, 5.93687, 0
PixelHit 1566, 699, 49.5705, 0
PixelHit 1566, 700, 93.7355, 0
PixelHit 1566, 701, 32.201, 0
PixelHit 1567, 698, 10.6831, 0
PixelHit 1567, 699, 99.8858, 0
PixelHit 1567, 700, 119.271, 0
PixelHit 1567, 701, 31.6196, 0
PixelHit 1568, 698, 21.7236, 0
PixelHit 1568, 699, 94.7235, 0
PixelHit 1568, 700, 137.154, 0
PixelHit 1568, 701, 50.7069, 0
PixelHit 1568, 702, 4.6381, 0
PixelHit 1569, 698, 14.8164, 0
PixelHit 1569, 699, 61.3734, 0
PixelHit 1569, 700, 67.5964, 0
PixelHit 1569, 701, 15.4512, 0
PixelHit 1570, 698, 2.54926, 0
PixelHit 1570, 699, 16.0658, 0
PixelHit 1570, 700, 19.2428, 0
PixelHit 1570, 701, 2.9884, 0
PixelHit 1571, 696, 0.757821, 0
PixelHit 1571, 697, 3.0707, 0
PixelHit 1571, 698, 7.17097, 0
PixelHit 1571, 699, 10.9273, 0
PixelHit 1571, 700, 12.0355, 0
PixelHit 1571, 701, 5.26461, 0
PixelHit 1572, 697, 2.71704, 0
PixelHit 1572, 698, 22.9388, 0
PixelHit 1572, 699, 20.1084, 0
PixelHit 1572, 700, 25.6139, 0
PixelHit 1572, 701, 11.3887, 0
PixelHit 1573, 696, 2.49855, 0
PixelHit 1573, 697, 9.90899, 0
PixelHit 1573, 698, 55.9712, 0
PixelHit 1573, 699, 72.3632, 0
PixelHit 1573, 700, 58.5353, 0
PixelHit 1573, 701, 24.3118, 0
PixelHit 1573, 702, 1.57162, 0
PixelHit 1574, 696, 3.82872, 0
PixelHit 1574, 697, 22.2292, 0
PixelHit 1574, 698, 103.004, 0
PixelHit 1574, 699, 160.461, 0
PixelHit 1574, 700, 114.559, 0
PixelHit 1574, 701, 39.9838, 0
PixelHit 1574, 702, 5.73098, 0
PixelHit 1574, 703, 0.928516, 0
PixelHit 1575, 696, 4.17284, 0
PixelHit 1575, 697, 36.5686, 0
PixelHit 1575, 698, 95.7071, 0
PixelHit 1575, 699, 190.75, 0
PixelHit 1575, 700, 135.455, 0
PixelHit 1575, 701, 30.813, 0
PixelHit 1575, 702, 5.81925, 0
PixelHit 1575, 703, 0.828368, 0
PixelHit 1576, 696, 4.83086, 0
PixelHit 1576, 697, 28.4294, 0
PixelHit 1576, 698, 75.6339, 0
PixelHit 1576, 699, 117.821, 0
PixelHit 1576, 700, 75.0905, 0
PixelHit 1576, 701, 21.6448, 0
PixelHit 1576, 702, 6.89989, 0
PixelHit 1577, 697, 15.2715, 0
PixelHit 1577, 698, 41.7074, 0
PixelHit 1577, 699, 40.362, 0
PixelHit 1577, 700, 35.3138, 0
PixelHit 1577, 701, 15.941, 0
PixelHit 1577, 702, 4.01543, 0
PixelHit 1578, 697, 6.85377, 0
PixelHit 1578, 698, 7.60099, 0
PixelHit 1578, 699, 15.0358, 0
PixelHit 1578, 700, 10.8246, 0
PixelHit 1578, 701, 3.43257, 0
PixelHit 1579, 696, 2.48155, 0
PixelHit 1579, 698, 4.20448, 0
PixelHit 1579, 699, 5.84293, 0
PixelHit 1579, 700, 4.51239, 0
PixelHit 1580, 697, 2.90184, 0
PixelHit 1581, 700, 0.141379, 0
=== 47 ===
=== 48 ===
=== 49 ===
=== 50 ===
=== 51 ===
=== 52 ===
=== 53 ===
=== 54 ===
=== 55 ===
=== 56 ===
=== 57 ===
=== 58 ===
=== 59 ===
=== 60 ===
=== 61 ===
=== 62 ===
--- mydetector ---
PixelHit 1277, 116, 4.26527, 0
PixelHit 1278, 115, 2.65375, 0
PixelHit 1278, 116, 32.3536, 0
PixelHit 1279, 115, 0.599895, 0
PixelHit 1279, 116, 38.4065, 0
PixelHit 1279, 117, 1.27398, 0
PixelHit 1280, 115, 15.3508, 0
PixelHit 1280, 116, 72.6431, 0
PixelHit 1281, 115, 6.16553, 0
PixelHit 1281, 116, 24.6291, 0
PixelHit 1282, 116, 6.47019, 0
PixelHit 1283, 115, 12.7163, 0
PixelHit 1283, 116, 12.1572, 0
PixelHit 1284, 115, 28.4837, 0
PixelHit 1284, 116, 10.9398, 0
PixelHit 1285, 114, 2.51967, 0
PixelHit 1285, 115, 11.0607, 0
PixelHit 1285, 116, 8.27086, 0
PixelHit 1286, 114, 4.23024, 0
PixelHit 1286, 115, 19.6337, 0
PixelHit 1286, 116, 2.81823, 0
PixelHit 1287, 114, 3.25561, 0
PixelHit 1287, 115, 54.6976, 0
PixelHit 1287, 116, 9.9464, 0
PixelHit 1288, 114, 5.93704, 0
PixelHit 1288, 115, 17.8428, 0
PixelHit 1288, 116, 5.14834, 0
PixelHit 1289, 115, 9.10078, 0
PixelHit 1290, 114, 1.00839, 0
PixelHit 1290, 115, 10.6357, 0
PixelHit 1290, 116, 1.1198, 0
PixelHit 1291, 114, 3.43361, 0
PixelHit 1291, 115, 5.80666, 0
PixelHit 1291, 116, 2.86804, 0
PixelHit 1292, 114, 30.1134, 0
PixelHit 1292, 115, 39.665, 0
PixelHit 1292, 116, 2.73541, 0
PixelHit 1293, 113, 5.58471, 0
PixelHit 1293, 114, 34.8478, 0
PixelHit 1293, 115, 30.6918, 0
PixelHit 1293, 116, 5.74338, 0
PixelHit 1294, 113, 2.53384, 0
PixelHit 1294, 114, 22.2775, 0
PixelHit 1294, 115, 23.7553, 0
PixelHit 1295, 113, 6.76836, 0
PixelHit 1295, 114, 31.251, 0
PixelHit 1295, 115, 27.2413, 0
PixelHit 1296, 112, 1.60813, 0
PixelHit 1296, 113, 3.27741, 0
PixelHit 1296, 114, 27.9096, 0
PixelHit 1296, 115, 17.0303, 0
PixelHit 1296, 116, 0.685426, 0
PixelHit 1297, 113, 9.57095, 0
PixelHit 1297, 114, 42.9921, 0
PixelHit 1297, 115, 11.6609, 0
PixelHit 1298, 113, 5.25259, 0
PixelHit 1298, 114, 8.00159, 0
PixelHit 1298, 115, 1.73471, 0
PixelHit 1298, 116, 1.74405, 0
PixelHit 1299, 113, 7.7096, 0
PixelHit 1299, 114, 15.0525, 0
PixelHit 1300, 112, 8.31463, 0
PixelHit 1300, 113, 36.0088, 0
PixelHit 1300, 114, 46.9341, 0
PixelHit 1300, 115, 11.9805, 0
PixelHit 1301, 112, 7.72392, 0
PixelHit 1301, 113, 62.0191, 0
PixelHit 1301, 114, 60.9828, 0
PixelHit 1301, 115, 12.0909, 0
PixelHit 1302, 112, 10.7957, 0
PixelHit 1302, 113, 46.8139, 0
PixelHit 1302, 114, 41.5265, 0
PixelHit 1302, 115, 7.34795, 0
PixelHit 1303, 111, 0.599743, 0
PixelHit 1303, 112, 12.2742, 0
PixelHit 1303, 113, 66.0799, 0
PixelHit 1303, 114, 40.1155, 0
PixelHit 1303, 115, 3.84307, 0
PixelHit 1303, 116, 0.822549, 0
PixelHit 1304, 112, 13.4268, 0
PixelHit 1304, 113, 22.7783, 0
PixelHit 1304, 114, 18.4417, 0
PixelHit 1304, 115, 3.91014, 0
PixelHit 1305, 111, 3.65362, 0
PixelHit 1305, 112, 18.2292, 0
PixelHit 1305, 113, 30.8085, 0
PixelHit 1305, 114, 12.3688, 0
PixelHit 1306, 111, 10.4471, 0
PixelHit 1306, 112, 73.5417, 0
PixelHit 1306, 113, 84.3178, 0
PixelHit 1306, 114, 23.2434, 0
PixelHit 1307, 111, 8.98618, 0
PixelHit 1307, 112, 64.4724, 0
PixelHit 1307, 113, 93.257, 0
PixelHit 1307, 114, 24.5845, 0
PixelHit 1307, 116, 1.20801, 0
PixelHit 1308, 111, 3.08691, 0
PixelHit 1308, 112, 22.9875, 0
PixelHit 1308, 113, 20.7268, 0
PixelHit 1308, 114, 11.92, 0
PixelHit 1309, 111, 12.3043, 0
PixelHit 1309, 112, 25.5983, 0
PixelHit 1309, 113, 24.0856, 0
PixelHit 1309, 114, 5.53437, 0
PixelHit 1310, 110, 1.48819, 0
PixelHit 1310, 111, 17.1079, 0
PixelHit 1310, 112, 61.7408, 0
PixelHit 1310, 113, 35.4674, 0
PixelHit 1310, 114, 5.43658, 0
PixelHit 1311, 111, 18.8444, 0
PixelHit 1311, 112, 28.1529, 0
PixelHit 1311, 113, 18.3897, 0
PixelHit 1311, 114, 0.955206, 0
PixelHit 1312, 110, 1.5602, 0
PixelHit 1312, 111, 31.6615, 0
PixelHit 1312, 112, 42.7497, 0
PixelHit 1312, 113, 13.9336, 0
PixelHit 1313, 109, 1.82637, 0
PixelHit 1313, 110, 8.59279, 0
PixelHit 1313, 111, 27.2956, 0
PixelHit 1313, 112, 29.6304, 0
PixelHit 1313, 113, 13.4203, 0
PixelHit 1313, 114, 0.88609, 0
PixelHit 1314, 110, 17.471, 0
PixelHit 1314, 111, 41.2636, 0
PixelHit 1314, 112, 31.297, 0
PixelHit 1314, 113, 4.87838, 0
PixelHit 1315, 110, 4.98268, 0
PixelHit 1315, 111, 24.2822, 0
PixelHit 1315, 112, 25.884, 0
PixelHit 1315, 113, 3.68002, 0
PixelHit 1316, 111, 7.83501, 0
PixelHit 1316, 112, 9.32036, 0
PixelHit 1316, 114, 0.0552481, 0
PixelHit 1319, 109, 2.47363, 0
PixelHit 1319, 112, 1.67829, 0
PixelHit 1320, 108, 0.534487, 0
PixelHit 1320, 109, 2.40579, 0
PixelHit 1320, 110, 6.95589, 0
PixelHit 1320, 111, 3.93639, 0
PixelHit 1321, 110, 4.90555, 0
PixelHit 1321, 111, 3.00772, 0
PixelHit 1321, 112, 2.32832, 0
PixelHit 1321, 113, 1.27511, 0
PixelHit 1322, 109, 3.03813, 0
PixelHit 1322, 110, 2.21488, 0
PixelHit 1322, 111, 7.46488, 0
PixelHit 1323, 109, 2.33996, 0
PixelHit 1323, 110, 10.8178, 0
PixelHit 1323, 111, 10.5153, 0
PixelHit 1323, 112, 2.16952, 0
PixelHit 1324, 108, 1.60084, 0
PixelHit 1324, 109, 10.2323, 0
PixelHit 1324, 110, 23.2488, 0
PixelHit 1324, 111, 9.4312, 0
PixelHit 1324, 112, 2.97393, 0
PixelHit 1325, 108, 3.36684, 0
PixelHit 1325, 109, 11.2621, 0
PixelHit 1325, 110, 12.3244, 0
PixelHit 1325, 111, 12.503, 0
PixelHit 1325, 112, 4.02548, 0
PixelHit 1326, 109, 5.49468, 0
PixelHit 1326, 110, 6.4862, 0
PixelHit 1326, 111, 5.75124, 0
PixelHit 1327, 109, 3.078, 0
PixelHit 1327, 110, 5.02843, 0
PixelHit 1328, 108, 4.4662, 0
PixelHit 1328, 109, 13.7322, 0
PixelHit 1328, 110, 12.0596, 0
PixelHit 1328, 111, 4.07671, 0
PixelHit 1328, 113, 2.81014, 0
PixelHit 1329, 108, 6.51807, 0
PixelHit 1329, 109, 32.4625, 0
PixelHit 1329, 110, 20.4465, 0
PixelHit 1329, 111, 8.35515, 0
PixelHit 1330, 107, 3.18334, 0
PixelHit 1330, 108, 13.4543, 0
PixelHit 1330, 109, 25.5658, 0
PixelHit 1330, 110, 21.9139, 0
PixelHit 1330, 111, 3.01059, 0
PixelHit 1330, 112, 2.95434, 0
PixelHit 1331, 106, 3.95254, 0
PixelHit 1331, 107, 7.77298, 0
PixelHit 1331, 108, 19.0875, 0
PixelHit 1331, 109, 32.07, 0
PixelHit 1331, 110, 19.9672, 0
PixelHit 1331, 111, 1.98938, 0
PixelHit 1332, 106, 0.498246, 0
PixelHit 1332, 107, 6.84317, 0
PixelHit 1332, 108, 32.6891, 0
PixelHit 1332, 109, 55.633, 0
PixelHit 1332, 110, 29.8586, 0
PixelHit 1332, 111, 10.0928, 0
PixelHit 1333, 106, 2.86243, 0
PixelHit 1333, 107, 6.17529, 0
PixelHit 1333, 108, 37.4586, 0
PixelHit 1333, 109, 57.5512, 0
PixelHit 1333, 110, 28.9274, 0
PixelHit 1333, 111, 3.63692, 0
PixelHit 1334, 107, 12.0379, 0
PixelHit 1334, 108, 24.7498, 0
PixelHit 1334, 109, 34.6077, 0
PixelHit 1334, 110, 16.3622, 0
PixelHit 1334, 111, 3.30605, 0
PixelHit 1335, 106, 1.71145, 0
PixelHit 1335, 107, 9.5521, 0
PixelHit 1335, 108, 21.1268, 0
PixelHit 1335, 109, 28.6577, 0
PixelHit 1335, 110, 12.2456, 0
PixelHit 1335, 111, 1.56395, 0
PixelHit 1336, 107, 8.89401, 0
PixelHit 1336, 108, 16.6477, 0
PixelHit 1336, 109, 15.3378, 0
PixelHit 1336, 110, 4.33685, 0
PixelHit 1336, 111, 2.03124, 0
PixelHit 1337, 106, 2.33983, 0
PixelHit 1337, 107, 8.78208, 0
PixelHit 1337, 108, 14.1387, 0
PixelHit 1337, 109, 14.0138, 0
PixelHit 1337, 110, 7.13408, 0
PixelHit 1337, 111, 2.49752, 0
PixelHit 1338, 106, 3.18313, 0
PixelHit 1338, 107, 15.356, 0
PixelHit 1338, 108, 16.3449, 0
PixelHit 1338, 109, 16.8273, 0
PixelHit 1338, 110, 4.90355, 0
PixelHit 1339, 105, 0.949445, 0
PixelHit 1339, 106, 6.92822, 0
PixelHit 1339, 107, 42.2478, 0
PixelHit 1339, 108, 36.17, 0
PixelHit 1339, 109, 16.885, 0
PixelHit 1339, 110, 10.4111, 0
PixelHit 1340, 106, 16.0152, 0
PixelHit 1340, 107, 29.8681, 0
PixelHit 1340, 108, 42.533, 0
PixelHit 1340, 109, 35.4142, 0
PixelHit 1340, 110, 6.23988, 0
PixelHit 1341, 106, 11.9723, 0
PixelHit 1341, 107, 39.6032, 0
PixelHit 1341, 108, 61.7605, 0
PixelHit 1341, 109, 39.728, 0
PixelHit 1341, 110, 8.82442, 0
PixelHit 1342, 105, 2.36787, 0
PixelHit 1342, 106, 15.8882, 0
PixelHit 1342, 107, 48.0669, 0
PixelHit 1342, 108, 54.2085, 0
PixelHit 1342, 109, 19.9617, 0
PixelHit 1342, 110, 8.71213, 0
PixelHit 1343, 104, 0.396495, 0
PixelHit 1343, 105, 3.36395, 0
PixelHit 1343, 106, 12.0199, 0
PixelHit 1343, 107, 25.8813, 0
PixelHit 1343, 108, 37.2694, 0
PixelHit 1343, 109, 15.3642, 0
PixelHit 1343, 110, 5.9772, 0
PixelHit 1343, 111, 2.42919, 0
PixelHit 1344, 105, 2.49532, 0
PixelHit 1344, 106, 11.7829, 0
PixelHit 1344, 107, 28.2705, 0
PixelHit 1344, 108, 23.615, 0
PixelHit 1344, 109, 6.44868, 0
PixelHit 1345, 105, 3.96962, 0
PixelHit 1345, 106, 19.1174, 0
PixelHit 1345, 107, 29.4647, 0
PixelHit 1345, 108, 18.0947, 0
PixelHit 1345, 109, 9.13238, 0
PixelHit 1346, 104, 0.566964, 0
PixelHit 1346, 105, 4.48174, 0
PixelHit 1346, 106, 25.0799, 0
PixelHit 1346, 107, 27.206, 0
PixelHit 1346, 108, 27.8102, 0
PixelHit 1346, 109, 14.0998, 0
PixelHit 1346, 110, 2.58506, 0
PixelHit 1347, 105, 10.0407, 0
PixelHit 1347, 106, 25.4828, 0
PixelHit 1347, 107, 25.4467, 0
PixelHit 1347, 108, 25.4685, 0
PixelHit 1347, 109, 1.73476, 0
PixelHit 1348, 105, 7.23433, 0
PixelHit 1348, 106, 16.2815, 0
PixelHit 1348, 107, 22.3011, 0
PixelHit 1348, 108, 11.4658, 0
PixelHit 1348, 109, 3.14423, 0
PixelHit 1348, 110, 1.7186, 0
PixelHit 1349, 104, 1.18497, 0
PixelHit 1349, 105, 1.41732, 0
PixelHit 1349, 106, 5.05984, 0
PixelHit 1349, 107, 8.72671, 0
PixelHit 1349, 108, 6.65686, 0
PixelHit 1349, 109, 5.35382, 0
PixelHit 1350, 105, 1.58891, 0
PixelHit 1350, 106, 5.89827, 0
PixelHit 1350, 107, 8.78997, 0
PixelHit 1350, 108, 4.89832, 0
PixelHit 1351, 104, 0.939455, 0
PixelHit 1351, 105, 7.57254, 0
PixelHit 1351, 106, 15.9247, 0
PixelHit 1351, 107, 4.67329, 0
PixelHit 1351, 108, 2.13797, 0
PixelHit 1351, 109, 3.93507, 0
PixelHit 1352, 105, 6.44831, 0
PixelHit 1352, 106, 12.5255, 0
PixelHit 1352, 107, 12.906, 0
PixelHit 1352, 108, 12.8409, 0
PixelHit 1352, 109, 0.807772, 0
PixelHit 1353, 105, 9.72463, 0
PixelHit 1353, 106, 16.0924, 0
PixelHit 1353, 107, 13.4234, 0
PixelHit 1353, 108, 12.0632, 0
PixelHit 1353, 109, 5.55741, 0
PixelHit 1354, 103, 3.43353, 0
PixelHit 1354, 105, 11.3124, 0
PixelHit 1354, 106, 15.3086, 0
PixelHit 1354, 107, 18.105, 0
PixelHit 1354, 108, 11.9844, 0
PixelHit 1354, 109, 1.6683, 0
PixelHit 1355, 102, 1.90882, 0
PixelHit 1355, 103, 2.93144, 0
PixelHit 1355, 104, 6.28827, 0
PixelHit 1355, 105, 12.0349, 0
PixelHit 1355, 106, 15.3074, 0
PixelHit 1355, 107, 9.78282, 0
PixelHit 1355, 108, 4.6081, 0
PixelHit 1355, 109, 1.85199, 0
PixelHit 1356, 103, 4.33923, 0
PixelHit 1356, 104, 6.91416, 0
PixelHit 1356, 105, 12.1046, 0
PixelHit 1356, 106, 14.2332, 0
PixelHit 1356, 107, 10.7742, 0
PixelHit 1356, 108, 3.1291, 0
PixelHit 1356, 109, 3.15448, 0
PixelHit 1357, 104, 3.18214, 0
PixelHit 1357, 105, 18.4039, 0
PixelHit 1357, 106, 12.7774, 0
PixelHit 1357, 107, 3.29643, 0
PixelHit 1358, 104, 3.46243, 0
PixelHit 1358, 105, 10.4788, 0
PixelHit 1358, 106, 1.29154, 0
PixelHit 1359, 105, 2.55459, 0
PixelHit 1359, 107, 0.446537, 0
=== 63 ===
=== 64 ===
=== 65 ===
--- mydetector ---
PixelHit 723, 1230, 9.07295, 0
PixelHit 723, 1231, 0.138153, 0
PixelHit 724, 1229, 6.87672, 0
PixelHit 724, 1230, 198.654, 0
PixelHit 724, 1231, 31.5194, 0
PixelHit 725, 1229, 21.2328, 0
PixelHit 725, 1230, 48.8433, 0
PixelHit 726, 1227, 1.44381, 0
PixelHit 726, 1228, 11.2124, 0
PixelHit 726, 1229, 21.7913, 0
PixelHit 726, 1230, 3.67585, 0
PixelHit 727, 1226, 4.95547, 0
PixelHit 727, 1227, 37.439, 0
PixelHit 727, 1228, 81.4658, 0
PixelHit 727, 1229, 12.7211, 0
PixelHit 728, 1225, 1.02549, 0
PixelHit 728, 1226, 16.018, 0
PixelHit 728, 1227, 145.934, 0
PixelHit 728, 1228, 121.604, 0
PixelHit 728, 1229, 10.9689, 0
PixelHit 729, 1225, 5.83039, 0
PixelHit 729, 1226, 14.6688, 0
PixelHit 729, 1227, 49.0219, 0
PixelHit 729, 1228, 26.9399, 0
PixelHit 729, 1229, 3.38737, 0
PixelHit 730, 1224, 5.44366, 0
PixelHit 730, 1225, 13.026, 0
PixelHit 730, 1226, 26.2484, 0
PixelHit 730, 1227, 17.7686, 0
PixelHit 730, 1228, 3.12629, 0
PixelHit 730, 1229, 3.16969, 0
PixelHit 731, 1224, 11.4576, 0
PixelHit 731, 1225, 29.2085, 0
PixelHit 731, 1226, 36.2186, 0
PixelHit 731, 1227, 5.73661, 0
PixelHit 732, 1224, 12.9346, 0
PixelHit 732, 1225, 30.996, 0
PixelHit 732, 1226, 13.1418, 0
PixelHit 732, 1227, 1.53044, 0
PixelHit 733, 1221, 1.66786, 0
PixelHit 733, 1223, 11.7636, 0
PixelHit 733, 1224, 15.0608, 0
PixelHit 733, 1225, 11.1736, 0
PixelHit 733, 1226, 2.64622, 0
PixelHit 734, 1221, 1.4454, 0
PixelHit 734, 1222, 3.224, 0
PixelHit 734, 1223, 15.8423, 0
PixelHit 734, 1224, 16.1157, 0
PixelHit 734, 1225, 8.11285, 0
PixelHit 734, 1226, 3.91711, 0
PixelHit 735, 1220, 5.43334, 0
PixelHit 735, 1221, 16.0189, 0
PixelHit 735, 1222, 15.544, 0
PixelHit 735, 1223, 17.6577, 0
PixelHit 735, 1224, 5.4072, 0
PixelHit 735, 1225, 1.65262, 0
PixelHit 736, 1219, 3.16687, 0
PixelHit 736, 1220, 18.8687, 0
PixelHit 736, 1221, 42.5678, 0
PixelHit 736, 1222, 35.4131, 0
PixelHit 736, 1223, 15.163, 0
PixelHit 736, 1224, 7.09713, 0
PixelHit 737, 1218, 2.56957, 0
PixelHit 737, 1219, 8.4784, 0
PixelHit 737, 1220, 33.8876, 0
PixelHit 737, 1221, 45.3606, 0
PixelHit 737, 1222, 31.0517, 0
PixelHit 737, 1223, 11.2998, 0
PixelHit 737, 1224, 5.80865, 0
PixelHit 738, 1217, 3.07066, 0
PixelHit 738, 1218, 8.012, 0
PixelHit 738, 1219, 20.095, 0
PixelHit 738, 1220, 43.0358, 0
PixelHit 738, 1221, 23.1763, 0
PixelHit 738, 1222, 10.2791, 0
PixelHit 738, 1223, 4.00442, 0
PixelHit 739, 1218, 4.85673, 0
PixelHit 739, 1219, 25.6059, 0
PixelHit 739, 1220, 38.6206, 0
PixelHit 739, 1221, 17.4637, 0
PixelHit 739, 1222, 5.88003, 0
PixelHit 740, 1216, 3.11322, 0
PixelHit 740, 1217, 4.05203, 0
PixelHit 740, 1218, 14.143, 0
PixelHit 740, 1219, 17.8758, 0
PixelHit 740, 1220, 14.5591, 0
PixelHit 740, 1221, 7.62326, 0
PixelHit 740, 1222, 3.19078, 0
PixelHit 741, 1217, 6.82285, 0
PixelHit 741, 1218, 7.61376, 0
PixelHit 741, 1219, 13.2315, 0
PixelHit 741, 1220, 6.19496, 0
PixelHit 741, 1221, 2.06602, 0
PixelHit 741, 1222, 0.997245, 0
PixelHit 742, 1214, 0.791741, 0
PixelHit 742, 1215, 6.93719, 0
PixelHit 742, 1216, 13.8836, 0
PixelHit 742, 1217, 11.1781, 0
PixelHit 742, 1218, 15.4147, 0
PixelHit 742, 1219, 10.5129, 0
PixelHit 743, 1213, 1.50161, 0
PixelHit 743, 1214, 3.8753, 0
PixelHit 743, 1215, 16.2095, 0
PixelHit 743, 1216, 22.907, 0
PixelHit 743, 1217, 34.6922, 0
PixelHit 743, 1218, 17.8795, 0
PixelHit 743, 1219, 4.73145, 0
PixelHit 744, 1214, 3.41322, 0
PixelHit 744, 1215, 11.7049, 0
PixelHit 744, 1216, 35.5147, 0
PixelHit 744, 1217, 33.2159, 0
PixelHit 744, 1218, 16.4135, 0
PixelHit 744, 1219, 6.87816, 0
PixelHit 744, 1220, 0.88952, 0
PixelHit 745, 1215, 12.3354, 0
PixelHit 745, 1216, 30.4458, 0
PixelHit 745, 1217, 26.2272, 0
PixelHit 745, 1218, 18.7579, 0
PixelHit 745, 1219, 2.78934, 0
PixelHit 745, 1220, 3.59369, 0
PixelHit 746, 1215, 3.30595, 0
PixelHit 746, 1216, 9.56308, 0
PixelHit 746, 1217, 15.9316, 0
PixelHit 746, 1218, 6.76562, 0
PixelHit 747, 1214, 2.19971, 0
=== 66 ===
=== 67 ===
=== 68 ===
=== 69 ===
=== 70 ===
--- mydetector ---
PixelHit 921, 1096, 3.69372, 0
PixelHit 921, 1097, 43.9061, 0
PixelHit 922, 1095, 3.48633, 0
PixelHit 922, 1096, 33.143, 0
PixelHit 922, 1097, 76.6091, 0
PixelHit 923, 1095, 9.9424, 0
PixelHit 923, 1096, 123.623, 0
PixelHit 923, 1097, 81.3723, 0
PixelHit 923, 1098, 3.89084, 0
PixelHit 924, 1094, 3.57813, 0
PixelHit 924, 1095, 37.5495, 0
PixelHit 924, 1096, 163.456, 0
PixelHit 924, 1097, 76.3647, 0
PixelHit 924, 1098, 7.25128, 0
PixelHit 925, 1094, 6.66531, 0
PixelHit 925, 1095, 89.2339, 0
PixelHit 925, 1096, 187.875, 0
PixelHit 925, 1097, 95.5433, 0
PixelHit 925, 1098, 4.95836, 0
PixelHit 926, 1094, 14.1373, 0
PixelHit 926, 1095, 43.5559, 0
PixelHit 926, 1096, 76.8289, 0
PixelHit 926, 1097, 34.2217, 0
PixelHit 926, 1098, 3.5183, 0
PixelHit 927, 1094, 20.0095, 0
PixelHit 927, 1095, 55.5761, 0
PixelHit 927, 1096, 54.8018, 0
PixelHit 927, 1097, 23.7945, 0
PixelHit 927, 1098, 0.884352, 0
PixelHit 928, 1092, 2.31374, 0
PixelHit 928, 1093, 2.44659, 0
PixelHit 928, 1094, 22.1657, 0
PixelHit 928, 1095, 60.8056, 0
PixelHit 928, 1096, 45.2855, 0
PixelHit 928, 1097, 14.1599, 0
PixelHit 929, 1093, 3.36667, 0
PixelHit 929, 1094, 27.3254, 0
PixelHit 929, 1095, 42.2598, 0
PixelHit 929, 1096, 41.0494, 0
PixelHit 929, 1097, 12.3819, 0
PixelHit 930, 1092, 2.8807, 0
PixelHit 930, 1093, 8.32028, 0
PixelHit 930, 1094, 33.0656, 0
PixelHit 930, 1095, 44.9585, 0
PixelHit 930, 1096, 31.3508, 0
PixelHit 930, 1097, 7.09944, 0
PixelHit 931, 1092, 2.06879, 0
PixelHit 931, 1093, 12.9244, 0
PixelHit 931, 1094, 25.2923, 0
PixelHit 931, 1095, 32.0484, 0
PixelHit 931, 1096, 21.6449, 0
PixelHit 931, 1097, 3.59686, 0
PixelHit 932, 1093, 12.8304, 0
PixelHit 932, 1094, 16.9917, 0
PixelHit 932, 1095, 23.1471, 0
PixelHit 932, 1096, 15.2689, 0
PixelHit 932, 1097, 3.81495, 0
PixelHit 933, 1093, 1.76227, 0
PixelHit 933, 1094, 1.91526, 0
PixelHit 933, 1095, 10.85, 0
PixelHit 933, 1096, 5.71569, 0
PixelHit 934, 1092, 4.17234, 0
PixelHit 934, 1093, 1.58287, 0
PixelHit 934, 1095, 1.56394, 0
PixelHit 934, 1096, 1.72257, 0
=== 71 ===
=== 72 ===
=== 73 ===
=== 74 ===
=== 75 ===
=== 76 ===
=== 77 ===
=== 78 ===
=== 79 ===
=== 80 ===
=== 81 ===
=== 82 ===
=== 83 ===
=== 84 ===
=== 85 ===
=== 86 ===
=== 87 ===
=== 88 ===
=== 89 ===
=== 90 ===
=== 91 ===
=== 92 ===
=== 93 ===
=== 94 ===
=== 95 ===
=== 96 ===
=== 97 ===
=== 98 ===
=== 99 ===
=== 100 ===
# 851 objects from 6 messages
