# Allpix Squared ASCII data - https://cern.ch/allpix-squared

=== 1 ===
=== 2 ===
=== 3 ===
=== 4 ===
=== 5 ===
=== 6 ===
=== 7 ===
=== 8 ===
=== 9 ===
=== 10 ===
=== 11 ===
=== 12 ===
=== 13 ===
=== 14 ===
--- mydetector ---
PixelHit 215, 1943, 5.81217, 0
PixelHit 216, 1942, 2.50614, 0
PixelHit 216, 1943, 26.0655, 0
PixelHit 217, 1941, 1.29464, 0
PixelHit 217, 1942, 16.1983, 0
PixelHit 217, 1943, 60.5726, 0
PixelHit 218, 1941, 14.2588, 0
PixelHit 218, 1942, 53.3185, 0
PixelHit 218, 1943, 37.7084, 0
PixelHit 219, 1941, 39.192, 0
PixelHit 219, 1942, 69.0447, 0
PixelHit 219, 1943, 10.1878, 0
PixelHit 220, 1939, 0.730358, 0
PixelHit 220, 1940, 7.45925, 0
PixelHit 220, 1941, 22.9669, 0
PixelHit 220, 1942, 17.2923, 0
PixelHit 221, 1939, 9.45988, 0
PixelHit 221, 1940, 33.2286, 0
PixelHit 221, 1941, 18.8713, 0
PixelHit 221, 1942, 10.0631, 0
PixelHit 222, 1937, -0.207775, 0
PixelHit 222, 1938, 6.21367, 0
PixelHit 222, 1939, 9.35649, 0
PixelHit 222, 1940, 23.4595, 0
PixelHit 222, 1941, 12.469, 0
PixelHit 223, 1937, 10.8118, 0
PixelHit 223, 1938, 31.1558, 0
PixelHit 223, 1939, 15.0495, 0
PixelHit 223, 1940, 6.00222, 0
PixelHit 223, 1941, 3.45073, 0
PixelHit 224, 1935, 0.125843, 0
PixelHit 224, 1936, 5.34341, 0
PixelHit 224, 1937, 24.0722, 0
PixelHit 224, 1938, 67.346, 0
PixelHit 224, 1939, 28.9792, 0
PixelHit 224, 1940, 5.34323, 0
PixelHit 225, 1935, 1.52795, 0
PixelHit 225, 1936, 12.238, 0
PixelHit 225, 1937, 24.0532, 0
PixelHit 225, 1938, 40.285, 0
PixelHit 225, 1939, 19.5091, 0
PixelHit 226, 1935, 8.76759, 0
PixelHit 226, 1936, 26.4921, 0
PixelHit 226, 1937, 32.1812, 0
PixelHit 226, 1938, 19.6552, 0
PixelHit 226, 1939, 3.7925, 0
PixelHit 227, 1934, 10.7524, 0
PixelHit 227, 1935, 42.942, 0
PixelHit 227, 1936, 48.0181, 0
PixelHit 227, 1937, 17.3458, 0
PixelHit 227, 1938, 4.13141, 0
PixelHit 228, 1933, 3.4349, 0
PixelHit 228, 1934, 14.5183, 0
PixelHit 228, 1935, 32.2264, 0
PixelHit 228, 1936, 21.6942, 0
PixelHit 228, 1937, 3.44739, 0
PixelHit 229, 1932, 2.30377, 0
PixelHit 229, 1933, 5.72939, 0
PixelHit 229, 1934, 12.7563, 0
PixelHit 229, 1935, 22.162, 0
PixelHit 229, 1936, 3.62029, 0
PixelHit 229, 1937, 3.0746, 0
PixelHit 230, 1931, 7.59686, 0
PixelHit 230, 1932, 8.67721, 0
PixelHit 230, 1933, 15.753, 0
PixelHit 230, 1934, 8.01367, 0
PixelHit 230, 1935, 5.6585, 0
PixelHit 231, 1930, 6.14732, 0
PixelHit 231, 1931, 14.0475, 0
PixelHit 231, 1932, 18.326, 0
PixelHit 231, 1933, 23.3613, 0
PixelHit 231, 1934, 4.98773, 0
PixelHit 232, 1928, 3.62044, 0
PixelHit 232, 1929, 4.53172, 0
PixelHit 232, 1930, 10.8543, 0
PixelHit 232, 1931, 37.3353, 0
PixelHit 232, 1932, 21.2392, 0
PixelHit 232, 1933, 11.0995, 0
PixelHit 232, 1934, 6.02156, 0
PixelHit 232, 1935, 2.09254, 0
PixelHit 233, 1927, 1.7252, 0
PixelHit 233, 1928, 3.59634, 0
PixelHit 233, 1929, 7.92366, 0
PixelHit 233, 1930, 21.4651, 0
PixelHit 233, 1931, 22.3799, 0
PixelHit 233, 1932, 20.008, 0
PixelHit 233, 1933, 2.90831, 0
PixelHit 234, 1925, 3.98462, 0
PixelHit 234, 1926, 1.51553, 0
PixelHit 234, 1927, 2.9545, 0
PixelHit 234, 1928, 9.74203, 0
PixelHit 234, 1929, 21.1063, 0
PixelHit 234, 1930, 10.1775, 0
PixelHit 234, 1931, 12.0801, 0
PixelHit 234, 1932, 2.73888, 0
PixelHit 235, 1925, 1.49444, 0
PixelHit 235, 1926, 5.28823, 0
PixelHit 235, 1927, 26.0865, 0
PixelHit 235, 1928, 21.5918, 0
PixelHit 235, 1929, 17.1604, 0
PixelHit 235, 1930, 10.7139, 0
PixelHit 236, 1924, 1.29786, 0
PixelHit 236, 1925, 7.51482, 0
PixelHit 236, 1926, 17.3589, 0
PixelHit 236, 1927, 29.4459, 0
PixelHit 236, 1928, 17.5336, 0
PixelHit 236, 1929, 7.87467, 0
PixelHit 237, 1923, 4.80827, 0
PixelHit 237, 1924, 9.0888, 0
PixelHit 237, 1925, 21.4921, 0
PixelHit 237, 1926, 24.23, 0
PixelHit 237, 1927, 18.4329, 0
PixelHit 237, 1928, 9.11324, 0
PixelHit 237, 1929, 5.03008, 0
PixelHit 238, 1923, 7.02726, 0
PixelHit 238, 1924, 12.8281, 0
PixelHit 238, 1925, 13.4955, 0
PixelHit 238, 1926, 14.1985, 0
PixelHit 238, 1927, 4.94044, 0
PixelHit 239, 1921, 5.35379, 0
PixelHit 239, 1922, 2.93585, 0
PixelHit 239, 1923, 2.83482, 0
PixelHit 239, 1924, 11.2252, 0
PixelHit 239, 1925, 10.576, 0
PixelHit 239, 1926, 6.65442, 0
PixelHit 239, 1927, 1.27443, 0
PixelHit 240, 1920, 2.38373, 0
PixelHit 240, 1921, 6.37754, 0
PixelHit 240, 1922, 18.3331, 0
PixelHit 240, 1923, 11.5147, 0
PixelHit 240, 1924, 5.27942, 0
PixelHit 240, 1925, 2.99931, 0
PixelHit 240, 1926, 0.713196, 0
PixelHit 241, 1918, 0.186086, 0
PixelHit 241, 1919, 4.66273, 0
PixelHit 241, 1920, 11.8154, 0
PixelHit 241, 1921, 18.7523, 0
PixelHit 241, 1922, 32.4685, 0
PixelHit 241, 1923, 12.1393, 0
PixelHit 241, 1924, 3.61499, 0
PixelHit 241, 1925, 0.741631, 0
PixelHit 242, 1915, 1.28815, 0
PixelHit 242, 1918, 7.35088, 0
PixelHit 242, 1919, 8.80609, 0
PixelHit 242, 1920, 9.49297, 0
PixelHit 242, 1921, 20.3993, 0
PixelHit 242, 1922, 21.4254, 0
PixelHit 242, 1923, 10.0786, 0
PixelHit 242, 1924, 0.606965, 0
PixelHit 243, 1917, 4.28241, 0
PixelHit 243, 1918, 9.57153, 0
PixelHit 243, 1919, 14.6208, 0
PixelHit 243, 1920, 24.9233, 0
PixelHit 243, 1921, 14.334, 0
PixelHit 243, 1922, 9.05256, 0
PixelHit 243, 1923, 2.91575, 0
PixelHit 244, 1915, 5.07714, 0
PixelHit 244, 1916, 2.76426, 0
PixelHit 244, 1917, 8.15157, 0
PixelHit 244, 1918, 18.0034, 0
PixelHit 244, 1919, 12.4647, 0
PixelHit 244, 1920, 11.8468, 0
PixelHit 244, 1921, 7.5166, 0
PixelHit 244, 1922, 5.591, 0
PixelHit 245, 1914, 3.64374, 0
PixelHit 245, 1915, 2.57253, 0
PixelHit 245, 1916, 13.0839, 0
PixelHit 245, 1917, 30.5995, 0
PixelHit 245, 1918, 24.4512, 0
PixelHit 245, 1919, 17.8912, 0
PixelHit 245, 1920, 6.64659, 0
PixelHit 246, 1912, -0.0330752, 0
PixelHit 246, 1913, 7.00176, 0
PixelHit 246, 1914, 7.58453, 0
PixelHit 246, 1915, 8.92621, 0
PixelHit 246, 1916, 20.8461, 0
PixelHit 246, 1917, 21.1927, 0
PixelHit 246, 1918, 16.4473, 0
PixelHit 246, 1919, 7.83584, 0
PixelHit 246, 1920, 4.84419, 0
PixelHit 247, 1912, 4.66547, 0
PixelHit 247, 1913, 8.72766, 0
PixelHit 247, 1914, 21.6277, 0
PixelHit 247, 1915, 27.7291, 0
PixelHit 247, 1916, 20.6428, 0
PixelHit 247, 1917, 21.3643, 0
PixelHit 247, 1918, 15.5273, 0
PixelHit 247, 1919, 1.98637, 0
PixelHit 248, 1910, 2.09404, 0
PixelHit 248, 1911, 6.15342, 0
PixelHit 248, 1912, 24.7814, 0
PixelHit 248, 1913, 30.1767, 0
PixelHit 248, 1914, 42.4258, 0
PixelHit 248, 1915, 32.6443, 0
PixelHit 248, 1916, 14.2149, 0
PixelHit 248, 1917, 14.9729, 0
PixelHit 248, 1918, 4.57149, 0
PixelHit 249, 1909, 0.130813, 0
PixelHit 249, 1910, 3.42603, 0
PixelHit 249, 1911, 14.4452, 0
PixelHit 249, 1912, 54.7051, 0
PixelHit 249, 1913, 73.8949, 0
PixelHit 249, 1914, 45.0352, 0
PixelHit 249, 1915, 21.8861, 0
PixelHit 249, 1916, 18.1962, 0
PixelHit 249, 1917, 3.52133, 0
PixelHit 250, 1909, 3.60876, 0
PixelHit 250, 1910, 13.448, 0
PixelHit 250, 1911, 33.7798, 0
PixelHit 250, 1912, 50.3733, 0
PixelHit 250, 1913, 69.3928, 0
PixelHit 250, 1914, 30.6011, 0
PixelHit 250, 1915, 15.3574, 0
PixelHit 250, 1916, 5.30551, 0
PixelHit 250, 1917, 0.877918, 0
PixelHit 251, 1907, 1.31519, 0
PixelHit 251, 1908, 3.26213, 0
PixelHit 251, 1909, 4.79586, 0
PixelHit 251, 1910, 21.9927, 0
PixelHit 251, 1911, 36.0572, 0
PixelHit 251, 1912, 43.5762, 0
PixelHit 251, 1913, 39.8303, 0
PixelHit 251, 1914, 20.9285, 0
PixelHit 251, 1915, 4.11777, 0
PixelHit 252, 1905, 1.16406, 0
PixelHit 252, 1907, 3.28057, 0
PixelHit 252, 1908, 3.35162, 0
PixelHit 252, 1909, 8.67675, 0
PixelHit 252, 1910, 16.6458, 0
PixelHit 252, 1911, 18.6354, 0
PixelHit 252, 1912, 31.8401, 0
PixelHit 252, 1913, 11.0892, 0
PixelHit 252, 1914, 6.25973, 0
PixelHit 253, 1906, 1.44453, 0
PixelHit 253, 1907, 7.23418, 0
PixelHit 253, 1908, 7.27789, 0
PixelHit 253, 1909, 11.8967, 0
PixelHit 253, 1910, 13.1533, 0
PixelHit 253, 1911, 10.8329, 0
PixelHit 253, 1912, 8.27172, 0
PixelHit 254, 1905, 0.522139, 0
PixelHit 254, 1906, 6.26756, 0
PixelHit 254, 1907, 9.50257, 0
PixelHit 254, 1908, 8.63099, 0
PixelHit 254, 1909, 7.19903, 0
PixelHit 254, 1910, 8.06525, 0
PixelHit 254, 1912, 2.64946, 0
PixelHit 255, 1903, 2.49634, 0
PixelHit 255, 1905, 3.26256, 0
PixelHit 255, 1906, 9.91253, 0
PixelHit 255, 1907, 6.85147, 0
PixelHit 255, 1908, 7.06665, 0
PixelHit 255, 1909, 3.01938, 0
PixelHit 256, 1904, 2.67239, 0
PixelHit 256, 1906, 6.05922, 0
PixelHit 256, 1907, 5.15948, 0
PixelHit 256, 1908, 4.38282, 0
PixelHit 257, 1903, 2.04952, 0
PixelHit 257, 1904, 3.19526, 0
PixelHit 257, 1905, 2.33713, 0
PixelHit 257, 1906, 8.47629, 0
PixelHit 257, 1907, 6.07985, 0
PixelHit 257, 1908, 1.55007, 0
PixelHit 258, 1905, 4.78112, 0
PixelHit 258, 1907, 1.49547, 0
PixelHit 259, 1907, 1.614, 0
=== 15 ===
=== 16 ===
=== 17 ===
=== 18 ===
=== 19 ===
=== 20 ===
=== 21 ===
=== 22 ===
=== 23 ===
=== 24 ===
=== 25 ===
=== 26 ===
=== 27 ===
=== 28 ===
=== 29 ===
=== 30 ===
=== 31 ===
=== 32 ===
=== 33 ===
=== 34 ===
=== 35 ===
=== 36 ===
=== 37 ===
=== 38 ===
=== 39 ===
=== 40 ===
=== 41 ===
=== 42 ===
=== 43 ===
=== 44 ===
=== 45 ===
=== 46 ===
=== 47 ===
=== 48 ===
=== 49 ===
=== 50 ===
=== 51 ===
=== 52 ===
=== 53 ===
=== 54 ===
=== 55 ===
=== 56 ===
=== 57 ===
=== 58 ===
=== 59 ===
=== 60 ===
=== 61 ===
=== 62 ===
=== 63 ===
=== 64 ===
=== 65 ===
=== 66 ===
=== 67 ===
=== 68 ===
=== 69 ===
=== 70 ===
=== 71 ===
=== 72 ===
=== 73 ===
=== 74 ===
=== 75 ===
=== 76 ===
=== 77 ===
=== 78 ===
=== 79 ===
=== 80 ===
=== 81 ===
=== 82 ===
=== 83 ===
=== 84 ===
=== 85 ===
=== 86 ===
=== 87 ===
=== 88 ===
=== 89 ===
=== 90 ===
=== 91 ===
=== 92 ===
=== 93 ===
=== 94 ===
=== 95 ===
=== 96 ===
=== 97 ===
=== 98 ===
=== 99 ===
=== 100 ===
# 266 objects from 1 messages
