# Allpix Squared ASCII data - https://cern.ch/allpix-squared

=== 1 ===
=== 2 ===
=== 3 ===
=== 4 ===
=== 5 ===
=== 6 ===
=== 7 ===
=== 8 ===
=== 9 ===
=== 10 ===
=== 11 ===
=== 12 ===
=== 13 ===
=== 14 ===
=== 15 ===
=== 16 ===
=== 17 ===
=== 18 ===
=== 19 ===
=== 20 ===
=== 21 ===
=== 22 ===
=== 23 ===
=== 24 ===
=== 25 ===
=== 26 ===
=== 27 ===
=== 28 ===
=== 29 ===
=== 30 ===
=== 31 ===
=== 32 ===
=== 33 ===
=== 34 ===
=== 35 ===
=== 36 ===
=== 37 ===
=== 38 ===
=== 39 ===
=== 40 ===
=== 41 ===
--- mydetector ---
PixelHit 2127, 967, 1.56001, 0
PixelHit 2127, 968, 0.334075, 0
PixelHit 2127, 969, 0.398402, 0
PixelHit 2127, 970, 15.7461, 0
PixelHit 2127, 971, 26.1167, 0
PixelHit 2127, 972, 7.22823, 0
PixelHit 2127, 973, 9.11374, 0
PixelHit 2127, 974, 17.1432, 0
PixelHit 2127, 975, 12.4934, 0
PixelHit 2127, 976, 3.7836, 0
PixelHit 2128, 961, 0.0810873, 0
PixelHit 2128, 965, 4.13646, 0
PixelHit 2128, 966, 6.26865, 0
PixelHit 2128, 967, 15.5065, 0
PixelHit 2128, 968, 14.482, 0
PixelHit 2128, 969, 26.4319, 0
PixelHit 2128, 970, 90.2885, 0
PixelHit 2128, 971, 159.408, 0
PixelHit 2128, 972, 77.2467, 0
PixelHit 2128, 973, 66.6549, 0
PixelHit 2128, 974, 60.8201, 0
PixelHit 2128, 975, 50.9362, 0
PixelHit 2128, 976, 29.2157, 0
PixelHit 2129, 962, 2.76082, 0
PixelHit 2129, 963, 2.37278, 0
PixelHit 2129, 964, 8.9026, 0
PixelHit 2129, 965, 12.7844, 0
PixelHit 2129, 966, 27.2343, 0
PixelHit 2129, 967, 31.5443, 0
PixelHit 2129, 968, 36.6125, 0
PixelHit 2129, 969, 39.5235, 0
PixelHit 2129, 970, 113.622, 0
PixelHit 2129, 971, 112.16, 0
PixelHit 2129, 972, 65.3649, 0
PixelHit 2129, 973, 17.3259, 0
PixelHit 2129, 974, 10.5391, 0
PixelHit 2129, 975, 3.88021, 0
PixelHit 2130, 958, 4.46646, 0
PixelHit 2130, 959, 8.66254, 0
PixelHit 2130, 960, 5.1213, 0
PixelHit 2130, 961, 8.1276, 0
PixelHit 2130, 962, 11.2448, 0
PixelHit 2130, 963, 16.42, 0
PixelHit 2130, 964, 30.3897, 0
PixelHit 2130, 965, 40.9583, 0
PixelHit 2130, 966, 47.6892, 0
PixelHit 2130, 967, 42.2843, 0
PixelHit 2130, 968, 29.7535, 0
PixelHit 2130, 969, 19.6565, 0
PixelHit 2130, 970, 18.3633, 0
PixelHit 2130, 971, 13.0986, 0
PixelHit 2130, 972, 3.78566, 0
PixelHit 2131, 956, 0.758891, 0
PixelHit 2131, 957, 5.69673, 0
PixelHit 2131, 958, 18.0327, 0
PixelHit 2131, 959, 23.0824, 0
PixelHit 2131, 960, 32.2908, 0
PixelHit 2131, 961, 33.9328, 0
PixelHit 2131, 962, 27.5137, 0
PixelHit 2131, 963, 37.4657, 0
PixelHit 2131, 964, 40.9727, 0
PixelHit 2131, 965, 45.8847, 0
PixelHit 2131, 966, 47.5485, 0
PixelHit 2131, 967, 17.6037, 0
PixelHit 2131, 968, 5.92441, 0
PixelHit 2131, 969, 3.59014, 0
PixelHit 2131, 970, 3.3122, 0
PixelHit 2131, 971, 2.31027, 0
PixelHit 2132, 956, 0.674929, 0
PixelHit 2132, 957, 13.8793, 0
PixelHit 2132, 958, 39.8224, 0
PixelHit 2132, 959, 70.4475, 0
PixelHit 2132, 960, 75.8103, 0
PixelHit 2132, 961, 51.3885, 0
PixelHit 2132, 962, 39.6301, 0
PixelHit 2132, 963, 33.0957, 0
PixelHit 2132, 964, 25.1466, 0
PixelHit 2132, 965, 15.6709, 0
PixelHit 2132, 966, 6.62451, 0
PixelHit 2132, 967, 3.48318, 0
PixelHit 2132, 968, 4.92695, 0
PixelHit 2133, 955, 1.08582, 0
PixelHit 2133, 957, 15.9189, 0
PixelHit 2133, 958, 61.4547, 0
PixelHit 2133, 959, 87.398, 0
PixelHit 2133, 960, 90.1375, 0
PixelHit 2133, 961, 71.1578, 0
PixelHit 2133, 962, 30.902, 0
PixelHit 2133, 963, 13.6775, 0
PixelHit 2133, 964, 8.15757, 0
PixelHit 2133, 965, 2.42911, 0
PixelHit 2133, 966, 3.5761, 0
PixelHit 2134, 957, 13.1052, 0
PixelHit 2134, 958, 38.8524, 0
PixelHit 2134, 959, 61.1327, 0
PixelHit 2134, 960, 58.7602, 0
PixelHit 2134, 961, 37.6092, 0
PixelHit 2134, 962, 16.9911, 0
PixelHit 2134, 963, 8.48343, 0
PixelHit 2135, 957, 1.55122, 0
PixelHit 2135, 958, 6.14371, 0
PixelHit 2135, 959, 18.5027, 0
PixelHit 2135, 960, 16.4223, 0
PixelHit 2135, 961, 6.86884, 0
PixelHit 2135, 962, 3.23858, 0
PixelHit 2136, 959, 3.24621, 0
PixelHit 2136, 960, 2.14585, 0
PixelHit 2136, 961, 1.15286, 0
=== 42 ===
=== 43 ===
=== 44 ===
=== 45 ===
=== 46 ===
=== 47 ===
=== 48 ===
=== 49 ===
=== 50 ===
--- mydetector ---
PixelHit 705, 1698, 2.07853, 0
PixelHit 705, 1699, 4.73809, 0
PixelHit 705, 1700, 2.95332, 0
PixelHit 706, 1698, 4.50076, 0
PixelHit 706, 1699, 3.85286, 0
PixelHit 706, 1700, 3.61437, 0
PixelHit 706, 1702, 0.858919, 0
PixelHit 707, 1695, 1.54079, 0
PixelHit 707, 1697, 8.46896, 0
PixelHit 707, 1698, 12.8356, 0
PixelHit 707, 1699, 5.04152, 0
PixelHit 707, 1700, 9.61346, 0
PixelHit 707, 1701, 0.737106, 0
PixelHit 707, 1702, 0.928744, 0
PixelHit 708, 1696, 4.81515, 0
PixelHit 708, 1697, 14.099, 0
PixelHit 708, 1698, 19.4147, 0
PixelHit 708, 1699, 17.9078, 0
PixelHit 708, 1700, 7.55533, 0
PixelHit 709, 1696, 4.76262, 0
PixelHit 709, 1697, 11.0985, 0
PixelHit 709, 1698, 14.9201, 0
PixelHit 709, 1699, 15.0382, 0
PixelHit 709, 1700, 5.94029, 0
PixelHit 710, 1696, 5.76398, 0
PixelHit 710, 1697, 13.194, 0
PixelHit 710, 1698, 23.186, 0
PixelHit 710, 1699, 12.8948, 0
PixelHit 710, 1700, 6.73056, 0
PixelHit 711, 1696, 4.67251, 0
PixelHit 711, 1697, 16.6273, 0
PixelHit 711, 1698, 21.0062, 0
PixelHit 711, 1699, 7.78137, 0
PixelHit 711, 1700, 7.39138, 0
PixelHit 711, 1701, 1.2435, 0
PixelHit 712, 1694, 1.1999, 0
PixelHit 712, 1696, 10.4318, 0
PixelHit 712, 1697, 21.8994, 0
PixelHit 712, 1698, 21.4364, 0
PixelHit 712, 1699, 4.19685, 0
PixelHit 712, 1700, 3.1399, 0
PixelHit 713, 1695, 4.06351, 0
PixelHit 713, 1696, 12.9278, 0
PixelHit 713, 1697, 22.0785, 0
PixelHit 713, 1698, 22.4077, 0
PixelHit 713, 1699, 7.79347, 0
PixelHit 714, 1695, 6.40898, 0
PixelHit 714, 1696, 17.3452, 0
PixelHit 714, 1697, 17.061, 0
PixelHit 714, 1698, 16.8, 0
PixelHit 714, 1699, 5.43876, 0
PixelHit 715, 1694, 1.74507, 0
PixelHit 715, 1695, 5.89913, 0
PixelHit 715, 1696, 25.8197, 0
PixelHit 715, 1697, 22.9984, 0
PixelHit 715, 1698, 3.1162, 0
PixelHit 715, 1699, 2.47975, 0
PixelHit 716, 1694, 0.714992, 0
PixelHit 716, 1695, 16.8025, 0
PixelHit 716, 1696, 38.426, 0
PixelHit 716, 1697, 31.8651, 0
PixelHit 716, 1698, 8.2409, 0
PixelHit 716, 1699, 5.85356, 0
PixelHit 717, 1694, 11.9959, 0
PixelHit 717, 1695, 19.8115, 0
PixelHit 717, 1696, 47.1317, 0
PixelHit 717, 1697, 33.6552, 0
PixelHit 717, 1698, 13.3314, 0
PixelHit 717, 1699, 5.40746, 0
PixelHit 717, 1700, 1.5528, 0
PixelHit 718, 1693, 2.28184, 0
PixelHit 718, 1694, 12.9295, 0
PixelHit 718, 1695, 24.1073, 0
PixelHit 718, 1696, 42.1392, 0
PixelHit 718, 1697, 21.7526, 0
PixelHit 718, 1698, 7.08091, 0
PixelHit 718, 1699, 2.95123, 0
PixelHit 719, 1693, 2.34297, 0
PixelHit 719, 1694, 19.6224, 0
PixelHit 719, 1695, 49.556, 0
PixelHit 719, 1696, 39.6881, 0
PixelHit 719, 1697, 16.5809, 0
PixelHit 719, 1698, 3.38421, 0
PixelHit 720, 1694, 10.1217, 0
PixelHit 720, 1695, 34.518, 0
PixelHit 720, 1696, 39.0438, 0
PixelHit 720, 1697, 13.1645, 0
PixelHit 720, 1698, 2.32915, 0
PixelHit 721, 1693, 3.0503, 0
PixelHit 721, 1694, 5.13993, 0
PixelHit 721, 1695, 16.9494, 0
PixelHit 721, 1696, 15.1824, 0
PixelHit 721, 1697, 5.23135, 0
PixelHit 722, 1692, 1.64738, 0
PixelHit 722, 1693, 6.74978, 0
PixelHit 722, 1694, 13.833, 0
PixelHit 722, 1695, 15.2265, 0
PixelHit 722, 1696, 8.11897, 0
PixelHit 722, 1697, 1.59583, 0
PixelHit 723, 1692, 1.12778, 0
PixelHit 723, 1693, 13.4238, 0
PixelHit 723, 1694, 23.2586, 0
PixelHit 723, 1695, 23.8636, 0
PixelHit 723, 1696, 5.54445, 0
PixelHit 724, 1693, 11.837, 0
PixelHit 724, 1694, 14.2846, 0
PixelHit 724, 1695, 22.1532, 0
PixelHit 724, 1696, 4.98941, 0
PixelHit 725, 1692, 2.83045, 0
PixelHit 725, 1693, 10.5922, 0
PixelHit 725, 1694, 15.2532, 0
PixelHit 725, 1695, 7.13609, 0
PixelHit 725, 1696, 1.81979, 0
PixelHit 726, 1691, 2.52306, 0
PixelHit 726, 1692, 8.02837, 0
PixelHit 726, 1693, 12.0732, 0
PixelHit 726, 1694, 7.22252, 0
PixelHit 726, 1695, 3.40915, 0
PixelHit 727, 1691, 4.03101, 0
PixelHit 727, 1692, 16.501, 0
PixelHit 727, 1693, 29.5655, 0
PixelHit 727, 1694, 11.0873, 0
PixelHit 727, 1695, 2.0483, 0
PixelHit 728, 1691, 12.6741, 0
PixelHit 728, 1692, 43.7984, 0
PixelHit 728, 1693, 57.1133, 0
PixelHit 728, 1694, 13.6527, 0
PixelHit 728, 1695, 1.68805, 0
PixelHit 729, 1691, 16.2831, 0
PixelHit 729, 1692, 68.2336, 0
PixelHit 729, 1693, 62.5083, 0
PixelHit 729, 1694, 31.785, 0
PixelHit 729, 1695, 2.90177, 0
PixelHit 730, 1690, 3.65853, 0
PixelHit 730, 1691, 8.90959, 0
PixelHit 730, 1692, 46.2399, 0
PixelHit 730, 1693, 34.9659, 0
PixelHit 730, 1694, 7.32464, 0
PixelHit 730, 1695, 2.10014, 0
PixelHit 731, 1691, 10.4988, 0
PixelHit 731, 1692, 21.6278, 0
PixelHit 731, 1693, 18.9375, 0
PixelHit 731, 1694, 2.79523, 0
PixelHit 732, 1690, 4.13328, 0
PixelHit 732, 1691, 13.69, 0
PixelHit 732, 1692, 20.0008, 0
PixelHit 732, 1693, 7.41089, 0
PixelHit 733, 1690, 4.6606, 0
PixelHit 733, 1691, 13.3511, 0
PixelHit 733, 1692, 20.0802, 0
PixelHit 733, 1693, 4.3892, 0
PixelHit 734, 1689, 3.21856, 0
PixelHit 734, 1690, 9.48868, 0
PixelHit 734, 1691, 23.1012, 0
PixelHit 734, 1692, 16.4786, 0
PixelHit 734, 1693, 3.55164, 0
PixelHit 735, 1688, 1.58935, 0
PixelHit 735, 1689, 7.3796, 0
PixelHit 735, 1690, 14.7048, 0
PixelHit 735, 1691, 21.0037, 0
PixelHit 735, 1692, 16.3973, 0
PixelHit 735, 1693, 1.73973, 0
PixelHit 735, 1694, 1.47504, 0
PixelHit 736, 1688, 1.84798, 0
PixelHit 736, 1689, 16.6453, 0
PixelHit 736, 1690, 41.5309, 0
PixelHit 736, 1691, 43.5419, 0
PixelHit 736, 1692, 14.4017, 0
PixelHit 736, 1693, 2.38341, 0
PixelHit 737, 1689, 11.3182, 0
PixelHit 737, 1690, 57.0609, 0
PixelHit 737, 1691, 48.8288, 0
PixelHit 737, 1692, 15.0692, 0
PixelHit 737, 1693, 4.9607, 0
PixelHit 737, 1694, 0.94864, 0
PixelHit 738, 1688, 3.96623, 0
PixelHit 738, 1689, 18.7432, 0
PixelHit 738, 1690, 25.4001, 0
PixelHit 738, 1691, 27.0788, 0
PixelHit 738, 1692, 5.23931, 0
PixelHit 738, 1693, 1.57326, 0
PixelHit 739, 1688, 0.6713, 0
PixelHit 739, 1689, 13.8115, 0
PixelHit 739, 1690, 18.1432, 0
PixelHit 739, 1691, 10.2811, 0
PixelHit 739, 1692, 4.49191, 0
PixelHit 740, 1688, 3.60336, 0
PixelHit 740, 1689, 11.0346, 0
PixelHit 740, 1690, 17.3275, 0
PixelHit 740, 1691, 7.81096, 0
PixelHit 741, 1687, 1.67555, 0
PixelHit 741, 1688, 9.77832, 0
PixelHit 741, 1689, 22.9167, 0
PixelHit 741, 1690, 21.3352, 0
PixelHit 741, 1691, 3.20754, 0
PixelHit 742, 1688, 8.25145, 0
PixelHit 742, 1689, 22.5571, 0
PixelHit 742, 1690, 22.9913, 0
PixelHit 743, 1687, 7.2685, 0
PixelHit 743, 1688, 19.7557, 0
PixelHit 743, 1689, 12.7272, 0
PixelHit 743, 1690, 6.3388, 0
PixelHit 743, 1691, 0.854368, 0
PixelHit 744, 1685, 1.5479, 0
PixelHit 744, 1687, 14.2008, 0
PixelHit 744, 1688, 24.9029, 0
PixelHit 744, 1689, 30.757, 0
PixelHit 744, 1690, 10.799, 0
PixelHit 745, 1687, 17.2039, 0
PixelHit 745, 1688, 38.0405, 0
PixelHit 745, 1689, 27.8409, 0
PixelHit 745, 1690, 9.72078, 0
PixelHit 746, 1686, 1.56266, 0
PixelHit 746, 1687, 14.2658, 0
PixelHit 746, 1688, 19.9994, 0
PixelHit 746, 1689, 12.3111, 0
PixelHit 746, 1690, 3.5673, 0
PixelHit 747, 1686, 3.11666, 0
PixelHit 747, 1687, 9.02904, 0
PixelHit 747, 1688, 11.0357, 0
PixelHit 747, 1689, 4.89546, 0
PixelHit 747, 1690, 1.40676, 0
PixelHit 748, 1685, 5.70662, 0
PixelHit 748, 1686, 13.5244, 0
PixelHit 748, 1687, 10.769, 0
PixelHit 748, 1688, 5.08529, 0
PixelHit 748, 1689, 1.08157, 0
PixelHit 749, 1684, 3.56405, 0
PixelHit 749, 1685, 3.84408, 0
PixelHit 749, 1686, 26.3712, 0
PixelHit 749, 1687, 23.7775, 0
PixelHit 749, 1688, 11.5255, 0
PixelHit 749, 1689, 2.6463, 0
PixelHit 750, 1684, 4.62646, 0
PixelHit 750, 1685, 19.9811, 0
PixelHit 750, 1686, 50.7974, 0
PixelHit 750, 1687, 63.1887, 0
PixelHit 750, 1688, 15.3854, 0
PixelHit 750, 1689, 7.02266, 0
PixelHit 751, 1683, 2.238, 0
PixelHit 751, 1684, 6.63388, 0
PixelHit 751, 1685, 33.2204, 0
PixelHit 751, 1686, 48.2526, 0
PixelHit 751, 1687, 64.1595, 0
PixelHit 751, 1688, 7.78626, 0
PixelHit 751, 1689, 1.53549, 0
PixelHit 752, 1684, 7.97402, 0
PixelHit 752, 1685, 20.0204, 0
PixelHit 752, 1686, 32.5054, 0
PixelHit 752, 1687, 22.3738, 0
PixelHit 752, 1688, 13.3978, 0
PixelHit 753, 1683, 6.45045, 0
PixelHit 753, 1684, 7.60818, 0
PixelHit 753, 1685, 32.654, 0
PixelHit 753, 1686, 34.2195, 0
PixelHit 753, 1687, 13.3876, 0
PixelHit 753, 1688, 5.93494, 0
PixelHit 754, 1683, 7.33341, 0
PixelHit 754, 1684, 8.57162, 0
PixelHit 754, 1685, 17.4645, 0
PixelHit 754, 1686, 18.7752, 0
PixelHit 754, 1687, 11.7168, 0
PixelHit 754, 1688, 2.65907, 0
PixelHit 755, 1683, 5.69025, 0
PixelHit 755, 1684, 9.83866, 0
PixelHit 755, 1685, 24.8693, 0
PixelHit 755, 1686, 21.5755, 0
PixelHit 755, 1687, 4.76516, 0
PixelHit 755, 1688, 0.54891, 0
PixelHit 756, 1682, 1.59237, 0
PixelHit 756, 1683, 9.43678, 0
PixelHit 756, 1684, 9.66539, 0
PixelHit 756, 1685, 17.1015, 0
PixelHit 756, 1686, 4.01421, 0
PixelHit 757, 1682, 2.18624, 0
PixelHit 757, 1683, 6.81856, 0
PixelHit 757, 1684, 15.0622, 0
PixelHit 757, 1685, 13.6168, 0
PixelHit 757, 1686, 6.49213, 0
PixelHit 758, 1680, 0.977406, 0
PixelHit 758, 1682, 1.67842, 0
PixelHit 758, 1683, 10.4928, 0
PixelHit 758, 1684, 14.7166, 0
PixelHit 758, 1685, 6.14686, 0
PixelHit 758, 1686, 6.73884, 0
PixelHit 759, 1682, 2.83399, 0
PixelHit 759, 1683, 8.04912, 0
PixelHit 759, 1684, 10.3198, 0
PixelHit 759, 1685, 5.82906, 0
PixelHit 759, 1686, 3.2993, 0
PixelHit 760, 1680, 2.17986, 0
PixelHit 760, 1681, 4.66567, 0
PixelHit 760, 1682, 14.7656, 0
PixelHit 760, 1683, 22.1542, 0
PixelHit 760, 1684, 21.0233, 0
PixelHit 760, 1685, 7.37003, 0
PixelHit 761, 1681, 2.81969, 0
PixelHit 761, 1682, 6.9103, 0
PixelHit 761, 1683, 19.5798, 0
PixelHit 761, 1684, 15.2963, 0
PixelHit 761, 1685, 4.94459, 0
PixelHit 762, 1681, 4.49856, 0
PixelHit 762, 1682, 15.3431, 0
PixelHit 762, 1683, 16.8558, 0
PixelHit 762, 1684, 7.62789, 0
PixelHit 762, 1685, 2.2421, 0
PixelHit 763, 1677, 4.02136, 0
PixelHit 763, 1678, 11.1315, 0
PixelHit 763, 1679, 10.3229, 0
PixelHit 763, 1680, 29.9372, 0
PixelHit 763, 1681, 18.1621, 0
PixelHit 763, 1682, 16.8468, 0
PixelHit 763, 1683, 16.9473, 0
PixelHit 763, 1684, 4.87552, 0
PixelHit 763, 1685, 3.36089, 0
PixelHit 764, 1675, 1.12671, 0
PixelHit 764, 1676, 3.15962, 0
PixelHit 764, 1677, 26.0892, 0
PixelHit 764, 1678, 77.5457, 0
PixelHit 764, 1679, 93.1773, 0
PixelHit 764, 1680, 102.325, 0
PixelHit 764, 1681, 45.6062, 0
PixelHit 764, 1682, 32.1535, 0
PixelHit 764, 1683, 28.7572, 0
PixelHit 764, 1684, 8.95052, 0
PixelHit 764, 1685, 3.01935, 0
PixelHit 765, 1675, 2.49489, 0
PixelHit 765, 1676, 19.1406, 0
PixelHit 765, 1677, 94.9691, 0
PixelHit 765, 1678, 236.725, 0
PixelHit 765, 1679, 367.573, 0
PixelHit 765, 1680, 242.47, 0
PixelHit 765, 1681, 136.227, 0
PixelHit 765, 1682, 62.332, 0
PixelHit 765, 1683, 15.2244, 0
PixelHit 765, 1684, 4.21802, 0
PixelHit 765, 1685, 2.74496, 0
PixelHit 766, 1675, 3.34887, 0
PixelHit 766, 1676, 31.4772, 0
PixelHit 766, 1677, 159.085, 0
PixelHit 766, 1678, 385.171, 0
PixelHit 766, 1679, 512.519, 0
PixelHit 766, 1680, 417.502, 0
PixelHit 766, 1681, 229.679, 0
PixelHit 766, 1682, 92.158, 0
PixelHit 766, 1683, 28.0242, 0
PixelHit 766, 1684, 3.05034, 0
PixelHit 767, 1676, 28.537, 0
PixelHit 767, 1677, 90.9779, 0
PixelHit 767, 1678, 307.462, 0
PixelHit 767, 1679, 450.724, 0
PixelHit 767, 1680, 408.317, 0
PixelHit 767, 1681, 274.188, 0
PixelHit 767, 1682, 103.503, 0
PixelHit 767, 1683, 18.1508, 0
PixelHit 767, 1684, 2.11534, 0
PixelHit 768, 1676, 8.62374, 0
PixelHit 768, 1677, 33.6499, 0
PixelHit 768, 1678, 127.145, 0
PixelHit 768, 1679, 238.378, 0
PixelHit 768, 1680, 349.006, 0
PixelHit 768, 1681, 269.635, 0
PixelHit 768, 1682, 103.588, 0
PixelHit 768, 1683, 19.8062, 0
PixelHit 768, 1684, 1.02193, 0
PixelHit 768, 1685, 1.70303, 0
PixelHit 769, 1676, 5.83265, 0
PixelHit 769, 1677, 12.1681, 0
PixelHit 769, 1678, 53.5067, 0
PixelHit 769, 1679, 193.537, 0
PixelHit 769, 1680, 335.768, 0
PixelHit 769, 1681, 293.433, 0
PixelHit 769, 1682, 108.572, 0
PixelHit 769, 1683, 18.1976, 0
PixelHit 770, 1677, 7.74865, 0
PixelHit 770, 1678, 40.3348, 0
PixelHit 770, 1679, 141.769, 0
PixelHit 770, 1680, 234.588, 0
PixelHit 770, 1681, 217.989, 0
PixelHit 770, 1682, 82.1759, 0
PixelHit 770, 1683, 23.6764, 0
PixelHit 771, 1677, 3.08514, 0
PixelHit 771, 1678, 23.8032, 0
PixelHit 771, 1679, 67.5952, 0
PixelHit 771, 1680, 129.917, 0
PixelHit 771, 1681, 106.535, 0
PixelHit 771, 1682, 32.7072, 0
PixelHit 771, 1683, 10.2364, 0
PixelHit 772, 1677, 7.27946, 0
PixelHit 772, 1678, 12.4656, 0
PixelHit 772, 1679, 34.9605, 0
PixelHit 772, 1680, 42.9687, 0
PixelHit 772, 1681, 44.7868, 0
PixelHit 772, 1682, 14.1267, 0
PixelHit 772, 1683, 4.42433, 0
PixelHit 773, 1678, 9.64628, 0
PixelHit 773, 1679, 18.4001, 0
PixelHit 773, 1680, 23.3319, 0
PixelHit 773, 1681, 10.5143, 0
PixelHit 773, 1682, 1.77629, 0
PixelHit 774, 1677, 5.31514, 0
PixelHit 774, 1678, 21.1004, 0
PixelHit 774, 1679, 15.9244, 0
PixelHit 774, 1680, 10.176, 0
PixelHit 774, 1681, 6.3132, 0
PixelHit 774, 1682, 1.4253, 0
PixelHit 775, 1677, 9.99479, 0
PixelHit 775, 1678, 17.0416, 0
PixelHit 775, 1679, 15.2219, 0
PixelHit 775, 1680, 15.9058, 0
PixelHit 775, 1681, 1.8624, 0
PixelHit 776, 1676, 2.03274, 0
PixelHit 776, 1677, 6.11856, 0
PixelHit 776, 1678, 10.5506, 0
PixelHit 776, 1679, 9.00755, 0
PixelHit 776, 1680, 5.95808, 0
PixelHit 777, 1677, 3.58813, 0
PixelHit 777, 1678, 4.09559, 0
PixelHit 777, 1679, 0.421299, 0
PixelHit 777, 1680, 2.79866, 0
PixelHit 778, 1677, 0.307665, 0
PixelHit 778, 1678, 2.68014, 0
=== 51 ===
=== 52 ===
=== 53 ===
=== 54 ===
=== 55 ===
=== 56 ===
=== 57 ===
=== 58 ===
=== 59 ===
=== 60 ===
=== 61 ===
=== 62 ===
=== 63 ===
=== 64 ===
=== 65 ===
=== 66 ===
=== 67 ===
=== 68 ===
=== 69 ===
=== 70 ===
=== 71 ===
=== 72 ===
=== 73 ===
=== 74 ===
=== 75 ===
=== 76 ===
=== 77 ===
=== 78 ===
=== 79 ===
=== 80 ===
=== 81 ===
=== 82 ===
=== 83 ===
=== 84 ===
=== 85 ===
=== 86 ===
=== 87 ===
=== 88 ===
=== 89 ===
=== 90 ===
=== 91 ===
=== 92 ===
=== 93 ===
=== 94 ===
=== 95 ===
=== 96 ===
=== 97 ===
=== 98 ===
=== 99 ===
=== 100 ===
# 530 objects from 2 messages
