# Allpix Squared ASCII data - https://cern.ch/allpix-squared

=== 1 ===
=== 2 ===
=== 3 ===
=== 4 ===
=== 5 ===
=== 6 ===
=== 7 ===
=== 8 ===
=== 9 ===
=== 10 ===
=== 11 ===
=== 12 ===
=== 13 ===
=== 14 ===
=== 15 ===
=== 16 ===
=== 17 ===
=== 18 ===
=== 19 ===
=== 20 ===
=== 21 ===
=== 22 ===
=== 23 ===
=== 24 ===
=== 25 ===
=== 26 ===
=== 27 ===
=== 28 ===
=== 29 ===
--- mydetector ---
PixelHit 1312, 1868, 2.49367, 0
PixelHit 1312, 1869, 3.37655, 0
PixelHit 1312, 1870, 1.32638, 0
PixelHit 1313, 1867, 0.764623, 0
PixelHit 1313, 1868, 3.13745, 0
PixelHit 1313, 1869, 5.43044, 0
PixelHit 1313, 1870, 3.41513, 0
PixelHit 1313, 1871, 4.29176, 0
PixelHit 1314, 1866, 3.06261, 0
PixelHit 1314, 1867, 6.67321, 0
PixelHit 1314, 1868, 8.59647, 0
PixelHit 1314, 1869, 15.6101, 0
PixelHit 1314, 1870, 5.44567, 0
PixelHit 1314, 1871, 2.29883, 0
PixelHit 1314, 1872, 1.04575, 0
PixelHit 1315, 1866, 2.91465, 0
PixelHit 1315, 1867, 10.0865, 0
PixelHit 1315, 1868, 14.7326, 0
PixelHit 1315, 1869, 22.432, 0
PixelHit 1315, 1870, 8.18063, 0
PixelHit 1315, 1871, 2.14423, 0
PixelHit 1316, 1864, 1.76323, 0
PixelHit 1316, 1865, 5.8608, 0
PixelHit 1316, 1866, 7.29198, 0
PixelHit 1316, 1867, 13.8914, 0
PixelHit 1316, 1868, 20.344, 0
PixelHit 1316, 1869, 17.8503, 0
PixelHit 1316, 1870, 7.87212, 0
PixelHit 1316, 1871, 2.04536, 0
PixelHit 1316, 1872, 2.6463, 0
PixelHit 1317, 1863, 5.13378, 0
PixelHit 1317, 1864, 8.41545, 0
PixelHit 1317, 1865, 6.15583, 0
PixelHit 1317, 1866, 6.90056, 0
PixelHit 1317, 1867, 17.9108, 0
PixelHit 1317, 1868, 12.8717, 0
PixelHit 1317, 1869, 7.38945, 0
PixelHit 1317, 1870, 6.04989, 0
PixelHit 1318, 1862, 5.96759, 0
PixelHit 1318, 1863, 10.7006, 0
PixelHit 1318, 1864, 24.6515, 0
PixelHit 1318, 1865, 30.7646, 0
PixelHit 1318, 1866, 22.1977, 0
PixelHit 1318, 1867, 5.62384, 0
PixelHit 1318, 1868, 4.77727, 0
PixelHit 1318, 1869, 1.95333, 0
PixelHit 1319, 1861, 4.90118, 0
PixelHit 1319, 1862, 6.87959, 0
PixelHit 1319, 1863, 30.1164, 0
PixelHit 1319, 1864, 52.9854, 0
PixelHit 1319, 1865, 48.0679, 0
PixelHit 1319, 1866, 23.296, 0
PixelHit 1319, 1867, 14.9125, 0
PixelHit 1320, 1860, 0.713669, 0
PixelHit 1320, 1861, 2.45009, 0
PixelHit 1320, 1862, 12.1674, 0
PixelHit 1320, 1863, 28.9167, 0
PixelHit 1320, 1864, 46.779, 0
PixelHit 1320, 1865, 37.9325, 0
PixelHit 1320, 1866, 9.0063, 0
PixelHit 1320, 1867, 1.92934, 0
PixelHit 1321, 1858, 2.89882, 0
PixelHit 1321, 1859, 0.725526, 0
PixelHit 1321, 1860, 4.75328, 0
PixelHit 1321, 1861, 5.29354, 0
PixelHit 1321, 1862, 9.08395, 0
PixelHit 1321, 1863, 16.2331, 0
PixelHit 1321, 1864, 24.4181, 0
PixelHit 1321, 1865, 12.9973, 0
PixelHit 1321, 1866, 3.66288, 0
PixelHit 1322, 1857, 3.6626, 0
PixelHit 1322, 1858, 9.85523, 0
PixelHit 1322, 1859, 6.28515, 0
PixelHit 1322, 1860, 1.78679, 0
PixelHit 1322, 1861, 4.15276, 0
PixelHit 1322, 1862, 0.195694, 0
PixelHit 1322, 1863, 3.56242, 0
PixelHit 1322, 1864, 3.70089, 0
PixelHit 1323, 1855, 4.78531, 0
PixelHit 1323, 1856, 4.66398, 0
PixelHit 1323, 1857, 14.2101, 0
PixelHit 1323, 1858, 29.4655, 0
PixelHit 1323, 1859, 23.0807, 0
PixelHit 1323, 1860, 11.4536, 0
PixelHit 1323, 1861, 1.76617, 0
PixelHit 1324, 1854, 3.86362, 0
PixelHit 1324, 1855, 12.4334, 0
PixelHit 1324, 1856, 19.5547, 0
PixelHit 1324, 1857, 31.7151, 0
PixelHit 1324, 1858, 29.4632, 0
PixelHit 1324, 1859, 12.1152, 0
PixelHit 1324, 1860, 4.96119, 0
PixelHit 1325, 1853, 2.33283, 0
PixelHit 1325, 1854, 19.072, 0
PixelHit 1325, 1855, 71.8802, 0
PixelHit 1325, 1856, 58.4771, 0
PixelHit 1325, 1857, 37.2175, 0
PixelHit 1325, 1858, 10.8936, 0
PixelHit 1325, 1859, 1.85703, 0
PixelHit 1326, 1853, 9.79126, 0
PixelHit 1326, 1854, 52.1281, 0
PixelHit 1326, 1855, 94.3844, 0
PixelHit 1326, 1856, 62.48, 0
PixelHit 1326, 1857, 16.1347, 0
PixelHit 1326, 1858, 3.5652, 0
PixelHit 1326, 1860, 2.91307, 0
PixelHit 1327, 1851, 6.03504, 0
PixelHit 1327, 1852, 14.5968, 0
PixelHit 1327, 1853, 38.2534, 0
PixelHit 1327, 1854, 35.89, 0
PixelHit 1327, 1855, 45.1992, 0
PixelHit 1327, 1856, 22.1145, 0
PixelHit 1327, 1857, 0.985921, 0
PixelHit 1328, 1850, 2.73946, 0
PixelHit 1328, 1851, 13.8615, 0
PixelHit 1328, 1852, 34.2627, 0
PixelHit 1328, 1853, 35.8711, 0
PixelHit 1328, 1854, 30.3179, 0
PixelHit 1328, 1855, 10.5035, 0
PixelHit 1328, 1856, 1.0834, 0
PixelHit 1329, 1849, 3.17447, 0
PixelHit 1329, 1850, 7.58998, 0
PixelHit 1329, 1851, 28.8223, 0
PixelHit 1329, 1852, 14.7297, 0
PixelHit 1329, 1853, 2.63564, 0
PixelHit 1329, 1854, -0.422611, 0
PixelHit 1330, 1848, 4.51518, 0
PixelHit 1330, 1849, 12.4749, 0
PixelHit 1330, 1850, 7.77061, 0
PixelHit 1330, 1851, 6.99457, 0
PixelHit 1330, 1853, 2.85486, 0
PixelHit 1331, 1847, 18.8725, 0
PixelHit 1331, 1848, 59.1211, 0
PixelHit 1331, 1849, 24.9738, 0
PixelHit 1331, 1850, 2.726, 0
PixelHit 1332, 1845, 2.80233, 0
PixelHit 1332, 1846, 60.6341, 0
PixelHit 1332, 1847, 57.7563, 0
PixelHit 1332, 1848, 24.6505, 0
PixelHit 1332, 1849, 1.46825, 0
PixelHit 1333, 1844, 2.28869, 0
PixelHit 1333, 1845, 103.372, 0
PixelHit 1333, 1846, 84.3055, 0
PixelHit 1333, 1847, 11.7677, 0
PixelHit 1334, 1845, 27.0501, 0
PixelHit 1334, 1846, 8.10986, 0
PixelHit 1612, 911, 11.1004, 0
PixelHit 1612, 912, 2.58502, 0
PixelHit 1613, 908, 1.13755, 0
PixelHit 1613, 909, 10.7329, 0
PixelHit 1613, 910, 28.3776, 0
PixelHit 1613, 911, 71.0755, 0
PixelHit 1613, 912, 0.967386, 0
PixelHit 1614, 907, 5.09153, 0
PixelHit 1614, 908, 46.9708, 0
PixelHit 1614, 909, 35.9958, 0
PixelHit 1614, 910, 6.42083, 0
PixelHit 1614, 911, 4.36591, 0
PixelHit 1615, 905, 3.60119, 0
PixelHit 1615, 906, 12.9526, 0
PixelHit 1615, 907, 30.5408, 0
PixelHit 1615, 908, 24.8916, 0
PixelHit 1615, 909, 3.61797, 0
PixelHit 1616, 902, 1.13234, 0
PixelHit 1616, 904, 8.83346, 0
PixelHit 1616, 905, 31.368, 0
PixelHit 1616, 906, 29.7017, 0
PixelHit 1616, 907, 13.4743, 0
PixelHit 1617, 900, 4.95041, 0
PixelHit 1617, 901, 9.54128, 0
PixelHit 1617, 902, 11.2546, 0
PixelHit 1617, 903, 25.9645, 0
PixelHit 1617, 904, 20.7219, 0
PixelHit 1617, 905, 13.3548, 0
PixelHit 1617, 906, 12.0232, 0
PixelHit 1618, 898, 0.908078, 0
PixelHit 1618, 899, 2.09286, 0
PixelHit 1618, 900, 5.81252, 0
PixelHit 1618, 901, 40.345, 0
PixelHit 1618, 902, 41.3943, 0
PixelHit 1618, 903, 15.4845, 0
PixelHit 1618, 904, 10.3105, 0
PixelHit 1619, 894, 2.14662, 0
PixelHit 1619, 897, 0.979757, 0
PixelHit 1619, 898, 7.66588, 0
PixelHit 1619, 899, 9.7073, 0
PixelHit 1619, 900, 10.4637, 0
PixelHit 1619, 901, 23.3638, 0
PixelHit 1619, 902, 17.0252, 0
PixelHit 1619, 903, 5.47919, 0
PixelHit 1620, 893, 2.12328, 0
PixelHit 1620, 894, 3.3467, 0
PixelHit 1620, 895, 11.3693, 0
PixelHit 1620, 896, 7.17437, 0
PixelHit 1620, 897, 7.36456, 0
PixelHit 1620, 898, 19.2671, 0
PixelHit 1620, 899, 20.062, 0
PixelHit 1620, 900, 2.20971, 0
PixelHit 1620, 901, 3.56451, 0
PixelHit 1620, 902, 1.05246, 0
PixelHit 1621, 892, 4.23382, 0
PixelHit 1621, 893, 31.2965, 0
PixelHit 1621, 894, 70.8224, 0
PixelHit 1621, 895, 61.6567, 0
PixelHit 1621, 896, 28.3881, 0
PixelHit 1621, 897, 20.8746, 0
PixelHit 1621, 898, 4.96261, 0
PixelHit 1621, 899, 4.33131, 0
PixelHit 1622, 892, 7.11552, 0
PixelHit 1622, 893, 94.5198, 0
PixelHit 1622, 894, 248.012, 0
PixelHit 1622, 895, 140.026, 0
PixelHit 1622, 896, 48.1303, 0
PixelHit 1622, 897, 9.7183, 0
PixelHit 1622, 898, 4.55216, 0
PixelHit 1623, 891, 4.9512, 0
PixelHit 1623, 892, 11.6481, 0
PixelHit 1623, 893, 70.7234, 0
PixelHit 1623, 894, 165.915, 0
PixelHit 1623, 895, 85.4322, 0
PixelHit 1623, 896, 16.2971, 0
PixelHit 1623, 897, 1.337, 0
PixelHit 1624, 883, 7.49538, 0
PixelHit 1624, 884, 4.87359, 0
PixelHit 1624, 885, 2.28619, 0
PixelHit 1624, 886, 1.26823, 0
PixelHit 1624, 887, 0.677456, 0
PixelHit 1624, 889, 4.00393, 0
PixelHit 1624, 890, 5.18508, 0
PixelHit 1624, 891, 1.76801, 0
PixelHit 1624, 892, 2.64302, 0
PixelHit 1624, 893, 26.1056, 0
PixelHit 1624, 894, 30.62, 0
PixelHit 1624, 895, 15.3153, 0
PixelHit 1624, 896, 2.06835, 0
PixelHit 1624, 897, 0.692027, 0
PixelHit 1625, 881, 5.44011, 0
PixelHit 1625, 882, 21.2857, 0
PixelHit 1625, 883, 50.3947, 0
PixelHit 1625, 884, 49.3393, 0
PixelHit 1625, 885, 15.5678, 0
PixelHit 1625, 886, 5.16043, 0
PixelHit 1625, 887, 10.7376, 0
PixelHit 1625, 888, 8.85234, 0
PixelHit 1625, 889, 12.9766, 0
PixelHit 1625, 890, 13.2494, 0
PixelHit 1625, 891, 3.69553, 0
PixelHit 1626, 880, 4.14028, 0
PixelHit 1626, 881, 25.6454, 0
PixelHit 1626, 882, 116.991, 0
PixelHit 1626, 883, 229.578, 0
PixelHit 1626, 884, 223.236, 0
PixelHit 1626, 885, 80.0528, 0
PixelHit 1626, 886, 33.3317, 0
PixelHit 1626, 887, 22.9227, 0
PixelHit 1626, 888, 7.48407, 0
PixelHit 1626, 889, 3.62353, 0
PixelHit 1626, 890, 5.76789, 0
PixelHit 1626, 891, 4.08266, 0
PixelHit 1627, 880, 8.71844, 0
PixelHit 1627, 881, 68.7161, 0
PixelHit 1627, 882, 280.35, 0
PixelHit 1627, 883, 588.635, 0
PixelHit 1627, 884, 509.24, 0
PixelHit 1627, 885, 244.552, 0
PixelHit 1627, 886, 67.7691, 0
PixelHit 1627, 887, 12.8851, 0
PixelHit 1627, 888, 7.27865, 0
PixelHit 1627, 889, 3.02222, 0
PixelHit 1628, 880, 6.80993, 0
PixelHit 1628, 881, 78.9723, 0
PixelHit 1628, 882, 301.437, 0
PixelHit 1628, 883, 635.797, 0
PixelHit 1628, 884, 583.453, 0
PixelHit 1628, 885, 250.801, 0
PixelHit 1628, 886, 57.2696, 0
PixelHit 1628, 887, 9.96473, 0
PixelHit 1629, 879, 2.67424, 0
PixelHit 1629, 880, 5.16874, 0
PixelHit 1629, 881, 48.0899, 0
PixelHit 1629, 882, 154.607, 0
PixelHit 1629, 883, 295.109, 0
PixelHit 1629, 884, 263.51, 0
PixelHit 1629, 885, 109.509, 0
PixelHit 1629, 886, 27.5189, 0
PixelHit 1629, 887, 10.4035, 0
PixelHit 1629, 888, 1.89836, 0
PixelHit 1630, 877, 3.93016, 0
PixelHit 1630, 878, 1.65428, 0
PixelHit 1630, 879, 5.06498, 0
PixelHit 1630, 880, 5.73309, 0
PixelHit 1630, 881, 22.8488, 0
PixelHit 1630, 882, 48.3645, 0
PixelHit 1630, 883, 70.1135, 0
PixelHit 1630, 884, 68.0397, 0
PixelHit 1630, 885, 22.7956, 0
PixelHit 1630, 886, 5.95516, 0
PixelHit 1630, 887, 1.92135, 0
PixelHit 1631, 877, 4.87765, 0
PixelHit 1631, 878, 6.77661, 0
PixelHit 1631, 879, 9.17634, 0
PixelHit 1631, 880, 10.9592, 0
PixelHit 1631, 881, 8.73282, 0
PixelHit 1631, 882, 7.26317, 0
PixelHit 1631, 883, 7.6017, 0
PixelHit 1631, 884, 11.601, 0
PixelHit 1631, 885, 2.42843, 0
PixelHit 1631, 887, 0.851088, 0
PixelHit 1632, 874, 0.266531, 0
PixelHit 1632, 875, 2.34084, 0
PixelHit 1632, 876, 6.19608, 0
PixelHit 1632, 877, 12.1759, 0
PixelHit 1632, 878, 8.70822, 0
PixelHit 1632, 879, 8.74326, 0
PixelHit 1632, 880, 13.2649, 0
PixelHit 1632, 881, 3.94556, 0
PixelHit 1632, 883, 1.65438, 0
PixelHit 1633, 874, 0.86972, 0
PixelHit 1633, 875, 2.66933, 0
PixelHit 1633, 876, 15.3661, 0
PixelHit 1633, 877, 26.5166, 0
PixelHit 1633, 878, 11.2202, 0
PixelHit 1633, 879, 12.4362, 0
PixelHit 1633, 880, 5.91218, 0
PixelHit 1633, 881, 1.20536, 0
PixelHit 1634, 875, 0.836497, 0
PixelHit 1634, 876, 7.48204, 0
PixelHit 1634, 877, 14.0595, 0
PixelHit 1634, 878, 3.71498, 0
PixelHit 1634, 879, 19.0663, 0
PixelHit 1634, 880, 1.94252, 0
PixelHit 1635, 874, 1.64166, 0
PixelHit 1635, 876, 8.76689, 0
PixelHit 1635, 877, 5.77031, 0
PixelHit 1635, 878, 3.0641, 0
PixelHit 1635, 879, 3.31082, 0
PixelHit 1636, 875, 2.65608, 0
=== 30 ===
=== 31 ===
=== 32 ===
=== 33 ===
=== 34 ===
=== 35 ===
=== 36 ===
=== 37 ===
=== 38 ===
=== 39 ===
=== 40 ===
=== 41 ===
=== 42 ===
=== 43 ===
=== 44 ===
=== 45 ===
=== 46 ===
=== 47 ===
=== 48 ===
=== 49 ===
=== 50 ===
=== 51 ===
=== 52 ===
=== 53 ===
=== 54 ===
=== 55 ===
=== 56 ===
=== 57 ===
=== 58 ===
=== 59 ===
=== 60 ===
=== 61 ===
=== 62 ===
=== 63 ===
=== 64 ===
=== 65 ===
=== 66 ===
=== 67 ===
=== 68 ===
=== 69 ===
=== 70 ===
=== 71 ===
=== 72 ===
=== 73 ===
=== 74 ===
=== 75 ===
=== 76 ===
=== 77 ===
=== 78 ===
=== 79 ===
=== 80 ===
=== 81 ===
=== 82 ===
=== 83 ===
=== 84 ===
=== 85 ===
=== 86 ===
=== 87 ===
=== 88 ===
=== 89 ===
=== 90 ===
=== 91 ===
=== 92 ===
=== 93 ===
=== 94 ===
=== 95 ===
=== 96 ===
=== 97 ===
=== 98 ===
=== 99 ===
=== 100 ===
# 337 objects from 1 messages
