# Allpix Squared ASCII data - https://cern.ch/allpix-squared

=== 1 ===
=== 2 ===
=== 3 ===
=== 4 ===
=== 5 ===
=== 6 ===
=== 7 ===
=== 8 ===
=== 9 ===
=== 10 ===
=== 11 ===
=== 12 ===
=== 13 ===
=== 14 ===
=== 15 ===
=== 16 ===
=== 17 ===
=== 18 ===
=== 19 ===
=== 20 ===
=== 21 ===
=== 22 ===
=== 23 ===
=== 24 ===
--- mydetector ---
PixelHit 790, 1490, 4.39295, 0
PixelHit 790, 1491, 14.3719, 0
PixelHit 791, 1490, 26.9368, 0
PixelHit 791, 1491, 43.7873, 0
PixelHit 792, 1490, 13.1886, 0
PixelHit 792, 1491, 11.3507, 0
PixelHit 793, 1490, 75.5497, 0
PixelHit 793, 1491, 67.1896, 0
PixelHit 794, 1490, 54.3113, 0
PixelHit 794, 1491, 35.7235, 0
PixelHit 795, 1490, 27.2871, 0
PixelHit 795, 1491, 32.8128, 0
PixelHit 796, 1490, 18.805, 0
PixelHit 796, 1491, 8.54638, 0
PixelHit 797, 1490, 13.7485, 0
PixelHit 797, 1491, 12.3052, 0
PixelHit 798, 1490, 6.33648, 0
PixelHit 799, 1490, 6.59856, 0
PixelHit 799, 1491, 8.4488, 0
PixelHit 800, 1489, 2.76998, 0
PixelHit 800, 1490, 41.5264, 0
PixelHit 800, 1491, 25.1787, 0
PixelHit 801, 1489, 3.45052, 0
PixelHit 801, 1490, 90.9424, 0
PixelHit 801, 1491, 47.2517, 0
PixelHit 801, 1492, 1.75493, 0
PixelHit 802, 1489, 8.99697, 0
PixelHit 802, 1490, 92.031, 0
PixelHit 802, 1491, 34.4111, 0
PixelHit 802, 1492, 1.84894, 0
PixelHit 803, 1489, 3.89854, 0
PixelHit 803, 1490, 52.1942, 0
PixelHit 803, 1491, 25.4554, 0
PixelHit 804, 1490, 19.3398, 0
PixelHit 804, 1491, 17.2389, 0
PixelHit 805, 1489, 2.56736, 0
PixelHit 805, 1490, 11.0686, 0
PixelHit 805, 1491, 4.86183, 0
PixelHit 805, 1492, 1.41058, 0
PixelHit 806, 1489, 13.987, 0
PixelHit 806, 1490, 50.7695, 0
PixelHit 806, 1491, 22.411, 0
PixelHit 807, 1489, 14.7123, 0
PixelHit 807, 1490, 86.7018, 0
PixelHit 807, 1491, 33.2435, 0
PixelHit 808, 1489, 19.3332, 0
PixelHit 808, 1490, 92.8371, 0
PixelHit 808, 1491, 37.4617, 0
PixelHit 809, 1489, 23.0441, 0
PixelHit 809, 1490, 110.189, 0
PixelHit 809, 1491, 50.7255, 0
PixelHit 809, 1492, 3.75316, 0
PixelHit 810, 1489, 10.5511, 0
PixelHit 810, 1490, 56.8889, 0
PixelHit 810, 1491, 25.1695, 0
PixelHit 810, 1492, 0.785938, 0
PixelHit 811, 1488, 1.19369, 0
PixelHit 811, 1489, 7.00798, 0
PixelHit 811, 1490, 29.7955, 0
PixelHit 811, 1491, 8.48423, 0
PixelHit 812, 1489, 10.8909, 0
PixelHit 812, 1490, 53.7903, 0
PixelHit 812, 1491, 30.7557, 0
PixelHit 812, 1492, 2.95571, 0
PixelHit 813, 1489, 7.05419, 0
PixelHit 813, 1490, 27.2032, 0
PixelHit 813, 1491, 10.8317, 0
PixelHit 814, 1488, 2.53363, 0
PixelHit 814, 1489, 2.84412, 0
PixelHit 814, 1490, 20.0026, 0
PixelHit 814, 1491, 8.64026, 0
PixelHit 815, 1489, 5.59814, 0
PixelHit 815, 1490, 13.6443, 0
PixelHit 815, 1491, 4.94005, 0
PixelHit 816, 1489, 15.9605, 0
PixelHit 816, 1490, 32.9281, 0
PixelHit 816, 1491, 10.4173, 0
PixelHit 816, 1492, 3.27176, 0
PixelHit 817, 1489, 13.2652, 0
PixelHit 817, 1490, 54.4314, 0
PixelHit 817, 1491, 25.267, 0
PixelHit 817, 1492, 4.32898, 0
PixelHit 818, 1488, 2.08892, 0
PixelHit 818, 1489, 22.4026, 0
PixelHit 818, 1490, 47.5767, 0
PixelHit 818, 1491, 16.9179, 0
PixelHit 819, 1488, 2.07507, 0
PixelHit 819, 1489, 29.5189, 0
PixelHit 819, 1490, 35.2067, 0
PixelHit 819, 1491, 13.0796, 0
PixelHit 819, 1492, 1.48852, 0
PixelHit 820, 1488, 2.40732, 0
PixelHit 820, 1489, 4.02818, 0
PixelHit 820, 1490, 23.0378, 0
PixelHit 820, 1491, 11.574, 0
PixelHit 821, 1487, 2.07383, 0
PixelHit 821, 1488, 3.30036, 0
PixelHit 821, 1490, 19.5247, 0
PixelHit 821, 1491, 5.08751, 0
PixelHit 822, 1488, 5.05604, 0
PixelHit 822, 1489, 35.8431, 0
PixelHit 822, 1490, 75.1836, 0
PixelHit 822, 1491, 30.3487, 0
PixelHit 822, 1492, 4.58228, 0
PixelHit 823, 1488, 6.54262, 0
PixelHit 823, 1489, 59.394, 0
PixelHit 823, 1490, 110.911, 0
PixelHit 823, 1491, 32.796, 0
PixelHit 823, 1492, 3.19217, 0
PixelHit 824, 1488, 3.94869, 0
PixelHit 824, 1489, 25.9085, 0
PixelHit 824, 1490, 41.9389, 0
PixelHit 824, 1491, 17.4482, 0
PixelHit 825, 1488, 0.950026, 0
PixelHit 825, 1489, 7.99966, 0
PixelHit 825, 1490, 10.3288, 0
PixelHit 825, 1491, 7.83577, 0
PixelHit 826, 1489, 3.37232, 0
PixelHit 826, 1490, 11.8239, 0
PixelHit 826, 1491, 3.32061, 0
PixelHit 827, 1487, 1.28315, 0
PixelHit 827, 1489, 6.81791, 0
PixelHit 827, 1490, 12.7809, 0
PixelHit 827, 1491, 3.63038, 0
PixelHit 828, 1489, 4.49782, 0
PixelHit 828, 1490, 6.61638, 0
PixelHit 828, 1491, 3.13265, 0
PixelHit 829, 1489, 1.76532, 0
PixelHit 829, 1490, 2.38458, 0
PixelHit 830, 1488, 1.03158, 0
PixelHit 830, 1489, 2.18982, 0
PixelHit 830, 1490, 2.61449, 0
PixelHit 831, 1487, 2.34946, 0
PixelHit 831, 1489, 3.67626, 0
PixelHit 831, 1491, 4.48154, 0
PixelHit 832, 1489, 12.429, 0
PixelHit 832, 1490, 13.2032, 0
PixelHit 832, 1491, 1.53342, 0
PixelHit 833, 1488, 11.7245, 0
PixelHit 833, 1489, 13.777, 0
PixelHit 833, 1490, 19.6516, 0
PixelHit 833, 1491, 11.9761, 0
PixelHit 834, 1488, 8.47176, 0
PixelHit 834, 1489, 40.8341, 0
PixelHit 834, 1490, 50.1499, 0
PixelHit 834, 1491, 19.6744, 0
PixelHit 835, 1488, 10.0784, 0
PixelHit 835, 1489, 42.2046, 0
PixelHit 835, 1490, 49.412, 0
PixelHit 835, 1491, 19.3452, 0
PixelHit 835, 1492, 1.96029, 0
PixelHit 836, 1487, 1.29929, 0
PixelHit 836, 1488, 1.59924, 0
PixelHit 836, 1489, 15.4129, 0
PixelHit 836, 1490, 18.3356, 0
PixelHit 836, 1491, 9.49351, 0
PixelHit 837, 1488, 4.09206, 0
PixelHit 837, 1489, 14.8275, 0
PixelHit 837, 1490, 13.2396, 0
PixelHit 837, 1491, 4.02036, 0
PixelHit 838, 1489, 14.4015, 0
PixelHit 838, 1490, 14.204, 0
PixelHit 838, 1491, 9.15761, 0
PixelHit 838, 1492, 2.23354, 0
PixelHit 839, 1488, 5.72156, 0
PixelHit 839, 1489, 31.3422, 0
PixelHit 839, 1490, 31.5238, 0
PixelHit 839, 1491, 10.2149, 0
PixelHit 839, 1492, 2.56143, 0
PixelHit 840, 1488, 10.2419, 0
PixelHit 840, 1489, 26.0788, 0
PixelHit 840, 1490, 21.0763, 0
PixelHit 840, 1491, 9.37383, 0
PixelHit 841, 1488, 5.05716, 0
PixelHit 841, 1489, 12.4556, 0
PixelHit 841, 1490, 22.4829, 0
PixelHit 841, 1491, 4.92085, 0
PixelHit 842, 1489, 13.4136, 0
PixelHit 842, 1490, 10.0026, 0
PixelHit 842, 1491, 8.34021, 0
PixelHit 843, 1488, 3.37916, 0
PixelHit 843, 1489, 25.2188, 0
PixelHit 843, 1490, 15.3991, 0
PixelHit 843, 1491, 9.61033, 0
PixelHit 843, 1492, 1.83438, 0
PixelHit 844, 1487, 1.34175, 0
PixelHit 844, 1488, 8.88835, 0
PixelHit 844, 1489, 20.5036, 0
PixelHit 844, 1490, 19.8559, 0
PixelHit 844, 1491, 6.4139, 0
PixelHit 845, 1488, 5.16527, 0
PixelHit 845, 1489, 24.9514, 0
PixelHit 845, 1490, 25.9611, 0
PixelHit 845, 1491, 10.2291, 0
PixelHit 846, 1488, 9.25049, 0
PixelHit 846, 1489, 17.8021, 0
PixelHit 846, 1490, 24.6232, 0
PixelHit 846, 1491, 5.81805, 0
PixelHit 846, 1492, 1.76603, 0
PixelHit 847, 1487, 0.971634, 0
PixelHit 847, 1488, 13.1135, 0
PixelHit 847, 1489, 26.6966, 0
PixelHit 847, 1490, 35.2208, 0
PixelHit 847, 1491, 3.69158, 0
PixelHit 847, 1492, 1.86638, 0
PixelHit 848, 1488, 15.8976, 0
PixelHit 848, 1489, 46.4957, 0
PixelHit 848, 1490, 50.0238, 0
PixelHit 848, 1491, 21.6118, 0
PixelHit 848, 1492, 4.82485, 0
PixelHit 849, 1487, 5.53707, 0
PixelHit 849, 1488, 18.341, 0
PixelHit 849, 1489, 58.8378, 0
PixelHit 849, 1490, 56.9858, 0
PixelHit 849, 1491, 23.7962, 0
PixelHit 849, 1492, 5.21209, 0
PixelHit 849, 1493, 1.48213, 0
PixelHit 850, 1486, 1.22154, 0
PixelHit 850, 1488, 23.4235, 0
PixelHit 850, 1489, 60.2291, 0
PixelHit 850, 1490, 65.5021, 0
PixelHit 850, 1491, 29.5198, 0
PixelHit 850, 1493, 2.6277, 0
PixelHit 851, 1486, 2.20099, 0
PixelHit 851, 1487, 2.22265, 0
PixelHit 851, 1488, 20.5185, 0
PixelHit 851, 1489, 46.4248, 0
PixelHit 851, 1490, 36.9026, 0
PixelHit 851, 1491, 21.2321, 0
PixelHit 852, 1488, 9.42827, 0
PixelHit 852, 1489, 18.8803, 0
PixelHit 852, 1490, 19.4077, 0
PixelHit 852, 1491, 9.5362, 0
PixelHit 853, 1487, 2.46709, 0
PixelHit 853, 1488, 2.35099, 0
PixelHit 853, 1489, 12.1989, 0
PixelHit 853, 1490, 9.86713, 0
PixelHit 853, 1491, 7.01193, 0
PixelHit 854, 1488, 5.31107, 0
PixelHit 854, 1489, 9.58273, 0
PixelHit 854, 1490, 9.19245, 0
PixelHit 854, 1491, 5.64799, 0
PixelHit 855, 1488, 1.43972, 0
PixelHit 855, 1489, 9.88493, 0
PixelHit 855, 1490, 8.88471, 0
PixelHit 855, 1491, 7.63387, 0
PixelHit 856, 1487, 1.28403, 0
PixelHit 856, 1488, 6.14928, 0
PixelHit 856, 1489, 11.3938, 0
PixelHit 856, 1490, 5.97296, 0
PixelHit 856, 1491, 2.80729, 0
PixelHit 856, 1492, 2.65453, 0
PixelHit 856, 1493, 1.16105, 0
PixelHit 857, 1488, 2.58525, 0
PixelHit 857, 1489, 14.2421, 0
PixelHit 857, 1490, 13.9623, 0
PixelHit 857, 1491, 8.38093, 0
PixelHit 858, 1486, 2.33744, 0
PixelHit 858, 1488, 6.57452, 0
PixelHit 858, 1489, 7.43498, 0
PixelHit 858, 1490, 10.1415, 0
PixelHit 858, 1491, 4.56485, 0
PixelHit 858, 1492, 3.20958, 0
PixelHit 859, 1488, 9.35397, 0
PixelHit 859, 1489, 14.6881, 0
PixelHit 859, 1490, 10.444, 0
PixelHit 859, 1491, 6.58595, 0
PixelHit 859, 1492, 1.5751, 0
PixelHit 860, 1486, 1.559, 0
PixelHit 860, 1488, 8.3546, 0
PixelHit 860, 1489, 7.14999, 0
PixelHit 860, 1490, 14.4055, 0
PixelHit 860, 1491, 6.73068, 0
PixelHit 860, 1492, 1.82672, 0
PixelHit 861, 1486, 1.07628, 0
PixelHit 861, 1487, 2.73874, 0
PixelHit 861, 1488, 12.8611, 0
PixelHit 861, 1489, 16.3229, 0
PixelHit 861, 1490, 10.4707, 0
PixelHit 861, 1491, 6.21257, 0
PixelHit 861, 1492, 3.24712, 0
PixelHit 861, 1493, 0.952418, 0
PixelHit 862, 1487, 0.792799, 0
PixelHit 862, 1488, 5.87319, 0
PixelHit 862, 1489, 8.67695, 0
PixelHit 862, 1490, 9.39187, 0
PixelHit 862, 1491, 8.53346, 0
PixelHit 862, 1492, 1.68888, 0
PixelHit 863, 1487, 2.63986, 0
PixelHit 863, 1488, 10.4022, 0
PixelHit 863, 1489, 18.1849, 0
PixelHit 863, 1490, 11.3514, 0
PixelHit 863, 1491, 3.75408, 0
PixelHit 863, 1492, 2.27872, 0
PixelHit 864, 1488, 14.184, 0
PixelHit 864, 1489, 12.0058, 0
PixelHit 864, 1490, 11.4297, 0
PixelHit 864, 1491, 0.531226, 0
PixelHit 865, 1486, 1.74341, 0
PixelHit 865, 1487, 2.10992, 0
PixelHit 865, 1488, 5.29865, 0
PixelHit 865, 1489, 8.10629, 0
PixelHit 865, 1490, 13.8082, 0
PixelHit 865, 1491, 7.38256, 0
PixelHit 866, 1487, 2.42422, 0
PixelHit 866, 1488, 2.21862, 0
PixelHit 866, 1489, 9.73147, 0
PixelHit 866, 1490, 8.38586, 0
PixelHit 866, 1491, 2.34381, 0
PixelHit 867, 1487, 1.6065, 0
PixelHit 867, 1488, 11.2016, 0
PixelHit 867, 1489, 16.4858, 0
PixelHit 867, 1490, 10.8346, 0
PixelHit 867, 1491, 4.75946, 0
PixelHit 867, 1492, 3.37593, 0
PixelHit 868, 1488, 8.21311, 0
PixelHit 868, 1489, 19.8715, 0
PixelHit 868, 1490, 21.1707, 0
PixelHit 868, 1491, 6.34567, 0
PixelHit 869, 1486, 1.79479, 0
PixelHit 869, 1487, 2.50228, 0
PixelHit 869, 1488, 10.7041, 0
PixelHit 869, 1489, 31.5943, 0
PixelHit 869, 1490, 18.7587, 0
PixelHit 869, 1491, 11.4224, 0
PixelHit 869, 1492, 5.65746, 0
PixelHit 870, 1487, 10.9048, 0
PixelHit 870, 1488, 30.9951, 0
PixelHit 870, 1489, 44.1654, 0
PixelHit 870, 1490, 31.2518, 0
PixelHit 870, 1491, 11.7018, 0
PixelHit 871, 1485, 2.04099, 0
PixelHit 871, 1486, 3.80908, 0
PixelHit 871, 1487, 10.2589, 0
PixelHit 871, 1488, 25.4539, 0
PixelHit 871, 1489, 31.1835, 0
PixelHit 871, 1490, 37.8259, 0
PixelHit 871, 1491, 17.3523, 0
PixelHit 871, 1492, 5.6702, 0
PixelHit 872, 1488, 11.3431, 0
PixelHit 872, 1489, 25.6333, 0
PixelHit 872, 1490, 16.4601, 0
PixelHit 872, 1491, 13.8745, 0
PixelHit 872, 1492, 4.09997, 0
PixelHit 873, 1486, 2.82753, 0
PixelHit 873, 1488, 12.8656, 0
PixelHit 873, 1489, 15.3064, 0
PixelHit 873, 1490, 13.18, 0
PixelHit 873, 1491, 4.5628, 0
PixelHit 874, 1488, 2.70897, 0
PixelHit 874, 1489, 12.8603, 0
PixelHit 874, 1490, 4.21953, 0
PixelHit 874, 1491, 4.99061, 0
PixelHit 875, 1488, 2.55148, 0
PixelHit 875, 1489, 0.0272034, 0
PixelHit 875, 1491, 2.17615, 0
PixelHit 876, 1490, 1.06682, 0
=== 25 ===
=== 26 ===
=== 27 ===
=== 28 ===
=== 29 ===
=== 30 ===
=== 31 ===
=== 32 ===
=== 33 ===
=== 34 ===
--- mydetector ---
PixelHit 1504, 1789, 43.2903, 0
PixelHit 1504, 1790, 5.5018, 0
PixelHit 1505, 1788, 2.57015, 0
PixelHit 1505, 1789, 73.3535, 0
PixelHit 1505, 1790, 9.38921, 0
PixelHit 1506, 1788, 1.47036, 0
PixelHit 1506, 1789, 143.409, 0
PixelHit 1506, 1790, 23.5053, 0
PixelHit 1507, 1789, 72.4864, 0
PixelHit 1507, 1790, 5.53906, 0
PixelHit 1508, 1789, 8.4939, 0
PixelHit 1508, 1790, 2.41993, 0
PixelHit 1509, 1789, 11.1609, 0
PixelHit 1510, 1789, 10.3064, 0
PixelHit 1511, 1788, 6.85925, 0
PixelHit 1511, 1789, 54.9729, 0
PixelHit 1512, 1788, 21.891, 0
PixelHit 1512, 1789, 104.923, 0
PixelHit 1512, 1790, 5.288, 0
PixelHit 1513, 1788, 5.53474, 0
PixelHit 1513, 1789, 29.2254, 0
PixelHit 1514, 1788, 10.5227, 0
PixelHit 1514, 1789, 17.4731, 0
PixelHit 1515, 1788, 32.4029, 0
PixelHit 1515, 1789, 55.8432, 0
PixelHit 1516, 1787, 2.23696, 0
PixelHit 1516, 1788, 39.1933, 0
PixelHit 1516, 1789, 65.1736, 0
PixelHit 1516, 1790, 3.36553, 0
PixelHit 1517, 1787, 4.45229, 0
PixelHit 1517, 1788, 43.993, 0
PixelHit 1517, 1789, 69.3585, 0
PixelHit 1518, 1788, 86.0447, 0
PixelHit 1518, 1789, 84.2881, 0
PixelHit 1518, 1790, 2.65387, 0
PixelHit 1519, 1787, 2.63856, 0
PixelHit 1519, 1788, 33.1042, 0
PixelHit 1519, 1789, 24.5544, 0
PixelHit 1520, 1788, 19.5007, 0
PixelHit 1520, 1789, 8.63186, 0
PixelHit 1521, 1787, 6.23104, 0
PixelHit 1521, 1788, 55.8921, 0
PixelHit 1521, 1789, 18.8317, 0
PixelHit 1521, 1790, 1.42806, 0
PixelHit 1522, 1787, 8.31703, 0
PixelHit 1522, 1788, 44.0634, 0
PixelHit 1522, 1789, 18.9679, 0
PixelHit 1523, 1787, 8.28549, 0
PixelHit 1523, 1788, 26.6837, 0
PixelHit 1523, 1789, 5.3632, 0
PixelHit 1524, 1787, 12.6703, 0
PixelHit 1524, 1788, 23.4782, 0
PixelHit 1524, 1789, 7.34088, 0
PixelHit 1524, 1790, 0.670027, 0
PixelHit 1525, 1787, 15.4048, 0
PixelHit 1525, 1788, 34.9546, 0
PixelHit 1525, 1789, 10.7304, 0
PixelHit 1526, 1786, 1.05835, 0
PixelHit 1526, 1787, 49.4466, 0
PixelHit 1526, 1788, 121.334, 0
PixelHit 1526, 1789, 16.761, 0
PixelHit 1527, 1786, 1.81347, 0
PixelHit 1527, 1787, 52.8211, 0
PixelHit 1527, 1788, 112.772, 0
PixelHit 1527, 1789, 28.1097, 0
PixelHit 1528, 1786, 2.49998, 0
PixelHit 1528, 1787, 19.98, 0
PixelHit 1528, 1788, 49.9429, 0
PixelHit 1528, 1789, 2.42981, 0
PixelHit 1529, 1787, 13.6359, 0
PixelHit 1529, 1788, 24.9362, 0
PixelHit 1529, 1789, 2.25287, 0
PixelHit 1530, 1787, 45.8049, 0
PixelHit 1530, 1788, 55.1981, 0
PixelHit 1530, 1789, 8.48191, 0
PixelHit 1531, 1786, 3.1606, 0
PixelHit 1531, 1787, 36.7247, 0
PixelHit 1531, 1788, 45.3164, 0
PixelHit 1531, 1789, 5.90108, 0
PixelHit 1532, 1787, 11.5692, 0
PixelHit 1532, 1788, 12.4249, 0
PixelHit 1532, 1789, 0.957261, 0
PixelHit 1533, 1786, 2.42993, 0
PixelHit 1533, 1787, 9.44494, 0
PixelHit 1533, 1788, 12.2006, 0
PixelHit 1533, 1789, 3.92554, 0
PixelHit 1534, 1786, 20.5269, 0
PixelHit 1534, 1787, 80.2244, 0
PixelHit 1534, 1788, 68.0514, 0
PixelHit 1534, 1789, 5.30721, 0
PixelHit 1535, 1785, 1.95774, 0
PixelHit 1535, 1786, 29.9138, 0
PixelHit 1535, 1787, 111.003, 0
PixelHit 1535, 1788, 72.8865, 0
PixelHit 1535, 1789, 7.60241, 0
PixelHit 1536, 1785, 3.61605, 0
PixelHit 1536, 1786, 21.2371, 0
PixelHit 1536, 1787, 58.737, 0
PixelHit 1536, 1788, 47.5434, 0
PixelHit 1536, 1789, 3.24132, 0
PixelHit 1536, 1790, 2.85308, 0
PixelHit 1537, 1786, 46.785, 0
PixelHit 1537, 1787, 132.196, 0
PixelHit 1537, 1788, 73.69, 0
PixelHit 1537, 1789, 10.046, 0
PixelHit 1538, 1785, 13.7271, 0
PixelHit 1538, 1786, 122.224, 0
PixelHit 1538, 1787, 431.311, 0
PixelHit 1538, 1788, 279.233, 0
PixelHit 1538, 1789, 18.6316, 0
PixelHit 1539, 1785, 4.37219, 0
PixelHit 1539, 1786, 124.846, 0
PixelHit 1539, 1787, 391.816, 0
PixelHit 1539, 1788, 232.448, 0
PixelHit 1539, 1789, 24.7245, 0
PixelHit 1540, 1785, 3.38362, 0
PixelHit 1540, 1786, 25.0757, 0
PixelHit 1540, 1787, 104.476, 0
PixelHit 1540, 1788, 50.4686, 0
PixelHit 1540, 1789, 6.12666, 0
PixelHit 1541, 1785, 2.91844, 0
PixelHit 1541, 1786, 17.5686, 0
PixelHit 1541, 1787, 30.028, 0
PixelHit 1541, 1788, 10.4257, 0
PixelHit 1542, 1786, 13.842, 0
PixelHit 1542, 1787, 21.8275, 0
PixelHit 1542, 1788, 5.19061, 0
PixelHit 1543, 1785, 3.38949, 0
PixelHit 1543, 1786, 15.2981, 0
PixelHit 1543, 1787, 28.8946, 0
PixelHit 1543, 1788, 5.51642, 0
PixelHit 1544, 1785, 9.91973, 0
PixelHit 1544, 1786, 41.7232, 0
PixelHit 1544, 1787, 39.8283, 0
PixelHit 1544, 1788, 19.7947, 0
PixelHit 1545, 1785, 11.6883, 0
PixelHit 1545, 1786, 45.459, 0
PixelHit 1545, 1787, 58.6678, 0
PixelHit 1545, 1788, 7.82751, 0
PixelHit 1546, 1784, 2.36795, 0
PixelHit 1546, 1785, 3.25131, 0
PixelHit 1546, 1786, 25.8521, 0
PixelHit 1546, 1787, 21.0388, 0
PixelHit 1546, 1788, 3.58107, 0
PixelHit 1547, 1785, 4.81895, 0
PixelHit 1547, 1786, 18.0647, 0
PixelHit 1547, 1787, 10.4885, 0
PixelHit 1547, 1788, 1.98084, 0
PixelHit 1548, 1785, 10.7129, 0
PixelHit 1548, 1786, 30.0675, 0
PixelHit 1548, 1787, 13.7578, 0
PixelHit 1548, 1788, 2.93865, 0
PixelHit 1549, 1785, 21.2621, 0
PixelHit 1549, 1786, 49.5999, 0
PixelHit 1549, 1787, 29.599, 0
PixelHit 1549, 1788, 4.16512, 0
PixelHit 1550, 1784, 2.83797, 0
PixelHit 1550, 1785, 22.7285, 0
PixelHit 1550, 1786, 58.2009, 0
PixelHit 1550, 1787, 41.0268, 0
PixelHit 1550, 1788, 4.1487, 0
PixelHit 1551, 1784, 1.98966, 0
PixelHit 1551, 1785, 31.2529, 0
PixelHit 1551, 1786, 71.5594, 0
PixelHit 1551, 1787, 37.3197, 0
PixelHit 1551, 1788, 7.84078, 0
PixelHit 1552, 1785, 14.9174, 0
PixelHit 1552, 1786, 33.8108, 0
PixelHit 1552, 1787, 28.8899, 0
PixelHit 1552, 1788, 6.96904, 0
PixelHit 1553, 1785, 11.3933, 0
PixelHit 1553, 1786, 17.2009, 0
PixelHit 1553, 1787, 9.97318, 0
PixelHit 1554, 1784, 3.49812, 0
PixelHit 1554, 1785, 12.004, 0
PixelHit 1554, 1786, 27.4898, 0
PixelHit 1554, 1787, 8.61404, 0
PixelHit 1554, 1788, 1.41281, 0
PixelHit 1555, 1784, 4.73561, 0
PixelHit 1555, 1785, 25.8127, 0
PixelHit 1555, 1786, 30.0589, 0
PixelHit 1555, 1787, 12.939, 0
PixelHit 1556, 1784, 4.69051, 0
PixelHit 1556, 1785, 12.2924, 0
PixelHit 1556, 1786, 24.9661, 0
PixelHit 1556, 1787, 6.60951, 0
PixelHit 1556, 1788, 1.48031, 0
PixelHit 1557, 1785, 5.97219, 0
PixelHit 1557, 1786, 15.2247, 0
PixelHit 1557, 1787, 3.91793, 0
PixelHit 1558, 1784, 5.23201, 0
PixelHit 1558, 1785, 13.1106, 0
PixelHit 1558, 1786, 13.4947, 0
PixelHit 1558, 1787, 3.82298, 0
PixelHit 1558, 1788, 0.439746, 0
PixelHit 1559, 1784, 8.1192, 0
PixelHit 1559, 1785, 43.69, 0
PixelHit 1559, 1786, 28.1203, 0
PixelHit 1559, 1787, 6.62464, 0
PixelHit 1560, 1783, 3.72969, 0
PixelHit 1560, 1784, 16.6483, 0
PixelHit 1560, 1785, 45.9491, 0
PixelHit 1560, 1786, 53.3331, 0
PixelHit 1560, 1787, 14.6338, 0
PixelHit 1561, 1783, 5.63095, 0
PixelHit 1561, 1784, 16.9821, 0
PixelHit 1561, 1785, 50.9616, 0
PixelHit 1561, 1786, 37.0334, 0
PixelHit 1561, 1787, 10.2495, 0
PixelHit 1562, 1783, 2.44979, 0
PixelHit 1562, 1784, 20.9286, 0
PixelHit 1562, 1785, 30.6077, 0
PixelHit 1562, 1786, 38.3428, 0
PixelHit 1562, 1787, 9.3553, 0
PixelHit 1563, 1783, 2.34507, 0
PixelHit 1563, 1784, 15.0767, 0
PixelHit 1563, 1785, 29.2627, 0
PixelHit 1563, 1786, 17.0965, 0
PixelHit 1563, 1787, 1.17205, 0
PixelHit 1564, 1783, 4.371, 0
PixelHit 1564, 1784, 8.78414, 0
PixelHit 1564, 1785, 18.3048, 0
PixelHit 1564, 1786, 18.4195, 0
PixelHit 1564, 1787, -0.61299, 0
PixelHit 1565, 1784, 3.92775, 0
PixelHit 1565, 1785, 9.12465, 0
PixelHit 1565, 1786, 12.7018, 0
PixelHit 1565, 1788, 3.39196, 0
PixelHit 1566, 1784, 5.62723, 0
PixelHit 1566, 1785, 9.11773, 0
PixelHit 1566, 1786, 9.61295, 0
PixelHit 1567, 1783, 1.76324, 0
PixelHit 1567, 1784, 20.6557, 0
PixelHit 1567, 1785, 18.3773, 0
PixelHit 1567, 1786, 5.98899, 0
PixelHit 1567, 1787, 4.40016, 0
PixelHit 1568, 1784, 24.664, 0
PixelHit 1568, 1785, 19.3266, 0
PixelHit 1568, 1786, 11.7819, 0
PixelHit 1569, 1783, 2.31206, 0
PixelHit 1569, 1784, 9.67054, 0
PixelHit 1569, 1785, 20.5236, 0
PixelHit 1569, 1786, 4.38821, 0
PixelHit 1570, 1782, 2.15235, 0
PixelHit 1570, 1783, 10.4763, 0
PixelHit 1570, 1784, 12.2377, 0
PixelHit 1570, 1785, 23.7001, 0
PixelHit 1570, 1786, 9.03041, 0
PixelHit 1570, 1787, 1.15054, 0
PixelHit 1571, 1782, 2.44161, 0
PixelHit 1571, 1783, 14.1998, 0
PixelHit 1571, 1784, 37.2387, 0
PixelHit 1571, 1785, 42.7776, 0
PixelHit 1571, 1786, 10.5486, 0
PixelHit 1572, 1783, 9.57982, 0
PixelHit 1572, 1784, 42.6262, 0
PixelHit 1572, 1785, 28.4039, 0
PixelHit 1572, 1786, 10.0136, 0
PixelHit 1572, 1787, 6.0221, 0
PixelHit 1573, 1782, 0.743018, 0
PixelHit 1573, 1783, 3.94438, 0
PixelHit 1573, 1784, 18.4984, 0
PixelHit 1573, 1785, 17.5064, 0
PixelHit 1573, 1786, 7.29711, 0
PixelHit 1574, 1782, 1.35455, 0
PixelHit 1574, 1783, 6.39434, 0
PixelHit 1574, 1784, 10.1554, 0
PixelHit 1574, 1785, 11.8696, 0
PixelHit 1574, 1786, 2.65506, 0
PixelHit 1575, 1784, 11.7364, 0
PixelHit 1575, 1785, 6.958, 0
PixelHit 1575, 1786, 2.91484, 0
PixelHit 1575, 1787, 0.477437, 0
PixelHit 1576, 1783, 6.14514, 0
PixelHit 1576, 1784, 15.2735, 0
PixelHit 1576, 1785, 9.47311, 0
PixelHit 1576, 1786, 4.14545, 0
PixelHit 1577, 1781, 2.59221, 0
PixelHit 1577, 1782, 4.13041, 0
PixelHit 1577, 1783, 14.7104, 0
PixelHit 1577, 1784, 16.1353, 0
PixelHit 1577, 1785, 13.1269, 0
PixelHit 1577, 1786, 3.46218, 0
PixelHit 1578, 1782, 5.60011, 0
PixelHit 1578, 1783, 18.692, 0
PixelHit 1578, 1784, 22.1895, 0
PixelHit 1578, 1785, 14.7574, 0
PixelHit 1578, 1786, 8.04005, 0
PixelHit 1579, 1781, 1.93494, 0
PixelHit 1579, 1782, 5.76729, 0
PixelHit 1579, 1783, 16.9915, 0
PixelHit 1579, 1784, 25.9573, 0
PixelHit 1579, 1785, 29.6722, 0
PixelHit 1579, 1786, 3.57356, 0
PixelHit 1580, 1782, 2.06729, 0
PixelHit 1580, 1783, 26.676, 0
PixelHit 1580, 1784, 41.9224, 0
PixelHit 1580, 1785, 28.9335, 0
PixelHit 1580, 1787, 2.10655, 0
PixelHit 1581, 1782, 10.2935, 0
PixelHit 1581, 1783, 33.3377, 0
PixelHit 1581, 1784, 55.2714, 0
PixelHit 1581, 1785, 24.8458, 0
PixelHit 1581, 1786, 5.87699, 0
PixelHit 1582, 1781, 0.748999, 0
PixelHit 1582, 1782, 4.28543, 0
PixelHit 1582, 1783, 25.7013, 0
PixelHit 1582, 1784, 21.9865, 0
PixelHit 1582, 1785, 22.4262, 0
PixelHit 1582, 1786, 1.76626, 0
PixelHit 1583, 1781, 2.45108, 0
PixelHit 1583, 1782, 16.0762, 0
PixelHit 1583, 1783, 32.2698, 0
PixelHit 1583, 1784, 43.6118, 0
PixelHit 1583, 1785, 8.85472, 0
PixelHit 1583, 1786, 7.21074, 0
PixelHit 1583, 1787, 2.01671, 0
PixelHit 1583, 1788, 1.73555, 0
PixelHit 1584, 1781, 3.32785, 0
PixelHit 1584, 1782, 46.265, 0
PixelHit 1584, 1783, 66.3176, 0
PixelHit 1584, 1784, 74.3801, 0
PixelHit 1584, 1785, 46.1788, 0
PixelHit 1584, 1786, 7.81919, 0
PixelHit 1585, 1780, 2.76608, 0
PixelHit 1585, 1781, 5.69275, 0
PixelHit 1585, 1782, 50.6314, 0
PixelHit 1585, 1783, 87.7757, 0
PixelHit 1585, 1784, 106.895, 0
PixelHit 1585, 1785, 44.5752, 0
PixelHit 1585, 1786, 1.63636, 0
PixelHit 1586, 1781, 8.14247, 0
PixelHit 1586, 1782, 31.1033, 0
PixelHit 1586, 1783, 81.058, 0
PixelHit 1586, 1784, 87.3455, 0
PixelHit 1586, 1785, 40.3725, 0
PixelHit 1586, 1786, 7.38313, 0
PixelHit 1587, 1780, 2.46837, 0
PixelHit 1587, 1781, 8.10459, 0
PixelHit 1587, 1782, 13.8759, 0
PixelHit 1587, 1783, 42.7912, 0
PixelHit 1587, 1784, 35.5593, 0
PixelHit 1587, 1785, 13.2952, 0
PixelHit 1587, 1786, 2.54971, 0
PixelHit 1588, 1782, 8.48765, 0
PixelHit 1588, 1783, 16.8371, 0
PixelHit 1588, 1784, 13.7755, 0
PixelHit 1588, 1785, 5.1497, 0
PixelHit 1588, 1786, 2.01494, 0
PixelHit 1588, 1787, 2.2476, 0
PixelHit 1589, 1781, 5.54369, 0
PixelHit 1589, 1782, 6.04053, 0
PixelHit 1589, 1783, 13.9873, 0
PixelHit 1589, 1784, 8.48556, 0
PixelHit 1589, 1785, 3.45027, 0
PixelHit 1590, 1782, 4.17818, 0
PixelHit 1590, 1783, 10.4784, 0
PixelHit 1590, 1784, 8.93258, 0
PixelHit 1590, 1785, 1.32447, 0
PixelHit 1591, 1782, 5.36959, 0
PixelHit 1591, 1783, 11.2052, 0
PixelHit 1591, 1784, 5.27008, 0
PixelHit 1592, 1782, 3.65347, 0
PixelHit 1592, 1783, 14.8792, 0
PixelHit 1592, 1784, 6.60593, 0
PixelHit 1592, 1785, 0.964189, 0
PixelHit 1593, 1781, 7.81072, 0
PixelHit 1593, 1782, 6.30395, 0
PixelHit 1593, 1783, 12.4372, 0
PixelHit 1593, 1784, 10.0644, 0
PixelHit 1593, 1785, 4.2767, 0
PixelHit 1593, 1786, 2.26613, 0
PixelHit 1594, 1780, 2.21528, 0
PixelHit 1594, 1781, 6.72551, 0
PixelHit 1594, 1782, 19.4508, 0
PixelHit 1594, 1783, 25.2163, 0
PixelHit 1594, 1784, 21.1752, 0
PixelHit 1594, 1785, 5.76076, 0
PixelHit 1595, 1780, 2.02597, 0
PixelHit 1595, 1781, 8.18532, 0
PixelHit 1595, 1782, 20.6213, 0
PixelHit 1595, 1783, 38.5974, 0
PixelHit 1595, 1784, 15.8235, 0
PixelHit 1595, 1785, 2.08244, 0
PixelHit 1596, 1780, 0.72489, 0
PixelHit 1596, 1781, 5.45479, 0
PixelHit 1596, 1782, 20.1834, 0
PixelHit 1596, 1783, 21.3001, 0
PixelHit 1596, 1784, 13.5858, 0
PixelHit 1596, 1786, 0.408668, 0
PixelHit 1597, 1780, 7.30014, 0
PixelHit 1597, 1781, 5.71271, 0
PixelHit 1597, 1782, 11.9285, 0
PixelHit 1597, 1783, 17.6564, 0
PixelHit 1597, 1784, 6.05319, 0
PixelHit 1598, 1780, 3.23273, 0
PixelHit 1598, 1781, 4.70065, 0
PixelHit 1598, 1782, 19.3659, 0
PixelHit 1598, 1783, 23.9895, 0
PixelHit 1598, 1784, 7.38183, 0
PixelHit 1598, 1785, 5.69018, 0
PixelHit 1599, 1780, 2.98116, 0
PixelHit 1599, 1781, 10.595, 0
PixelHit 1599, 1782, 14.7374, 0
PixelHit 1599, 1783, 18.3369, 0
PixelHit 1599, 1784, 15.8546, 0
PixelHit 1600, 1781, 9.23969, 0
PixelHit 1600, 1782, 18.0771, 0
PixelHit 1600, 1783, 11.4737, 0
PixelHit 1600, 1784, 5.13128, 0
PixelHit 1600, 1785, 2.19741, 0
PixelHit 1601, 1780, 5.40905, 0
PixelHit 1601, 1781, 20.0946, 0
PixelHit 1601, 1782, 31.2548, 0
PixelHit 1601, 1783, 28.726, 0
PixelHit 1601, 1784, 14.2284, 0
PixelHit 1601, 1785, 3.40721, 0
PixelHit 1602, 1780, 6.02329, 0
PixelHit 1602, 1781, 32.3951, 0
PixelHit 1602, 1782, 47.2639, 0
PixelHit 1602, 1783, 53.5123, 0
PixelHit 1602, 1784, 24.8578, 0
PixelHit 1602, 1785, 5.44644, 0
PixelHit 1603, 1780, 6.87308, 0
PixelHit 1603, 1781, 33.1132, 0
PixelHit 1603, 1782, 68.0249, 0
PixelHit 1603, 1783, 51.5233, 0
PixelHit 1603, 1784, 20.9059, 0
PixelHit 1603, 1785, 4.55906, 0
PixelHit 1603, 1786, 1.9715, 0
PixelHit 1604, 1780, 4.53603, 0
PixelHit 1604, 1781, 23.3335, 0
PixelHit 1604, 1782, 35.6507, 0
PixelHit 1604, 1783, 36.1657, 0
PixelHit 1604, 1784, 10.3867, 0
PixelHit 1604, 1785, 4.37199, 0
PixelHit 1605, 1779, 1.95344, 0
PixelHit 1605, 1781, 12.1593, 0
PixelHit 1605, 1782, 23.0265, 0
PixelHit 1605, 1783, 20.6491, 0
PixelHit 1605, 1784, 11.5545, 0
PixelHit 1605, 1785, 3.33839, 0
PixelHit 1606, 1779, 1.07069, 0
PixelHit 1606, 1780, 3.12643, 0
PixelHit 1606, 1781, 15.3373, 0
PixelHit 1606, 1782, 17.3442, 0
PixelHit 1606, 1783, 11.9197, 0
PixelHit 1606, 1784, 4.95911, 0
PixelHit 1606, 1785, 3.21159, 0
PixelHit 1607, 1779, 1.32257, 0
PixelHit 1607, 1780, 11.7971, 0
PixelHit 1607, 1781, 27.7015, 0
PixelHit 1607, 1782, 23.4894, 0
PixelHit 1607, 1783, 27.2502, 0
PixelHit 1607, 1784, 9.42242, 0
PixelHit 1608, 1780, 8.51658, 0
PixelHit 1608, 1781, 15.1555, 0
PixelHit 1608, 1782, 33.4782, 0
PixelHit 1608, 1783, 22.8671, 0
PixelHit 1608, 1784, 12.8402, 0
PixelHit 1608, 1785, 5.21908, 0
PixelHit 1609, 1779, 2.02226, 0
PixelHit 1609, 1780, 11.0553, 0
PixelHit 1609, 1781, 37.2015, 0
PixelHit 1609, 1782, 44.9311, 0
PixelHit 1609, 1783, 27.6408, 0
PixelHit 1609, 1784, 6.21638, 0
PixelHit 1609, 1785, 0.852695, 0
PixelHit 1610, 1780, 4.77703, 0
PixelHit 1610, 1781, 16.2693, 0
PixelHit 1610, 1782, 27.5867, 0
PixelHit 1610, 1783, 22.6646, 0
PixelHit 1610, 1784, 8.6945, 0
PixelHit 1610, 1785, 3.33854, 0
PixelHit 1611, 1779, 6.2776, 0
PixelHit 1611, 1780, 7.62029, 0
PixelHit 1611, 1781, 21.2075, 0
PixelHit 1611, 1782, 29.9678, 0
PixelHit 1611, 1783, 20.2018, 0
PixelHit 1611, 1784, 10.0322, 0
PixelHit 1611, 1785, 3.80163, 0
PixelHit 1612, 1780, 2.99477, 0
PixelHit 1612, 1781, 21.9415, 0
PixelHit 1612, 1782, 26.4513, 0
PixelHit 1612, 1783, 10.2002, 0
PixelHit 1612, 1784, 4.84839, 0
PixelHit 1612, 1785, 1.77746, 0
PixelHit 1613, 1779, 2.31061, 0
PixelHit 1613, 1780, 6.83072, 0
PixelHit 1613, 1781, 9.66071, 0
PixelHit 1613, 1782, 18.7655, 0
PixelHit 1613, 1783, 8.09796, 0
PixelHit 1613, 1784, 2.72846, 0
PixelHit 1614, 1779, 0.997951, 0
PixelHit 1614, 1780, 1.54164, 0
PixelHit 1614, 1781, 3.59437, 0
PixelHit 1614, 1782, 11.4242, 0
PixelHit 1614, 1783, 1.06869, 0
PixelHit 1615, 1777, 2.45162, 0
PixelHit 1616, 1783, 2.19941, 0
=== 35 ===
=== 36 ===
=== 37 ===
=== 38 ===
=== 39 ===
=== 40 ===
=== 41 ===
=== 42 ===
=== 43 ===
=== 44 ===
=== 45 ===
=== 46 ===
=== 47 ===
=== 48 ===
=== 49 ===
=== 50 ===
=== 51 ===
=== 52 ===
=== 53 ===
=== 54 ===
=== 55 ===
=== 56 ===
=== 57 ===
--- mydetector ---
PixelHit 1380, 1003, 4.55774, 0
PixelHit 1380, 1004, 2.78499, 0
PixelHit 1381, 1003, 43.2119, 0
PixelHit 1381, 1004, 28.3981, 0
PixelHit 1382, 1003, 4.10924, 0
PixelHit 1382, 1004, 10.2438, 0
PixelHit 1383, 1003, 5.08856, 0
PixelHit 1383, 1004, 16.2623, 0
PixelHit 1384, 1003, 35.8746, 0
PixelHit 1384, 1004, 119.441, 0
PixelHit 1384, 1005, -1.14135, 0
PixelHit 1385, 1003, 15.5271, 0
PixelHit 1385, 1004, 50.0293, 0
PixelHit 1385, 1005, 2.16972, 0
PixelHit 1386, 1004, 4.16764, 0
PixelHit 1387, 1003, 4.50447, 0
PixelHit 1387, 1004, 28.4873, 0
PixelHit 1387, 1005, 4.20627, 0
PixelHit 1388, 1003, 8.777, 0
PixelHit 1388, 1004, 47.4791, 0
PixelHit 1389, 1003, 11.8864, 0
PixelHit 1389, 1004, 58.6671, 0
PixelHit 1389, 1005, 6.71839, 0
PixelHit 1390, 1003, 12.0937, 0
PixelHit 1390, 1004, 87.1694, 0
PixelHit 1390, 1005, 18.3459, 0
PixelHit 1391, 1003, 5.64473, 0
PixelHit 1391, 1004, 52.9663, 0
PixelHit 1391, 1005, 16.476, 0
PixelHit 1392, 1003, 3.8865, 0
PixelHit 1392, 1004, 33.3538, 0
PixelHit 1392, 1005, 11.0047, 0
PixelHit 1393, 1003, 3.18647, 0
PixelHit 1393, 1004, 87.8859, 0
PixelHit 1393, 1005, 27.495, 0
PixelHit 1394, 1004, 4.85189, 0
PixelHit 1395, 1004, 19.3249, 0
PixelHit 1395, 1005, 17.5964, 0
PixelHit 1396, 1003, 1.31929, 0
PixelHit 1396, 1004, 23.877, 0
PixelHit 1396, 1005, 23.0659, 0
PixelHit 1397, 1003, 3.67242, 0
PixelHit 1397, 1004, 16.7253, 0
PixelHit 1397, 1005, 18.4842, 0
PixelHit 1398, 1004, 16.4696, 0
PixelHit 1398, 1005, 17.7919, 0
PixelHit 1399, 1003, 2.94992, 0
PixelHit 1399, 1004, 85.7603, 0
PixelHit 1399, 1005, 95.1273, 0
PixelHit 1399, 1006, 15.6253, 0
PixelHit 1400, 1003, 13.5456, 0
PixelHit 1400, 1004, 184.398, 0
PixelHit 1400, 1005, 242.967, 0
PixelHit 1400, 1006, 20.3152, 0
PixelHit 1401, 1003, 7.15184, 0
PixelHit 1401, 1004, 88.7902, 0
PixelHit 1401, 1005, 105.236, 0
PixelHit 1401, 1006, 9.43714, 0
PixelHit 1402, 1004, 7.44841, 0
PixelHit 1402, 1005, 12.594, 0
PixelHit 1403, 1004, 9.01996, 0
PixelHit 1403, 1005, 7.25858, 0
PixelHit 1404, 1004, 5.58081, 0
PixelHit 1404, 1005, 21.4371, 0
PixelHit 1404, 1006, 3.78568, 0
PixelHit 1405, 1004, 12.2908, 0
PixelHit 1405, 1005, 32.2556, 0
PixelHit 1405, 1006, 5.20729, 0
PixelHit 1406, 1004, 8.85356, 0
PixelHit 1406, 1005, 13.068, 0
PixelHit 1406, 1006, 4.08293, 0
PixelHit 1407, 1004, 15.2278, 0
PixelHit 1407, 1005, 21.7634, 0
PixelHit 1407, 1006, 3.76494, 0
PixelHit 1407, 1007, 2.15877, 0
PixelHit 1408, 1004, 7.37636, 0
PixelHit 1408, 1005, 22.1726, 0
PixelHit 1408, 1006, 15.9627, 0
PixelHit 1409, 1005, 23.5117, 0
PixelHit 1409, 1006, 6.60781, 0
PixelHit 1410, 1004, 4.07663, 0
PixelHit 1410, 1005, 11.6118, 0
PixelHit 1410, 1006, 9.48525, 0
PixelHit 1411, 1004, 2.07022, 0
PixelHit 1411, 1005, 17.2498, 0
PixelHit 1411, 1006, 10.5608, 0
PixelHit 1412, 1003, 1.86022, 0
PixelHit 1412, 1005, 20.3935, 0
PixelHit 1412, 1006, 11.332, 0
PixelHit 1412, 1007, 2.21961, 0
PixelHit 1413, 1003, 1.65646, 0
PixelHit 1413, 1004, 3.15675, 0
PixelHit 1413, 1005, 24.9043, 0
PixelHit 1413, 1006, 12.8326, 0
PixelHit 1414, 1004, 6.73971, 0
PixelHit 1414, 1005, 20.8265, 0
PixelHit 1414, 1006, 14.6231, 0
PixelHit 1414, 1007, 2.36516, 0
PixelHit 1415, 1004, 3.86249, 0
PixelHit 1415, 1005, 19.2447, 0
PixelHit 1415, 1006, 19.432, 0
PixelHit 1415, 1007, 3.82607, 0
PixelHit 1416, 1004, 2.53622, 0
PixelHit 1416, 1005, 25.2497, 0
PixelHit 1416, 1006, 32.7892, 0
PixelHit 1416, 1007, 7.29196, 0
PixelHit 1417, 1004, 4.72438, 0
PixelHit 1417, 1005, 33.8922, 0
PixelHit 1417, 1006, 41.1978, 0
PixelHit 1417, 1007, 10.9693, 0
PixelHit 1418, 1004, 6.39331, 0
PixelHit 1418, 1005, 18.4238, 0
PixelHit 1418, 1006, 35.0535, 0
PixelHit 1418, 1007, 6.73523, 0
PixelHit 1419, 1005, 8.30197, 0
PixelHit 1419, 1006, 18.2742, 0
PixelHit 1419, 1007, 10.6017, 0
PixelHit 1420, 1005, 18.497, 0
PixelHit 1420, 1006, 24.1753, 0
PixelHit 1420, 1007, 10.9032, 0
PixelHit 1421, 1005, 8.1822, 0
PixelHit 1421, 1006, 9.32799, 0
PixelHit 1421, 1007, 6.11676, 0
PixelHit 1421, 1008, 2.01945, 0
PixelHit 1422, 1005, 8.7596, 0
PixelHit 1422, 1006, 10.464, 0
PixelHit 1422, 1007, 9.1736, 0
PixelHit 1423, 1005, 6.59812, 0
PixelHit 1423, 1006, 8.47559, 0
PixelHit 1423, 1007, 6.06549, 0
PixelHit 1424, 1004, 2.32614, 0
PixelHit 1424, 1005, 15.4532, 0
PixelHit 1424, 1006, 20.0817, 0
PixelHit 1424, 1007, 8.61796, 0
PixelHit 1424, 1008, 1.34349, 0
PixelHit 1425, 1004, 0.530442, 0
PixelHit 1425, 1005, 20.8182, 0
PixelHit 1425, 1006, 26.8633, 0
PixelHit 1425, 1007, 17.2138, 0
PixelHit 1426, 1004, 4.36679, 0
PixelHit 1426, 1005, 29.0807, 0
PixelHit 1426, 1006, 64.8687, 0
PixelHit 1426, 1007, 41.8711, 0
PixelHit 1426, 1008, 5.15806, 0
PixelHit 1427, 1004, 6.31297, 0
PixelHit 1427, 1005, 29.2998, 0
PixelHit 1427, 1006, 70.3397, 0
PixelHit 1427, 1007, 44.6616, 0
PixelHit 1427, 1008, 6.40041, 0
PixelHit 1428, 1004, 2.04443, 0
PixelHit 1428, 1005, 18.271, 0
PixelHit 1428, 1006, 42.9701, 0
PixelHit 1428, 1007, 30.1987, 0
PixelHit 1428, 1008, 7.4327, 0
PixelHit 1428, 1009, 2.90339, 0
PixelHit 1429, 1005, 22.5742, 0
PixelHit 1429, 1006, 47.7646, 0
PixelHit 1429, 1007, 41.2036, 0
PixelHit 1429, 1008, 12.3831, 0
PixelHit 1430, 1004, 1.57064, 0
PixelHit 1430, 1005, 19.1292, 0
PixelHit 1430, 1006, 55.5452, 0
PixelHit 1430, 1007, 37.2546, 0
PixelHit 1430, 1008, 4.61089, 0
PixelHit 1431, 1004, 0.796035, 0
PixelHit 1431, 1005, 10.0426, 0
PixelHit 1431, 1006, 42.7214, 0
PixelHit 1431, 1007, 40.5834, 0
PixelHit 1431, 1008, 5.31995, 0
PixelHit 1432, 1005, 11.3643, 0
PixelHit 1432, 1006, 29.7788, 0
PixelHit 1432, 1007, 23.5483, 0
PixelHit 1432, 1008, 6.64277, 0
PixelHit 1433, 1005, 2.94735, 0
PixelHit 1433, 1006, 19.1204, 0
PixelHit 1433, 1007, 17.369, 0
PixelHit 1433, 1008, 7.8995, 0
PixelHit 1434, 1006, 6.03995, 0
PixelHit 1434, 1007, 10.3982, 0
PixelHit 1435, 1004, -0.245721, 0
PixelHit 1435, 1005, 3.22632, 0
PixelHit 1435, 1006, 6.02708, 0
PixelHit 1435, 1007, 8.98624, 0
PixelHit 1435, 1008, 3.68466, 0
PixelHit 1436, 1004, 1.55405, 0
PixelHit 1436, 1005, 6.77507, 0
PixelHit 1436, 1006, 38.7746, 0
PixelHit 1436, 1007, 39.5479, 0
PixelHit 1436, 1008, 13.5023, 0
PixelHit 1436, 1009, 3.87952, 0
PixelHit 1437, 1004, 2.20357, 0
PixelHit 1437, 1005, 10.0309, 0
PixelHit 1437, 1006, 59.7558, 0
PixelHit 1437, 1007, 71.8103, 0
PixelHit 1437, 1008, 34.8545, 0
PixelHit 1437, 1009, 5.75875, 0
PixelHit 1437, 1010, 3.49169, 0
PixelHit 1438, 1005, 10.7237, 0
PixelHit 1438, 1006, 39.9736, 0
PixelHit 1438, 1007, 46.5557, 0
PixelHit 1438, 1008, 31.5013, 0
PixelHit 1438, 1009, 3.29447, 0
PixelHit 1439, 1005, 9.83893, 0
PixelHit 1439, 1006, 27.2386, 0
PixelHit 1439, 1007, 40.4753, 0
PixelHit 1439, 1008, 15.6165, 0
PixelHit 1440, 1004, 1.35091, 0
PixelHit 1440, 1005, 8.2471, 0
PixelHit 1440, 1006, 18.3659, 0
PixelHit 1440, 1007, 40.175, 0
PixelHit 1440, 1008, 18.2793, 0
PixelHit 1440, 1009, 5.61698, 0
PixelHit 1441, 1005, 3.67194, 0
PixelHit 1441, 1006, 21.1304, 0
PixelHit 1441, 1007, 41.6165, 0
PixelHit 1441, 1008, 24.262, 0
PixelHit 1441, 1009, 2.25219, 0
PixelHit 1442, 1005, 1.064, 0
PixelHit 1442, 1006, 17.3452, 0
PixelHit 1442, 1007, 26.6407, 0
PixelHit 1442, 1008, 25.3487, 0
PixelHit 1442, 1009, 2.4511, 0
PixelHit 1443, 1006, 12.3117, 0
PixelHit 1443, 1007, 22.1943, 0
PixelHit 1443, 1008, 4.98741, 0
PixelHit 1443, 1009, 3.29514, 0
PixelHit 1444, 1005, 2.65688, 0
PixelHit 1444, 1006, 14.8375, 0
PixelHit 1444, 1007, 26.7782, 0
PixelHit 1444, 1008, 13.6183, 0
PixelHit 1444, 1009, 3.32527, 0
PixelHit 1445, 1005, 5.06076, 0
PixelHit 1445, 1006, 14.3384, 0
PixelHit 1445, 1007, 21.5294, 0
PixelHit 1445, 1008, 5.20395, 0
PixelHit 1445, 1009, 1.74212, 0
PixelHit 1446, 1005, 2.88622, 0
PixelHit 1446, 1006, 16.4189, 0
PixelHit 1446, 1007, 22.8431, 0
PixelHit 1446, 1008, 19.0562, 0
PixelHit 1446, 1009, 4.75605, 0
PixelHit 1447, 1005, 4.33165, 0
PixelHit 1447, 1006, 11.7262, 0
PixelHit 1447, 1007, 33.3482, 0
PixelHit 1447, 1008, 13.9665, 0
PixelHit 1447, 1009, 3.33901, 0
PixelHit 1447, 1011, 1.61054, 0
PixelHit 1448, 1005, 3.20583, 0
PixelHit 1448, 1006, 20.1677, 0
PixelHit 1448, 1007, 32.2909, 0
PixelHit 1448, 1008, 44.7757, 0
PixelHit 1448, 1009, 9.74352, 0
PixelHit 1448, 1010, 3.57656, 0
PixelHit 1449, 1004, 2.1002, 0
PixelHit 1449, 1005, 4.79165, 0
PixelHit 1449, 1006, 24.612, 0
PixelHit 1449, 1007, 51.3971, 0
PixelHit 1449, 1008, 51.9873, 0
PixelHit 1449, 1009, 17.6915, 0
PixelHit 1449, 1010, 4.18168, 0
PixelHit 1449, 1011, 0.852963, 0
PixelHit 1450, 1005, 8.94584, 0
PixelHit 1450, 1006, 18.4273, 0
PixelHit 1450, 1007, 55.6585, 0
PixelHit 1450, 1008, 51.496, 0
PixelHit 1450, 1009, 21.74, 0
PixelHit 1450, 1010, 3.21351, 0
PixelHit 1450, 1011, 2.88284, 0
PixelHit 1451, 1005, 2.85784, 0
PixelHit 1451, 1006, 24.7464, 0
PixelHit 1451, 1007, 37.027, 0
PixelHit 1451, 1008, 44.2113, 0
PixelHit 1451, 1009, 13.1763, 0
PixelHit 1451, 1011, 2.14111, 0
PixelHit 1452, 1006, 9.55462, 0
PixelHit 1452, 1007, 24.5306, 0
PixelHit 1452, 1008, 14.8289, 0
PixelHit 1452, 1009, 6.07524, 0
PixelHit 1452, 1010, 2.89668, 0
PixelHit 1453, 1005, 1.53567, 0
PixelHit 1453, 1006, 6.35269, 0
PixelHit 1453, 1007, 9.65855, 0
PixelHit 1453, 1008, 14.0126, 0
PixelHit 1453, 1009, 7.22675, 0
PixelHit 1453, 1010, 2.39736, 0
PixelHit 1454, 1005, 1.96157, 0
PixelHit 1454, 1006, 14.5429, 0
PixelHit 1454, 1007, 14.7564, 0
PixelHit 1454, 1008, 22.0006, 0
PixelHit 1454, 1009, 15.563, 0
PixelHit 1454, 1010, 5.48684, 0
PixelHit 1455, 1005, 0.122157, 0
PixelHit 1455, 1006, 15.3556, 0
PixelHit 1455, 1007, 21.4379, 0
PixelHit 1455, 1008, 26.7563, 0
PixelHit 1455, 1009, 15.743, 0
PixelHit 1455, 1010, 2.05533, 0
PixelHit 1456, 1006, 6.00528, 0
PixelHit 1456, 1007, 24.854, 0
PixelHit 1456, 1008, 21.9786, 0
PixelHit 1456, 1009, 17.9485, 0
PixelHit 1456, 1010, 4.64287, 0
PixelHit 1457, 1006, 10.3728, 0
PixelHit 1457, 1007, 18.3628, 0
PixelHit 1457, 1008, 18.3351, 0
PixelHit 1457, 1009, 10.7383, 0
PixelHit 1457, 1010, 8.8695, 0
PixelHit 1458, 1005, 1.21857, 0
PixelHit 1458, 1006, 4.79048, 0
PixelHit 1458, 1007, 17.7376, 0
PixelHit 1458, 1008, 26.0932, 0
PixelHit 1458, 1009, 13.0929, 0
PixelHit 1458, 1010, 4.80519, 0
PixelHit 1458, 1011, 1.88215, 0
PixelHit 1459, 1006, 4.6202, 0
PixelHit 1459, 1007, 17.4109, 0
PixelHit 1459, 1008, 22.543, 0
PixelHit 1459, 1009, 15.5522, 0
PixelHit 1459, 1010, 4.32322, 0
PixelHit 1460, 1005, 0.676348, 0
PixelHit 1460, 1006, 3.25322, 0
PixelHit 1460, 1007, 5.98444, 0
PixelHit 1460, 1008, 11.3392, 0
PixelHit 1460, 1009, 4.75227, 0
PixelHit 1460, 1010, 1.36286, 0
PixelHit 1461, 1006, 2.28446, 0
PixelHit 1461, 1007, 4.72027, 0
PixelHit 1461, 1008, 11.211, 0
PixelHit 1461, 1009, 4.08925, 0
PixelHit 1462, 1006, 6.56632, 0
PixelHit 1462, 1007, 10.8067, 0
PixelHit 1462, 1008, 18.0476, 0
PixelHit 1462, 1009, 17.5445, 0
PixelHit 1462, 1010, 2.93549, 0
PixelHit 1463, 1006, 5.11176, 0
PixelHit 1463, 1007, 8.23025, 0
PixelHit 1463, 1008, 16.5829, 0
PixelHit 1463, 1009, 18.2206, 0
PixelHit 1463, 1010, 4.283, 0
PixelHit 1464, 1006, -1.0038, 0
PixelHit 1464, 1007, 8.81882, 0
PixelHit 1464, 1008, 24.2343, 0
PixelHit 1464, 1009, 17.085, 0
PixelHit 1464, 1010, 4.8834, 0
PixelHit 1465, 1006, 4.70783, 0
PixelHit 1465, 1007, 11.068, 0
PixelHit 1465, 1008, 23.0996, 0
PixelHit 1465, 1009, 11.4252, 0
PixelHit 1465, 1010, 12.3283, 0
PixelHit 1466, 1006, 3.72634, 0
PixelHit 1466, 1007, 15.3993, 0
PixelHit 1466, 1008, 24.5892, 0
PixelHit 1466, 1009, 31.2714, 0
PixelHit 1466, 1010, 7.79102, 0
PixelHit 1466, 1011, 6.20033, 0
PixelHit 1467, 1005, 4.5946, 0
PixelHit 1467, 1006, 14.0787, 0
PixelHit 1467, 1007, 38.9429, 0
PixelHit 1467, 1008, 65.4801, 0
PixelHit 1467, 1009, 70.4938, 0
PixelHit 1467, 1010, 27.8697, 0
PixelHit 1467, 1011, 7.32033, 0
PixelHit 1468, 1005, 2.1015, 0
PixelHit 1468, 1006, 13.0181, 0
PixelHit 1468, 1007, 48.4785, 0
PixelHit 1468, 1008, 120.627, 0
PixelHit 1468, 1009, 125.166, 0
PixelHit 1468, 1010, 51.5631, 0
PixelHit 1468, 1011, 8.52154, 0
PixelHit 1469, 1006, 9.72649, 0
PixelHit 1469, 1007, 35.1829, 0
PixelHit 1469, 1008, 88.9045, 0
PixelHit 1469, 1009, 92.1778, 0
PixelHit 1469, 1010, 47.5299, 0
PixelHit 1469, 1011, 11.4376, 0
PixelHit 1469, 1012, 1.66018, 0
PixelHit 1470, 1006, 5.3345, 0
PixelHit 1470, 1007, 18.9848, 0
PixelHit 1470, 1008, 32.681, 0
PixelHit 1470, 1009, 33.1262, 0
PixelHit 1470, 1010, 18.1539, 0
PixelHit 1470, 1011, 6.5798, 0
PixelHit 1471, 1007, 6.90304, 0
PixelHit 1471, 1008, 14.5664, 0
PixelHit 1471, 1009, 14.3758, 0
PixelHit 1471, 1010, 8.37723, 0
PixelHit 1471, 1011, 1.10226, 0
PixelHit 1472, 1006, 1.76118, 0
PixelHit 1472, 1007, 7.29122, 0
PixelHit 1472, 1008, 22.828, 0
PixelHit 1472, 1009, 34.1274, 0
PixelHit 1472, 1010, 9.0024, 0
PixelHit 1472, 1011, 5.75053, 0
PixelHit 1473, 1007, 10.7403, 0
PixelHit 1473, 1008, 24.0966, 0
PixelHit 1473, 1009, 35.8827, 0
PixelHit 1473, 1010, 15.5279, 0
PixelHit 1473, 1011, 8.65945, 0
PixelHit 1474, 1006, 1.25382, 0
PixelHit 1474, 1007, 3.61646, 0
PixelHit 1474, 1008, 26.5227, 0
PixelHit 1474, 1009, 21.2934, 0
PixelHit 1474, 1010, 17.0957, 0
PixelHit 1474, 1011, 9.88411, 0
PixelHit 1474, 1012, 1.16506, 0
PixelHit 1475, 1006, 2.78947, 0
PixelHit 1475, 1007, 9.62051, 0
PixelHit 1475, 1008, 19.5564, 0
PixelHit 1475, 1009, 25.4611, 0
PixelHit 1475, 1010, 7.47103, 0
PixelHit 1475, 1011, 5.28103, 0
PixelHit 1476, 1007, 3.41327, 0
PixelHit 1476, 1008, 5.17988, 0
PixelHit 1476, 1009, 5.55016, 0
PixelHit 1476, 1011, 3.48403, 0
PixelHit 1476, 1012, 3.52361, 0
PixelHit 1477, 1007, 5.10597, 0
PixelHit 1477, 1008, 4.98709, 0
PixelHit 1477, 1009, 8.75955, 0
PixelHit 1477, 1010, 2.35875, 0
PixelHit 1478, 1007, 3.42909, 0
PixelHit 1478, 1008, 7.98536, 0
PixelHit 1478, 1009, 15.2747, 0
PixelHit 1478, 1010, 4.46726, 0
PixelHit 1478, 1011, 2.48015, 0
PixelHit 1478, 1012, 2.3111, 0
PixelHit 1479, 1007, 5.42819, 0
PixelHit 1479, 1008, 8.65596, 0
PixelHit 1479, 1009, 27.8759, 0
PixelHit 1479, 1010, 12.8097, 0
PixelHit 1479, 1011, 5.70747, 0
PixelHit 1480, 1007, 5.78761, 0
PixelHit 1480, 1008, 11.5165, 0
PixelHit 1480, 1009, 18.8112, 0
PixelHit 1480, 1010, 14.2819, 0
PixelHit 1480, 1011, 3.04449, 0
PixelHit 1481, 1006, 1.90321, 0
PixelHit 1481, 1008, 5.59504, 0
PixelHit 1481, 1009, 16.5484, 0
PixelHit 1481, 1010, 15.8529, 0
PixelHit 1482, 1007, 2.48038, 0
PixelHit 1482, 1008, 6.20275, 0
PixelHit 1482, 1009, 4.43861, 0
PixelHit 1482, 1010, 5.05005, 0
PixelHit 1482, 1011, 0.894461, 0
PixelHit 1483, 1010, 2.28763, 0
PixelHit 1484, 1009, 2.73135, 0
=== 58 ===
=== 59 ===
=== 60 ===
=== 61 ===
=== 62 ===
=== 63 ===
=== 64 ===
=== 65 ===
=== 66 ===
=== 67 ===
=== 68 ===
=== 69 ===
=== 70 ===
=== 71 ===
=== 72 ===
=== 73 ===
=== 74 ===
=== 75 ===
=== 76 ===
=== 77 ===
=== 78 ===
=== 79 ===
=== 80 ===
=== 81 ===
=== 82 ===
=== 83 ===
=== 84 ===
=== 85 ===
=== 86 ===
=== 87 ===
=== 88 ===
=== 89 ===
=== 90 ===
=== 91 ===
=== 92 ===
=== 93 ===
=== 94 ===
=== 95 ===
=== 96 ===
=== 97 ===
=== 98 ===
=== 99 ===
=== 100 ===
# 1304 objects from 3 messages
