# Allpix Squared ASCII data - https://cern.ch/allpix-squared

=== 1 ===
=== 2 ===
=== 3 ===
=== 4 ===
=== 5 ===
=== 6 ===
=== 7 ===
=== 8 ===
=== 9 ===
=== 10 ===
--- mydetector ---
PixelHit 2130, 600, 4.97915, 0
PixelHit 2130, 601, 8.84132, 0
PixelHit 2130, 602, 3.00622, 0
PixelHit 2131, 598, 4.93311, 0
PixelHit 2131, 599, 31.0902, 0
PixelHit 2131, 600, 69.6937, 0
PixelHit 2131, 601, 31.0933, 0
PixelHit 2131, 602, 1.2902, 0
PixelHit 2132, 596, 11.9871, 0
PixelHit 2132, 597, 50.0087, 0
PixelHit 2132, 598, 46.6826, 0
PixelHit 2132, 599, 25.5973, 0
PixelHit 2132, 600, 14.644, 0
PixelHit 2133, 594, 34.6587, 0
PixelHit 2133, 595, 14.4341, 0
PixelHit 2133, 596, 30.7273, 0
PixelHit 2133, 597, 62.0171, 0
PixelHit 2133, 598, 15.4168, 0
PixelHit 2134, 591, 7.50516, 0
PixelHit 2134, 592, 9.69596, 0
PixelHit 2134, 593, 38.6926, 0
PixelHit 2134, 594, 124.296, 0
PixelHit 2134, 595, 39.7423, 0
PixelHit 2135, 589, 9.09529, 0
PixelHit 2135, 590, 32.2201, 0
PixelHit 2135, 591, 42.5081, 0
PixelHit 2135, 592, 72.3945, 0
PixelHit 2135, 593, 14.5017, 0
PixelHit 2135, 594, 12.2959, 0
PixelHit 2136, 586, 10.4151, 0
PixelHit 2136, 587, 11.8488, 0
PixelHit 2136, 588, 9.34393, 0
PixelHit 2136, 589, 26.461, 0
PixelHit 2136, 590, 55.7645, 0
PixelHit 2136, 591, 33.7191, 0
PixelHit 2136, 592, 12.7699, 0
PixelHit 2137, 584, 1.71426, 0
PixelHit 2137, 585, 9.71029, 0
PixelHit 2137, 586, 68.0083, 0
PixelHit 2137, 587, 59.4395, 0
PixelHit 2137, 588, 31.0859, 0
PixelHit 2137, 589, 13.5047, 0
PixelHit 2137, 590, 7.8598, 0
PixelHit 2137, 591, 7.55971, 0
PixelHit 2138, 582, 2.08886, 0
PixelHit 2138, 583, 2.83648, 0
PixelHit 2138, 584, 7.35184, 0
PixelHit 2138, 585, 10.1039, 0
PixelHit 2138, 586, 74.4903, 0
PixelHit 2138, 587, 29.6329, 0
PixelHit 2138, 588, 9.41669, 0
PixelHit 2139, 579, 4.35799, 0
PixelHit 2139, 580, 3.98813, 0
PixelHit 2139, 581, 3.15211, 0
PixelHit 2139, 582, 5.40315, 0
PixelHit 2139, 583, 2.76447, 0
PixelHit 2139, 584, 8.47688, 0
PixelHit 2139, 585, 2.26917, 0
PixelHit 2139, 586, 5.28915, 0
PixelHit 2139, 587, 5.45628, 0
PixelHit 2140, 579, 11.6691, 0
PixelHit 2140, 580, 10.6665, 0
PixelHit 2140, 581, 14.7915, 0
PixelHit 2140, 582, 8.95774, 0
PixelHit 2140, 583, 1.02094, 0
PixelHit 2141, 575, 2.73139, 0
PixelHit 2141, 576, 8.99186, 0
PixelHit 2141, 578, 5.22481, 0
PixelHit 2141, 579, 7.93693, 0
PixelHit 2141, 580, 10.3532, 0
PixelHit 2141, 581, 15.2549, 0
PixelHit 2141, 582, 4.43924, 0
PixelHit 2142, 572, 1.48335, 0
PixelHit 2142, 573, 3.20938, 0
PixelHit 2142, 574, 19.8101, 0
PixelHit 2142, 575, 35.0513, 0
PixelHit 2142, 576, 38.7866, 0
PixelHit 2142, 577, 17.7135, 0
PixelHit 2142, 578, 3.34669, 0
PixelHit 2142, 579, 4.61749, 0
PixelHit 2142, 580, 3.14421, 0
PixelHit 2143, 571, 2.77152, 0
PixelHit 2143, 572, 6.34777, 0
PixelHit 2143, 573, 16.0132, 0
PixelHit 2143, 574, 27.2389, 0
PixelHit 2143, 575, 40.8538, 0
PixelHit 2143, 576, 50.4042, 0
PixelHit 2143, 577, 13.3808, 0
PixelHit 2144, 569, 1.16792, 0
PixelHit 2144, 570, 11.1443, 0
PixelHit 2144, 571, 7.13898, 0
PixelHit 2144, 572, 17.5327, 0
PixelHit 2144, 573, 15.8564, 0
PixelHit 2144, 574, 26.4128, 0
PixelHit 2144, 575, 13.8841, 0
PixelHit 2144, 576, 10.3076, 0
PixelHit 2144, 577, 2.91323, 0
PixelHit 2145, 566, 2.33878, 0
PixelHit 2145, 567, 2.5609, 0
PixelHit 2145, 568, 3.2878, 0
PixelHit 2145, 569, 5.75392, 0
PixelHit 2145, 570, 15.2543, 0
PixelHit 2145, 571, 21.9579, 0
PixelHit 2145, 572, 8.84504, 0
PixelHit 2145, 573, 4.987, 0
PixelHit 2145, 574, 7.5961, 0
PixelHit 2145, 576, 1.88456, 0
PixelHit 2146, 563, 0.111569, 0
PixelHit 2146, 564, 3.91183, 0
PixelHit 2146, 565, 4.92923, 0
PixelHit 2146, 566, 4.83598, 0
PixelHit 2146, 567, 19.2779, 0
PixelHit 2146, 568, 5.97337, 0
PixelHit 2146, 569, 8.23942, 0
PixelHit 2146, 570, 13.9731, 0
PixelHit 2146, 571, 8.46508, 0
PixelHit 2146, 572, 3.81981, 0
PixelHit 2146, 573, -0.0998153, 0
PixelHit 2146, 574, 0.439307, 0
PixelHit 2147, 563, 6.18924, 0
PixelHit 2147, 564, 7.9467, 0
PixelHit 2147, 565, 22.6791, 0
PixelHit 2147, 566, 25.1884, 0
PixelHit 2147, 567, 11.7495, 0
PixelHit 2147, 568, 10.8288, 0
PixelHit 2147, 569, 4.06619, 0
PixelHit 2147, 570, 1.51398, 0
PixelHit 2147, 571, 2.26731, 0
PixelHit 2148, 559, 2.88899, 0
PixelHit 2148, 561, 3.82619, 0
PixelHit 2148, 562, 12.8725, 0
PixelHit 2148, 563, 23.3962, 0
PixelHit 2148, 564, 50.2616, 0
PixelHit 2148, 565, 41.7998, 0
PixelHit 2148, 566, 28.3919, 0
PixelHit 2148, 567, 8.8576, 0
PixelHit 2148, 569, 1.63319, 0
PixelHit 2149, 557, 2.26416, 0
PixelHit 2149, 558, 4.83085, 0
PixelHit 2149, 559, 5.89832, 0
PixelHit 2149, 560, 5.03676, 0
PixelHit 2149, 561, 7.07456, 0
PixelHit 2149, 562, 10.7525, 0
PixelHit 2149, 563, 32.0905, 0
PixelHit 2149, 564, 34.9259, 0
PixelHit 2149, 565, 17.8301, 0
PixelHit 2149, 566, 7.81516, 0
PixelHit 2149, 567, 2.6519, 0
PixelHit 2150, 557, 4.5074, 0
PixelHit 2150, 558, 25.9929, 0
PixelHit 2150, 559, 22.4875, 0
PixelHit 2150, 560, 16.7791, 0
PixelHit 2150, 561, 16.5925, 0
PixelHit 2150, 562, 4.93948, 0
PixelHit 2150, 563, 10.7752, 0
PixelHit 2150, 564, 9.32181, 0
PixelHit 2150, 565, 4.43238, 0
PixelHit 2151, 551, 2.71226, 0
PixelHit 2151, 554, 1.66539, 0
PixelHit 2151, 555, 2.6931, 0
PixelHit 2151, 557, 16.8336, 0
PixelHit 2151, 558, 41.3926, 0
PixelHit 2151, 559, 43.9022, 0
PixelHit 2151, 560, 30.6779, 0
PixelHit 2151, 561, 15.1785, 0
PixelHit 2151, 562, 1.60563, 0
PixelHit 2151, 563, 5.94352, 0
PixelHit 2151, 564, 2.39824, 0
PixelHit 2152, 551, 2.66592, 0
PixelHit 2152, 552, 4.21939, 0
PixelHit 2152, 553, 6.54783, 0
PixelHit 2152, 554, 10.0663, 0
PixelHit 2152, 555, 9.37522, 0
PixelHit 2152, 556, 7.18951, 0
PixelHit 2152, 557, 4.99796, 0
PixelHit 2152, 558, 22.8737, 0
PixelHit 2152, 559, 9.01544, 0
PixelHit 2152, 560, 13.1651, 0
PixelHit 2152, 561, 2.49075, 0
PixelHit 2153, 548, 1.9837, 0
PixelHit 2153, 549, 4.69835, 0
PixelHit 2153, 550, 1.22309, 0
PixelHit 2153, 551, 3.13488, 0
PixelHit 2153, 552, 9.20749, 0
PixelHit 2153, 553, 18.2197, 0
PixelHit 2153, 554, 24.2156, 0
PixelHit 2153, 555, 10.6603, 0
PixelHit 2153, 556, 5.92907, 0
PixelHit 2153, 557, 8.70582, 0
PixelHit 2153, 558, 1.84869, 0
PixelHit 2153, 559, 2.00806, 0
PixelHit 2153, 560, 0.894059, 0
PixelHit 2154, 545, 1.93832, 0
PixelHit 2154, 547, 2.00432, 0
PixelHit 2154, 548, 1.90927, 0
PixelHit 2154, 549, 4.92184, 0
PixelHit 2154, 550, 17.1178, 0
PixelHit 2154, 551, 9.12288, 0
PixelHit 2154, 552, 9.58698, 0
PixelHit 2154, 553, 15.9969, 0
PixelHit 2154, 554, 15.9483, 0
PixelHit 2154, 555, 8.56376, 0
PixelHit 2154, 556, 2.73873, 0
PixelHit 2154, 557, 3.49714, 0
PixelHit 2154, 559, 2.9198, 0
PixelHit 2155, 545, 2.1905, 0
PixelHit 2155, 546, 2.49443, 0
PixelHit 2155, 547, 8.15189, 0
PixelHit 2155, 548, 12.7367, 0
PixelHit 2155, 549, 19.7183, 0
PixelHit 2155, 550, 20.1964, 0
PixelHit 2155, 551, 18.1048, 0
PixelHit 2155, 552, 10.7745, 0
PixelHit 2155, 553, 13.5163, 0
PixelHit 2155, 554, 8.84267, 0
PixelHit 2155, 555, 6.9368, 0
PixelHit 2156, 542, 2.60419, 0
PixelHit 2156, 543, 3.25529, 0
PixelHit 2156, 545, 5.49632, 0
PixelHit 2156, 546, 12.1441, 0
PixelHit 2156, 547, 9.65506, 0
PixelHit 2156, 548, 20.2328, 0
PixelHit 2156, 549, 22.4581, 0
PixelHit 2156, 550, 15.3762, 0
PixelHit 2156, 551, 5.84104, 0
PixelHit 2156, 554, 1.86221, 0
PixelHit 2157, 539, 1.73268, 0
PixelHit 2157, 542, 6.08341, 0
PixelHit 2157, 543, 8.32646, 0
PixelHit 2157, 544, 4.66058, 0
PixelHit 2157, 545, 8.42833, 0
PixelHit 2157, 546, 10.9976, 0
PixelHit 2157, 547, 18.8881, 0
PixelHit 2157, 548, 18.2574, 0
PixelHit 2157, 549, 14.358, 0
PixelHit 2157, 550, 9.99204, 0
PixelHit 2157, 551, 5.20986, 0
PixelHit 2158, 540, 2.06086, 0
PixelHit 2158, 541, 8.26565, 0
PixelHit 2158, 542, 8.40221, 0
PixelHit 2158, 543, 5.61246, 0
PixelHit 2158, 544, 9.87418, 0
PixelHit 2158, 545, 9.93572, 0
PixelHit 2158, 546, 11.1977, 0
PixelHit 2158, 547, 9.0091, 0
PixelHit 2158, 548, 5.7275, 0
PixelHit 2158, 549, 0.619504, 0
PixelHit 2158, 550, 1.94413, 0
PixelHit 2159, 535, 0.506632, 0
PixelHit 2159, 536, 3.80476, 0
PixelHit 2159, 537, 1.95426, 0
PixelHit 2159, 538, 6.2789, 0
PixelHit 2159, 539, 6.38671, 0
PixelHit 2159, 540, 6.15564, 0
PixelHit 2159, 541, 15.2848, 0
PixelHit 2159, 542, 5.03297, 0
PixelHit 2159, 543, 17.0045, 0
PixelHit 2159, 544, 6.65626, 0
PixelHit 2159, 545, 3.28784, 0
PixelHit 2159, 546, 5.36659, 0
PixelHit 2159, 547, 3.33031, 0
PixelHit 2160, 532, 1.64284, 0
PixelHit 2160, 535, 2.55421, 0
PixelHit 2160, 536, 8.07759, 0
PixelHit 2160, 537, 8.93385, 0
PixelHit 2160, 538, 11.6484, 0
PixelHit 2160, 539, 17.2302, 0
PixelHit 2160, 540, 22.9838, 0
PixelHit 2160, 541, 6.77643, 0
PixelHit 2160, 542, 7.39212, 0
PixelHit 2160, 543, 5.45803, 0
PixelHit 2160, 544, 6.49556, 0
PixelHit 2161, 533, 5.37154, 0
PixelHit 2161, 534, 3.86221, 0
PixelHit 2161, 535, 13.8392, 0
PixelHit 2161, 536, 10.3013, 0
PixelHit 2161, 537, 14.4026, 0
PixelHit 2161, 538, 14.7739, 0
PixelHit 2161, 539, 13.8753, 0
PixelHit 2161, 540, 7.79574, 0
PixelHit 2161, 541, 10.6419, 0
PixelHit 2161, 542, 8.13419, 0
PixelHit 2161, 543, 3.94866, 0
PixelHit 2162, 532, 0.518423, 0
PixelHit 2162, 533, 3.65713, 0
PixelHit 2162, 534, 12.6832, 0
PixelHit 2162, 535, 13.2915, 0
PixelHit 2162, 536, 22.2231, 0
PixelHit 2162, 537, 17.8659, 0
PixelHit 2162, 538, 14.7389, 0
PixelHit 2162, 539, 7.76837, 0
PixelHit 2162, 540, 3.22671, 0
PixelHit 2162, 541, 4.1261, 0
PixelHit 2162, 542, 1.67145, 0
PixelHit 2163, 532, 2.08578, 0
PixelHit 2163, 533, 1.43655, 0
PixelHit 2163, 534, 12.4664, 0
PixelHit 2163, 535, 17.4249, 0
PixelHit 2163, 536, 9.30212, 0
PixelHit 2163, 537, 14.503, 0
PixelHit 2163, 538, 12.3478, 0
PixelHit 2164, 531, 2.93357, 0
PixelHit 2164, 533, 8.86141, 0
PixelHit 2164, 534, 12.9567, 0
PixelHit 2164, 535, 7.35004, 0
PixelHit 2164, 536, 7.50724, 0
PixelHit 2164, 537, 4.233, 0
PixelHit 2164, 538, 1.01495, 0
PixelHit 2164, 539, -0.223543, 0
PixelHit 2165, 531, 0.682385, 0
PixelHit 2165, 532, 1.90173, 0
PixelHit 2165, 534, 0.74552, 0
PixelHit 2166, 533, 2.40328, 0
PixelHit 2166, 534, 0.636563, 0
PixelHit 2166, 535, 2.91397, 0
=== 11 ===
=== 12 ===
=== 13 ===
=== 14 ===
=== 15 ===
=== 16 ===
=== 17 ===
=== 18 ===
=== 19 ===
=== 20 ===
=== 21 ===
=== 22 ===
=== 23 ===
=== 24 ===
=== 25 ===
=== 26 ===
=== 27 ===
=== 28 ===
=== 29 ===
=== 30 ===
=== 31 ===
--- mydetector ---
PixelHit 1381, 1090, 4.46464, 0
PixelHit 1381, 1091, 49.5223, 0
PixelHit 1382, 1088, 2.99946, 0
PixelHit 1382, 1089, 73.348, 0
PixelHit 1382, 1090, 59.1646, 0
PixelHit 1382, 1091, 37.8413, 0
PixelHit 1383, 1086, 16.55, 0
PixelHit 1383, 1087, 37.6255, 0
PixelHit 1383, 1088, 48.8218, 0
PixelHit 1383, 1089, 45.0743, 0
PixelHit 1383, 1090, 1.56053, 0
PixelHit 1384, 1085, 9.9896, 0
PixelHit 1384, 1086, 116.983, 0
PixelHit 1384, 1087, 150.939, 0
PixelHit 1384, 1089, 0.636091, 0
PixelHit 1385, 1082, 9.9816, 0
PixelHit 1385, 1083, 10.0515, 0
PixelHit 1385, 1084, 39.8168, 0
PixelHit 1385, 1085, 23.088, 0
PixelHit 1385, 1086, 6.79696, 0
PixelHit 1385, 1087, 3.75657, 0
PixelHit 1385, 1088, 2.08508, 0
PixelHit 1386, 1080, 12.3138, 0
PixelHit 1386, 1081, 41.6165, 0
PixelHit 1386, 1082, 140.542, 0
PixelHit 1386, 1083, 54.3324, 0
PixelHit 1386, 1084, 13.3971, 0
PixelHit 1386, 1085, 2.10114, 0
PixelHit 1387, 1078, 4.1941, 0
PixelHit 1387, 1079, 41.8805, 0
PixelHit 1387, 1080, 157.106, 0
PixelHit 1387, 1081, 151.58, 0
PixelHit 1387, 1082, 93.5774, 0
PixelHit 1387, 1083, 7.35403, 0
PixelHit 1388, 1075, 1.38602, 0
PixelHit 1388, 1077, 2.1186, 0
PixelHit 1388, 1078, 32.7645, 0
PixelHit 1388, 1079, 137.957, 0
PixelHit 1388, 1080, 121.101, 0
PixelHit 1388, 1081, 42.1737, 0
PixelHit 1389, 1075, 14.4307, 0
PixelHit 1389, 1076, 20.7864, 0
PixelHit 1389, 1077, 17.5326, 0
PixelHit 1389, 1078, 15.3565, 0
PixelHit 1389, 1079, 23.1127, 0
PixelHit 1389, 1080, 7.73649, 0
PixelHit 1389, 1081, 1.63662, 0
PixelHit 1390, 1074, 3.45271, 0
PixelHit 1390, 1075, 46.6672, 0
PixelHit 1390, 1076, 32.3723, 0
PixelHit 1390, 1077, 6.5552, 0
PixelHit 1390, 1078, 0.645465, 0
PixelHit 1391, 1071, 10.0687, 0
PixelHit 1391, 1072, 14.7004, 0
PixelHit 1391, 1073, 7.85634, 0
PixelHit 1391, 1074, 3.92609, 0
PixelHit 1391, 1075, 12.5025, 0
PixelHit 1391, 1076, 8.57327, 0
PixelHit 1392, 1068, 24.2913, 0
PixelHit 1392, 1069, 39.842, 0
PixelHit 1392, 1070, 24.5779, 0
PixelHit 1392, 1071, 52.4083, 0
PixelHit 1392, 1072, 57.8248, 0
PixelHit 1392, 1073, 4.96879, 0
PixelHit 1392, 1074, 4.53922, 0
PixelHit 1392, 1075, 0.169095, 0
PixelHit 1393, 1067, 17.5996, 0
PixelHit 1393, 1068, 194.248, 0
PixelHit 1393, 1069, 383.271, 0
PixelHit 1393, 1070, 98.5534, 0
PixelHit 1393, 1071, 25.0926, 0
PixelHit 1393, 1072, 14.1214, 0
PixelHit 1393, 1073, 2.53808, 0
PixelHit 1394, 1065, 2.75713, 0
PixelHit 1394, 1066, 12.8395, 0
PixelHit 1394, 1067, 34.0057, 0
PixelHit 1394, 1068, 235.275, 0
PixelHit 1394, 1069, 411.454, 0
PixelHit 1394, 1070, 72.1684, 0
PixelHit 1394, 1071, 5.93988, 0
PixelHit 1395, 1062, -0.130696, 0
PixelHit 1395, 1064, 4.91476, 0
PixelHit 1395, 1065, 23.5718, 0
PixelHit 1395, 1066, 23.6134, 0
PixelHit 1395, 1067, 23.5665, 0
PixelHit 1395, 1068, 34.4657, 0
PixelHit 1395, 1069, 42.5315, 0
PixelHit 1395, 1070, 15.9533, 0
PixelHit 1396, 1061, 4.42984, 0
PixelHit 1396, 1062, 21.8239, 0
PixelHit 1396, 1063, 15.7172, 0
PixelHit 1396, 1064, 14.9002, 0
PixelHit 1396, 1065, 26.8895, 0
PixelHit 1396, 1066, 14.5062, 0
PixelHit 1396, 1067, 4.31901, 0
PixelHit 1396, 1068, 1.91112, 0
PixelHit 1396, 1069, -0.280149, 0
PixelHit 1397, 1059, 3.50662, 0
PixelHit 1397, 1060, 6.34339, 0
PixelHit 1397, 1061, 15.9278, 0
PixelHit 1397, 1062, 43.7093, 0
PixelHit 1397, 1063, 33.4667, 0
PixelHit 1397, 1064, 8.54599, 0
PixelHit 1397, 1065, 4.91464, 0
PixelHit 1397, 1066, 4.6893, 0
PixelHit 1398, 1056, 2.97557, 0
PixelHit 1398, 1057, 5.88301, 0
PixelHit 1398, 1058, 16.014, 0
PixelHit 1398, 1059, 26.1863, 0
PixelHit 1398, 1060, 28.6182, 0
PixelHit 1398, 1061, 17.0643, 0
PixelHit 1398, 1062, 24.344, 0
PixelHit 1398, 1063, 9.26619, 0
PixelHit 1398, 1064, 1.684, 0
PixelHit 1399, 1054, 1.0987, 0
PixelHit 1399, 1055, 4.96602, 0
PixelHit 1399, 1056, 9.9169, 0
PixelHit 1399, 1057, 14.6287, 0
PixelHit 1399, 1058, 38.7853, 0
PixelHit 1399, 1059, 48.523, 0
PixelHit 1399, 1060, 28.2345, 0
PixelHit 1399, 1061, 4.76766, 0
PixelHit 1400, 1052, 1.46654, 0
PixelHit 1400, 1053, 3.15172, 0
PixelHit 1400, 1054, 11.3324, 0
PixelHit 1400, 1055, 20.3518, 0
PixelHit 1400, 1056, 31.4578, 0
PixelHit 1400, 1057, 24.0055, 0
PixelHit 1400, 1058, 20.0188, 0
PixelHit 1400, 1059, 14.3967, 0
PixelHit 1400, 1060, 9.99893, 0
PixelHit 1401, 1050, 1.56583, 0
PixelHit 1401, 1052, 9.16605, 0
PixelHit 1401, 1053, 6.33543, 0
PixelHit 1401, 1054, 24.7819, 0
PixelHit 1401, 1055, 37.1684, 0
PixelHit 1401, 1056, 26.9921, 0
PixelHit 1401, 1057, 9.06575, 0
PixelHit 1401, 1058, 6.0546, 0
PixelHit 1402, 1048, 0.550611, 0
PixelHit 1402, 1050, 5.76955, 0
PixelHit 1402, 1051, 10.6225, 0
PixelHit 1402, 1052, 29.5371, 0
PixelHit 1402, 1053, 23.5089, 0
PixelHit 1402, 1054, 19.7162, 0
PixelHit 1402, 1055, 25.9848, 0
PixelHit 1402, 1056, 11.6774, 0
PixelHit 1402, 1057, 5.90094, 0
PixelHit 1403, 1046, 6.32758, 0
PixelHit 1403, 1047, 0.281044, 0
PixelHit 1403, 1048, 1.83842, 0
PixelHit 1403, 1049, 5.0553, 0
PixelHit 1403, 1050, 10.6373, 0
PixelHit 1403, 1051, 27.1377, 0
PixelHit 1403, 1052, 31.6777, 0
PixelHit 1403, 1053, 11.4067, 0
PixelHit 1403, 1054, 12.6204, 0
PixelHit 1403, 1055, 2.66885, 0
PixelHit 1403, 1056, 2.59468, 0
PixelHit 1404, 1044, 2.14654, 0
PixelHit 1404, 1045, 4.86861, 0
PixelHit 1404, 1046, 14.0383, 0
PixelHit 1404, 1047, 12.5603, 0
PixelHit 1404, 1048, 15.7257, 0
PixelHit 1404, 1049, 15.62, 0
PixelHit 1404, 1050, 14.497, 0
PixelHit 1404, 1051, 12.3089, 0
PixelHit 1404, 1052, 9.24036, 0
PixelHit 1404, 1053, 4.74599, 0
PixelHit 1405, 1041, 1.20231, 0
PixelHit 1405, 1042, 3.58397, 0
PixelHit 1405, 1043, 2.53953, 0
PixelHit 1405, 1044, 7.94078, 0
PixelHit 1405, 1045, 21.941, 0
PixelHit 1405, 1046, 44.933, 0
PixelHit 1405, 1047, 52.7383, 0
PixelHit 1405, 1048, 13.4745, 0
PixelHit 1405, 1049, 6.41959, 0
PixelHit 1405, 1050, 3.85206, 0
PixelHit 1406, 1041, 1.48754, 0
PixelHit 1406, 1042, 8.45584, 0
PixelHit 1406, 1043, 13.5813, 0
PixelHit 1406, 1044, 8.51401, 0
PixelHit 1406, 1045, 28.9434, 0
PixelHit 1406, 1046, 51.4531, 0
PixelHit 1406, 1047, 39.8105, 0
PixelHit 1406, 1048, 16.8369, 0
PixelHit 1406, 1050, 2.04174, 0
PixelHit 1407, 1039, 0.634698, 0
PixelHit 1407, 1040, 4.18727, 0
PixelHit 1407, 1041, 14.0159, 0
PixelHit 1407, 1042, 21.2276, 0
PixelHit 1407, 1043, 23.9155, 0
PixelHit 1407, 1044, 23.0913, 0
PixelHit 1407, 1045, 6.60279, 0
PixelHit 1407, 1046, 16.9341, 0
PixelHit 1407, 1047, 14.385, 0
PixelHit 1407, 1048, 0.451673, 0
PixelHit 1408, 1036, 2.10433, 0
PixelHit 1408, 1037, 2.67107, 0
PixelHit 1408, 1038, 7.23365, 0
PixelHit 1408, 1039, 13.4615, 0
PixelHit 1408, 1040, 20.6186, 0
PixelHit 1408, 1041, 21.1804, 0
PixelHit 1408, 1042, 32.7399, 0
PixelHit 1408, 1043, 24.3101, 0
PixelHit 1408, 1044, 9.56772, 0
PixelHit 1408, 1046, 2.17824, 0
PixelHit 1409, 1035, 0.573555, 0
PixelHit 1409, 1036, 6.83516, 0
PixelHit 1409, 1037, 24.0857, 0
PixelHit 1409, 1038, 27.8519, 0
PixelHit 1409, 1039, 25.4997, 0
PixelHit 1409, 1040, 33.8722, 0
PixelHit 1409, 1041, 31.9071, 0
PixelHit 1409, 1042, 22.1117, 0
PixelHit 1409, 1043, 6.75101, 0
PixelHit 1409, 1044, 2.93753, 0
PixelHit 1409, 1045, 1.27907, 0
PixelHit 1410, 1032, 2.99707, 0
PixelHit 1410, 1033, 3.29573, 0
PixelHit 1410, 1034, 2.11083, 0
PixelHit 1410, 1035, 9.10791, 0
PixelHit 1410, 1036, 15.6755, 0
PixelHit 1410, 1037, 30.5035, 0
PixelHit 1410, 1038, 38.5014, 0
PixelHit 1410, 1039, 25.8008, 0
PixelHit 1410, 1040, 17.7026, 0
PixelHit 1410, 1041, 12.4698, 0
PixelHit 1410, 1042, 2.67253, 0
PixelHit 1410, 1043, 1.86988, 0
PixelHit 1411, 1032, 0.756856, 0
PixelHit 1411, 1033, 3.8927, 0
PixelHit 1411, 1034, 7.82276, 0
PixelHit 1411, 1035, 13.2102, 0
PixelHit 1411, 1036, 19.7254, 0
PixelHit 1411, 1037, 24.1357, 0
PixelHit 1411, 1038, 22.6361, 0
PixelHit 1411, 1039, 21.9321, 0
PixelHit 1411, 1040, 7.87834, 0
PixelHit 1411, 1041, 1.85345, 0
PixelHit 1412, 1029, 1.64358, 0
PixelHit 1412, 1030, 0.56325, 0
PixelHit 1412, 1031, 2.78522, 0
PixelHit 1412, 1032, 6.90676, 0
PixelHit 1412, 1033, 11.2403, 0
PixelHit 1412, 1034, 11.4946, 0
PixelHit 1412, 1035, 18.0918, 0
PixelHit 1412, 1036, 13.3033, 0
PixelHit 1412, 1037, 7.37618, 0
PixelHit 1412, 1038, 11.4242, 0
PixelHit 1412, 1039, 3.71806, 0
PixelHit 1413, 1026, 2.53733, 0
PixelHit 1413, 1027, 2.32043, 0
PixelHit 1413, 1028, 4.28557, 0
PixelHit 1413, 1029, 6.78261, 0
PixelHit 1413, 1030, 7.03942, 0
PixelHit 1413, 1031, 10.0945, 0
PixelHit 1413, 1032, 13.18, 0
PixelHit 1413, 1033, 10.0679, 0
PixelHit 1413, 1034, 13.8475, 0
PixelHit 1413, 1035, 6.46624, 0
PixelHit 1413, 1036, 3.07252, 0
PixelHit 1413, 1038, 2.96694, 0
PixelHit 1413, 1039, 1.76002, 0
PixelHit 1414, 1025, 3.25053, 0
PixelHit 1414, 1026, 4.14708, 0
PixelHit 1414, 1027, 14.0752, 0
PixelHit 1414, 1028, 18.6462, 0
PixelHit 1414, 1029, 16.9321, 0
PixelHit 1414, 1030, 21.0633, 0
PixelHit 1414, 1031, 17.2141, 0
PixelHit 1414, 1032, 13.9168, 0
PixelHit 1414, 1033, 7.70411, 0
PixelHit 1414, 1034, 3.65282, 0
PixelHit 1414, 1035, 0.8683, 0
PixelHit 1414, 1036, 1.9386, 0
PixelHit 1415, 1023, 2.7296, 0
PixelHit 1415, 1025, 6.89475, 0
PixelHit 1415, 1026, 8.0939, 0
PixelHit 1415, 1027, 27.5725, 0
PixelHit 1415, 1028, 22.9348, 0
PixelHit 1415, 1029, 26.0461, 0
PixelHit 1415, 1030, 15.1179, 0
PixelHit 1415, 1031, 9.21163, 0
PixelHit 1415, 1032, 5.91, 0
PixelHit 1415, 1034, 1.11685, 0
PixelHit 1416, 1023, 1.01281, 0
PixelHit 1416, 1024, 11.3567, 0
PixelHit 1416, 1025, 16.4467, 0
PixelHit 1416, 1026, 18.522, 0
PixelHit 1416, 1027, 33.3931, 0
PixelHit 1416, 1028, 24.0197, 0
PixelHit 1416, 1029, 16.4604, 0
PixelHit 1416, 1030, 12.1146, 0
PixelHit 1416, 1031, 3.7113, 0
PixelHit 1416, 1032, 0.944914, 0
PixelHit 1417, 1021, 2.34029, 0
PixelHit 1417, 1022, 5.14651, 0
PixelHit 1417, 1023, 13.7439, 0
PixelHit 1417, 1024, 19.1546, 0
PixelHit 1417, 1025, 17.573, 0
PixelHit 1417, 1026, 19.0779, 0
PixelHit 1417, 1027, 17.1495, 0
PixelHit 1417, 1028, 11.0764, 0
PixelHit 1417, 1029, 14.069, 0
PixelHit 1417, 1030, 1.4049, 0
PixelHit 1418, 1015, 0.645177, 0
PixelHit 1418, 1017, 1.48496, 0
PixelHit 1418, 1019, 4.54092, 0
PixelHit 1418, 1020, 6.13147, 0
PixelHit 1418, 1021, 10.7069, 0
PixelHit 1418, 1022, 18.3418, 0
PixelHit 1418, 1023, 11.4612, 0
PixelHit 1418, 1024, 9.81495, 0
PixelHit 1418, 1025, 3.82159, 0
PixelHit 1418, 1026, 11.2147, 0
PixelHit 1418, 1027, 3.7597, 0
PixelHit 1418, 1028, 5.12446, 0
PixelHit 1418, 1029, 1.83802, 0
PixelHit 1419, 1015, 3.22192, 0
PixelHit 1419, 1016, 3.30138, 0
PixelHit 1419, 1018, 6.45768, 0
PixelHit 1419, 1019, 3.03713, 0
PixelHit 1419, 1020, 12.3045, 0
PixelHit 1419, 1021, 22.6982, 0
PixelHit 1419, 1022, 19.1794, 0
PixelHit 1419, 1023, 9.35016, 0
PixelHit 1419, 1024, 5.54643, 0
PixelHit 1419, 1025, 3.32838, 0
PixelHit 1420, 1012, 2.32372, 0
PixelHit 1420, 1014, 4.96763, 0
PixelHit 1420, 1015, 5.68046, 0
PixelHit 1420, 1016, 3.58234, 0
PixelHit 1420, 1017, 4.95176, 0
PixelHit 1420, 1018, 6.221, 0
PixelHit 1420, 1019, 13.7592, 0
PixelHit 1420, 1020, 11.823, 0
PixelHit 1420, 1021, 14.3073, 0
PixelHit 1420, 1022, 8.97002, 0
PixelHit 1420, 1023, 4.86089, 0
PixelHit 1421, 1012, 2.50645, 0
PixelHit 1421, 1013, 3.62175, 0
PixelHit 1421, 1014, 7.93189, 0
PixelHit 1421, 1015, 13.1511, 0
PixelHit 1421, 1016, 11.3132, 0
PixelHit 1421, 1017, 10.4972, 0
PixelHit 1421, 1018, 8.68255, 0
PixelHit 1421, 1019, 15.2279, 0
PixelHit 1421, 1020, 6.8761, 0
PixelHit 1421, 1021, 4.59367, 0
PixelHit 1421, 1022, 3.55274, 0
PixelHit 1421, 1023, 2.42976, 0
PixelHit 1422, 1008, 1.36771, 0
PixelHit 1422, 1010, 2.82233, 0
PixelHit 1422, 1011, 3.36517, 0
PixelHit 1422, 1012, 9.74423, 0
PixelHit 1422, 1013, 8.1506, 0
PixelHit 1422, 1014, 12.8761, 0
PixelHit 1422, 1015, 19.1363, 0
PixelHit 1422, 1016, 20.6189, 0
PixelHit 1422, 1017, 8.73329, 0
PixelHit 1422, 1018, 2.89773, 0
PixelHit 1422, 1019, 6.81803, 0
PixelHit 1422, 1021, 2.23195, 0
PixelHit 1422, 1024, 2.1024, 0
PixelHit 1423, 1009, 3.12692, 0
PixelHit 1423, 1010, 10.4891, 0
PixelHit 1423, 1011, 15.549, 0
PixelHit 1423, 1012, 20.6817, 0
PixelHit 1423, 1013, 22.5994, 0
PixelHit 1423, 1014, 18.7501, 0
PixelHit 1423, 1015, 17.1716, 0
PixelHit 1423, 1016, 12.5878, 0
PixelHit 1423, 1017, 7.17266, 0
PixelHit 1423, 1018, 7.47846, 0
PixelHit 1423, 1019, 2.4685, 0
PixelHit 1424, 1008, 2.41365, 0
PixelHit 1424, 1009, 4.14734, 0
PixelHit 1424, 1010, 15.2422, 0
PixelHit 1424, 1011, 17.2942, 0
PixelHit 1424, 1012, 18.8999, 0
PixelHit 1424, 1013, 14.6029, 0
PixelHit 1424, 1014, 11.4877, 0
PixelHit 1424, 1015, 12.0737, 0
PixelHit 1424, 1016, 10.022, 0
PixelHit 1424, 1017, 3.3956, 0
PixelHit 1425, 1008, 5.75068, 0
PixelHit 1425, 1009, 9.73044, 0
PixelHit 1425, 1010, 15.1846, 0
PixelHit 1425, 1011, 12.8668, 0
PixelHit 1425, 1012, 20.6838, 0
PixelHit 1425, 1013, 11.4333, 0
PixelHit 1425, 1015, 5.98197, 0
PixelHit 1426, 1008, 1.29019, 0
PixelHit 1426, 1009, 6.04018, 0
PixelHit 1426, 1010, 9.09056, 0
PixelHit 1426, 1011, 10.772, 0
PixelHit 1426, 1012, 3.11611, 0
PixelHit 1426, 1013, 2.43818, 0
PixelHit 1427, 1009, 3.64362, 0
PixelHit 1427, 1010, 8.78144, 0
PixelHit 1427, 1012, 2.37924, 0
=== 32 ===
=== 33 ===
=== 34 ===
=== 35 ===
=== 36 ===
=== 37 ===
=== 38 ===
=== 39 ===
=== 40 ===
=== 41 ===
=== 42 ===
=== 43 ===
=== 44 ===
--- mydetector ---
PixelHit 2257, 1025, -0.215161, 0
PixelHit 2257, 1026, 2.68925, 0
PixelHit 2257, 1027, 2.98947, 0
PixelHit 2258, 1023, 3.04486, 0
PixelHit 2258, 1024, 17.1661, 0
PixelHit 2258, 1025, 68.6347, 0
PixelHit 2258, 1026, 12.2639, 0
PixelHit 2259, 1021, 20.0874, 0
PixelHit 2259, 1022, 44.3376, 0
PixelHit 2259, 1023, 31.5796, 0
PixelHit 2259, 1024, 11.9215, 0
PixelHit 2259, 1025, 3.11078, 0
PixelHit 2260, 1018, 1.75205, 0
PixelHit 2260, 1019, 9.95061, 0
PixelHit 2260, 1020, 33.8063, 0
PixelHit 2260, 1021, 38.6746, 0
PixelHit 2260, 1022, 31.2906, 0
PixelHit 2260, 1023, 4.84402, 0
PixelHit 2261, 1016, 8.51199, 0
PixelHit 2261, 1017, 43.188, 0
PixelHit 2261, 1018, 46.0834, 0
PixelHit 2261, 1019, 31.9389, 0
PixelHit 2261, 1020, 12.4765, 0
PixelHit 2261, 1021, 0.930377, 0
PixelHit 2262, 1014, 7.19942, 0
PixelHit 2262, 1015, 9.24412, 0
PixelHit 2262, 1016, 97.6084, 0
PixelHit 2262, 1017, 85.818, 0
PixelHit 2262, 1018, 39.2517, 0
PixelHit 2263, 1010, 1.98006, 0
PixelHit 2263, 1011, 1.87903, 0
PixelHit 2263, 1012, 4.41958, 0
PixelHit 2263, 1013, 3.90051, 0
PixelHit 2263, 1014, 15.3909, 0
PixelHit 2263, 1015, 14.1318, 0
PixelHit 2263, 1016, 13.0433, 0
PixelHit 2263, 1017, 15.4901, 0
PixelHit 2264, 1010, 18.4499, 0
PixelHit 2264, 1011, 37.779, 0
PixelHit 2264, 1012, 26.2825, 0
PixelHit 2264, 1013, 7.51458, 0
PixelHit 2264, 1014, 8.61641, 0
PixelHit 2264, 1016, 3.05276, 0
PixelHit 2265, 1008, 9.207, 0
PixelHit 2265, 1009, 30.8697, 0
PixelHit 2265, 1010, 44.6257, 0
PixelHit 2265, 1011, 38.0312, 0
PixelHit 2265, 1012, 9.8485, 0
PixelHit 2266, 1005, 2.87074, 0
PixelHit 2266, 1006, 6.37692, 0
PixelHit 2266, 1007, 12.6899, 0
PixelHit 2266, 1008, 15.0645, 0
PixelHit 2266, 1009, 25.5546, 0
PixelHit 2266, 1010, 11.4755, 0
PixelHit 2266, 1011, 8.47786, 0
PixelHit 2267, 1000, 3.89096, 0
PixelHit 2267, 1001, 4.46111, 0
PixelHit 2267, 1002, 3.67169, 0
PixelHit 2267, 1004, 7.92215, 0
PixelHit 2267, 1005, 21.0062, 0
PixelHit 2267, 1006, 18.7929, 0
PixelHit 2267, 1007, 8.80812, 0
PixelHit 2267, 1008, 3.81991, 0
PixelHit 2267, 1009, 1.60114, 0
PixelHit 2268, 1000, 21.5403, 0
PixelHit 2268, 1001, 106.194, 0
PixelHit 2268, 1002, 122.311, 0
PixelHit 2268, 1003, 22.5327, 0
PixelHit 2268, 1004, 7.51284, 0
PixelHit 2268, 1005, 24.8348, 0
PixelHit 2268, 1006, 6.91206, 0
PixelHit 2268, 1007, 3.59031, 0
PixelHit 2269, 997, 1.57075, 0
PixelHit 2269, 999, 26.7623, 0
PixelHit 2269, 1000, 83.4689, 0
PixelHit 2269, 1001, 434.692, 0
PixelHit 2269, 1002, 440.957, 0
PixelHit 2269, 1003, 59.526, 0
PixelHit 2269, 1004, 1.13052, 0
PixelHit 2269, 1006, 2.48036, 0
PixelHit 2270, 997, 6.38472, 0
PixelHit 2270, 998, 36.8699, 0
PixelHit 2270, 999, 58.699, 0
PixelHit 2270, 1000, 91.4906, 0
PixelHit 2270, 1001, 247.713, 0
PixelHit 2270, 1002, 218.934, 0
PixelHit 2270, 1003, 26.6425, 0
PixelHit 2270, 1004, 1.31714, 0
PixelHit 2271, 992, 5.15834, 0
PixelHit 2271, 993, 19.1582, 0
PixelHit 2271, 994, 18.3491, 0
PixelHit 2271, 995, 17.1173, 0
PixelHit 2271, 996, 21.4504, 0
PixelHit 2271, 997, 23.8496, 0
PixelHit 2271, 998, 29.2228, 0
PixelHit 2271, 999, 34.3279, 0
PixelHit 2271, 1000, 26.8904, 0
PixelHit 2271, 1001, 18.1636, 0
PixelHit 2271, 1002, 12.3772, 0
PixelHit 2271, 1003, 4.42374, 0
PixelHit 2272, 991, 10.3495, 0
PixelHit 2272, 992, 73.0742, 0
PixelHit 2272, 993, 172.276, 0
PixelHit 2272, 994, 121.214, 0
PixelHit 2272, 995, 51.722, 0
PixelHit 2272, 996, 21.9497, 0
PixelHit 2272, 997, 16.4463, 0
PixelHit 2272, 998, 5.37573, 0
PixelHit 2272, 999, 2.28139, 0
PixelHit 2272, 1000, 0.373705, 0
PixelHit 2272, 1002, -0.325302, 0
PixelHit 2273, 989, 1.34411, 0
PixelHit 2273, 990, 5.55257, 0
PixelHit 2273, 991, 27.6971, 0
PixelHit 2273, 992, 160.702, 0
PixelHit 2273, 993, 425.819, 0
PixelHit 2273, 994, 244.011, 0
PixelHit 2273, 995, 44.9066, 0
PixelHit 2273, 996, 11.0346, 0
PixelHit 2274, 986, 1.90302, 0
PixelHit 2274, 987, 4.16216, 0
PixelHit 2274, 988, 7.68024, 0
PixelHit 2274, 989, 15.5608, 0
PixelHit 2274, 990, 15.5113, 0
PixelHit 2274, 991, 27.0055, 0
PixelHit 2274, 992, 108.302, 0
PixelHit 2274, 993, 187.991, 0
PixelHit 2274, 994, 101.673, 0
PixelHit 2274, 995, 11.8192, 0
PixelHit 2275, 983, 1.03453, 0
PixelHit 2275, 984, 3.8163, 0
PixelHit 2275, 985, 2.53158, 0
PixelHit 2275, 986, 5.09393, 0
PixelHit 2275, 987, 12.1234, 0
PixelHit 2275, 988, 24.9607, 0
PixelHit 2275, 989, 18.7117, 0
PixelHit 2275, 990, 6.07778, 0
PixelHit 2275, 991, 6.59036, 0
PixelHit 2275, 992, 11.7935, 0
PixelHit 2275, 993, 15.7981, 0
PixelHit 2275, 994, 12.5098, 0
PixelHit 2276, 982, 5.57861, 0
PixelHit 2276, 983, 24.5542, 0
PixelHit 2276, 984, 24.1609, 0
PixelHit 2276, 985, 21.8199, 0
PixelHit 2276, 986, 7.95816, 0
PixelHit 2276, 987, 11.7838, 0
PixelHit 2276, 988, 24.3746, 0
PixelHit 2276, 989, 14.9584, 0
PixelHit 2276, 990, 11.3392, 0
PixelHit 2277, 981, 8.59915, 0
PixelHit 2277, 982, 37.2079, 0
PixelHit 2277, 983, 71.0991, 0
PixelHit 2277, 984, 64.8822, 0
PixelHit 2277, 985, 32.1478, 0
PixelHit 2277, 986, 19.2766, 0
PixelHit 2277, 987, 5.29134, 0
PixelHit 2277, 990, 1.92485, 0
PixelHit 2278, 976, 2.96813, 0
PixelHit 2278, 977, 2.25879, 0
PixelHit 2278, 979, 4.34993, 0
PixelHit 2278, 980, 11.1105, 0
PixelHit 2278, 981, 14.4809, 0
PixelHit 2278, 982, 50.5064, 0
PixelHit 2278, 983, 94.2578, 0
PixelHit 2278, 984, 79.2409, 0
PixelHit 2278, 985, 17.3912, 0
PixelHit 2278, 986, 4.45858, 0
PixelHit 2278, 987, 2.04697, 0
PixelHit 2279, 974, 1.63201, 0
PixelHit 2279, 975, 1.09024, 0
PixelHit 2279, 976, 1.2102, 0
PixelHit 2279, 977, 5.66287, 0
PixelHit 2279, 978, 7.14563, 0
PixelHit 2279, 979, 15.3486, 0
PixelHit 2279, 980, 16.1058, 0
PixelHit 2279, 981, 34.0966, 0
PixelHit 2279, 982, 22.4278, 0
PixelHit 2279, 983, 50.4188, 0
PixelHit 2279, 984, 32.3674, 0
PixelHit 2279, 985, 4.45795, 0
PixelHit 2279, 986, 1.52907, 0
PixelHit 2280, 972, 0.0685014, 0
PixelHit 2280, 973, 5.1967, 0
PixelHit 2280, 974, 5.32405, 0
PixelHit 2280, 975, 19.196, 0
PixelHit 2280, 976, 16.5795, 0
PixelHit 2280, 977, 14.1336, 0
PixelHit 2280, 978, 13.4165, 0
PixelHit 2280, 979, 10.3056, 0
PixelHit 2280, 980, 9.37893, 0
PixelHit 2280, 981, 11.5023, 0
PixelHit 2280, 982, 8.75549, 0
PixelHit 2280, 983, 6.54674, 0
PixelHit 2280, 986, 1.50799, 0
PixelHit 2281, 971, 1.35628, 0
PixelHit 2281, 972, 7.32221, 0
PixelHit 2281, 973, 9.15329, 0
PixelHit 2281, 974, 33.0232, 0
PixelHit 2281, 975, 41.307, 0
PixelHit 2281, 976, 29.5639, 0
PixelHit 2281, 977, 14.513, 0
PixelHit 2281, 978, 9.17489, 0
PixelHit 2281, 979, 10.5736, 0
PixelHit 2281, 980, 5.35515, 0
PixelHit 2281, 982, 1.34734, 0
PixelHit 2282, 971, 7.17022, 0
PixelHit 2282, 972, 18.1654, 0
PixelHit 2282, 973, 27.679, 0
PixelHit 2282, 974, 34.6501, 0
PixelHit 2282, 975, 47.4145, 0
PixelHit 2282, 976, 28.401, 0
PixelHit 2282, 977, 7.79357, 0
PixelHit 2282, 978, 1.87254, 0
PixelHit 2283, 965, 1.91997, 0
PixelHit 2283, 966, 2.54797, 0
PixelHit 2283, 969, 3.28571, 0
PixelHit 2283, 970, 3.75149, 0
PixelHit 2283, 971, 13.1975, 0
PixelHit 2283, 972, 16.4146, 0
PixelHit 2283, 973, 23.7144, 0
PixelHit 2283, 974, 25.8194, 0
PixelHit 2283, 975, 12.2014, 0
PixelHit 2283, 976, 6.29574, 0
PixelHit 2283, 977, 1.93071, 0
PixelHit 2283, 979, 0.942418, 0
PixelHit 2284, 961, 1.80115, 0
PixelHit 2284, 962, 0.813489, 0
PixelHit 2284, 965, 1.08551, 0
PixelHit 2284, 966, 5.58573, 0
PixelHit 2284, 970, 2.78218, 0
PixelHit 2284, 971, 4.8226, 0
PixelHit 2284, 972, 10.3653, 0
PixelHit 2284, 973, 4.22952, 0
PixelHit 2284, 974, 6.69149, 0
PixelHit 2284, 975, 2.50047, 0
PixelHit 2285, 963, 4.65395, 0
PixelHit 2285, 964, 13.0034, 0
PixelHit 2285, 965, 13.3511, 0
PixelHit 2285, 966, 13.3015, 0
PixelHit 2285, 967, 2.68341, 0
PixelHit 2285, 972, 4.12553, 0
PixelHit 2285, 973, 0.302533, 0
PixelHit 2285, 974, 1.36969, 0
PixelHit 2285, 975, 1.7885, 0
PixelHit 2286, 958, 2.5137, 0
PixelHit 2286, 959, 2.76992, 0
PixelHit 2286, 960, 4.4358, 0
PixelHit 2286, 961, 4.17436, 0
PixelHit 2286, 962, 10.693, 0
PixelHit 2286, 963, 11.1221, 0
PixelHit 2286, 964, 24.0509, 0
PixelHit 2286, 965, 23.7316, 0
PixelHit 2286, 966, 24.8508, 0
PixelHit 2286, 967, 2.49642, 0
PixelHit 2286, 968, 3.67014, 0
PixelHit 2287, 958, 5.8639, 0
PixelHit 2287, 960, 4.91324, 0
PixelHit 2287, 961, 17.4058, 0
PixelHit 2287, 962, 22.6252, 0
PixelHit 2287, 963, 22.809, 0
PixelHit 2287, 964, 15.0082, 0
PixelHit 2287, 965, 16.9975, 0
PixelHit 2287, 966, 12.9535, 0
PixelHit 2287, 967, 5.37124, 0
PixelHit 2288, 956, 3.46616, 0
PixelHit 2288, 957, 1.76907, 0
PixelHit 2288, 958, 6.90555, 0
PixelHit 2288, 959, 3.79413, 0
PixelHit 2288, 960, 6.43177, 0
PixelHit 2288, 961, 18.7157, 0
PixelHit 2288, 962, 24.6912, 0
PixelHit 2288, 963, 16.0437, 0
PixelHit 2288, 964, 5.67402, 0
PixelHit 2288, 965, 7.14887, 0
PixelHit 2288, 966, 0.600478, 0
PixelHit 2288, 967, 0.676387, 0
PixelHit 2289, 952, 3.2262, 0
PixelHit 2289, 953, 4.81045, 0
PixelHit 2289, 954, 5.60381, 0
PixelHit 2289, 955, 8.90034, 0
PixelHit 2289, 956, 16.4022, 0
PixelHit 2289, 957, 11.8638, 0
PixelHit 2289, 958, 12.7768, 0
PixelHit 2289, 959, 17.5286, 0
PixelHit 2289, 960, 12.5554, 0
PixelHit 2289, 961, 4.7035, 0
PixelHit 2289, 962, 5.4041, 0
PixelHit 2289, 963, 2.77212, 0
PixelHit 2289, 964, 2.06847, 0
PixelHit 2290, 951, 5.72475, 0
PixelHit 2290, 952, 17.0271, 0
PixelHit 2290, 953, 19.8379, 0
PixelHit 2290, 954, 18.9891, 0
PixelHit 2290, 955, 28.8365, 0
PixelHit 2290, 956, 27.8174, 0
PixelHit 2290, 957, 22.0198, 0
PixelHit 2290, 958, 16.792, 0
PixelHit 2290, 959, 11.065, 0
PixelHit 2290, 960, 5.32164, 0
PixelHit 2290, 961, 3.39961, 0
PixelHit 2290, 962, -0.745293, 0
PixelHit 2290, 963, 2.9587, 0
PixelHit 2290, 964, 1.75202, 0
PixelHit 2291, 947, 3.69227, 0
PixelHit 2291, 950, 5.99669, 0
PixelHit 2291, 951, 12.909, 0
PixelHit 2291, 952, 40.4168, 0
PixelHit 2291, 953, 63.9165, 0
PixelHit 2291, 954, 52.7623, 0
PixelHit 2291, 955, 43.4758, 0
PixelHit 2291, 956, 28.8661, 0
PixelHit 2291, 957, 6.59417, 0
PixelHit 2291, 958, 8.10271, 0
PixelHit 2291, 959, 2.87712, 0
PixelHit 2291, 960, 1.36601, 0
PixelHit 2291, 961, 1.38894, 0
PixelHit 2292, 946, 4.12536, 0
PixelHit 2292, 947, 8.5578, 0
PixelHit 2292, 948, 11.7649, 0
PixelHit 2292, 949, 6.78304, 0
PixelHit 2292, 950, 10.1753, 0
PixelHit 2292, 951, 27.4939, 0
PixelHit 2292, 952, 44.8685, 0
PixelHit 2292, 953, 82.0134, 0
PixelHit 2292, 954, 58.5982, 0
PixelHit 2292, 955, 32.3794, 0
PixelHit 2292, 956, 15.9944, 0
PixelHit 2292, 957, 4.35003, 0
PixelHit 2292, 958, 2.42748, 0
PixelHit 2293, 945, 3.25349, 0
PixelHit 2293, 946, 16.2116, 0
PixelHit 2293, 947, 31.0758, 0
PixelHit 2293, 948, 31.3828, 0
PixelHit 2293, 949, 27.9274, 0
PixelHit 2293, 950, 15.5177, 0
PixelHit 2293, 951, 22.6157, 0
PixelHit 2293, 952, 24.7595, 0
PixelHit 2293, 953, 49.3061, 0
PixelHit 2293, 954, 37.4426, 0
PixelHit 2293, 955, 8.71731, 0
PixelHit 2293, 956, 3.55846, 0
PixelHit 2294, 943, 4.11327, 0
PixelHit 2294, 944, 6.31695, 0
PixelHit 2294, 945, 10.9235, 0
PixelHit 2294, 946, 37.6534, 0
PixelHit 2294, 947, 63.1175, 0
PixelHit 2294, 948, 68.8277, 0
PixelHit 2294, 949, 40.7762, 0
PixelHit 2294, 950, 15.1481, 0
PixelHit 2294, 951, 10.2368, 0
PixelHit 2294, 952, 10.5903, 0
PixelHit 2294, 953, 16.5881, 0
PixelHit 2294, 954, 7.55243, 0
PixelHit 2294, 956, 2.35625, 0
PixelHit 2295, 941, 1.13463, 0
PixelHit 2295, 942, 8.1254, 0
PixelHit 2295, 943, 5.44123, 0
PixelHit 2295, 944, 11.8374, 0
PixelHit 2295, 945, 22.6119, 0
PixelHit 2295, 946, 44.5842, 0
PixelHit 2295, 947, 44.5526, 0
PixelHit 2295, 948, 44.76, 0
PixelHit 2295, 949, 23.3289, 0
PixelHit 2295, 950, 11.8689, 0
PixelHit 2295, 951, 1.89877, 0
PixelHit 2295, 952, 1.15299, 0
PixelHit 2295, 953, 1.86635, 0
PixelHit 2295, 954, 1.00368, 0
PixelHit 2295, 955, 3.22529, 0
PixelHit 2296, 938, 2.62172, 0
PixelHit 2296, 940, 11.9099, 0
PixelHit 2296, 941, 15.8168, 0
PixelHit 2296, 942, 9.51212, 0
PixelHit 2296, 943, 19.7434, 0
PixelHit 2296, 944, 19.1515, 0
PixelHit 2296, 945, 13.1743, 0
PixelHit 2296, 946, 28.1073, 0
PixelHit 2296, 947, 40.4941, 0
PixelHit 2296, 948, 29.284, 0
PixelHit 2296, 949, 6.83037, 0
PixelHit 2296, 952, 3.36254, 0
PixelHit 2297, 937, 3.08771, 0
PixelHit 2297, 938, 4.76255, 0
PixelHit 2297, 939, 14.8224, 0
PixelHit 2297, 940, 9.94319, 0
PixelHit 2297, 941, 19.2426, 0
PixelHit 2297, 942, 22.5465, 0
PixelHit 2297, 943, 8.98836, 0
PixelHit 2297, 944, 12.5653, 0
PixelHit 2297, 945, 6.43418, 0
PixelHit 2297, 946, 10.1189, 0
PixelHit 2297, 947, 7.54579, 0
PixelHit 2297, 948, 3.12781, 0
PixelHit 2298, 936, 3.85573, 0
PixelHit 2298, 937, 9.28497, 0
PixelHit 2298, 938, 18.0156, 0
PixelHit 2298, 939, 19.2242, 0
PixelHit 2298, 940, 25.3675, 0
PixelHit 2298, 941, 30.7819, 0
PixelHit 2298, 942, 25.2283, 0
PixelHit 2298, 943, 6.78834, 0
PixelHit 2298, 944, 2.61864, 0
PixelHit 2298, 945, 2.67738, 0
PixelHit 2298, 946, 0.629131, 0
PixelHit 2298, 947, 2.03991, 0
PixelHit 2299, 936, 4.14595, 0
PixelHit 2299, 937, 11.4554, 0
PixelHit 2299, 938, 8.99675, 0
PixelHit 2299, 939, 14.3937, 0
PixelHit 2299, 940, 15.1337, 0
PixelHit 2299, 941, 11.3112, 0
PixelHit 2299, 942, 8.9803, 0
PixelHit 2299, 943, 3.83363, 0
PixelHit 2299, 944, 1.93007, 0
PixelHit 2300, 936, 1.22953, 0
PixelHit 2300, 937, 4.14229, 0
PixelHit 2300, 938, 6.77526, 0
PixelHit 2300, 939, 4.05777, 0
PixelHit 2300, 940, 4.44255, 0
PixelHit 2300, 943, 1.96265, 0
PixelHit 2301, 939, 4.81688, 0
PixelHit 2301, 940, 6.19266, 0
PixelHit 2301, 942, 1.00431, 0
=== 45 ===
=== 46 ===
=== 47 ===
=== 48 ===
=== 49 ===
=== 50 ===
=== 51 ===
=== 52 ===
=== 53 ===
=== 54 ===
=== 55 ===
=== 56 ===
--- mydetector ---
PixelHit 2036, 1381, 2.57962, 0
PixelHit 2036, 1382, 14.6383, 0
PixelHit 2036, 1383, 2.82606, 0
PixelHit 2037, 1380, 1.13139, 0
PixelHit 2037, 1381, 51.3488, 0
PixelHit 2037, 1382, 214.542, 0
PixelHit 2037, 1383, 44.5195, 0
PixelHit 2038, 1376, 0.756557, 0
PixelHit 2038, 1379, 20.1322, 0
PixelHit 2038, 1380, 36.9251, 0
PixelHit 2038, 1381, 36.2157, 0
PixelHit 2038, 1382, 11.761, 0
PixelHit 2039, 1375, 30.0466, 0
PixelHit 2039, 1376, 65.1019, 0
PixelHit 2039, 1377, 24.6972, 0
PixelHit 2039, 1378, 15.9549, 0
PixelHit 2039, 1379, 4.73291, 0
PixelHit 2039, 1380, 7.68123, 0
PixelHit 2040, 1373, 2.50697, 0
PixelHit 2040, 1374, 7.38128, 0
PixelHit 2040, 1375, 398.11, 0
PixelHit 2040, 1376, 779.022, 0
PixelHit 2040, 1377, 70.3113, 0
PixelHit 2040, 1378, 2.55297, 0
PixelHit 2041, 1372, 0.795691, 0
PixelHit 2041, 1373, 19.9278, 0
PixelHit 2041, 1374, 27.9801, 0
PixelHit 2041, 1375, 121.815, 0
PixelHit 2041, 1376, 198.781, 0
PixelHit 2041, 1377, 14.1632, 0
PixelHit 2042, 1368, 1.89917, 0
PixelHit 2042, 1370, 7.72144, 0
PixelHit 2042, 1371, 8.48737, 0
PixelHit 2042, 1372, 3.6334, 0
PixelHit 2042, 1373, 20.1468, 0
PixelHit 2042, 1374, 14.3865, 0
PixelHit 2042, 1375, 5.0552, 0
PixelHit 2042, 1376, 3.44052, 0
PixelHit 2043, 1368, 2.06212, 0
PixelHit 2043, 1369, 7.43561, 0
PixelHit 2043, 1370, 25.3925, 0
PixelHit 2043, 1371, 29.2884, 0
PixelHit 2043, 1372, 6.25266, 0
PixelHit 2044, 1365, 1.68212, 0
PixelHit 2044, 1366, 4.06639, 0
PixelHit 2044, 1367, 0.0557748, 0
PixelHit 2044, 1368, 12.8572, 0
PixelHit 2044, 1369, 26.3582, 0
PixelHit 2044, 1370, 15.0393, 0
PixelHit 2044, 1371, 12.1688, 0
PixelHit 2045, 1363, 1.40635, 0
PixelHit 2045, 1364, 6.71672, 0
PixelHit 2045, 1365, 14.1461, 0
PixelHit 2045, 1366, 32.9225, 0
PixelHit 2045, 1367, 14.0277, 0
PixelHit 2045, 1368, 3.74547, 0
PixelHit 2045, 1369, 4.29298, 0
PixelHit 2046, 1361, 0.948885, 0
PixelHit 2046, 1362, 3.8694, 0
PixelHit 2046, 1363, 6.55266, 0
PixelHit 2046, 1364, 23.3814, 0
PixelHit 2046, 1365, 39.1964, 0
PixelHit 2046, 1366, 49.6591, 0
PixelHit 2046, 1367, 10.0953, 0
PixelHit 2046, 1369, 1.86441, 0
PixelHit 2047, 1359, 0.722929, 0
PixelHit 2047, 1360, 3.33316, 0
PixelHit 2047, 1361, 12.3273, 0
PixelHit 2047, 1362, 16.6758, 0
PixelHit 2047, 1363, 16.1306, 0
PixelHit 2047, 1364, 13.9596, 0
PixelHit 2047, 1365, 17.4643, 0
PixelHit 2047, 1366, 5.09574, 0
PixelHit 2047, 1367, 1.04264, 0
PixelHit 2048, 1359, 1.91247, 0
PixelHit 2048, 1360, 7.05909, 0
PixelHit 2048, 1361, 26.6505, 0
PixelHit 2048, 1362, 24.7418, 0
PixelHit 2048, 1363, 5.64525, 0
PixelHit 2048, 1364, 7.04676, 0
PixelHit 2048, 1365, 1.08193, 0
PixelHit 2049, 1356, 1.2837, 0
PixelHit 2049, 1357, 2.5594, 0
PixelHit 2049, 1358, 2.89764, 0
PixelHit 2049, 1359, 12.0284, 0
PixelHit 2049, 1360, 9.72259, 0
PixelHit 2049, 1361, 9.4792, 0
PixelHit 2049, 1362, 9.86842, 0
PixelHit 2049, 1363, 3.12044, 0
PixelHit 2050, 1353, 2.47786, 0
PixelHit 2050, 1354, 1.90093, 0
PixelHit 2050, 1355, 8.21442, 0
PixelHit 2050, 1357, 4.15919, 0
PixelHit 2050, 1358, 4.97384, 0
PixelHit 2050, 1359, 4.12584, 0
PixelHit 2050, 1360, 4.14515, 0
PixelHit 2050, 1361, 1.8448, 0
PixelHit 2051, 1350, 0.832761, 0
PixelHit 2051, 1352, 3.60405, 0
PixelHit 2051, 1353, 4.35757, 0
PixelHit 2051, 1354, 19.5617, 0
PixelHit 2051, 1355, 16.9693, 0
PixelHit 2051, 1356, 3.95155, 0
PixelHit 2051, 1357, 4.4067, 0
PixelHit 2051, 1358, 1.50523, 0
PixelHit 2052, 1350, 7.55873, 0
PixelHit 2052, 1351, 6.77159, 0
PixelHit 2052, 1352, 15.1571, 0
PixelHit 2052, 1353, 20.3506, 0
PixelHit 2052, 1354, 29.7865, 0
PixelHit 2052, 1355, 22.0958, 0
PixelHit 2053, 1347, 5.79404, 0
PixelHit 2053, 1348, 3.63918, 0
PixelHit 2053, 1349, 16.6318, 0
PixelHit 2053, 1350, 12.1399, 0
PixelHit 2053, 1351, 22.2066, 0
PixelHit 2053, 1352, 30.1123, 0
PixelHit 2053, 1353, 15.6888, 0
PixelHit 2053, 1354, 6.9182, 0
PixelHit 2053, 1355, 7.70555, 0
PixelHit 2053, 1356, 1.15534, 0
PixelHit 2054, 1344, 3.64815, 0
PixelHit 2054, 1345, 9.35794, 0
PixelHit 2054, 1346, 11.0868, 0
PixelHit 2054, 1347, 21.3836, 0
PixelHit 2054, 1348, 25.8802, 0
PixelHit 2054, 1349, 22.0895, 0
PixelHit 2054, 1350, 18.5381, 0
PixelHit 2054, 1351, 25.1558, 0
PixelHit 2054, 1352, 12.8515, 0
PixelHit 2054, 1355, 1.75046, 0
PixelHit 2055, 1342, 1.96338, 0
PixelHit 2055, 1343, 11.4322, 0
PixelHit 2055, 1344, 30.2344, 0
PixelHit 2055, 1345, 41.9351, 0
PixelHit 2055, 1346, 41.8499, 0
PixelHit 2055, 1347, 60.4752, 0
PixelHit 2055, 1348, 41.1162, 0
PixelHit 2055, 1349, 27.0816, 0
PixelHit 2055, 1350, 12.5988, 0
PixelHit 2055, 1351, 6.17255, 0
PixelHit 2055, 1352, 2.46714, 0
PixelHit 2055, 1353, 1.57387, 0
PixelHit 2056, 1342, 19.3717, 0
PixelHit 2056, 1343, 73.2589, 0
PixelHit 2056, 1344, 167.708, 0
PixelHit 2056, 1345, 163.275, 0
PixelHit 2056, 1346, 91.5387, 0
PixelHit 2056, 1347, 78.9913, 0
PixelHit 2056, 1348, 36.0932, 0
PixelHit 2056, 1349, 22.6008, 0
PixelHit 2056, 1350, 4.95886, 0
PixelHit 2056, 1351, 2.6747, 0
PixelHit 2057, 1338, 1.37263, 0
PixelHit 2057, 1339, 2.11595, 0
PixelHit 2057, 1340, 4.7379, 0
PixelHit 2057, 1341, 9.23601, 0
PixelHit 2057, 1342, 56.1112, 0
PixelHit 2057, 1343, 140.735, 0
PixelHit 2057, 1344, 262.042, 0
PixelHit 2057, 1345, 239.49, 0
PixelHit 2057, 1346, 92.3867, 0
PixelHit 2057, 1347, 25.455, 0
PixelHit 2057, 1348, 9.20163, 0
PixelHit 2057, 1349, 1.82432, 0
PixelHit 2057, 1350, 1.32605, 0
PixelHit 2057, 1351, 2.06669, 0
PixelHit 2058, 1337, 1.50585, 0
PixelHit 2058, 1338, 5.50478, 0
PixelHit 2058, 1339, 11.3846, 0
PixelHit 2058, 1340, 15.5919, 0
PixelHit 2058, 1341, 24.9524, 0
PixelHit 2058, 1342, 57.5423, 0
PixelHit 2058, 1343, 123.168, 0
PixelHit 2058, 1344, 154.286, 0
PixelHit 2058, 1345, 105.085, 0
PixelHit 2058, 1346, 46.8514, 0
PixelHit 2058, 1347, 2.09836, 0
PixelHit 2058, 1348, 2.40058, 0
PixelHit 2058, 1349, 1.05022, 0
PixelHit 2059, 1333, 2.5308, 0
PixelHit 2059, 1336, 1.07749, 0
PixelHit 2059, 1337, 4.83016, 0
PixelHit 2059, 1338, 10.7808, 0
PixelHit 2059, 1339, 23.099, 0
PixelHit 2059, 1340, 30.8912, 0
PixelHit 2059, 1341, 27.0212, 0
PixelHit 2059, 1342, 25.587, 0
PixelHit 2059, 1343, 41.6519, 0
PixelHit 2059, 1344, 32.6039, 0
PixelHit 2059, 1345, 25.4316, 0
PixelHit 2059, 1346, 4.79806, 0
PixelHit 2059, 1347, 2.7173, 0
PixelHit 2060, 1333, 3.21659, 0
PixelHit 2060, 1334, 3.00101, 0
PixelHit 2060, 1336, 3.61833, 0
PixelHit 2060, 1337, 19.1727, 0
PixelHit 2060, 1338, 27.7242, 0
PixelHit 2060, 1339, 19.861, 0
PixelHit 2060, 1340, 16.5157, 0
PixelHit 2060, 1341, 13.8178, 0
PixelHit 2060, 1342, 4.6044, 0
PixelHit 2060, 1343, 6.12184, 0
PixelHit 2060, 1344, 4.66097, 0
PixelHit 2060, 1345, 1.5406, 0
PixelHit 2061, 1331, 5.35757, 0
PixelHit 2061, 1332, 7.77437, 0
PixelHit 2061, 1333, 13.0019, 0
PixelHit 2061, 1334, 5.46308, 0
PixelHit 2061, 1335, 6.87485, 0
PixelHit 2061, 1336, 7.93001, 0
PixelHit 2061, 1337, 16.8096, 0
PixelHit 2061, 1338, 14.961, 0
PixelHit 2061, 1339, 20.2204, 0
PixelHit 2061, 1340, 3.58832, 0
PixelHit 2061, 1342, 2.65094, 0
PixelHit 2062, 1330, 3.1389, 0
PixelHit 2062, 1331, 9.70521, 0
PixelHit 2062, 1332, 26.3463, 0
PixelHit 2062, 1333, 37.8012, 0
PixelHit 2062, 1334, 26.1621, 0
PixelHit 2062, 1335, 6.97472, 0
PixelHit 2062, 1336, 6.10656, 0
PixelHit 2062, 1337, 10.0767, 0
PixelHit 2062, 1338, 6.61466, 0
PixelHit 2062, 1339, 2.16984, 0
PixelHit 2062, 1340, 1.14285, 0
PixelHit 2063, 1328, 2.08874, 0
PixelHit 2063, 1329, 3.43573, 0
PixelHit 2063, 1330, 17.2504, 0
PixelHit 2063, 1331, 27.5997, 0
PixelHit 2063, 1332, 30.4147, 0
PixelHit 2063, 1333, 58.8074, 0
PixelHit 2063, 1334, 25.236, 0
PixelHit 2063, 1335, 5.04301, 0
PixelHit 2063, 1336, 1.51182, 0
PixelHit 2063, 1338, 2.26099, 0
PixelHit 2064, 1324, 1.6699, 0
PixelHit 2064, 1327, 4.81973, 0
PixelHit 2064, 1328, 12.2107, 0
PixelHit 2064, 1329, 10.2379, 0
PixelHit 2064, 1330, 31.8485, 0
PixelHit 2064, 1331, 42.6176, 0
PixelHit 2064, 1332, 41.5676, 0
PixelHit 2064, 1333, 33.6936, 0
PixelHit 2064, 1334, 10.4728, 0
PixelHit 2064, 1335, 5.30805, 0
PixelHit 2064, 1336, 2.84109, 0
PixelHit 2065, 1325, 3.81701, 0
PixelHit 2065, 1326, 8.45894, 0
PixelHit 2065, 1327, 15.0268, 0
PixelHit 2065, 1328, 13.5234, 0
PixelHit 2065, 1329, 10.0228, 0
PixelHit 2065, 1330, 28.5531, 0
PixelHit 2065, 1331, 18.2583, 0
PixelHit 2065, 1332, 17.4101, 0
PixelHit 2065, 1333, 3.92879, 0
PixelHit 2065, 1334, 5.10749, 0
PixelHit 2065, 1335, 1.9728, 0
PixelHit 2066, 1318, 3.90417, 0
PixelHit 2066, 1321, 4.45974, 0
PixelHit 2066, 1322, 2.60468, 0
PixelHit 2066, 1323, 6.10662, 0
PixelHit 2066, 1324, 10.0965, 0
PixelHit 2066, 1325, 10.1666, 0
PixelHit 2066, 1326, 20.0057, 0
PixelHit 2066, 1327, 18.5312, 0
PixelHit 2066, 1328, 12.1534, 0
PixelHit 2066, 1329, 7.53506, 0
PixelHit 2066, 1330, 6.18846, 0
PixelHit 2066, 1331, 3.67961, 0
PixelHit 2066, 1332, 4.78992, 0
PixelHit 2066, 1333, 0.818853, 0
PixelHit 2067, 1319, 3.93835, 0
PixelHit 2067, 1320, 5.28627, 0
PixelHit 2067, 1321, 5.86872, 0
PixelHit 2067, 1322, 16.6161, 0
PixelHit 2067, 1323, 18.4121, 0
PixelHit 2067, 1324, 22.6664, 0
PixelHit 2067, 1325, 10.2328, 0
PixelHit 2067, 1326, 5.19286, 0
PixelHit 2067, 1327, 6.3936, 0
PixelHit 2067, 1329, 3.25448, 0
PixelHit 2067, 1330, 3.71406, 0
PixelHit 2068, 1317, 2.45278, 0
PixelHit 2068, 1318, 4.24173, 0
PixelHit 2068, 1319, 8.05462, 0
PixelHit 2068, 1320, 9.68959, 0
PixelHit 2068, 1321, 19.3774, 0
PixelHit 2068, 1322, 24.2575, 0
PixelHit 2068, 1323, 25.4887, 0
PixelHit 2068, 1324, 22.5626, 0
PixelHit 2068, 1325, 9.72048, 0
PixelHit 2068, 1326, 3.79224, 0
PixelHit 2068, 1327, 2.8492, 0
PixelHit 2068, 1328, 3.78232, 0
PixelHit 2069, 1316, 2.25338, 0
PixelHit 2069, 1317, 2.93196, 0
PixelHit 2069, 1318, 12.8978, 0
PixelHit 2069, 1319, 19.5081, 0
PixelHit 2069, 1320, 17.7597, 0
PixelHit 2069, 1321, 37.7551, 0
PixelHit 2069, 1322, 18.0341, 0
PixelHit 2069, 1323, 13.6484, 0
PixelHit 2069, 1324, 10.6165, 0
PixelHit 2069, 1325, 0.990915, 0
PixelHit 2069, 1326, 3.59678, 0
PixelHit 2069, 1327, 1.52843, 0
PixelHit 2070, 1313, 1.04153, 0
PixelHit 2070, 1315, 2.96578, 0
PixelHit 2070, 1316, 6.86617, 0
PixelHit 2070, 1317, 17.636, 0
PixelHit 2070, 1318, 17.1956, 0
PixelHit 2070, 1319, 27.7008, 0
PixelHit 2070, 1320, 28.0835, 0
PixelHit 2070, 1321, 16.8908, 0
PixelHit 2070, 1322, 6.53142, 0
PixelHit 2070, 1323, 4.07884, 0
PixelHit 2070, 1324, 8.84079, 0
PixelHit 2071, 1314, 7.70428, 0
PixelHit 2071, 1315, 11.7146, 0
PixelHit 2071, 1316, 15.9563, 0
PixelHit 2071, 1317, 8.69834, 0
PixelHit 2071, 1318, 17.7798, 0
PixelHit 2071, 1319, 16.7983, 0
PixelHit 2071, 1320, 22.2358, 0
PixelHit 2071, 1321, 3.72378, 0
PixelHit 2071, 1322, 8.2454, 0
PixelHit 2071, 1324, 0.908537, 0
PixelHit 2072, 1312, 0.535864, 0
PixelHit 2072, 1313, 4.86862, 0
PixelHit 2072, 1314, 19.3372, 0
PixelHit 2072, 1315, 17.282, 0
PixelHit 2072, 1316, 9.80746, 0
PixelHit 2072, 1317, 16.5307, 0
PixelHit 2072, 1318, 16.2126, 0
PixelHit 2072, 1319, 8.40085, 0
PixelHit 2072, 1320, 2.66735, 0
PixelHit 2073, 1308, 0.631409, 0
PixelHit 2073, 1310, 3.05505, 0
PixelHit 2073, 1311, 6.43823, 0
PixelHit 2073, 1312, 5.24396, 0
PixelHit 2073, 1313, 7.24419, 0
PixelHit 2073, 1314, 5.06678, 0
PixelHit 2073, 1315, 13.2985, 0
PixelHit 2073, 1316, 8.75621, 0
PixelHit 2073, 1317, 2.47041, 0
PixelHit 2074, 1310, 6.72496, 0
PixelHit 2074, 1311, 3.87567, 0
PixelHit 2074, 1312, 11.6535, 0
PixelHit 2074, 1313, 7.87484, 0
PixelHit 2074, 1314, 7.79589, 0
PixelHit 2074, 1315, 4.98033, 0
PixelHit 2074, 1317, 2.9153, 0
PixelHit 2075, 1310, 3.88177, 0
PixelHit 2075, 1311, 5.64234, 0
PixelHit 2075, 1312, 5.37583, 0
PixelHit 2075, 1313, 2.1242, 0
PixelHit 2075, 1314, 2.66245, 0
PixelHit 2076, 1310, 1.97052, 0
PixelHit 2076, 1311, 2.41514, 0
=== 57 ===
=== 58 ===
=== 59 ===
=== 60 ===
=== 61 ===
=== 62 ===
=== 63 ===
=== 64 ===
=== 65 ===
=== 66 ===
=== 67 ===
=== 68 ===
=== 69 ===
=== 70 ===
=== 71 ===
=== 72 ===
=== 73 ===
=== 74 ===
=== 75 ===
=== 76 ===
=== 77 ===
=== 78 ===
=== 79 ===
=== 80 ===
=== 81 ===
=== 82 ===
=== 83 ===
=== 84 ===
=== 85 ===
=== 86 ===
=== 87 ===
=== 88 ===
=== 89 ===
=== 90 ===
=== 91 ===
=== 92 ===
=== 93 ===
=== 94 ===
=== 95 ===
=== 96 ===
=== 97 ===
=== 98 ===
=== 99 ===
=== 100 ===
# 1503 objects from 4 messages
