# Allpix Squared ASCII data - https://cern.ch/allpix-squared

=== 1 ===
=== 2 ===
=== 3 ===
=== 4 ===
=== 5 ===
=== 6 ===
=== 7 ===
=== 8 ===
=== 9 ===
=== 10 ===
=== 11 ===
=== 12 ===
=== 13 ===
=== 14 ===
=== 15 ===
=== 16 ===
=== 17 ===
=== 18 ===
=== 19 ===
=== 20 ===
=== 21 ===
=== 22 ===
=== 23 ===
=== 24 ===
=== 25 ===
=== 26 ===
=== 27 ===
=== 28 ===
=== 29 ===
=== 30 ===
=== 31 ===
=== 32 ===
=== 33 ===
=== 34 ===
=== 35 ===
=== 36 ===
=== 37 ===
=== 38 ===
--- mydetector ---
PixelHit 1018, 1929, 38.1536, 0
PixelHit 1018, 1930, 41.5902, 0
PixelHit 1019, 1928, 8.11782, 0
PixelHit 1019, 1929, 39.5912, 0
PixelHit 1019, 1930, 3.28559, 0
PixelHit 1020, 1927, 4.19085, 0
PixelHit 1020, 1928, 31.6133, 0
PixelHit 1021, 1926, 6.14647, 0
PixelHit 1021, 1927, 48.9371, 0
PixelHit 1021, 1928, 26.1075, 0
PixelHit 1022, 1926, 36.0231, 0
PixelHit 1022, 1927, 73.9753, 0
PixelHit 1023, 1925, 5.6436, 0
PixelHit 1023, 1926, 6.07625, 0
PixelHit 1023, 1927, 4.72563, 0
PixelHit 1024, 1924, 25.5568, 0
PixelHit 1024, 1925, 83.4895, 0
PixelHit 1024, 1926, 3.46109, 0
PixelHit 1025, 1923, 3.55456, 0
PixelHit 1025, 1924, 86.679, 0
PixelHit 1025, 1925, 74.4463, 0
PixelHit 1026, 1922, 4.61709, 0
PixelHit 1026, 1923, 46.2564, 0
PixelHit 1026, 1924, 24.5104, 0
PixelHit 1026, 1925, 1.7008, 0
PixelHit 1027, 1922, 39.5425, 0
PixelHit 1027, 1923, 135.966, 0
PixelHit 1027, 1924, 2.47621, 0
PixelHit 1028, 1921, 7.46471, 0
PixelHit 1028, 1922, 42.1432, 0
PixelHit 1028, 1923, 22.9962, 0
PixelHit 1029, 1920, 11.2628, 0
PixelHit 1029, 1921, 85.044, 0
PixelHit 1029, 1922, 27.4029, 0
PixelHit 1029, 1923, 2.87162, 0
PixelHit 1030, 1919, 7.09847, 0
PixelHit 1030, 1920, 41.5717, 0
PixelHit 1030, 1921, 47.5691, 0
PixelHit 1030, 1922, 5.43032, 0
PixelHit 1031, 1919, 23.784, 0
PixelHit 1031, 1920, 42.8702, 0
PixelHit 1031, 1921, 4.95173, 0
PixelHit 1032, 1918, 6.35288, 0
PixelHit 1032, 1919, 29.3114, 0
PixelHit 1032, 1920, 15.0773, 0
PixelHit 1033, 1917, 4.63095, 0
PixelHit 1033, 1918, 17.6812, 0
PixelHit 1033, 1919, 11.4554, 0
PixelHit 1034, 1916, 7.80937, 0
PixelHit 1034, 1917, 36.5283, 0
PixelHit 1034, 1918, 3.48565, 0
PixelHit 1034, 1919, 1.7813, 0
PixelHit 1035, 1915, 1.87706, 0
PixelHit 1035, 1916, 43.2243, 0
PixelHit 1035, 1917, 53.2312, 0
PixelHit 1035, 1918, 8.39279, 0
PixelHit 1036, 1915, 10.2172, 0
PixelHit 1036, 1916, 46.1256, 0
PixelHit 1036, 1917, 25.4908, 0
PixelHit 1037, 1914, 5.4673, 0
PixelHit 1037, 1915, 21.4798, 0
PixelHit 1037, 1916, 16.0392, 0
PixelHit 1037, 1917, 2.46252, 0
PixelHit 1038, 1913, 11.666, 0
PixelHit 1038, 1914, 35.6039, 0
PixelHit 1038, 1915, 22.9234, 0
PixelHit 1038, 1916, 4.97049, 0
PixelHit 1039, 1912, 5.21501, 0
PixelHit 1039, 1913, 24.7265, 0
PixelHit 1039, 1914, 38.2227, 0
PixelHit 1039, 1915, 8.89319, 0
PixelHit 1040, 1911, 1.5121, 0
PixelHit 1040, 1912, 10.3872, 0
PixelHit 1040, 1913, 29.2031, 0
PixelHit 1040, 1914, 22.3389, 0
PixelHit 1040, 1915, 1.51984, 0
PixelHit 1041, 1911, 12.1272, 0
PixelHit 1041, 1912, 35.0856, 0
PixelHit 1041, 1913, 11.1281, 0
PixelHit 1042, 1910, 2.26497, 0
PixelHit 1042, 1911, 14.9855, 0
PixelHit 1042, 1912, 21.1265, 0
PixelHit 1042, 1913, 6.73088, 0
PixelHit 1043, 1910, 3.72749, 0
PixelHit 1043, 1911, 6.99446, 0
PixelHit 1043, 1912, 8.27706, 0
PixelHit 1043, 1913, 2.02179, 0
PixelHit 1044, 1908, 5.15972, 0
PixelHit 1044, 1909, 12.3582, 0
PixelHit 1044, 1910, 27.5837, 0
PixelHit 1044, 1911, 6.84288, 0
PixelHit 1045, 1907, 2.01, 0
PixelHit 1045, 1908, 31.5371, 0
PixelHit 1045, 1909, 47.2778, 0
PixelHit 1045, 1910, 28.1604, 0
PixelHit 1045, 1911, 2.46863, 0
PixelHit 1046, 1907, 13.147, 0
PixelHit 1046, 1908, 56.6497, 0
PixelHit 1046, 1909, 93.6939, 0
PixelHit 1046, 1910, 18.7681, 0
PixelHit 1047, 1906, 8.48219, 0
PixelHit 1047, 1907, 62.7268, 0
PixelHit 1047, 1908, 84.379, 0
PixelHit 1047, 1909, 19.298, 0
PixelHit 1048, 1906, 18.4962, 0
PixelHit 1048, 1907, 97.553, 0
PixelHit 1048, 1908, 74.4427, 0
PixelHit 1048, 1909, 3.16537, 0
PixelHit 1049, 1905, 2.20117, 0
PixelHit 1049, 1906, 14.919, 0
PixelHit 1049, 1907, 21.6553, 0
PixelHit 1049, 1908, 11.1403, 0
PixelHit 1049, 1909, 2.73384, 0
PixelHit 1050, 1905, 0.0586641, 0
PixelHit 1050, 1906, 3.30469, 0
PixelHit 1050, 1907, 4.25081, 0
PixelHit 1051, 1903, 2.86535, 0
PixelHit 1051, 1904, 5.72186, 0
PixelHit 1051, 1905, 9.70788, 0
PixelHit 1051, 1906, 1.79617, 0
PixelHit 1052, 1903, 17.5214, 0
PixelHit 1052, 1904, 19.7366, 0
PixelHit 1052, 1905, 11.5903, 0
PixelHit 1053, 1902, 5.92237, 0
PixelHit 1053, 1903, 19.4484, 0
PixelHit 1053, 1904, 16.3899, 0
PixelHit 1053, 1905, 2.24501, 0
PixelHit 1053, 1906, 1.30136, 0
PixelHit 1054, 1901, 4.98433, 0
PixelHit 1054, 1902, 11.2794, 0
PixelHit 1054, 1903, 14.0535, 0
PixelHit 1054, 1904, 5.83706, 0
PixelHit 1054, 1905, 1.15299, 0
PixelHit 1055, 1901, 8.66064, 0
PixelHit 1055, 1902, 14.5422, 0
PixelHit 1055, 1903, 14.2868, 0
PixelHit 1055, 1904, 3.73679, 0
PixelHit 1056, 1898, 2.99037, 0
PixelHit 1056, 1899, 1.33221, 0
PixelHit 1056, 1900, 31.5835, 0
PixelHit 1056, 1901, 34.372, 0
PixelHit 1056, 1902, 9.23506, 0
PixelHit 1057, 1898, 1.09736, 0
PixelHit 1057, 1899, 24.04, 0
PixelHit 1057, 1900, 78.8524, 0
PixelHit 1057, 1901, 91.6943, 0
PixelHit 1057, 1902, 16.4203, 0
PixelHit 1058, 1897, 1.85125, 0
PixelHit 1058, 1898, 8.05234, 0
PixelHit 1058, 1899, 20.9498, 0
PixelHit 1058, 1900, 53.4744, 0
PixelHit 1058, 1901, 38.1323, 0
PixelHit 1058, 1902, 3.1283, 0
PixelHit 1059, 1898, 16.189, 0
PixelHit 1059, 1899, 20.002, 0
PixelHit 1059, 1900, 19.3972, 0
PixelHit 1059, 1901, 6.46532, 0
PixelHit 1060, 1896, 1.67832, 0
PixelHit 1060, 1897, 17.0583, 0
PixelHit 1060, 1898, 29.1119, 0
PixelHit 1060, 1899, 11.5565, 0
PixelHit 1060, 1900, 4.24976, 0
PixelHit 1061, 1895, 1.32055, 0
PixelHit 1061, 1896, 6.37208, 0
PixelHit 1061, 1897, 39.7891, 0
PixelHit 1061, 1898, 50.7288, 0
PixelHit 1061, 1899, 11.4998, 0
PixelHit 1061, 1900, 2.78242, 0
PixelHit 1061, 1901, 2.84149, 0
PixelHit 1062, 1894, 1.38023, 0
PixelHit 1062, 1895, 1.99018, 0
PixelHit 1062, 1896, 5.51729, 0
PixelHit 1062, 1897, 32.8636, 0
PixelHit 1062, 1898, 27.9544, 0
PixelHit 1062, 1899, 2.55233, 0
PixelHit 1063, 1894, 2.42174, 0
PixelHit 1063, 1897, 12.0633, 0
PixelHit 1063, 1898, 7.79267, 0
PixelHit 1064, 1895, 4.57688, 0
PixelHit 1064, 1896, 3.96317, 0
PixelHit 1065, 1893, 1.36063, 0
PixelHit 1065, 1894, 5.76886, 0
PixelHit 1065, 1895, 11.4039, 0
PixelHit 1065, 1896, 2.59472, 0
PixelHit 1066, 1893, 5.50462, 0
PixelHit 1066, 1894, 10.406, 0
PixelHit 1066, 1896, 3.90011, 0
PixelHit 1067, 1891, 3.60462, 0
PixelHit 1067, 1893, 8.78389, 0
PixelHit 1067, 1894, 5.18071, 0
PixelHit 1067, 1895, 2.05233, 0
PixelHit 1068, 1890, 3.47437, 0
PixelHit 1068, 1891, 7.85416, 0
PixelHit 1068, 1892, 9.3147, 0
PixelHit 1068, 1893, 4.09278, 0
PixelHit 1068, 1894, 2.29515, 0
PixelHit 1069, 1888, 1.93329, 0
PixelHit 1069, 1889, 2.65961, 0
PixelHit 1069, 1890, 13.3661, 0
PixelHit 1069, 1891, 43.4863, 0
PixelHit 1069, 1892, 40.8638, 0
PixelHit 1069, 1893, 18.2624, 0
PixelHit 1069, 1894, 1.01121, 0
PixelHit 1070, 1889, 4.78199, 0
PixelHit 1070, 1890, 26.1109, 0
PixelHit 1070, 1891, 56.0782, 0
PixelHit 1070, 1892, 28.3798, 0
PixelHit 1070, 1893, 7.0878, 0
PixelHit 1071, 1888, 2.41612, 0
PixelHit 1071, 1889, 11.208, 0
PixelHit 1071, 1890, 32.4453, 0
PixelHit 1071, 1891, 29.0396, 0
PixelHit 1071, 1892, 21.2362, 0
PixelHit 1071, 1893, 2.00382, 0
PixelHit 1072, 1887, 3.62458, 0
PixelHit 1072, 1888, 9.07923, 0
PixelHit 1072, 1889, 23.5907, 0
PixelHit 1072, 1890, 17.9141, 0
PixelHit 1072, 1891, 14.9571, 0
PixelHit 1072, 1892, 3.51272, 0
PixelHit 1073, 1886, 3.549, 0
PixelHit 1073, 1887, 5.6483, 0
PixelHit 1073, 1888, 12.1964, 0
PixelHit 1073, 1889, 23.3576, 0
PixelHit 1073, 1890, 25.4911, 0
PixelHit 1073, 1891, 5.50041, 0
PixelHit 1073, 1892, 2.23871, 0
PixelHit 1073, 1893, 0.882877, 0
PixelHit 1074, 1885, 0.939921, 0
PixelHit 1074, 1886, 6.16501, 0
PixelHit 1074, 1887, 26.229, 0
PixelHit 1074, 1888, 46.2578, 0
PixelHit 1074, 1889, 24.8453, 0
PixelHit 1074, 1890, 8.40587, 0
PixelHit 1075, 1886, 7.57483, 0
PixelHit 1075, 1887, 26.1524, 0
PixelHit 1075, 1888, 30.874, 0
PixelHit 1075, 1889, 20.0015, 0
PixelHit 1075, 1890, 7.69058, 0
PixelHit 1076, 1885, 13.9864, 0
PixelHit 1076, 1886, 16.0877, 0
PixelHit 1076, 1887, 18.7285, 0
PixelHit 1076, 1888, 8.99057, 0
PixelHit 1076, 1889, 8.9322, 0
PixelHit 1077, 1883, 1.76514, 0
PixelHit 1077, 1884, 8.39673, 0
PixelHit 1077, 1885, 28.5698, 0
PixelHit 1077, 1886, 42.1672, 0
PixelHit 1077, 1887, 22.5023, 0
PixelHit 1077, 1888, 7.48291, 0
PixelHit 1078, 1883, 1.99291, 0
PixelHit 1078, 1884, 13.4995, 0
PixelHit 1078, 1885, 39.5428, 0
PixelHit 1078, 1886, 48.1497, 0
PixelHit 1078, 1887, 19.5992, 0
PixelHit 1078, 1888, 3.43314, 0
PixelHit 1079, 1882, 5.31975, 0
PixelHit 1079, 1883, 12.5463, 0
PixelHit 1079, 1884, 14.9337, 0
PixelHit 1079, 1885, 34.3054, 0
PixelHit 1079, 1886, 23.1965, 0
PixelHit 1079, 1887, 14.3175, 0
PixelHit 1080, 1882, 13.174, 0
PixelHit 1080, 1883, 30.206, 0
PixelHit 1080, 1884, 42.9758, 0
PixelHit 1080, 1885, 28.8554, 0
PixelHit 1080, 1886, 2.0587, 0
PixelHit 1080, 1887, 7.74637, 0
PixelHit 1081, 1881, 6.31413, 0
PixelHit 1081, 1882, 33.253, 0
PixelHit 1081, 1883, 56.7517, 0
PixelHit 1081, 1884, 61.5357, 0
PixelHit 1081, 1885, 17.1564, 0
PixelHit 1081, 1886, 5.55079, 0
PixelHit 1081, 1887, 0.890619, 0
PixelHit 1082, 1880, 2.44562, 0
PixelHit 1082, 1881, 12.4262, 0
PixelHit 1082, 1882, 25.6581, 0
PixelHit 1082, 1883, 41.5114, 0
PixelHit 1082, 1884, 38.1223, 0
PixelHit 1082, 1885, 18.909, 0
PixelHit 1083, 1880, 2.90977, 0
PixelHit 1083, 1881, 13.1938, 0
PixelHit 1083, 1882, 20.6449, 0
PixelHit 1083, 1883, 19.7702, 0
PixelHit 1083, 1885, 5.14718, 0
PixelHit 1084, 1880, 8.61684, 0
PixelHit 1084, 1881, 17.9245, 0
PixelHit 1084, 1882, 17.9096, 0
PixelHit 1084, 1883, 5.74619, 0
PixelHit 1084, 1884, 2.52117, 0
PixelHit 1084, 1885, 0.865118, 0
PixelHit 1085, 1880, 11.8452, 0
PixelHit 1085, 1881, 12.0818, 0
PixelHit 1085, 1882, 12.0761, 0
PixelHit 1085, 1883, 3.73329, 0
PixelHit 1085, 1884, 1.45032, 0
PixelHit 1086, 1878, 2.1646, 0
PixelHit 1086, 1879, 1.3549, 0
PixelHit 1086, 1880, 10.403, 0
PixelHit 1086, 1881, -0.721958, 0
PixelHit 1086, 1884, 1.16838, 0
PixelHit 1087, 1877, 4.59645, 0
PixelHit 1087, 1878, 14.2031, 0
PixelHit 1087, 1879, 15.7363, 0
PixelHit 1087, 1880, 5.26192, 0
PixelHit 1087, 1881, 3.3639, 0
PixelHit 1088, 1876, 6.78738, 0
PixelHit 1088, 1877, 9.86497, 0
PixelHit 1088, 1878, 25.0142, 0
PixelHit 1088, 1879, 20.1677, 0
PixelHit 1088, 1880, 10.7465, 0
PixelHit 1088, 1881, 4.41811, 0
PixelHit 1089, 1874, 1.36323, 0
PixelHit 1089, 1875, 6.2281, 0
PixelHit 1089, 1876, 12.3181, 0
PixelHit 1089, 1877, 27.678, 0
PixelHit 1089, 1878, 28.7632, 0
PixelHit 1089, 1879, 11.4044, 0
PixelHit 1089, 1880, 5.65723, 0
PixelHit 1090, 1873, 2.66173, 0
PixelHit 1090, 1874, 13.5119, 0
PixelHit 1090, 1875, 37.5425, 0
PixelHit 1090, 1876, 65.2797, 0
PixelHit 1090, 1877, 55.9052, 0
PixelHit 1090, 1878, 26.701, 0
PixelHit 1090, 1879, 10.4207, 0
PixelHit 1091, 1873, 3.13488, 0
PixelHit 1091, 1874, 25.2306, 0
PixelHit 1091, 1875, 108.097, 0
PixelHit 1091, 1876, 169.285, 0
PixelHit 1091, 1877, 84.6646, 0
PixelHit 1091, 1878, 19.1998, 0
PixelHit 1091, 1879, 4.13149, 0
PixelHit 1092, 1873, 2.024, 0
PixelHit 1092, 1874, 46.7076, 0
PixelHit 1092, 1875, 112.162, 0
PixelHit 1092, 1876, 190.705, 0
PixelHit 1092, 1877, 82.428, 0
PixelHit 1092, 1878, 14.2413, 0
PixelHit 1092, 1879, 3.12665, 0
PixelHit 1093, 1873, 9.34537, 0
PixelHit 1093, 1874, 27.5864, 0
PixelHit 1093, 1875, 50.9338, 0
PixelHit 1093, 1876, 86.1795, 0
PixelHit 1093, 1877, 38.3617, 0
PixelHit 1093, 1878, 6.96442, 0
PixelHit 1093, 1879, 2.36107, 0
PixelHit 1094, 1872, 3.18785, 0
PixelHit 1094, 1873, 14.0188, 0
PixelHit 1094, 1874, 21.1482, 0
PixelHit 1094, 1875, 23.9819, 0
PixelHit 1094, 1876, 24.0975, 0
PixelHit 1094, 1877, 10.2546, 0
PixelHit 1094, 1878, 2.22049, 0
PixelHit 1095, 1871, 3.02961, 0
PixelHit 1095, 1872, 8.62159, 0
PixelHit 1095, 1873, 14.7872, 0
PixelHit 1095, 1874, 21.087, 0
PixelHit 1095, 1875, 11.9252, 0
PixelHit 1095, 1876, 4.40322, 0
PixelHit 1095, 1877, 2.30678, 0
PixelHit 1096, 1869, 1.13166, 0
PixelHit 1096, 1871, 3.80796, 0
PixelHit 1096, 1872, 12.2085, 0
PixelHit 1096, 1873, 24.7531, 0
PixelHit 1096, 1874, 16.1867, 0
PixelHit 1096, 1875, 4.60046, 0
PixelHit 1097, 1869, 1.2904, 0
PixelHit 1097, 1870, 9.79371, 0
PixelHit 1097, 1871, 11.5164, 0
PixelHit 1097, 1872, 10.2693, 0
PixelHit 1097, 1873, 12.1255, 0
PixelHit 1097, 1874, 10.4931, 0
PixelHit 1097, 1875, 3.14186, 0
PixelHit 1098, 1869, 1.534, 0
PixelHit 1098, 1870, 10.7414, 0
PixelHit 1098, 1871, 22.172, 0
PixelHit 1098, 1872, 21.1135, 0
PixelHit 1098, 1873, 4.04507, 0
PixelHit 1098, 1874, 2.98411, 0
PixelHit 1099, 1869, 11.9086, 0
PixelHit 1099, 1870, 19.0359, 0
PixelHit 1099, 1871, 24.199, 0
PixelHit 1099, 1872, 13.0947, 0
PixelHit 1099, 1873, 5.52199, 0
PixelHit 1100, 1867, 0.617133, 0
PixelHit 1100, 1868, 10.4201, 0
PixelHit 1100, 1869, 16.3798, 0
PixelHit 1100, 1870, 20.1971, 0
PixelHit 1100, 1871, 15.8947, 0
PixelHit 1100, 1872, 8.35715, 0
PixelHit 1101, 1867, 7.31697, 0
PixelHit 1101, 1868, 15.5007, 0
PixelHit 1101, 1869, 14.9717, 0
PixelHit 1101, 1870, 27.4845, 0
PixelHit 1101, 1871, 3.44694, 0
PixelHit 1101, 1872, 3.1145, 0
PixelHit 1102, 1865, 3.28564, 0
PixelHit 1102, 1866, 4.55874, 0
PixelHit 1102, 1867, 21.6482, 0
PixelHit 1102, 1868, 28.4797, 0
PixelHit 1102, 1869, 13.3699, 0
PixelHit 1102, 1870, 15.016, 0
PixelHit 1102, 1871, 5.7081, 0
PixelHit 1103, 1865, 9.645, 0
PixelHit 1103, 1866, 34.69, 0
PixelHit 1103, 1867, 53.9247, 0
PixelHit 1103, 1868, 58.1137, 0
PixelHit 1103, 1869, 13.5501, 0
PixelHit 1103, 1870, 9.06114, 0
PixelHit 1103, 1871, 2.72522, 0
PixelHit 1104, 1864, 3.45537, 0
PixelHit 1104, 1865, 9.95962, 0
PixelHit 1104, 1866, 38.9635, 0
PixelHit 1104, 1867, 64.8415, 0
PixelHit 1104, 1868, 44.4361, 0
PixelHit 1104, 1869, 24.5166, 0
PixelHit 1104, 1870, 4.29417, 0
PixelHit 1105, 1863, 4.38305, 0
PixelHit 1105, 1864, 23.9612, 0
PixelHit 1105, 1865, 37.2666, 0
PixelHit 1105, 1866, 39.9272, 0
PixelHit 1105, 1867, 48.9313, 0
PixelHit 1105, 1868, 30.2865, 0
PixelHit 1105, 1869, 8.47782, 0
PixelHit 1105, 1870, 5.02164, 0
PixelHit 1106, 1862, 4.07976, 0
PixelHit 1106, 1863, 36.7899, 0
PixelHit 1106, 1864, 83.6502, 0
PixelHit 1106, 1865, 98.5806, 0
PixelHit 1106, 1866, 61.9599, 0
PixelHit 1106, 1867, 29.1371, 0
PixelHit 1106, 1868, 11.9676, 0
PixelHit 1106, 1869, 2.61784, 0
PixelHit 1107, 1861, 2.44873, 0
PixelHit 1107, 1862, 18.1352, 0
PixelHit 1107, 1863, 93.9613, 0
PixelHit 1107, 1864, 214.089, 0
PixelHit 1107, 1865, 196.222, 0
PixelHit 1107, 1866, 100.069, 0
PixelHit 1107, 1867, 28.3886, 0
PixelHit 1107, 1868, 5.64858, 0
PixelHit 1108, 1862, 18.5083, 0
PixelHit 1108, 1863, 78.8404, 0
PixelHit 1108, 1864, 177.263, 0
PixelHit 1108, 1865, 180.089, 0
PixelHit 1108, 1866, 86.8717, 0
PixelHit 1108, 1867, 21.4396, 0
PixelHit 1108, 1868, 4.98357, 0
PixelHit 1109, 1861, 3.3697, 0
PixelHit 1109, 1862, 6.03153, 0
PixelHit 1109, 1863, 30.0294, 0
PixelHit 1109, 1864, 72.7088, 0
PixelHit 1109, 1865, 58.3812, 0
PixelHit 1109, 1866, 32.0152, 0
PixelHit 1109, 1867, 4.21373, 0
PixelHit 1109, 1868, 0.00741686, 0
PixelHit 1110, 1859, 1.36911, 0
PixelHit 1110, 1861, 5.93785, 0
PixelHit 1110, 1862, 10.5382, 0
PixelHit 1110, 1863, 12.6622, 0
PixelHit 1110, 1864, 13.5421, 0
PixelHit 1110, 1865, 19.1225, 0
PixelHit 1110, 1866, 8.62686, 0
PixelHit 1110, 1867, 1.76871, 0
PixelHit 1111, 1859, 4.90332, 0
PixelHit 1111, 1860, 9.19145, 0
PixelHit 1111, 1861, 11.4236, 0
PixelHit 1111, 1862, 28.3251, 0
PixelHit 1111, 1863, 14.7023, 0
PixelHit 1111, 1864, 6.20647, 0
PixelHit 1111, 1865, 1.85559, 0
PixelHit 1112, 1859, 6.61688, 0
PixelHit 1112, 1860, 26.5311, 0
PixelHit 1112, 1861, 45.263, 0
PixelHit 1112, 1862, 31.898, 0
PixelHit 1112, 1863, 13.4593, 0
PixelHit 1112, 1864, 3.4325, 0
PixelHit 1112, 1865, 1.10865, 0
PixelHit 1113, 1859, 13.8606, 0
PixelHit 1113, 1860, 31.7629, 0
PixelHit 1113, 1861, 43.3656, 0
PixelHit 1113, 1862, 40.1392, 0
PixelHit 1113, 1863, 17.7153, 0
PixelHit 1113, 1864, 2.37387, 0
PixelHit 1114, 1859, 12.7723, 0
PixelHit 1114, 1860, 20.9604, 0
PixelHit 1114, 1861, 35.3556, 0
PixelHit 1114, 1862, 29.3438, 0
PixelHit 1114, 1863, 10.4104, 0
PixelHit 1115, 1858, 1.95793, 0
PixelHit 1115, 1859, 11.2604, 0
PixelHit 1115, 1860, 21.9958, 0
PixelHit 1115, 1861, 13.2944, 0
PixelHit 1115, 1862, 4.86999, 0
PixelHit 1115, 1863, 0.593687, 0
PixelHit 1116, 1856, 3.45342, 0
PixelHit 1116, 1857, 9.90689, 0
PixelHit 1116, 1858, 10.1638, 0
PixelHit 1116, 1859, 15.535, 0
PixelHit 1116, 1860, 9.122, 0
PixelHit 1116, 1861, 6.53699, 0
PixelHit 1116, 1862, 2.15188, 0
PixelHit 1117, 1856, 7.08892, 0
PixelHit 1117, 1857, 7.34893, 0
PixelHit 1117, 1858, 19.0101, 0
PixelHit 1117, 1859, 22.5876, 0
PixelHit 1117, 1860, 2.40591, 0
PixelHit 1117, 1861, 3.40282, 0
PixelHit 1118, 1855, 3.86388, 0
PixelHit 1118, 1856, 12.1674, 0
PixelHit 1118, 1857, 27.8816, 0
PixelHit 1118, 1858, 21.4577, 0
PixelHit 1118, 1859, 9.916, 0
PixelHit 1118, 1860, 7.87289, 0
PixelHit 1119, 1854, 0.962533, 0
PixelHit 1119, 1855, 6.91839, 0
PixelHit 1119, 1856, 15.4813, 0
PixelHit 1119, 1857, 22.2803, 0
PixelHit 1119, 1858, 13.0361, 0
PixelHit 1119, 1859, 8.76713, 0
PixelHit 1120, 1854, 6.95952, 0
PixelHit 1120, 1855, 7.39225, 0
PixelHit 1120, 1856, 10.7813, 0
PixelHit 1120, 1857, 15.8311, 0
PixelHit 1120, 1858, 7.73207, 0
PixelHit 1120, 1859, 6.00602, 0
PixelHit 1121, 1854, 6.14673, 0
PixelHit 1121, 1855, 11.1534, 0
PixelHit 1121, 1856, 12.3728, 0
PixelHit 1121, 1857, 12.148, 0
PixelHit 1121, 1858, 3.65639, 0
PixelHit 1122, 1852, 2.43806, 0
PixelHit 1122, 1854, 2.2427, 0
PixelHit 1122, 1855, 8.94813, 0
PixelHit 1122, 1856, 7.81085, 0
PixelHit 1122, 1857, 7.62075, 0
PixelHit 1123, 1851, 0.520089, 0
PixelHit 1123, 1852, 4.17623, 0
PixelHit 1123, 1853, 4.26439, 0
PixelHit 1123, 1854, 8.8716, 0
PixelHit 1123, 1855, 12.627, 0
PixelHit 1123, 1856, 6.62553, 0
PixelHit 1123, 1857, 2.15585, 0
PixelHit 1124, 1851, 2.86237, 0
PixelHit 1124, 1852, 8.56988, 0
PixelHit 1124, 1853, 5.91307, 0
PixelHit 1124, 1854, 8.69494, 0
PixelHit 1124, 1855, 7.73172, 0
PixelHit 1124, 1856, 3.02677, 0
PixelHit 1124, 1857, 0.642944, 0
PixelHit 1125, 1851, 4.4472, 0
PixelHit 1125, 1852, 12.636, 0
PixelHit 1125, 1853, 15.6133, 0
PixelHit 1125, 1854, 6.83197, 0
PixelHit 1125, 1855, 3.0286, 0
PixelHit 1125, 1856, 0.677094, 0
PixelHit 1126, 1849, 1.3004, 0
PixelHit 1126, 1850, 8.96746, 0
PixelHit 1126, 1851, 18.6299, 0
PixelHit 1126, 1852, 20.968, 0
PixelHit 1126, 1853, 25.5267, 0
PixelHit 1126, 1854, 17.3602, 0
PixelHit 1126, 1855, 6.3288, 0
PixelHit 1126, 1856, 3.03483, 0
PixelHit 1127, 1848, 2.9718, 0
PixelHit 1127, 1849, 5.98194, 0
PixelHit 1127, 1850, 15.7656, 0
PixelHit 1127, 1851, 26.7922, 0
PixelHit 1127, 1852, 25.3762, 0
PixelHit 1127, 1853, 14.2706, 0
PixelHit 1128, 1848, 5.93319, 0
PixelHit 1128, 1849, 19.1829, 0
PixelHit 1128, 1850, 21.1181, 0
PixelHit 1128, 1851, 28.6956, 0
PixelHit 1128, 1852, 19.9885, 0
PixelHit 1128, 1853, 12.4545, 0
PixelHit 1128, 1854, 3.87611, 0
PixelHit 1129, 1847, 3.11018, 0
PixelHit 1129, 1848, 13.6978, 0
PixelHit 1129, 1849, 18.5272, 0
PixelHit 1129, 1850, 32.6921, 0
PixelHit 1129, 1851, 23.4745, 0
PixelHit 1129, 1852, 16.2733, 0
PixelHit 1129, 1853, 12.6001, 0
PixelHit 1129, 1854, -0.282753, 0
PixelHit 1130, 1846, 6.27277, 0
PixelHit 1130, 1847, 3.93379, 0
PixelHit 1130, 1848, 14.1072, 0
PixelHit 1130, 1849, 27.1468, 0
PixelHit 1130, 1850, 28.644, 0
PixelHit 1130, 1851, 19.8304, 0
PixelHit 1130, 1852, 9.67698, 0
PixelHit 1131, 1845, 2.36963, 0
PixelHit 1131, 1846, 1.71674, 0
PixelHit 1131, 1847, 9.23139, 0
PixelHit 1131, 1848, 19.6164, 0
PixelHit 1131, 1849, 33.5616, 0
PixelHit 1131, 1850, 26.4632, 0
PixelHit 1131, 1851, 10.6913, 0
PixelHit 1131, 1854, 1.95676, 0
PixelHit 1132, 1845, 0.474959, 0
PixelHit 1132, 1846, 6.52311, 0
PixelHit 1132, 1847, 18.2361, 0
PixelHit 1132, 1848, 24.671, 0
PixelHit 1132, 1849, 23.102, 0
PixelHit 1132, 1850, 16.9526, 0
PixelHit 1132, 1851, 7.51993, 0
PixelHit 1132, 1852, 1.20562, 0
PixelHit 1132, 1853, 2.06212, 0
PixelHit 1133, 1847, 11.7293, 0
PixelHit 1133, 1848, 9.97049, 0
PixelHit 1133, 1849, 12.5184, 0
PixelHit 1133, 1850, 5.85654, 0
PixelHit 1133, 1851, 3.28138, 0
PixelHit 1133, 1852, 1.54227, 0
PixelHit 1134, 1846, 1.84115, 0
PixelHit 1134, 1847, 8.12566, 0
PixelHit 1134, 1848, 4.31534, 0
PixelHit 1134, 1849, 3.06706, 0
PixelHit 1134, 1850, 4.006, 0
PixelHit 1135, 1847, 4.06206, 0
PixelHit 1135, 1848, 5.05138, 0
PixelHit 1135, 1849, 1.86526, 0
=== 39 ===
=== 40 ===
=== 41 ===
=== 42 ===
=== 43 ===
=== 44 ===
--- mydetector ---
PixelHit 1768, 321, 2.84746, 0
PixelHit 1768, 322, 3.25818, 0
PixelHit 1768, 323, 5.38416, 0
PixelHit 1768, 324, 3.1161, 0
PixelHit 1768, 326, 1.77111, 0
PixelHit 1769, 321, 95.5723, 0
PixelHit 1769, 322, 686.486, 0
PixelHit 1769, 323, 442.863, 0
PixelHit 1769, 324, 324.955, 0
PixelHit 1769, 325, 182.916, 0
PixelHit 1769, 326, 133.028, 0
PixelHit 1769, 327, 59.8203, 0
PixelHit 1769, 328, 6.55132, 0
PixelHit 1770, 320, 0.766353, 0
PixelHit 1770, 321, 106.695, 0
PixelHit 1770, 322, 1015.18, 0
PixelHit 1770, 323, 665.945, 0
PixelHit 1770, 324, 121.222, 0
PixelHit 1770, 325, 151.152, 0
PixelHit 1770, 326, 676.239, 0
PixelHit 1770, 327, 834.823, 0
PixelHit 1770, 328, 191.848, 0
PixelHit 1770, 329, 18.6801, 0
PixelHit 1771, 321, 5.82657, 0
PixelHit 1771, 322, 674.47, 0
PixelHit 1771, 323, 1425.1, 0
PixelHit 1771, 324, 68.748, 0
PixelHit 1771, 325, 2.83597, 0
PixelHit 1771, 326, 8.12984, 0
PixelHit 1771, 327, 34.9589, 0
PixelHit 1771, 328, 71.3583, 0
PixelHit 1771, 329, 145.369, 0
PixelHit 1771, 330, 15.5213, 0
PixelHit 1772, 321, 4.14441, 0
PixelHit 1772, 322, 55.9688, 0
PixelHit 1772, 323, 128.257, 0
PixelHit 1772, 324, 12.2872, 0
PixelHit 1772, 328, 4.67005, 0
PixelHit 1772, 329, 86.3908, 0
PixelHit 1772, 330, 263.229, 0
PixelHit 1772, 331, 4.27584, 0
PixelHit 1773, 324, 2.48506, 0
PixelHit 1773, 329, 1.9649, 0
PixelHit 1773, 330, 19.2861, 0
PixelHit 1824, 287, 3.30808, 0
PixelHit 1825, 286, 146.644, 0
PixelHit 1825, 287, 65.9879, 0
PixelHit 1825, 288, 2.44641, 0
PixelHit 1826, 285, 3.04519, 0
PixelHit 1826, 286, 44.371, 0
PixelHit 1826, 287, 2.61238, 0
PixelHit 1827, 285, 47.0003, 0
PixelHit 1827, 286, 23.6188, 0
PixelHit 1828, 285, 12.6649, 0
PixelHit 1829, 284, 14.4322, 0
PixelHit 1830, 283, 4.21823, 0
PixelHit 1830, 284, 7.08487, 0
PixelHit 1830, 285, 2.41894, 0
PixelHit 1831, 283, 48.8607, 0
PixelHit 1831, 284, 7.48359, 0
PixelHit 1832, 282, 9.03672, 0
PixelHit 1833, 281, 2.19799, 0
PixelHit 1833, 282, 4.34402, 0
PixelHit 1834, 279, 0.518695, 0
PixelHit 1834, 280, 6.47947, 0
PixelHit 1834, 281, 88.838, 0
PixelHit 1834, 282, 18.5931, 0
PixelHit 1835, 280, 16.8339, 0
PixelHit 1835, 281, 61.2321, 0
PixelHit 1835, 282, 11.4902, 0
PixelHit 1836, 279, 2.98323, 0
PixelHit 1836, 280, 12.7414, 0
PixelHit 1836, 281, 12.0333, 0
PixelHit 1837, 279, 9.7419, 0
PixelHit 1837, 280, 4.93963, 0
PixelHit 1837, 281, 1.56086, 0
PixelHit 1838, 278, 1.7119, 0
PixelHit 1838, 279, 10.1161, 0
PixelHit 1838, 280, 4.58388, 0
PixelHit 1839, 278, 25.9763, 0
PixelHit 1839, 279, 21.2414, 0
PixelHit 1839, 280, 1.63568, 0
PixelHit 1840, 277, 10.7106, 0
PixelHit 1840, 278, 22.688, 0
PixelHit 1840, 279, 7.63115, 0
PixelHit 1841, 276, 10.1841, 0
PixelHit 1841, 277, 17.9113, 0
PixelHit 1841, 278, 8.95159, 0
PixelHit 1842, 276, 14.2814, 0
PixelHit 1842, 277, 45.0244, 0
PixelHit 1842, 278, 5.47731, 0
PixelHit 1843, 275, 11.8451, 0
PixelHit 1843, 276, 29.7301, 0
PixelHit 1843, 277, 14.211, 0
PixelHit 1844, 274, 2.14028, 0
PixelHit 1844, 275, 12.1934, 0
PixelHit 1844, 276, 26.2403, 0
PixelHit 1844, 277, 4.55714, 0
PixelHit 1845, 274, 16.3767, 0
PixelHit 1845, 275, 47.4341, 0
PixelHit 1845, 276, 12.6286, 0
PixelHit 1845, 277, 1.60389, 0
PixelHit 1846, 273, 1.3487, 0
PixelHit 1846, 274, 16.0707, 0
PixelHit 1846, 275, 29.6013, 0
PixelHit 1847, 273, 2.87506, 0
PixelHit 1847, 274, 13.5099, 0
PixelHit 1847, 275, 5.57418, 0
PixelHit 1848, 272, 1.05353, 0
PixelHit 1848, 273, 11.6475, 0
PixelHit 1848, 274, 8.76009, 0
PixelHit 1849, 271, 1.30491, 0
PixelHit 1849, 272, 9.19827, 0
PixelHit 1849, 273, 11.703, 0
PixelHit 1850, 270, 0.657055, 0
PixelHit 1850, 271, 11.2544, 0
PixelHit 1850, 272, 14.4789, 0
PixelHit 1850, 273, 6.86908, 0
PixelHit 1850, 274, 2.85499, 0
PixelHit 1851, 270, 4.45935, 0
PixelHit 1851, 271, 8.52788, 0
PixelHit 1851, 272, 11.2907, 0
PixelHit 1851, 273, 5.32897, 0
PixelHit 1852, 269, 3.13091, 0
PixelHit 1852, 270, 13.2018, 0
PixelHit 1852, 271, 31.2876, 0
PixelHit 1852, 272, 11.7625, 0
PixelHit 1852, 273, 2.63683, 0
PixelHit 1853, 269, 1.29017, 0
PixelHit 1853, 270, 21.071, 0
PixelHit 1853, 271, 17.8226, 0
PixelHit 1853, 272, 4.2616, 0
PixelHit 1854, 268, 1.3182, 0
PixelHit 1854, 269, 9.77838, 0
PixelHit 1854, 270, 25.7054, 0
PixelHit 1854, 271, 11.9398, 0
PixelHit 1855, 268, 5.60302, 0
PixelHit 1855, 269, 16.6721, 0
PixelHit 1855, 270, 13.55, 0
PixelHit 1855, 271, 2.43014, 0
PixelHit 1856, 268, 8.85467, 0
PixelHit 1856, 269, 8.47432, 0
PixelHit 1856, 270, 5.2171, 0
PixelHit 1857, 267, 5.8393, 0
PixelHit 1857, 268, 8.46605, 0
PixelHit 1857, 269, 6.4638, 0
PixelHit 1858, 265, 1.5975, 0
PixelHit 1858, 266, 8.24067, 0
PixelHit 1858, 267, 33.4203, 0
PixelHit 1858, 268, 26.5158, 0
PixelHit 1858, 269, 2.19267, 0
PixelHit 1859, 264, 1.68337, 0
PixelHit 1859, 265, 2.11274, 0
PixelHit 1859, 266, 17.3016, 0
PixelHit 1859, 267, 21.8278, 0
PixelHit 1859, 268, 14.9478, 0
PixelHit 1860, 264, 7.26815, 0
PixelHit 1860, 265, 27.2488, 0
PixelHit 1860, 266, 46.6354, 0
PixelHit 1860, 267, 24.3512, 0
PixelHit 1860, 268, 4.73734, 0
PixelHit 1861, 264, 10.9995, 0
PixelHit 1861, 265, 109.843, 0
PixelHit 1861, 266, 113.108, 0
PixelHit 1861, 267, 43.6762, 0
PixelHit 1861, 268, 2.8032, 0
PixelHit 1862, 264, 26.0461, 0
PixelHit 1862, 265, 79.0388, 0
PixelHit 1862, 266, 85.4259, 0
PixelHit 1862, 267, 26.952, 0
PixelHit 1863, 263, 5.93256, 0
PixelHit 1863, 264, 25.9956, 0
PixelHit 1863, 265, 39.4049, 0
PixelHit 1863, 266, 22.8654, 0
PixelHit 1863, 267, 10.7564, 0
PixelHit 1864, 261, 1.45873, 0
PixelHit 1864, 262, 6.32122, 0
PixelHit 1864, 263, 10.6982, 0
PixelHit 1864, 264, 18.38, 0
PixelHit 1864, 265, 17.5148, 0
PixelHit 1864, 266, 6.90273, 0
PixelHit 1864, 267, 1.05069, 0
PixelHit 1865, 261, 2.52137, 0
PixelHit 1865, 262, 31.6793, 0
PixelHit 1865, 263, 53.6396, 0
PixelHit 1865, 264, 21.5507, 0
PixelHit 1865, 265, 3.36488, 0
PixelHit 1866, 260, 2.71681, 0
PixelHit 1866, 261, 27.7885, 0
PixelHit 1866, 262, 121.867, 0
PixelHit 1866, 263, 93.1913, 0
PixelHit 1866, 264, 41.8381, 0
PixelHit 1866, 265, 6.74573, 0
PixelHit 1866, 266, 3.73784, 0
PixelHit 1867, 261, 53.8611, 0
PixelHit 1867, 262, 165.544, 0
PixelHit 1867, 263, 137.176, 0
PixelHit 1867, 264, 37.3745, 0
PixelHit 1867, 265, 3.94109, 0
PixelHit 1868, 260, 9.22986, 0
PixelHit 1868, 261, 28.4948, 0
PixelHit 1868, 262, 68.7431, 0
PixelHit 1868, 263, 61.8585, 0
PixelHit 1868, 264, 22.5325, 0
PixelHit 1868, 265, 4.1077, 0
PixelHit 1869, 259, 2.30898, 0
PixelHit 1869, 260, 5.2355, 0
PixelHit 1869, 261, 25.7456, 0
PixelHit 1869, 262, 23.3115, 0
PixelHit 1869, 263, 13.0022, 0
PixelHit 1869, 264, 2.72596, 0
PixelHit 1870, 259, 3.52109, 0
PixelHit 1870, 260, 15.455, 0
PixelHit 1870, 261, 14.6396, 0
PixelHit 1870, 262, 12.6981, 0
PixelHit 1870, 263, 3.90129, 0
PixelHit 1870, 264, 1.6424, 0
PixelHit 1871, 258, 4.31783, 0
PixelHit 1871, 259, 15.8666, 0
PixelHit 1871, 260, 25.6814, 0
PixelHit 1871, 261, 15.3911, 0
PixelHit 1871, 262, 3.17606, 0
PixelHit 1871, 264, 0.0851173, 0
PixelHit 1872, 257, 2.57172, 0
PixelHit 1872, 258, 12.3122, 0
PixelHit 1872, 259, 32.0641, 0
PixelHit 1872, 260, 35.7422, 0
PixelHit 1872, 261, 10.1875, 0
PixelHit 1872, 262, 1.88228, 0
PixelHit 1873, 256, 4.45558, 0
PixelHit 1873, 257, 9.88357, 0
PixelHit 1873, 258, 27.635, 0
PixelHit 1873, 259, 49.617, 0
PixelHit 1873, 260, 25.3435, 0
PixelHit 1873, 261, 7.04006, 0
PixelHit 1873, 262, 3.85976, 0
PixelHit 1874, 256, 19.8378, 0
PixelHit 1874, 257, 81.7476, 0
PixelHit 1874, 258, 104.129, 0
PixelHit 1874, 259, 50.4687, 0
PixelHit 1874, 260, 9.2812, 0
PixelHit 1875, 255, 4.57371, 0
PixelHit 1875, 256, 55.049, 0
PixelHit 1875, 257, 187.492, 0
PixelHit 1875, 258, 250.076, 0
PixelHit 1875, 259, 104.721, 0
PixelHit 1875, 260, 13.9533, 0
PixelHit 1875, 261, 1.52323, 0
PixelHit 1876, 255, 4.36675, 0
PixelHit 1876, 256, 44.4362, 0
PixelHit 1876, 257, 180.432, 0
PixelHit 1876, 258, 250.561, 0
PixelHit 1876, 259, 97.5938, 0
PixelHit 1876, 260, 17.4905, 0
PixelHit 1877, 255, 3.42601, 0
PixelHit 1877, 256, 18.0946, 0
PixelHit 1877, 257, 61.8697, 0
PixelHit 1877, 258, 65.9781, 0
PixelHit 1877, 259, 27.1929, 0
PixelHit 1877, 260, 3.31611, 0
PixelHit 1878, 255, 3.6519, 0
PixelHit 1878, 256, 7.08376, 0
PixelHit 1878, 257, 7.94677, 0
PixelHit 1878, 258, 10.0663, 0
PixelHit 1878, 259, 1.20803, 0
PixelHit 1878, 260, 1.49396, 0
PixelHit 1879, 256, 7.25296, 0
PixelHit 1879, 257, 7.38672, 0
PixelHit 1880, 253, 4.20094, 0
PixelHit 1880, 254, 5.18938, 0
PixelHit 1880, 255, 7.58053, 0
PixelHit 1880, 256, 7.00038, 0
PixelHit 1881, 252, 2.27825, 0
PixelHit 1881, 253, 6.68406, 0
PixelHit 1881, 254, 16.8468, 0
PixelHit 1881, 255, 18.0662, 0
PixelHit 1881, 257, 3.94696, 0
PixelHit 1882, 252, 0.66858, 0
PixelHit 1882, 253, 12.9372, 0
PixelHit 1882, 254, 24.2888, 0
PixelHit 1882, 255, 19.7237, 0
PixelHit 1882, 256, 2.09346, 0
PixelHit 1883, 251, 3.43118, 0
PixelHit 1883, 252, 4.11192, 0
PixelHit 1883, 253, 10.9189, 0
PixelHit 1883, 254, 19.2077, 0
PixelHit 1883, 255, 15.8774, 0
PixelHit 1883, 256, 2.02613, 0
PixelHit 1884, 250, 0.441716, 0
PixelHit 1884, 251, 8.45789, 0
PixelHit 1884, 252, 5.82233, 0
PixelHit 1884, 253, 11.0092, 0
PixelHit 1884, 254, 9.55165, 0
PixelHit 1884, 255, 2.17249, 0
PixelHit 1885, 251, 10.0203, 0
PixelHit 1885, 252, 16.0527, 0
PixelHit 1885, 253, 12.7813, 0
PixelHit 1886, 250, 6.10778, 0
PixelHit 1886, 251, 17.3139, 0
PixelHit 1886, 252, 26.921, 0
PixelHit 1886, 253, 5.55092, 0
PixelHit 1886, 254, 8.90877, 0
PixelHit 1887, 249, 3.88423, 0
PixelHit 1887, 250, 12.1401, 0
PixelHit 1887, 251, 17.0551, 0
PixelHit 1887, 252, 18.7828, 0
PixelHit 1887, 253, 4.86728, 0
PixelHit 1888, 249, 10.2807, 0
PixelHit 1888, 250, 12.9491, 0
PixelHit 1888, 251, 17.4099, 0
PixelHit 1888, 252, 15.3645, 0
PixelHit 1888, 253, 6.1307, 0
PixelHit 1889, 246, 1.77255, 0
PixelHit 1889, 248, 5.35086, 0
PixelHit 1889, 249, 12.1485, 0
PixelHit 1889, 250, 22.6177, 0
PixelHit 1889, 251, 25.7612, 0
PixelHit 1889, 252, 5.75063, 0
PixelHit 1889, 253, 3.66411, 0
PixelHit 1890, 247, 4.68615, 0
PixelHit 1890, 248, 9.60881, 0
PixelHit 1890, 249, 15.4452, 0
PixelHit 1890, 250, 12.8117, 0
PixelHit 1890, 251, 8.79494, 0
PixelHit 1890, 252, 4.85001, 0
PixelHit 1891, 246, 1.68708, 0
PixelHit 1891, 247, 9.20075, 0
PixelHit 1891, 248, 25.329, 0
PixelHit 1891, 249, 28.4195, 0
PixelHit 1891, 250, 9.99007, 0
PixelHit 1892, 244, 1.37881, 0
PixelHit 1892, 246, 5.52167, 0
PixelHit 1892, 247, 11.6301, 0
PixelHit 1892, 248, 26.9967, 0
PixelHit 1892, 249, 21.5605, 0
PixelHit 1892, 250, 14.5491, 0
PixelHit 1892, 251, 4.60508, 0
PixelHit 1892, 252, 1.87366, 0
PixelHit 1893, 246, 2.47747, 0
PixelHit 1893, 247, 16.0474, 0
PixelHit 1893, 248, 20.7364, 0
PixelHit 1893, 249, 12.2602, 0
PixelHit 1894, 245, 8.47901, 0
PixelHit 1894, 246, 12.8987, 0
PixelHit 1894, 247, 8.03791, 0
PixelHit 1894, 248, 14.8382, 0
PixelHit 1894, 249, 2.43032, 0
PixelHit 1894, 250, 2.7647, 0
PixelHit 1895, 244, 2.87401, 0
PixelHit 1895, 245, 7.69671, 0
PixelHit 1895, 246, 25.3641, 0
PixelHit 1895, 247, 24.8146, 0
PixelHit 1895, 248, 12.3589, 0
PixelHit 1896, 244, 3.32984, 0
PixelHit 1896, 245, 21.95, 0
PixelHit 1896, 246, 32.8423, 0
PixelHit 1896, 247, 23.3697, 0
PixelHit 1896, 248, 10.6594, 0
PixelHit 1896, 249, 3.26285, 0
PixelHit 1897, 242, 3.20562, 0
PixelHit 1897, 244, 5.51372, 0
PixelHit 1897, 245, 17.7194, 0
PixelHit 1897, 246, 21.2452, 0
PixelHit 1897, 247, 12.3292, 0
PixelHit 1897, 248, 4.22224, 0
PixelHit 1897, 249, 2.4607, 0
PixelHit 1897, 250, 1.91445, 0
PixelHit 1898, 243, 4.10125, 0
PixelHit 1898, 244, 7.02707, 0
PixelHit 1898, 245, 11.367, 0
PixelHit 1898, 246, 12.8398, 0
PixelHit 1898, 247, 8.1096, 0
PixelHit 1899, 241, 2.32706, 0
PixelHit 1899, 242, 2.24248, 0
PixelHit 1899, 243, 1.28886, 0
PixelHit 1899, 244, 8.79149, 0
PixelHit 1899, 245, 10.0576, 0
PixelHit 1899, 247, 3.13134, 0
PixelHit 1900, 241, 1.82341, 0
PixelHit 1900, 242, 2.56172, 0
PixelHit 1900, 243, 5.84141, 0
PixelHit 1900, 244, 7.01723, 0
PixelHit 1900, 245, 4.5664, 0
PixelHit 1900, 246, 3.63266, 0
PixelHit 1901, 240, 3.06506, 0
PixelHit 1901, 241, 2.36962, 0
PixelHit 1901, 242, 10.8055, 0
PixelHit 1901, 243, 10.332, 0
PixelHit 1901, 244, 11.249, 0
PixelHit 1901, 245, 4.2292, 0
PixelHit 1902, 240, 3.83094, 0
PixelHit 1902, 241, 8.79244, 0
PixelHit 1902, 242, 18.8582, 0
PixelHit 1902, 243, 14.2038, 0
PixelHit 1902, 244, 10.7685, 0
PixelHit 1902, 245, 4.19747, 0
PixelHit 1903, 241, 9.48039, 0
PixelHit 1903, 242, 21.5359, 0
PixelHit 1903, 243, 13.3824, 0
PixelHit 1903, 244, 10.0139, 0
PixelHit 1903, 246, 1.17253, 0
PixelHit 1904, 239, 3.27534, 0
PixelHit 1904, 241, 4.04608, 0
PixelHit 1904, 242, 17.2757, 0
PixelHit 1904, 243, 7.73843, 0
PixelHit 1904, 244, 3.01409, 0
PixelHit 1904, 245, 2.46549, 0
PixelHit 1905, 239, 5.24806, 0
PixelHit 1905, 240, 2.93117, 0
PixelHit 1905, 241, 3.80927, 0
PixelHit 1905, 242, 10.2153, 0
PixelHit 1905, 243, 2.46481, 0
PixelHit 1906, 238, 3.0239, 0
PixelHit 1906, 239, 9.2319, 0
PixelHit 1906, 240, 9.99685, 0
PixelHit 1906, 241, 7.83913, 0
PixelHit 1906, 242, 5.15374, 0
PixelHit 1906, 243, 2.85209, 0
PixelHit 1907, 238, 3.44364, 0
PixelHit 1907, 239, 6.07938, 0
PixelHit 1907, 240, 9.5948, 0
PixelHit 1907, 241, 3.47822, 0
PixelHit 1907, 242, 3.0837, 0
PixelHit 1908, 237, 4.74383, 0
PixelHit 1908, 238, 11.2926, 0
PixelHit 1908, 239, 5.28675, 0
PixelHit 1908, 240, 7.31497, 0
PixelHit 1908, 241, 7.8367, 0
PixelHit 1909, 236, 1.91023, 0
PixelHit 1909, 237, 2.3415, 0
PixelHit 1909, 238, 4.88698, 0
PixelHit 1909, 239, 14.0132, 0
PixelHit 1909, 240, 6.35264, 0
PixelHit 1909, 241, 5.49307, 0
PixelHit 1909, 242, 2.25329, 0
PixelHit 1910, 236, 1.67545, 0
PixelHit 1910, 237, 8.74896, 0
PixelHit 1910, 238, 9.17194, 0
PixelHit 1910, 239, 9.66967, 0
PixelHit 1910, 240, 3.73186, 0
PixelHit 1911, 236, 12.4486, 0
PixelHit 1911, 237, 15.3507, 0
PixelHit 1911, 238, 18.0484, 0
PixelHit 1911, 239, 15.0662, 0
PixelHit 1911, 240, 5.21016, 0
PixelHit 1912, 235, 7.89069, 0
PixelHit 1912, 236, 19.63, 0
PixelHit 1912, 237, 18.3791, 0
PixelHit 1912, 238, 16.405, 0
PixelHit 1912, 239, 3.69286, 0
PixelHit 1913, 234, 0.757254, 0
PixelHit 1913, 235, 13.4104, 0
PixelHit 1913, 236, 25.5854, 0
PixelHit 1913, 237, 12.159, 0
PixelHit 1913, 238, 9.71555, 0
PixelHit 1913, 239, 5.71925, 0
PixelHit 1914, 233, 3.00617, 0
PixelHit 1914, 234, 6.19196, 0
PixelHit 1914, 235, 8.69695, 0
PixelHit 1914, 236, 13.0929, 0
PixelHit 1914, 237, 10.7994, 0
PixelHit 1914, 238, 7.57061, 0
PixelHit 1914, 239, 1.33059, 0
PixelHit 1915, 233, 5.36645, 0
PixelHit 1915, 234, 10.6388, 0
PixelHit 1915, 235, 19.4906, 0
PixelHit 1915, 236, 16.8185, 0
PixelHit 1915, 237, 9.39269, 0
PixelHit 1916, 231, 1.40565, 0
PixelHit 1916, 232, 4.61017, 0
PixelHit 1916, 233, 3.08593, 0
PixelHit 1916, 234, 10.3596, 0
PixelHit 1916, 235, 25.8339, 0
PixelHit 1916, 236, 15.7502, 0
PixelHit 1916, 237, 3.45395, 0
PixelHit 1916, 238, 0.980898, 0
PixelHit 1917, 233, 18.0041, 0
PixelHit 1917, 234, 20.5072, 0
PixelHit 1917, 235, 25.9213, 0
PixelHit 1917, 236, 15.817, 0
PixelHit 1917, 237, 3.6706, 0
PixelHit 1918, 232, 6.74983, 0
PixelHit 1918, 233, 15.4062, 0
PixelHit 1918, 234, 19.6755, 0
PixelHit 1918, 235, 9.92997, 0
PixelHit 1918, 236, 6.00334, 0
PixelHit 1918, 237, 3.70366, 0
PixelHit 1919, 231, 3.0588, 0
PixelHit 1919, 232, 3.20189, 0
PixelHit 1919, 233, 10.2207, 0
PixelHit 1919, 234, 6.376, 0
PixelHit 1919, 235, 8.82372, 0
PixelHit 1920, 231, 0.362177, 0
PixelHit 1920, 232, 1.74861, 0
PixelHit 1920, 233, 2.20963, 0
PixelHit 1920, 234, 6.23166, 0
PixelHit 1920, 235, 1.54485, 0
PixelHit 1921, 232, 1.7113, 0
PixelHit 1921, 233, 0.25309, 0
=== 45 ===
=== 46 ===
=== 47 ===
=== 48 ===
=== 49 ===
=== 50 ===
=== 51 ===
=== 52 ===
=== 53 ===
=== 54 ===
=== 55 ===
=== 56 ===
=== 57 ===
=== 58 ===
=== 59 ===
=== 60 ===
=== 61 ===
=== 62 ===
=== 63 ===
=== 64 ===
=== 65 ===
=== 66 ===
=== 67 ===
=== 68 ===
=== 69 ===
=== 70 ===
=== 71 ===
=== 72 ===
=== 73 ===
=== 74 ===
=== 75 ===
=== 76 ===
=== 77 ===
=== 78 ===
=== 79 ===
=== 80 ===
=== 81 ===
=== 82 ===
=== 83 ===
=== 84 ===
=== 85 ===
=== 86 ===
=== 87 ===
=== 88 ===
=== 89 ===
=== 90 ===
=== 91 ===
=== 92 ===
=== 93 ===
=== 94 ===
=== 95 ===
=== 96 ===
=== 97 ===
=== 98 ===
=== 99 ===
=== 100 ===
# 1124 objects from 2 messages
