# Allpix Squared ASCII data - https://cern.ch/allpix-squared

=== 1 ===
=== 2 ===
=== 3 ===
=== 4 ===
=== 5 ===
=== 6 ===
=== 7 ===
=== 8 ===
=== 9 ===
=== 10 ===
=== 11 ===
=== 12 ===
=== 13 ===
=== 14 ===
=== 15 ===
=== 16 ===
=== 17 ===
=== 18 ===
=== 19 ===
=== 20 ===
=== 21 ===
=== 22 ===
=== 23 ===
--- mydetector ---
PixelHit 2316, 1853, 1.35869, 0
PixelHit 2316, 1854, 12.0555, 0
PixelHit 2317, 1853, 22.5396, 0
PixelHit 2317, 1854, 215.393, 0
PixelHit 2317, 1855, 12.1009, 0
PixelHit 2318, 1852, 8.51354, 0
PixelHit 2318, 1853, 25.5313, 0
PixelHit 2318, 1854, 7.0322, 0
PixelHit 2319, 1849, 3.72243, 0
PixelHit 2319, 1850, 77.2349, 0
PixelHit 2319, 1851, 115.802, 0
PixelHit 2319, 1852, 39.8338, 0
PixelHit 2319, 1853, 2.42857, 0
PixelHit 2320, 1849, 20.9716, 0
PixelHit 2320, 1850, 360.69, 0
PixelHit 2320, 1851, 473.291, 0
PixelHit 2320, 1852, 31.9849, 0
PixelHit 2321, 1848, 3.18263, 0
PixelHit 2321, 1849, 32.2062, 0
PixelHit 2321, 1850, 118.969, 0
PixelHit 2321, 1851, 88.5012, 0
PixelHit 2321, 1852, 3.16341, 0
PixelHit 2322, 1846, 1.35651, 0
PixelHit 2322, 1847, 15.2095, 0
PixelHit 2322, 1848, 26.3963, 0
PixelHit 2322, 1849, 12.8132, 0
PixelHit 2322, 1850, 10.7413, 0
PixelHit 2322, 1851, 2.72625, 0
PixelHit 2323, 1846, 6.65874, 0
PixelHit 2323, 1847, 25.5795, 0
PixelHit 2323, 1848, 39.437, 0
PixelHit 2323, 1849, 18.9833, 0
PixelHit 2323, 1850, 2.94137, 0
PixelHit 2324, 1845, 5.47589, 0
PixelHit 2324, 1846, 16.4528, 0
PixelHit 2324, 1847, 37.157, 0
PixelHit 2324, 1848, 25.1577, 0
PixelHit 2324, 1849, 5.06887, 0
PixelHit 2325, 1844, 10.6788, 0
PixelHit 2325, 1845, 17.4764, 0
PixelHit 2325, 1846, 47.1621, 0
PixelHit 2325, 1847, 33.2084, 0
PixelHit 2325, 1848, 5.29812, 0
PixelHit 2326, 1842, 2.43232, 0
PixelHit 2326, 1843, 3.03832, 0
PixelHit 2326, 1844, 19.5916, 0
PixelHit 2326, 1845, 30.4971, 0
PixelHit 2326, 1846, 34.7747, 0
PixelHit 2326, 1847, 5.36847, 0
PixelHit 2326, 1848, 0.655161, 0
PixelHit 2327, 1842, 4.31109, 0
PixelHit 2327, 1843, 24.5252, 0
PixelHit 2327, 1844, 27.6554, 0
PixelHit 2327, 1845, 25.3816, 0
PixelHit 2327, 1846, 10.8908, 0
PixelHit 2328, 1842, 13.2084, 0
PixelHit 2328, 1843, 37.1192, 0
PixelHit 2328, 1844, 43.7706, 0
PixelHit 2328, 1845, 19.6088, 0
PixelHit 2328, 1846, 1.93868, 0
PixelHit 2329, 1839, 0.526048, 0
PixelHit 2329, 1840, 7.73257, 0
PixelHit 2329, 1841, 13.6126, 0
PixelHit 2329, 1842, 34.4007, 0
PixelHit 2329, 1843, 54.2467, 0
PixelHit 2329, 1844, 26.683, 0
PixelHit 2329, 1845, 4.43713, 0
PixelHit 2330, 1840, 9.49943, 0
PixelHit 2330, 1841, 35.5969, 0
PixelHit 2330, 1842, 43.1705, 0
PixelHit 2330, 1843, 31.4937, 0
PixelHit 2330, 1844, 10.9255, 0
PixelHit 2330, 1845, 1.50461, 0
PixelHit 2331, 1838, -0.00771934, 0
PixelHit 2331, 1839, 6.19377, 0
PixelHit 2331, 1840, 15.8429, 0
PixelHit 2331, 1841, 28.4246, 0
PixelHit 2331, 1842, 53.2359, 0
PixelHit 2331, 1843, 22.2963, 0
PixelHit 2331, 1844, 2.61133, 0
PixelHit 2331, 1845, 1.70268, 0
PixelHit 2332, 1838, 3.48771, 0
PixelHit 2332, 1839, 7.69495, 0
PixelHit 2332, 1840, 16.7782, 0
PixelHit 2332, 1841, 18.5897, 0
PixelHit 2332, 1842, 27.7215, 0
PixelHit 2332, 1843, 10.6741, 0
PixelHit 2333, 1838, 3.27523, 0
PixelHit 2333, 1839, 5.33172, 0
PixelHit 2333, 1840, 10.9182, 0
PixelHit 2333, 1841, 10.1368, 0
PixelHit 2333, 1842, 4.7501, 0
PixelHit 2333, 1843, 4.54337, 0
PixelHit 2334, 1837, 5.69398, 0
PixelHit 2334, 1838, 4.08719, 0
PixelHit 2334, 1839, 8.97641, 0
PixelHit 2334, 1840, 6.06385, 0
PixelHit 2334, 1841, 1.85426, 0
PixelHit 2335, 1835, 1.81129, 0
PixelHit 2335, 1836, 2.68913, 0
PixelHit 2335, 1837, 6.09625, 0
PixelHit 2335, 1838, 6.83643, 0
PixelHit 2335, 1839, 8.72033, 0
PixelHit 2335, 1840, 3.12368, 0
PixelHit 2335, 1842, 0.669105, 0
PixelHit 2336, 1832, 1.03994, 0
PixelHit 2336, 1834, 3.8192, 0
PixelHit 2336, 1835, 6.1119, 0
PixelHit 2336, 1836, 7.92212, 0
PixelHit 2336, 1837, 9.16354, 0
PixelHit 2336, 1838, 3.75436, 0
PixelHit 2336, 1839, 0.380119, 0
PixelHit 2336, 1840, 0.615871, 0
PixelHit 2337, 1833, 1.46045, 0
PixelHit 2337, 1834, 12.2565, 0
PixelHit 2337, 1835, 12.7847, 0
PixelHit 2337, 1836, 6.16754, 0
PixelHit 2337, 1837, 9.81005, 0
PixelHit 2337, 1838, 3.49969, 0
PixelHit 2337, 1839, 2.22144, 0
PixelHit 2338, 1832, 4.31525, 0
PixelHit 2338, 1833, 9.29015, 0
PixelHit 2338, 1834, 18.3295, 0
PixelHit 2338, 1835, 16.6159, 0
PixelHit 2338, 1836, 18.3, 0
PixelHit 2338, 1838, 4.13813, 0
PixelHit 2339, 1831, 1.16516, 0
PixelHit 2339, 1832, 6.62118, 0
PixelHit 2339, 1833, 10.5626, 0
PixelHit 2339, 1834, 13.3596, 0
PixelHit 2339, 1835, 16.3499, 0
PixelHit 2339, 1836, 10.8077, 0
PixelHit 2339, 1837, 4.1045, 0
PixelHit 2340, 1828, 3.01377, 0
PixelHit 2340, 1830, 2.08242, 0
PixelHit 2340, 1831, 10.2829, 0
PixelHit 2340, 1832, 15.9759, 0
PixelHit 2340, 1833, 19.3618, 0
PixelHit 2340, 1834, 11.0017, 0
PixelHit 2340, 1835, 4.04432, 0
PixelHit 2340, 1836, 1.81168, 0
PixelHit 2341, 1830, 5.27697, 0
PixelHit 2341, 1831, 11.0779, 0
PixelHit 2341, 1832, 23.8607, 0
PixelHit 2341, 1833, 14.3949, 0
PixelHit 2341, 1834, 10.482, 0
PixelHit 2341, 1835, 2.98506, 0
PixelHit 2341, 1836, 2.56782, 0
PixelHit 2342, 1829, 2.96827, 0
PixelHit 2342, 1830, 4.09223, 0
PixelHit 2342, 1831, 8.15778, 0
PixelHit 2342, 1832, 15.3849, 0
PixelHit 2342, 1833, 13.023, 0
PixelHit 2342, 1834, 5.97061, 0
PixelHit 2342, 1835, 2.09043, 0
PixelHit 2343, 1828, 3.30102, 0
PixelHit 2343, 1829, 5.28523, 0
PixelHit 2343, 1830, 9.92304, 0
PixelHit 2343, 1831, 17.9549, 0
PixelHit 2343, 1832, 10.9329, 0
PixelHit 2343, 1833, 5.20847, 0
PixelHit 2344, 1826, 0.764909, 0
PixelHit 2344, 1827, 3.0207, 0
PixelHit 2344, 1828, 8.88988, 0
PixelHit 2344, 1829, 12.5756, 0
PixelHit 2344, 1830, 24.2332, 0
PixelHit 2344, 1831, 16.3742, 0
PixelHit 2344, 1832, 6.7339, 0
PixelHit 2344, 1833, 3.94418, 0
PixelHit 2345, 1825, 3.28469, 0
PixelHit 2345, 1826, 6.09899, 0
PixelHit 2345, 1827, 4.93055, 0
PixelHit 2345, 1828, 15.5543, 0
PixelHit 2345, 1829, 23.476, 0
PixelHit 2345, 1830, 20.3934, 0
PixelHit 2345, 1831, 9.85913, 0
PixelHit 2345, 1832, 3.42811, 0
PixelHit 2345, 1833, 2.03682, 0
PixelHit 2346, 1825, 4.77032, 0
PixelHit 2346, 1826, 7.38789, 0
PixelHit 2346, 1827, 15.305, 0
PixelHit 2346, 1828, 22.7408, 0
PixelHit 2346, 1829, 12.6698, 0
PixelHit 2346, 1830, 14.2426, 0
PixelHit 2347, 1824, 0.971109, 0
PixelHit 2347, 1825, 8.35432, 0
PixelHit 2347, 1826, 19.4225, 0
PixelHit 2347, 1827, 20.212, 0
PixelHit 2347, 1828, 26.6286, 0
PixelHit 2347, 1829, 13.0395, 0
PixelHit 2347, 1830, 6.23148, 0
PixelHit 2348, 1824, 5.95765, 0
PixelHit 2348, 1825, 11.5084, 0
PixelHit 2348, 1826, 11.9983, 0
PixelHit 2348, 1827, 18.423, 0
PixelHit 2348, 1828, 13.6501, 0
PixelHit 2348, 1829, 11.9397, 0
PixelHit 2348, 1830, 4.68945, 0
PixelHit 2349, 1824, 5.28419, 0
PixelHit 2349, 1825, 13.7756, 0
PixelHit 2349, 1826, 10.7455, 0
PixelHit 2349, 1827, 14.9239, 0
PixelHit 2349, 1828, 7.50609, 0
PixelHit 2349, 1830, 2.01634, 0
PixelHit 2350, 1820, 1.53562, 0
PixelHit 2350, 1822, 8.46672, 0
PixelHit 2350, 1823, 10.664, 0
PixelHit 2350, 1824, 11.3201, 0
PixelHit 2350, 1825, 24.5109, 0
PixelHit 2350, 1826, 8.76881, 0
PixelHit 2350, 1827, 5.60366, 0
PixelHit 2351, 1822, 9.29483, 0
PixelHit 2351, 1823, 19.5909, 0
PixelHit 2351, 1824, 35.7094, 0
PixelHit 2351, 1825, 27.5332, 0
PixelHit 2351, 1826, 9.93066, 0
PixelHit 2351, 1827, 5.3916, 0
PixelHit 2352, 1821, 5.32593, 0
PixelHit 2352, 1822, 27.1533, 0
PixelHit 2352, 1823, 37.2782, 0
PixelHit 2352, 1824, 42.0317, 0
PixelHit 2352, 1825, 36.2016, 0
PixelHit 2352, 1826, 10.8395, 0
PixelHit 2352, 1827, 2.36635, 0
PixelHit 2353, 1820, 1.92727, 0
PixelHit 2353, 1821, 8.97513, 0
PixelHit 2353, 1822, 20.3821, 0
PixelHit 2353, 1823, 49.0389, 0
PixelHit 2353, 1824, 29.7696, 0
PixelHit 2353, 1825, 23.9118, 0
PixelHit 2354, 1821, 12.0393, 0
PixelHit 2354, 1822, 24.3189, 0
PixelHit 2354, 1823, 33.4844, 0
PixelHit 2354, 1824, 24.3512, 0
PixelHit 2354, 1825, 12.2872, 0
PixelHit 2354, 1826, 3.49272, 0
PixelHit 2355, 1818, 1.39908, 0
PixelHit 2355, 1820, 14.4002, 0
PixelHit 2355, 1821, 10.0651, 0
PixelHit 2355, 1822, 24.3616, 0
PixelHit 2355, 1823, 12.1655, 0
PixelHit 2355, 1824, 9.84548, 0
PixelHit 2355, 1825, 3.85985, 0
PixelHit 2356, 1818, 3.23081, 0
PixelHit 2356, 1819, 12.1466, 0
PixelHit 2356, 1820, 10.817, 0
PixelHit 2356, 1821, 20.9571, 0
PixelHit 2356, 1822, 16.8872, 0
PixelHit 2356, 1823, 5.70203, 0
PixelHit 2356, 1824, 2.89166, 0
PixelHit 2357, 1817, 1.8638, 0
PixelHit 2357, 1818, 8.17097, 0
PixelHit 2357, 1819, 29.4107, 0
PixelHit 2357, 1820, 28.3602, 0
PixelHit 2357, 1821, 33.3937, 0
PixelHit 2357, 1822, 20.9003, 0
PixelHit 2357, 1823, 4.52065, 0
PixelHit 2358, 1816, 3.18385, 0
PixelHit 2358, 1817, 5.00268, 0
PixelHit 2358, 1818, 13.8463, 0
PixelHit 2358, 1819, 23.913, 0
PixelHit 2358, 1820, 34.7986, 0
PixelHit 2358, 1821, 28.8176, 0
PixelHit 2358, 1822, 6.38838, 0
PixelHit 2358, 1823, 3.83766, 0
PixelHit 2359, 1816, 9.1312, 0
PixelHit 2359, 1817, 11.7904, 0
PixelHit 2359, 1818, 28.2481, 0
PixelHit 2359, 1819, 33.9819, 0
PixelHit 2359, 1820, 29.6032, 0
PixelHit 2359, 1821, 17.0887, 0
PixelHit 2359, 1822, 5.4657, 0
PixelHit 2360, 1813, 1.5427, 0
PixelHit 2360, 1815, 7.39033, 0
PixelHit 2360, 1816, 17.3277, 0
PixelHit 2360, 1817, 46.2969, 0
PixelHit 2360, 1818, 52.2122, 0
PixelHit 2360, 1819, 45.2799, 0
PixelHit 2360, 1820, 17.0448, 0
PixelHit 2360, 1821, 7.51706, 0
PixelHit 2361, 1813, 7.19968, 0
PixelHit 2361, 1814, 9.2761, 0
PixelHit 2361, 1815, 25.4639, 0
PixelHit 2361, 1816, 30.7775, 0
PixelHit 2361, 1817, 63.8577, 0
PixelHit 2361, 1818, 53.2344, 0
PixelHit 2361, 1819, 27.425, 0
PixelHit 2361, 1820, 12.7774, 0
PixelHit 2361, 1821, 3.86352, 0
PixelHit 2362, 1811, 4.36268, 0
PixelHit 2362, 1812, 4.8733, 0
PixelHit 2362, 1813, 15.8186, 0
PixelHit 2362, 1814, 46.1718, 0
PixelHit 2362, 1815, 62.4124, 0
PixelHit 2362, 1816, 67.0927, 0
PixelHit 2362, 1817, 60.6723, 0
PixelHit 2362, 1818, 47.1763, 0
PixelHit 2362, 1819, 25.0939, 0
PixelHit 2362, 1820, 9.5582, 0
PixelHit 2363, 1812, 6.84406, 0
PixelHit 2363, 1813, 33.7375, 0
PixelHit 2363, 1814, 103.16, 0
PixelHit 2363, 1815, 105.463, 0
PixelHit 2363, 1816, 87.8269, 0
PixelHit 2363, 1817, 40.5227, 0
PixelHit 2363, 1818, 24.0199, 0
PixelHit 2363, 1819, 16.9423, 0
PixelHit 2363, 1820, 3.01501, 0
PixelHit 2364, 1810, 6.26707, 0
PixelHit 2364, 1811, 7.86298, 0
PixelHit 2364, 1812, 26.4899, 0
PixelHit 2364, 1813, 44.7152, 0
PixelHit 2364, 1814, 122.589, 0
PixelHit 2364, 1815, 125.2, 0
PixelHit 2364, 1816, 91.193, 0
PixelHit 2364, 1817, 34.2594, 0
PixelHit 2364, 1818, 10.5427, 0
PixelHit 2364, 1819, 0.887053, 0
PixelHit 2364, 1820, 1.68523, 0
PixelHit 2365, 1810, 21.6963, 0
PixelHit 2365, 1811, 20.2959, 0
PixelHit 2365, 1812, 42.3511, 0
PixelHit 2365, 1813, 54.882, 0
PixelHit 2365, 1814, 58.0146, 0
PixelHit 2365, 1815, 77.4229, 0
PixelHit 2365, 1816, 44.8809, 0
PixelHit 2365, 1817, 18.0051, 0
PixelHit 2365, 1818, 0.737054, 0
PixelHit 2366, 1807, 2.95816, 0
PixelHit 2366, 1808, 4.48539, 0
PixelHit 2366, 1809, 5.54407, 0
PixelHit 2366, 1810, 25.5741, 0
PixelHit 2366, 1811, 40.2748, 0
PixelHit 2366, 1812, 61.7104, 0
PixelHit 2366, 1813, 38.74, 0
PixelHit 2366, 1814, 38.8383, 0
PixelHit 2366, 1815, 27.404, 0
PixelHit 2366, 1816, 10.3425, 0
PixelHit 2366, 1817, 4.53507, 0
PixelHit 2367, 1807, 2.16314, 0
PixelHit 2367, 1808, 6.62037, 0
PixelHit 2367, 1809, 5.43349, 0
PixelHit 2367, 1810, 40.9152, 0
PixelHit 2367, 1811, 40.0993, 0
PixelHit 2367, 1812, 48.8632, 0
PixelHit 2367, 1813, 32.8536, 0
PixelHit 2367, 1814, 15.9113, 0
PixelHit 2367, 1816, 6.01726, 0
PixelHit 2367, 1818, 1.86024, 0
PixelHit 2368, 1807, 3.19807, 0
PixelHit 2368, 1808, 11.9294, 0
PixelHit 2368, 1809, 23.387, 0
PixelHit 2368, 1810, 37.4361, 0
PixelHit 2368, 1811, 31.8142, 0
PixelHit 2368, 1812, 22.7776, 0
PixelHit 2368, 1813, 13.3327, 0
PixelHit 2368, 1814, 5.42506, 0
PixelHit 2369, 1806, 1.52626, 0
PixelHit 2369, 1807, 14.347, 0
PixelHit 2369, 1808, 14.3997, 0
PixelHit 2369, 1809, 25.3746, 0
PixelHit 2369, 1810, 21.1958, 0
PixelHit 2369, 1811, 10.9333, 0
PixelHit 2369, 1812, 5.1135, 0
PixelHit 2369, 1813, 6.54849, 0
PixelHit 2370, 1806, 5.30926, 0
PixelHit 2370, 1807, 12.5842, 0
PixelHit 2370, 1808, 25.6842, 0
PixelHit 2370, 1809, 13.2693, 0
PixelHit 2370, 1810, 9.89196, 0
PixelHit 2370, 1811, 4.49673, 0
PixelHit 2371, 1805, 3.91066, 0
PixelHit 2371, 1806, 3.29122, 0
PixelHit 2371, 1807, 5.18411, 0
PixelHit 2371, 1808, 11.0467, 0
PixelHit 2371, 1809, 8.95027, 0
PixelHit 2371, 1810, 5.11489, 0
PixelHit 2371, 1811, 2.49901, 0
PixelHit 2372, 1806, 2.52125, 0
PixelHit 2372, 1807, 2.86736, 0
PixelHit 2372, 1809, 0.955612, 0
PixelHit 2372, 1810, 0.702625, 0
PixelHit 2373, 1807, 1.9276, 0
=== 24 ===
=== 25 ===
=== 26 ===
=== 27 ===
=== 28 ===
=== 29 ===
=== 30 ===
=== 31 ===
=== 32 ===
=== 33 ===
=== 34 ===
=== 35 ===
=== 36 ===
=== 37 ===
=== 38 ===
=== 39 ===
=== 40 ===
=== 41 ===
=== 42 ===
=== 43 ===
=== 44 ===
=== 45 ===
=== 46 ===
=== 47 ===
=== 48 ===
=== 49 ===
=== 50 ===
--- mydetector ---
PixelHit 2375, 477, 1.50922, 0
PixelHit 2375, 478, 2.30418, 0
PixelHit 2375, 479, 1.01283, 0
PixelHit 2376, 474, 2.80305, 0
PixelHit 2376, 476, 2.29048, 0
PixelHit 2376, 477, 4.42679, 0
PixelHit 2376, 478, 2.84466, 0
PixelHit 2377, 475, 2.84715, 0
PixelHit 2377, 476, 2.17865, 0
PixelHit 2377, 477, 11.2106, 0
PixelHit 2377, 478, 9.77671, 0
PixelHit 2377, 479, 9.9774, 0
PixelHit 2377, 480, 2.3594, 0
PixelHit 2377, 482, 2.05236, 0
PixelHit 2378, 475, 3.83722, 0
PixelHit 2378, 476, 10.6014, 0
PixelHit 2378, 477, 21.3995, 0
PixelHit 2378, 478, 31.4974, 0
PixelHit 2378, 479, 19.4833, 0
PixelHit 2378, 480, 3.76408, 0
PixelHit 2379, 475, 3.91685, 0
PixelHit 2379, 476, 3.61947, 0
PixelHit 2379, 477, 25.7259, 0
PixelHit 2379, 478, 36.6338, 0
PixelHit 2379, 479, 27.3741, 0
PixelHit 2379, 480, 13.8314, 0
PixelHit 2379, 481, 2.0083, 0
PixelHit 2380, 475, 4.1463, 0
PixelHit 2380, 476, 6.31051, 0
PixelHit 2380, 477, 15.8836, 0
PixelHit 2380, 478, 40.8215, 0
PixelHit 2380, 479, 29.6104, 0
PixelHit 2380, 480, 17.8501, 0
PixelHit 2380, 481, 4.47411, 0
PixelHit 2381, 476, 4.60232, 0
PixelHit 2381, 477, 12.7314, 0
PixelHit 2381, 478, 31.3449, 0
PixelHit 2381, 479, 28.9124, 0
PixelHit 2381, 480, 25.2412, 0
PixelHit 2381, 481, 10.1024, 0
PixelHit 2381, 482, 0.227984, 0
PixelHit 2382, 476, 2.63726, 0
PixelHit 2382, 477, 7.85942, 0
PixelHit 2382, 478, 15.4059, 0
PixelHit 2382, 479, 33.8944, 0
PixelHit 2382, 480, 19.9431, 0
PixelHit 2382, 481, 17.0776, 0
PixelHit 2382, 482, 3.75757, 0
PixelHit 2383, 476, 1.72505, 0
PixelHit 2383, 477, 2.16055, 0
PixelHit 2383, 478, 10.2344, 0
PixelHit 2383, 479, 18.7207, 0
PixelHit 2383, 480, 26.8917, 0
PixelHit 2383, 481, 21.2819, 0
PixelHit 2383, 482, 7.84869, 0
PixelHit 2383, 483, 2.18228, 0
PixelHit 2384, 478, 5.47149, 0
PixelHit 2384, 479, 12.4174, 0
PixelHit 2384, 480, 47.1848, 0
PixelHit 2384, 481, 32.5947, 0
PixelHit 2384, 482, 34.7301, 0
PixelHit 2384, 483, 7.91873, 0
PixelHit 2384, 484, 1.56435, 0
PixelHit 2385, 478, 4.14252, 0
PixelHit 2385, 479, 14.8461, 0
PixelHit 2385, 480, 35.4781, 0
PixelHit 2385, 481, 65.0278, 0
PixelHit 2385, 482, 47.6893, 0
PixelHit 2385, 483, 18.8187, 0
PixelHit 2386, 478, 0.528712, 0
PixelHit 2386, 479, 4.46625, 0
PixelHit 2386, 480, 36.4176, 0
PixelHit 2386, 481, 70.6368, 0
PixelHit 2386, 482, 60.2422, 0
PixelHit 2386, 483, 27.4296, 0
PixelHit 2386, 484, 3.53775, 0
PixelHit 2387, 479, 1.69081, 0
PixelHit 2387, 480, 21.0797, 0
PixelHit 2387, 481, 44.8589, 0
PixelHit 2387, 482, 34.3933, 0
PixelHit 2387, 483, 19.2575, 0
PixelHit 2387, 484, 5.13427, 0
PixelHit 2388, 479, 3.2481, 0
PixelHit 2388, 480, 3.14104, 0
PixelHit 2388, 481, 14.1669, 0
PixelHit 2388, 482, 27.5043, 0
PixelHit 2388, 483, 18.7541, 0
PixelHit 2388, 484, 4.2418, 0
PixelHit 2388, 485, 2.15132, 0
PixelHit 2389, 480, 2.21162, 0
PixelHit 2389, 481, 8.86938, 0
PixelHit 2389, 482, 32.4107, 0
PixelHit 2389, 483, 27.8193, 0
PixelHit 2389, 484, 26.0495, 0
PixelHit 2389, 485, 1.90611, 0
PixelHit 2390, 481, 5.24336, 0
PixelHit 2390, 482, 28.298, 0
PixelHit 2390, 483, 38.684, 0
PixelHit 2390, 484, 30.2272, 0
PixelHit 2390, 485, 3.03307, 0
PixelHit 2391, 480, 0.303456, 0
PixelHit 2391, 481, 10.0933, 0
PixelHit 2391, 482, 19.6794, 0
PixelHit 2391, 483, 30.2925, 0
PixelHit 2391, 484, 27.936, 0
PixelHit 2391, 485, 8.63261, 0
PixelHit 2391, 486, 3.52372, 0
PixelHit 2392, 482, 17.1395, 0
PixelHit 2392, 483, 50.8093, 0
PixelHit 2392, 484, 50.542, 0
PixelHit 2392, 485, 20.2359, 0
PixelHit 2392, 486, 4.54664, 0
PixelHit 2393, 482, 11.0573, 0
PixelHit 2393, 483, 51.1625, 0
PixelHit 2393, 484, 75.7513, 0
PixelHit 2393, 485, 36.4368, 0
PixelHit 2393, 486, 9.13481, 0
PixelHit 2393, 487, 0.302109, 0
PixelHit 2394, 482, 5.42058, 0
PixelHit 2394, 483, 24.2577, 0
PixelHit 2394, 484, 46.9512, 0
PixelHit 2394, 485, 34.139, 0
PixelHit 2394, 486, 7.67225, 0
PixelHit 2394, 487, 0.900587, 0
PixelHit 2395, 482, 3.21379, 0
PixelHit 2395, 483, 8.23927, 0
PixelHit 2395, 484, 30.3229, 0
PixelHit 2395, 485, 24.9554, 0
PixelHit 2395, 486, 11.7929, 0
PixelHit 2396, 483, 6.23761, 0
PixelHit 2396, 484, 20.8119, 0
PixelHit 2396, 485, 25.797, 0
PixelHit 2396, 486, 13.1514, 0
PixelHit 2396, 487, 2.21348, 0
PixelHit 2397, 484, 9.32805, 0
PixelHit 2397, 485, 25.196, 0
PixelHit 2397, 486, 17.3274, 0
PixelHit 2397, 487, 3.58012, 0
PixelHit 2398, 484, 11.1349, 0
PixelHit 2398, 485, 23.4869, 0
PixelHit 2398, 486, 16.1147, 0
PixelHit 2398, 487, 6.07989, 0
PixelHit 2399, 483, 2.57471, 0
PixelHit 2399, 484, 3.27868, 0
PixelHit 2399, 485, 25.6178, 0
PixelHit 2399, 486, 29.2071, 0
PixelHit 2399, 487, 15.2188, 0
PixelHit 2400, 484, 2.14922, 0
PixelHit 2400, 485, 15.5244, 0
PixelHit 2400, 486, 34.7939, 0
PixelHit 2400, 487, 10.9812, 0
PixelHit 2400, 488, 3.04124, 0
PixelHit 2401, 484, 1.73862, 0
PixelHit 2401, 485, 12.8203, 0
PixelHit 2401, 486, 38.9255, 0
PixelHit 2401, 487, 22.7635, 0
PixelHit 2401, 488, 2.71232, 0
PixelHit 2402, 485, 8.102, 0
PixelHit 2402, 486, 41.0223, 0
PixelHit 2402, 487, 31.3685, 0
PixelHit 2402, 488, 7.40103, 0
PixelHit 2403, 485, 7.03104, 0
PixelHit 2403, 486, 39.5347, 0
PixelHit 2403, 487, 40.5887, 0
PixelHit 2403, 488, 4.28583, 0
PixelHit 2404, 485, 3.12422, 0
PixelHit 2404, 486, 13.6185, 0
PixelHit 2404, 487, 16.9745, 0
PixelHit 2404, 488, 5.76085, 0
PixelHit 2404, 489, 1.85891, 0
PixelHit 2405, 487, 13.0583, 0
PixelHit 2405, 488, 13.4931, 0
PixelHit 2405, 490, 2.08576, 0
PixelHit 2406, 486, 2.68476, 0
PixelHit 2406, 487, 48.0582, 0
PixelHit 2406, 488, 44.2423, 0
PixelHit 2406, 489, 4.13117, 0
PixelHit 2407, 486, 5.417, 0
PixelHit 2407, 487, 59.0363, 0
PixelHit 2407, 488, 93.2802, 0
PixelHit 2407, 489, 13.9677, 0
PixelHit 2408, 486, 1.96295, 0
PixelHit 2408, 487, 35.6513, 0
PixelHit 2408, 488, 59.0263, 0
PixelHit 2408, 489, 13.886, 0
PixelHit 2408, 490, 1.72638, 0
PixelHit 2409, 487, 9.28078, 0
PixelHit 2409, 488, 13.9197, 0
PixelHit 2409, 489, 6.44855, 0
PixelHit 2409, 490, 2.65036, 0
PixelHit 2410, 487, 3.78149, 0
PixelHit 2410, 488, 34.3355, 0
PixelHit 2410, 489, 11.3615, 0
PixelHit 2411, 487, 1.87582, 0
PixelHit 2411, 488, 34.4561, 0
PixelHit 2411, 489, 30.8493, 0
PixelHit 2412, 487, 3.89578, 0
PixelHit 2412, 488, 35.9685, 0
PixelHit 2412, 489, 41.2499, 0
PixelHit 2412, 490, 2.67469, 0
PixelHit 2413, 488, 27.3841, 0
PixelHit 2413, 489, 67.1384, 0
PixelHit 2413, 490, 3.18582, 0
PixelHit 2414, 487, 2.91053, 0
PixelHit 2414, 488, 26.1396, 0
PixelHit 2414, 489, 110.003, 0
PixelHit 2414, 490, 7.62354, 0
PixelHit 2415, 488, 3.86697, 0
PixelHit 2415, 489, 68.3479, 0
PixelHit 2415, 490, 4.09481, 0
PixelHit 2416, 488, 1.65102, 0
PixelHit 2416, 489, 61.6384, 0
PixelHit 2416, 490, 27.3574, 0
PixelHit 2417, 489, 40.8059, 0
PixelHit 2417, 490, 15.244, 0
PixelHit 2418, 489, 11.3848, 0
PixelHit 2418, 490, 30.1194, 0
PixelHit 2419, 489, 5.94496, 0
PixelHit 2419, 490, 40.7099, 0
PixelHit 2456, 490, 2.43075, 0
PixelHit 2457, 489, 19.0764, 0
PixelHit 2457, 490, 40.4058, 0
PixelHit 2458, 489, 13.9584, 0
PixelHit 2458, 490, 44.3605, 0
PixelHit 2459, 489, 23.8164, 0
PixelHit 2459, 490, 112.744, 0
PixelHit 2459, 491, 2.1769, 0
PixelHit 2460, 489, 10.4919, 0
PixelHit 2460, 490, 257.962, 0
PixelHit 2460, 491, 10.7344, 0
PixelHit 2461, 489, 7.77872, 0
PixelHit 2461, 490, 300.136, 0
PixelHit 2461, 491, 17.7375, 0
PixelHit 2462, 490, 83.8904, 0
PixelHit 2462, 491, 37.3923, 0
PixelHit 2463, 490, 36.6923, 0
PixelHit 2463, 491, 52.7686, 0
PixelHit 2464, 490, 13.8923, 0
PixelHit 2464, 491, 32.0709, 0
PixelHit 2465, 490, 0.350071, 0
PixelHit 2465, 491, 12.258, 0
PixelHit 2466, 491, 63.0107, 0
PixelHit 2466, 492, 4.59005, 0
PixelHit 2467, 491, 48.6445, 0
PixelHit 2467, 492, 9.4277, 0
PixelHit 2468, 490, 3.54993, 0
PixelHit 2468, 491, 43.921, 0
PixelHit 2468, 492, 12.0136, 0
PixelHit 2469, 491, 52.1013, 0
PixelHit 2469, 492, 29.1504, 0
PixelHit 2470, 491, 51.5678, 0
PixelHit 2470, 492, 39.5654, 0
PixelHit 2471, 491, 16.9089, 0
PixelHit 2471, 492, 45.5718, 0
PixelHit 2472, 492, 7.8616, 0
PixelHit 2473, 491, 3.55718, 0
PixelHit 2473, 492, 22.3346, 0
PixelHit 2473, 493, 2.75501, 0
PixelHit 2474, 491, 2.75479, 0
PixelHit 2474, 492, 226.434, 0
PixelHit 2474, 493, 46.8521, 0
PixelHit 2474, 494, 0.128426, 0
PixelHit 2475, 492, 47.36, 0
PixelHit 2475, 493, 11.3918, 0
PixelHit 2476, 492, 36.4985, 0
PixelHit 2476, 493, 35.9938, 0
PixelHit 2477, 492, 32.1276, 0
PixelHit 2477, 493, 57.7584, 0
PixelHit 2477, 494, 2.78923, 0
PixelHit 2478, 492, 5.34237, 0
PixelHit 2478, 493, 37.0452, 0
PixelHit 2478, 494, 2.01715, 0
PixelHit 2479, 492, 2.52304, 0
PixelHit 2479, 493, 19.9613, 0
PixelHit 2479, 494, 10.7231, 0
PixelHit 2480, 493, 11.6095, 0
PixelHit 2480, 494, 26.1068, 0
PixelHit 2480, 495, 0.973828, 0
PixelHit 2481, 493, 7.62211, 0
PixelHit 2481, 494, 30.6414, 0
PixelHit 2482, 494, 43.7541, 0
PixelHit 2482, 495, 12.6879, 0
PixelHit 2483, 494, 76.8748, 0
PixelHit 2483, 495, 30.6646, 0
PixelHit 2484, 494, 19.1824, 0
PixelHit 2484, 495, 51.1675, 0
PixelHit 2485, 494, 5.52389, 0
PixelHit 2485, 495, 103.165, 0
PixelHit 2485, 496, 4.48699, 0
PixelHit 2486, 495, 3.83369, 0
PixelHit 2486, 496, 1.6423, 0
PixelHit 2487, 495, 12.1941, 0
PixelHit 2487, 496, 17.8461, 0
PixelHit 2487, 497, 0.120533, 0
PixelHit 2488, 495, 3.78069, 0
PixelHit 2488, 496, 68.4488, 0
PixelHit 2488, 497, 2.7464, 0
PixelHit 2489, 496, 17.1029, 0
PixelHit 2489, 497, 1.81486, 0
PixelHit 2490, 496, 9.44219, 0
PixelHit 2490, 497, 13.0849, 0
PixelHit 2491, 497, 7.04776, 0
PixelHit 2492, 496, 2.90763, 0
PixelHit 2492, 497, 6.98222, 0
PixelHit 2492, 498, 1.88938, 0
PixelHit 2493, 497, 16.3535, 0
PixelHit 2493, 498, 13.2064, 0
PixelHit 2494, 497, 24.0486, 0
PixelHit 2494, 498, 147.898, 0
PixelHit 2494, 499, 9.81799, 0
PixelHit 2495, 497, 6.83653, 0
PixelHit 2495, 498, 90.4832, 0
PixelHit 2495, 499, 5.83303, 0
PixelHit 2496, 498, 13.7892, 0
PixelHit 2496, 499, 45.2104, 0
PixelHit 2497, 498, 14.5883, 0
PixelHit 2497, 499, 43.9652, 0
PixelHit 2498, 498, 1.88484, 0
PixelHit 2498, 499, 7.45141, 0
PixelHit 2498, 500, 4.37718, 0
PixelHit 2499, 500, 7.45611, 0
PixelHit 2499, 501, 0.878219, 0
PixelHit 2500, 499, 0.840517, 0
PixelHit 2500, 500, 14.1043, 0
PixelHit 2500, 501, 38.1095, 0
PixelHit 2501, 500, 9.27557, 0
PixelHit 2501, 501, 21.4753, 0
PixelHit 2501, 502, 0.367136, 0
PixelHit 2502, 501, 5.03468, 0
PixelHit 2502, 502, 22.845, 0
PixelHit 2502, 503, 3.16659, 0
PixelHit 2503, 502, 66.7458, 0
PixelHit 2503, 503, 45.6172, 0
PixelHit 2503, 504, 1.65513, 0
PixelHit 2504, 502, 14.2947, 0
PixelHit 2504, 503, 23.2167, 0
PixelHit 2504, 504, 4.8314, 0
PixelHit 2504, 505, 1.50284, 0
PixelHit 2505, 502, 1.60342, 0
PixelHit 2505, 503, 122.143, 0
PixelHit 2505, 504, 129.255, 0
PixelHit 2505, 505, 1.11845, 0
PixelHit 2506, 503, 26.4819, 0
PixelHit 2506, 504, 144.262, 0
PixelHit 2506, 505, 11.9286, 0
PixelHit 2507, 503, 0.313123, 0
PixelHit 2507, 504, 23.4893, 0
PixelHit 2507, 505, 30.0376, 0
PixelHit 2508, 504, 2.3238, 0
PixelHit 2508, 505, 10.0319, 0
PixelHit 2508, 506, 3.64172, 0
PixelHit 2509, 505, 9.66288, 0
PixelHit 2509, 506, 26.3918, 0
PixelHit 2509, 507, 3.90047, 0
PixelHit 2510, 505, 12.6168, 0
PixelHit 2510, 506, 87.4571, 0
PixelHit 2510, 507, 13.5858, 0
PixelHit 2511, 505, 4.26568, 0
PixelHit 2511, 506, 29.4433, 0
PixelHit 2511, 507, 14.8873, 0
PixelHit 2512, 506, 20.6081, 0
PixelHit 2512, 507, 44.3664, 0
PixelHit 2512, 508, 4.59926, 0
PixelHit 2513, 506, 13.4749, 0
PixelHit 2513, 507, 65.6002, 0
PixelHit 2513, 508, 16.1808, 0
PixelHit 2514, 506, 4.41312, 0
PixelHit 2514, 507, 30.211, 0
PixelHit 2514, 508, 23.1533, 0
PixelHit 2515, 507, 11.8974, 0
PixelHit 2515, 508, 6.79124, 0
PixelHit 2516, 507, 3.23209, 0
PixelHit 2516, 508, 29.5827, 0
PixelHit 2516, 509, 4.04674, 0
PixelHit 2517, 507, 6.51904, 0
PixelHit 2517, 508, 52.5955, 0
PixelHit 2517, 509, 14.1445, 0
PixelHit 2518, 507, 5.35816, 0
PixelHit 2518, 508, 78.2498, 0
PixelHit 2518, 509, 16.8314, 0
PixelHit 2519, 507, 4.85169, 0
PixelHit 2519, 508, 83.3813, 0
PixelHit 2519, 509, 76.9341, 0
PixelHit 2519, 510, 5.11185, 0
PixelHit 2520, 507, 6.68054, 0
PixelHit 2520, 508, 304.42, 0
PixelHit 2520, 509, 511.588, 0
PixelHit 2520, 510, 16.031, 0
PixelHit 2521, 508, 103.774, 0
PixelHit 2521, 509, 130.593, 0
PixelHit 2521, 510, 8.05954, 0
PixelHit 2522, 507, 0.792755, 0
PixelHit 2522, 508, 14.272, 0
PixelHit 2522, 509, 20.7541, 0
PixelHit 2523, 508, 6.96878, 0
PixelHit 2523, 509, 16.1706, 0
PixelHit 2524, 508, 14.4641, 0
PixelHit 2524, 509, 71.128, 0
PixelHit 2524, 510, 7.02208, 0
PixelHit 2525, 508, 8.66324, 0
PixelHit 2525, 509, 80.5394, 0
PixelHit 2525, 510, 17.7452, 0
PixelHit 2526, 508, 1.80583, 0
PixelHit 2526, 509, 27.6849, 0
PixelHit 2526, 510, 13.0658, 0
PixelHit 2527, 509, 12.5281, 0
PixelHit 2527, 510, 9.95703, 0
PixelHit 2528, 509, 10.9767, 0
PixelHit 2528, 510, 10.121, 0
PixelHit 2529, 509, 2.97608, 0
PixelHit 2529, 510, 29.5915, 0
PixelHit 2530, 509, 10.4778, 0
PixelHit 2530, 510, 92.3878, 0
PixelHit 2530, 511, 4.96269, 0
PixelHit 2531, 510, 48.666, 0
PixelHit 2531, 511, 1.75149, 0
PixelHit 2532, 510, 99.847, 0
PixelHit 2532, 511, 2.735, 0
PixelHit 2533, 510, 87.9365, 0
PixelHit 2533, 511, 3.44146, 0
PixelHit 2534, 509, 4.20927, 0
PixelHit 2534, 510, 139.731, 0
PixelHit 2535, 510, 4.69428, 0
=== 51 ===
=== 52 ===
=== 53 ===
--- mydetector ---
PixelHit 561, 1942, 5.20805, 0
PixelHit 561, 1943, 112.127, 0
PixelHit 562, 1942, 65.3688, 0
PixelHit 562, 1943, 402.424, 0
PixelHit 563, 1940, 4.10211, 0
PixelHit 563, 1941, 160.983, 0
PixelHit 563, 1942, 34.0767, 0
PixelHit 563, 1943, 7.22597, 0
PixelHit 564, 1940, 4.05085, 0
PixelHit 564, 1941, 14.0995, 0
PixelHit 596, 1909, 2.92063, 0
PixelHit 597, 1909, 3.5145, 0
PixelHit 597, 1910, 69.036, 0
PixelHit 598, 1908, 6.6998, 0
PixelHit 598, 1909, 39.257, 0
PixelHit 598, 1910, 17.0244, 0
PixelHit 599, 1907, 39.7859, 0
PixelHit 599, 1908, 23.4468, 0
PixelHit 599, 1909, 5.58832, 0
PixelHit 600, 1904, 1.77011, 0
PixelHit 600, 1905, 114.13, 0
PixelHit 600, 1906, 79.4362, 0
PixelHit 600, 1907, 47.5991, 0
PixelHit 600, 1908, 8.57719, 0
PixelHit 601, 1902, 1.07959, 0
PixelHit 601, 1904, 52.236, 0
PixelHit 601, 1905, 928.194, 0
PixelHit 601, 1906, 472.375, 0
PixelHit 601, 1907, 14.5626, 0
PixelHit 602, 1902, 1.58962, 0
PixelHit 602, 1903, 9.34226, 0
PixelHit 602, 1904, 36.409, 0
PixelHit 602, 1905, 183.138, 0
PixelHit 602, 1906, 76.6237, 0
PixelHit 602, 1907, 0.839521, 0
PixelHit 603, 1901, 5.75789, 0
PixelHit 603, 1902, 32.5256, 0
PixelHit 603, 1903, 27.5094, 0
PixelHit 603, 1904, 20.478, 0
PixelHit 603, 1905, 6.70234, 0
PixelHit 604, 1900, 2.07753, 0
PixelHit 604, 1901, 12.2619, 0
PixelHit 604, 1902, 73.617, 0
PixelHit 604, 1903, 28.0554, 0
PixelHit 604, 1904, 2.02123, 0
PixelHit 605, 1900, 4.41686, 0
PixelHit 605, 1901, 19.0521, 0
PixelHit 605, 1902, 17.8625, 0
PixelHit 605, 1903, 6.45701, 0
PixelHit 606, 1899, 2.58899, 0
PixelHit 606, 1900, 15.2427, 0
PixelHit 606, 1901, 11.1367, 0
PixelHit 606, 1902, 6.6236, 0
PixelHit 607, 1898, 4.49264, 0
PixelHit 607, 1899, 10.6257, 0
PixelHit 607, 1900, 12.3803, 0
PixelHit 607, 1901, 8.96454, 0
PixelHit 607, 1902, 1.87964, 0
PixelHit 608, 1895, 1.41503, 0
PixelHit 608, 1896, 1.17917, 0
PixelHit 608, 1898, 9.78185, 0
PixelHit 608, 1899, 18.5253, 0
PixelHit 608, 1900, 13.2571, 0
PixelHit 608, 1901, 1.11071, 0
PixelHit 609, 1896, 1.95018, 0
PixelHit 609, 1897, 13.8975, 0
PixelHit 609, 1898, 35.1897, 0
PixelHit 609, 1899, 12.6075, 0
PixelHit 609, 1900, 4.44537, 0
PixelHit 610, 1894, 3.91468, 0
PixelHit 610, 1895, 4.60028, 0
PixelHit 610, 1896, 15.4488, 0
PixelHit 610, 1897, 54.6759, 0
PixelHit 610, 1898, 51.5458, 0
PixelHit 610, 1899, 8.84016, 0
PixelHit 610, 1900, 2.56945, 0
PixelHit 611, 1894, 7.72732, 0
PixelHit 611, 1895, 18.8142, 0
PixelHit 611, 1896, 40.0354, 0
PixelHit 611, 1897, 48.0498, 0
PixelHit 611, 1898, 24.9075, 0
PixelHit 611, 1899, 3.75012, 0
PixelHit 612, 1892, 5.16632, 0
PixelHit 612, 1893, 6.9282, 0
PixelHit 612, 1894, 24.0479, 0
PixelHit 612, 1895, 30.3244, 0
PixelHit 612, 1896, 41.124, 0
PixelHit 612, 1897, 16.2199, 0
PixelHit 613, 1892, 16.0531, 0
PixelHit 613, 1893, 38.2963, 0
PixelHit 613, 1894, 43.9803, 0
PixelHit 613, 1895, 36.4131, 0
PixelHit 613, 1896, 9.55467, 0
PixelHit 613, 1897, 2.41833, 0
PixelHit 614, 1889, 1.22296, 0
PixelHit 614, 1890, 5.99335, 0
PixelHit 614, 1891, 12.0441, 0
PixelHit 614, 1892, 26.854, 0
PixelHit 614, 1893, 85.4018, 0
PixelHit 614, 1894, 79.6488, 0
PixelHit 614, 1895, 22.0976, 0
PixelHit 614, 1896, 10.8132, 0
PixelHit 615, 1889, 6.05555, 0
PixelHit 615, 1890, 15.7704, 0
PixelHit 615, 1891, 24.6686, 0
PixelHit 615, 1892, 38.0903, 0
PixelHit 615, 1893, 62.0152, 0
PixelHit 615, 1894, 37.4488, 0
PixelHit 615, 1895, 10.3275, 0
PixelHit 615, 1896, 2.3467, 0
PixelHit 616, 1887, 2.65248, 0
PixelHit 616, 1888, 16.9136, 0
PixelHit 616, 1889, 30.4435, 0
PixelHit 616, 1890, 60.8003, 0
PixelHit 616, 1891, 56.2816, 0
PixelHit 616, 1892, 39.1873, 0
PixelHit 616, 1893, 17.8134, 0
PixelHit 616, 1894, 8.71787, 0
PixelHit 617, 1886, 1.97018, 0
PixelHit 617, 1887, 25.3788, 0
PixelHit 617, 1888, 76.1728, 0
PixelHit 617, 1889, 118.318, 0
PixelHit 617, 1890, 149.907, 0
PixelHit 617, 1891, 103.062, 0
PixelHit 617, 1892, 24.1739, 0
PixelHit 617, 1893, 6.15239, 0
PixelHit 618, 1886, 18.3826, 0
PixelHit 618, 1887, 111.195, 0
PixelHit 618, 1888, 270.055, 0
PixelHit 618, 1889, 346.891, 0
PixelHit 618, 1890, 257.795, 0
PixelHit 618, 1891, 93.1677, 0
PixelHit 618, 1892, 15.7547, 0
PixelHit 618, 1893, 0.936165, 0
PixelHit 619, 1885, 5.58251, 0
PixelHit 619, 1886, 35.693, 0
PixelHit 619, 1887, 235.593, 0
PixelHit 619, 1888, 479.641, 0
PixelHit 619, 1889, 496.942, 0
PixelHit 619, 1890, 238.872, 0
PixelHit 619, 1891, 59.0679, 0
PixelHit 619, 1892, 10.5755, 0
PixelHit 620, 1885, 7.65369, 0
PixelHit 620, 1886, 30.9757, 0
PixelHit 620, 1887, 157.298, 0
PixelHit 620, 1888, 377.084, 0
PixelHit 620, 1889, 334.428, 0
PixelHit 620, 1890, 139.094, 0
PixelHit 620, 1891, 24.4098, 0
PixelHit 620, 1892, 2.18703, 0
PixelHit 621, 1883, 2.9246, 0
PixelHit 621, 1884, 2.88116, 0
PixelHit 621, 1885, 7.44438, 0
PixelHit 621, 1886, 22.1471, 0
PixelHit 621, 1887, 77.8509, 0
PixelHit 621, 1888, 127.68, 0
PixelHit 621, 1889, 86.9737, 0
PixelHit 621, 1890, 34.425, 0
PixelHit 622, 1882, 2.83092, 0
PixelHit 622, 1883, 4.65103, 0
PixelHit 622, 1884, 4.52129, 0
PixelHit 622, 1885, 21.6427, 0
PixelHit 622, 1886, 26.4496, 0
PixelHit 622, 1887, 16.7418, 0
PixelHit 622, 1888, 21.5286, 0
PixelHit 622, 1889, 13.9734, 0
PixelHit 622, 1890, 3.19712, 0
PixelHit 623, 1880, 4.3093, 0
PixelHit 623, 1882, 7.06008, 0
PixelHit 623, 1883, 10.9924, 0
PixelHit 623, 1884, 10.1451, 0
PixelHit 623, 1885, 9.10758, 0
PixelHit 623, 1886, 17.7129, 0
PixelHit 623, 1887, 8.50124, 0
PixelHit 623, 1888, 2.75313, 0
PixelHit 624, 1878, 1.0854, 0
PixelHit 624, 1879, 2.58013, 0
PixelHit 624, 1880, 6.27377, 0
PixelHit 624, 1881, 16.2977, 0
PixelHit 624, 1882, 19.6084, 0
PixelHit 624, 1883, 22.5847, 0
PixelHit 624, 1884, 24.6162, 0
PixelHit 624, 1885, 17.1609, 0
PixelHit 624, 1886, 8.73806, 0
PixelHit 624, 1888, 1.8339, 0
PixelHit 625, 1878, 0.787193, 0
PixelHit 625, 1879, 7.92272, 0
PixelHit 625, 1880, 37.105, 0
PixelHit 625, 1881, 75.6419, 0
PixelHit 625, 1882, 80.4252, 0
PixelHit 625, 1883, 51.5682, 0
PixelHit 625, 1884, 37.847, 0
PixelHit 625, 1885, 12.0414, 0
PixelHit 625, 1886, 3.16874, 0
PixelHit 626, 1877, 0.976422, 0
PixelHit 626, 1878, 9.41656, 0
PixelHit 626, 1879, 40.022, 0
PixelHit 626, 1880, 112.806, 0
PixelHit 626, 1881, 140.041, 0
PixelHit 626, 1882, 130.339, 0
PixelHit 626, 1883, 52.3817, 0
PixelHit 626, 1884, 25.4774, 0
PixelHit 626, 1885, 8.35414, 0
PixelHit 627, 1878, 12.2357, 0
PixelHit 627, 1879, 61.008, 0
PixelHit 627, 1880, 133.703, 0
PixelHit 627, 1881, 174.956, 0
PixelHit 627, 1882, 125.223, 0
PixelHit 627, 1883, 38.7514, 0
PixelHit 627, 1884, 12.6389, 0
PixelHit 627, 1885, 2.54239, 0
PixelHit 628, 1877, 1.41502, 0
PixelHit 628, 1878, 9.76351, 0
PixelHit 628, 1879, 27.3998, 0
PixelHit 628, 1880, 85.6089, 0
PixelHit 628, 1881, 111.783, 0
PixelHit 628, 1882, 63.6128, 0
PixelHit 628, 1883, 16.8102, 0
PixelHit 628, 1884, 3.70033, 0
PixelHit 629, 1877, 2.27433, 0
PixelHit 629, 1878, 5.80155, 0
PixelHit 629, 1879, 11.7682, 0
PixelHit 629, 1880, 32.8451, 0
PixelHit 629, 1881, 25.7254, 0
PixelHit 629, 1882, 17.2531, 0
PixelHit 629, 1883, 4.91903, 0
PixelHit 630, 1877, 6.94376, 0
PixelHit 630, 1878, 4.48263, 0
PixelHit 630, 1879, 8.07268, 0
PixelHit 630, 1880, 6.96512, 0
PixelHit 630, 1881, 5.49099, 0
PixelHit 631, 1873, 2.07016, 0
PixelHit 631, 1874, 3.68673, 0
PixelHit 631, 1875, 3.60006, 0
PixelHit 631, 1876, 11.9023, 0
PixelHit 631, 1877, 18.5343, 0
PixelHit 631, 1878, 5.03492, 0
PixelHit 631, 1879, 4.96265, 0
PixelHit 631, 1883, 1.53522, 0
PixelHit 632, 1874, 7.80537, 0
PixelHit 632, 1875, 20.9519, 0
PixelHit 632, 1876, 30.149, 0
PixelHit 632, 1877, 24.8641, 0
PixelHit 632, 1878, 14.0811, 0
PixelHit 632, 1879, 1.367, 0
PixelHit 633, 1873, 3.78246, 0
PixelHit 633, 1874, 13.2625, 0
PixelHit 633, 1875, 41.329, 0
PixelHit 633, 1876, 52.8604, 0
PixelHit 633, 1877, 24.2093, 0
PixelHit 633, 1878, 13.5339, 0
PixelHit 633, 1879, 2.82033, 0
PixelHit 634, 1872, 1.96887, 0
PixelHit 634, 1873, 14.8779, 0
PixelHit 634, 1874, 39.1186, 0
PixelHit 634, 1875, 78.6966, 0
PixelHit 634, 1876, 72.9906, 0
PixelHit 634, 1877, 32.2996, 0
PixelHit 634, 1878, 11.8553, 0
PixelHit 635, 1872, 6.10533, 0
PixelHit 635, 1873, 25.7717, 0
PixelHit 635, 1874, 36.7402, 0
PixelHit 635, 1875, 54.4484, 0
PixelHit 635, 1876, 57.5501, 0
PixelHit 635, 1877, 24.7822, 0
PixelHit 635, 1878, 5.8229, 0
PixelHit 636, 1871, 4.71691, 0
PixelHit 636, 1872, 4.39906, 0
PixelHit 636, 1873, 33.7434, 0
PixelHit 636, 1874, 44.1636, 0
PixelHit 636, 1875, 38.7952, 0
PixelHit 636, 1876, 20.6896, 0
PixelHit 636, 1877, 7.36002, 0
PixelHit 636, 1878, 2.93203, 0
PixelHit 637, 1871, 2.81589, 0
PixelHit 637, 1872, 26.4342, 0
PixelHit 637, 1873, 44.7729, 0
PixelHit 637, 1874, 45.9874, 0
PixelHit 637, 1875, 25.8685, 0
PixelHit 637, 1876, 11.3216, 0
PixelHit 637, 1877, 2.86321, 0
PixelHit 638, 1870, 6.42051, 0
PixelHit 638, 1871, 11.3313, 0
PixelHit 638, 1872, 23.9476, 0
PixelHit 638, 1873, 31.3777, 0
PixelHit 638, 1874, 23.432, 0
PixelHit 638, 1875, 9.00851, 0
PixelHit 638, 1876, 2.63719, 0
PixelHit 639, 1869, 3.00667, 0
PixelHit 639, 1870, 5.46118, 0
PixelHit 639, 1871, 24.9611, 0
PixelHit 639, 1872, 19.8579, 0
PixelHit 639, 1873, 16.8516, 0
PixelHit 639, 1874, 11.5675, 0
PixelHit 639, 1875, 4.02384, 0
PixelHit 640, 1868, 3.96825, 0
PixelHit 640, 1869, 3.26405, 0
PixelHit 640, 1870, 4.02156, 0
PixelHit 640, 1871, 12.7758, 0
PixelHit 640, 1872, 9.83803, 0
PixelHit 640, 1873, 13.1997, 0
PixelHit 640, 1874, 6.04794, 0
PixelHit 641, 1867, 0.671295, 0
PixelHit 641, 1868, 9.35189, 0
PixelHit 641, 1869, 10.681, 0
PixelHit 641, 1870, 10.7087, 0
PixelHit 641, 1871, 14.5597, 0
PixelHit 641, 1872, 8.51359, 0
PixelHit 641, 1873, 5.36556, 0
PixelHit 642, 1867, 4.72698, 0
PixelHit 642, 1868, 5.94233, 0
PixelHit 642, 1869, 13.5075, 0
PixelHit 642, 1870, 17.6305, 0
PixelHit 642, 1871, 8.88835, 0
PixelHit 642, 1872, 4.39455, 0
PixelHit 643, 1867, 2.97802, 0
PixelHit 643, 1868, 15.8183, 0
PixelHit 643, 1869, 24.5407, 0
PixelHit 643, 1870, 10.4319, 0
PixelHit 643, 1871, 3.30628, 0
PixelHit 644, 1867, 6.659, 0
PixelHit 644, 1868, 9.82119, 0
PixelHit 644, 1869, 25.5072, 0
PixelHit 644, 1870, 7.7731, 0
PixelHit 644, 1871, 7.48684, 0
PixelHit 645, 1866, 1.36832, 0
PixelHit 645, 1867, 2.1196, 0
PixelHit 645, 1868, 7.79125, 0
PixelHit 645, 1869, 2.57614, 0
PixelHit 645, 1870, 6.32758, 0
PixelHit 646, 1868, 3.75286, 0
PixelHit 646, 1870, 2.62509, 0
PixelHit 646, 1871, 3.05399, 0
PixelHit 647, 1869, 3.23809, 0
=== 54 ===
=== 55 ===
=== 56 ===
--- mydetector ---
PixelHit 1132, 1533, -0.392152, 0
PixelHit 1132, 1535, 1.84032, 0
PixelHit 1133, 1532, 4.17955, 0
PixelHit 1133, 1533, 6.98837, 0
PixelHit 1133, 1535, 2.92246, 0
PixelHit 1134, 1531, 4.58282, 0
PixelHit 1134, 1532, 15.1338, 0
PixelHit 1134, 1533, 19.7774, 0
PixelHit 1134, 1534, 38.3739, 0
PixelHit 1134, 1535, 14.1996, 0
PixelHit 1134, 1536, 2.31391, 0
PixelHit 1135, 1530, 2.84803, 0
PixelHit 1135, 1531, 7.23615, 0
PixelHit 1135, 1532, 27.545, 0
PixelHit 1135, 1533, 50.4876, 0
PixelHit 1135, 1534, 56.9746, 0
PixelHit 1135, 1535, 44.488, 0
PixelHit 1135, 1536, 4.31607, 0
PixelHit 1136, 1529, 2.81775, 0
PixelHit 1136, 1530, 7.46014, 0
PixelHit 1136, 1531, 35.9005, 0
PixelHit 1136, 1532, 73.4045, 0
PixelHit 1136, 1533, 98.2513, 0
PixelHit 1136, 1534, 82.3133, 0
PixelHit 1136, 1535, 28.2384, 0
PixelHit 1136, 1536, 4.58795, 0
PixelHit 1136, 1537, 2.49035, 0
PixelHit 1137, 1528, 0.0937486, 0
PixelHit 1137, 1529, 4.02487, 0
PixelHit 1137, 1530, 24.8365, 0
PixelHit 1137, 1531, 67.2903, 0
PixelHit 1137, 1532, 114.098, 0
PixelHit 1137, 1533, 75.4597, 0
PixelHit 1137, 1534, 57.6959, 0
PixelHit 1137, 1535, 16.1067, 0
PixelHit 1137, 1536, 2.73301, 0
PixelHit 1138, 1526, 0.505155, 0
PixelHit 1138, 1528, 7.66743, 0
PixelHit 1138, 1529, 36.5197, 0
PixelHit 1138, 1530, 57.9842, 0
PixelHit 1138, 1531, 59.728, 0
PixelHit 1138, 1532, 82.5691, 0
PixelHit 1138, 1533, 51.4217, 0
PixelHit 1138, 1534, 18.5638, 0
PixelHit 1138, 1535, 6.84917, 0
PixelHit 1139, 1528, 18.3649, 0
PixelHit 1139, 1529, 68.196, 0
PixelHit 1139, 1530, 69.7773, 0
PixelHit 1139, 1531, 45.987, 0
PixelHit 1139, 1532, 30.0753, 0
PixelHit 1139, 1533, 14.6975, 0
PixelHit 1139, 1534, 5.6141, 0
PixelHit 1140, 1527, 2.43069, 0
PixelHit 1140, 1528, 20.8574, 0
PixelHit 1140, 1529, 53.4818, 0
PixelHit 1140, 1530, 58.4902, 0
PixelHit 1140, 1531, 29.2172, 0
PixelHit 1140, 1532, 7.50623, 0
PixelHit 1141, 1526, 2.47997, 0
PixelHit 1141, 1528, 12.5046, 0
PixelHit 1141, 1529, 54.2109, 0
PixelHit 1141, 1530, 56.0723, 0
PixelHit 1141, 1531, 25.2398, 0
PixelHit 1141, 1532, 2.30028, 0
PixelHit 1142, 1528, 8.4485, 0
PixelHit 1142, 1529, 31.3464, 0
PixelHit 1142, 1530, 55.4267, 0
PixelHit 1142, 1531, 36.6378, 0
PixelHit 1142, 1532, 6.17654, 0
PixelHit 1142, 1533, 2.05082, 0
PixelHit 1143, 1528, 3.52071, 0
PixelHit 1143, 1529, 17.3529, 0
PixelHit 1143, 1530, 26.8606, 0
PixelHit 1143, 1531, 25.9553, 0
PixelHit 1143, 1532, 10.6712, 0
PixelHit 1143, 1533, 1.10798, 0
PixelHit 1144, 1529, 4.53168, 0
PixelHit 1144, 1530, 17.5323, 0
PixelHit 1144, 1531, 21.913, 0
PixelHit 1144, 1532, 34.0733, 0
PixelHit 1144, 1533, 6.65075, 0
PixelHit 1144, 1534, 2.5908, 0
PixelHit 1145, 1529, 2.45761, 0
PixelHit 1145, 1530, 11.5116, 0
PixelHit 1145, 1531, 39.4806, 0
PixelHit 1145, 1532, 58.3753, 0
PixelHit 1145, 1533, 19.7742, 0
PixelHit 1146, 1530, 6.4429, 0
PixelHit 1146, 1531, 26.6251, 0
PixelHit 1146, 1532, 65.8438, 0
PixelHit 1146, 1533, 38.3483, 0
PixelHit 1146, 1534, 13.8263, 0
PixelHit 1146, 1535, 4.22767, 0
PixelHit 1147, 1530, 1.22155, 0
PixelHit 1147, 1531, 8.23243, 0
PixelHit 1147, 1532, 56.4649, 0
PixelHit 1147, 1533, 148.207, 0
PixelHit 1147, 1534, 112.424, 0
PixelHit 1147, 1535, 22.4398, 0
PixelHit 1147, 1536, 2.07101, 0
PixelHit 1148, 1531, 9.73302, 0
PixelHit 1148, 1532, 177.03, 0
PixelHit 1148, 1533, 568.431, 0
PixelHit 1148, 1534, 600.42, 0
PixelHit 1148, 1535, 199.563, 0
PixelHit 1148, 1536, 12.2012, 0
PixelHit 1149, 1531, 13.5901, 0
PixelHit 1149, 1532, 206.845, 0
PixelHit 1149, 1533, 921.945, 0
PixelHit 1149, 1534, 1237.95, 0
PixelHit 1149, 1535, 450.598, 0
PixelHit 1149, 1536, 47.2189, 0
PixelHit 1149, 1537, 6.09524, 0
PixelHit 1150, 1531, 4.63528, 0
PixelHit 1150, 1532, 62.7594, 0
PixelHit 1150, 1533, 333.804, 0
PixelHit 1150, 1534, 564.496, 0
PixelHit 1150, 1535, 234.519, 0
PixelHit 1150, 1536, 55.3898, 0
PixelHit 1150, 1537, 10.8615, 0
PixelHit 1150, 1538, 4.77537, 0
PixelHit 1151, 1532, 9.15949, 0
PixelHit 1151, 1533, 26.5655, 0
PixelHit 1151, 1534, 57.8131, 0
PixelHit 1151, 1535, 36.5474, 0
PixelHit 1151, 1536, 43.9449, 0
PixelHit 1151, 1537, 38.0529, 0
PixelHit 1151, 1538, 21.7572, 0
PixelHit 1151, 1539, 8.11677, 0
PixelHit 1152, 1533, 3.02737, 0
PixelHit 1152, 1534, 2.70515, 0
PixelHit 1152, 1535, 4.90148, 0
PixelHit 1152, 1536, 16.6666, 0
PixelHit 1152, 1537, 52.1929, 0
PixelHit 1152, 1538, 52.9948, 0
PixelHit 1152, 1539, 28.0111, 0
PixelHit 1152, 1540, 2.84619, 0
PixelHit 1153, 1535, 0.979339, 0
PixelHit 1153, 1536, 4.98827, 0
PixelHit 1153, 1537, 24.7971, 0
PixelHit 1153, 1538, 59.3868, 0
PixelHit 1153, 1539, 53.6657, 0
PixelHit 1153, 1540, 15.6666, 0
PixelHit 1153, 1541, 5.84151, 0
PixelHit 1154, 1536, 1.77378, 0
PixelHit 1154, 1537, 9.56647, 0
PixelHit 1154, 1538, 16.4795, 0
PixelHit 1154, 1539, 29.2099, 0
PixelHit 1154, 1540, 36.9708, 0
PixelHit 1154, 1541, 19.1054, 0
PixelHit 1154, 1542, 4.5454, 0
PixelHit 1155, 1538, 3.34503, 0
PixelHit 1155, 1539, 17.102, 0
PixelHit 1155, 1540, 35.8755, 0
PixelHit 1155, 1541, 38.0684, 0
PixelHit 1155, 1542, 21.5278, 0
PixelHit 1155, 1543, 10.2467, 0
PixelHit 1155, 1544, 3.77391, 0
PixelHit 1156, 1539, 1.18894, 0
PixelHit 1156, 1540, 13.0361, 0
PixelHit 1156, 1541, 36.808, 0
PixelHit 1156, 1542, 41.4604, 0
PixelHit 1156, 1543, 24.6371, 0
PixelHit 1156, 1544, 9.80728, 0
PixelHit 1157, 1540, 3.13296, 0
PixelHit 1157, 1541, 5.50201, 0
PixelHit 1157, 1542, 36.2604, 0
PixelHit 1157, 1543, 42.4821, 0
PixelHit 1157, 1544, 15.0729, 0
PixelHit 1157, 1545, 4.61445, 0
PixelHit 1157, 1547, 1.47851, 0
PixelHit 1158, 1541, 1.46968, 0
PixelHit 1158, 1542, 4.73618, 0
PixelHit 1158, 1543, 13.727, 0
PixelHit 1158, 1544, 16.1926, 0
PixelHit 1158, 1545, 7.2474, 0
PixelHit 1158, 1546, 4.98261, 0
PixelHit 1158, 1547, 3.95887, 0
PixelHit 1158, 1550, 2.09817, 0
PixelHit 1159, 1545, 10.3058, 0
PixelHit 1159, 1546, 21.3904, 0
PixelHit 1159, 1547, 15.5062, 0
PixelHit 1159, 1548, 6.48259, 0
PixelHit 1159, 1549, 4.00039, 0
PixelHit 1160, 1545, 5.26012, 0
PixelHit 1160, 1546, 12.7856, 0
PixelHit 1160, 1547, 32.2002, 0
PixelHit 1160, 1548, 23.6948, 0
PixelHit 1160, 1549, 13.1789, 0
PixelHit 1160, 1550, 6.93903, 0
PixelHit 1160, 1551, 3.583, 0
PixelHit 1161, 1546, 2.1312, 0
PixelHit 1161, 1547, 12.5255, 0
PixelHit 1161, 1548, 26.5993, 0
PixelHit 1161, 1549, 27.3259, 0
PixelHit 1161, 1550, 23.2249, 0
PixelHit 1161, 1551, 8.19755, 0
PixelHit 1161, 1552, 2.43219, 0
PixelHit 1161, 1554, -0.484995, 0
PixelHit 1161, 1556, 2.36236, 0
PixelHit 1161, 1558, 2.07895, 0
PixelHit 1161, 1560, 2.51119, 0
PixelHit 1162, 1546, 0.887059, 0
PixelHit 1162, 1547, 3.89896, 0
PixelHit 1162, 1548, 19.5977, 0
PixelHit 1162, 1549, 40.6663, 0
PixelHit 1162, 1550, 38.7376, 0
PixelHit 1162, 1551, 29.612, 0
PixelHit 1162, 1552, 18.253, 0
PixelHit 1162, 1553, 8.32347, 0
PixelHit 1162, 1554, 7.53156, 0
PixelHit 1162, 1555, 11.6977, 0
PixelHit 1162, 1556, 26.4026, 0
PixelHit 1162, 1557, 19.8895, 0
PixelHit 1162, 1558, 20.1467, 0
PixelHit 1162, 1559, 3.2134, 0
PixelHit 1162, 1560, 8.21051, 0
PixelHit 1162, 1561, 1.84081, 0
PixelHit 1162, 1562, 5.38758, 0
PixelHit 1162, 1563, 3.31258, 0
PixelHit 1163, 1548, 9.13856, 0
PixelHit 1163, 1549, 17.463, 0
PixelHit 1163, 1550, 35.0148, 0
PixelHit 1163, 1551, 36.371, 0
PixelHit 1163, 1552, 11.8851, 0
PixelHit 1163, 1553, 13.1506, 0
PixelHit 1163, 1554, 21.1658, 0
PixelHit 1163, 1555, 25.1116, 0
PixelHit 1163, 1556, 35.9009, 0
PixelHit 1163, 1557, 49.0707, 0
PixelHit 1163, 1558, 23.2796, 0
PixelHit 1163, 1559, 9.73699, 0
PixelHit 1163, 1560, 17.5822, 0
PixelHit 1163, 1561, 44.461, 0
PixelHit 1163, 1562, 25.8535, 0
PixelHit 1163, 1563, 20.7192, 0
PixelHit 1163, 1564, 11.0927, 0
PixelHit 1163, 1565, 9.08343, 0
PixelHit 1163, 1566, 7.09615, 0
PixelHit 1164, 1550, 7.22784, 0
PixelHit 1164, 1551, 12.1458, 0
PixelHit 1164, 1552, 8.78557, 0
PixelHit 1164, 1553, 3.05116, 0
PixelHit 1164, 1554, 10.2349, 0
PixelHit 1164, 1555, 18.9522, 0
PixelHit 1164, 1556, 24.9474, 0
PixelHit 1164, 1557, 45.1855, 0
PixelHit 1164, 1558, 22.288, 0
PixelHit 1164, 1559, 17.6809, 0
PixelHit 1164, 1560, 26.2993, 0
PixelHit 1164, 1561, 57.2508, 0
PixelHit 1164, 1562, 55.2579, 0
PixelHit 1164, 1563, 45.7182, 0
PixelHit 1164, 1564, 65.4233, 0
PixelHit 1164, 1565, 56.694, 0
PixelHit 1164, 1566, 21.618, 0
PixelHit 1164, 1567, 18.8429, 0
PixelHit 1164, 1568, 5.15612, 0
PixelHit 1165, 1550, 3.00998, 0
PixelHit 1165, 1554, 6.66625, 0
PixelHit 1165, 1555, 3.91679, 0
PixelHit 1165, 1556, 8.10888, 0
PixelHit 1165, 1557, 13.2143, 0
PixelHit 1165, 1558, 4.54358, 0
PixelHit 1165, 1559, 2.68144, 0
PixelHit 1165, 1560, 17.1788, 0
PixelHit 1165, 1561, 42.183, 0
PixelHit 1165, 1562, 50.2682, 0
PixelHit 1165, 1563, 57.3657, 0
PixelHit 1165, 1564, 103.504, 0
PixelHit 1165, 1565, 104.948, 0
PixelHit 1165, 1566, 68.3151, 0
PixelHit 1165, 1567, 33.0973, 0
PixelHit 1165, 1568, 12.9644, 0
PixelHit 1165, 1569, 6.58921, 0
PixelHit 1166, 1556, 2.71422, 0
PixelHit 1166, 1561, 5.83016, 0
PixelHit 1166, 1562, 12.7149, 0
PixelHit 1166, 1563, 32.8523, 0
PixelHit 1166, 1564, 74.5767, 0
PixelHit 1166, 1565, 98.0404, 0
PixelHit 1166, 1566, 87.0153, 0
PixelHit 1166, 1567, 74.3001, 0
PixelHit 1166, 1568, 38.0907, 0
PixelHit 1166, 1569, 10.3057, 0
PixelHit 1166, 1570, 5.75226, 0
PixelHit 1167, 1562, 3.17334, 0
PixelHit 1167, 1564, 20.8476, 0
PixelHit 1167, 1565, 35.592, 0
PixelHit 1167, 1566, 56.8587, 0
PixelHit 1167, 1567, 61.0271, 0
PixelHit 1167, 1568, 65.0738, 0
PixelHit 1167, 1569, 44.4959, 0
PixelHit 1167, 1570, 23.3131, 0
PixelHit 1167, 1571, 4.06056, 0
PixelHit 1168, 1562, 1.14476, 0
PixelHit 1168, 1566, 7.86647, 0
PixelHit 1168, 1567, 29.7673, 0
PixelHit 1168, 1568, 43.5008, 0
PixelHit 1168, 1569, 73.7833, 0
PixelHit 1168, 1570, 70.3297, 0
PixelHit 1168, 1571, 24.2967, 0
PixelHit 1168, 1572, 5.45291, 0
PixelHit 1169, 1567, 10.9315, 0
PixelHit 1169, 1568, 22.4491, 0
PixelHit 1169, 1569, 67.3599, 0
PixelHit 1169, 1570, 62.9464, 0
PixelHit 1169, 1571, 27.932, 0
PixelHit 1169, 1572, 13.1863, 0
PixelHit 1169, 1573, 5.08142, 0
PixelHit 1170, 1567, 2.28478, 0
PixelHit 1170, 1568, 12.1144, 0
PixelHit 1170, 1569, 27.251, 0
PixelHit 1170, 1570, 31.5072, 0
PixelHit 1170, 1571, 31.1352, 0
PixelHit 1170, 1572, 26.7109, 0
PixelHit 1170, 1573, 7.84641, 0
PixelHit 1170, 1574, 3.18805, 0
PixelHit 1171, 1568, 0.764894, 0
PixelHit 1171, 1569, -0.324045, 0
PixelHit 1171, 1570, 11.6196, 0
PixelHit 1171, 1571, 29.8824, 0
PixelHit 1171, 1572, 29.6666, 0
PixelHit 1171, 1573, 28.6356, 0
PixelHit 1171, 1574, 8.65427, 0
PixelHit 1171, 1575, 2.43937, 0
PixelHit 1172, 1569, 2.32671, 0
PixelHit 1172, 1570, 1.92847, 0
PixelHit 1172, 1571, 11.7283, 0
PixelHit 1172, 1572, 28.6489, 0
PixelHit 1172, 1573, 33.003, 0
PixelHit 1172, 1574, 26.342, 0
PixelHit 1172, 1575, 9.38037, 0
PixelHit 1172, 1576, 2.74204, 0
PixelHit 1173, 1572, 17.9427, 0
PixelHit 1173, 1573, 35.8609, 0
PixelHit 1173, 1574, 20.3858, 0
PixelHit 1173, 1575, 21.0757, 0
PixelHit 1173, 1576, 10.473, 0
PixelHit 1173, 1577, 1.61648, 0
PixelHit 1174, 1571, 0.265013, 0
PixelHit 1174, 1572, 5.07776, 0
PixelHit 1174, 1573, 15.7756, 0
PixelHit 1174, 1574, 27.0105, 0
PixelHit 1174, 1575, 49.5798, 0
PixelHit 1174, 1576, 20.5689, 0
PixelHit 1174, 1577, 7.39432, 0
PixelHit 1175, 1573, 8.02509, 0
PixelHit 1175, 1574, 13.7701, 0
PixelHit 1175, 1575, 37.9539, 0
PixelHit 1175, 1576, 29.4603, 0
PixelHit 1175, 1577, 14.1369, 0
PixelHit 1175, 1578, 5.1599, 0
PixelHit 1176, 1573, 1.98753, 0
PixelHit 1176, 1574, 4.7264, 0
PixelHit 1176, 1575, 14.2524, 0
PixelHit 1176, 1576, 8.63598, 0
PixelHit 1176, 1577, 7.67306, 0
PixelHit 1176, 1578, 4.35476, 0
PixelHit 1177, 1574, 1.19058, 0
PixelHit 1177, 1575, 4.54728, 0
PixelHit 1177, 1577, 6.86998, 0
PixelHit 1177, 1578, 3.11005, 0
PixelHit 1177, 1579, 9.99823, 0
PixelHit 1177, 1580, 8.44744, 0
PixelHit 1177, 1581, 3.32412, 0
PixelHit 1178, 1577, 2.65552, 0
PixelHit 1178, 1578, 8.67606, 0
PixelHit 1178, 1579, 15.0569, 0
PixelHit 1178, 1580, 8.32186, 0
PixelHit 1178, 1581, 10.4026, 0
PixelHit 1178, 1582, 1.62359, 0
PixelHit 1179, 1578, 6.67155, 0
PixelHit 1179, 1579, 22.3851, 0
PixelHit 1179, 1580, 39.678, 0
PixelHit 1179, 1581, 29.0668, 0
PixelHit 1179, 1582, 13.5784, 0
PixelHit 1179, 1583, 6.22106, 0
PixelHit 1179, 1584, 2.64749, 0
PixelHit 1180, 1578, 2.35177, 0
PixelHit 1180, 1579, 20.9878, 0
PixelHit 1180, 1580, 34.1547, 0
PixelHit 1180, 1581, 42.1941, 0
PixelHit 1180, 1582, 34.4197, 0
PixelHit 1180, 1583, 13.5476, 0
PixelHit 1180, 1584, 9.23209, 0
PixelHit 1181, 1578, 2.25894, 0
PixelHit 1181, 1579, 5.90687, 0
PixelHit 1181, 1580, 16.6298, 0
PixelHit 1181, 1581, 38.7534, 0
PixelHit 1181, 1582, 90.0828, 0
PixelHit 1181, 1583, 94.7827, 0
PixelHit 1181, 1584, 34.9166, 0
PixelHit 1181, 1585, 6.34079, 0
PixelHit 1181, 1586, 3.65864, 0
PixelHit 1182, 1580, 3.74204, 0
PixelHit 1182, 1581, 44.9196, 0
PixelHit 1182, 1582, 96.4671, 0
PixelHit 1182, 1583, 110.785, 0
PixelHit 1182, 1584, 52.4143, 0
PixelHit 1182, 1585, 17.2136, 0
PixelHit 1182, 1586, 1.61524, 0
PixelHit 1183, 1579, 1.61605, 0
PixelHit 1183, 1581, 21.8808, 0
PixelHit 1183, 1582, 53.8373, 0
PixelHit 1183, 1583, 65.3158, 0
PixelHit 1183, 1584, 44.2082, 0
PixelHit 1183, 1585, 20.9481, 0
PixelHit 1183, 1586, 10.2867, 0
PixelHit 1184, 1581, 2.22376, 0
PixelHit 1184, 1582, 16.3247, 0
PixelHit 1184, 1583, 33.0739, 0
PixelHit 1184, 1584, 44.5044, 0
PixelHit 1184, 1585, 51.5535, 0
PixelHit 1184, 1586, 30.7851, 0
PixelHit 1184, 1587, 4.20932, 0
PixelHit 1185, 1582, 2.61945, 0
PixelHit 1185, 1583, 6.49656, 0
PixelHit 1185, 1584, 22.993, 0
PixelHit 1185, 1585, 33.7834, 0
PixelHit 1185, 1586, 33.4336, 0
PixelHit 1185, 1587, 18.5442, 0
PixelHit 1185, 1588, 11.9087, 0
PixelHit 1185, 1589, 4.96616, 0
PixelHit 1186, 1583, 1.96431, 0
PixelHit 1186, 1584, 4.74497, 0
PixelHit 1186, 1585, 23.8142, 0
PixelHit 1186, 1586, 36.5146, 0
PixelHit 1186, 1587, 32.4439, 0
PixelHit 1186, 1588, 36.2132, 0
PixelHit 1186, 1589, 11.4777, 0
PixelHit 1186, 1591, 2.15694, 0
PixelHit 1187, 1584, 3.18781, 0
PixelHit 1187, 1585, 6.69352, 0
PixelHit 1187, 1586, 13.3081, 0
PixelHit 1187, 1587, 44.8137, 0
PixelHit 1187, 1588, 44.019, 0
PixelHit 1187, 1589, 24.1331, 0
PixelHit 1187, 1590, 10.2965, 0
PixelHit 1187, 1591, 3.45682, 0
PixelHit 1188, 1585, 2.74385, 0
PixelHit 1188, 1586, 3.95389, 0
PixelHit 1188, 1587, 21.8998, 0
PixelHit 1188, 1588, 40.6642, 0
PixelHit 1188, 1589, 30.032, 0
PixelHit 1188, 1590, 13.4651, 0
PixelHit 1188, 1591, 8.43895, 0
PixelHit 1188, 1592, 2.53825, 0
PixelHit 1189, 1586, 2.95586, 0
PixelHit 1189, 1587, 4.68251, 0
PixelHit 1189, 1588, 25.3163, 0
PixelHit 1189, 1589, 38.0643, 0
PixelHit 1189, 1590, 39.6786, 0
PixelHit 1189, 1591, 20.904, 0
PixelHit 1189, 1592, 3.6935, 0
PixelHit 1190, 1588, 7.743, 0
PixelHit 1190, 1589, 31.1788, 0
PixelHit 1190, 1590, 44.5785, 0
PixelHit 1190, 1591, 41.9516, 0
PixelHit 1190, 1592, 6.99626, 0
PixelHit 1191, 1588, 2.21968, 0
PixelHit 1191, 1589, 14.6813, 0
PixelHit 1191, 1590, 39.8216, 0
PixelHit 1191, 1591, 35.3262, 0
PixelHit 1191, 1592, 21.3841, 0
PixelHit 1191, 1593, 2.74301, 0
PixelHit 1192, 1589, 6.84604, 0
PixelHit 1192, 1590, 17.0796, 0
PixelHit 1192, 1591, 35.9763, 0
PixelHit 1192, 1592, 25.436, 0
PixelHit 1192, 1593, 11.8548, 0
PixelHit 1192, 1594, 3.32446, 0
PixelHit 1192, 1595, 4.7636, 0
PixelHit 1193, 1590, 5.61921, 0
PixelHit 1193, 1591, 34.5407, 0
PixelHit 1193, 1592, 53.5816, 0
PixelHit 1193, 1593, 83.8337, 0
PixelHit 1193, 1594, 57.8161, 0
PixelHit 1193, 1595, 52.9041, 0
PixelHit 1193, 1596, 28.3824, 0
PixelHit 1193, 1597, 5.95732, 0
PixelHit 1194, 1590, 3.95141, 0
PixelHit 1194, 1591, 40.1487, 0
PixelHit 1194, 1592, 144.815, 0
PixelHit 1194, 1593, 387.974, 0
PixelHit 1194, 1594, 542.113, 0
PixelHit 1194, 1595, 384.389, 0
PixelHit 1194, 1596, 175.421, 0
PixelHit 1194, 1597, 31.1001, 0
PixelHit 1195, 1590, 5.32516, 0
PixelHit 1195, 1591, 36.5378, 0
PixelHit 1195, 1592, 214.268, 0
PixelHit 1195, 1593, 659.778, 0
PixelHit 1195, 1594, 1087.91, 0
PixelHit 1195, 1595, 868.322, 0
PixelHit 1195, 1596, 379.432, 0
PixelHit 1195, 1597, 59.4592, 0
PixelHit 1195, 1598, 3.11498, 0
PixelHit 1196, 1590, 2.36605, 0
PixelHit 1196, 1591, 27.0179, 0
PixelHit 1196, 1592, 140.256, 0
PixelHit 1196, 1593, 490.953, 0
PixelHit 1196, 1594, 681.794, 0
PixelHit 1196, 1595, 675.033, 0
PixelHit 1196, 1596, 284.338, 0
PixelHit 1196, 1597, 37.3406, 0
PixelHit 1196, 1598, 4.56352, 0
PixelHit 1197, 1591, 6.54137, 0
PixelHit 1197, 1592, 57.5306, 0
PixelHit 1197, 1593, 120.383, 0
PixelHit 1197, 1594, 179.363, 0
PixelHit 1197, 1595, 140.799, 0
PixelHit 1197, 1596, 53.8665, 0
PixelHit 1197, 1597, 6.26909, 0
PixelHit 1198, 1591, 2.00012, 0
PixelHit 1198, 1592, 13.5387, 0
PixelHit 1198, 1593, 27.1044, 0
PixelHit 1198, 1594, 19.7792, 0
PixelHit 1198, 1595, 10.969, 0
PixelHit 1198, 1596, 2.224, 0
PixelHit 1198, 1597, 5.63585, 0
PixelHit 1199, 1591, 2.51677, 0
PixelHit 1199, 1592, 10.1796, 0
PixelHit 1199, 1593, 26.1394, 0
PixelHit 1199, 1594, 12.6411, 0
PixelHit 1199, 1595, 4.84965, 0
PixelHit 1200, 1592, 12.5223, 0
PixelHit 1200, 1593, 32.4473, 0
PixelHit 1200, 1594, 49.6539, 0
PixelHit 1200, 1595, 26.0046, 0
PixelHit 1200, 1596, 2.54212, 0
PixelHit 1201, 1590, 1.44832, 0
PixelHit 1201, 1591, 4.33639, 0
PixelHit 1201, 1592, 21.8127, 0
PixelHit 1201, 1593, 112.862, 0
PixelHit 1201, 1594, 152.318, 0
PixelHit 1201, 1595, 100.048, 0
PixelHit 1201, 1596, 24.8808, 0
PixelHit 1202, 1591, 1.06476, 0
PixelHit 1202, 1592, 49.3717, 0
PixelHit 1202, 1593, 189.746, 0
PixelHit 1202, 1594, 264.107, 0
PixelHit 1202, 1595, 171.171, 0
PixelHit 1202, 1596, 37.9674, 0
PixelHit 1202, 1597, 4.28743, 0
PixelHit 1203, 1591, 3.02115, 0
PixelHit 1203, 1592, 22.9313, 0
PixelHit 1203, 1593, 110.907, 0
PixelHit 1203, 1594, 197.142, 0
PixelHit 1203, 1595, 110.25, 0
PixelHit 1203, 1596, 25.5294, 0
PixelHit 1203, 1597, 3.18579, 0
PixelHit 1204, 1591, 0.619817, 0
PixelHit 1204, 1592, 4.71474, 0
PixelHit 1204, 1593, 39.8511, 0
PixelHit 1204, 1594, 53.6225, 0
PixelHit 1204, 1595, 52.5168, 0
PixelHit 1204, 1596, 5.8404, 0
PixelHit 1204, 1597, 2.51331, 0
PixelHit 1205, 1592, 1.99818, 0
PixelHit 1205, 1593, 14.3632, 0
PixelHit 1205, 1594, 28.2309, 0
PixelHit 1205, 1595, 18.798, 0
PixelHit 1205, 1596, 6.06231, 0
PixelHit 1206, 1593, 9.33854, 0
PixelHit 1206, 1594, 5.23155, 0
PixelHit 1206, 1595, 24.6859, 0
PixelHit 1206, 1596, 10.0531, 0
PixelHit 1207, 1593, 4.83531, 0
PixelHit 1207, 1594, 12.64, 0
PixelHit 1207, 1595, 37.8996, 0
PixelHit 1207, 1596, 31.6085, 0
PixelHit 1207, 1597, 7.69085, 0
PixelHit 1207, 1598, 2.35515, 0
PixelHit 1208, 1592, 2.51932, 0
PixelHit 1208, 1593, 19.5802, 0
PixelHit 1208, 1594, 68.5268, 0
PixelHit 1208, 1595, 142.701, 0
PixelHit 1208, 1596, 120.007, 0
PixelHit 1208, 1597, 58.234, 0
PixelHit 1208, 1598, 11.9784, 0
PixelHit 1208, 1599, 1.16091, 0
PixelHit 1209, 1592, 2.22559, 0
PixelHit 1209, 1593, 38.159, 0
PixelHit 1209, 1594, 211.779, 0
PixelHit 1209, 1595, 483.358, 0
PixelHit 1209, 1596, 438.575, 0
PixelHit 1209, 1597, 183.518, 0
PixelHit 1209, 1598, 55.1261, 0
PixelHit 1209, 1599, 7.06964, 0
PixelHit 1209, 1600, 1.93079, 0
PixelHit 1210, 1592, 9.32963, 0
PixelHit 1210, 1593, 53.7502, 0
PixelHit 1210, 1594, 289.219, 0
PixelHit 1210, 1595, 664.508, 0
PixelHit 1210, 1596, 720.821, 0
PixelHit 1210, 1597, 341.295, 0
PixelHit 1210, 1598, 84.9027, 0
PixelHit 1210, 1599, 8.67856, 0
PixelHit 1211, 1593, 32.7179, 0
PixelHit 1211, 1594, 172.108, 0
PixelHit 1211, 1595, 466.898, 0
PixelHit 1211, 1596, 547.849, 0
PixelHit 1211, 1597, 326.216, 0
PixelHit 1211, 1598, 91.6913, 0
PixelHit 1211, 1599, 9.78149, 0
PixelHit 1212, 1593, 4.68944, 0
PixelHit 1212, 1594, 56.4611, 0
PixelHit 1212, 1595, 156.153, 0
PixelHit 1212, 1596, 196.799, 0
PixelHit 1212, 1597, 108.943, 0
PixelHit 1212, 1598, 35.4505, 0
PixelHit 1212, 1599, 8.61351, 0
PixelHit 1213, 1593, 4.52182, 0
PixelHit 1213, 1594, 8.99801, 0
PixelHit 1213, 1595, 45.6873, 0
PixelHit 1213, 1596, 75.6424, 0
PixelHit 1213, 1597, 42.6629, 0
PixelHit 1213, 1598, 4.47336, 0
PixelHit 1213, 1599, 3.31259, 0
PixelHit 1214, 1595, 14.0831, 0
PixelHit 1214, 1596, 30.1289, 0
PixelHit 1214, 1597, 17.9823, 0
PixelHit 1214, 1598, 10.3587, 0
PixelHit 1215, 1594, 1.99138, 0
PixelHit 1215, 1595, 0.540267, 0
PixelHit 1215, 1596, 9.84332, 0
PixelHit 1215, 1597, 8.25798, 0
PixelHit 1215, 1598, 1.48812, 0
PixelHit 1216, 1595, 2.84457, 0
PixelHit 1216, 1596, 7.39585, 0
PixelHit 1216, 1597, 7.91729, 0
PixelHit 1216, 1598, 3.73451, 0
PixelHit 1217, 1595, 0.944738, 0
PixelHit 1217, 1596, 10.9534, 0
PixelHit 1217, 1597, 5.59378, 0
PixelHit 1217, 1598, 2.25286, 0
PixelHit 1218, 1595, 1.82728, 0
PixelHit 1218, 1596, 12.1062, 0
PixelHit 1218, 1597, 8.27651, 0
PixelHit 1218, 1598, 5.23869, 0
PixelHit 1218, 1599, 0.019081, 0
PixelHit 1219, 1595, 6.44641, 0
PixelHit 1219, 1596, 23.1206, 0
PixelHit 1219, 1597, 13.0786, 0
PixelHit 1219, 1598, 4.3024, 0
PixelHit 1219, 1599, 1.58079, 0
PixelHit 1220, 1594, 1.07841, 0
PixelHit 1220, 1595, 4.40376, 0
PixelHit 1220, 1596, 38.6269, 0
PixelHit 1220, 1597, 44.5998, 0
PixelHit 1220, 1598, 34.9749, 0
PixelHit 1220, 1599, 4.40173, 0
PixelHit 1220, 1600, 1.13459, 0
PixelHit 1221, 1594, 3.86835, 0
PixelHit 1221, 1595, 9.85859, 0
PixelHit 1221, 1596, 56.2552, 0
PixelHit 1221, 1597, 69.0138, 0
PixelHit 1221, 1598, 58.0012, 0
PixelHit 1221, 1599, 11.9127, 0
PixelHit 1221, 1600, 5.59919, 0
PixelHit 1222, 1594, 2.54912, 0
PixelHit 1222, 1595, 15.9453, 0
PixelHit 1222, 1596, 46.8977, 0
PixelHit 1222, 1597, 114.379, 0
PixelHit 1222, 1598, 58.9172, 0
PixelHit 1222, 1599, 28.5829, 0
PixelHit 1223, 1595, 14.0023, 0
PixelHit 1223, 1596, 56.577, 0
PixelHit 1223, 1597, 83.1389, 0
PixelHit 1223, 1598, 45.9283, 0
PixelHit 1223, 1599, 6.05101, 0
PixelHit 1223, 1600, 0.543652, 0
PixelHit 1224, 1594, 6.93301, 0
PixelHit 1224, 1595, 9.57144, 0
PixelHit 1224, 1596, 30.4876, 0
PixelHit 1224, 1597, 30.3111, 0
PixelHit 1224, 1598, 20.3735, 0
PixelHit 1225, 1594, 14.1373, 0
PixelHit 1225, 1595, 40.2802, 0
PixelHit 1225, 1596, 55.8942, 0
PixelHit 1225, 1597, 40.1289, 0
PixelHit 1225, 1598, 6.67115, 0
PixelHit 1225, 1599, 0.890798, 0
PixelHit 1226, 1593, 9.28472, 0
PixelHit 1226, 1594, 45.1749, 0
PixelHit 1226, 1595, 131.342, 0
PixelHit 1226, 1596, 135.132, 0
PixelHit 1226, 1597, 57.465, 0
PixelHit 1226, 1598, 14.4851, 0
PixelHit 1227, 1593, 15.4278, 0
PixelHit 1227, 1594, 53.7845, 0
PixelHit 1227, 1595, 152.774, 0
PixelHit 1227, 1596, 210.781, 0
PixelHit 1227, 1597, 123.579, 0
PixelHit 1227, 1598, 34.795, 0
PixelHit 1227, 1599, 5.57791, 0
PixelHit 1228, 1593, 13.7523, 0
PixelHit 1228, 1594, 61.384, 0
PixelHit 1228, 1595, 147.512, 0
PixelHit 1228, 1596, 161.759, 0
PixelHit 1228, 1597, 68.123, 0
PixelHit 1228, 1598, 14.9426, 0
PixelHit 1228, 1599, 0.927603, 0
PixelHit 1229, 1593, 6.29186, 0
PixelHit 1229, 1594, 27.4644, 0
PixelHit 1229, 1595, 46.7785, 0
PixelHit 1229, 1596, 41.1642, 0
PixelHit 1229, 1597, 31.3852, 0
PixelHit 1229, 1598, 8.03129, 0
PixelHit 1230, 1593, 5.43478, 0
PixelHit 1230, 1594, 9.50236, 0
PixelHit 1230, 1595, 16.0381, 0
PixelHit 1230, 1596, 11.396, 0
PixelHit 1230, 1597, 2.71596, 0
PixelHit 1231, 1592, 4.01248, 0
PixelHit 1231, 1593, 7.99493, 0
PixelHit 1231, 1594, 10.2377, 0
PixelHit 1231, 1595, 11.5012, 0
PixelHit 1231, 1596, 2.17187, 0
PixelHit 1231, 1597, 2.01852, 0
PixelHit 1231, 1598, -1.29357, 0
PixelHit 1232, 1592, 5.73249, 0
PixelHit 1232, 1593, 2.4978, 0
PixelHit 1232, 1594, 16.9186, 0
PixelHit 1232, 1595, 12.8535, 0
PixelHit 1232, 1596, 5.76565, 0
PixelHit 1233, 1590, 1.36109, 0
PixelHit 1233, 1592, 7.56263, 0
PixelHit 1233, 1593, 10.6689, 0
PixelHit 1233, 1594, 21.6317, 0
PixelHit 1233, 1595, 16.0972, 0
PixelHit 1233, 1596, 5.68604, 0
PixelHit 1233, 1597, 0.861668, 0
PixelHit 1233, 1598, 1.44397, 0
PixelHit 1234, 1591, 4.51195, 0
PixelHit 1234, 1592, 6.18682, 0
PixelHit 1234, 1593, 30.7354, 0
PixelHit 1234, 1594, 23.2821, 0
PixelHit 1234, 1595, 15.0716, 0
PixelHit 1234, 1596, 2.36118, 0
PixelHit 1235, 1590, 0.38818, 0
PixelHit 1235, 1591, 3.9625, 0
PixelHit 1235, 1592, 14.3189, 0
PixelHit 1235, 1593, 26.6685, 0
PixelHit 1235, 1594, 31.4815, 0
PixelHit 1235, 1595, 6.59775, 0
PixelHit 1236, 1591, 7.69692, 0
PixelHit 1236, 1592, 13.5161, 0
PixelHit 1236, 1593, 18.5697, 0
PixelHit 1236, 1594, 21.5414, 0
PixelHit 1236, 1595, 5.00252, 0
PixelHit 1236, 1596, 1.80152, 0
PixelHit 1237, 1590, 2.17323, 0
PixelHit 1237, 1591, 10.1724, 0
PixelHit 1237, 1592, 21.4765, 0
PixelHit 1237, 1593, 32.6437, 0
PixelHit 1237, 1594, 13.7351, 0
PixelHit 1237, 1595, 4.93632, 0
PixelHit 1238, 1590, 2.51839, 0
PixelHit 1238, 1591, 11.8654, 0
PixelHit 1238, 1592, 28.497, 0
PixelHit 1238, 1593, 35.1861, 0
PixelHit 1238, 1594, 9.10855, 0
PixelHit 1238, 1595, 6.70819, 0
PixelHit 1239, 1589, 2.55527, 0
PixelHit 1239, 1591, 19.6763, 0
PixelHit 1239, 1592, 37.8258, 0
PixelHit 1239, 1593, 37.3327, 0
PixelHit 1239, 1594, 15.4689, 0
PixelHit 1239, 1595, 1.61654, 0
PixelHit 1240, 1590, 4.57398, 0
PixelHit 1240, 1591, 22.2269, 0
PixelHit 1240, 1592, 42.6774, 0
PixelHit 1240, 1593, 38.5988, 0
PixelHit 1240, 1594, 7.96065, 0
PixelHit 1241, 1590, 7.93108, 0
PixelHit 1241, 1591, 27.1998, 0
PixelHit 1241, 1592, 42.6309, 0
PixelHit 1241, 1593, 24.9118, 0
PixelHit 1241, 1594, 4.81049, 0
PixelHit 1242, 1589, 3.05808, 0
PixelHit 1242, 1590, 13.9474, 0
PixelHit 1242, 1591, 23.593, 0
PixelHit 1242, 1592, 21.2573, 0
PixelHit 1242, 1593, 11.8599, 0
PixelHit 1242, 1594, 1.52355, 0
PixelHit 1243, 1588, 1.97225, 0
PixelHit 1243, 1589, 7.10248, 0
PixelHit 1243, 1590, 9.6904, 0
PixelHit 1243, 1591, 23.7134, 0
PixelHit 1243, 1592, 16.9934, 0
PixelHit 1243, 1593, 8.94382, 0
PixelHit 1244, 1589, 9.12405, 0
PixelHit 1244, 1590, 14.5952, 0
PixelHit 1244, 1591, 46.5274, 0
PixelHit 1244, 1592, 24.8825, 0
PixelHit 1244, 1593, 5.81041, 0
PixelHit 1244, 1594, 1.11635, 0
PixelHit 1245, 1588, 1.35803, 0
PixelHit 1245, 1589, 12.1524, 0
PixelHit 1245, 1590, 30.0637, 0
PixelHit 1245, 1591, 32.5875, 0
PixelHit 1245, 1592, 16.9781, 0
PixelHit 1245, 1593, 3.9295, 0
PixelHit 1246, 1588, 6.69543, 0
PixelHit 1246, 1589, 23.7105, 0
PixelHit 1246, 1590, 29.8789, 0
PixelHit 1246, 1591, 21.6394, 0
PixelHit 1246, 1592, 14.4376, 0
PixelHit 1246, 1595, 1.18288, 0
PixelHit 1247, 1587, 3.64412, 0
PixelHit 1247, 1588, 9.81259, 0
PixelHit 1247, 1589, 22.4356, 0
PixelHit 1247, 1590, 39.9454, 0
PixelHit 1247, 1591, 22.599, 0
PixelHit 1247, 1592, 8.36102, 0
PixelHit 1247, 1593, 1.8944, 0
PixelHit 1248, 1587, 2.14921, 0
PixelHit 1248, 1588, 7.05859, 0
PixelHit 1248, 1589, 31.5386, 0
PixelHit 1248, 1590, 39.3686, 0
PixelHit 1248, 1591, 20.6035, 0
PixelHit 1248, 1592, 7.80749, 0
PixelHit 1249, 1587, 2.88288, 0
PixelHit 1249, 1588, 12.4248, 0
PixelHit 1249, 1589, 21.9123, 0
PixelHit 1249, 1590, 30.3186, 0
PixelHit 1249, 1591, 12.2325, 0
PixelHit 1249, 1592, 5.44648, 0
PixelHit 1250, 1585, 1.61838, 0
PixelHit 1250, 1586, 4.42147, 0
PixelHit 1250, 1587, 14.6493, 0
PixelHit 1250, 1588, 10.7251, 0
PixelHit 1250, 1589, 23.3647, 0
PixelHit 1250, 1590, 19.3416, 0
PixelHit 1250, 1591, 4.11178, 0
PixelHit 1250, 1592, 3.24376, 0
PixelHit 1251, 1586, 0.985696, 0
PixelHit 1251, 1587, 6.83336, 0
PixelHit 1251, 1588, 13.4319, 0
PixelHit 1251, 1589, 17.6627, 0
PixelHit 1251, 1590, 10.6696, 0
PixelHit 1251, 1591, 1.44679, 0
PixelHit 1252, 1586, 4.96153, 0
PixelHit 1252, 1587, 11.9725, 0
PixelHit 1252, 1588, 21.6966, 0
PixelHit 1252, 1589, 18.501, 0
PixelHit 1252, 1590, 9.38472, 0
PixelHit 1253, 1585, 1.26665, 0
PixelHit 1253, 1586, 9.11157, 0
PixelHit 1253, 1587, 21.1953, 0
PixelHit 1253, 1588, 13.7699, 0
PixelHit 1253, 1589, 17.0014, 0
PixelHit 1253, 1590, 4.83115, 0
PixelHit 1253, 1591, 1.13433, 0
PixelHit 1254, 1585, 6.5505, 0
PixelHit 1254, 1586, 11.6527, 0
PixelHit 1254, 1587, 29.2573, 0
PixelHit 1254, 1588, 19.0827, 0
PixelHit 1254, 1589, 12.476, 0
PixelHit 1254, 1590, 2.01863, 0
PixelHit 1255, 1585, 7.48881, 0
PixelHit 1255, 1586, 16.8625, 0
PixelHit 1255, 1587, 26.8719, 0
PixelHit 1255, 1588, 24.5471, 0
PixelHit 1255, 1589, 13.0645, 0
PixelHit 1255, 1590, 3.03423, 0
PixelHit 1256, 1584, 5.34846, 0
PixelHit 1256, 1585, 12.2184, 0
PixelHit 1256, 1586, 22.4524, 0
PixelHit 1256, 1587, 24.1878, 0
PixelHit 1256, 1588, 14.4649, 0
PixelHit 1257, 1584, 6.26218, 0
PixelHit 1257, 1585, 13.9574, 0
PixelHit 1257, 1586, 30.7993, 0
PixelHit 1257, 1587, 24.461, 0
PixelHit 1257, 1588, 12.8785, 0
PixelHit 1257, 1589, 3.51509, 0
PixelHit 1258, 1583, 1.56804, 0
PixelHit 1258, 1584, 16.4767, 0
PixelHit 1258, 1585, 24.2603, 0
PixelHit 1258, 1586, 18.4957, 0
PixelHit 1258, 1587, 19.0464, 0
PixelHit 1258, 1588, 10.0071, 0
PixelHit 1258, 1589, 3.64156, 0
PixelHit 1259, 1582, 2.18747, 0
PixelHit 1259, 1583, 5.19231, 0
PixelHit 1259, 1584, 18.8696, 0
PixelHit 1259, 1585, 26.7866, 0
PixelHit 1259, 1586, 30.1598, 0
PixelHit 1259, 1587, 10.178, 0
PixelHit 1259, 1588, 2.64688, 0
PixelHit 1259, 1589, 2.03049, 0
PixelHit 1260, 1583, 12.1571, 0
PixelHit 1260, 1584, 21.5099, 0
PixelHit 1260, 1585, 29.3692, 0
PixelHit 1260, 1586, 33.0482, 0
PixelHit 1260, 1587, 13.0997, 0
PixelHit 1261, 1581, 2.81688, 0
PixelHit 1261, 1582, 11.2704, 0
PixelHit 1261, 1583, 30.6728, 0
PixelHit 1261, 1584, 21.8784, 0
PixelHit 1261, 1585, 17.4933, 0
PixelHit 1261, 1586, 13.0428, 0
PixelHit 1261, 1587, 9.00574, 0
PixelHit 1261, 1588, 0.882535, 0
PixelHit 1262, 1581, 9.60104, 0
PixelHit 1262, 1582, 24.8843, 0
PixelHit 1262, 1583, 49.7309, 0
PixelHit 1262, 1584, 55.5027, 0
PixelHit 1262, 1585, 26.2725, 0
PixelHit 1262, 1586, 2.22431, 0
PixelHit 1263, 1580, 1.80636, 0
PixelHit 1263, 1581, 12.794, 0
PixelHit 1263, 1582, 45.9053, 0
PixelHit 1263, 1583, 77.4283, 0
PixelHit 1263, 1584, 72.576, 0
PixelHit 1263, 1585, 29.4238, 0
PixelHit 1263, 1586, 9.22207, 0
PixelHit 1264, 1580, 1.85618, 0
PixelHit 1264, 1581, 12.0966, 0
PixelHit 1264, 1582, 39.9669, 0
PixelHit 1264, 1583, 76.2236, 0
PixelHit 1264, 1584, 47.2325, 0
PixelHit 1264, 1585, 24.0018, 0
PixelHit 1264, 1586, 5.61923, 0
PixelHit 1265, 1580, 5.43036, 0
PixelHit 1265, 1581, 11.4116, 0
PixelHit 1265, 1582, 28.2197, 0
PixelHit 1265, 1583, 22.2231, 0
PixelHit 1265, 1584, 18.2653, 0
PixelHit 1265, 1585, 7.02711, 0
PixelHit 1265, 1586, 2.87028, 0
PixelHit 1266, 1579, 2.60927, 0
PixelHit 1266, 1580, 2.78592, 0
PixelHit 1266, 1581, 16.7152, 0
PixelHit 1266, 1582, 21.6991, 0
PixelHit 1266, 1583, 14.9936, 0
PixelHit 1266, 1584, 11.1343, 0
PixelHit 1266, 1585, 2.78969, 0
PixelHit 1267, 1579, 3.35693, 0
PixelHit 1267, 1580, 8.76914, 0
PixelHit 1267, 1581, 21.3624, 0
PixelHit 1267, 1582, 22.25, 0
PixelHit 1267, 1583, 7.80065, 0
PixelHit 1267, 1584, 0.689976, 0
PixelHit 1267, 1585, 2.5043, 0
PixelHit 1268, 1579, 2.71842, 0
PixelHit 1268, 1580, 20.832, 0
PixelHit 1268, 1581, 22.5999, 0
PixelHit 1268, 1582, 10.5726, 0
PixelHit 1268, 1583, 6.51716, 0
PixelHit 1269, 1578, 2.54187, 0
PixelHit 1269, 1579, 5.2081, 0
PixelHit 1269, 1580, 22.1385, 0
PixelHit 1269, 1581, 21.1537, 0
PixelHit 1269, 1582, 12.7447, 0
PixelHit 1269, 1583, 8.71708, 0
PixelHit 1269, 1584, 1.89153, 0
PixelHit 1270, 1577, 1.77462, 0
PixelHit 1270, 1578, 3.17748, 0
PixelHit 1270, 1579, 12.3533, 0
PixelHit 1270, 1580, 28.6882, 0
PixelHit 1270, 1581, 21.3539, 0
PixelHit 1270, 1582, 15.2233, 0
PixelHit 1270, 1583, 1.87706, 0
PixelHit 1271, 1577, 2.17418, 0
PixelHit 1271, 1578, 6.38471, 0
PixelHit 1271, 1579, 30.2615, 0
PixelHit 1271, 1580, 32.4931, 0
PixelHit 1271, 1581, 21.0531, 0
PixelHit 1271, 1582, 10.6723, 0
PixelHit 1272, 1577, 1.54876, 0
PixelHit 1272, 1578, 2.84854, 0
PixelHit 1272, 1579, 34.3127, 0
PixelHit 1272, 1580, 23.7069, 0
PixelHit 1272, 1581, 20.8782, 0
PixelHit 1272, 1582, 6.58814, 0
PixelHit 1273, 1577, 3.09263, 0
PixelHit 1273, 1578, 7.80725, 0
PixelHit 1273, 1579, 16.3123, 0
PixelHit 1273, 1580, 9.9402, 0
PixelHit 1273, 1581, 12.161, 0
PixelHit 1273, 1582, 4.77154, 0
PixelHit 1274, 1576, 4.4593, 0
PixelHit 1274, 1577, 7.88048, 0
PixelHit 1274, 1578, 15.565, 0
PixelHit 1274, 1579, 19.558, 0
PixelHit 1274, 1580, 11.2383, 0
PixelHit 1274, 1581, 5.55688, 0
PixelHit 1275, 1575, -0.114774, 0
PixelHit 1275, 1576, 3.4125, 0
PixelHit 1275, 1577, 12.2152, 0
PixelHit 1275, 1578, 24.3273, 0
PixelHit 1275, 1579, 16.5522, 0
PixelHit 1275, 1580, 11.7724, 0
PixelHit 1275, 1581, 2.44433, 0
PixelHit 1276, 1575, 0.47936, 0
PixelHit 1276, 1576, 5.65742, 0
PixelHit 1276, 1577, 10.3677, 0
PixelHit 1276, 1578, 26.5651, 0
PixelHit 1276, 1579, 12.8111, 0
PixelHit 1276, 1580, 6.90709, 0
PixelHit 1277, 1576, 1.95933, 0
PixelHit 1277, 1577, 13.9495, 0
PixelHit 1277, 1578, 16.264, 0
PixelHit 1277, 1579, 6.51096, 0
PixelHit 1278, 1575, 2.16983, 0
PixelHit 1278, 1576, 8.20862, 0
PixelHit 1278, 1577, 15.4945, 0
PixelHit 1278, 1578, 10.3177, 0
PixelHit 1278, 1579, 4.83677, 0
PixelHit 1278, 1580, 2.32049, 0
PixelHit 1279, 1575, 4.14862, 0
PixelHit 1279, 1576, 8.8792, 0
PixelHit 1279, 1577, 24.5439, 0
PixelHit 1279, 1578, 13.118, 0
PixelHit 1279, 1579, 5.42087, 0
PixelHit 1279, 1580, 1.09718, 0
PixelHit 1279, 1581, 0.984204, 0
PixelHit 1280, 1575, 3.39834, 0
PixelHit 1280, 1576, 13.1672, 0
PixelHit 1280, 1577, 16.3254, 0
PixelHit 1280, 1578, 6.67782, 0
PixelHit 1280, 1579, 3.51024, 0
PixelHit 1280, 1580, 2.18876, 0
PixelHit 1281, 1575, 2.40435, 0
PixelHit 1281, 1576, 6.8181, 0
PixelHit 1281, 1577, 12.7942, 0
PixelHit 1281, 1578, 16.4348, 0
PixelHit 1281, 1579, 4.5018, 0
PixelHit 1281, 1580, 2.16518, 0
PixelHit 1282, 1575, 3.38439, 0
PixelHit 1282, 1576, 10.8418, 0
PixelHit 1282, 1577, 19.7108, 0
PixelHit 1282, 1578, 10.1419, 0
PixelHit 1282, 1579, 4.98422, 0
PixelHit 1283, 1575, 9.45434, 0
PixelHit 1283, 1576, 17.8904, 0
PixelHit 1283, 1577, 25.1289, 0
PixelHit 1283, 1578, 15.9026, 0
PixelHit 1283, 1580, 2.87413, 0
PixelHit 1284, 1574, 2.57204, 0
PixelHit 1284, 1575, 11.5426, 0
PixelHit 1284, 1576, 31.0749, 0
PixelHit 1284, 1577, 39.6414, 0
PixelHit 1284, 1578, 30.1436, 0
PixelHit 1284, 1579, 3.65054, 0
PixelHit 1285, 1573, 1.78481, 0
PixelHit 1285, 1575, 15.6446, 0
PixelHit 1285, 1576, 48.9724, 0
PixelHit 1285, 1577, 68.2032, 0
PixelHit 1285, 1578, 24.5045, 0
PixelHit 1285, 1579, 9.22055, 0
PixelHit 1286, 1575, 8.81603, 0
PixelHit 1286, 1576, 34.7485, 0
PixelHit 1286, 1577, 29.829, 0
PixelHit 1286, 1578, 22.191, 0
PixelHit 1286, 1579, 3.86795, 0
PixelHit 1287, 1575, 8.43698, 0
PixelHit 1287, 1576, 26.4441, 0
PixelHit 1287, 1577, 20.455, 0
PixelHit 1287, 1578, 11.2887, 0
PixelHit 1287, 1579, 3.57329, 0
PixelHit 1288, 1574, 4.30642, 0
PixelHit 1288, 1575, 10.689, 0
PixelHit 1288, 1576, 32.1063, 0
PixelHit 1288, 1577, 14.7787, 0
PixelHit 1288, 1578, 10.7858, 0
PixelHit 1288, 1579, 2.21964, 0
PixelHit 1288, 1580, 2.63954, 0
PixelHit 1289, 1575, 17.1311, 0
PixelHit 1289, 1576, 41.1643, 0
PixelHit 1289, 1577, 27.1678, 0
PixelHit 1289, 1578, 11.1509, 0
PixelHit 1289, 1579, 2.87187, 0
PixelHit 1290, 1574, 7.02665, 0
PixelHit 1290, 1575, 25.0497, 0
PixelHit 1290, 1576, 32.6457, 0
PixelHit 1290, 1577, 26.6586, 0
PixelHit 1290, 1578, 2.22624, 0
PixelHit 1290, 1579, 2.54069, 0
PixelHit 1291, 1573, 2.59817, 0
PixelHit 1291, 1574, 10.6152, 0
PixelHit 1291, 1575, 19.6294, 0
PixelHit 1291, 1576, 15.816, 0
PixelHit 1291, 1577, 15.2631, 0
PixelHit 1291, 1578, 2.21695, 0
PixelHit 1292, 1573, 7.94849, 0
PixelHit 1292, 1574, 14.1314, 0
PixelHit 1292, 1575, 23.7325, 0
PixelHit 1292, 1576, 20.479, 0
PixelHit 1292, 1577, 7.68644, 0
PixelHit 1293, 1573, 5.59116, 0
PixelHit 1293, 1574, 20.2776, 0
PixelHit 1293, 1575, 28.8647, 0
PixelHit 1293, 1576, 16.6076, 0
PixelHit 1293, 1577, 2.63039, 0
PixelHit 1294, 1572, 2.41209, 0
PixelHit 1294, 1573, 8.27385, 0
PixelHit 1294, 1574, 18.5873, 0
PixelHit 1294, 1575, 17.079, 0
PixelHit 1294, 1576, 2.3057, 0
PixelHit 1294, 1578, 2.91452, 0
PixelHit 1295, 1571, 1.45124, 0
PixelHit 1295, 1572, 4.76511, 0
PixelHit 1295, 1573, 7.94052, 0
PixelHit 1295, 1574, 8.76817, 0
PixelHit 1295, 1575, 13.8845, 0
PixelHit 1295, 1576, 3.9142, 0
PixelHit 1295, 1577, 1.42984, 0
PixelHit 1296, 1571, 1.49166, 0
PixelHit 1296, 1572, 23.7484, 0
PixelHit 1296, 1573, 26.1525, 0
PixelHit 1296, 1574, 32.626, 0
PixelHit 1296, 1575, 11.256, 0
PixelHit 1296, 1576, 0.250015, 0
PixelHit 1297, 1570, 2.42673, 0
PixelHit 1297, 1571, 11.1733, 0
PixelHit 1297, 1572, 29.9394, 0
PixelHit 1297, 1573, 47.6565, 0
PixelHit 1297, 1574, 24.826, 0
PixelHit 1297, 1575, 17.7808, 0
PixelHit 1297, 1576, 3.01175, 0
PixelHit 1298, 1571, 10.1922, 0
PixelHit 1298, 1572, 32.6808, 0
PixelHit 1298, 1573, 41.9075, 0
PixelHit 1298, 1574, 36.3238, 0
PixelHit 1298, 1575, 10.5884, 0
PixelHit 1298, 1576, 0.229647, 0
PixelHit 1299, 1570, 5.15294, 0
PixelHit 1299, 1571, 11.5931, 0
PixelHit 1299, 1572, 28.5841, 0
PixelHit 1299, 1573, 25.3066, 0
PixelHit 1299, 1574, 19.7361, 0
PixelHit 1299, 1575, 9.98157, 0
PixelHit 1300, 1570, 6.18193, 0
PixelHit 1300, 1571, 13.6505, 0
PixelHit 1300, 1572, 20.6821, 0
PixelHit 1300, 1573, 16.8377, 0
PixelHit 1300, 1574, 11.9435, 0
PixelHit 1300, 1576, 3.30141, 0
PixelHit 1301, 1570, 10.9898, 0
PixelHit 1301, 1571, 24.7893, 0
PixelHit 1301, 1572, 23.9554, 0
PixelHit 1301, 1573, 15.0441, 0
PixelHit 1301, 1574, 3.0264, 0
PixelHit 1302, 1568, 3.34993, 0
PixelHit 1302, 1569, 10.6329, 0
PixelHit 1302, 1570, 27.3565, 0
PixelHit 1302, 1571, 25.4898, 0
PixelHit 1302, 1572, 25.6492, 0
PixelHit 1302, 1573, 11.2284, 0
PixelHit 1303, 1568, 6.34427, 0
PixelHit 1303, 1569, 23.108, 0
PixelHit 1303, 1570, 34.8722, 0
PixelHit 1303, 1571, 29.3086, 0
PixelHit 1303, 1572, 25.7084, 0
PixelHit 1303, 1573, 8.18939, 0
PixelHit 1304, 1565, 0.952279, 0
PixelHit 1304, 1566, 1.10336, 0
PixelHit 1304, 1567, 7.5254, 0
PixelHit 1304, 1568, 15.8002, 0
PixelHit 1304, 1569, 26.3397, 0
PixelHit 1304, 1570, 42.3046, 0
PixelHit 1304, 1571, 28.7617, 0
PixelHit 1304, 1572, 16.1474, 0
PixelHit 1304, 1573, 3.29578, 0
PixelHit 1305, 1566, 1.92225, 0
PixelHit 1305, 1567, 9.62551, 0
PixelHit 1305, 1568, 15.708, 0
PixelHit 1305, 1569, 34.0371, 0
PixelHit 1305, 1570, 47.179, 0
PixelHit 1305, 1571, 20.926, 0
PixelHit 1305, 1572, 4.54744, 0
PixelHit 1305, 1573, 2.30983, 0
PixelHit 1306, 1566, 0.994313, 0
PixelHit 1306, 1567, 11.0856, 0
PixelHit 1306, 1568, 20.11, 0
PixelHit 1306, 1569, 36.8651, 0
PixelHit 1306, 1570, 26.2576, 0
PixelHit 1306, 1571, 8.45303, 0
PixelHit 1306, 1572, 3.55179, 0
PixelHit 1307, 1563, 0.653831, 0
PixelHit 1307, 1564, 0.842439, 0
PixelHit 1307, 1566, 1.06105, 0
PixelHit 1307, 1567, 11.2398, 0
PixelHit 1307, 1568, 20.7719, 0
PixelHit 1307, 1569, 22.572, 0
PixelHit 1307, 1570, 12.136, 0
PixelHit 1307, 1571, 2.73531, 0
PixelHit 1307, 1572, 2.07106, 0
PixelHit 1308, 1564, 6.06565, 0
PixelHit 1308, 1565, 9.04063, 0
PixelHit 1308, 1566, 15.7298, 0
PixelHit 1308, 1567, 9.71609, 0
PixelHit 1308, 1568, 11.2848, 0
PixelHit 1308, 1569, 8.88744, 0
PixelHit 1308, 1570, 1.01602, 0
PixelHit 1308, 1571, 2.77459, 0
PixelHit 1309, 1564, 19.2091, 0
PixelHit 1309, 1565, 16.5492, 0
PixelHit 1309, 1566, 19.838, 0
PixelHit 1309, 1567, 8.74925, 0
PixelHit 1309, 1568, 7.68132, 0
PixelHit 1310, 1560, 0.701016, 0
PixelHit 1310, 1562, 4.1444, 0
PixelHit 1310, 1563, 5.3269, 0
PixelHit 1310, 1564, 33.4499, 0
PixelHit 1310, 1565, 27.8848, 0
PixelHit 1310, 1566, 35.8034, 0
PixelHit 1310, 1567, 14.0458, 0
PixelHit 1310, 1568, 3.41174, 0
PixelHit 1311, 1560, 2.16863, 0
PixelHit 1311, 1561, 4.34215, 0
PixelHit 1311, 1562, 14.4274, 0
PixelHit 1311, 1563, 14.3481, 0
PixelHit 1311, 1564, 35.615, 0
PixelHit 1311, 1565, 35.1698, 0
PixelHit 1311, 1566, 26.8789, 0
PixelHit 1311, 1567, 16.0094, 0
PixelHit 1311, 1568, 1.53304, 0
PixelHit 1312, 1559, 2.26673, 0
PixelHit 1312, 1560, 5.18398, 0
PixelHit 1312, 1561, 16.4802, 0
PixelHit 1312, 1562, 33.6069, 0
PixelHit 1312, 1563, 44.7639, 0
PixelHit 1312, 1564, 27.0832, 0
PixelHit 1312, 1565, 21.7276, 0
PixelHit 1312, 1566, 16.5776, 0
PixelHit 1312, 1567, 5.94171, 0
PixelHit 1313, 1558, 2.03243, 0
PixelHit 1313, 1559, 2.07577, 0
PixelHit 1313, 1560, 10.9279, 0
PixelHit 1313, 1561, 34.2703, 0
PixelHit 1313, 1562, 54.5338, 0
PixelHit 1313, 1563, 52.3055, 0
PixelHit 1313, 1564, 30.6406, 0
PixelHit 1313, 1565, 17.2268, 0
PixelHit 1313, 1566, 5.65318, 0
PixelHit 1314, 1558, 3.33687, 0
PixelHit 1314, 1559, 6.08707, 0
PixelHit 1314, 1560, 18.5956, 0
PixelHit 1314, 1561, 40.5088, 0
PixelHit 1314, 1562, 61.844, 0
PixelHit 1314, 1563, 56.4913, 0
PixelHit 1314, 1564, 24.5797, 0
PixelHit 1314, 1565, 7.80066, 0
PixelHit 1314, 1567, 1.45064, 0
PixelHit 1315, 1557, 2.55807, 0
PixelHit 1315, 1558, 3.09272, 0
PixelHit 1315, 1559, 17.4279, 0
PixelHit 1315, 1560, 21.9431, 0
PixelHit 1315, 1561, 30.6544, 0
PixelHit 1315, 1562, 22.1718, 0
PixelHit 1315, 1563, 30.0123, 0
PixelHit 1315, 1564, 8.4868, 0
PixelHit 1315, 1565, 1.57222, 0
PixelHit 1315, 1566, 0.977923, 0
PixelHit 1316, 1557, 6.35652, 0
PixelHit 1316, 1558, 20.9098, 0
PixelHit 1316, 1559, 43.0816, 0
PixelHit 1316, 1560, 44.8719, 0
PixelHit 1316, 1561, 21.4657, 0
PixelHit 1316, 1562, 10.0654, 0
PixelHit 1316, 1563, 5.9136, 0
PixelHit 1317, 1556, 1.59064, 0
PixelHit 1317, 1557, 2.99654, 0
PixelHit 1317, 1558, 23.171, 0
PixelHit 1317, 1559, 58.2099, 0
PixelHit 1317, 1560, 35.3973, 0
PixelHit 1317, 1561, 25.8496, 0
PixelHit 1317, 1562, 1.45007, 0
PixelHit 1317, 1563, 3.2036, 0
PixelHit 1318, 1556, 2.89957, 0
PixelHit 1318, 1557, 6.69953, 0
PixelHit 1318, 1558, 13.1205, 0
PixelHit 1318, 1559, 20.6638, 0
PixelHit 1318, 1560, 24.7857, 0
PixelHit 1318, 1561, 9.15863, 0
PixelHit 1318, 1562, 4.2086, 0
PixelHit 1319, 1557, 2.16689, 0
PixelHit 1319, 1558, 4.25335, 0
PixelHit 1319, 1559, 12.8435, 0
PixelHit 1319, 1560, 4.58524, 0
PixelHit 1319, 1561, 3.38943, 0
PixelHit 1319, 1562, 0.79602, 0
PixelHit 1320, 1557, 1.6442, 0
PixelHit 1320, 1559, 1.4976, 0
=== 57 ===
=== 58 ===
=== 59 ===
--- mydetector ---
PixelHit 2247, 1229, 0.981952, 0
PixelHit 2248, 1230, 5.10043, 0
PixelHit 2248, 1231, 23.7202, 0
PixelHit 2248, 1232, 14.7639, 0
PixelHit 2248, 1233, 13.143, 0
PixelHit 2249, 1228, 1.15301, 0
PixelHit 2249, 1229, 6.41334, 0
PixelHit 2249, 1230, 41.4585, 0
PixelHit 2249, 1231, 128.818, 0
PixelHit 2249, 1232, 159.638, 0
PixelHit 2249, 1233, 89.6748, 0
PixelHit 2249, 1234, 22.6949, 0
PixelHit 2249, 1235, 4.26043, 0
PixelHit 2249, 1237, 0.534825, 0
PixelHit 2250, 1229, 10.9551, 0
PixelHit 2250, 1230, 117.584, 0
PixelHit 2250, 1231, 390.533, 0
PixelHit 2250, 1232, 537.431, 0
PixelHit 2250, 1233, 282.118, 0
PixelHit 2250, 1234, 97.5309, 0
PixelHit 2250, 1235, 66.4022, 0
PixelHit 2250, 1236, 61.249, 0
PixelHit 2250, 1237, 25.1334, 0
PixelHit 2250, 1238, 4.27773, 0
PixelHit 2250, 1239, 0.852205, 0
PixelHit 2251, 1229, 22.5996, 0
PixelHit 2251, 1230, 122.659, 0
PixelHit 2251, 1231, 434.66, 0
PixelHit 2251, 1232, 623.751, 0
PixelHit 2251, 1233, 404.224, 0
PixelHit 2251, 1234, 210.426, 0
PixelHit 2251, 1235, 249.093, 0
PixelHit 2251, 1236, 309.889, 0
PixelHit 2251, 1237, 82.6829, 0
PixelHit 2251, 1238, 27.2958, 0
PixelHit 2251, 1239, 29.5445, 0
PixelHit 2251, 1240, 23.3304, 0
PixelHit 2251, 1241, 3.09573, 0
PixelHit 2251, 1242, 2.13169, 0
PixelHit 2252, 1229, 7.81233, 0
PixelHit 2252, 1230, 68.3304, 0
PixelHit 2252, 1231, 252.063, 0
PixelHit 2252, 1232, 431.516, 0
PixelHit 2252, 1233, 380.604, 0
PixelHit 2252, 1234, 204.366, 0
PixelHit 2252, 1235, 265.289, 0
PixelHit 2252, 1236, 296.013, 0
PixelHit 2252, 1237, 97.2034, 0
PixelHit 2252, 1238, 64.8433, 0
PixelHit 2252, 1239, 94.7501, 0
PixelHit 2252, 1240, 82.3239, 0
PixelHit 2252, 1241, 41.3566, 0
PixelHit 2252, 1242, 20.4263, 0
PixelHit 2252, 1243, 2.73983, 0
PixelHit 2252, 1244, 2.23541, 0
PixelHit 2252, 1245, 2.26266, 0
PixelHit 2252, 1246, 1.29728, 0
PixelHit 2252, 1256, 4.72525, 0
PixelHit 2252, 1257, 3.95957, 0
PixelHit 2252, 1258, 3.44551, 0
PixelHit 2252, 1259, 11.3205, 0
PixelHit 2252, 1260, 8.52937, 0
PixelHit 2252, 1261, 2.7678, 0
PixelHit 2252, 1262, 0.169622, 0
PixelHit 2252, 1264, 0.962356, 0
PixelHit 2253, 1229, 6.48864, 0
PixelHit 2253, 1230, 22.386, 0
PixelHit 2253, 1231, 106.021, 0
PixelHit 2253, 1232, 205.866, 0
PixelHit 2253, 1233, 232.016, 0
PixelHit 2253, 1234, 149.521, 0
PixelHit 2253, 1235, 98.522, 0
PixelHit 2253, 1236, 51.3601, 0
PixelHit 2253, 1237, 23.2773, 0
PixelHit 2253, 1238, 35.7303, 0
PixelHit 2253, 1239, 74.6105, 0
PixelHit 2253, 1240, 85.4824, 0
PixelHit 2253, 1241, 57.7771, 0
PixelHit 2253, 1242, 73.4682, 0
PixelHit 2253, 1243, 46.6865, 0
PixelHit 2253, 1244, 32.654, 0
PixelHit 2253, 1245, 17.8755, 0
PixelHit 2253, 1246, 24.5653, 0
PixelHit 2253, 1247, 8.52893, 0
PixelHit 2253, 1248, 3.87291, 0
PixelHit 2253, 1249, 0.794789, 0
PixelHit 2253, 1253, 2.51346, 0
PixelHit 2253, 1254, 9.62419, 0
PixelHit 2253, 1255, 43.2622, 0
PixelHit 2253, 1256, 100.013, 0
PixelHit 2253, 1257, 72.9973, 0
PixelHit 2253, 1258, 61.8361, 0
PixelHit 2253, 1259, 57.2985, 0
PixelHit 2253, 1260, 72.4543, 0
PixelHit 2253, 1261, 74.3332, 0
PixelHit 2253, 1262, 18.7995, 0
PixelHit 2253, 1263, 5.46869, 0
PixelHit 2253, 1264, 4.1143, 0
PixelHit 2254, 1230, 3.69977, 0
PixelHit 2254, 1231, 43.3075, 0
PixelHit 2254, 1232, 75.1115, 0
PixelHit 2254, 1233, 98.9186, 0
PixelHit 2254, 1234, 67.7431, 0
PixelHit 2254, 1235, 34.8938, 0
PixelHit 2254, 1236, 5.45819, 0
PixelHit 2254, 1237, 4.42852, 0
PixelHit 2254, 1238, 4.86641, 0
PixelHit 2254, 1239, 13.7685, 0
PixelHit 2254, 1240, 21.8153, 0
PixelHit 2254, 1241, 32.2168, 0
PixelHit 2254, 1242, 55.3331, 0
PixelHit 2254, 1243, 83.3369, 0
PixelHit 2254, 1244, 86.2664, 0
PixelHit 2254, 1245, 174.474, 0
PixelHit 2254, 1246, 239.877, 0
PixelHit 2254, 1247, 80.4978, 0
PixelHit 2254, 1248, 26.1231, 0
PixelHit 2254, 1249, 18.1432, 0
PixelHit 2254, 1250, 33.8628, 0
PixelHit 2254, 1251, 30.107, 0
PixelHit 2254, 1252, 20.9951, 0
PixelHit 2254, 1253, 20.1043, 0
PixelHit 2254, 1254, 66.4892, 0
PixelHit 2254, 1255, 127.762, 0
PixelHit 2254, 1256, 188.349, 0
PixelHit 2254, 1257, 105.467, 0
PixelHit 2254, 1258, 36.8051, 0
PixelHit 2254, 1259, 23.5079, 0
PixelHit 2254, 1260, 25.1297, 0
PixelHit 2254, 1261, 57.5145, 0
PixelHit 2254, 1262, 42.6133, 0
PixelHit 2254, 1263, 35.6914, 0
PixelHit 2254, 1264, 60.5916, 0
PixelHit 2254, 1265, 47.8215, 0
PixelHit 2254, 1266, 21.355, 0
PixelHit 2254, 1267, 12.8962, 0
PixelHit 2254, 1268, 1.67507, 0
PixelHit 2255, 1231, 8.39692, 0
PixelHit 2255, 1232, 20.0081, 0
PixelHit 2255, 1233, 27.6226, 0
PixelHit 2255, 1234, 26.6814, 0
PixelHit 2255, 1235, 10.2343, 0
PixelHit 2255, 1236, 3.37672, 0
PixelHit 2255, 1239, 0.564859, 0
PixelHit 2255, 1240, 2.88107, 0
PixelHit 2255, 1241, 5.32391, 0
PixelHit 2255, 1242, 11.193, 0
PixelHit 2255, 1243, 25.6461, 0
PixelHit 2255, 1244, 60.1897, 0
PixelHit 2255, 1245, 256.993, 0
PixelHit 2255, 1246, 376.623, 0
PixelHit 2255, 1247, 175.004, 0
PixelHit 2255, 1248, 99.8378, 0
PixelHit 2255, 1249, 94.4705, 0
PixelHit 2255, 1250, 129.615, 0
PixelHit 2255, 1251, 148.822, 0
PixelHit 2255, 1252, 68.3734, 0
PixelHit 2255, 1253, 28.8516, 0
PixelHit 2255, 1254, 50.6536, 0
PixelHit 2255, 1255, 44.3839, 0
PixelHit 2255, 1256, 33.4154, 0
PixelHit 2255, 1257, 15.6359, 0
PixelHit 2255, 1258, 2.1479, 0
PixelHit 2255, 1260, 1.0719, 0
PixelHit 2255, 1262, 1.10573, 0
PixelHit 2255, 1263, 3.52849, 0
PixelHit 2255, 1264, 21.6949, 0
PixelHit 2255, 1265, 49.8479, 0
PixelHit 2255, 1266, 116.25, 0
PixelHit 2255, 1267, 125.727, 0
PixelHit 2255, 1268, 86.8402, 0
PixelHit 2255, 1269, 31.5118, 0
PixelHit 2255, 1270, 11.7549, 0
PixelHit 2255, 1271, 1.31545, 0
PixelHit 2256, 1233, 3.38366, 0
PixelHit 2256, 1234, 6.43813, 0
PixelHit 2256, 1235, 4.31592, 0
PixelHit 2256, 1243, 4.49028, 0
PixelHit 2256, 1244, 9.27838, 0
PixelHit 2256, 1245, 73.1551, 0
PixelHit 2256, 1246, 124.927, 0
PixelHit 2256, 1247, 58.6396, 0
PixelHit 2256, 1248, 45.8027, 0
PixelHit 2256, 1249, 59.3158, 0
PixelHit 2256, 1250, 70.8884, 0
PixelHit 2256, 1251, 70.0178, 0
PixelHit 2256, 1252, 37.8437, 0
PixelHit 2256, 1253, 10.0541, 0
PixelHit 2256, 1255, 0.573875, 0
PixelHit 2256, 1266, 7.43935, 0
PixelHit 2256, 1267, 20.9448, 0
PixelHit 2256, 1268, 31.9279, 0
PixelHit 2256, 1269, 50.4994, 0
PixelHit 2256, 1270, 53.9687, 0
PixelHit 2256, 1271, 48.5453, 0
PixelHit 2256, 1272, 65.1098, 0
PixelHit 2256, 1273, 89.3651, 0
PixelHit 2256, 1274, 70.1368, 0
PixelHit 2256, 1275, 2.90107, 0
PixelHit 2256, 1276, 2.51298, 0
PixelHit 2257, 1235, 1.88889, 0
PixelHit 2257, 1245, 3.87354, 0
PixelHit 2257, 1246, 4.65087, 0
PixelHit 2257, 1247, 2.69082, 0
PixelHit 2257, 1248, 4.41282, 0
PixelHit 2257, 1249, 3.674, 0
PixelHit 2257, 1250, 3.76007, 0
PixelHit 2257, 1251, 2.55136, 0
PixelHit 2257, 1270, 2.1154, 0
PixelHit 2257, 1271, 8.52927, 0
PixelHit 2257, 1272, 32.4694, 0
PixelHit 2257, 1273, 153.501, 0
PixelHit 2257, 1274, 245.17, 0
PixelHit 2257, 1275, 32.446, 0
PixelHit 2257, 1276, 237.547, 0
PixelHit 2257, 1277, 46.435, 0
PixelHit 2257, 1278, 16.6656, 0
PixelHit 2257, 1279, 137.09, 0
PixelHit 2257, 1280, 95.9425, 0
PixelHit 2257, 1281, 21.5171, 0
PixelHit 2257, 1282, 56.6173, 0
PixelHit 2257, 1283, 136.822, 0
PixelHit 2257, 1284, 26.9261, 0
PixelHit 2257, 1285, 3.67906, 0
PixelHit 2257, 1286, 6.18039, 0
PixelHit 2258, 1250, 3.69592, 0
PixelHit 2258, 1273, 1.60444, 0
PixelHit 2258, 1274, 3.22326, 0
PixelHit 2258, 1275, 9.23573, 0
PixelHit 2258, 1276, 131.347, 0
PixelHit 2258, 1277, 55.3473, 0
PixelHit 2258, 1278, 32.1285, 0
PixelHit 2258, 1279, 170.42, 0
PixelHit 2258, 1280, 94.9113, 0
PixelHit 2258, 1281, 22.8992, 0
PixelHit 2258, 1282, 90.4544, 0
PixelHit 2258, 1283, 338.353, 0
PixelHit 2258, 1284, 114.549, 0
PixelHit 2258, 1285, 119.511, 0
PixelHit 2258, 1286, 71.0815, 0
PixelHit 2258, 1287, 19.9296, 0
PixelHit 2258, 1288, 18.9921, 0
PixelHit 2259, 1285, 6.48369, 0
PixelHit 2259, 1286, 10.4003, 0
PixelHit 2259, 1287, 28.4967, 0
PixelHit 2259, 1288, 108.224, 0
PixelHit 2259, 1289, 110.611, 0
PixelHit 2260, 1287, 2.52662, 0
PixelHit 2260, 1288, 1.97881, 0
PixelHit 2260, 1289, 3.07479, 0
=== 60 ===
=== 61 ===
=== 62 ===
=== 63 ===
=== 64 ===
=== 65 ===
=== 66 ===
=== 67 ===
=== 68 ===
=== 69 ===
=== 70 ===
=== 71 ===
=== 72 ===
=== 73 ===
=== 74 ===
--- mydetector ---
PixelHit 1353, 1877, 1.6712, 0
PixelHit 1354, 1874, 5.15923, 0
PixelHit 1354, 1875, 2.62404, 0
PixelHit 1354, 1876, 3.33059, 0
PixelHit 1355, 1873, 4.71229, 0
PixelHit 1355, 1874, 11.8318, 0
PixelHit 1355, 1875, 9.01763, 0
PixelHit 1355, 1877, 4.34203, 0
PixelHit 1356, 1872, 3.72098, 0
PixelHit 1356, 1873, 16.9395, 0
PixelHit 1356, 1874, 24.2956, 0
PixelHit 1356, 1875, 22.0251, 0
PixelHit 1356, 1876, 14.3958, 0
PixelHit 1356, 1877, 1.7026, 0
PixelHit 1357, 1872, 7.68963, 0
PixelHit 1357, 1873, 19.0097, 0
PixelHit 1357, 1874, 31.1813, 0
PixelHit 1357, 1875, 33.7107, 0
PixelHit 1357, 1876, 13.7748, 0
PixelHit 1357, 1877, 5.10738, 0
PixelHit 1357, 1879, 2.2989, 0
PixelHit 1358, 1871, 3.05069, 0
PixelHit 1358, 1872, 8.72543, 0
PixelHit 1358, 1873, 25.4806, 0
PixelHit 1358, 1874, 40.4486, 0
PixelHit 1358, 1875, 19.6789, 0
PixelHit 1358, 1876, 6.66558, 0
PixelHit 1359, 1870, 3.45837, 0
PixelHit 1359, 1871, 7.83896, 0
PixelHit 1359, 1872, 8.66584, 0
PixelHit 1359, 1873, 27.9351, 0
PixelHit 1359, 1874, 13.8601, 0
PixelHit 1359, 1875, 16.2464, 0
PixelHit 1359, 1876, 3.58992, 0
PixelHit 1360, 1869, 4.35975, 0
PixelHit 1360, 1870, 6.68035, 0
PixelHit 1360, 1871, 21.0669, 0
PixelHit 1360, 1872, 28.5187, 0
PixelHit 1360, 1873, 16.3608, 0
PixelHit 1360, 1874, 17.3922, 0
PixelHit 1360, 1875, 6.75022, 0
PixelHit 1361, 1868, 0.770029, 0
PixelHit 1361, 1869, 2.28819, 0
PixelHit 1361, 1870, 17.628, 0
PixelHit 1361, 1871, 40.8555, 0
PixelHit 1361, 1872, 44.3484, 0
PixelHit 1361, 1873, 22.5834, 0
PixelHit 1361, 1874, 12.521, 0
PixelHit 1361, 1875, 3.72092, 0
PixelHit 1362, 1868, 3.18301, 0
PixelHit 1362, 1869, 9.73814, 0
PixelHit 1362, 1870, 24.8435, 0
PixelHit 1362, 1871, 43.3819, 0
PixelHit 1362, 1872, 36.6916, 0
PixelHit 1362, 1873, 17.2853, 0
PixelHit 1362, 1874, 3.69011, 0
PixelHit 1362, 1875, 1.14724, 0
PixelHit 1363, 1867, 2.62598, 0
PixelHit 1363, 1868, 3.51672, 0
PixelHit 1363, 1869, 19.078, 0
PixelHit 1363, 1870, 24.4002, 0
PixelHit 1363, 1871, 37.9069, 0
PixelHit 1363, 1872, 21.5053, 0
PixelHit 1363, 1873, 3.42616, 0
PixelHit 1363, 1874, 2.36992, 0
PixelHit 1364, 1867, 2.41899, 0
PixelHit 1364, 1868, 15.5031, 0
PixelHit 1364, 1869, 21.3282, 0
PixelHit 1364, 1870, 31.1252, 0
PixelHit 1364, 1871, 16.5907, 0
PixelHit 1364, 1872, 11.9533, 0
PixelHit 1364, 1873, 4.51138, 0
PixelHit 1365, 1866, 1.27579, 0
PixelHit 1365, 1867, 3.00391, 0
PixelHit 1365, 1868, 9.63541, 0
PixelHit 1365, 1869, 26.7963, 0
PixelHit 1365, 1870, 24.5603, 0
PixelHit 1365, 1871, 17.6606, 0
PixelHit 1365, 1872, 4.31483, 0
PixelHit 1366, 1865, 2.01885, 0
PixelHit 1366, 1866, 1.03464, 0
PixelHit 1366, 1867, 8.8725, 0
PixelHit 1366, 1868, 18.7342, 0
PixelHit 1366, 1869, 24.7217, 0
PixelHit 1366, 1870, 17.5384, 0
PixelHit 1366, 1871, 4.0756, 0
PixelHit 1366, 1872, 1.74325, 0
PixelHit 1367, 1865, 4.41398, 0
PixelHit 1367, 1866, 10.6417, 0
PixelHit 1367, 1867, 19.1838, 0
PixelHit 1367, 1868, 27.3697, 0
PixelHit 1367, 1869, 19.8635, 0
PixelHit 1367, 1870, 16.5698, 0
PixelHit 1367, 1871, 6.38073, 0
PixelHit 1367, 1872, 1.01306, 0
PixelHit 1368, 1864, 6.86237, 0
PixelHit 1368, 1865, 5.84654, 0
PixelHit 1368, 1866, 26.1249, 0
PixelHit 1368, 1867, 26.4886, 0
PixelHit 1368, 1868, 27.6076, 0
PixelHit 1368, 1869, 14.381, 0
PixelHit 1368, 1870, 2.46562, 0
PixelHit 1369, 1863, 1.71779, 0
PixelHit 1369, 1864, 12.5868, 0
PixelHit 1369, 1865, 18.9289, 0
PixelHit 1369, 1866, 29.8816, 0
PixelHit 1369, 1867, 30.6587, 0
PixelHit 1369, 1868, 19.694, 0
PixelHit 1369, 1869, 10.0634, 0
PixelHit 1369, 1870, 4.07753, 0
PixelHit 1370, 1862, 0.919617, 0
PixelHit 1370, 1863, 4.50216, 0
PixelHit 1370, 1864, 22.0942, 0
PixelHit 1370, 1865, 29.1601, 0
PixelHit 1370, 1866, 36.8327, 0
PixelHit 1370, 1867, 24.2832, 0
PixelHit 1370, 1868, 11.9003, 0
PixelHit 1370, 1869, 4.54774, 0
PixelHit 1370, 1870, 1.91872, 0
PixelHit 1371, 1862, 2.54735, 0
PixelHit 1371, 1863, 11.2245, 0
PixelHit 1371, 1864, 25.0343, 0
PixelHit 1371, 1865, 40.2721, 0
PixelHit 1371, 1866, 34.0966, 0
PixelHit 1371, 1867, 18.4714, 0
PixelHit 1371, 1868, 5.48831, 0
PixelHit 1372, 1862, 6.39832, 0
PixelHit 1372, 1863, 22.3258, 0
PixelHit 1372, 1864, 32.5009, 0
PixelHit 1372, 1865, 33.2386, 0
PixelHit 1372, 1866, 19.098, 0
PixelHit 1372, 1867, 3.27002, 0
PixelHit 1373, 1859, 3.53341, 0
PixelHit 1373, 1860, 3.48296, 0
PixelHit 1373, 1861, 11.4301, 0
PixelHit 1373, 1862, 18.3311, 0
PixelHit 1373, 1863, 22.6204, 0
PixelHit 1373, 1864, 18.3785, 0
PixelHit 1373, 1865, 14.4659, 0
PixelHit 1373, 1866, 5.04656, 0
PixelHit 1374, 1859, 9.10692, 0
PixelHit 1374, 1860, 15.9869, 0
PixelHit 1374, 1861, 26.5698, 0
PixelHit 1374, 1862, 33.4947, 0
PixelHit 1374, 1863, 28.2613, 0
PixelHit 1374, 1864, 21.0724, 0
PixelHit 1374, 1865, 5.66088, 0
PixelHit 1374, 1866, 4.49783, 0
PixelHit 1375, 1858, 1.68593, 0
PixelHit 1375, 1859, 10.1506, 0
PixelHit 1375, 1860, 37.492, 0
PixelHit 1375, 1861, 52.818, 0
PixelHit 1375, 1862, 59.4671, 0
PixelHit 1375, 1863, 35.5132, 0
PixelHit 1375, 1864, 16.5613, 0
PixelHit 1375, 1865, 5.22906, 0
PixelHit 1376, 1859, 11.8709, 0
PixelHit 1376, 1860, 34.6551, 0
PixelHit 1376, 1861, 60.1857, 0
PixelHit 1376, 1862, 62.6066, 0
PixelHit 1376, 1863, 29.1651, 0
PixelHit 1376, 1864, 6.00399, 0
PixelHit 1376, 1865, 3.20219, 0
PixelHit 1377, 1858, 5.48611, 0
PixelHit 1377, 1859, 16.7939, 0
PixelHit 1377, 1860, 22.5629, 0
PixelHit 1377, 1861, 48.2596, 0
PixelHit 1377, 1862, 48.2979, 0
PixelHit 1377, 1863, 11.8386, 0
PixelHit 1377, 1864, 4.90121, 0
PixelHit 1378, 1857, 5.95842, 0
PixelHit 1378, 1858, 13.6793, 0
PixelHit 1378, 1859, 7.63733, 0
PixelHit 1378, 1860, 9.91677, 0
PixelHit 1378, 1861, 10.4291, 0
PixelHit 1378, 1862, 12.5904, 0
PixelHit 1378, 1863, 3.31842, 0
PixelHit 1378, 1864, 1.58506, 0
PixelHit 1379, 1855, 1.42708, 0
PixelHit 1379, 1856, 4.85314, 0
PixelHit 1379, 1857, 9.34757, 0
PixelHit 1379, 1858, 13.5838, 0
PixelHit 1379, 1859, 24.4625, 0
PixelHit 1379, 1860, 9.63017, 0
PixelHit 1379, 1861, 7.94331, 0
PixelHit 1379, 1862, 2.24551, 0
PixelHit 1380, 1856, 4.61705, 0
PixelHit 1380, 1857, 20.2667, 0
PixelHit 1380, 1858, 20.6363, 0
PixelHit 1380, 1859, 11.6761, 0
PixelHit 1380, 1860, 10.9444, 0
PixelHit 1381, 1854, 1.05954, 0
PixelHit 1381, 1855, 1.53602, 0
PixelHit 1381, 1856, 11.0317, 0
PixelHit 1381, 1857, 17.4917, 0
PixelHit 1381, 1858, 20.6089, 0
PixelHit 1381, 1859, 16.5471, 0
PixelHit 1381, 1860, 7.81126, 0
PixelHit 1382, 1854, 1.33011, 0
PixelHit 1382, 1855, 5.32146, 0
PixelHit 1382, 1856, 6.16576, 0
PixelHit 1382, 1857, 12.1535, 0
PixelHit 1382, 1858, 8.85472, 0
PixelHit 1382, 1859, 5.2289, 0
PixelHit 1383, 1856, 3.67133, 0
PixelHit 1383, 1857, 2.91297, 0
PixelHit 1383, 1858, 3.03635, 0
PixelHit 1383, 1859, 2.44018, 0
PixelHit 1383, 1860, 1.77611, 0
PixelHit 1384, 1856, 1.70634, 0
=== 75 ===
=== 76 ===
=== 77 ===
=== 78 ===
=== 79 ===
=== 80 ===
=== 81 ===
=== 82 ===
=== 83 ===
=== 84 ===
=== 85 ===
=== 86 ===
=== 87 ===
--- mydetector ---
PixelHit 2510, 692, 16.3105, 0
PixelHit 2510, 693, 2.51037, 0
PixelHit 2511, 691, 4.66496, 0
PixelHit 2511, 692, 147.393, 0
PixelHit 2511, 693, 1.23091, 0
PixelHit 2512, 691, 2.65129, 0
PixelHit 2512, 692, 112.622, 0
PixelHit 2512, 693, 9.24853, 0
PixelHit 2513, 691, 9.69429, 0
PixelHit 2513, 692, 72.2502, 0
PixelHit 2513, 693, 28.3317, 0
PixelHit 2514, 691, 11.5637, 0
PixelHit 2514, 692, 112.061, 0
PixelHit 2514, 693, 80.0324, 0
PixelHit 2514, 694, 1.3565, 0
PixelHit 2515, 691, 11.8278, 0
PixelHit 2515, 692, 143.206, 0
PixelHit 2515, 693, 152.242, 0
PixelHit 2515, 694, 10.2376, 0
PixelHit 2516, 691, 6.73444, 0
PixelHit 2516, 692, 97.7259, 0
PixelHit 2516, 693, 75.0097, 0
PixelHit 2516, 694, 10.8261, 0
PixelHit 2517, 691, 12.2136, 0
PixelHit 2517, 692, 46.9134, 0
PixelHit 2517, 693, 38.247, 0
PixelHit 2518, 690, 2.6561, 0
PixelHit 2518, 691, 39.9822, 0
PixelHit 2518, 692, 54.9633, 0
PixelHit 2518, 693, 26.173, 0
PixelHit 2518, 694, 6.13601, 0
PixelHit 2519, 689, 1.57298, 0
PixelHit 2519, 690, 10.8706, 0
PixelHit 2519, 691, 56.5383, 0
PixelHit 2519, 692, 81.1459, 0
PixelHit 2519, 693, 38.639, 0
PixelHit 2519, 694, 3.27782, 0
PixelHit 2520, 688, 2.79964, 0
PixelHit 2520, 689, 4.16533, 0
PixelHit 2520, 690, 21.4488, 0
PixelHit 2520, 691, 69.1814, 0
PixelHit 2520, 692, 89.2753, 0
PixelHit 2520, 693, 27.9423, 0
PixelHit 2520, 694, 2.28333, 0
PixelHit 2521, 688, 3.12749, 0
PixelHit 2521, 689, 5.13929, 0
PixelHit 2521, 690, 49.183, 0
PixelHit 2521, 691, 78.5425, 0
PixelHit 2521, 692, 71.8643, 0
PixelHit 2521, 693, 16.8863, 0
PixelHit 2521, 694, 1.79099, 0
PixelHit 2522, 688, 1.92868, 0
PixelHit 2522, 689, 8.44401, 0
PixelHit 2522, 690, 66.1322, 0
PixelHit 2522, 691, 108.449, 0
PixelHit 2522, 692, 62.7747, 0
PixelHit 2522, 693, 15.3292, 0
PixelHit 2522, 694, 0.984954, 0
PixelHit 2523, 688, 5.70498, 0
PixelHit 2523, 689, 24.219, 0
PixelHit 2523, 690, 79.2324, 0
PixelHit 2523, 691, 104.161, 0
PixelHit 2523, 692, 68.0562, 0
PixelHit 2523, 693, 15.2893, 0
PixelHit 2523, 694, 2.64425, 0
PixelHit 2524, 687, 4.99432, 0
PixelHit 2524, 688, 3.7541, 0
PixelHit 2524, 689, 26.4333, 0
PixelHit 2524, 690, 66.2097, 0
PixelHit 2524, 691, 95.1238, 0
PixelHit 2524, 692, 36.582, 0
PixelHit 2524, 693, 13.6127, 0
PixelHit 2525, 688, 7.32888, 0
PixelHit 2525, 689, 30.0733, 0
PixelHit 2525, 690, 79.5271, 0
PixelHit 2525, 691, 73.0099, 0
PixelHit 2525, 692, 37.319, 0
PixelHit 2525, 693, 10.9859, 0
PixelHit 2526, 687, 2.32477, 0
PixelHit 2526, 688, 13.0476, 0
PixelHit 2526, 689, 32.4558, 0
PixelHit 2526, 690, 71.4696, 0
PixelHit 2526, 691, 69.5596, 0
PixelHit 2526, 692, 21.0241, 0
PixelHit 2526, 693, 6.26493, 0
PixelHit 2526, 694, 1.39059, 0
PixelHit 2527, 687, 1.11172, 0
PixelHit 2527, 688, 12.4137, 0
PixelHit 2527, 689, 20.4378, 0
PixelHit 2527, 690, 39.5836, 0
PixelHit 2527, 691, 24.3934, 0
PixelHit 2527, 692, 8.41941, 0
PixelHit 2528, 688, 1.78812, 0
PixelHit 2528, 689, 6.8539, 0
PixelHit 2528, 690, 6.20589, 0
PixelHit 2528, 691, 6.73636, 0
PixelHit 2528, 692, 0.911737, 0
PixelHit 2529, 688, 2.47658, 0
PixelHit 2529, 689, 1.89837, 0
PixelHit 2529, 691, 4.25149, 0
PixelHit 2529, 692, 1.13362, 0
=== 88 ===
=== 89 ===
=== 90 ===
=== 91 ===
=== 92 ===
=== 93 ===
=== 94 ===
=== 95 ===
=== 96 ===
=== 97 ===
=== 98 ===
=== 99 ===
=== 100 ===
# 2991 objects from 7 messages
