# Allpix Squared ASCII data - https://cern.ch/allpix-squared

=== 1 ===
=== 2 ===
=== 3 ===
=== 4 ===
=== 5 ===
=== 6 ===
=== 7 ===
=== 8 ===
=== 9 ===
=== 10 ===
=== 11 ===
=== 12 ===
--- mydetector ---
PixelHit 1131, 259, 1.54362, 0
PixelHit 1132, 256, 0.877074, 0
PixelHit 1133, 259, 6.1451, 0
PixelHit 1133, 260, 4.47743, 0
PixelHit 1134, 255, 1.89656, 0
PixelHit 1134, 256, 4.07565, 0
PixelHit 1134, 257, 6.53607, 0
PixelHit 1134, 258, 9.79595, 0
PixelHit 1134, 259, 3.72931, 0
PixelHit 1134, 260, 3.24921, 0
PixelHit 1135, 256, 3.60633, 0
PixelHit 1135, 257, 13.9924, 0
PixelHit 1135, 258, 14.4304, 0
PixelHit 1135, 259, 6.28916, 0
PixelHit 1135, 260, 4.37161, 0
PixelHit 1136, 255, 3.73176, 0
PixelHit 1136, 257, 14.9872, 0
PixelHit 1136, 258, 22.8253, 0
PixelHit 1136, 259, 12.4867, 0
PixelHit 1136, 260, 3.58356, 0
PixelHit 1136, 261, 1.06052, 0
PixelHit 1137, 256, 6.32857, 0
PixelHit 1137, 257, 14.0766, 0
PixelHit 1137, 258, 23.8927, 0
PixelHit 1137, 259, 22.4544, 0
PixelHit 1137, 260, 5.14206, 0
PixelHit 1137, 261, 1.39058, 0
PixelHit 1138, 255, 1.86702, 0
PixelHit 1138, 256, 2.10104, 0
PixelHit 1138, 257, 6.10902, 0
PixelHit 1138, 258, 26.92, 0
PixelHit 1138, 259, 13.0081, 0
PixelHit 1138, 260, 6.61656, 0
PixelHit 1139, 255, 1.7093, 0
PixelHit 1139, 257, 3.31768, 0
PixelHit 1139, 258, 6.04362, 0
PixelHit 1139, 259, 9.60472, 0
PixelHit 1139, 260, 2.20001, 0
PixelHit 1139, 261, 2.34856, 0
PixelHit 1140, 257, 3.62407, 0
PixelHit 1140, 258, 10.1875, 0
PixelHit 1140, 259, 14.5856, 0
PixelHit 1140, 260, 5.46698, 0
PixelHit 1140, 261, 3.56822, 0
PixelHit 1140, 262, 3.17439, 0
PixelHit 1141, 256, 2.7829, 0
PixelHit 1141, 257, 4.54533, 0
PixelHit 1141, 258, 10.2453, 0
PixelHit 1141, 259, 19.0805, 0
PixelHit 1141, 260, 6.82994, 0
PixelHit 1141, 261, 2.25414, 0
PixelHit 1142, 256, 1.93239, 0
PixelHit 1142, 257, 4.90741, 0
PixelHit 1142, 258, 11.09, 0
PixelHit 1142, 259, 18.1943, 0
PixelHit 1142, 260, 16.1789, 0
PixelHit 1142, 261, 8.47892, 0
PixelHit 1142, 262, 3.75979, 0
PixelHit 1143, 256, 1.16413, 0
PixelHit 1143, 257, 6.24576, 0
PixelHit 1143, 258, 14.0082, 0
PixelHit 1143, 259, 27.9374, 0
PixelHit 1143, 260, 22.0199, 0
PixelHit 1143, 261, 12.737, 0
PixelHit 1143, 262, 0.847798, 0
PixelHit 1144, 256, 3.02597, 0
PixelHit 1144, 257, 14.123, 0
PixelHit 1144, 258, 41.6122, 0
PixelHit 1144, 259, 53.0794, 0
PixelHit 1144, 260, 40.6014, 0
PixelHit 1144, 261, 20.7419, 0
PixelHit 1145, 256, 4.116, 0
PixelHit 1145, 257, 24.9821, 0
PixelHit 1145, 258, 51.3479, 0
PixelHit 1145, 259, 87.4808, 0
PixelHit 1145, 260, 68.862, 0
PixelHit 1145, 261, 27.5658, 0
PixelHit 1145, 262, 3.49409, 0
PixelHit 1145, 264, 1.66094, 0
PixelHit 1146, 256, 3.02778, 0
PixelHit 1146, 257, 16.7584, 0
PixelHit 1146, 258, 38.2745, 0
PixelHit 1146, 259, 62.3575, 0
PixelHit 1146, 260, 42.8296, 0
PixelHit 1146, 261, 19.0464, 0
PixelHit 1146, 262, 3.1697, 0
PixelHit 1147, 256, 2.02497, 0
PixelHit 1147, 257, 5.32206, 0
PixelHit 1147, 258, 8.39069, 0
PixelHit 1147, 259, 17.4292, 0
PixelHit 1147, 260, 21.631, 0
PixelHit 1147, 261, 4.29463, 0
PixelHit 1147, 262, 0.827852, 0
PixelHit 1148, 259, 2.90045, 0
PixelHit 1148, 261, 4.19105, 0
=== 13 ===
=== 14 ===
=== 15 ===
=== 16 ===
=== 17 ===
=== 18 ===
=== 19 ===
=== 20 ===
=== 21 ===
=== 22 ===
=== 23 ===
=== 24 ===
=== 25 ===
=== 26 ===
=== 27 ===
=== 28 ===
=== 29 ===
=== 30 ===
=== 31 ===
=== 32 ===
=== 33 ===
=== 34 ===
=== 35 ===
=== 36 ===
=== 37 ===
=== 38 ===
=== 39 ===
--- mydetector ---
PixelHit 1992, 166, 1.11235, 0
PixelHit 1992, 169, 3.42965, 0
PixelHit 1993, 167, 3.0575, 0
PixelHit 1993, 168, 9.19677, 0
PixelHit 1993, 169, 7.96513, 0
PixelHit 1993, 170, 5.73557, 0
PixelHit 1994, 166, 7.57081, 0
PixelHit 1994, 167, 8.15583, 0
PixelHit 1994, 168, 30.9806, 0
PixelHit 1994, 169, 32.9177, 0
PixelHit 1994, 170, 13.493, 0
PixelHit 1994, 171, 5.64837, 0
PixelHit 1995, 166, 1.1429, 0
PixelHit 1995, 167, 15.1751, 0
PixelHit 1995, 168, 46.1914, 0
PixelHit 1995, 169, 51.7612, 0
PixelHit 1995, 170, 25.4246, 0
PixelHit 1995, 171, 8.71567, 0
PixelHit 1996, 167, 22.6785, 0
PixelHit 1996, 168, 40.1345, 0
PixelHit 1996, 169, 52.8196, 0
PixelHit 1996, 170, 29.6167, 0
PixelHit 1996, 171, 7.30197, 0
PixelHit 1996, 172, 4.34558, 0
PixelHit 1997, 166, 3.21641, 0
PixelHit 1997, 167, 16.0693, 0
PixelHit 1997, 168, 19.9223, 0
PixelHit 1997, 169, 20.4181, 0
PixelHit 1997, 170, 23.4865, 0
PixelHit 1997, 171, 4.43156, 0
PixelHit 1998, 166, 1.51209, 0
PixelHit 1998, 167, 9.13285, 0
PixelHit 1998, 168, 10.0013, 0
PixelHit 1998, 169, 16.7154, 0
PixelHit 1998, 170, 6.9891, 0
PixelHit 1998, 171, 4.41969, 0
PixelHit 1999, 165, 1.83028, 0
PixelHit 1999, 166, 6.68362, 0
PixelHit 1999, 167, 11.1452, 0
PixelHit 1999, 168, 13.4018, 0
PixelHit 1999, 169, 12.4432, 0
PixelHit 1999, 170, 4.58683, 0
PixelHit 2000, 166, 4.86734, 0
PixelHit 2000, 167, 9.47992, 0
PixelHit 2000, 168, 12.0176, 0
PixelHit 2000, 169, 5.05757, 0
PixelHit 2000, 170, 4.13341, 0
PixelHit 2001, 166, 9.22271, 0
PixelHit 2001, 167, 22.0148, 0
PixelHit 2001, 168, 12.3384, 0
PixelHit 2001, 169, 11.0182, 0
PixelHit 2001, 170, 1.63965, 0
PixelHit 2002, 164, 1.79066, 0
PixelHit 2002, 166, 8.35454, 0
PixelHit 2002, 167, 17.793, 0
PixelHit 2002, 168, 17.5846, 0
PixelHit 2002, 169, 8.45356, 0
PixelHit 2003, 165, 3.26503, 0
PixelHit 2003, 166, 4.90211, 0
PixelHit 2003, 167, 16.9162, 0
PixelHit 2003, 168, 15.6805, 0
PixelHit 2003, 169, 10.103, 0
PixelHit 2003, 170, 3.84006, 0
PixelHit 2004, 165, 1.53767, 0
PixelHit 2004, 166, 10.8987, 0
PixelHit 2004, 167, 24.572, 0
PixelHit 2004, 168, 11.4156, 0
PixelHit 2004, 169, 10.3965, 0
PixelHit 2005, 165, 4.07297, 0
PixelHit 2005, 166, 12.8078, 0
PixelHit 2005, 167, 10.361, 0
PixelHit 2005, 168, 16.2799, 0
PixelHit 2005, 169, 7.07755, 0
PixelHit 2006, 163, 1.54373, 0
PixelHit 2006, 165, 1.89037, 0
PixelHit 2006, 166, 9.38228, 0
PixelHit 2006, 167, 16.4332, 0
PixelHit 2006, 168, 3.87474, 0
PixelHit 2006, 169, 4.5217, 0
PixelHit 2007, 164, 2.50862, 0
PixelHit 2007, 166, 13.2485, 0
PixelHit 2007, 167, 15.4388, 0
PixelHit 2007, 168, 8.30865, 0
PixelHit 2007, 169, 4.37839, 0
PixelHit 2008, 163, 0.770463, 0
PixelHit 2008, 164, 3.68522, 0
PixelHit 2008, 166, 5.73309, 0
PixelHit 2008, 167, 5.01869, 0
PixelHit 2008, 168, 4.64917, 0
PixelHit 2008, 169, 0.359702, 0
PixelHit 2009, 165, 9.24254, 0
PixelHit 2009, 166, 8.36174, 0
PixelHit 2009, 167, 6.4711, 0
PixelHit 2009, 168, 5.31005, 0
PixelHit 2010, 163, 4.40362, 0
PixelHit 2010, 164, 9.37018, 0
PixelHit 2010, 165, 29.3443, 0
PixelHit 2010, 166, 14.2124, 0
PixelHit 2010, 167, 9.89498, 0
PixelHit 2011, 163, 9.3875, 0
PixelHit 2011, 164, 34.961, 0
PixelHit 2011, 165, 46.1322, 0
PixelHit 2011, 166, 54.4784, 0
PixelHit 2011, 167, 20.9314, 0
PixelHit 2011, 168, 8.98851, 0
PixelHit 2012, 162, 1.78113, 0
PixelHit 2012, 163, 6.03075, 0
PixelHit 2012, 164, 22.5784, 0
PixelHit 2012, 165, 69.945, 0
PixelHit 2012, 166, 43.7353, 0
PixelHit 2012, 167, 22.1457, 0
PixelHit 2012, 168, 6.26049, 0
PixelHit 2013, 163, -0.121124, 0
PixelHit 2013, 164, 23.0503, 0
PixelHit 2013, 165, 37.0704, 0
PixelHit 2013, 166, 28.2496, 0
PixelHit 2013, 167, 17.5242, 0
PixelHit 2013, 168, 3.82527, 0
PixelHit 2013, 169, 1.84574, 0
PixelHit 2014, 162, 2.43678, 0
PixelHit 2014, 163, 4.58737, 0
PixelHit 2014, 164, 21.5038, 0
PixelHit 2014, 165, 16.3667, 0
PixelHit 2014, 166, 18.1506, 0
PixelHit 2014, 167, 5.61605, 0
PixelHit 2014, 168, 2.00749, 0
PixelHit 2015, 163, 2.86927, 0
PixelHit 2015, 164, 16.9885, 0
PixelHit 2015, 165, 4.82046, 0
PixelHit 2015, 166, 7.81435, 0
PixelHit 2015, 167, 3.75873, 0
PixelHit 2016, 163, 6.6506, 0
PixelHit 2016, 164, 12.6746, 0
PixelHit 2016, 165, 12.3864, 0
PixelHit 2016, 166, 8.26505, 0
PixelHit 2016, 167, 1.73537, 0
PixelHit 2017, 162, 6.68133, 0
PixelHit 2017, 163, 16.6236, 0
PixelHit 2017, 164, 20.162, 0
PixelHit 2017, 165, 11.2531, 0
PixelHit 2018, 161, 3.58451, 0
PixelHit 2018, 162, 13.9466, 0
PixelHit 2018, 163, 22.2343, 0
PixelHit 2018, 164, 34.3387, 0
PixelHit 2018, 165, 18.6169, 0
PixelHit 2018, 166, 5.41022, 0
PixelHit 2019, 161, 5.4229, 0
PixelHit 2019, 162, 15.9953, 0
PixelHit 2019, 163, 40.1485, 0
PixelHit 2019, 164, 41.2848, 0
PixelHit 2019, 165, 34.9114, 0
PixelHit 2019, 166, 8.03235, 0
PixelHit 2020, 160, 2.07938, 0
PixelHit 2020, 161, 2.97862, 0
PixelHit 2020, 162, 12.8619, 0
PixelHit 2020, 163, 26.5653, 0
PixelHit 2020, 164, 39.0073, 0
PixelHit 2020, 165, 22.1842, 0
PixelHit 2020, 166, 5.06881, 0
PixelHit 2020, 167, 5.72932, 0
PixelHit 2021, 159, 1.14172, 0
PixelHit 2021, 161, 1.86269, 0
PixelHit 2021, 162, 3.86791, 0
PixelHit 2021, 163, 20.9584, 0
PixelHit 2021, 164, 22.89, 0
PixelHit 2021, 165, 9.05691, 0
PixelHit 2021, 166, 3.30383, 0
PixelHit 2022, 162, 4.87794, 0
PixelHit 2022, 163, 10.1601, 0
PixelHit 2022, 164, 4.47267, 0
PixelHit 2022, 165, 4.1857, 0
PixelHit 2022, 166, 2.19811, 0
PixelHit 2023, 163, 1.13695, 0
=== 40 ===
=== 41 ===
=== 42 ===
=== 43 ===
=== 44 ===
=== 45 ===
=== 46 ===
--- mydetector ---
PixelHit 2244, 1501, 4.20051, 0
PixelHit 2245, 1501, 226.694, 0
PixelHit 2245, 1502, 11.5072, 0
PixelHit 2246, 1501, 49.0265, 0
PixelHit 2246, 1502, 121.342, 0
PixelHit 2246, 1503, 2.26543, 0
PixelHit 2247, 1501, 3.07974, 0
PixelHit 2247, 1502, 73.7302, 0
PixelHit 2247, 1503, 14.098, 0
PixelHit 2248, 1502, 42.024, 0
PixelHit 2248, 1503, 77.7263, 0
PixelHit 2248, 1504, 3.09716, 0
PixelHit 2249, 1502, 5.7304, 0
PixelHit 2249, 1503, 82.2559, 0
PixelHit 2249, 1504, 39.2064, 0
PixelHit 2250, 1503, 19.9189, 0
PixelHit 2250, 1504, 73.6243, 0
PixelHit 2250, 1505, 6.72993, 0
PixelHit 2251, 1504, 24.5046, 0
PixelHit 2251, 1505, 21.7293, 0
PixelHit 2252, 1504, 22.8412, 0
PixelHit 2252, 1505, 79.3532, 0
PixelHit 2252, 1506, 1.53749, 0
PixelHit 2253, 1504, 15.494, 0
PixelHit 2253, 1505, 51.6649, 0
PixelHit 2253, 1506, 5.83361, 0
PixelHit 2254, 1505, 19.201, 0
PixelHit 2254, 1506, 4.08639, 0
PixelHit 2255, 1504, 10.2383, 0
PixelHit 2255, 1505, 31.3497, 0
PixelHit 2255, 1506, 7.31669, 0
PixelHit 2256, 1504, 17.7896, 0
PixelHit 2256, 1505, 63.4722, 0
PixelHit 2256, 1506, 15.7549, 0
PixelHit 2257, 1504, 17.3575, 0
PixelHit 2257, 1505, 49.0122, 0
PixelHit 2257, 1506, 18.0884, 0
PixelHit 2257, 1507, 2.67982, 0
PixelHit 2258, 1504, 20.5518, 0
PixelHit 2258, 1505, 43.6271, 0
PixelHit 2258, 1506, 8.02504, 0
PixelHit 2259, 1504, 16.5662, 0
PixelHit 2259, 1505, 37.9782, 0
PixelHit 2259, 1506, 3.74141, 0
PixelHit 2260, 1504, 12.1576, 0
PixelHit 2260, 1505, 10.1516, 0
PixelHit 2261, 1504, 11.1274, 0
PixelHit 2261, 1505, 18.2501, 0
PixelHit 2261, 1506, 8.61073, 0
PixelHit 2262, 1504, 28.5923, 0
PixelHit 2262, 1505, 60.8078, 0
PixelHit 2262, 1506, 11.8312, 0
PixelHit 2262, 1507, 2.41287, 0
PixelHit 2263, 1503, 5.27827, 0
PixelHit 2263, 1504, 42.5005, 0
PixelHit 2263, 1505, 100.749, 0
PixelHit 2263, 1506, 39.7311, 0
PixelHit 2264, 1503, 2.1048, 0
PixelHit 2264, 1504, 17.2279, 0
PixelHit 2264, 1505, 36.2579, 0
PixelHit 2264, 1506, 14.7609, 0
PixelHit 2264, 1507, 2.37624, 0
PixelHit 2265, 1504, 4.93748, 0
PixelHit 2265, 1505, 30.4724, 0
PixelHit 2265, 1506, 11.8637, 0
PixelHit 2265, 1507, 2.1405, 0
PixelHit 2266, 1504, 4.06825, 0
PixelHit 2266, 1505, 24.669, 0
PixelHit 2266, 1506, 22.6134, 0
PixelHit 2266, 1507, 5.7332, 0
PixelHit 2267, 1503, 2.38682, 0
PixelHit 2267, 1504, 6.15505, 0
PixelHit 2267, 1505, 19.8184, 0
PixelHit 2267, 1506, 12.3333, 0
PixelHit 2267, 1507, 7.62524, 0
PixelHit 2268, 1505, 11.254, 0
PixelHit 2268, 1506, 14.9393, 0
PixelHit 2268, 1507, 5.65352, 0
PixelHit 2269, 1504, 1.65729, 0
PixelHit 2269, 1505, 18.7096, 0
PixelHit 2269, 1506, 15.8095, 0
PixelHit 2269, 1507, 14.7929, 0
PixelHit 2269, 1508, 3.29728, 0
PixelHit 2270, 1504, 3.95745, 0
PixelHit 2270, 1505, 10.5243, 0
PixelHit 2270, 1506, 15.1954, 0
PixelHit 2270, 1507, 10.9517, 0
PixelHit 2270, 1508, 2.72155, 0
PixelHit 2271, 1505, 15.7358, 0
PixelHit 2271, 1506, 29.8715, 0
PixelHit 2271, 1507, 19.5939, 0
PixelHit 2271, 1508, 2.63653, 0
PixelHit 2272, 1504, 3.74334, 0
PixelHit 2272, 1505, 15.1725, 0
PixelHit 2272, 1506, 30.9068, 0
PixelHit 2272, 1507, 29.9173, 0
PixelHit 2272, 1508, 5.85315, 0
PixelHit 2273, 1504, 5.04373, 0
PixelHit 2273, 1505, 19.6847, 0
PixelHit 2273, 1506, 38.6642, 0
PixelHit 2273, 1507, 41.3985, 0
PixelHit 2273, 1508, 15.3135, 0
PixelHit 2274, 1504, 6.73924, 0
PixelHit 2274, 1505, 25.993, 0
PixelHit 2274, 1506, 78.1856, 0
PixelHit 2274, 1507, 79.9057, 0
PixelHit 2274, 1508, 26.8789, 0
PixelHit 2274, 1509, 6.89889, 0
PixelHit 2275, 1504, 3.3591, 0
PixelHit 2275, 1505, 34.6698, 0
PixelHit 2275, 1506, 85.8417, 0
PixelHit 2275, 1507, 107.152, 0
PixelHit 2275, 1508, 40.7295, 0
PixelHit 2275, 1509, 8.34893, 0
PixelHit 2276, 1504, 2.0688, 0
PixelHit 2276, 1505, 15.0785, 0
PixelHit 2276, 1506, 50.7195, 0
PixelHit 2276, 1507, 72.1094, 0
PixelHit 2276, 1508, 32.3059, 0
PixelHit 2276, 1509, 9.1115, 0
PixelHit 2277, 1505, 2.40971, 0
PixelHit 2277, 1506, 21.494, 0
PixelHit 2277, 1507, 37.8932, 0
PixelHit 2277, 1508, 11.9546, 0
PixelHit 2277, 1509, 4.81868, 0
PixelHit 2278, 1505, 1.15532, 0
PixelHit 2278, 1506, 7.21817, 0
PixelHit 2278, 1507, 23.2146, 0
PixelHit 2278, 1508, 14.7168, 0
PixelHit 2278, 1509, 7.45506, 0
PixelHit 2278, 1510, 2.3072, 0
PixelHit 2279, 1505, 4.24962, 0
PixelHit 2279, 1506, 11.2081, 0
PixelHit 2279, 1507, 33.6087, 0
PixelHit 2279, 1508, 34.6266, 0
PixelHit 2279, 1509, 13.6024, 0
PixelHit 2279, 1510, 3.86719, 0
PixelHit 2280, 1506, 3.00186, 0
PixelHit 2280, 1507, 51.5744, 0
PixelHit 2280, 1508, 47.4831, 0
PixelHit 2280, 1509, 21.8187, 0
PixelHit 2280, 1510, 3.79569, 0
PixelHit 2281, 1506, 10.0511, 0
PixelHit 2281, 1507, 22.6876, 0
PixelHit 2281, 1508, 28.2206, 0
PixelHit 2281, 1509, 19.764, 0
PixelHit 2281, 1510, 3.65288, 0
PixelHit 2282, 1505, 0.18775, 0
PixelHit 2282, 1506, 5.72504, 0
PixelHit 2282, 1507, 23.6531, 0
PixelHit 2282, 1508, 25.8614, 0
PixelHit 2282, 1509, 25.2271, 0
PixelHit 2282, 1510, 8.22827, 0
PixelHit 2283, 1505, 0.835929, 0
PixelHit 2283, 1506, 3.30004, 0
PixelHit 2283, 1507, 11.861, 0
PixelHit 2283, 1508, 29.1819, 0
PixelHit 2283, 1509, 24.8534, 0
PixelHit 2283, 1510, 9.19483, 0
PixelHit 2284, 1506, 4.42156, 0
PixelHit 2284, 1507, 21.8101, 0
PixelHit 2284, 1508, 49.7236, 0
PixelHit 2284, 1509, 27.6182, 0
PixelHit 2284, 1510, 12.0274, 0
PixelHit 2284, 1511, 2.72527, 0
PixelHit 2284, 1512, 1.87125, 0
PixelHit 2285, 1505, 2.0822, 0
PixelHit 2285, 1506, 4.77233, 0
PixelHit 2285, 1507, 28.1699, 0
PixelHit 2285, 1508, 51.928, 0
PixelHit 2285, 1509, 37.9662, 0
PixelHit 2285, 1510, 15.4674, 0
PixelHit 2285, 1511, 2.46775, 0
PixelHit 2286, 1506, 4.44103, 0
PixelHit 2286, 1507, 20.9456, 0
PixelHit 2286, 1508, 56.8619, 0
PixelHit 2286, 1509, 56.0127, 0
PixelHit 2286, 1510, 16.0192, 0
PixelHit 2286, 1511, 3.08485, 0
PixelHit 2287, 1506, 5.1305, 0
PixelHit 2287, 1507, 21.4403, 0
PixelHit 2287, 1508, 29.0229, 0
PixelHit 2287, 1509, 43.9824, 0
PixelHit 2287, 1510, 15.0826, 0
PixelHit 2287, 1511, 3.5019, 0
PixelHit 2288, 1506, 5.07814, 0
PixelHit 2288, 1507, 10.4954, 0
PixelHit 2288, 1508, 23.3592, 0
PixelHit 2288, 1509, 27.9427, 0
PixelHit 2288, 1510, 11.2852, 0
PixelHit 2288, 1511, 3.21847, 0
PixelHit 2289, 1506, 0.324249, 0
PixelHit 2289, 1507, 7.6338, 0
PixelHit 2289, 1508, 18.4122, 0
PixelHit 2289, 1509, 16.1167, 0
PixelHit 2289, 1510, 7.22345, 0
PixelHit 2289, 1511, 3.16772, 0
PixelHit 2290, 1505, 1.78377, 0
PixelHit 2290, 1506, 3.95721, 0
PixelHit 2290, 1507, 14.0164, 0
PixelHit 2290, 1508, 19.3322, 0
PixelHit 2290, 1509, 21.6806, 0
PixelHit 2290, 1510, 8.33049, 0
PixelHit 2290, 1511, 2.32757, 0
PixelHit 2291, 1506, 2.7519, 0
PixelHit 2291, 1507, 5.46395, 0
PixelHit 2291, 1508, 17.9703, 0
PixelHit 2291, 1509, 23.1066, 0
PixelHit 2291, 1510, 4.33568, 0
PixelHit 2292, 1506, 3.73173, 0
PixelHit 2292, 1507, 15.4361, 0
PixelHit 2292, 1508, 11.0337, 0
PixelHit 2292, 1509, 20.6039, 0
PixelHit 2292, 1510, 14.5295, 0
PixelHit 2292, 1511, 4.06466, 0
PixelHit 2292, 1513, 0.217803, 0
PixelHit 2293, 1507, 7.56907, 0
PixelHit 2293, 1508, 23.6684, 0
PixelHit 2293, 1509, 24.2211, 0
PixelHit 2293, 1510, 10.7826, 0
PixelHit 2293, 1511, 2.22303, 0
PixelHit 2294, 1507, 2.72233, 0
PixelHit 2294, 1508, 9.81133, 0
PixelHit 2294, 1509, 15.464, 0
PixelHit 2294, 1510, 9.84017, 0
PixelHit 2294, 1511, 4.86054, 0
PixelHit 2295, 1507, 4.67835, 0
PixelHit 2295, 1508, 8.95819, 0
PixelHit 2295, 1509, 13.8549, 0
PixelHit 2295, 1510, 9.12378, 0
PixelHit 2295, 1511, 4.14396, 0
PixelHit 2296, 1506, 0.979204, 0
PixelHit 2296, 1507, 2.68793, 0
PixelHit 2296, 1508, 18.9917, 0
PixelHit 2296, 1509, 27.3262, 0
PixelHit 2296, 1510, 15.312, 0
PixelHit 2297, 1506, 2.69312, 0
PixelHit 2297, 1507, 5.59078, 0
PixelHit 2297, 1508, 24.075, 0
PixelHit 2297, 1509, 25.595, 0
PixelHit 2297, 1510, 23.4289, 0
PixelHit 2297, 1511, 6.03733, 0
PixelHit 2298, 1506, 1.78449, 0
PixelHit 2298, 1507, 4.49471, 0
PixelHit 2298, 1508, 23.4546, 0
PixelHit 2298, 1509, 25.7717, 0
PixelHit 2298, 1510, 23.3391, 0
PixelHit 2298, 1511, 5.79763, 0
PixelHit 2299, 1506, 3.77617, 0
PixelHit 2299, 1507, 12.3488, 0
PixelHit 2299, 1508, 43.541, 0
PixelHit 2299, 1509, 54.7724, 0
PixelHit 2299, 1510, 52.3859, 0
PixelHit 2299, 1511, 5.26394, 0
PixelHit 2299, 1512, 1.35383, 0
PixelHit 2300, 1506, 6.92535, 0
PixelHit 2300, 1507, 62.4329, 0
PixelHit 2300, 1508, 155.392, 0
PixelHit 2300, 1509, 170.426, 0
PixelHit 2300, 1510, 89.8331, 0
PixelHit 2300, 1511, 20.9721, 0
PixelHit 2300, 1512, 4.77387, 0
PixelHit 2301, 1505, 2.40984, 0
PixelHit 2301, 1506, 15.2855, 0
PixelHit 2301, 1507, 100.395, 0
PixelHit 2301, 1508, 242.83, 0
PixelHit 2301, 1509, 314.118, 0
PixelHit 2301, 1510, 165.345, 0
PixelHit 2301, 1511, 47.0216, 0
PixelHit 2301, 1512, 2.29787, 0
PixelHit 2302, 1506, 23.2008, 0
PixelHit 2302, 1507, 80.113, 0
PixelHit 2302, 1508, 248.074, 0
PixelHit 2302, 1509, 285.89, 0
PixelHit 2302, 1510, 145.874, 0
PixelHit 2302, 1511, 55.743, 0
PixelHit 2302, 1512, 7.94557, 0
PixelHit 2303, 1504, 1.76714, 0
PixelHit 2303, 1505, 1.88667, 0
PixelHit 2303, 1506, 7.68579, 0
PixelHit 2303, 1507, 47.1799, 0
PixelHit 2303, 1508, 116.12, 0
PixelHit 2303, 1509, 139.102, 0
PixelHit 2303, 1510, 83.6283, 0
PixelHit 2303, 1511, 25.0763, 0
PixelHit 2303, 1512, 4.64183, 0
PixelHit 2304, 1506, 3.35172, 0
PixelHit 2304, 1507, 13.7894, 0
PixelHit 2304, 1508, 32.3592, 0
PixelHit 2304, 1509, 29.0157, 0
PixelHit 2304, 1510, 33.6505, 0
PixelHit 2304, 1511, 13.9859, 0
PixelHit 2305, 1507, 9.07004, 0
PixelHit 2305, 1508, 21.108, 0
PixelHit 2305, 1509, 23.7769, 0
PixelHit 2305, 1510, 13.5376, 0
PixelHit 2305, 1511, 6.83132, 0
PixelHit 2305, 1512, 0.47173, 0
PixelHit 2306, 1506, 1.47692, 0
PixelHit 2306, 1507, 4.80459, 0
PixelHit 2306, 1508, 18.5157, 0
PixelHit 2306, 1509, 18.6319, 0
PixelHit 2306, 1510, 7.58644, 0
PixelHit 2306, 1511, 3.94525, 0
PixelHit 2307, 1505, 0.710012, 0
PixelHit 2307, 1507, 9.34534, 0
PixelHit 2307, 1508, 11.3101, 0
PixelHit 2307, 1509, 19.0697, 0
PixelHit 2307, 1510, 12.4755, 0
PixelHit 2307, 1511, 3.08017, 0
PixelHit 2307, 1513, 2.30631, 0
PixelHit 2308, 1505, 1.13058, 0
PixelHit 2308, 1506, 3.59862, 0
PixelHit 2308, 1507, 1.90901, 0
PixelHit 2308, 1508, 15.3195, 0
PixelHit 2308, 1509, 35.1827, 0
PixelHit 2308, 1510, 13.8951, 0
PixelHit 2308, 1511, 7.89769, 0
PixelHit 2308, 1512, 0.993751, 0
PixelHit 2309, 1507, 8.87269, 0
PixelHit 2309, 1508, 28.9862, 0
PixelHit 2309, 1509, 26.8163, 0
PixelHit 2309, 1510, 15.567, 0
PixelHit 2309, 1511, 9.33011, 0
PixelHit 2309, 1512, 2.13869, 0
PixelHit 2310, 1507, 6.26109, 0
PixelHit 2310, 1508, 20.8144, 0
PixelHit 2310, 1509, 33.6178, 0
PixelHit 2310, 1510, 21.3406, 0
PixelHit 2310, 1511, 5.5606, 0
PixelHit 2311, 1507, 2.73851, 0
PixelHit 2311, 1508, 18.7754, 0
PixelHit 2311, 1509, 42.2768, 0
PixelHit 2311, 1510, 21.7909, 0
PixelHit 2311, 1511, 6.78851, 0
PixelHit 2311, 1512, 2.77951, 0
PixelHit 2312, 1506, 0.724185, 0
PixelHit 2312, 1507, 5.60753, 0
PixelHit 2312, 1508, 17.8133, 0
PixelHit 2312, 1509, 25.1344, 0
PixelHit 2312, 1510, 20.3994, 0
PixelHit 2312, 1511, 7.91306, 0
PixelHit 2313, 1507, 3.88334, 0
PixelHit 2313, 1508, 13.7596, 0
PixelHit 2313, 1509, 20.1071, 0
PixelHit 2313, 1510, 10.9875, 0
PixelHit 2313, 1511, 5.06799, 0
PixelHit 2314, 1506, 1.8214, 0
PixelHit 2314, 1508, 15.1958, 0
PixelHit 2314, 1509, 21.0714, 0
PixelHit 2314, 1510, 19.7049, 0
PixelHit 2314, 1511, 4.57166, 0
PixelHit 2314, 1512, 0.855907, 0
PixelHit 2315, 1506, 2.43829, 0
PixelHit 2315, 1507, 3.37797, 0
PixelHit 2315, 1508, 19.5913, 0
PixelHit 2315, 1509, 23.7448, 0
PixelHit 2315, 1510, 17.3959, 0
PixelHit 2315, 1511, 9.6482, 0
PixelHit 2316, 1507, 5.33804, 0
PixelHit 2316, 1508, 22.6258, 0
PixelHit 2316, 1509, 22.2325, 0
PixelHit 2316, 1510, 17.1413, 0
PixelHit 2316, 1511, 6.93243, 0
PixelHit 2317, 1507, 5.22474, 0
PixelHit 2317, 1508, 13.5148, 0
PixelHit 2317, 1509, 24.6273, 0
PixelHit 2317, 1510, 22.6935, 0
PixelHit 2317, 1511, 6.09161, 0
PixelHit 2318, 1507, 2.26416, 0
PixelHit 2318, 1508, 15.9557, 0
PixelHit 2318, 1509, 27.9617, 0
PixelHit 2318, 1510, 17.5418, 0
PixelHit 2318, 1511, 10.5061, 0
PixelHit 2318, 1512, 2.37751, 0
PixelHit 2319, 1507, 5.32679, 0
PixelHit 2319, 1508, 16.2376, 0
PixelHit 2319, 1509, 31.5426, 0
PixelHit 2319, 1510, 21.1076, 0
PixelHit 2319, 1511, 11.9126, 0
PixelHit 2319, 1512, 5.12007, 0
PixelHit 2319, 1513, 2.43082, 0
PixelHit 2320, 1507, 2.59704, 0
PixelHit 2320, 1508, 13.4956, 0
PixelHit 2320, 1509, 28.4647, 0
PixelHit 2320, 1510, 30.7272, 0
PixelHit 2320, 1511, 21.0606, 0
PixelHit 2320, 1512, 4.35488, 0
PixelHit 2321, 1507, 2.57637, 0
PixelHit 2321, 1508, 12.5891, 0
PixelHit 2321, 1509, 31.8405, 0
PixelHit 2321, 1510, 26.1538, 0
PixelHit 2321, 1511, 12.2387, 0
PixelHit 2322, 1506, 2.43741, 0
PixelHit 2322, 1507, 2.26722, 0
PixelHit 2322, 1508, 17.7107, 0
PixelHit 2322, 1509, 22.9242, 0
PixelHit 2322, 1510, 25.9893, 0
PixelHit 2322, 1511, 15.7202, 0
PixelHit 2322, 1512, 6.48003, 0
PixelHit 2323, 1506, 3.77707, 0
PixelHit 2323, 1507, 6.59328, 0
PixelHit 2323, 1508, 28.4525, 0
PixelHit 2323, 1509, 47.0782, 0
PixelHit 2323, 1510, 35.1965, 0
PixelHit 2323, 1511, 21.9035, 0
PixelHit 2323, 1512, 2.36355, 0
PixelHit 2324, 1507, 1.82663, 0
PixelHit 2324, 1508, 17.8355, 0
PixelHit 2324, 1509, 56.5081, 0
PixelHit 2324, 1510, 39.0539, 0
PixelHit 2324, 1511, 33.3357, 0
PixelHit 2324, 1512, 6.99628, 0
PixelHit 2325, 1506, 2.85572, 0
PixelHit 2325, 1507, 6.06746, 0
PixelHit 2325, 1508, 23.614, 0
PixelHit 2325, 1509, 63.0611, 0
PixelHit 2325, 1510, 61.4659, 0
PixelHit 2325, 1511, 29.0555, 0
PixelHit 2325, 1512, 8.74791, 0
PixelHit 2326, 1506, 0.6441, 0
PixelHit 2326, 1507, 6.25906, 0
PixelHit 2326, 1508, 22.4525, 0
PixelHit 2326, 1509, 35.1374, 0
PixelHit 2326, 1510, 48.7971, 0
PixelHit 2326, 1511, 29.7563, 0
PixelHit 2326, 1512, 6.4853, 0
PixelHit 2327, 1507, 3.5101, 0
PixelHit 2327, 1508, 19.2357, 0
PixelHit 2327, 1509, 26.2784, 0
PixelHit 2327, 1510, 29.7918, 0
PixelHit 2327, 1511, 25.9956, 0
PixelHit 2327, 1512, 7.88618, 0
PixelHit 2327, 1513, 1.87586, 0
PixelHit 2328, 1507, 3.11304, 0
PixelHit 2328, 1508, 6.52738, 0
PixelHit 2328, 1509, 20.8718, 0
PixelHit 2328, 1510, 21.625, 0
PixelHit 2328, 1511, 19.49, 0
PixelHit 2328, 1512, 8.40774, 0
PixelHit 2329, 1507, 1.23681, 0
PixelHit 2329, 1508, 11.3534, 0
PixelHit 2329, 1509, 6.32266, 0
PixelHit 2329, 1510, 18.7974, 0
PixelHit 2329, 1511, 20.2987, 0
PixelHit 2329, 1512, 2.63083, 0
PixelHit 2330, 1507, 1.27091, 0
PixelHit 2330, 1508, 5.98151, 0
PixelHit 2330, 1509, 17.9254, 0
PixelHit 2330, 1510, 15.8365, 0
PixelHit 2330, 1511, 18.9231, 0
PixelHit 2330, 1512, 1.19044, 0
PixelHit 2331, 1508, 9.03346, 0
PixelHit 2331, 1509, 9.58613, 0
PixelHit 2331, 1510, 16.0823, 0
PixelHit 2331, 1511, 12.7367, 0
PixelHit 2331, 1512, 2.58546, 0
PixelHit 2332, 1508, 3.03128, 0
PixelHit 2332, 1509, 6.53921, 0
PixelHit 2332, 1510, 6.75246, 0
PixelHit 2332, 1511, 3.14069, 0
PixelHit 2333, 1509, 1.8636, 0
=== 47 ===
=== 48 ===
=== 49 ===
=== 50 ===
=== 51 ===
=== 52 ===
=== 53 ===
=== 54 ===
=== 55 ===
=== 56 ===
=== 57 ===
=== 58 ===
=== 59 ===
=== 60 ===
=== 61 ===
=== 62 ===
=== 63 ===
=== 64 ===
=== 65 ===
=== 66 ===
=== 67 ===
--- mydetector ---
PixelHit 1888, 1728, 1.89437, 0
PixelHit 1889, 1724, 2.07594, 0
PixelHit 1889, 1726, 2.44868, 0
PixelHit 1889, 1727, 5.57287, 0
PixelHit 1889, 1728, 3.39064, 0
PixelHit 1889, 1729, 3.52514, 0
PixelHit 1890, 1725, 2.00131, 0
PixelHit 1890, 1726, 14.0916, 0
PixelHit 1890, 1727, 14.4149, 0
PixelHit 1890, 1728, 9.92861, 0
PixelHit 1890, 1729, 5.8156, 0
PixelHit 1891, 1725, 3.09999, 0
PixelHit 1891, 1726, 19.4693, 0
PixelHit 1891, 1727, 15.6034, 0
PixelHit 1891, 1728, 18.1531, 0
PixelHit 1891, 1729, 9.12042, 0
PixelHit 1892, 1724, 2.28171, 0
PixelHit 1892, 1725, 5.95567, 0
PixelHit 1892, 1726, 18.3796, 0
PixelHit 1892, 1727, 22.1178, 0
PixelHit 1892, 1728, 14.6781, 0
PixelHit 1892, 1729, 7.72812, 0
PixelHit 1892, 1730, 4.07161, 0
PixelHit 1893, 1723, 1.64694, 0
PixelHit 1893, 1725, 6.22922, 0
PixelHit 1893, 1726, 16.5464, 0
PixelHit 1893, 1727, 18.6184, 0
PixelHit 1893, 1728, 14.8782, 0
PixelHit 1893, 1729, 7.36813, 0
PixelHit 1893, 1730, 1.55682, 0
PixelHit 1894, 1726, 11.4114, 0
PixelHit 1894, 1727, 14.8308, 0
PixelHit 1894, 1728, 8.82849, 0
PixelHit 1895, 1724, 2.42441, 0
PixelHit 1895, 1726, 15.5683, 0
PixelHit 1895, 1727, 6.01951, 0
PixelHit 1895, 1728, 6.83361, 0
PixelHit 1896, 1724, 6.11312, 0
PixelHit 1896, 1725, 10.7519, 0
PixelHit 1896, 1726, 13.0038, 0
PixelHit 1896, 1727, 9.66479, 0
PixelHit 1896, 1728, 5.39687, 0
PixelHit 1897, 1723, 3.43387, 0
PixelHit 1897, 1724, 0.430542, 0
PixelHit 1897, 1725, 12.0688, 0
PixelHit 1897, 1726, 16.2407, 0
PixelHit 1897, 1727, 16.9687, 0
PixelHit 1897, 1728, 8.81518, 0
PixelHit 1898, 1724, 10.4358, 0
PixelHit 1898, 1725, 16.5529, 0
PixelHit 1898, 1726, 16.5688, 0
PixelHit 1898, 1727, 11.5962, 0
PixelHit 1898, 1728, 3.55803, 0
PixelHit 1898, 1729, 4.34175, 0
PixelHit 1899, 1723, 3.39038, 0
PixelHit 1899, 1724, 21.3652, 0
PixelHit 1899, 1725, 19.2899, 0
PixelHit 1899, 1726, 18.9627, 0
PixelHit 1899, 1727, 10.7487, 0
PixelHit 1899, 1728, 8.7195, 0
PixelHit 1900, 1722, 2.16948, 0
PixelHit 1900, 1723, 4.38168, 0
PixelHit 1900, 1724, 10.7704, 0
PixelHit 1900, 1725, 15.2299, 0
PixelHit 1900, 1726, 20.055, 0
PixelHit 1900, 1727, 4.51924, 0
PixelHit 1900, 1728, 6.22094, 0
PixelHit 1901, 1723, 4.00755, 0
PixelHit 1901, 1724, 19.3461, 0
PixelHit 1901, 1725, 21.0502, 0
PixelHit 1901, 1726, 20.1543, 0
PixelHit 1901, 1727, 2.31659, 0
PixelHit 1902, 1722, 0.947232, 0
PixelHit 1902, 1723, 7.24933, 0
PixelHit 1902, 1724, 19.641, 0
PixelHit 1902, 1725, 18.0401, 0
PixelHit 1902, 1726, 15.983, 0
PixelHit 1902, 1727, 3.83545, 0
PixelHit 1903, 1722, 2.3331, 0
PixelHit 1903, 1723, 14.005, 0
PixelHit 1903, 1724, 18.0922, 0
PixelHit 1903, 1725, 22.6763, 0
PixelHit 1903, 1726, 8.76595, 0
PixelHit 1903, 1727, 4.81961, 0
PixelHit 1904, 1722, 3.86244, 0
PixelHit 1904, 1723, 17.2725, 0
PixelHit 1904, 1724, 21.98, 0
PixelHit 1904, 1725, 12.6513, 0
PixelHit 1904, 1726, 7.89872, 0
PixelHit 1905, 1722, 6.19109, 0
PixelHit 1905, 1723, 11.9594, 0
PixelHit 1905, 1724, 13.0913, 0
PixelHit 1905, 1725, 12.4582, 0
PixelHit 1905, 1726, 2.84251, 0
PixelHit 1906, 1722, 4.7374, 0
PixelHit 1906, 1723, 11.7801, 0
PixelHit 1906, 1724, 13.4206, 0
PixelHit 1906, 1725, 3.92916, 0
PixelHit 1906, 1726, 4.6232, 0
PixelHit 1906, 1727, 0.972585, 0
PixelHit 1907, 1721, 3.35783, 0
PixelHit 1907, 1722, 1.79008, 0
PixelHit 1907, 1723, 6.02342, 0
PixelHit 1907, 1724, 8.3871, 0
PixelHit 1907, 1725, 4.15517, 0
PixelHit 1907, 1726, 0.839928, 0
PixelHit 1908, 1722, 3.58508, 0
PixelHit 1908, 1723, 9.7889, 0
PixelHit 1908, 1724, 7.47122, 0
PixelHit 1908, 1725, 3.43769, 0
PixelHit 1909, 1721, 1.52126, 0
PixelHit 1909, 1722, 4.35546, 0
PixelHit 1909, 1723, 14.2375, 0
PixelHit 1909, 1724, 1.62973, 0
PixelHit 1909, 1725, 3.83318, 0
PixelHit 1910, 1721, 5.45076, 0
PixelHit 1910, 1722, 10.9552, 0
PixelHit 1910, 1723, 13.895, 0
PixelHit 1910, 1724, 7.81268, 0
PixelHit 1911, 1721, 5.19256, 0
PixelHit 1911, 1722, 21.3591, 0
PixelHit 1911, 1723, 25.5916, 0
PixelHit 1911, 1724, 18.3669, 0
PixelHit 1911, 1725, 9.19456, 0
PixelHit 1912, 1721, 9.7912, 0
PixelHit 1912, 1722, 20.4508, 0
PixelHit 1912, 1723, 24.3139, 0
PixelHit 1912, 1724, 30.5284, 0
PixelHit 1912, 1725, 4.63061, 0
PixelHit 1913, 1720, 1.61246, 0
PixelHit 1913, 1721, 6.67538, 0
PixelHit 1913, 1722, 27.2275, 0
PixelHit 1913, 1723, 33.3893, 0
PixelHit 1913, 1724, 28.7617, 0
PixelHit 1913, 1725, 6.17582, 0
PixelHit 1914, 1720, 3.85681, 0
PixelHit 1914, 1721, 8.72605, 0
PixelHit 1914, 1722, 21.0322, 0
PixelHit 1914, 1723, 26.6913, 0
PixelHit 1914, 1724, 17.3348, 0
PixelHit 1914, 1725, 3.07054, 0
PixelHit 1914, 1726, 1.21671, 0
PixelHit 1915, 1720, 2.37383, 0
PixelHit 1915, 1721, 16.1129, 0
PixelHit 1915, 1722, 19.1162, 0
PixelHit 1915, 1723, 17.0921, 0
PixelHit 1915, 1724, 10.1339, 0
PixelHit 1915, 1725, 2.33731, 0
PixelHit 1915, 1726, 4.0718, 0
PixelHit 1916, 1721, 6.97183, 0
PixelHit 1916, 1722, 30.9381, 0
PixelHit 1916, 1723, 26.1952, 0
PixelHit 1916, 1724, 14.4955, 0
PixelHit 1916, 1725, 2.02485, 0
PixelHit 1917, 1720, 4.05238, 0
PixelHit 1917, 1721, 17.1249, 0
PixelHit 1917, 1722, 24.8178, 0
PixelHit 1917, 1723, 25.0394, 0
PixelHit 1917, 1724, 9.33132, 0
PixelHit 1917, 1725, 0.195765, 0
PixelHit 1918, 1720, 3.30983, 0
PixelHit 1918, 1721, 8.73869, 0
PixelHit 1918, 1722, 18.2838, 0
PixelHit 1918, 1723, 33.6764, 0
PixelHit 1918, 1724, 16.1066, 0
PixelHit 1918, 1725, 3.67786, 0
PixelHit 1919, 1720, 1.71282, 0
PixelHit 1919, 1721, 8.27866, 0
PixelHit 1919, 1722, 31.0461, 0
PixelHit 1919, 1723, 21.8221, 0
PixelHit 1919, 1724, 3.16331, 0
PixelHit 1919, 1725, 1.41689, 0
PixelHit 1920, 1721, 6.42896, 0
PixelHit 1920, 1722, 14.9201, 0
PixelHit 1920, 1723, 16.8358, 0
PixelHit 1920, 1724, 8.61036, 0
PixelHit 1920, 1725, 1.65431, 0
PixelHit 1921, 1720, 4.08588, 0
PixelHit 1921, 1721, 12.8145, 0
PixelHit 1921, 1722, 19.8305, 0
PixelHit 1921, 1723, 9.87598, 0
PixelHit 1921, 1724, 4.25377, 0
PixelHit 1922, 1720, 3.60329, 0
PixelHit 1922, 1721, 11.0037, 0
PixelHit 1922, 1722, 25.3507, 0
PixelHit 1922, 1723, 15.563, 0
PixelHit 1922, 1724, 8.15971, 0
PixelHit 1922, 1725, 4.38667, 0
PixelHit 1923, 1720, 5.27124, 0
PixelHit 1923, 1721, 8.09185, 0
PixelHit 1923, 1722, 24.4343, 0
PixelHit 1923, 1723, 21.217, 0
PixelHit 1923, 1724, 8.11496, 0
PixelHit 1923, 1725, 1.97404, 0
PixelHit 1923, 1727, 1.85134, 0
PixelHit 1924, 1718, 2.21434, 0
PixelHit 1924, 1720, 3.40595, 0
PixelHit 1924, 1721, 8.12788, 0
PixelHit 1924, 1722, 24.4116, 0
PixelHit 1924, 1723, 13.2888, 0
PixelHit 1924, 1724, 8.52731, 0
PixelHit 1924, 1725, 1.505, 0
PixelHit 1925, 1720, 6.50059, 0
PixelHit 1925, 1721, 11.7812, 0
PixelHit 1925, 1722, 12.0508, 0
PixelHit 1925, 1723, 20.7895, 0
PixelHit 1925, 1724, 7.37518, 0
PixelHit 1926, 1720, 2.54256, 0
PixelHit 1926, 1721, 9.57014, 0
PixelHit 1926, 1722, 15.2182, 0
PixelHit 1926, 1723, 8.29287, 0
PixelHit 1927, 1720, 3.38998, 0
PixelHit 1927, 1721, 7.62729, 0
PixelHit 1927, 1722, 15.0578, 0
PixelHit 1927, 1723, 10.3023, 0
PixelHit 1928, 1720, 8.2489, 0
PixelHit 1928, 1721, 14.0715, 0
PixelHit 1928, 1722, 25.2338, 0
PixelHit 1928, 1723, 14.7052, 0
PixelHit 1928, 1724, 2.96795, 0
PixelHit 1929, 1718, 1.99416, 0
PixelHit 1929, 1720, 3.652, 0
PixelHit 1929, 1721, 20.4752, 0
PixelHit 1929, 1722, 22.2179, 0
PixelHit 1929, 1723, 6.68274, 0
PixelHit 1929, 1724, 3.43271, 0
PixelHit 1930, 1718, 2.72962, 0
PixelHit 1930, 1719, 1.74145, 0
PixelHit 1930, 1720, 13.1934, 0
PixelHit 1930, 1721, 34.3315, 0
PixelHit 1930, 1722, 30.0166, 0
PixelHit 1930, 1723, 6.20708, 0
PixelHit 1930, 1724, 4.64882, 0
PixelHit 1931, 1719, -0.0280895, 0
PixelHit 1931, 1720, 7.00444, 0
PixelHit 1931, 1721, 18.1456, 0
PixelHit 1931, 1722, 21.2317, 0
PixelHit 1931, 1723, 14.5264, 0
PixelHit 1931, 1724, 2.52888, 0
PixelHit 1932, 1718, 1.13787, 0
PixelHit 1932, 1719, 3.33228, 0
PixelHit 1932, 1720, 8.01524, 0
PixelHit 1932, 1721, 13.0259, 0
PixelHit 1932, 1722, 21.5917, 0
PixelHit 1932, 1723, 9.25048, 0
PixelHit 1933, 1719, 1.67219, 0
PixelHit 1933, 1720, 4.18705, 0
PixelHit 1933, 1722, 4.74763, 0
PixelHit 1933, 1723, 2.74283, 0
PixelHit 1933, 1726, 0.23351, 0
=== 68 ===
=== 69 ===
=== 70 ===
=== 71 ===
=== 72 ===
=== 73 ===
=== 74 ===
=== 75 ===
=== 76 ===
=== 77 ===
=== 78 ===
=== 79 ===
=== 80 ===
=== 81 ===
=== 82 ===
=== 83 ===
=== 84 ===
--- mydetector ---
PixelHit 2451, 408, 1.82541, 0
PixelHit 2451, 409, 1.71063, 0
PixelHit 2452, 406, 1.88331, 0
PixelHit 2452, 407, 0.733353, 0
PixelHit 2452, 408, 5.78159, 0
PixelHit 2452, 409, 9.06837, 0
PixelHit 2452, 410, 4.89098, 0
PixelHit 2453, 405, 1.48338, 0
PixelHit 2453, 407, 11.2649, 0
PixelHit 2453, 408, 26.9029, 0
PixelHit 2453, 409, 35.3072, 0
PixelHit 2453, 410, 22.8665, 0
PixelHit 2453, 411, 10.7273, 0
PixelHit 2454, 405, 1.11186, 0
PixelHit 2454, 406, 9.63981, 0
PixelHit 2454, 407, 28.5092, 0
PixelHit 2454, 408, 57.5727, 0
PixelHit 2454, 409, 86.9291, 0
PixelHit 2454, 410, 47.8247, 0
PixelHit 2454, 411, 14.6905, 0
PixelHit 2454, 412, 1.8733, 0
PixelHit 2455, 406, 4.88067, 0
PixelHit 2455, 407, 28.4882, 0
PixelHit 2455, 408, 90.0717, 0
PixelHit 2455, 409, 99.7231, 0
PixelHit 2455, 410, 78.3439, 0
PixelHit 2455, 411, 24.1166, 0
PixelHit 2456, 406, 5.78238, 0
PixelHit 2456, 407, 19.7016, 0
PixelHit 2456, 408, 73.1971, 0
PixelHit 2456, 409, 105.019, 0
PixelHit 2456, 410, 71.9498, 0
PixelHit 2456, 411, 24.6461, 0
PixelHit 2457, 406, 2.37231, 0
PixelHit 2457, 407, 24.6952, 0
PixelHit 2457, 408, 129.924, 0
PixelHit 2457, 409, 210.508, 0
PixelHit 2457, 410, 136.403, 0
PixelHit 2457, 411, 20.3476, 0
PixelHit 2457, 412, 4.44125, 0
PixelHit 2458, 407, 11.8441, 0
PixelHit 2458, 408, 144.995, 0
PixelHit 2458, 409, 357.012, 0
PixelHit 2458, 410, 243.051, 0
PixelHit 2458, 411, 30.1187, 0
PixelHit 2459, 407, 9.92398, 0
PixelHit 2459, 408, 105.495, 0
PixelHit 2459, 409, 275.659, 0
PixelHit 2459, 410, 200.691, 0
PixelHit 2459, 411, 40.7389, 0
PixelHit 2459, 412, 6.98327, 0
PixelHit 2460, 407, 2.20513, 0
PixelHit 2460, 408, 32.6123, 0
PixelHit 2460, 409, 86.9999, 0
PixelHit 2460, 410, 105.191, 0
PixelHit 2460, 411, 26.8604, 0
PixelHit 2460, 412, 1.45449, 0
PixelHit 2461, 408, 2.67968, 0
PixelHit 2461, 409, 25.5895, 0
PixelHit 2461, 410, 93.6409, 0
PixelHit 2461, 411, 62.6236, 0
PixelHit 2461, 412, 1.74086, 0
PixelHit 2462, 409, 15.0243, 0
PixelHit 2462, 410, 164.659, 0
PixelHit 2462, 411, 173.355, 0
PixelHit 2462, 412, 7.95636, 0
PixelHit 2463, 409, 6.77632, 0
PixelHit 2463, 410, 84.665, 0
PixelHit 2463, 411, 261.647, 0
PixelHit 2463, 412, 11.1246, 0
PixelHit 2464, 411, 7.1475, 0
PixelHit 2464, 412, 1.15562, 0
=== 85 ===
=== 86 ===
=== 87 ===
=== 88 ===
=== 89 ===
=== 90 ===
=== 91 ===
=== 92 ===
=== 93 ===
=== 94 ===
=== 95 ===
=== 96 ===
=== 97 ===
=== 98 ===
--- mydetector ---
PixelHit 1282, 298, 2.62422, 0
PixelHit 1282, 301, 2.19647, 0
PixelHit 1283, 296, 2.94639, 0
PixelHit 1283, 297, 4.10404, 0
PixelHit 1283, 298, 4.27775, 0
PixelHit 1283, 299, 1.33076, 0
PixelHit 1283, 300, 2.02334, 0
PixelHit 1284, 296, 3.31837, 0
PixelHit 1284, 297, 10.7205, 0
PixelHit 1284, 298, 14.2195, 0
PixelHit 1284, 299, 9.53811, 0
PixelHit 1284, 300, 5.75388, 0
PixelHit 1285, 296, 2.57274, 0
PixelHit 1285, 297, 18.536, 0
PixelHit 1285, 298, 20.4556, 0
PixelHit 1285, 299, 15.5385, 0
PixelHit 1285, 300, 4.98009, 0
PixelHit 1285, 301, 1.16211, 0
PixelHit 1286, 296, 8.91486, 0
PixelHit 1286, 297, 23.9632, 0
PixelHit 1286, 298, 31.7175, 0
PixelHit 1286, 299, 19.4572, 0
PixelHit 1286, 300, 6.86116, 0
PixelHit 1286, 301, 3.62931, 0
PixelHit 1287, 295, 7.80176, 0
PixelHit 1287, 296, 9.80992, 0
PixelHit 1287, 297, 37.0179, 0
PixelHit 1287, 298, 49.0015, 0
PixelHit 1287, 299, 48.2347, 0
PixelHit 1287, 300, 15.1535, 0
PixelHit 1287, 301, 5.63182, 0
PixelHit 1288, 295, 3.20784, 0
PixelHit 1288, 296, 17.9233, 0
PixelHit 1288, 297, 51.6068, 0
PixelHit 1288, 298, 94.1697, 0
PixelHit 1288, 299, 83.7176, 0
PixelHit 1288, 300, 38.3952, 0
PixelHit 1288, 301, 9.15933, 0
PixelHit 1288, 302, 2.48997, 0
PixelHit 1289, 295, 4.22081, 0
PixelHit 1289, 296, 18.754, 0
PixelHit 1289, 297, 63.2281, 0
PixelHit 1289, 298, 128.145, 0
PixelHit 1289, 299, 112.093, 0
PixelHit 1289, 300, 44.1305, 0
PixelHit 1289, 301, 6.30957, 0
PixelHit 1289, 302, 1.82134, 0
PixelHit 1290, 295, 2.89203, 0
PixelHit 1290, 296, 13.0465, 0
PixelHit 1290, 297, 31.5962, 0
PixelHit 1290, 298, 81.9534, 0
PixelHit 1290, 299, 89.0148, 0
PixelHit 1290, 300, 34.4057, 0
PixelHit 1290, 301, 13.759, 0
PixelHit 1291, 296, 7.90866, 0
PixelHit 1291, 297, 26.1074, 0
PixelHit 1291, 298, 46.1763, 0
PixelHit 1291, 299, 46.4436, 0
PixelHit 1291, 300, 20.3749, 0
PixelHit 1291, 301, 8.20485, 0
PixelHit 1292, 294, 0.59935, 0
PixelHit 1292, 295, 4.48117, 0
PixelHit 1292, 296, 1.78239, 0
PixelHit 1292, 297, 20.8897, 0
PixelHit 1292, 298, 44.0103, 0
PixelHit 1292, 299, 37.053, 0
PixelHit 1292, 300, 14.4973, 0
PixelHit 1292, 301, 7.95033, 0
PixelHit 1293, 296, 2.66213, 0
PixelHit 1293, 297, 27.2211, 0
PixelHit 1293, 298, 30.0129, 0
PixelHit 1293, 299, 26.0971, 0
PixelHit 1293, 300, 14.7769, 0
PixelHit 1293, 301, 5.12192, 0
PixelHit 1294, 296, 2.85622, 0
PixelHit 1294, 297, 13.5657, 0
PixelHit 1294, 298, 27.7572, 0
PixelHit 1294, 299, 17.877, 0
PixelHit 1294, 300, 7.75819, 0
PixelHit 1294, 301, 3.85749, 0
PixelHit 1295, 296, 2.42772, 0
PixelHit 1295, 297, 16.7932, 0
PixelHit 1295, 298, 18.9389, 0
PixelHit 1295, 299, 17.2678, 0
PixelHit 1295, 300, 13.9409, 0
PixelHit 1295, 301, 3.75534, 0
PixelHit 1296, 295, 2.38292, 0
PixelHit 1296, 296, 9.88679, 0
PixelHit 1296, 297, 25.8171, 0
PixelHit 1296, 298, 30.1008, 0
PixelHit 1296, 299, 26.2891, 0
PixelHit 1296, 300, 7.77644, 0
PixelHit 1296, 301, 1.69431, 0
PixelHit 1297, 295, 2.58117, 0
PixelHit 1297, 296, 11.4039, 0
PixelHit 1297, 297, 33.6307, 0
PixelHit 1297, 298, 48.1238, 0
PixelHit 1297, 299, 36.3246, 0
PixelHit 1297, 300, 7.26222, 0
PixelHit 1297, 301, 3.64263, 0
PixelHit 1298, 296, 16.8956, 0
PixelHit 1298, 297, 42.4235, 0
PixelHit 1298, 298, 50.4451, 0
PixelHit 1298, 299, 50.7934, 0
PixelHit 1298, 300, 10.5128, 0
PixelHit 1298, 301, 2.06032, 0
PixelHit 1299, 295, 3.99988, 0
PixelHit 1299, 296, 18.4966, 0
PixelHit 1299, 297, 41.0402, 0
PixelHit 1299, 298, 71.0257, 0
PixelHit 1299, 299, 40.4423, 0
PixelHit 1299, 300, 14.7083, 0
PixelHit 1299, 301, 3.3333, 0
PixelHit 1300, 295, 1.5237, 0
PixelHit 1300, 296, 20.4574, 0
PixelHit 1300, 297, 30.6933, 0
PixelHit 1300, 298, 48.4634, 0
PixelHit 1300, 299, 32.108, 0
PixelHit 1300, 300, 12.1215, 0
PixelHit 1301, 295, 2.52473, 0
PixelHit 1301, 296, 5.78544, 0
PixelHit 1301, 297, 22.6335, 0
PixelHit 1301, 298, 48.5318, 0
PixelHit 1301, 299, 19.4555, 0
PixelHit 1301, 300, 11.2337, 0
PixelHit 1301, 302, -0.0244639, 0
PixelHit 1302, 296, 4.80132, 0
PixelHit 1302, 297, 19.4925, 0
PixelHit 1302, 298, 17.6198, 0
PixelHit 1302, 299, 11.56, 0
PixelHit 1302, 300, 5.40974, 0
PixelHit 1302, 301, 0.732154, 0
PixelHit 1303, 296, 1.96252, 0
PixelHit 1303, 297, 2.72234, 0
PixelHit 1303, 298, 4.20279, 0
PixelHit 1303, 299, 8.13205, 0
PixelHit 1304, 296, 1.80155, 0
=== 99 ===
=== 100 ===
--- mydetector ---
PixelHit 1529, 894, 2.21617, 0
PixelHit 1530, 891, 2.46662, 0
PixelHit 1530, 892, 4.46546, 0
PixelHit 1530, 893, 7.32713, 0
PixelHit 1530, 894, 8.20411, 0
PixelHit 1530, 896, 1.70554, 0
PixelHit 1531, 891, 3.19849, 0
PixelHit 1531, 892, 31.6902, 0
PixelHit 1531, 893, 65.3649, 0
PixelHit 1531, 894, 67.0492, 0
PixelHit 1531, 895, 20.2513, 0
PixelHit 1531, 896, 10.6738, 0
PixelHit 1532, 890, 4.4988, 0
PixelHit 1532, 891, 42.2242, 0
PixelHit 1532, 892, 123.299, 0
PixelHit 1532, 893, 240.931, 0
PixelHit 1532, 894, 264.141, 0
PixelHit 1532, 895, 136.328, 0
PixelHit 1532, 896, 42.2062, 0
PixelHit 1532, 897, 8.5393, 0
PixelHit 1532, 898, 4.13833, 0
PixelHit 1533, 890, 2.49817, 0
PixelHit 1533, 891, 45.4201, 0
PixelHit 1533, 892, 245.989, 0
PixelHit 1533, 893, 460.182, 0
PixelHit 1533, 894, 491.927, 0
PixelHit 1533, 895, 284.61, 0
PixelHit 1533, 896, 171.096, 0
PixelHit 1533, 897, 62.1244, 0
PixelHit 1533, 898, 19.2026, 0
PixelHit 1533, 899, 3.48888, 0
PixelHit 1534, 890, 13.1743, 0
PixelHit 1534, 891, 60.5302, 0
PixelHit 1534, 892, 188.815, 0
PixelHit 1534, 893, 415.523, 0
PixelHit 1534, 894, 462.295, 0
PixelHit 1534, 895, 360.432, 0
PixelHit 1534, 896, 240.137, 0
PixelHit 1534, 897, 143.904, 0
PixelHit 1534, 898, 45.8256, 0
PixelHit 1534, 899, 3.70852, 0
PixelHit 1535, 890, 4.29538, 0
PixelHit 1535, 891, 12.7431, 0
PixelHit 1535, 892, 77.7852, 0
PixelHit 1535, 893, 182.842, 0
PixelHit 1535, 894, 242.621, 0
PixelHit 1535, 895, 292.471, 0
PixelHit 1535, 896, 269.481, 0
PixelHit 1535, 897, 156.055, 0
PixelHit 1535, 898, 75.1689, 0
PixelHit 1535, 899, 22.125, 0
PixelHit 1535, 900, 2.0242, 0
PixelHit 1536, 891, 7.71871, 0
PixelHit 1536, 892, 20.0934, 0
PixelHit 1536, 893, 34.7447, 0
PixelHit 1536, 894, 68.5208, 0
PixelHit 1536, 895, 111.604, 0
PixelHit 1536, 896, 184.869, 0
PixelHit 1536, 897, 166.153, 0
PixelHit 1536, 898, 84.1873, 0
PixelHit 1536, 899, 25.6817, 0
PixelHit 1536, 900, 0.591415, 0
PixelHit 1537, 892, 4.22056, 0
PixelHit 1537, 893, 5.83691, 0
PixelHit 1537, 894, 21.6621, 0
PixelHit 1537, 895, 45.4772, 0
PixelHit 1537, 896, 88.9779, 0
PixelHit 1537, 897, 72.975, 0
PixelHit 1537, 898, 52.3516, 0
PixelHit 1537, 899, 16.0976, 0
PixelHit 1538, 894, 4.42537, 0
PixelHit 1538, 895, 14.5827, 0
PixelHit 1538, 896, 29.5637, 0
PixelHit 1538, 897, 40.4429, 0
PixelHit 1538, 898, 21.2861, 0
PixelHit 1538, 899, 5.57817, 0
PixelHit 1538, 900, 3.53671, 0
PixelHit 1539, 895, 6.79871, 0
PixelHit 1539, 896, 13.9824, 0
PixelHit 1539, 897, 15.9272, 0
PixelHit 1539, 898, 9.48098, 0
PixelHit 1539, 899, 5.85799, 0
PixelHit 1540, 894, 3.22533, 0
PixelHit 1540, 895, 9.59856, 0
PixelHit 1540, 896, 15.9239, 0
PixelHit 1540, 897, 14.4341, 0
PixelHit 1540, 898, 5.96614, 0
PixelHit 1540, 899, 2.66291, 0
PixelHit 1541, 894, 1.77309, 0
PixelHit 1541, 895, 10.7895, 0
PixelHit 1541, 896, 10.2458, 0
PixelHit 1541, 897, 11.1618, 0
PixelHit 1541, 898, 11.9387, 0
PixelHit 1542, 895, 7.41896, 0
PixelHit 1542, 896, 9.17784, 0
PixelHit 1542, 897, 5.15647, 0
PixelHit 1542, 898, 2.69766, 0
PixelHit 1542, 899, 1.37787, 0
PixelHit 1543, 895, 1.57594, 0
PixelHit 1543, 897, 4.82298, 0
PixelHit 1543, 899, 0.865592, 0
PixelHit 1544, 897, 2.49032, 0
# 1291 objects from 7 messages
