# Allpix Squared ASCII data - https://cern.ch/allpix-squared

=== 1 ===
=== 2 ===
=== 3 ===
=== 4 ===
=== 5 ===
=== 6 ===
=== 7 ===
=== 8 ===
=== 9 ===
=== 10 ===
=== 11 ===
=== 12 ===
=== 13 ===
=== 14 ===
=== 15 ===
=== 16 ===
=== 17 ===
=== 18 ===
=== 19 ===
=== 20 ===
=== 21 ===
=== 22 ===
=== 23 ===
=== 24 ===
=== 25 ===
=== 26 ===
=== 27 ===
=== 28 ===
=== 29 ===
=== 30 ===
=== 31 ===
=== 32 ===
=== 33 ===
=== 34 ===
=== 35 ===
=== 36 ===
=== 37 ===
=== 38 ===
=== 39 ===
=== 40 ===
=== 41 ===
=== 42 ===
=== 43 ===
=== 44 ===
=== 45 ===
=== 46 ===
=== 47 ===
=== 48 ===
=== 49 ===
=== 50 ===
=== 51 ===
=== 52 ===
=== 53 ===
=== 54 ===
=== 55 ===
=== 56 ===
=== 57 ===
=== 58 ===
=== 59 ===
=== 60 ===
=== 61 ===
--- mydetector ---
PixelHit 1512, 1603, 22.3065, 0
PixelHit 1513, 1602, 3.70529, 0
PixelHit 1513, 1603, 20.122, 0
PixelHit 1514, 1602, 32.5799, 0
PixelHit 1514, 1603, 49.2379, 0
PixelHit 1515, 1602, 18.3762, 0
PixelHit 1515, 1603, 16.0941, 0
PixelHit 1516, 1602, 13.3748, 0
PixelHit 1517, 1602, 58.4151, 0
PixelHit 1517, 1603, 4.39942, 0
PixelHit 1518, 1601, 3.76053, 0
PixelHit 1518, 1602, 87.8805, 0
PixelHit 1518, 1603, 5.06222, 0
PixelHit 1519, 1601, 11.1924, 0
PixelHit 1519, 1602, 40.9869, 0
PixelHit 1520, 1601, 23.7061, 0
PixelHit 1520, 1602, 78.1164, 0
PixelHit 1520, 1603, 3.11877, 0
PixelHit 1521, 1600, 4.60787, 0
PixelHit 1521, 1601, 91.0119, 0
PixelHit 1521, 1602, 108.769, 0
PixelHit 1521, 1603, 2.31594, 0
PixelHit 1522, 1601, 174.411, 0
PixelHit 1522, 1602, 155.194, 0
PixelHit 1522, 1603, 2.887, 0
PixelHit 1523, 1600, 2.09246, 0
PixelHit 1523, 1601, 21.1394, 0
PixelHit 1523, 1602, 17.923, 0
PixelHit 1523, 1603, 1.14648, 0
PixelHit 1524, 1600, 7.32022, 0
PixelHit 1524, 1601, 68.6336, 0
PixelHit 1524, 1602, 19.6005, 0
PixelHit 1525, 1600, 4.26514, 0
PixelHit 1525, 1601, 21.9076, 0
PixelHit 1525, 1602, 6.5413, 0
PixelHit 1526, 1600, 14.3332, 0
PixelHit 1526, 1601, 30.6435, 0
PixelHit 1526, 1602, 10.04, 0
PixelHit 1527, 1600, 44.7061, 0
PixelHit 1527, 1601, 85.7293, 0
PixelHit 1527, 1602, 3.62827, 0
PixelHit 1528, 1599, 2.80492, 0
PixelHit 1528, 1600, 56.8211, 0
PixelHit 1528, 1601, 53.2161, 0
PixelHit 1528, 1602, 6.00148, 0
PixelHit 1529, 1599, 1.06917, 0
PixelHit 1529, 1600, 17.6672, 0
PixelHit 1529, 1601, 10.9453, 0
PixelHit 1530, 1599, 9.60535, 0
PixelHit 1530, 1600, 23.7293, 0
PixelHit 1530, 1601, 8.23472, 0
PixelHit 1531, 1599, 23.5927, 0
PixelHit 1531, 1600, 102.611, 0
PixelHit 1531, 1601, 37.467, 0
PixelHit 1531, 1602, 2.35092, 0
PixelHit 1532, 1598, 3.1337, 0
PixelHit 1532, 1599, 27.7631, 0
PixelHit 1532, 1600, 54.2483, 0
PixelHit 1532, 1601, 19.4505, 0
PixelHit 1533, 1598, 1.07769, 0
PixelHit 1533, 1599, 17.4212, 0
PixelHit 1533, 1600, 24.175, 0
PixelHit 1533, 1601, 3.19346, 0
PixelHit 1534, 1598, 3.23009, 0
PixelHit 1534, 1599, 28.0367, 0
PixelHit 1534, 1600, 28.7153, 0
PixelHit 1534, 1601, 4.23292, 0
PixelHit 1535, 1598, 3.21689, 0
PixelHit 1535, 1599, 15.3073, 0
PixelHit 1535, 1600, 18.1266, 0
PixelHit 1535, 1601, 3.78017, 0
PixelHit 1536, 1598, 7.31475, 0
PixelHit 1536, 1599, 23.0474, 0
PixelHit 1536, 1600, 16.6991, 0
PixelHit 1537, 1598, 6.72841, 0
PixelHit 1537, 1599, 18.6928, 0
PixelHit 1537, 1600, 5.24823, 0
PixelHit 1538, 1598, 5.40077, 0
PixelHit 1538, 1599, 15.1739, 0
PixelHit 1538, 1600, 2.66691, 0
PixelHit 1539, 1597, 2.79606, 0
PixelHit 1539, 1598, 47.6269, 0
PixelHit 1539, 1599, 54.7491, 0
PixelHit 1539, 1600, 9.02526, 0
PixelHit 1540, 1597, 8.84683, 0
PixelHit 1540, 1598, 116.404, 0
PixelHit 1540, 1599, 132.899, 0
PixelHit 1540, 1600, 14.685, 0
PixelHit 1541, 1596, 4.70629, 0
PixelHit 1541, 1597, 9.81215, 0
PixelHit 1541, 1598, 83.7377, 0
PixelHit 1541, 1599, 119.066, 0
PixelHit 1541, 1600, 14.7844, 0
PixelHit 1542, 1596, 2.28188, 0
PixelHit 1542, 1597, 6.61408, 0
PixelHit 1542, 1598, 39.2911, 0
PixelHit 1542, 1599, 31.4857, 0
PixelHit 1542, 1600, 7.47304, 0
PixelHit 1543, 1597, 5.97944, 0
PixelHit 1543, 1598, 48.5457, 0
PixelHit 1543, 1599, 19.3298, 0
PixelHit 1543, 1600, 2.88129, 0
PixelHit 1544, 1597, 27.525, 0
PixelHit 1544, 1598, 47.1882, 0
PixelHit 1544, 1599, 20.0325, 0
PixelHit 1544, 1600, 2.93579, 0
PixelHit 1545, 1596, 2.45286, 0
PixelHit 1545, 1597, 41.0679, 0
PixelHit 1545, 1598, 70.158, 0
PixelHit 1545, 1599, 16.6193, 0
PixelHit 1545, 1600, 4.51119, 0
PixelHit 1546, 1596, 3.92444, 0
PixelHit 1546, 1597, 30.0022, 0
PixelHit 1546, 1598, 37.1275, 0
PixelHit 1546, 1599, 4.69318, 0
PixelHit 1546, 1600, 1.93638, 0
PixelHit 1547, 1596, 7.65698, 0
PixelHit 1547, 1597, 19.8226, 0
PixelHit 1547, 1598, 26.3102, 0
PixelHit 1547, 1599, 5.48266, 0
PixelHit 1547, 1600, 2.49464, 0
PixelHit 1548, 1596, 10.9745, 0
PixelHit 1548, 1597, 46.211, 0
PixelHit 1548, 1598, 24.8078, 0
PixelHit 1548, 1599, 5.81508, 0
PixelHit 1549, 1596, 9.10794, 0
PixelHit 1549, 1597, 23.5918, 0
PixelHit 1549, 1598, 18.6404, 0
PixelHit 1549, 1599, 4.02188, 0
PixelHit 1550, 1597, 3.07452, 0
PixelHit 1550, 1598, 5.5304, 0
PixelHit 1551, 1596, 9.26621, 0
PixelHit 1551, 1597, 19.9802, 0
PixelHit 1551, 1598, 3.17307, 0
PixelHit 1552, 1595, 8.20742, 0
PixelHit 1552, 1596, 16.915, 0
PixelHit 1552, 1597, 20.8045, 0
PixelHit 1552, 1598, 11.3569, 0
PixelHit 1552, 1599, 2.98539, 0
PixelHit 1553, 1595, 0.199844, 0
PixelHit 1553, 1596, 11.0555, 0
PixelHit 1553, 1597, 23.496, 0
PixelHit 1553, 1598, 4.71231, 0
PixelHit 1554, 1596, 3.79658, 0
PixelHit 1554, 1597, 18.2144, 0
PixelHit 1554, 1598, 3.99643, 0
PixelHit 1555, 1595, 10.8908, 0
PixelHit 1555, 1596, 23.5782, 0
PixelHit 1555, 1597, 18.3838, 0
PixelHit 1555, 1598, 3.82167, 0
PixelHit 1556, 1595, 5.5646, 0
PixelHit 1556, 1596, 16.1997, 0
PixelHit 1556, 1597, 13.4063, 0
PixelHit 1557, 1595, 3.61921, 0
PixelHit 1557, 1596, 8.49051, 0
PixelHit 1557, 1597, 1.75309, 0
PixelHit 1558, 1594, 2.39117, 0
PixelHit 1558, 1596, 10.2498, 0
PixelHit 1559, 1594, 1.72192, 0
PixelHit 1559, 1595, 5.7259, 0
PixelHit 1559, 1596, 7.529, 0
PixelHit 1559, 1597, 5.33232, 0
PixelHit 1560, 1594, 4.57777, 0
PixelHit 1560, 1595, 12.8286, 0
PixelHit 1560, 1596, 6.80572, 0
PixelHit 1560, 1597, 2.11048, 0
PixelHit 1561, 1593, 3.26735, 0
PixelHit 1561, 1594, 19.0208, 0
PixelHit 1561, 1595, 19.1968, 0
PixelHit 1561, 1596, 5.2656, 0
PixelHit 1562, 1593, 4.06857, 0
PixelHit 1562, 1594, 19.5567, 0
PixelHit 1562, 1595, 45.7761, 0
PixelHit 1562, 1596, 26.0419, 0
PixelHit 1562, 1597, 3.75948, 0
PixelHit 1563, 1593, 2.28579, 0
PixelHit 1563, 1594, 16.6648, 0
PixelHit 1563, 1595, 43.2891, 0
PixelHit 1563, 1596, 18.0517, 0
PixelHit 1563, 1597, 6.0151, 0
PixelHit 1563, 1598, 1.83306, 0
PixelHit 1564, 1594, 12.0955, 0
PixelHit 1564, 1595, 14.046, 0
PixelHit 1564, 1596, 9.98513, 0
PixelHit 1564, 1598, -1.18056, 0
PixelHit 1565, 1593, 1.74755, 0
PixelHit 1565, 1594, 6.88525, 0
PixelHit 1565, 1595, 7.41654, 0
PixelHit 1565, 1596, 3.24324, 0
PixelHit 1566, 1592, 3.37021, 0
PixelHit 1566, 1593, 2.60665, 0
PixelHit 1566, 1594, 14.1759, 0
PixelHit 1566, 1595, 8.79299, 0
PixelHit 1566, 1596, 5.20886, 0
PixelHit 1567, 1593, 6.75288, 0
PixelHit 1567, 1594, 17.4585, 0
PixelHit 1567, 1595, 16.3604, 0
PixelHit 1567, 1596, 2.6382, 0
PixelHit 1568, 1592, 1.8973, 0
PixelHit 1568, 1593, 3.47053, 0
PixelHit 1568, 1595, 4.76356, 0
PixelHit 1568, 1596, 1.24161, 0
PixelHit 1569, 1593, 4.06512, 0
PixelHit 1569, 1594, 4.95908, 0
PixelHit 1569, 1595, 2.93367, 0
PixelHit 1569, 1596, 2.15151, 0
PixelHit 1570, 1592, 4.20619, 0
PixelHit 1570, 1593, 5.3433, 0
PixelHit 1570, 1594, 9.01921, 0
PixelHit 1570, 1595, 9.15366, 0
PixelHit 1571, 1591, 2.15315, 0
PixelHit 1571, 1592, 2.98848, 0
PixelHit 1571, 1593, 17.3013, 0
PixelHit 1571, 1594, 24.2748, 0
PixelHit 1571, 1595, 7.46675, 0
PixelHit 1572, 1592, 5.27426, 0
PixelHit 1572, 1593, 19.3266, 0
PixelHit 1572, 1594, 28.2366, 0
PixelHit 1572, 1595, 7.34264, 0
PixelHit 1572, 1596, 0.402936, 0
PixelHit 1573, 1591, 1.20141, 0
PixelHit 1573, 1592, 4.86556, 0
PixelHit 1573, 1593, 28.9343, 0
PixelHit 1573, 1594, 15.8056, 0
PixelHit 1573, 1595, 0.407814, 0
PixelHit 1573, 1596, 1.4703, 0
PixelHit 1574, 1592, 9.37656, 0
PixelHit 1574, 1593, 16.4146, 0
PixelHit 1574, 1594, 12.2441, 0
PixelHit 1574, 1595, 5.9466, 0
PixelHit 1575, 1591, 4.5729, 0
PixelHit 1575, 1592, 6.37162, 0
PixelHit 1575, 1593, 14.876, 0
PixelHit 1575, 1594, 11.4447, 0
PixelHit 1575, 1595, 2.50247, 0
PixelHit 1576, 1591, 3.69098, 0
PixelHit 1576, 1592, 13.9131, 0
PixelHit 1576, 1593, 26.4182, 0
PixelHit 1576, 1594, 9.92196, 0
PixelHit 1577, 1590, 0.986044, 0
PixelHit 1577, 1591, 6.96239, 0
PixelHit 1577, 1592, 32.4292, 0
PixelHit 1577, 1593, 30.7255, 0
PixelHit 1577, 1594, 11.587, 0
PixelHit 1577, 1595, 2.1989, 0
PixelHit 1578, 1591, 11.2545, 0
PixelHit 1578, 1592, 26.2473, 0
PixelHit 1578, 1593, 36.038, 0
PixelHit 1578, 1594, 21.3183, 0
PixelHit 1578, 1595, 7.23377, 0
PixelHit 1579, 1590, 2.42423, 0
PixelHit 1579, 1591, 13.1538, 0
PixelHit 1579, 1592, 28.2529, 0
PixelHit 1579, 1593, 31.4954, 0
PixelHit 1579, 1594, 12.5211, 0
PixelHit 1579, 1595, 2.70526, 0
PixelHit 1580, 1591, 3.26284, 0
PixelHit 1580, 1592, 13.4897, 0
PixelHit 1580, 1593, 10.062, 0
PixelHit 1580, 1594, 7.76028, 0
PixelHit 1581, 1591, 10.2215, 0
PixelHit 1581, 1592, 8.23888, 0
PixelHit 1581, 1593, 11.1693, 0
PixelHit 1582, 1590, 2.8191, 0
PixelHit 1582, 1591, 8.45924, 0
PixelHit 1582, 1592, 7.31553, 0
PixelHit 1582, 1593, 10.0183, 0
PixelHit 1582, 1594, 3.87921, 0
PixelHit 1583, 1590, 2.74962, 0
PixelHit 1583, 1591, 5.1186, 0
PixelHit 1583, 1592, 5.34328, 0
PixelHit 1583, 1593, 4.56953, 0
PixelHit 1583, 1594, 3.4699, 0
PixelHit 1584, 1591, 1.6218, 0
PixelHit 1584, 1593, 2.59665, 0
PixelHit 1584, 1594, 2.55042, 0
PixelHit 1585, 1589, 2.05948, 0
PixelHit 1585, 1590, 5.8557, 0
PixelHit 1585, 1591, 8.95249, 0
PixelHit 1585, 1592, 13.2445, 0
PixelHit 1585, 1593, 4.59853, 0
PixelHit 1585, 1594, 3.16233, 0
PixelHit 1586, 1589, 5.36961, 0
PixelHit 1586, 1590, 18.1214, 0
PixelHit 1586, 1591, 30.6513, 0
PixelHit 1586, 1592, 31.2777, 0
PixelHit 1586, 1593, 8.15179, 0
PixelHit 1587, 1589, 11.5804, 0
PixelHit 1587, 1590, 34.399, 0
PixelHit 1587, 1591, 68.3592, 0
PixelHit 1587, 1592, 59.5431, 0
PixelHit 1587, 1593, 15.9481, 0
PixelHit 1587, 1594, 6.76319, 0
PixelHit 1588, 1589, 10.9417, 0
PixelHit 1588, 1590, 41.6475, 0
PixelHit 1588, 1591, 78.5879, 0
PixelHit 1588, 1592, 60.7707, 0
PixelHit 1588, 1593, 23.2538, 0
PixelHit 1588, 1594, 3.72082, 0
PixelHit 1589, 1588, 2.05623, 0
PixelHit 1589, 1589, 3.7022, 0
PixelHit 1589, 1590, 13.1992, 0
PixelHit 1589, 1591, 24.8344, 0
PixelHit 1589, 1592, 23.1044, 0
PixelHit 1589, 1593, 11.3496, 0
PixelHit 1589, 1594, 1.65445, 0
PixelHit 1590, 1589, 1.74681, 0
PixelHit 1590, 1590, 3.24018, 0
PixelHit 1590, 1591, 3.98915, 0
PixelHit 1590, 1592, 11.8879, 0
PixelHit 1590, 1593, 5.6927, 0
PixelHit 1591, 1589, 2.53924, 0
PixelHit 1591, 1590, 9.85522, 0
PixelHit 1591, 1591, 7.3913, 0
PixelHit 1591, 1592, 8.44751, 0
PixelHit 1591, 1593, 1.05771, 0
PixelHit 1592, 1588, 3.03014, 0
PixelHit 1592, 1589, 7.30414, 0
PixelHit 1592, 1590, 12.4926, 0
PixelHit 1592, 1591, 15.6807, 0
PixelHit 1592, 1592, 4.52762, 0
PixelHit 1592, 1593, 1.28312, 0
PixelHit 1593, 1588, 1.34345, 0
PixelHit 1593, 1589, 6.45568, 0
PixelHit 1593, 1590, 17.3666, 0
PixelHit 1593, 1591, 11.82, 0
PixelHit 1593, 1592, 2.32573, 0
PixelHit 1593, 1593, 0.799469, 0
PixelHit 1594, 1588, 1.72759, 0
PixelHit 1594, 1589, 16.331, 0
PixelHit 1594, 1590, 16.0561, 0
PixelHit 1594, 1591, 15.8157, 0
PixelHit 1594, 1592, 8.85412, 0
PixelHit 1594, 1593, 3.23966, 0
PixelHit 1595, 1587, 1.8771, 0
PixelHit 1595, 1588, 2.58428, 0
PixelHit 1595, 1589, 9.59879, 0
PixelHit 1595, 1590, 13.7236, 0
PixelHit 1595, 1591, 7.48601, 0
PixelHit 1595, 1593, 1.40876, 0
PixelHit 1596, 1587, 3.48336, 0
PixelHit 1596, 1588, 4.97035, 0
PixelHit 1596, 1589, 5.67108, 0
PixelHit 1596, 1590, 20.1961, 0
PixelHit 1596, 1591, 7.42685, 0
PixelHit 1597, 1586, 1.28277, 0
PixelHit 1597, 1588, 6.37754, 0
PixelHit 1597, 1589, 20.6371, 0
PixelHit 1597, 1590, 20.5084, 0
PixelHit 1597, 1591, 8.00672, 0
PixelHit 1597, 1592, 2.69323, 0
PixelHit 1598, 1588, 6.17787, 0
PixelHit 1598, 1589, 12.2702, 0
PixelHit 1598, 1590, 19.5936, 0
PixelHit 1598, 1591, 9.89413, 0
PixelHit 1598, 1592, 2.77044, 0
PixelHit 1599, 1588, 7.8241, 0
PixelHit 1599, 1589, 15.5544, 0
PixelHit 1599, 1590, 19.4552, 0
PixelHit 1599, 1591, 5.8264, 0
PixelHit 1600, 1587, 1.07159, 0
PixelHit 1600, 1588, 5.87782, 0
PixelHit 1600, 1589, 7.71529, 0
PixelHit 1600, 1590, 8.59015, 0
PixelHit 1600, 1591, 2.90988, 0
PixelHit 1600, 1592, 1.47652, 0
PixelHit 1601, 1588, 4.3535, 0
PixelHit 1601, 1589, 8.96023, 0
PixelHit 1601, 1590, 7.73052, 0
PixelHit 1601, 1591, 2.73129, 0
PixelHit 1602, 1586, 0.933581, 0
PixelHit 1602, 1587, 3.76879, 0
PixelHit 1602, 1588, 10.1058, 0
PixelHit 1602, 1589, 6.06795, 0
PixelHit 1602, 1590, 4.86312, 0
PixelHit 1602, 1591, 2.41241, 0
PixelHit 1603, 1586, 4.56257, 0
PixelHit 1603, 1587, 4.17044, 0
PixelHit 1603, 1588, 5.79562, 0
PixelHit 1603, 1589, 17.8175, 0
PixelHit 1603, 1590, 9.77916, 0
PixelHit 1604, 1586, 2.7729, 0
PixelHit 1604, 1587, 10.5176, 0
PixelHit 1604, 1588, 19.1801, 0
PixelHit 1604, 1589, 20.1172, 0
PixelHit 1604, 1590, 7.22055, 0
PixelHit 1604, 1591, 6.49234, 0
PixelHit 1605, 1585, 3.70967, 0
PixelHit 1605, 1586, 3.30638, 0
PixelHit 1605, 1587, 15.9764, 0
PixelHit 1605, 1588, 31.2475, 0
PixelHit 1605, 1589, 33.6151, 0
PixelHit 1605, 1590, 4.3253, 0
PixelHit 1605, 1591, 2.36155, 0
PixelHit 1606, 1586, 3.27323, 0
PixelHit 1606, 1587, 17.8093, 0
PixelHit 1606, 1588, 24.4273, 0
PixelHit 1606, 1589, 40.0225, 0
PixelHit 1606, 1590, 21.2233, 0
PixelHit 1607, 1586, 2.34523, 0
PixelHit 1607, 1587, 12.8295, 0
PixelHit 1607, 1588, 25.6955, 0
PixelHit 1607, 1589, 23.4925, 0
PixelHit 1607, 1590, 6.21386, 0
PixelHit 1607, 1591, 4.86207, 0
PixelHit 1608, 1585, 1.91146, 0
PixelHit 1608, 1586, 4.35166, 0
PixelHit 1608, 1587, 8.37697, 0
PixelHit 1608, 1588, 15.8815, 0
PixelHit 1608, 1589, 14.7692, 0
PixelHit 1608, 1590, 4.62265, 0
PixelHit 1609, 1586, 2.17701, 0
PixelHit 1609, 1587, 10.8637, 0
PixelHit 1609, 1588, 6.68482, 0
PixelHit 1609, 1589, 9.32469, 0
PixelHit 1609, 1590, 2.23811, 0
PixelHit 1610, 1586, 6.4213, 0
PixelHit 1610, 1587, 6.22219, 0
PixelHit 1610, 1588, 11.4397, 0
PixelHit 1610, 1589, 12.5055, 0
PixelHit 1610, 1590, 1.52789, 0
PixelHit 1610, 1591, 1.78268, 0
PixelHit 1611, 1586, 8.5372, 0
PixelHit 1611, 1587, 12.0692, 0
PixelHit 1611, 1588, 10.7994, 0
PixelHit 1611, 1589, 4.27493, 0
PixelHit 1612, 1585, 1.06415, 0
PixelHit 1612, 1586, 7.31813, 0
PixelHit 1612, 1587, 8.53662, 0
PixelHit 1612, 1588, 6.29136, 0
PixelHit 1612, 1589, 3.17361, 0
PixelHit 1613, 1587, 7.00872, 0
PixelHit 1613, 1588, 6.90241, 0
PixelHit 1613, 1589, 6.99476, 0
PixelHit 1614, 1588, 4.42989, 0
PixelHit 1615, 1589, 2.90157, 0
PixelHit 1616, 1589, 0.172093, 0
=== 62 ===
=== 63 ===
=== 64 ===
=== 65 ===
=== 66 ===
=== 67 ===
=== 68 ===
=== 69 ===
=== 70 ===
=== 71 ===
=== 72 ===
=== 73 ===
=== 74 ===
=== 75 ===
=== 76 ===
=== 77 ===
=== 78 ===
=== 79 ===
=== 80 ===
=== 81 ===
=== 82 ===
=== 83 ===
=== 84 ===
=== 85 ===
=== 86 ===
=== 87 ===
=== 88 ===
=== 89 ===
=== 90 ===
=== 91 ===
=== 92 ===
=== 93 ===
=== 94 ===
=== 95 ===
=== 96 ===
=== 97 ===
=== 98 ===
=== 99 ===
=== 100 ===
# 437 objects from 1 messages
