# Allpix Squared ASCII data - https://cern.ch/allpix-squared

=== 1 ===
=== 2 ===
=== 3 ===
=== 4 ===
=== 5 ===
=== 6 ===
=== 7 ===
=== 8 ===
=== 9 ===
=== 10 ===
=== 11 ===
=== 12 ===
=== 13 ===
=== 14 ===
=== 15 ===
=== 16 ===
=== 17 ===
=== 18 ===
=== 19 ===
=== 20 ===
=== 21 ===
=== 22 ===
=== 23 ===
=== 24 ===
=== 25 ===
=== 26 ===
=== 27 ===
=== 28 ===
=== 29 ===
=== 30 ===
=== 31 ===
=== 32 ===
=== 33 ===
=== 34 ===
=== 35 ===
=== 36 ===
=== 37 ===
=== 38 ===
=== 39 ===
=== 40 ===
=== 41 ===
=== 42 ===
=== 43 ===
=== 44 ===
=== 45 ===
=== 46 ===
=== 47 ===
=== 48 ===
=== 49 ===
=== 50 ===
=== 51 ===
=== 52 ===
=== 53 ===
=== 54 ===
=== 55 ===
=== 56 ===
=== 57 ===
=== 58 ===
=== 59 ===
=== 60 ===
=== 61 ===
=== 62 ===
=== 63 ===
=== 64 ===
=== 65 ===
=== 66 ===
=== 67 ===
=== 68 ===
--- mydetector ---
PixelHit 753, 1777, 0.500331, 0
PixelHit 753, 1778, 0.810812, 0
PixelHit 754, 1777, 33.0511, 0
PixelHit 754, 1778, 0.632473, 0
PixelHit 755, 1775, 23.4233, 0
PixelHit 755, 1776, 46.1623, 0
PixelHit 755, 1777, 3.79167, 0
PixelHit 756, 1774, 11.4863, 0
PixelHit 756, 1775, 43.4981, 0
PixelHit 756, 1776, 17.2943, 0
PixelHit 757, 1772, 2.68718, 0
PixelHit 757, 1773, 13.6862, 0
PixelHit 757, 1774, 48.2762, 0
PixelHit 757, 1775, 9.83765, 0
PixelHit 758, 1771, 4.6516, 0
PixelHit 758, 1772, 9.10892, 0
PixelHit 758, 1773, 19.2368, 0
PixelHit 758, 1774, 9.89022, 0
PixelHit 759, 1770, 1.1827, 0
PixelHit 759, 1771, 12.2289, 0
PixelHit 759, 1772, 27.964, 0
PixelHit 759, 1773, 5.87034, 0
PixelHit 760, 1769, 2.69633, 0
PixelHit 760, 1770, 18.3485, 0
PixelHit 760, 1771, 17.1128, 0
PixelHit 760, 1772, 5.60963, 0
PixelHit 761, 1767, 2.26142, 0
PixelHit 761, 1768, 5.78766, 0
PixelHit 761, 1769, 23.0028, 0
PixelHit 761, 1770, 21.387, 0
PixelHit 761, 1771, 9.14921, 0
PixelHit 762, 1767, 13.2027, 0
PixelHit 762, 1768, 19.6923, 0
PixelHit 762, 1769, 25.406, 0
PixelHit 762, 1770, 7.2148, 0
PixelHit 762, 1771, 4.28913, 0
PixelHit 763, 1764, 3.40595, 0
PixelHit 763, 1766, 6.13833, 0
PixelHit 763, 1767, 20.6501, 0
PixelHit 763, 1768, 33.7063, 0
PixelHit 763, 1769, 8.91103, 0
PixelHit 764, 1765, 2.78791, 0
PixelHit 764, 1766, 26.7719, 0
PixelHit 764, 1767, 23.6775, 0
PixelHit 764, 1768, 14.983, 0
PixelHit 764, 1769, 2.29106, 0
PixelHit 765, 1763, 6.30913, 0
PixelHit 765, 1764, 21.3498, 0
PixelHit 765, 1765, 12.9269, 0
PixelHit 765, 1766, 13.8157, 0
PixelHit 765, 1767, 10.5087, 0
PixelHit 765, 1768, 1.11258, 0
PixelHit 766, 1762, 3.5936, 0
PixelHit 766, 1763, 12.1797, 0
PixelHit 766, 1764, 29.6026, 0
PixelHit 766, 1765, 34.9805, 0
PixelHit 766, 1766, 3.59674, 0
PixelHit 766, 1767, 0.528449, 0
PixelHit 767, 1756, 1.09436, 0
PixelHit 767, 1762, 4.47124, 0
PixelHit 767, 1763, 6.52067, 0
PixelHit 767, 1764, 15.6615, 0
PixelHit 767, 1765, 16.2881, 0
PixelHit 767, 1766, 1.55669, 0
PixelHit 768, 1761, 2.88105, 0
PixelHit 768, 1763, 2.72148, 0
PixelHit 768, 1764, 6.47651, 0
PixelHit 768, 1765, 2.37102, 0
PixelHit 769, 1759, 5.76631, 0
PixelHit 769, 1760, 5.74471, 0
PixelHit 769, 1761, 2.22071, 0
PixelHit 769, 1763, 3.69708, 0
PixelHit 770, 1756, 2.64295, 0
PixelHit 770, 1757, 2.51642, 0
PixelHit 770, 1758, 0.737456, 0
PixelHit 770, 1759, 20.3532, 0
PixelHit 770, 1760, 10.1108, 0
PixelHit 770, 1761, 8.53365, 0
PixelHit 771, 1754, 1.32461, 0
PixelHit 771, 1755, 3.6468, 0
PixelHit 771, 1756, 10.3062, 0
PixelHit 771, 1757, 17.1618, 0
PixelHit 771, 1758, 18.0331, 0
PixelHit 771, 1759, 20.0637, 0
PixelHit 771, 1760, 12.176, 0
PixelHit 771, 1761, 5.8574, 0
PixelHit 771, 1762, 4.01062, 0
PixelHit 772, 1754, 8.78022, 0
PixelHit 772, 1755, 17.9737, 0
PixelHit 772, 1756, 71.1959, 0
PixelHit 772, 1757, 65.1298, 0
PixelHit 772, 1758, 46.4255, 0
PixelHit 772, 1759, 31.4649, 0
PixelHit 772, 1760, 8.17413, 0
PixelHit 772, 1761, 2.51576, 0
PixelHit 773, 1754, 14.4759, 0
PixelHit 773, 1755, 81.6832, 0
PixelHit 773, 1756, 132.355, 0
PixelHit 773, 1757, 169.933, 0
PixelHit 773, 1758, 79.4166, 0
PixelHit 773, 1759, 24.155, 0
PixelHit 773, 1760, 1.53181, 0
PixelHit 774, 1753, 6.45306, 0
PixelHit 774, 1754, 17.4221, 0
PixelHit 774, 1755, 75.8097, 0
PixelHit 774, 1756, 176.391, 0
PixelHit 774, 1757, 172.311, 0
PixelHit 774, 1758, 65.84, 0
PixelHit 774, 1759, 11.4689, 0
PixelHit 774, 1760, 1.42234, 0
PixelHit 775, 1751, 5.85136, 0
PixelHit 775, 1752, 6.69848, 0
PixelHit 775, 1753, 25.3866, 0
PixelHit 775, 1754, 20.8552, 0
PixelHit 775, 1755, 49.3735, 0
PixelHit 775, 1756, 71.6551, 0
PixelHit 775, 1757, 70.3231, 0
PixelHit 775, 1758, 23.2702, 0
PixelHit 775, 1759, 4.80258, 0
PixelHit 776, 1750, 3.79955, 0
PixelHit 776, 1751, 13.1142, 0
PixelHit 776, 1752, 19.8854, 0
PixelHit 776, 1753, 43.9909, 0
PixelHit 776, 1754, 37.125, 0
PixelHit 776, 1755, 27.947, 0
PixelHit 776, 1756, 13.6746, 0
PixelHit 776, 1757, 11.327, 0
PixelHit 776, 1758, 3.90626, 0
PixelHit 776, 1759, 1.1022, 0
PixelHit 776, 1760, 0.805198, 0
PixelHit 777, 1749, 3.03946, 0
PixelHit 777, 1750, 8.00935, 0
PixelHit 777, 1751, 21.9925, 0
PixelHit 777, 1752, 29.1131, 0
PixelHit 777, 1753, 51.2233, 0
PixelHit 777, 1754, 39.5251, 0
PixelHit 777, 1755, 19.4962, 0
PixelHit 777, 1756, 3.62334, 0
PixelHit 778, 1748, 3.1338, 0
PixelHit 778, 1749, 4.61853, 0
PixelHit 778, 1750, 10.3732, 0
PixelHit 778, 1751, 25.9435, 0
PixelHit 778, 1752, 37.6895, 0
PixelHit 778, 1753, 20.7804, 0
PixelHit 778, 1754, 24.3792, 0
PixelHit 778, 1755, 3.44788, 0
PixelHit 778, 1756, 2.48865, 0
PixelHit 778, 1757, 2.62832, 0
PixelHit 779, 1748, 7.83031, 0
PixelHit 779, 1749, 9.14562, 0
PixelHit 779, 1750, 24.6025, 0
PixelHit 779, 1751, 31.0519, 0
PixelHit 779, 1752, 23.8749, 0
PixelHit 779, 1753, 10.5024, 0
PixelHit 780, 1746, 2.4978, 0
PixelHit 780, 1747, 6.27411, 0
PixelHit 780, 1748, 15.7869, 0
PixelHit 780, 1749, 12.6339, 0
PixelHit 780, 1750, 17.1141, 0
PixelHit 780, 1751, 13.0035, 0
PixelHit 780, 1752, 5.62442, 0
PixelHit 780, 1753, 2.83454, 0
PixelHit 781, 1747, 7.3896, 0
PixelHit 781, 1748, 13.2012, 0
PixelHit 781, 1749, 13.7263, 0
PixelHit 781, 1750, 6.82671, 0
PixelHit 781, 1751, 4.74299, 0
PixelHit 781, 1752, 3.44769, 0
PixelHit 782, 1746, 4.49296, 0
PixelHit 782, 1747, 13.5357, 0
PixelHit 782, 1748, 9.93816, 0
PixelHit 782, 1749, 13.905, 0
PixelHit 782, 1750, 6.07281, 0
PixelHit 782, 1751, 1.96254, 0
PixelHit 782, 1754, 2.38414, 0
PixelHit 783, 1746, 1.94436, 0
PixelHit 783, 1747, 6.58861, 0
PixelHit 783, 1748, 5.41049, 0
PixelHit 784, 1747, 3.23879, 0
PixelHit 784, 1748, 1.8141, 0
PixelHit 784, 1749, 0.739282, 0
=== 69 ===
=== 70 ===
=== 71 ===
=== 72 ===
=== 73 ===
=== 74 ===
=== 75 ===
=== 76 ===
=== 77 ===
=== 78 ===
=== 79 ===
=== 80 ===
=== 81 ===
=== 82 ===
=== 83 ===
=== 84 ===
--- mydetector ---
PixelHit 501, 1448, 34.2484, 0
PixelHit 501, 1449, 7.88015, 0
PixelHit 502, 1447, 18.77, 0
PixelHit 502, 1448, 102.262, 0
PixelHit 502, 1449, 11.3829, 0
PixelHit 503, 1445, 6.05678, 0
PixelHit 503, 1446, 33.0203, 0
PixelHit 503, 1447, 59.9845, 0
PixelHit 503, 1448, 8.6492, 0
PixelHit 504, 1445, 32.9604, 0
PixelHit 504, 1446, 244.788, 0
PixelHit 504, 1447, 86.5682, 0
PixelHit 504, 1448, 3.31752, 0
PixelHit 505, 1443, 6.52728, 0
PixelHit 505, 1444, 24.8917, 0
PixelHit 505, 1445, 117.398, 0
PixelHit 505, 1446, 137.595, 0
PixelHit 505, 1447, 25.0603, 0
PixelHit 506, 1443, 6.90083, 0
PixelHit 506, 1444, 92.4695, 0
PixelHit 506, 1445, 154.406, 0
PixelHit 506, 1446, 32.1732, 0
PixelHit 506, 1447, 3.35993, 0
PixelHit 507, 1441, 2.82327, 0
PixelHit 507, 1442, 12.8379, 0
PixelHit 507, 1443, 17.1691, 0
PixelHit 507, 1444, 38.6625, 0
PixelHit 507, 1445, 39.6072, 0
PixelHit 507, 1446, 4.31251, 0
PixelHit 508, 1441, 4.50013, 0
PixelHit 508, 1442, 44.977, 0
PixelHit 508, 1443, 64.1872, 0
PixelHit 508, 1444, 16.1279, 0
PixelHit 508, 1445, 3.4895, 0
PixelHit 509, 1438, 2.79348, 0
PixelHit 509, 1440, 6.41884, 0
PixelHit 509, 1441, 27.8017, 0
PixelHit 509, 1442, 56.278, 0
PixelHit 509, 1443, 60.5499, 0
PixelHit 509, 1444, 6.405, 0
PixelHit 510, 1439, 0.966574, 0
PixelHit 510, 1440, 11.0576, 0
PixelHit 510, 1441, 40.2411, 0
PixelHit 510, 1442, 37.9966, 0
PixelHit 510, 1443, 15.4348, 0
PixelHit 510, 1444, 1.85222, 0
PixelHit 511, 1438, 4.55428, 0
PixelHit 511, 1439, 13.1084, 0
PixelHit 511, 1440, 16.5616, 0
PixelHit 511, 1441, 29.9613, 0
PixelHit 511, 1442, 8.42521, 0
PixelHit 512, 1436, 1.45343, 0
PixelHit 512, 1437, 5.61053, 0
PixelHit 512, 1438, 17.2286, 0
PixelHit 512, 1439, 28.6808, 0
PixelHit 512, 1440, 19.099, 0
PixelHit 512, 1441, 8.91336, 0
PixelHit 512, 1442, 8.01126, 0
PixelHit 513, 1435, 0.637893, 0
PixelHit 513, 1436, 5.40386, 0
PixelHit 513, 1437, 23.5869, 0
PixelHit 513, 1438, 50.519, 0
PixelHit 513, 1439, 75.8869, 0
PixelHit 513, 1440, 28.9004, 0
PixelHit 514, 1435, 4.7068, 0
PixelHit 514, 1436, 16.2038, 0
PixelHit 514, 1437, 43.9627, 0
PixelHit 514, 1438, 76.698, 0
PixelHit 514, 1439, 53.3922, 0
PixelHit 514, 1440, 19.8343, 0
PixelHit 514, 1441, 2.79523, 0
PixelHit 514, 1442, 1.65818, 0
PixelHit 515, 1434, 2.19936, 0
PixelHit 515, 1435, 4.38255, 0
PixelHit 515, 1436, 28.5549, 0
PixelHit 515, 1437, 47.9619, 0
PixelHit 515, 1438, 51.2988, 0
PixelHit 515, 1439, 24.4618, 0
PixelHit 515, 1440, 5.34166, 0
PixelHit 516, 1434, 0.994213, 0
PixelHit 516, 1435, 16.7414, 0
PixelHit 516, 1436, 30.15, 0
PixelHit 516, 1437, 36.3602, 0
PixelHit 516, 1438, 21.8395, 0
PixelHit 516, 1439, 5.9178, 0
PixelHit 516, 1440, 2.48947, 0
PixelHit 517, 1433, 4.02144, 0
PixelHit 517, 1434, 13.7373, 0
PixelHit 517, 1435, 17.894, 0
PixelHit 517, 1436, 39.0944, 0
PixelHit 517, 1437, 23.3604, 0
PixelHit 517, 1438, 6.07509, 0
PixelHit 518, 1432, 6.71216, 0
PixelHit 518, 1433, 11.0365, 0
PixelHit 518, 1434, 23.14, 0
PixelHit 518, 1435, 26.2164, 0
PixelHit 518, 1436, 17.3443, 0
PixelHit 518, 1437, 12.1683, 0
PixelHit 519, 1431, 4.26691, 0
PixelHit 519, 1432, 10.485, 0
PixelHit 519, 1433, 23.4447, 0
PixelHit 519, 1434, 18.0953, 0
PixelHit 519, 1435, 20.5626, 0
PixelHit 519, 1436, 19.3199, 0
PixelHit 519, 1437, 1.18533, 0
PixelHit 519, 1438, 1.68312, 0
PixelHit 520, 1431, 3.12433, 0
PixelHit 520, 1432, 12.494, 0
PixelHit 520, 1433, 28.9635, 0
PixelHit 520, 1434, 29.9619, 0
PixelHit 520, 1435, 12.2447, 0
PixelHit 520, 1436, 9.48039, 0
PixelHit 521, 1430, 4.96478, 0
PixelHit 521, 1431, 13.7611, 0
PixelHit 521, 1432, 14.3408, 0
PixelHit 521, 1433, 22.3234, 0
PixelHit 521, 1434, 17.0148, 0
PixelHit 521, 1435, 2.0694, 0
PixelHit 522, 1430, 1.0146, 0
PixelHit 522, 1431, 6.32267, 0
PixelHit 522, 1432, 17.9743, 0
PixelHit 522, 1433, 5.47494, 0
PixelHit 522, 1434, 7.81199, 0
PixelHit 522, 1435, 5.44407, 0
PixelHit 523, 1430, 3.14671, 0
PixelHit 523, 1431, 7.50424, 0
PixelHit 523, 1432, 7.54987, 0
PixelHit 523, 1433, 4.72624, 0
PixelHit 524, 1431, 1.31812, 0
PixelHit 524, 1432, 3.18666, 0
PixelHit 524, 1434, 2.12581, 0
PixelHit 525, 1432, 1.40963, 0
=== 85 ===
=== 86 ===
=== 87 ===
=== 88 ===
=== 89 ===
=== 90 ===
=== 91 ===
=== 92 ===
=== 93 ===
=== 94 ===
=== 95 ===
=== 96 ===
=== 97 ===
=== 98 ===
=== 99 ===
=== 100 ===
# 313 objects from 2 messages
