# Allpix Squared ASCII data - https://cern.ch/allpix-squared

=== 1 ===
=== 2 ===
=== 3 ===
=== 4 ===
=== 5 ===
=== 6 ===
=== 7 ===
=== 8 ===
=== 9 ===
=== 10 ===
=== 11 ===
=== 12 ===
=== 13 ===
=== 14 ===
=== 15 ===
=== 16 ===
=== 17 ===
=== 18 ===
=== 19 ===
--- mydetector ---
PixelHit 215, 180, 1.53581, 0
PixelHit 215, 181, 2.96352, 0
PixelHit 216, 178, 4.91805, 0
PixelHit 216, 179, 34.3261, 0
PixelHit 216, 180, 10.3909, 0
PixelHit 216, 181, 70.8954, 0
PixelHit 217, 174, 2.06615, 0
PixelHit 217, 175, 0.589818, 0
PixelHit 217, 176, 1.23841, 0
PixelHit 217, 177, 9.17809, 0
PixelHit 217, 178, 81.3994, 0
PixelHit 217, 179, 36.9967, 0
PixelHit 217, 180, 12.1864, 0
PixelHit 218, 173, 10.4392, 0
PixelHit 218, 174, 22.2548, 0
PixelHit 218, 175, 15.1588, 0
PixelHit 218, 176, 5.98335, 0
PixelHit 218, 177, 13.5905, 0
PixelHit 218, 178, 19.9949, 0
PixelHit 218, 179, 4.34136, 0
PixelHit 219, 170, 3.31137, 0
PixelHit 219, 171, 3.39622, 0
PixelHit 219, 172, 7.49978, 0
PixelHit 219, 173, 31.0695, 0
PixelHit 219, 174, 91.5966, 0
PixelHit 219, 175, 56.4048, 0
PixelHit 219, 176, 2.42621, 0
PixelHit 220, 168, 3.6262, 0
PixelHit 220, 169, 11.3154, 0
PixelHit 220, 170, 17.6448, 0
PixelHit 220, 171, 17.6085, 0
PixelHit 220, 172, 13.6008, 0
PixelHit 220, 173, 25.4869, 0
PixelHit 220, 174, 59.5083, 0
PixelHit 220, 175, 23.5451, 0
PixelHit 221, 166, 3.57858, 0
PixelHit 221, 167, 13.27, 0
PixelHit 221, 168, 21.4155, 0
PixelHit 221, 169, 57.946, 0
PixelHit 221, 170, 69.3145, 0
PixelHit 221, 171, 38.2633, 0
PixelHit 221, 172, 20.5409, 0
PixelHit 221, 173, 5.04172, 0
PixelHit 221, 175, 2.0645, 0
PixelHit 222, 163, 2.95456, 0
PixelHit 222, 164, 3.33254, 0
PixelHit 222, 165, 2.32982, 0
PixelHit 222, 166, 17.0198, 0
PixelHit 222, 167, 33.0343, 0
PixelHit 222, 168, 47.9189, 0
PixelHit 222, 169, 67.6623, 0
PixelHit 222, 170, 67.874, 0
PixelHit 222, 171, 25.5767, 0
PixelHit 222, 172, 4.57505, 0
PixelHit 222, 173, 2.18284, 0
PixelHit 223, 159, 1.83989, 0
PixelHit 223, 162, 3.94836, 0
PixelHit 223, 163, 11.7993, 0
PixelHit 223, 164, 16.9128, 0
PixelHit 223, 165, 25.1524, 0
PixelHit 223, 166, 32.7582, 0
PixelHit 223, 167, 56.1259, 0
PixelHit 223, 168, 51.4816, 0
PixelHit 223, 169, 27.0869, 0
PixelHit 223, 170, 15.3717, 0
PixelHit 223, 171, 6.0585, 0
PixelHit 223, 172, 3.47174, 0
PixelHit 224, 160, 5.2731, 0
PixelHit 224, 161, 5.81498, 0
PixelHit 224, 162, 19.9539, 0
PixelHit 224, 163, 43.3882, 0
PixelHit 224, 164, 55.3357, 0
PixelHit 224, 165, 38.9692, 0
PixelHit 224, 166, 33.8116, 0
PixelHit 224, 167, 25.3808, 0
PixelHit 224, 168, 17.3835, 0
PixelHit 224, 169, 4.92974, 0
PixelHit 224, 171, 1.56223, 0
PixelHit 225, 156, 0.906895, 0
PixelHit 225, 158, 2.22277, 0
PixelHit 225, 159, 4.85008, 0
PixelHit 225, 160, 16.6377, 0
PixelHit 225, 161, 22.033, 0
PixelHit 225, 162, 30.8169, 0
PixelHit 225, 163, 51.4362, 0
PixelHit 225, 164, 50.3882, 0
PixelHit 225, 165, 25.0137, 0
PixelHit 225, 166, 17.0819, 0
PixelHit 225, 167, 6.6156, 0
PixelHit 225, 168, 3.52942, 0
PixelHit 226, 155, 3.56461, 0
PixelHit 226, 156, 10.2341, 0
PixelHit 226, 157, 16.2981, 0
PixelHit 226, 158, 10.5678, 0
PixelHit 226, 159, 22.0386, 0
PixelHit 226, 160, 35.0947, 0
PixelHit 226, 161, 37.7886, 0
PixelHit 226, 162, 43.8754, 0
PixelHit 226, 163, 44.6504, 0
PixelHit 226, 164, 18.641, 0
PixelHit 226, 165, 12.3567, 0
PixelHit 226, 167, 3.51778, 0
PixelHit 227, 154, 4.90065, 0
PixelHit 227, 155, 17.7128, 0
PixelHit 227, 156, 31.7893, 0
PixelHit 227, 157, 30.0185, 0
PixelHit 227, 158, 32.437, 0
PixelHit 227, 159, 16.9056, 0
PixelHit 227, 160, 24.2822, 0
PixelHit 227, 161, 30.4468, 0
PixelHit 227, 162, 18.4551, 0
PixelHit 227, 163, 9.75353, 0
PixelHit 227, 164, 4.09093, 0
PixelHit 227, 165, 3.69804, 0
PixelHit 228, 152, 1.11841, 0
PixelHit 228, 153, 9.25361, 0
PixelHit 228, 154, 7.34507, 0
PixelHit 228, 155, 23.2764, 0
PixelHit 228, 156, 51.0042, 0
PixelHit 228, 157, 50.953, 0
PixelHit 228, 158, 37.5094, 0
PixelHit 228, 159, 23.1571, 0
PixelHit 228, 160, 9.54115, 0
PixelHit 228, 161, 16.8841, 0
PixelHit 228, 162, 3.09134, 0
PixelHit 229, 153, 12.4034, 0
PixelHit 229, 154, 17.4465, 0
PixelHit 229, 155, 37.3349, 0
PixelHit 229, 156, 53.7444, 0
PixelHit 229, 157, 58.4101, 0
PixelHit 229, 158, 45.0602, 0
PixelHit 229, 159, 10.8467, 0
PixelHit 229, 162, 4.91174, 0
PixelHit 230, 151, 1.92943, 0
PixelHit 230, 152, 6.40078, 0
PixelHit 230, 153, 8.42253, 0
PixelHit 230, 154, 14.4452, 0
PixelHit 230, 155, 18.6331, 0
PixelHit 230, 156, 34.9885, 0
PixelHit 230, 157, 21.6391, 0
PixelHit 230, 158, 15.6493, 0
PixelHit 230, 159, 6.16329, 0
PixelHit 230, 160, 2.93895, 0
PixelHit 231, 151, 0.531815, 0
PixelHit 231, 152, 2.38222, 0
PixelHit 231, 153, 6.36331, 0
PixelHit 231, 154, 8.24217, 0
PixelHit 231, 155, 9.39505, 0
PixelHit 231, 156, 5.41945, 0
PixelHit 231, 157, 5.56414, 0
PixelHit 231, 158, 3.73625, 0
PixelHit 232, 151, 0.835213, 0
PixelHit 232, 153, 3.96122, 0
PixelHit 232, 154, 1.60931, 0
PixelHit 232, 155, 2.10316, 0
PixelHit 232, 156, 3.37019, 0
PixelHit 233, 154, 1.58549, 0
=== 20 ===
=== 21 ===
=== 22 ===
=== 23 ===
=== 24 ===
=== 25 ===
=== 26 ===
=== 27 ===
=== 28 ===
=== 29 ===
=== 30 ===
=== 31 ===
=== 32 ===
=== 33 ===
=== 34 ===
=== 35 ===
=== 36 ===
=== 37 ===
=== 38 ===
=== 39 ===
=== 40 ===
=== 41 ===
=== 42 ===
=== 43 ===
=== 44 ===
=== 45 ===
=== 46 ===
=== 47 ===
=== 48 ===
=== 49 ===
=== 50 ===
=== 51 ===
=== 52 ===
=== 53 ===
=== 54 ===
=== 55 ===
=== 56 ===
=== 57 ===
=== 58 ===
=== 59 ===
=== 60 ===
=== 61 ===
=== 62 ===
=== 63 ===
--- mydetector ---
PixelHit 183, 1864, 2.6051, 0
PixelHit 183, 1865, 22.4787, 0
PixelHit 183, 1866, 20.0765, 0
PixelHit 184, 1861, 14.2739, 0
PixelHit 184, 1862, 25.7449, 0
PixelHit 184, 1863, 11.1884, 0
PixelHit 184, 1864, 6.48677, 0
PixelHit 184, 1865, 29.7794, 0
PixelHit 184, 1866, 9.0766, 0
PixelHit 185, 1857, 3.51828, 0
PixelHit 185, 1858, 7.17022, 0
PixelHit 185, 1859, 8.38196, 0
PixelHit 185, 1860, 13.971, 0
PixelHit 185, 1861, 71.7278, 0
PixelHit 185, 1862, 106.89, 0
PixelHit 185, 1863, 9.58905, 0
PixelHit 185, 1864, 1.31991, 0
PixelHit 186, 1855, 3.56696, 0
PixelHit 186, 1856, 8.91195, 0
PixelHit 186, 1857, 20.5486, 0
PixelHit 186, 1858, 43.7935, 0
PixelHit 186, 1859, 49.0897, 0
PixelHit 186, 1860, 34.1778, 0
PixelHit 186, 1861, 22.0301, 0
PixelHit 186, 1862, 14.6682, 0
PixelHit 186, 1863, 2.15285, 0
PixelHit 187, 1850, 1.78685, 0
PixelHit 187, 1851, 0.492797, 0
PixelHit 187, 1853, 6.44261, 0
PixelHit 187, 1854, 9.16264, 0
PixelHit 187, 1855, 12.9447, 0
PixelHit 187, 1856, 22.5992, 0
PixelHit 187, 1857, 30.1591, 0
PixelHit 187, 1858, 37.7644, 0
PixelHit 187, 1859, 21.3397, 0
PixelHit 187, 1860, 5.28106, 0
PixelHit 188, 1849, 2.7972, 0
PixelHit 188, 1851, 21.724, 0
PixelHit 188, 1852, 12.1417, 0
PixelHit 188, 1853, 30.91, 0
PixelHit 188, 1854, 34.4054, 0
PixelHit 188, 1855, 19.5827, 0
PixelHit 188, 1856, 14.689, 0
PixelHit 188, 1857, 3.7227, 0
PixelHit 188, 1858, 7.20042, 0
PixelHit 189, 1843, 1.70685, 0
PixelHit 189, 1845, 5.99915, 0
PixelHit 189, 1846, 4.22062, 0
PixelHit 189, 1847, 6.68192, 0
PixelHit 189, 1848, 3.68016, 0
PixelHit 189, 1849, 13.3162, 0
PixelHit 189, 1850, 30.1217, 0
PixelHit 189, 1851, 48.1886, 0
PixelHit 189, 1852, 24.2031, 0
PixelHit 189, 1853, 22.4089, 0
PixelHit 189, 1854, 19.8466, 0
PixelHit 189, 1855, 10.9267, 0
PixelHit 189, 1856, 4.53065, 0
PixelHit 189, 1857, 1.3863, 0
PixelHit 190, 1843, 1.71157, 0
PixelHit 190, 1844, 5.53272, 0
PixelHit 190, 1845, 13.9958, 0
PixelHit 190, 1846, 37.2812, 0
PixelHit 190, 1847, 44.636, 0
PixelHit 190, 1848, 27.1903, 0
PixelHit 190, 1849, 28.015, 0
PixelHit 190, 1850, 27.5519, 0
PixelHit 190, 1851, 34.2389, 0
PixelHit 190, 1852, 19.7193, 0
PixelHit 190, 1853, 6.90161, 0
PixelHit 190, 1854, 3.81524, 0
PixelHit 191, 1841, 1.30477, 0
PixelHit 191, 1843, 19.844, 0
PixelHit 191, 1844, 39.4557, 0
PixelHit 191, 1845, 56.3275, 0
PixelHit 191, 1846, 88.9926, 0
PixelHit 191, 1847, 89.2284, 0
PixelHit 191, 1848, 40.8094, 0
PixelHit 191, 1849, 25.5106, 0
PixelHit 191, 1850, 13.9181, 0
PixelHit 191, 1851, 6.41092, 0
PixelHit 191, 1852, 3.63642, 0
PixelHit 192, 1838, 4.32044, 0
PixelHit 192, 1839, 6.02627, 0
PixelHit 192, 1840, 10.8403, 0
PixelHit 192, 1841, 11.6799, 0
PixelHit 192, 1842, 12.3786, 0
PixelHit 192, 1843, 45.9004, 0
PixelHit 192, 1844, 65.0604, 0
PixelHit 192, 1845, 84.1607, 0
PixelHit 192, 1846, 71.8957, 0
PixelHit 192, 1847, 41.8325, 0
PixelHit 192, 1848, 25.0325, 0
PixelHit 192, 1849, 2.52674, 0
PixelHit 192, 1850, 1.45513, 0
PixelHit 193, 1835, 5.20174, 0
PixelHit 193, 1836, 3.015, 0
PixelHit 193, 1837, 2.20927, 0
PixelHit 193, 1838, 8.4475, 0
PixelHit 193, 1839, 28.399, 0
PixelHit 193, 1840, 40.1265, 0
PixelHit 193, 1841, 20.8042, 0
PixelHit 193, 1842, 13.0957, 0
PixelHit 193, 1843, 27.014, 0
PixelHit 193, 1844, 43.4513, 0
PixelHit 193, 1845, 42.2683, 0
PixelHit 193, 1846, 33.1095, 0
PixelHit 193, 1847, 12.5868, 0
PixelHit 193, 1848, 6.30921, 0
PixelHit 194, 1833, 3.62248, 0
PixelHit 194, 1834, 6.39427, 0
PixelHit 194, 1835, 13.1368, 0
PixelHit 194, 1836, 22.9771, 0
PixelHit 194, 1837, 14.0798, 0
PixelHit 194, 1838, 34.9916, 0
PixelHit 194, 1839, 48.1357, 0
PixelHit 194, 1840, 44.8192, 0
PixelHit 194, 1841, 22.5339, 0
PixelHit 194, 1842, 15.6487, 0
PixelHit 194, 1843, 4.65733, 0
PixelHit 194, 1844, 17.7858, 0
PixelHit 194, 1845, 14.3715, 0
PixelHit 194, 1847, 2.5666, 0
PixelHit 195, 1828, 1.32372, 0
PixelHit 195, 1830, 1.0696, 0
PixelHit 195, 1831, 2.35335, 0
PixelHit 195, 1832, 4.19458, 0
PixelHit 195, 1833, 6.56606, 0
PixelHit 195, 1834, 10.4928, 0
PixelHit 195, 1835, 39.4159, 0
PixelHit 195, 1836, 38.8522, 0
PixelHit 195, 1837, 28.4765, 0
PixelHit 195, 1838, 14.5426, 0
PixelHit 195, 1839, 39.2012, 0
PixelHit 195, 1840, 38.0864, 0
PixelHit 195, 1841, 10.1914, 0
PixelHit 195, 1842, 8.86232, 0
PixelHit 195, 1843, 4.28004, 0
PixelHit 195, 1844, 2.37742, 0
PixelHit 195, 1846, 2.80454, 0
PixelHit 196, 1828, 1.45485, 0
PixelHit 196, 1831, 3.03568, 0
PixelHit 196, 1832, 15.3661, 0
PixelHit 196, 1833, 11.7272, 0
PixelHit 196, 1834, 15.3503, 0
PixelHit 196, 1835, 38.7456, 0
PixelHit 196, 1836, 37.2426, 0
PixelHit 196, 1837, 27.5891, 0
PixelHit 196, 1838, 10.1646, 0
PixelHit 196, 1839, 9.85864, 0
PixelHit 196, 1840, 9.59143, 0
PixelHit 196, 1841, 3.92958, 0
PixelHit 196, 1842, 3.31751, 0
PixelHit 197, 1826, 0.98335, 0
PixelHit 197, 1828, 4.44633, 0
PixelHit 197, 1829, 4.39878, 0
PixelHit 197, 1830, 6.30645, 0
PixelHit 197, 1831, 13.5468, 0
PixelHit 197, 1832, 20.9129, 0
PixelHit 197, 1833, 21.099, 0
PixelHit 197, 1834, 26.884, 0
PixelHit 197, 1835, 25.8752, 0
PixelHit 197, 1836, 21.6504, 0
PixelHit 197, 1837, 20.4599, 0
PixelHit 197, 1838, 4.34572, 0
PixelHit 197, 1839, 2.95388, 0
PixelHit 197, 1840, 1.0486, 0
PixelHit 198, 1827, 4.20677, 0
PixelHit 198, 1828, 4.64259, 0
PixelHit 198, 1829, 13.5056, 0
PixelHit 198, 1830, 9.45197, 0
PixelHit 198, 1831, 16.7811, 0
PixelHit 198, 1832, 11.9166, 0
PixelHit 198, 1833, 5.24683, 0
PixelHit 198, 1834, 10.3414, 0
PixelHit 198, 1835, 6.69398, 0
PixelHit 198, 1836, 6.16533, 0
PixelHit 198, 1837, 3.00975, 0
PixelHit 199, 1826, 1.32177, 0
PixelHit 199, 1828, 6.63799, 0
PixelHit 199, 1829, 7.09249, 0
PixelHit 199, 1830, 7.49424, 0
PixelHit 199, 1831, 3.55639, 0
PixelHit 199, 1832, 2.56108, 0
PixelHit 199, 1834, 0.789166, 0
PixelHit 200, 1826, 1.46714, 0
PixelHit 200, 1828, 2.22954, 0
PixelHit 200, 1829, 3.69051, 0
PixelHit 200, 1830, 1.21147, 0
PixelHit 200, 1831, 2.6336, 0
PixelHit 200, 1832, 1.41684, 0
PixelHit 201, 1827, 1.6209, 0
=== 64 ===
=== 65 ===
=== 66 ===
=== 67 ===
=== 68 ===
=== 69 ===
=== 70 ===
=== 71 ===
=== 72 ===
=== 73 ===
=== 74 ===
=== 75 ===
=== 76 ===
=== 77 ===
=== 78 ===
=== 79 ===
=== 80 ===
=== 81 ===
=== 82 ===
=== 83 ===
=== 84 ===
=== 85 ===
=== 86 ===
=== 87 ===
=== 88 ===
=== 89 ===
=== 90 ===
=== 91 ===
=== 92 ===
=== 93 ===
=== 94 ===
=== 95 ===
=== 96 ===
=== 97 ===
=== 98 ===
=== 99 ===
=== 100 ===
# 349 objects from 2 messages
