# Allpix Squared ASCII data - https://cern.ch/allpix-squared

=== 1 ===
=== 2 ===
=== 3 ===
=== 4 ===
=== 5 ===
=== 6 ===
=== 7 ===
=== 8 ===
=== 9 ===
=== 10 ===
=== 11 ===
=== 12 ===
=== 13 ===
=== 14 ===
=== 15 ===
=== 16 ===
=== 17 ===
=== 18 ===
=== 19 ===
=== 20 ===
=== 21 ===
=== 22 ===
=== 23 ===
=== 24 ===
=== 25 ===
=== 26 ===
=== 27 ===
=== 28 ===
=== 29 ===
=== 30 ===
=== 31 ===
=== 32 ===
=== 33 ===
=== 34 ===
=== 35 ===
=== 36 ===
=== 37 ===
=== 38 ===
--- mydetector ---
PixelHit 955, 1732, 1.96758, 0
PixelHit 955, 1733, 1.09771, 0
PixelHit 956, 1729, -0.0165851, 0
PixelHit 956, 1732, 1.25511, 0
PixelHit 957, 1729, 2.98762, 0
PixelHit 957, 1731, 7.29751, 0
PixelHit 957, 1732, 11.6358, 0
PixelHit 957, 1733, 7.82841, 0
PixelHit 957, 1734, 3.11945, 0
PixelHit 958, 1729, 5.26991, 0
PixelHit 958, 1730, 10.4362, 0
PixelHit 958, 1731, 41.9045, 0
PixelHit 958, 1732, 47.514, 0
PixelHit 958, 1733, 28.4506, 0
PixelHit 958, 1734, 7.11689, 0
PixelHit 959, 1728, 2.1602, 0
PixelHit 959, 1729, 9.13878, 0
PixelHit 959, 1730, 29.0898, 0
PixelHit 959, 1731, 58.2727, 0
PixelHit 959, 1732, 56.7924, 0
PixelHit 959, 1733, 48.5224, 0
PixelHit 959, 1734, 15.8444, 0
PixelHit 960, 1729, 6.67594, 0
PixelHit 960, 1730, 20.9984, 0
PixelHit 960, 1731, 57.0254, 0
PixelHit 960, 1732, 62.8121, 0
PixelHit 960, 1733, 37.3286, 0
PixelHit 960, 1734, 8.51827, 0
PixelHit 960, 1735, 2.92825, 0
PixelHit 961, 1729, 5.00247, 0
PixelHit 961, 1730, 10.1843, 0
PixelHit 961, 1731, 26.7097, 0
PixelHit 961, 1732, 28.7093, 0
PixelHit 961, 1733, 18.8904, 0
PixelHit 961, 1734, 4.42399, 0
PixelHit 962, 1731, 1.85205, 0
PixelHit 962, 1732, 10.2583, 0
PixelHit 962, 1733, 4.35137, 0
PixelHit 985, 1842, 0.94051, 0
PixelHit 986, 1837, 1.71919, 0
PixelHit 986, 1838, 1.8453, 0
PixelHit 986, 1839, 9.86568, 0
PixelHit 986, 1840, 6.25422, 0
PixelHit 986, 1841, 46.2767, 0
PixelHit 986, 1842, 15.4666, 0
PixelHit 987, 1837, 3.82128, 0
PixelHit 987, 1838, 76.2281, 0
PixelHit 987, 1839, 138.118, 0
PixelHit 987, 1840, 30.7838, 0
PixelHit 987, 1841, 23.3747, 0
PixelHit 988, 1833, 0.641354, 0
PixelHit 988, 1834, 7.36771, 0
PixelHit 988, 1835, 12.6283, 0
PixelHit 988, 1836, 11.7413, 0
PixelHit 988, 1837, 12.4341, 0
PixelHit 988, 1838, 71.3838, 0
PixelHit 988, 1839, 102.732, 0
PixelHit 988, 1840, 16.7862, 0
PixelHit 989, 1829, 3.0057, 0
PixelHit 989, 1831, 3.5809, 0
PixelHit 989, 1832, 3.67116, 0
PixelHit 989, 1833, 12.1263, 0
PixelHit 989, 1834, 21.727, 0
PixelHit 989, 1835, 42.5815, 0
PixelHit 989, 1836, 28.9959, 0
PixelHit 989, 1837, 5.52383, 0
PixelHit 989, 1838, 1.66072, 0
PixelHit 989, 1839, 7.08082, 0
PixelHit 990, 1828, 6.69034, 0
PixelHit 990, 1829, 2.15141, 0
PixelHit 990, 1830, 22.1317, 0
PixelHit 990, 1831, 18.5059, 0
PixelHit 990, 1832, 11.5269, 0
PixelHit 990, 1833, 16.1625, 0
PixelHit 990, 1834, 23.3409, 0
PixelHit 990, 1835, 20.2224, 0
PixelHit 990, 1836, 11.8968, 0
PixelHit 990, 1837, 2.6742, 0
PixelHit 991, 1824, 2.27647, 0
PixelHit 991, 1827, 4.9283, 0
PixelHit 991, 1828, 13.6406, 0
PixelHit 991, 1829, 23.0814, 0
PixelHit 991, 1830, 37.4337, 0
PixelHit 991, 1831, 56.6264, 0
PixelHit 991, 1832, 36.7191, 0
PixelHit 991, 1833, 17.0241, 0
PixelHit 991, 1834, 10.7038, 0
PixelHit 991, 1836, 2.06804, 0
PixelHit 992, 1820, 0.634554, 0
PixelHit 992, 1822, 1.44179, 0
PixelHit 992, 1824, 3.62754, 0
PixelHit 992, 1825, 3.55913, 0
PixelHit 992, 1826, 5.1949, 0
PixelHit 992, 1827, 13.5064, 0
PixelHit 992, 1828, 12.3595, 0
PixelHit 992, 1829, 20.6029, 0
PixelHit 992, 1830, 29.274, 0
PixelHit 992, 1831, 29.5537, 0
PixelHit 992, 1832, 8.95881, 0
PixelHit 992, 1833, 8.50852, 0
PixelHit 993, 1819, 1.51087, 0
PixelHit 993, 1821, 3.84708, 0
PixelHit 993, 1822, 6.59129, 0
PixelHit 993, 1823, 18.2395, 0
PixelHit 993, 1824, 11.9548, 0
PixelHit 993, 1825, 15.522, 0
PixelHit 993, 1826, 8.60558, 0
PixelHit 993, 1827, 5.78504, 0
PixelHit 993, 1828, 11.0628, 0
PixelHit 993, 1829, 16.3832, 0
PixelHit 993, 1830, 10.8052, 0
PixelHit 993, 1831, 4.89498, 0
PixelHit 993, 1832, 1.26452, 0
PixelHit 994, 1819, 2.11022, 0
PixelHit 994, 1820, 5.58775, 0
PixelHit 994, 1821, 17.508, 0
PixelHit 994, 1822, 14.4651, 0
PixelHit 994, 1823, 22.0198, 0
PixelHit 994, 1824, 37.0203, 0
PixelHit 994, 1825, 23.0323, 0
PixelHit 994, 1826, 11.3283, 0
PixelHit 994, 1827, 3.2709, 0
PixelHit 994, 1828, 3.71246, 0
PixelHit 995, 1818, 3.10514, 0
PixelHit 995, 1819, 1.36669, 0
PixelHit 995, 1820, 6.62468, 0
PixelHit 995, 1821, 20.8603, 0
PixelHit 995, 1822, 39.0923, 0
PixelHit 995, 1823, 31.4035, 0
PixelHit 995, 1824, 15.9816, 0
PixelHit 995, 1825, 9.09988, 0
PixelHit 995, 1826, 5.0075, 0
PixelHit 995, 1827, 4.02024, 0
PixelHit 995, 1828, 0.979175, 0
PixelHit 996, 1820, 9.43732, 0
PixelHit 996, 1821, 8.98329, 0
PixelHit 996, 1822, 24.7473, 0
PixelHit 996, 1823, 13.9437, 0
PixelHit 996, 1824, 13.3749, 0
PixelHit 996, 1825, 5.58706, 0
PixelHit 996, 1826, 2.46139, 0
PixelHit 997, 1820, 1.37739, 0
PixelHit 997, 1821, 9.16368, 0
PixelHit 997, 1822, 10.0496, 0
PixelHit 997, 1823, 11.0643, 0
PixelHit 997, 1824, 3.2238, 0
PixelHit 997, 1825, 3.0881, 0
PixelHit 997, 1826, 2.16327, 0
PixelHit 998, 1820, 1.6974, 0
PixelHit 998, 1821, 2.58413, 0
PixelHit 998, 1823, 0.819779, 0
PixelHit 1357, 906, 1.28598, 0
PixelHit 1357, 907, 2.96521, 0
PixelHit 1357, 909, 1.03633, 0
PixelHit 1357, 910, 3.21133, 0
PixelHit 1357, 911, 4.27267, 0
PixelHit 1358, 905, 6.08247, 0
PixelHit 1358, 906, 8.5556, 0
PixelHit 1358, 907, 7.81125, 0
PixelHit 1358, 908, 17.4744, 0
PixelHit 1358, 909, 21.9341, 0
PixelHit 1358, 910, 14.1279, 0
PixelHit 1358, 911, 13.7373, 0
PixelHit 1359, 904, 2.93718, 0
PixelHit 1359, 905, 15.3186, 0
PixelHit 1359, 906, 41.9979, 0
PixelHit 1359, 907, 72.0289, 0
PixelHit 1359, 908, 82.4747, 0
PixelHit 1359, 909, 64.907, 0
PixelHit 1359, 910, 51.0511, 0
PixelHit 1359, 911, 34.0337, 0
PixelHit 1359, 912, 7.79993, 0
PixelHit 1359, 913, 0.886399, 0
PixelHit 1360, 903, 3.22267, 0
PixelHit 1360, 904, 6.03897, 0
PixelHit 1360, 905, 50.5902, 0
PixelHit 1360, 906, 124.682, 0
PixelHit 1360, 907, 167.134, 0
PixelHit 1360, 908, 200.397, 0
PixelHit 1360, 909, 164.533, 0
PixelHit 1360, 910, 125.817, 0
PixelHit 1360, 911, 48.182, 0
PixelHit 1360, 912, 20.4285, 0
PixelHit 1360, 913, 0.73009, 0
PixelHit 1360, 914, 2.5363, 0
PixelHit 1361, 903, 2.85784, 0
PixelHit 1361, 904, 16.7769, 0
PixelHit 1361, 905, 92.5683, 0
PixelHit 1361, 906, 181.666, 0
PixelHit 1361, 907, 251.783, 0
PixelHit 1361, 908, 217.503, 0
PixelHit 1361, 909, 193.696, 0
PixelHit 1361, 910, 142.993, 0
PixelHit 1361, 911, 56.9006, 0
PixelHit 1361, 912, 25.8099, 0
PixelHit 1361, 913, 3.07286, 0
PixelHit 1362, 903, 4.67959, 0
PixelHit 1362, 904, 46.2366, 0
PixelHit 1362, 905, 133.667, 0
PixelHit 1362, 906, 226.151, 0
PixelHit 1362, 907, 260.256, 0
PixelHit 1362, 908, 164.222, 0
PixelHit 1362, 909, 115.313, 0
PixelHit 1362, 910, 75.707, 0
PixelHit 1362, 911, 28.4323, 0
PixelHit 1362, 912, 5.07864, 0
PixelHit 1363, 903, 9.75539, 0
PixelHit 1363, 904, 66.9065, 0
PixelHit 1363, 905, 242.105, 0
PixelHit 1363, 906, 390.598, 0
PixelHit 1363, 907, 334.847, 0
PixelHit 1363, 908, 151.263, 0
PixelHit 1363, 909, 55.9781, 0
PixelHit 1363, 910, 22.5207, 0
PixelHit 1363, 911, 8.20017, 0
PixelHit 1363, 912, 5.07469, 0
PixelHit 1364, 902, 1.79005, 0
PixelHit 1364, 903, 8.95193, 0
PixelHit 1364, 904, 94.3096, 0
PixelHit 1364, 905, 403.874, 0
PixelHit 1364, 906, 749.193, 0
PixelHit 1364, 907, 597.121, 0
PixelHit 1364, 908, 249.687, 0
PixelHit 1364, 909, 43.6346, 0
PixelHit 1364, 910, 7.98335, 0
PixelHit 1364, 912, 0.873202, 0
PixelHit 1365, 902, 2.23219, 0
PixelHit 1365, 903, 13.255, 0
PixelHit 1365, 904, 77.7343, 0
PixelHit 1365, 905, 374.956, 0
PixelHit 1365, 906, 687.632, 0
PixelHit 1365, 907, 619.487, 0
PixelHit 1365, 908, 215.502, 0
PixelHit 1365, 909, 47.4984, 0
PixelHit 1365, 910, 2.53512, 0
PixelHit 1365, 911, 2.69846, 0
PixelHit 1366, 903, 9.07962, 0
PixelHit 1366, 904, 36.6454, 0
PixelHit 1366, 905, 140.932, 0
PixelHit 1366, 906, 305.742, 0
PixelHit 1366, 907, 263.164, 0
PixelHit 1366, 908, 104.4, 0
PixelHit 1366, 909, 23.7997, 0
PixelHit 1367, 904, 8.7035, 0
PixelHit 1367, 905, 33.0133, 0
PixelHit 1367, 906, 64.8496, 0
PixelHit 1367, 907, 58.9594, 0
PixelHit 1367, 908, 15.8575, 0
PixelHit 1367, 909, 4.468, 0
PixelHit 1368, 904, 1.87597, 0
PixelHit 1368, 905, 1.59971, 0
PixelHit 1368, 906, 3.31876, 0
PixelHit 1368, 907, 7.44232, 0
PixelHit 1368, 908, 1.48676, 0
=== 39 ===
=== 40 ===
=== 41 ===
=== 42 ===
=== 43 ===
=== 44 ===
=== 45 ===
=== 46 ===
=== 47 ===
=== 48 ===
=== 49 ===
=== 50 ===
=== 51 ===
=== 52 ===
=== 53 ===
=== 54 ===
=== 55 ===
=== 56 ===
=== 57 ===
=== 58 ===
=== 59 ===
=== 60 ===
=== 61 ===
=== 62 ===
=== 63 ===
=== 64 ===
=== 65 ===
=== 66 ===
=== 67 ===
=== 68 ===
=== 69 ===
=== 70 ===
=== 71 ===
=== 72 ===
=== 73 ===
=== 74 ===
=== 75 ===
=== 76 ===
=== 77 ===
=== 78 ===
=== 79 ===
=== 80 ===
=== 81 ===
=== 82 ===
=== 83 ===
=== 84 ===
=== 85 ===
=== 86 ===
=== 87 ===
=== 88 ===
=== 89 ===
=== 90 ===
=== 91 ===
=== 92 ===
=== 93 ===
=== 94 ===
=== 95 ===
=== 96 ===
=== 97 ===
=== 98 ===
=== 99 ===
=== 100 ===
# 254 objects from 1 messages
