# Allpix Squared ASCII data - https://cern.ch/allpix-squared

=== 1 ===
=== 2 ===
=== 3 ===
=== 4 ===
=== 5 ===
=== 6 ===
=== 7 ===
=== 8 ===
=== 9 ===
=== 10 ===
=== 11 ===
=== 12 ===
=== 13 ===
=== 14 ===
=== 15 ===
=== 16 ===
=== 17 ===
=== 18 ===
=== 19 ===
=== 20 ===
=== 21 ===
=== 22 ===
=== 23 ===
=== 24 ===
=== 25 ===
=== 26 ===
=== 27 ===
=== 28 ===
=== 29 ===
=== 30 ===
=== 31 ===
=== 32 ===
=== 33 ===
=== 34 ===
=== 35 ===
=== 36 ===
--- mydetector ---
PixelHit 1466, 1141, 1.24287, 0
PixelHit 1466, 1142, 62.6438, 0
PixelHit 1467, 1141, 7.40611, 0
PixelHit 1467, 1142, 19.8012, 0
PixelHit 1467, 1143, 1.08515, 0
PixelHit 1468, 1141, 9.45952, 0
PixelHit 1468, 1142, 7.60729, 0
PixelHit 1469, 1140, 4.33393, 0
PixelHit 1469, 1141, 43.5917, 0
PixelHit 1469, 1142, 1.57093, 0
PixelHit 1470, 1140, 17.0467, 0
PixelHit 1470, 1141, 12.824, 0
PixelHit 1471, 1139, 6.44925, 0
PixelHit 1471, 1140, 34.5327, 0
PixelHit 1471, 1141, 8.24235, 0
PixelHit 1472, 1139, 60.3135, 0
PixelHit 1472, 1140, 123.547, 0
PixelHit 1472, 1141, 3.24258, 0
PixelHit 1473, 1138, 8.32351, 0
PixelHit 1473, 1139, 164.786, 0
PixelHit 1473, 1140, 95.9652, 0
PixelHit 1474, 1137, 2.31948, 0
PixelHit 1474, 1138, 3.3107, 0
PixelHit 1474, 1139, 31.3227, 0
PixelHit 1474, 1140, 35.5453, 0
PixelHit 1474, 1141, 1.12097, 0
PixelHit 1475, 1138, 20.4089, 0
PixelHit 1475, 1139, 19.0662, 0
PixelHit 1476, 1138, 34.3018, 0
PixelHit 1476, 1139, 14.8953, 0
PixelHit 1476, 1140, 1.72817, 0
PixelHit 1477, 1136, 1.71117, 0
PixelHit 1477, 1137, 11.0245, 0
PixelHit 1477, 1138, 35.1964, 0
PixelHit 1477, 1139, 5.1287, 0
PixelHit 1478, 1137, 18.2269, 0
PixelHit 1478, 1138, 27.0111, 0
PixelHit 1478, 1139, 2.19606, 0
PixelHit 1479, 1136, 8.94736, 0
PixelHit 1479, 1137, 23.83, 0
PixelHit 1479, 1138, 6.51487, 0
PixelHit 1480, 1135, 6.15616, 0
PixelHit 1480, 1136, 48.494, 0
PixelHit 1480, 1137, 88.8918, 0
PixelHit 1480, 1138, 5.3022, 0
PixelHit 1481, 1136, 34.3583, 0
PixelHit 1481, 1137, 34.9748, 0
PixelHit 1481, 1138, 3.13286, 0
PixelHit 1482, 1135, 8.3478, 0
PixelHit 1482, 1136, 20.3489, 0
PixelHit 1482, 1137, 9.47433, 0
PixelHit 1483, 1134, 1.11978, 0
PixelHit 1483, 1135, 14.2234, 0
PixelHit 1483, 1136, 5.73272, 0
PixelHit 1484, 1133, 2.48146, 0
PixelHit 1484, 1134, 3.27407, 0
PixelHit 1484, 1135, 27.8482, 0
PixelHit 1484, 1136, 11.0245, 0
PixelHit 1485, 1133, 4.57334, 0
PixelHit 1485, 1134, 25.6001, 0
PixelHit 1485, 1135, 31.4625, 0
PixelHit 1485, 1136, 10.6362, 0
PixelHit 1486, 1132, 2.93657, 0
PixelHit 1486, 1133, 7.64852, 0
PixelHit 1486, 1134, 22.576, 0
PixelHit 1486, 1135, 34.4576, 0
PixelHit 1486, 1136, 8.32638, 0
PixelHit 1486, 1137, -0.228072, 0
PixelHit 1487, 1132, 4.12762, 0
PixelHit 1487, 1133, 31.695, 0
PixelHit 1487, 1134, 67.1466, 0
PixelHit 1487, 1135, 21.7379, 0
PixelHit 1487, 1136, 4.26552, 0
PixelHit 1488, 1132, 32.6194, 0
PixelHit 1488, 1133, 130.569, 0
PixelHit 1488, 1134, 169.163, 0
PixelHit 1488, 1135, 33.3257, 0
PixelHit 1488, 1136, 2.09843, 0
PixelHit 1489, 1131, 3.20174, 0
PixelHit 1489, 1132, 24.2506, 0
PixelHit 1489, 1133, 119.341, 0
PixelHit 1489, 1134, 130.874, 0
PixelHit 1489, 1135, 29.9057, 0
PixelHit 1490, 1131, 3.32595, 0
PixelHit 1490, 1132, 12.9868, 0
PixelHit 1490, 1133, 32.7355, 0
PixelHit 1490, 1134, 33.4345, 0
PixelHit 1490, 1135, 5.01855, 0
PixelHit 1491, 1130, 1.70004, 0
PixelHit 1491, 1131, 10.5174, 0
PixelHit 1491, 1132, 36.5628, 0
PixelHit 1491, 1133, 22.7566, 0
PixelHit 1491, 1134, 6.48412, 0
PixelHit 1492, 1131, 11.0377, 0
PixelHit 1492, 1132, 38.8502, 0
PixelHit 1492, 1133, 22.286, 0
PixelHit 1492, 1134, 6.10879, 0
PixelHit 1493, 1130, 5.28029, 0
PixelHit 1493, 1131, 13.3551, 0
PixelHit 1493, 1132, 19.2268, 0
PixelHit 1493, 1133, 10.5391, 0
PixelHit 1493, 1134, 2.30867, 0
PixelHit 1494, 1129, 2.54762, 0
PixelHit 1494, 1130, 9.85804, 0
PixelHit 1494, 1131, 12.9865, 0
PixelHit 1494, 1132, 19.4862, 0
PixelHit 1494, 1133, 4.21965, 0
PixelHit 1495, 1129, 7.92681, 0
PixelHit 1495, 1130, 12.1305, 0
PixelHit 1495, 1131, 28.6749, 0
PixelHit 1495, 1132, 15.2859, 0
PixelHit 1496, 1129, 4.5555, 0
PixelHit 1496, 1130, 27.5922, 0
PixelHit 1496, 1131, 27.4997, 0
PixelHit 1496, 1132, 10.9976, 0
PixelHit 1496, 1133, 2.99486, 0
PixelHit 1497, 1128, 2.61288, 0
PixelHit 1497, 1129, 13.9254, 0
PixelHit 1497, 1130, 20.6769, 0
PixelHit 1497, 1131, 21.0624, 0
PixelHit 1497, 1132, 1.4634, 0
PixelHit 1498, 1128, 6.1995, 0
PixelHit 1498, 1129, 28.8578, 0
PixelHit 1498, 1130, 31.2916, 0
PixelHit 1498, 1131, 9.68269, 0
PixelHit 1499, 1128, 8.86098, 0
PixelHit 1499, 1129, 22.4363, 0
PixelHit 1499, 1130, 22.8761, 0
PixelHit 1499, 1131, 10.1244, 0
PixelHit 1500, 1128, 6.86088, 0
PixelHit 1500, 1129, 20.4302, 0
PixelHit 1500, 1130, 7.33096, 0
PixelHit 1501, 1126, 2.15615, 0
PixelHit 1501, 1127, 5.00698, 0
PixelHit 1501, 1128, 16.9059, 0
PixelHit 1501, 1129, 13.8791, 0
PixelHit 1501, 1130, 5.22165, 0
PixelHit 1502, 1126, 4.63563, 0
PixelHit 1502, 1127, 3.14966, 0
PixelHit 1502, 1128, 7.79699, 0
PixelHit 1502, 1129, 16.0289, 0
PixelHit 1502, 1130, 2.55894, 0
PixelHit 1503, 1125, 1.73954, 0
PixelHit 1503, 1126, 2.67928, 0
PixelHit 1503, 1127, 7.24015, 0
PixelHit 1503, 1128, 7.40083, 0
PixelHit 1503, 1129, 8.94016, 0
PixelHit 1503, 1130, 0.638947, 0
PixelHit 1504, 1126, 15.8636, 0
PixelHit 1504, 1127, 38.0078, 0
PixelHit 1504, 1128, 18.6811, 0
PixelHit 1504, 1129, 7.03295, 0
PixelHit 1505, 1125, 6.48944, 0
PixelHit 1505, 1126, 29.4399, 0
PixelHit 1505, 1127, 53.9817, 0
PixelHit 1505, 1128, 29.182, 0
PixelHit 1505, 1129, 6.03713, 0
PixelHit 1506, 1124, 3.09331, 0
PixelHit 1506, 1125, 4.41334, 0
PixelHit 1506, 1126, 20.024, 0
PixelHit 1506, 1127, 37.6469, 0
PixelHit 1506, 1128, 22.7622, 0
PixelHit 1506, 1129, 3.01074, 0
PixelHit 1507, 1122, 0.616672, 0
PixelHit 1507, 1125, 13.1075, 0
PixelHit 1507, 1126, 23.0094, 0
PixelHit 1507, 1127, 19.5938, 0
PixelHit 1507, 1128, 10.8204, 0
PixelHit 1507, 1129, 3.51392, 0
PixelHit 1508, 1125, 9.60707, 0
PixelHit 1508, 1126, 15.3749, 0
PixelHit 1508, 1127, 9.02759, 0
PixelHit 1508, 1128, 2.80238, 0
PixelHit 1509, 1123, 3.59821, 0
PixelHit 1509, 1124, 8.9888, 0
PixelHit 1509, 1125, 21.7, 0
PixelHit 1509, 1126, 20.8544, 0
PixelHit 1509, 1127, 3.91705, 0
PixelHit 1510, 1123, 4.70872, 0
PixelHit 1510, 1124, 14.003, 0
PixelHit 1510, 1125, 19.6721, 0
PixelHit 1510, 1126, 20.5937, 0
PixelHit 1510, 1127, 8.38687, 0
PixelHit 1511, 1123, 3.17781, 0
PixelHit 1511, 1124, 7.97314, 0
PixelHit 1511, 1125, 13.22, 0
PixelHit 1511, 1126, 10.2735, 0
PixelHit 1511, 1127, 1.48496, 0
PixelHit 1511, 1128, -0.0137047, 0
PixelHit 1512, 1123, 1.74621, 0
PixelHit 1512, 1124, 6.21544, 0
PixelHit 1512, 1125, 6.30012, 0
PixelHit 1512, 1126, 4.20855, 0
PixelHit 1512, 1127, 4.35123, 0
PixelHit 1513, 1121, 2.72639, 0
PixelHit 1513, 1122, 3.02502, 0
PixelHit 1513, 1123, -0.12486, 0
PixelHit 1513, 1124, 5.44251, 0
PixelHit 1513, 1125, 2.3066, 0
PixelHit 1513, 1126, 1.91672, 0
PixelHit 1514, 1122, 6.40892, 0
PixelHit 1514, 1123, 14.9207, 0
PixelHit 1514, 1124, 6.47587, 0
PixelHit 1514, 1125, 2.83661, 0
PixelHit 1515, 1121, 4.63695, 0
PixelHit 1515, 1122, 11.6328, 0
PixelHit 1515, 1123, 20.8425, 0
PixelHit 1515, 1124, 5.41215, 0
PixelHit 1515, 1125, 7.89333, 0
PixelHit 1516, 1120, 3.11295, 0
PixelHit 1516, 1121, 2.9666, 0
PixelHit 1516, 1122, 10.1443, 0
PixelHit 1516, 1123, 15.7133, 0
PixelHit 1516, 1124, 19.7753, 0
PixelHit 1517, 1120, 2.39464, 0
PixelHit 1517, 1121, 7.2098, 0
PixelHit 1517, 1122, 15.5649, 0
PixelHit 1517, 1123, 21.492, 0
PixelHit 1517, 1124, 9.19414, 0
PixelHit 1517, 1125, 2.1676, 0
PixelHit 1518, 1120, 9.01873, 0
PixelHit 1518, 1121, 9.70222, 0
PixelHit 1518, 1122, 15.0147, 0
PixelHit 1518, 1123, 12.5965, 0
PixelHit 1518, 1124, 4.78129, 0
PixelHit 1519, 1119, 2.73162, 0
PixelHit 1519, 1120, 4.30086, 0
PixelHit 1519, 1121, 11.2681, 0
PixelHit 1519, 1122, 17.042, 0
PixelHit 1519, 1123, 12.869, 0
PixelHit 1519, 1124, 0.829012, 0
PixelHit 1519, 1125, 1.49253, 0
PixelHit 1520, 1118, 1.89841, 0
PixelHit 1520, 1119, 4.21883, 0
PixelHit 1520, 1120, 6.97228, 0
PixelHit 1520, 1121, 14.1206, 0
PixelHit 1520, 1122, 16.0591, 0
PixelHit 1520, 1123, 6.50271, 0
PixelHit 1520, 1124, 1.70332, 0
PixelHit 1521, 1118, 3.78625, 0
PixelHit 1521, 1119, 14.7055, 0
PixelHit 1521, 1120, 17.5952, 0
PixelHit 1521, 1121, 25.4153, 0
PixelHit 1521, 1122, 15.5668, 0
PixelHit 1521, 1124, 3.02098, 0
PixelHit 1522, 1118, 2.68973, 0
PixelHit 1522, 1119, 20.6629, 0
PixelHit 1522, 1120, 34.1411, 0
PixelHit 1522, 1121, 30.3903, 0
PixelHit 1522, 1122, 18.4552, 0
PixelHit 1522, 1123, 6.7458, 0
PixelHit 1523, 1118, 5.02272, 0
PixelHit 1523, 1119, 20.0679, 0
PixelHit 1523, 1120, 45.4215, 0
PixelHit 1523, 1121, 32.1144, 0
PixelHit 1523, 1122, 13.0168, 0
PixelHit 1523, 1123, 1.35885, 0
PixelHit 1524, 1116, 0.706661, 0
PixelHit 1524, 1117, 4.3344, 0
PixelHit 1524, 1118, 8.10164, 0
PixelHit 1524, 1119, 31.4917, 0
PixelHit 1524, 1120, 23.6017, 0
PixelHit 1524, 1121, 22.6006, 0
PixelHit 1524, 1122, 11.5097, 0
PixelHit 1524, 1123, 0.51337, 0
PixelHit 1525, 1117, 1.50369, 0
PixelHit 1525, 1118, 11.3151, 0
PixelHit 1525, 1119, 18.9319, 0
PixelHit 1525, 1120, 19.4194, 0
PixelHit 1525, 1121, 14.8467, 0
PixelHit 1525, 1122, 1.47129, 0
PixelHit 1525, 1124, 2.06199, 0
PixelHit 1526, 1116, 2.82371, 0
PixelHit 1526, 1117, 2.76146, 0
PixelHit 1526, 1118, 11.0587, 0
PixelHit 1526, 1119, 9.7445, 0
PixelHit 1526, 1120, 19.8988, 0
PixelHit 1526, 1121, 4.84929, 0
PixelHit 1526, 1122, 3.27556, 0
PixelHit 1527, 1116, 3.19801, 0
PixelHit 1527, 1117, 2.77395, 0
PixelHit 1527, 1118, 13.4493, 0
PixelHit 1527, 1119, 9.27414, 0
PixelHit 1527, 1120, 5.02166, 0
PixelHit 1528, 1116, 2.61632, 0
PixelHit 1528, 1117, 5.15597, 0
PixelHit 1528, 1118, 6.92277, 0
PixelHit 1528, 1119, 10.8278, 0
PixelHit 1528, 1120, 4.74211, 0
PixelHit 1528, 1121, 1.62725, 0
PixelHit 1529, 1114, 2.02222, 0
PixelHit 1529, 1115, 1.7668, 0
PixelHit 1529, 1116, 3.52418, 0
PixelHit 1529, 1117, 4.95708, 0
PixelHit 1529, 1118, 7.16921, 0
PixelHit 1529, 1119, 2.58042, 0
PixelHit 1529, 1121, 2.11022, 0
PixelHit 1530, 1115, 4.12304, 0
PixelHit 1530, 1116, 5.59093, 0
PixelHit 1530, 1117, 10.4108, 0
PixelHit 1530, 1118, 9.91663, 0
PixelHit 1530, 1119, 6.53854, 0
PixelHit 1531, 1113, 2.71476, 0
PixelHit 1531, 1115, 7.46975, 0
PixelHit 1531, 1116, 26.0602, 0
PixelHit 1531, 1117, 28.3142, 0
PixelHit 1531, 1118, 16.9151, 0
PixelHit 1531, 1119, 7.09536, 0
PixelHit 1532, 1114, 2.47857, 0
PixelHit 1532, 1115, 20.5305, 0
PixelHit 1532, 1116, 34.6756, 0
PixelHit 1532, 1117, 35.718, 0
PixelHit 1532, 1118, 30.9943, 0
PixelHit 1532, 1119, 8.66122, 0
PixelHit 1533, 1114, 4.79258, 0
PixelHit 1533, 1115, 12.6966, 0
PixelHit 1533, 1116, 23.3443, 0
PixelHit 1533, 1117, 23.7372, 0
PixelHit 1533, 1118, 13.2484, 0
PixelHit 1533, 1119, 5.96802, 0
PixelHit 1533, 1121, 0.635233, 0
PixelHit 1534, 1115, 9.32847, 0
PixelHit 1534, 1116, 8.5586, 0
PixelHit 1534, 1117, 8.18211, 0
PixelHit 1534, 1118, 6.68108, 0
PixelHit 1535, 1116, 4.58532, 0
PixelHit 1535, 1117, 2.41959, 0
PixelHit 1535, 1120, 2.74723, 0
PixelHit 1536, 1118, 2.71143, 0
=== 37 ===
=== 38 ===
=== 39 ===
=== 40 ===
=== 41 ===
=== 42 ===
=== 43 ===
=== 44 ===
=== 45 ===
=== 46 ===
=== 47 ===
=== 48 ===
=== 49 ===
=== 50 ===
=== 51 ===
=== 52 ===
=== 53 ===
=== 54 ===
=== 55 ===
=== 56 ===
=== 57 ===
=== 58 ===
=== 59 ===
=== 60 ===
=== 61 ===
=== 62 ===
=== 63 ===
=== 64 ===
=== 65 ===
=== 66 ===
=== 67 ===
=== 68 ===
=== 69 ===
=== 70 ===
=== 71 ===
=== 72 ===
=== 73 ===
=== 74 ===
=== 75 ===
=== 76 ===
=== 77 ===
=== 78 ===
=== 79 ===
=== 80 ===
=== 81 ===
=== 82 ===
=== 83 ===
=== 84 ===
=== 85 ===
=== 86 ===
=== 87 ===
=== 88 ===
=== 89 ===
=== 90 ===
=== 91 ===
=== 92 ===
=== 93 ===
=== 94 ===
=== 95 ===
=== 96 ===
=== 97 ===
=== 98 ===
=== 99 ===
=== 100 ===
# 329 objects from 1 messages
