# Allpix Squared ASCII data - https://cern.ch/allpix-squared

=== 1 ===
=== 2 ===
=== 3 ===
=== 4 ===
=== 5 ===
=== 6 ===
=== 7 ===
=== 8 ===
=== 9 ===
=== 10 ===
=== 11 ===
=== 12 ===
=== 13 ===
=== 14 ===
=== 15 ===
=== 16 ===
=== 17 ===
=== 18 ===
=== 19 ===
=== 20 ===
=== 21 ===
=== 22 ===
=== 23 ===
=== 24 ===
=== 25 ===
=== 26 ===
=== 27 ===
=== 28 ===
=== 29 ===
=== 30 ===
=== 31 ===
=== 32 ===
=== 33 ===
=== 34 ===
=== 35 ===
=== 36 ===
=== 37 ===
--- mydetector ---
PixelHit 10, 1586, 1.08609, 0
PixelHit 10, 1587, 5.40171, 0
PixelHit 10, 1588, 22.7771, 0
PixelHit 10, 1589, 52.6628, 0
PixelHit 11, 1585, 3.60867, 0
PixelHit 11, 1586, 35.0463, 0
PixelHit 11, 1587, 127.004, 0
PixelHit 11, 1588, 87.8011, 0
PixelHit 11, 1589, 18.6806, 0
PixelHit 12, 1582, 1.56414, 0
PixelHit 12, 1583, 144.836, 0
PixelHit 12, 1584, 233.328, 0
PixelHit 12, 1585, 38.3627, 0
PixelHit 12, 1586, 26.9408, 0
PixelHit 12, 1587, 9.96712, 0
PixelHit 13, 1581, 11.3641, 0
PixelHit 13, 1582, 32.511, 0
PixelHit 13, 1583, 240.306, 0
PixelHit 13, 1584, 322.418, 0
PixelHit 14, 1578, 4.88483, 0
PixelHit 14, 1579, 3.37849, 0
PixelHit 14, 1580, 10.6716, 0
PixelHit 14, 1581, 18.3749, 0
PixelHit 14, 1582, 14.4972, 0
PixelHit 14, 1583, 5.03412, 0
PixelHit 14, 1584, 5.6622, 0
PixelHit 15, 1575, 5.993, 0
PixelHit 15, 1576, 7.98666, 0
PixelHit 15, 1577, 8.94691, 0
PixelHit 15, 1578, 20.7279, 0
PixelHit 15, 1579, 29.1115, 0
PixelHit 15, 1580, 4.11014, 0
PixelHit 15, 1581, 0.5777, 0
PixelHit 16, 1574, 5.48106, 0
PixelHit 16, 1575, 39.3344, 0
PixelHit 16, 1576, 61.2707, 0
PixelHit 16, 1577, 35.7771, 0
PixelHit 16, 1578, 5.01808, 0
PixelHit 16, 1579, 4.96805, 0
PixelHit 17, 1570, 0.779978, 0
PixelHit 17, 1571, 8.34929, 0
PixelHit 17, 1572, 16.0526, 0
PixelHit 17, 1573, 15.5696, 0
PixelHit 17, 1574, 25.6019, 0
PixelHit 17, 1575, 40.0429, 0
PixelHit 17, 1576, 35.7864, 0
PixelHit 17, 1577, 14.7567, 0
PixelHit 18, 1567, 0.203731, 0
PixelHit 18, 1569, 0.747019, 0
PixelHit 18, 1570, 9.68501, 0
PixelHit 18, 1571, 40.411, 0
PixelHit 18, 1572, 53.6083, 0
PixelHit 18, 1573, 24.85, 0
PixelHit 18, 1574, 16.4048, 0
PixelHit 18, 1575, 8.26479, 0
PixelHit 18, 1576, 5.12435, 0
PixelHit 19, 1566, 2.92916, 0
PixelHit 19, 1567, 4.3167, 0
PixelHit 19, 1568, 7.69989, 0
PixelHit 19, 1569, 9.83189, 0
PixelHit 19, 1570, 20.7729, 0
PixelHit 19, 1571, 38.6607, 0
PixelHit 19, 1572, 22.959, 0
PixelHit 19, 1573, 8.42571, 0
PixelHit 19, 1576, 1.54665, 0
PixelHit 20, 1564, 0.454495, 0
PixelHit 20, 1565, 8.35854, 0
PixelHit 20, 1566, 20.3107, 0
PixelHit 20, 1567, 23.1828, 0
PixelHit 20, 1568, 16.8103, 0
PixelHit 20, 1569, 18.1941, 0
PixelHit 20, 1570, 7.87845, 0
PixelHit 20, 1571, 7.44552, 0
PixelHit 21, 1562, 2.942, 0
PixelHit 21, 1563, 5.8769, 0
PixelHit 21, 1564, 21.4628, 0
PixelHit 21, 1565, 25.4503, 0
PixelHit 21, 1566, 35.0934, 0
PixelHit 21, 1567, 19.7559, 0
PixelHit 21, 1568, 6.21615, 0
PixelHit 21, 1569, 1.43441, 0
PixelHit 22, 1559, 4.02014, 0
PixelHit 22, 1560, 10.4295, 0
PixelHit 22, 1561, 5.87167, 0
PixelHit 22, 1562, 8.90795, 0
PixelHit 22, 1563, 18.1746, 0
PixelHit 22, 1564, 33.1098, 0
PixelHit 22, 1565, 16.2134, 0
PixelHit 22, 1566, 11.6428, 0
PixelHit 22, 1567, 3.58287, 0
PixelHit 22, 1568, 4.45408, 0
PixelHit 23, 1557, 2.89463, 0
PixelHit 23, 1558, 14.5234, 0
PixelHit 23, 1559, 17.1924, 0
PixelHit 23, 1560, 33.5837, 0
PixelHit 23, 1561, 33.0593, 0
PixelHit 23, 1562, 15.1125, 0
PixelHit 23, 1563, 6.92221, 0
PixelHit 23, 1564, 5.25121, 0
PixelHit 23, 1565, 5.34314, 0
PixelHit 23, 1566, 1.14512, 0
PixelHit 24, 1552, 2.18178, 0
PixelHit 24, 1554, 3.39441, 0
PixelHit 24, 1555, 3.54007, 0
PixelHit 24, 1556, 4.19772, 0
PixelHit 24, 1557, 13.7361, 0
PixelHit 24, 1558, 27.6187, 0
PixelHit 24, 1559, 46.9283, 0
PixelHit 24, 1560, 28.6419, 0
PixelHit 24, 1561, 31.6398, 0
PixelHit 24, 1562, 5.06491, 0
PixelHit 24, 1563, 3.65706, 0
PixelHit 25, 1552, 10.3964, 0
PixelHit 25, 1553, 9.95914, 0
PixelHit 25, 1554, 14.7629, 0
PixelHit 25, 1555, 21.7026, 0
PixelHit 25, 1556, 20.5894, 0
PixelHit 25, 1557, 11.4866, 0
PixelHit 25, 1558, 29.5145, 0
PixelHit 25, 1559, 28.1674, 0
PixelHit 25, 1560, 12.3906, 0
PixelHit 25, 1561, 6.49153, 0
PixelHit 26, 1551, 8.72356, 0
PixelHit 26, 1552, 28.3637, 0
PixelHit 26, 1553, 69.3532, 0
PixelHit 26, 1554, 61.348, 0
PixelHit 26, 1555, 40.0848, 0
PixelHit 26, 1556, 34.2253, 0
PixelHit 26, 1557, 11.1428, 0
PixelHit 26, 1558, 1.92521, 0
PixelHit 26, 1559, 6.28713, 0
PixelHit 26, 1560, 0.847197, 0
PixelHit 27, 1545, 1.46433, 0
PixelHit 27, 1546, 0.786564, 0
PixelHit 27, 1547, 1.48839, 0
PixelHit 27, 1549, 1.58446, 0
PixelHit 27, 1551, 7.61931, 0
PixelHit 27, 1552, 39.904, 0
PixelHit 27, 1553, 108.134, 0
PixelHit 27, 1554, 60.2823, 0
PixelHit 27, 1555, 21.5998, 0
PixelHit 27, 1556, 15.4653, 0
PixelHit 27, 1557, 3.83461, 0
PixelHit 27, 1558, 3.42045, 0
PixelHit 28, 1545, 0.988565, 0
PixelHit 28, 1547, 8.96035, 0
PixelHit 28, 1548, 5.38189, 0
PixelHit 28, 1549, 0.247447, 0
PixelHit 28, 1550, 1.38034, 0
PixelHit 28, 1551, 8.40487, 0
PixelHit 28, 1552, 31.3266, 0
PixelHit 28, 1553, 44.5206, 0
PixelHit 28, 1554, 38.3035, 0
PixelHit 28, 1555, 4.79969, 0
PixelHit 28, 1557, 1.15883, 0
PixelHit 29, 1542, 1.20704, 0
PixelHit 29, 1544, 4.07124, 0
PixelHit 29, 1545, 11.6687, 0
PixelHit 29, 1546, 15.26, 0
PixelHit 29, 1547, 17.9868, 0
PixelHit 29, 1548, 8.15905, 0
PixelHit 29, 1549, 6.91356, 0
PixelHit 29, 1550, 5.61457, 0
PixelHit 29, 1551, 3.41894, 0
PixelHit 29, 1552, 4.56637, 0
PixelHit 29, 1553, 5.36218, 0
PixelHit 29, 1554, 3.84554, 0
PixelHit 30, 1542, 4.57171, 0
PixelHit 30, 1543, 11.1373, 0
PixelHit 30, 1544, 20.6864, 0
PixelHit 30, 1545, 29.928, 0
PixelHit 30, 1546, 26.5909, 0
PixelHit 30, 1547, 22.3149, 0
PixelHit 30, 1548, 16.1012, 0
PixelHit 30, 1549, 9.52459, 0
PixelHit 30, 1550, 1.58675, 0
PixelHit 30, 1553, 0.36104, 0
PixelHit 31, 1539, 4.21316, 0
PixelHit 31, 1540, 2.82131, 0
PixelHit 31, 1541, 16.6193, 0
PixelHit 31, 1542, 12.3204, 0
PixelHit 31, 1543, 18.65, 0
PixelHit 31, 1544, 28.3068, 0
PixelHit 31, 1545, 23.4295, 0
PixelHit 31, 1546, 13.5227, 0
PixelHit 31, 1547, 14.8778, 0
PixelHit 31, 1548, 5.49263, 0
PixelHit 31, 1549, 2.37708, 0
PixelHit 32, 1535, 3.3005, 0
PixelHit 32, 1536, 0.944916, 0
PixelHit 32, 1537, 3.11915, 0
PixelHit 32, 1539, 5.47017, 0
PixelHit 32, 1540, 10.4192, 0
PixelHit 32, 1541, 20.9997, 0
PixelHit 32, 1542, 27.1722, 0
PixelHit 32, 1543, 21.558, 0
PixelHit 32, 1544, 12.0025, 0
PixelHit 32, 1545, 17.7801, 0
PixelHit 32, 1546, 9.10722, 0
PixelHit 32, 1547, 6.3839, 0
PixelHit 32, 1548, 1.49015, 0
PixelHit 33, 1532, 1.60374, 0
PixelHit 33, 1534, 4.588, 0
PixelHit 33, 1535, 2.25538, 0
PixelHit 33, 1536, 4.58564, 0
PixelHit 33, 1537, 6.58385, 0
PixelHit 33, 1538, 9.52425, 0
PixelHit 33, 1539, 8.85687, 0
PixelHit 33, 1540, 24.7106, 0
PixelHit 33, 1541, 27.4511, 0
PixelHit 33, 1542, 17.6663, 0
PixelHit 33, 1543, 17.7344, 0
PixelHit 33, 1544, 3.12854, 0
PixelHit 33, 1545, 0.745411, 0
PixelHit 33, 1547, 2.35786, 0
PixelHit 33, 1548, 1.71586, 0
PixelHit 34, 1530, 0.862481, 0
PixelHit 34, 1532, 2.31722, 0
PixelHit 34, 1533, 3.80278, 0
PixelHit 34, 1534, 6.27706, 0
PixelHit 34, 1535, 13.6584, 0
PixelHit 34, 1536, 24.6536, 0
PixelHit 34, 1537, 25.7822, 0
PixelHit 34, 1538, 27.5333, 0
PixelHit 34, 1539, 24.9463, 0
PixelHit 34, 1540, 11.5739, 0
PixelHit 34, 1541, 8.3084, 0
PixelHit 34, 1542, 3.71096, 0
PixelHit 34, 1545, 1.32036, 0
PixelHit 34, 1546, 2.86735, 0
PixelHit 35, 1531, 5.9247, 0
PixelHit 35, 1532, 5.35222, 0
PixelHit 35, 1533, 10.6905, 0
PixelHit 35, 1534, 24.3984, 0
PixelHit 35, 1535, 25.564, 0
PixelHit 35, 1536, 26.8575, 0
PixelHit 35, 1537, 24.0634, 0
PixelHit 35, 1538, 15.0052, 0
PixelHit 35, 1539, 15.2464, 0
PixelHit 35, 1540, 2.1514, 0
PixelHit 36, 1525, 2.11894, 0
PixelHit 36, 1529, 3.96846, 0
PixelHit 36, 1530, 5.90648, 0
PixelHit 36, 1531, 28.511, 0
PixelHit 36, 1532, 14.1998, 0
PixelHit 36, 1533, 24.5301, 0
PixelHit 36, 1534, 23.7135, 0
PixelHit 36, 1535, 18.0631, 0
PixelHit 36, 1536, 26.3475, 0
PixelHit 36, 1537, 12.1162, 0
PixelHit 36, 1538, 3.23205, 0
PixelHit 36, 1539, 3.16357, 0
PixelHit 36, 1540, 0.917086, 0
PixelHit 37, 1525, 2.24138, 0
PixelHit 37, 1527, 2.97286, 0
PixelHit 37, 1528, 3.08131, 0
PixelHit 37, 1529, 5.24771, 0
PixelHit 37, 1530, 16.2138, 0
PixelHit 37, 1531, 20.7329, 0
PixelHit 37, 1532, 15.7304, 0
PixelHit 37, 1533, 12.1367, 0
PixelHit 37, 1534, 12.267, 0
PixelHit 37, 1535, 9.22054, 0
PixelHit 37, 1536, 1.70052, 0
PixelHit 37, 1540, 1.4495, 0
PixelHit 38, 1524, 4.31238, 0
PixelHit 38, 1525, 8.02611, 0
PixelHit 38, 1526, 9.36365, 0
PixelHit 38, 1527, 7.98392, 0
PixelHit 38, 1528, 7.84104, 0
PixelHit 38, 1529, 13.1707, 0
PixelHit 38, 1530, 16.6122, 0
PixelHit 38, 1531, 15.1017, 0
PixelHit 38, 1532, 9.3132, 0
PixelHit 38, 1533, 11.7634, 0
PixelHit 38, 1534, 7.27024, 0
PixelHit 38, 1535, 3.00222, 0
PixelHit 38, 1536, 2.92579, 0
PixelHit 38, 1537, 2.61387, 0
PixelHit 38, 1539, 1.91382, 0
PixelHit 39, 1520, 2.34747, 0
PixelHit 39, 1521, 0.507825, 0
PixelHit 39, 1523, 6.53361, 0
PixelHit 39, 1524, 5.57634, 0
PixelHit 39, 1525, 9.09124, 0
PixelHit 39, 1526, 10.3566, 0
PixelHit 39, 1527, 7.83423, 0
PixelHit 39, 1528, 14.9443, 0
PixelHit 39, 1529, 5.56528, 0
PixelHit 39, 1530, 7.39355, 0
PixelHit 39, 1531, 7.49622, 0
PixelHit 39, 1532, 4.16115, 0
PixelHit 40, 1521, 2.27643, 0
PixelHit 40, 1522, 7.12677, 0
PixelHit 40, 1523, 15.8774, 0
PixelHit 40, 1524, 16.8119, 0
PixelHit 40, 1525, 11.4248, 0
PixelHit 40, 1526, 5.39218, 0
PixelHit 40, 1527, 8.24259, 0
PixelHit 40, 1528, 7.5847, 0
PixelHit 40, 1529, 2.48195, 0
PixelHit 40, 1531, 1.65164, 0
PixelHit 41, 1520, 2.70687, 0
PixelHit 41, 1521, 3.01743, 0
PixelHit 41, 1522, 11.2373, 0
PixelHit 41, 1523, 16.6946, 0
PixelHit 41, 1524, 11.8338, 0
PixelHit 41, 1525, 9.29279, 0
PixelHit 41, 1526, 5.9787, 0
PixelHit 41, 1527, 7.60639, 0
PixelHit 41, 1528, -0.388343, 0
PixelHit 42, 1520, 2.151, 0
PixelHit 42, 1521, 1.60007, 0
PixelHit 42, 1522, 10.5126, 0
PixelHit 42, 1523, 6.4109, 0
PixelHit 42, 1524, 12.642, 0
PixelHit 42, 1525, 5.09076, 0
PixelHit 42, 1526, 1.16665, 0
PixelHit 43, 1520, 0.487091, 0
PixelHit 43, 1522, 0.832746, 0
PixelHit 43, 1523, 2.29808, 0
PixelHit 43, 1524, 3.78847, 0
PixelHit 43, 1525, 2.21055, 0
PixelHit 43, 1526, 2.38804, 0
=== 38 ===
=== 39 ===
=== 40 ===
=== 41 ===
=== 42 ===
=== 43 ===
=== 44 ===
=== 45 ===
=== 46 ===
=== 47 ===
=== 48 ===
=== 49 ===
=== 50 ===
=== 51 ===
=== 52 ===
=== 53 ===
=== 54 ===
=== 55 ===
=== 56 ===
=== 57 ===
=== 58 ===
=== 59 ===
=== 60 ===
=== 61 ===
=== 62 ===
=== 63 ===
=== 64 ===
=== 65 ===
=== 66 ===
=== 67 ===
=== 68 ===
=== 69 ===
=== 70 ===
=== 71 ===
=== 72 ===
=== 73 ===
=== 74 ===
=== 75 ===
=== 76 ===
=== 77 ===
=== 78 ===
=== 79 ===
=== 80 ===
=== 81 ===
=== 82 ===
=== 83 ===
=== 84 ===
=== 85 ===
=== 86 ===
=== 87 ===
=== 88 ===
=== 89 ===
=== 90 ===
=== 91 ===
=== 92 ===
=== 93 ===
=== 94 ===
=== 95 ===
=== 96 ===
=== 97 ===
=== 98 ===
=== 99 ===
=== 100 ===
# 324 objects from 1 messages
